timestamp_ms,sample_id,mq3_adc,mq5_adc,mq135_adc,mq3_volts,mq5_volts,mq135_volts,fruit,label
2009,1,82.20,787.90,62.45,0.402,3.851,0.305,banana,fresh
3020,2,82.20,787.90,62.60,0.402,3.851,0.306,banana,fresh
4031,3,82.05,787.80,62.70,0.401,3.850,0.306,banana,fresh
5042,4,82.15,787.80,62.30,0.402,3.850,0.304,banana,fresh
6052,5,82.15,787.80,62.50,0.402,3.850,0.305,banana,fresh
7063,6,82.05,787.90,62.35,0.401,3.851,0.305,banana,fresh
8074,7,82.15,787.85,62.35,0.402,3.851,0.305,banana,fresh
9084,8,82.10,788.00,62.30,0.401,3.851,0.304,banana,fresh
10095,9,82.25,787.90,62.30,0.402,3.851,0.304,banana,fresh
11106,10,82.20,788.00,62.40,0.402,3.851,0.305,banana,fresh
12116,11,82.20,787.90,62.30,0.402,3.851,0.304,banana,fresh
13127,12,82.25,788.00,62.25,0.402,3.851,0.304,banana,fresh
14138,13,82.15,787.95,62.35,0.402,3.851,0.305,banana,fresh
15150,14,82.15,788.00,62.35,0.402,3.851,0.305,banana,fresh
16160,15,82.10,788.00,62.40,0.401,3.851,0.305,banana,fresh
17171,16,82.10,788.00,62.30,0.401,3.851,0.304,banana,fresh
18182,17,82.25,788.00,62.35,0.402,3.851,0.305,banana,fresh
19192,18,82.10,788.05,62.35,0.401,3.852,0.305,banana,fresh
20203,19,82.00,788.00,62.45,0.401,3.851,0.305,banana,fresh
21214,20,82.15,788.00,62.40,0.402,3.851,0.305,banana,fresh
22225,21,82.15,787.95,62.50,0.402,3.851,0.305,banana,fresh
23236,22,82.05,788.00,62.55,0.401,3.851,0.306,banana,fresh
24247,23,82.25,788.00,62.50,0.402,3.851,0.305,banana,fresh
25257,24,82.15,788.00,62.35,0.402,3.851,0.305,banana,fresh
26268,25,82.20,788.00,62.45,0.402,3.851,0.305,banana,fresh
27279,26,82.25,788.00,62.45,0.402,3.851,0.305,banana,fresh
28290,27,82.20,788.00,62.40,0.402,3.851,0.305,banana,fresh
29301,28,82.15,788.00,62.40,0.402,3.851,0.305,banana,fresh
30312,29,82.20,788.00,62.30,0.402,3.851,0.304,banana,fresh
31323,30,82.15,788.10,62.35,0.402,3.852,0.305,banana,fresh
32333,31,82.15,788.05,62.50,0.402,3.852,0.305,banana,fresh
33344,32,82.20,788.00,62.25,0.402,3.851,0.304,banana,fresh
34355,33,82.25,788.05,62.40,0.402,3.852,0.305,banana,fresh
35365,34,82.10,788.05,62.35,0.401,3.852,0.305,banana,fresh
36377,35,82.10,788.00,62.30,0.401,3.851,0.304,banana,fresh
37388,36,82.20,788.05,62.40,0.402,3.852,0.305,banana,fresh
38398,37,82.20,788.00,62.50,0.402,3.851,0.305,banana,fresh
39409,38,82.20,788.10,62.25,0.402,3.852,0.304,banana,fresh
40420,39,82.15,788.00,62.50,0.402,3.851,0.305,banana,fresh
41431,40,82.20,788.05,62.40,0.402,3.852,0.305,banana,fresh
42441,41,82.05,788.00,62.40,0.401,3.851,0.305,banana,fresh
43453,42,82.20,788.00,62.35,0.402,3.851,0.305,banana,fresh
44464,43,82.15,788.05,62.30,0.402,3.852,0.304,banana,fresh
45474,44,82.10,788.05,62.45,0.401,3.852,0.305,banana,fresh
46485,45,82.15,788.10,62.25,0.402,3.852,0.304,banana,fresh
47496,46,82.15,788.10,62.40,0.402,3.852,0.305,banana,fresh
48506,47,82.20,788.20,62.40,0.402,3.852,0.305,banana,fresh
49517,48,82.25,788.05,62.45,0.402,3.852,0.305,banana,fresh
50529,49,82.15,788.10,62.50,0.402,3.852,0.305,banana,fresh
51539,50,82.20,788.25,62.35,0.402,3.853,0.305,banana,fresh
52550,51,82.20,788.15,62.40,0.402,3.852,0.305,banana,fresh
53561,52,82.20,788.25,62.25,0.402,3.853,0.304,banana,fresh
54572,53,82.35,788.25,62.25,0.402,3.853,0.304,banana,fresh
55582,54,82.15,788.05,62.55,0.402,3.852,0.306,banana,fresh
56593,55,82.10,788.20,62.45,0.401,3.852,0.305,banana,fresh
57605,56,82.10,788.25,62.30,0.401,3.853,0.304,banana,fresh
58615,57,82.25,788.45,62.25,0.402,3.854,0.304,banana,fresh
59626,58,82.30,788.55,62.40,0.402,3.854,0.305,banana,fresh
60637,59,82.15,788.25,62.45,0.402,3.853,0.305,banana,fresh
61647,60,82.20,788.45,62.40,0.402,3.854,0.305,banana,fresh
62658,61,82.25,788.55,62.35,0.402,3.854,0.305,banana,fresh
63669,62,82.15,788.55,62.25,0.402,3.854,0.304,banana,fresh
64680,63,82.35,788.45,62.40,0.402,3.854,0.305,banana,fresh
65691,64,82.15,788.35,62.30,0.402,3.853,0.304,banana,fresh
66702,65,82.20,788.55,62.50,0.402,3.854,0.305,banana,fresh
67713,66,82.20,788.50,62.25,0.402,3.854,0.304,banana,fresh
68723,67,82.10,788.35,62.35,0.401,3.853,0.305,banana,fresh
69734,68,82.30,788.70,62.50,0.402,3.855,0.305,banana,fresh
70745,69,82.30,788.40,62.35,0.402,3.853,0.305,banana,fresh
71756,70,82.20,788.70,62.50,0.402,3.855,0.305,banana,fresh
72767,71,82.30,788.55,62.35,0.402,3.854,0.305,banana,fresh
73778,72,82.30,788.55,62.35,0.402,3.854,0.305,banana,fresh
74788,73,82.30,788.75,62.30,0.402,3.855,0.304,banana,fresh
75799,74,82.30,788.65,62.20,0.402,3.855,0.304,banana,fresh
76810,75,82.40,788.75,62.40,0.403,3.855,0.305,banana,fresh
77820,76,82.40,788.75,62.25,0.403,3.855,0.304,banana,fresh
78832,77,82.40,788.85,62.20,0.403,3.856,0.304,banana,fresh
79843,78,82.20,788.70,62.45,0.402,3.855,0.305,banana,fresh
80854,79,82.20,788.75,62.40,0.402,3.855,0.305,banana,fresh
81864,80,82.10,788.75,62.50,0.401,3.855,0.305,banana,fresh
82875,81,82.25,788.65,62.25,0.402,3.855,0.304,banana,fresh
83886,82,82.20,788.85,62.15,0.402,3.856,0.304,banana,fresh
84896,83,82.30,788.75,62.45,0.402,3.855,0.305,banana,fresh
85908,84,82.30,788.85,62.55,0.402,3.856,0.306,banana,fresh
86919,85,82.30,788.70,62.50,0.402,3.855,0.305,banana,fresh
87929,86,82.30,788.90,62.40,0.402,3.856,0.305,banana,fresh
88940,87,82.15,788.80,62.30,0.402,3.855,0.304,banana,fresh
89951,88,82.15,788.85,62.40,0.402,3.856,0.305,banana,fresh
90961,89,82.15,788.90,62.35,0.402,3.856,0.305,banana,fresh
91972,90,82.20,788.90,62.40,0.402,3.856,0.305,banana,fresh
92984,91,82.35,788.80,62.35,0.402,3.855,0.305,banana,fresh
93995,92,82.25,788.85,62.50,0.402,3.856,0.305,banana,fresh
95005,93,82.15,788.85,62.25,0.402,3.856,0.304,banana,fresh
96016,94,82.35,788.90,62.20,0.402,3.856,0.304,banana,fresh
97027,95,82.30,789.00,62.30,0.402,3.856,0.304,banana,fresh
98037,96,82.25,788.95,62.30,0.402,3.856,0.304,banana,fresh
99048,97,82.00,788.95,62.40,0.401,3.856,0.305,banana,fresh
100060,98,82.15,789.00,62.40,0.402,3.856,0.305,banana,fresh
101070,99,82.20,788.95,62.30,0.402,3.856,0.304,banana,fresh
102081,100,82.15,789.00,62.30,0.402,3.856,0.304,banana,fresh
103092,101,82.30,789.00,62.25,0.402,3.856,0.304,banana,fresh
104102,102,82.40,789.00,62.15,0.403,3.856,0.304,banana,fresh
105114,103,82.10,789.00,62.20,0.401,3.856,0.304,banana,fresh
106125,104,82.30,788.90,62.25,0.402,3.856,0.304,banana,fresh
107136,105,82.30,788.90,62.20,0.402,3.856,0.304,banana,fresh
108146,106,82.40,789.00,62.25,0.403,3.856,0.304,banana,fresh
109158,107,82.30,789.00,62.25,0.402,3.856,0.304,banana,fresh
110169,108,82.05,789.00,62.20,0.401,3.856,0.304,banana,fresh
111179,109,82.25,789.00,62.20,0.402,3.856,0.304,banana,fresh
112190,110,82.25,788.90,62.25,0.402,3.856,0.304,banana,fresh
113201,111,82.35,789.00,62.25,0.402,3.856,0.304,banana,fresh
114212,112,82.30,789.05,62.20,0.402,3.857,0.304,banana,fresh
115223,113,82.25,789.00,62.15,0.402,3.856,0.304,banana,fresh
116234,114,82.20,789.00,62.15,0.402,3.856,0.304,banana,fresh
117244,115,82.25,789.00,62.30,0.402,3.856,0.304,banana,fresh
118256,116,82.20,789.00,62.15,0.402,3.856,0.304,banana,fresh
119267,117,82.15,789.00,62.25,0.402,3.856,0.304,banana,fresh
120278,118,82.30,789.00,62.25,0.402,3.856,0.304,banana,fresh
121288,119,82.25,789.00,62.35,0.402,3.856,0.305,banana,fresh
122300,120,82.20,789.00,62.20,0.402,3.856,0.304,banana,fresh
123311,121,82.25,789.00,62.35,0.402,3.856,0.305,banana,fresh
124321,122,82.10,789.00,62.25,0.401,3.856,0.304,banana,fresh
125332,123,82.20,789.00,62.25,0.402,3.856,0.304,banana,fresh
126343,124,82.15,789.00,62.40,0.402,3.856,0.305,banana,fresh
127354,125,82.20,789.00,62.30,0.402,3.856,0.304,banana,fresh
128365,126,82.20,789.00,62.20,0.402,3.856,0.304,banana,fresh
129376,127,82.35,789.00,62.20,0.402,3.856,0.304,banana,fresh
130386,128,82.20,789.00,62.25,0.402,3.856,0.304,banana,fresh
131398,129,82.35,789.00,62.25,0.402,3.856,0.304,banana,fresh
132409,130,82.30,789.00,62.25,0.402,3.856,0.304,banana,fresh
133420,131,82.25,789.00,62.10,0.402,3.856,0.304,banana,fresh
134430,132,82.30,789.05,62.25,0.402,3.857,0.304,banana,fresh
135442,133,82.15,789.00,62.25,0.402,3.856,0.304,banana,fresh
136453,134,82.40,789.00,62.25,0.403,3.856,0.304,banana,fresh
137463,135,82.25,789.00,62.25,0.402,3.856,0.304,banana,fresh
138474,136,82.45,789.00,62.35,0.403,3.856,0.305,banana,fresh
139485,137,82.15,789.05,62.35,0.402,3.857,0.305,banana,fresh
140496,138,82.30,789.05,62.20,0.402,3.857,0.304,banana,fresh
141507,139,82.20,789.00,62.35,0.402,3.856,0.305,banana,fresh
142518,140,82.35,789.00,62.15,0.402,3.856,0.304,banana,fresh
143528,141,82.40,789.00,62.20,0.403,3.856,0.304,banana,fresh
144540,142,82.20,789.05,62.30,0.402,3.857,0.304,banana,fresh
145551,143,82.25,789.00,62.25,0.402,3.856,0.304,banana,fresh
146562,144,82.10,789.00,62.30,0.401,3.856,0.304,banana,fresh
147572,145,82.15,789.05,62.20,0.402,3.857,0.304,banana,fresh
148584,146,82.40,789.00,62.25,0.403,3.856,0.304,banana,fresh
149595,147,82.25,789.05,62.25,0.402,3.857,0.304,banana,fresh
150605,148,82.25,789.05,62.20,0.402,3.857,0.304,banana,fresh
151616,149,82.20,789.00,62.20,0.402,3.856,0.304,banana,fresh
152628,150,82.30,789.00,62.10,0.402,3.856,0.304,banana,fresh
153638,151,82.60,789.00,62.35,0.404,3.856,0.305,banana,fresh
154649,152,82.40,789.15,62.15,0.403,3.857,0.304,banana,fresh
155660,153,82.30,789.00,62.15,0.402,3.856,0.304,banana,fresh
156670,154,82.30,789.00,62.15,0.402,3.856,0.304,banana,fresh
157682,155,82.20,789.00,62.20,0.402,3.856,0.304,banana,fresh
158693,156,82.35,789.05,62.10,0.402,3.857,0.304,banana,fresh
159704,157,82.15,789.10,62.15,0.402,3.857,0.304,banana,fresh
160714,158,82.45,789.00,62.20,0.403,3.856,0.304,banana,fresh
161726,159,82.30,789.05,62.10,0.402,3.857,0.304,banana,fresh
162737,160,82.30,789.00,62.35,0.402,3.856,0.305,banana,fresh
163747,161,82.20,789.00,62.25,0.402,3.856,0.304,banana,fresh
164758,162,82.20,789.00,62.30,0.402,3.856,0.304,banana,fresh
165770,163,82.50,789.00,62.15,0.403,3.856,0.304,banana,fresh
166780,164,82.40,789.05,62.30,0.403,3.857,0.304,banana,fresh
167791,165,82.40,789.10,62.05,0.403,3.857,0.303,banana,fresh
168802,166,82.55,789.20,62.25,0.403,3.857,0.304,banana,fresh
169812,167,82.25,789.05,62.35,0.402,3.857,0.305,banana,fresh
170824,168,82.25,789.05,62.20,0.402,3.857,0.304,banana,fresh
171835,169,82.30,789.10,62.20,0.402,3.857,0.304,banana,fresh
172846,170,82.50,789.05,62.30,0.403,3.857,0.304,banana,fresh
173856,171,82.50,789.10,62.20,0.403,3.857,0.304,banana,fresh
174868,172,82.45,789.15,62.20,0.403,3.857,0.304,banana,fresh
175879,173,82.40,789.15,62.25,0.403,3.857,0.304,banana,fresh
176889,174,82.35,789.15,62.25,0.402,3.857,0.304,banana,fresh
177900,175,82.25,789.10,62.10,0.402,3.857,0.304,banana,fresh
178912,176,82.30,789.30,62.20,0.402,3.858,0.304,banana,fresh
179922,177,82.35,789.15,62.30,0.402,3.857,0.304,banana,fresh
180933,178,82.40,789.15,62.15,0.403,3.857,0.304,banana,fresh
181944,179,82.35,789.30,62.40,0.402,3.858,0.305,banana,fresh
182956,180,82.40,789.20,62.10,0.403,3.857,0.304,banana,fresh
183966,181,82.45,789.10,62.05,0.403,3.857,0.303,banana,fresh
184977,182,82.35,789.05,62.50,0.402,3.857,0.305,banana,fresh
185988,183,82.20,789.25,62.20,0.402,3.858,0.304,banana,fresh
186999,184,82.30,789.40,62.25,0.402,3.858,0.304,banana,fresh
188010,185,82.30,789.40,62.25,0.402,3.858,0.304,banana,fresh
189021,186,82.40,789.40,62.10,0.403,3.858,0.304,banana,fresh
190031,187,82.40,789.45,62.20,0.403,3.859,0.304,banana,fresh
191043,188,82.30,789.30,62.40,0.402,3.858,0.305,banana,fresh
192054,189,82.70,789.25,62.10,0.404,3.858,0.304,banana,fresh
193064,190,82.35,789.55,62.20,0.402,3.859,0.304,banana,fresh
194075,191,82.40,789.20,62.30,0.403,3.857,0.304,banana,fresh
195086,192,82.50,789.25,62.25,0.403,3.858,0.304,banana,fresh
196098,193,82.30,789.40,62.30,0.402,3.858,0.304,banana,fresh
197108,194,82.30,789.50,62.10,0.402,3.859,0.304,banana,fresh
198119,195,82.50,789.40,62.40,0.403,3.858,0.305,banana,fresh
199130,196,82.50,789.45,62.15,0.403,3.859,0.304,banana,fresh
200141,197,82.25,789.50,62.10,0.402,3.859,0.304,banana,fresh
201152,198,82.40,789.50,62.30,0.403,3.859,0.304,banana,fresh
202163,199,82.55,789.50,62.15,0.403,3.859,0.304,banana,fresh
203173,200,82.35,789.50,62.15,0.402,3.859,0.304,banana,fresh
204185,201,82.35,789.55,62.15,0.402,3.859,0.304,banana,fresh
205196,202,82.50,789.60,62.25,0.403,3.859,0.304,banana,fresh
206206,203,82.40,789.65,62.10,0.403,3.859,0.304,banana,fresh
207217,204,82.50,789.75,62.10,0.403,3.860,0.304,banana,fresh
208229,205,82.30,789.50,62.25,0.402,3.859,0.304,banana,fresh
209240,206,82.35,789.65,62.25,0.402,3.859,0.304,banana,fresh
210250,207,82.50,789.80,62.40,0.403,3.860,0.305,banana,fresh
211261,208,82.30,789.70,62.40,0.402,3.860,0.305,banana,fresh
212272,209,82.35,789.75,62.40,0.402,3.860,0.305,banana,fresh
213283,210,82.25,789.70,62.15,0.402,3.860,0.304,banana,fresh
214294,211,82.25,789.65,62.25,0.402,3.859,0.304,banana,fresh
215305,212,82.30,789.85,62.20,0.402,3.860,0.304,banana,fresh
216315,213,82.35,789.85,62.25,0.402,3.860,0.304,banana,fresh
217327,214,82.45,789.95,62.40,0.403,3.861,0.305,banana,fresh
218338,215,82.40,789.80,62.10,0.403,3.860,0.304,banana,fresh
219348,216,82.35,789.90,62.30,0.402,3.861,0.304,banana,fresh
220359,217,82.55,789.85,62.40,0.403,3.860,0.305,banana,fresh
221371,218,82.45,790.00,62.10,0.403,3.861,0.304,banana,fresh
222382,219,82.45,789.95,62.25,0.403,3.861,0.304,banana,fresh
223392,220,82.35,789.85,62.25,0.402,3.860,0.304,banana,fresh
224403,221,82.40,789.95,62.20,0.403,3.861,0.304,banana,fresh
225415,222,82.35,789.95,62.15,0.402,3.861,0.304,banana,fresh
226425,223,82.50,789.95,62.15,0.403,3.861,0.304,banana,fresh
227436,224,82.30,789.90,62.40,0.402,3.861,0.305,banana,fresh
228447,225,82.45,790.00,62.10,0.403,3.861,0.304,banana,fresh
229458,226,82.25,789.95,62.20,0.402,3.861,0.304,banana,fresh
230469,227,82.35,790.00,62.25,0.402,3.861,0.304,banana,fresh
231480,228,82.25,790.00,62.30,0.402,3.861,0.304,banana,fresh
232491,229,82.45,789.90,62.35,0.403,3.861,0.305,banana,fresh
233502,230,82.35,790.00,62.35,0.402,3.861,0.305,banana,fresh
234513,231,82.15,790.00,62.30,0.402,3.861,0.304,banana,fresh
235524,232,82.45,789.95,62.35,0.403,3.861,0.305,banana,fresh
236534,233,82.35,790.00,62.20,0.402,3.861,0.304,banana,fresh
237545,234,82.25,790.00,62.40,0.402,3.861,0.305,banana,fresh
238557,235,82.30,790.05,62.35,0.402,3.861,0.305,banana,fresh
239567,236,82.35,790.00,62.30,0.402,3.861,0.304,banana,fresh
240578,237,82.40,790.00,62.30,0.403,3.861,0.304,banana,fresh
241589,238,82.45,790.05,62.15,0.403,3.861,0.304,banana,fresh
242600,239,82.40,790.00,62.10,0.403,3.861,0.304,banana,fresh
243611,240,82.30,789.95,62.35,0.402,3.861,0.305,banana,fresh
244622,241,82.60,790.00,62.10,0.404,3.861,0.304,banana,fresh
245633,242,82.45,790.00,62.20,0.403,3.861,0.304,banana,fresh
246644,243,82.25,790.00,62.15,0.402,3.861,0.304,banana,fresh
247655,244,82.45,790.00,62.20,0.403,3.861,0.304,banana,fresh
248666,245,82.25,790.05,62.25,0.402,3.861,0.304,banana,fresh
249676,246,82.40,790.05,62.20,0.403,3.861,0.304,banana,fresh
250688,247,82.65,790.00,62.30,0.404,3.861,0.304,banana,fresh
251699,248,82.50,790.10,62.20,0.403,3.862,0.304,banana,fresh
252709,249,82.35,790.00,62.30,0.402,3.861,0.304,banana,fresh
253720,250,82.45,790.00,62.25,0.403,3.861,0.304,banana,fresh
254731,251,82.60,790.05,62.35,0.404,3.861,0.305,banana,fresh
255742,252,82.30,790.05,62.35,0.402,3.861,0.305,banana,fresh
256753,253,82.45,790.05,62.40,0.403,3.861,0.305,banana,fresh
257764,254,82.45,790.05,62.45,0.403,3.861,0.305,banana,fresh
258775,255,82.25,790.05,62.25,0.402,3.861,0.304,banana,fresh
259786,256,82.50,790.05,62.25,0.403,3.861,0.304,banana,fresh
260797,257,82.80,790.00,62.30,0.405,3.861,0.304,banana,fresh
261808,258,82.60,790.05,62.20,0.404,3.861,0.304,banana,fresh
262818,259,82.50,790.05,62.05,0.403,3.861,0.303,banana,fresh
263830,260,82.30,790.10,62.25,0.402,3.862,0.304,banana,fresh
264841,261,82.50,790.10,62.40,0.403,3.862,0.305,banana,fresh
265851,262,82.30,790.05,62.25,0.402,3.861,0.304,banana,fresh
266862,263,82.60,790.05,62.40,0.404,3.861,0.305,banana,fresh
267874,264,82.45,790.05,62.20,0.403,3.861,0.304,banana,fresh
268884,265,82.25,790.40,62.25,0.402,3.863,0.304,banana,fresh
269895,266,82.35,790.25,62.30,0.402,3.862,0.304,banana,fresh
270906,267,82.40,790.10,62.25,0.403,3.862,0.304,banana,fresh
271918,268,82.70,790.15,62.25,0.404,3.862,0.304,banana,fresh
272928,269,82.35,790.25,62.15,0.402,3.862,0.304,banana,fresh
273939,270,82.35,790.10,62.25,0.402,3.862,0.304,banana,fresh
274950,271,82.55,790.35,62.35,0.403,3.863,0.305,banana,fresh
275961,272,82.35,790.40,62.35,0.402,3.863,0.305,banana,fresh
276972,273,82.45,790.20,62.45,0.403,3.862,0.305,banana,fresh
277983,274,82.45,790.60,62.45,0.403,3.864,0.305,banana,fresh
278993,275,82.40,790.35,62.25,0.403,3.863,0.304,banana,fresh
280005,276,82.60,790.35,62.25,0.404,3.863,0.304,banana,fresh
281016,277,82.50,790.50,62.20,0.403,3.864,0.304,banana,fresh
282027,278,82.40,790.65,62.25,0.403,3.864,0.304,banana,fresh
283037,279,82.20,790.55,62.50,0.402,3.864,0.305,banana,fresh
284049,280,82.45,790.55,62.10,0.403,3.864,0.304,banana,fresh
285060,281,82.45,790.90,62.35,0.403,3.866,0.305,banana,fresh
286070,282,82.45,790.45,62.35,0.403,3.863,0.305,banana,fresh
287081,283,82.30,790.50,62.30,0.402,3.864,0.304,banana,fresh
288092,284,82.50,790.55,62.25,0.403,3.864,0.304,banana,fresh
289103,285,82.55,790.60,62.30,0.403,3.864,0.304,banana,fresh
290114,286,82.50,790.55,62.25,0.403,3.864,0.304,banana,fresh
291125,287,82.55,790.65,62.25,0.403,3.864,0.304,banana,fresh
292135,288,82.40,790.80,62.40,0.403,3.865,0.305,banana,fresh
293147,289,82.40,790.60,62.20,0.403,3.864,0.304,banana,fresh
294158,290,82.40,790.85,62.15,0.403,3.865,0.304,banana,fresh
295169,291,82.55,790.75,62.45,0.403,3.865,0.305,banana,fresh
296179,292,82.40,790.90,62.30,0.403,3.866,0.304,banana,fresh
297191,293,82.45,790.85,62.20,0.403,3.865,0.304,banana,fresh
298202,294,82.55,790.80,62.40,0.403,3.865,0.305,banana,fresh
299212,295,82.55,790.90,62.15,0.403,3.866,0.304,banana,fresh
300223,296,82.55,790.90,62.15,0.403,3.866,0.304,banana,fresh
301235,297,82.50,790.95,62.30,0.403,3.866,0.304,banana,fresh
302245,298,82.50,790.95,62.30,0.403,3.866,0.304,banana,fresh
303256,299,82.40,790.95,62.15,0.403,3.866,0.304,banana,fresh
304267,300,82.40,791.00,62.30,0.403,3.866,0.304,banana,fresh
305278,301,82.50,791.00,62.30,0.403,3.866,0.304,banana,fresh
306289,302,82.40,790.95,62.15,0.403,3.866,0.304,banana,fresh
307300,303,82.35,790.95,62.25,0.402,3.866,0.304,banana,fresh
308311,304,82.40,791.00,62.25,0.403,3.866,0.304,banana,fresh
309322,305,82.45,791.00,62.20,0.403,3.866,0.304,banana,fresh
310333,306,82.45,791.00,62.40,0.403,3.866,0.305,banana,fresh
311344,307,82.50,791.00,62.15,0.403,3.866,0.304,banana,fresh
312354,308,82.50,791.00,62.25,0.403,3.866,0.304,banana,fresh
313365,309,82.65,791.00,62.10,0.404,3.866,0.304,banana,fresh
314377,310,82.50,791.00,62.30,0.403,3.866,0.304,banana,fresh
315387,311,82.60,791.00,62.15,0.404,3.866,0.304,banana,fresh
316398,312,82.30,791.00,62.30,0.402,3.866,0.304,banana,fresh
317409,313,82.35,791.00,62.10,0.402,3.866,0.304,banana,fresh
318420,314,82.20,791.00,62.30,0.402,3.866,0.304,banana,fresh
319431,315,82.50,791.00,62.30,0.403,3.866,0.304,banana,fresh
320442,316,82.40,791.00,62.25,0.403,3.866,0.304,banana,fresh
321453,317,82.45,791.00,62.15,0.403,3.866,0.304,banana,fresh
322464,318,82.65,791.00,62.30,0.404,3.866,0.304,banana,fresh
323475,319,82.30,791.00,62.10,0.402,3.866,0.304,banana,fresh
324486,320,82.45,791.20,62.35,0.403,3.867,0.305,banana,fresh
325496,321,82.30,791.05,62.40,0.402,3.866,0.305,banana,fresh
326507,322,82.50,791.05,62.30,0.403,3.866,0.304,banana,fresh
327519,323,82.40,791.00,62.30,0.403,3.866,0.304,banana,fresh
328529,324,82.60,791.00,62.20,0.404,3.866,0.304,banana,fresh
329540,325,82.45,791.00,62.25,0.403,3.866,0.304,banana,fresh
330551,326,82.50,791.10,62.35,0.403,3.867,0.305,banana,fresh
331563,327,82.70,791.10,62.15,0.404,3.867,0.304,banana,fresh
332573,328,82.60,791.15,62.15,0.404,3.867,0.304,banana,fresh
333584,329,82.50,791.00,62.25,0.403,3.866,0.304,banana,fresh
334595,330,82.30,791.05,62.30,0.402,3.866,0.304,banana,fresh
335606,331,82.40,791.05,62.30,0.403,3.866,0.304,banana,fresh
336617,332,82.45,791.10,62.20,0.403,3.867,0.304,banana,fresh
337628,333,82.55,791.25,62.15,0.403,3.867,0.304,banana,fresh
338638,334,82.55,791.15,62.20,0.403,3.867,0.304,banana,fresh
339650,335,82.35,791.30,62.20,0.402,3.868,0.304,banana,fresh
340661,336,82.60,791.25,62.10,0.404,3.867,0.304,banana,fresh
341671,337,82.35,791.20,62.15,0.402,3.867,0.304,banana,fresh
342682,338,82.20,791.40,62.25,0.402,3.868,0.304,banana,fresh
343693,339,82.45,791.20,62.30,0.403,3.867,0.304,banana,fresh
344705,340,82.20,791.20,62.25,0.402,3.867,0.304,banana,fresh
345715,341,82.45,791.15,62.40,0.403,3.867,0.305,banana,fresh
346726,342,82.55,791.25,62.20,0.403,3.867,0.304,banana,fresh
347737,343,82.55,791.40,62.25,0.403,3.868,0.304,banana,fresh
348748,344,82.60,791.30,62.35,0.404,3.868,0.305,banana,fresh
349759,345,82.50,791.35,62.20,0.403,3.868,0.304,banana,fresh
350770,346,82.35,791.40,62.20,0.402,3.868,0.304,banana,fresh
351780,347,82.65,791.35,62.20,0.404,3.868,0.304,banana,fresh
352792,348,82.50,791.35,62.15,0.403,3.868,0.304,banana,fresh
353803,349,82.55,791.25,62.40,0.403,3.867,0.305,banana,fresh
354813,350,82.30,791.45,62.20,0.402,3.868,0.304,banana,fresh
355824,351,82.45,791.55,62.15,0.403,3.869,0.304,banana,fresh
356836,352,82.65,791.40,62.30,0.404,3.868,0.304,banana,fresh
357847,353,82.75,791.50,62.35,0.404,3.869,0.305,banana,fresh
358857,354,82.55,791.65,62.30,0.403,3.869,0.304,banana,fresh
359868,355,82.50,791.55,62.20,0.403,3.869,0.304,banana,fresh
360880,356,82.60,791.65,62.30,0.404,3.869,0.304,banana,fresh
361890,357,82.50,791.45,62.35,0.403,3.868,0.305,banana,fresh
362901,358,82.40,791.65,62.15,0.403,3.869,0.304,banana,fresh
363912,359,82.60,791.55,62.25,0.404,3.869,0.304,banana,fresh
364923,360,82.45,791.60,62.35,0.403,3.869,0.305,banana,fresh
365934,361,82.60,791.80,62.15,0.404,3.870,0.304,banana,fresh
366945,362,82.35,791.70,62.25,0.402,3.870,0.304,banana,fresh
367955,363,82.50,791.75,62.45,0.403,3.870,0.305,banana,fresh
368967,364,82.50,791.85,62.30,0.403,3.870,0.304,banana,fresh
369978,365,82.70,791.65,62.30,0.404,3.869,0.304,banana,fresh
370989,366,82.45,791.75,62.15,0.403,3.870,0.304,banana,fresh
371999,367,82.50,791.90,62.40,0.403,3.870,0.305,banana,fresh
373010,368,82.45,792.00,62.25,0.403,3.871,0.304,banana,fresh
374022,369,82.50,791.95,62.40,0.403,3.871,0.305,banana,fresh
375032,370,82.60,791.90,62.20,0.404,3.870,0.304,banana,fresh
376043,371,82.45,791.90,62.25,0.403,3.870,0.304,banana,fresh
377054,372,82.45,792.00,62.20,0.403,3.871,0.304,banana,fresh
378065,373,82.70,791.95,62.30,0.404,3.871,0.304,banana,fresh
379076,374,82.55,792.00,62.30,0.403,3.871,0.304,banana,fresh
380087,375,82.65,791.95,62.20,0.404,3.871,0.304,banana,fresh
381097,376,82.30,791.95,62.30,0.402,3.871,0.304,banana,fresh
382109,377,82.70,791.95,62.15,0.404,3.871,0.304,banana,fresh
383120,378,82.65,791.95,62.25,0.404,3.871,0.304,banana,fresh
384131,379,82.60,792.00,62.20,0.404,3.871,0.304,banana,fresh
385141,380,82.55,792.00,62.30,0.403,3.871,0.304,banana,fresh
386153,381,82.70,792.00,62.40,0.404,3.871,0.305,banana,fresh
387164,382,82.50,792.00,62.15,0.403,3.871,0.304,banana,fresh
388174,383,82.55,792.05,62.15,0.403,3.871,0.304,banana,fresh
389185,384,82.55,792.00,62.40,0.403,3.871,0.305,banana,fresh
390196,385,82.60,792.00,62.45,0.404,3.871,0.305,banana,fresh
391207,386,82.50,792.00,62.45,0.403,3.871,0.305,banana,fresh
392218,387,82.60,792.00,62.35,0.404,3.871,0.305,banana,fresh
393229,388,82.55,792.00,62.40,0.403,3.871,0.305,banana,fresh
394240,389,82.55,792.00,62.25,0.403,3.871,0.304,banana,fresh
395251,390,82.50,792.00,62.30,0.403,3.871,0.304,banana,fresh
396262,391,82.75,792.00,62.35,0.404,3.871,0.305,banana,fresh
397273,392,82.70,792.00,62.55,0.404,3.871,0.306,banana,fresh
398283,393,82.65,792.00,62.40,0.404,3.871,0.305,banana,fresh
399295,394,82.70,792.00,62.60,0.404,3.871,0.306,banana,fresh
400306,395,82.75,792.00,62.30,0.404,3.871,0.304,banana,fresh
401316,396,82.75,792.00,62.50,0.404,3.871,0.305,banana,fresh
402327,397,82.60,792.00,62.30,0.404,3.871,0.304,banana,fresh
403338,398,82.65,792.00,62.50,0.404,3.871,0.305,banana,fresh
404349,399,82.75,792.00,62.40,0.404,3.871,0.305,banana,fresh
405360,400,82.65,792.10,62.20,0.404,3.871,0.304,banana,fresh
406371,401,82.60,792.05,62.35,0.404,3.871,0.305,banana,fresh
407382,402,82.70,792.05,62.45,0.404,3.871,0.305,banana,fresh
408393,403,82.65,792.00,62.45,0.404,3.871,0.305,banana,fresh
409404,404,82.65,792.00,62.45,0.404,3.871,0.305,banana,fresh
410415,405,82.80,792.05,62.45,0.405,3.871,0.305,banana,fresh
411425,406,82.60,792.05,62.40,0.404,3.871,0.305,banana,fresh
412437,407,82.75,792.05,62.40,0.404,3.871,0.305,banana,fresh
413448,408,82.75,792.05,62.60,0.404,3.871,0.306,banana,fresh
414458,409,82.60,792.10,62.50,0.404,3.871,0.305,banana,fresh
415469,410,82.50,792.15,62.55,0.403,3.872,0.306,banana,fresh
416481,411,82.60,792.10,62.35,0.404,3.871,0.305,banana,fresh
417491,412,82.55,792.15,62.50,0.403,3.872,0.305,banana,fresh
418502,413,82.65,792.20,62.50,0.404,3.872,0.305,banana,fresh
419513,414,82.55,792.20,62.40,0.403,3.872,0.305,banana,fresh
420524,415,82.65,792.25,62.50,0.404,3.872,0.305,banana,fresh
421535,416,82.70,792.15,62.60,0.404,3.872,0.306,banana,fresh
422546,417,82.75,792.25,62.55,0.404,3.872,0.306,banana,fresh
423557,418,82.80,792.20,62.50,0.405,3.872,0.305,banana,fresh
424567,419,82.70,792.10,62.45,0.404,3.871,0.305,banana,fresh
425579,420,82.70,792.20,62.40,0.404,3.872,0.305,banana,fresh
426590,421,82.75,792.10,62.55,0.404,3.871,0.306,banana,fresh
427600,422,82.65,792.35,62.55,0.404,3.873,0.306,banana,fresh
428611,423,82.70,792.40,62.55,0.404,3.873,0.306,banana,fresh
429623,424,82.70,792.35,62.50,0.404,3.873,0.305,banana,fresh
430633,425,82.75,792.30,62.65,0.404,3.872,0.306,banana,fresh
431644,426,82.60,792.30,62.55,0.404,3.872,0.306,banana,fresh
432655,427,82.85,792.50,62.35,0.405,3.873,0.305,banana,fresh
433667,428,82.80,792.50,62.55,0.405,3.873,0.306,banana,fresh
434677,429,82.80,792.30,62.70,0.405,3.872,0.306,banana,fresh
435688,430,82.95,792.60,62.70,0.405,3.874,0.306,banana,fresh
436699,431,82.85,792.70,62.50,0.405,3.874,0.305,banana,fresh
437710,432,82.70,792.55,62.65,0.404,3.874,0.306,banana,fresh
438721,433,82.75,792.70,62.65,0.404,3.874,0.306,banana,fresh
439732,434,82.75,792.65,62.55,0.404,3.874,0.306,banana,fresh
440742,435,82.80,792.65,62.65,0.405,3.874,0.306,banana,fresh
441754,436,82.85,792.40,62.75,0.405,3.873,0.307,banana,fresh
442765,437,82.75,792.75,62.80,0.404,3.875,0.307,banana,fresh
443776,438,82.85,792.65,62.75,0.405,3.874,0.307,banana,fresh
444786,439,82.80,792.65,62.65,0.405,3.874,0.306,banana,fresh
445798,440,82.75,792.75,62.80,0.404,3.875,0.307,banana,fresh
446809,441,82.75,792.80,62.60,0.404,3.875,0.306,banana,fresh
447819,442,82.70,792.90,62.70,0.404,3.875,0.306,banana,fresh
448830,443,82.80,792.85,62.70,0.405,3.875,0.306,banana,fresh
449842,444,82.65,792.80,62.65,0.404,3.875,0.306,banana,fresh
450852,445,82.65,792.80,62.50,0.404,3.875,0.305,banana,fresh
451863,446,82.65,793.00,62.80,0.404,3.876,0.307,banana,fresh
452874,447,82.80,792.80,62.55,0.405,3.875,0.306,banana,fresh
453884,448,82.85,792.85,62.60,0.405,3.875,0.306,banana,fresh
454896,449,82.80,793.00,62.80,0.405,3.876,0.307,banana,fresh
455907,450,82.55,792.95,62.50,0.403,3.876,0.305,banana,fresh
456918,451,82.80,792.90,62.85,0.405,3.875,0.307,banana,fresh
457928,452,82.85,793.00,62.85,0.405,3.876,0.307,banana,fresh
458940,453,83.00,793.00,62.70,0.406,3.876,0.306,banana,fresh
459951,454,82.85,792.90,62.75,0.405,3.875,0.307,banana,fresh
460961,455,82.95,792.95,62.80,0.405,3.876,0.307,banana,fresh
461972,456,82.90,792.95,62.90,0.405,3.876,0.307,banana,fresh
462984,457,82.85,793.00,62.75,0.405,3.876,0.307,banana,fresh
463994,458,82.80,793.00,62.75,0.405,3.876,0.307,banana,fresh
465005,459,82.80,793.00,62.90,0.405,3.876,0.307,banana,fresh
466016,460,82.90,792.95,62.75,0.405,3.876,0.307,banana,fresh
467026,461,83.00,793.00,62.70,0.406,3.876,0.306,banana,fresh
468038,462,82.90,793.00,62.80,0.405,3.876,0.307,banana,fresh
469049,463,82.90,793.00,62.85,0.405,3.876,0.307,banana,fresh
470060,464,82.95,793.00,62.75,0.405,3.876,0.307,banana,fresh
471070,465,82.90,793.00,62.75,0.405,3.876,0.307,banana,fresh
472082,466,82.95,793.00,62.75,0.405,3.876,0.307,banana,fresh
473093,467,82.95,793.00,62.85,0.405,3.876,0.307,banana,fresh
474103,468,82.95,793.00,62.85,0.405,3.876,0.307,banana,fresh
475114,469,83.00,793.00,62.95,0.406,3.876,0.308,banana,fresh
476125,470,82.85,793.00,62.90,0.405,3.876,0.307,banana,fresh
477136,471,82.80,793.00,62.85,0.405,3.876,0.307,banana,fresh
478147,472,82.90,793.05,62.80,0.405,3.876,0.307,banana,fresh
479158,473,83.00,793.00,62.85,0.406,3.876,0.307,banana,fresh
480168,474,82.85,793.00,62.85,0.405,3.876,0.307,banana,fresh
481180,475,82.90,793.00,63.00,0.405,3.876,0.308,banana,fresh
482191,476,83.00,793.15,62.85,0.406,3.877,0.307,banana,fresh
483202,477,82.90,793.15,62.90,0.405,3.877,0.307,banana,fresh
484212,478,82.85,793.05,62.75,0.405,3.876,0.307,banana,fresh
485224,479,83.00,793.10,62.90,0.406,3.876,0.307,banana,fresh
486235,480,82.95,793.05,62.95,0.405,3.876,0.308,banana,fresh
487245,481,82.95,793.05,62.90,0.405,3.876,0.307,banana,fresh
488256,482,82.95,793.25,62.95,0.405,3.877,0.308,banana,fresh
489267,483,82.95,793.15,62.95,0.405,3.877,0.308,banana,fresh
490278,484,83.00,793.20,62.90,0.406,3.877,0.307,banana,fresh
491289,485,82.95,793.20,62.90,0.405,3.877,0.307,banana,fresh
492300,486,82.90,793.20,62.90,0.405,3.877,0.307,banana,fresh
493310,487,82.95,793.25,62.90,0.405,3.877,0.307,banana,fresh
494322,488,82.95,793.15,63.00,0.405,3.877,0.308,banana,fresh
495333,489,83.00,793.15,62.95,0.406,3.877,0.308,banana,fresh
496344,490,83.00,793.35,62.95,0.406,3.878,0.308,banana,fresh
497354,491,82.95,793.35,62.95,0.405,3.878,0.308,banana,fresh
498366,492,82.95,793.25,62.85,0.405,3.877,0.307,banana,fresh
499377,493,82.95,793.35,62.85,0.405,3.878,0.307,banana,fresh
500387,494,83.00,793.60,62.85,0.406,3.879,0.307,banana,fresh
501398,495,82.95,793.50,62.95,0.405,3.878,0.308,banana,fresh
502410,496,82.95,793.70,62.95,0.405,3.879,0.308,banana,fresh
503420,497,83.00,793.50,63.00,0.406,3.878,0.308,banana,fresh
504431,498,83.00,793.55,63.00,0.406,3.879,0.308,banana,fresh
505442,499,83.00,793.75,63.05,0.406,3.880,0.308,banana,fresh
506452,500,83.00,793.85,63.00,0.406,3.880,0.308,banana,fresh
507464,501,82.90,793.75,63.00,0.405,3.880,0.308,banana,fresh
508475,502,83.00,793.80,63.00,0.406,3.880,0.308,banana,fresh
509486,503,82.95,793.90,63.05,0.405,3.880,0.308,banana,fresh
510496,504,83.05,793.90,62.95,0.406,3.880,0.308,banana,fresh
511508,505,83.00,793.95,63.00,0.406,3.880,0.308,banana,fresh
512519,506,83.00,793.90,63.00,0.406,3.880,0.308,banana,fresh
513529,507,83.00,794.00,63.00,0.406,3.881,0.308,banana,fresh
514540,508,83.00,794.00,62.95,0.406,3.881,0.308,banana,fresh
515551,509,83.00,794.00,63.00,0.406,3.881,0.308,banana,fresh
516562,510,83.00,794.00,63.05,0.406,3.881,0.308,banana,fresh
517573,511,83.00,793.95,62.95,0.406,3.880,0.308,banana,fresh
518584,512,83.00,794.00,62.95,0.406,3.881,0.308,banana,fresh
519595,513,83.00,794.00,63.05,0.406,3.881,0.308,banana,fresh
520606,514,82.95,794.00,63.00,0.405,3.881,0.308,banana,fresh
521617,515,83.00,794.00,63.05,0.406,3.881,0.308,banana,fresh
522628,516,83.00,794.00,63.00,0.406,3.881,0.308,banana,fresh
523638,517,83.05,794.00,63.05,0.406,3.881,0.308,banana,fresh
524649,518,83.00,794.00,62.95,0.406,3.881,0.308,banana,fresh
525661,519,83.00,794.00,63.10,0.406,3.881,0.308,banana,fresh
526671,520,83.05,794.00,63.00,0.406,3.881,0.308,banana,fresh
527682,521,83.20,794.00,63.00,0.407,3.881,0.308,banana,fresh
528693,522,83.10,794.05,62.95,0.406,3.881,0.308,banana,fresh
529704,523,83.10,794.00,63.10,0.406,3.881,0.308,banana,fresh
530715,524,83.05,794.05,63.00,0.406,3.881,0.308,banana,fresh
531726,525,83.00,794.05,63.00,0.406,3.881,0.308,banana,fresh
532737,526,83.05,794.05,63.10,0.406,3.881,0.308,banana,fresh
533748,527,83.00,794.05,63.10,0.406,3.881,0.308,banana,fresh
534759,528,83.05,794.05,63.05,0.406,3.881,0.308,banana,fresh
535770,529,83.15,794.00,63.05,0.406,3.881,0.308,banana,fresh
536780,530,83.10,794.20,63.15,0.406,3.882,0.309,banana,fresh
537791,531,83.00,794.05,63.05,0.406,3.881,0.308,banana,fresh
538803,532,83.05,794.10,63.00,0.406,3.881,0.308,banana,fresh
539813,533,83.00,794.05,63.20,0.406,3.881,0.309,banana,fresh
540824,534,83.10,794.25,63.05,0.406,3.882,0.308,banana,fresh
541835,535,83.05,794.15,63.10,0.406,3.881,0.308,banana,fresh
542846,536,83.05,794.20,63.05,0.406,3.882,0.308,banana,fresh
543857,537,83.15,794.10,63.10,0.406,3.881,0.308,banana,fresh
544868,538,83.10,794.20,63.10,0.406,3.882,0.308,banana,fresh
545879,539,83.10,794.40,63.05,0.406,3.883,0.308,banana,fresh
546890,540,83.05,794.25,63.10,0.406,3.882,0.308,banana,fresh
547901,541,83.10,794.45,63.10,0.406,3.883,0.308,banana,fresh
548912,542,83.15,794.45,63.10,0.406,3.883,0.308,banana,fresh
549922,543,83.15,794.55,63.20,0.406,3.883,0.309,banana,fresh
550933,544,83.05,794.55,63.40,0.406,3.883,0.310,banana,fresh
551945,545,83.15,794.45,63.40,0.406,3.883,0.310,banana,fresh
552955,546,83.15,794.65,63.15,0.406,3.884,0.309,banana,fresh
553966,547,83.15,794.85,63.25,0.406,3.885,0.309,banana,fresh
554977,548,83.10,794.60,63.20,0.406,3.884,0.309,banana,fresh
555988,549,83.20,794.65,63.05,0.407,3.884,0.308,banana,fresh
556999,550,83.15,794.75,63.25,0.406,3.884,0.309,banana,fresh
558010,551,83.20,794.75,63.25,0.407,3.884,0.309,banana,fresh
559021,552,83.20,794.60,63.20,0.407,3.884,0.309,banana,fresh
560032,553,83.20,794.80,63.20,0.407,3.885,0.309,banana,fresh
561043,554,83.25,794.90,63.20,0.407,3.885,0.309,banana,fresh
562054,555,83.25,794.85,63.35,0.407,3.885,0.310,banana,fresh
563064,556,83.20,794.95,63.25,0.407,3.885,0.309,banana,fresh
564076,557,83.15,794.90,63.10,0.406,3.885,0.308,banana,fresh
565087,558,83.20,794.95,63.05,0.407,3.885,0.308,banana,fresh
566097,559,83.15,795.00,63.25,0.406,3.886,0.309,banana,fresh
567108,560,83.40,794.90,63.20,0.408,3.885,0.309,banana,fresh
568119,561,83.25,794.95,63.20,0.407,3.885,0.309,banana,fresh
569131,562,83.25,795.00,63.20,0.407,3.886,0.309,banana,fresh
570141,563,83.45,795.00,63.05,0.408,3.886,0.308,banana,fresh
571152,564,83.25,794.95,63.35,0.407,3.885,0.310,banana,fresh
572163,565,83.40,795.00,63.35,0.408,3.886,0.310,banana,fresh
573174,566,83.10,795.00,63.20,0.406,3.886,0.309,banana,fresh
574185,567,83.25,795.00,63.20,0.407,3.886,0.309,banana,fresh
575196,568,83.20,794.95,63.10,0.407,3.885,0.308,banana,fresh
576206,569,83.25,795.00,63.40,0.407,3.886,0.310,banana,fresh
577218,570,83.20,795.00,63.40,0.407,3.886,0.310,banana,fresh
578229,571,83.20,794.95,63.35,0.407,3.885,0.310,banana,fresh
579239,572,83.25,795.05,63.20,0.407,3.886,0.309,banana,fresh
580250,573,83.35,795.00,63.55,0.407,3.886,0.311,banana,fresh
581261,574,83.45,795.00,63.25,0.408,3.886,0.309,banana,fresh
582273,575,83.40,795.10,63.35,0.408,3.886,0.310,banana,fresh
583283,576,83.25,795.05,63.60,0.407,3.886,0.311,banana,fresh
584294,577,83.45,795.00,63.50,0.408,3.886,0.310,banana,fresh
585305,578,83.35,795.00,63.35,0.407,3.886,0.310,banana,fresh
586316,579,83.45,795.00,63.50,0.408,3.886,0.310,banana,fresh
587327,580,83.40,795.00,63.60,0.408,3.886,0.311,banana,fresh
588338,581,83.60,795.05,63.50,0.409,3.886,0.310,banana,fresh
589348,582,83.45,795.05,63.50,0.408,3.886,0.310,banana,fresh
590360,583,83.50,795.05,63.40,0.408,3.886,0.310,banana,fresh
591371,584,83.50,795.25,63.45,0.408,3.887,0.310,banana,fresh
592381,585,83.65,795.20,63.40,0.409,3.887,0.310,banana,fresh
593392,586,83.55,795.10,63.45,0.408,3.886,0.310,banana,fresh
594403,587,83.65,795.10,63.50,0.409,3.886,0.310,banana,fresh
595415,588,83.55,795.25,63.55,0.408,3.887,0.311,banana,fresh
596425,589,83.70,795.35,63.75,0.409,3.887,0.312,banana,fresh
597436,590,83.50,795.40,63.55,0.408,3.888,0.311,banana,fresh
598448,591,83.50,795.40,63.55,0.408,3.888,0.311,banana,fresh
599458,592,83.50,795.40,63.50,0.408,3.888,0.310,banana,fresh
600469,593,83.60,795.35,63.60,0.409,3.887,0.311,banana,fresh
601480,594,83.55,795.45,63.55,0.408,3.888,0.311,banana,fresh
602491,595,83.55,795.35,63.60,0.408,3.887,0.311,banana,fresh
603502,596,83.50,795.50,63.55,0.408,3.888,0.311,banana,fresh
604513,597,83.65,795.60,63.45,0.409,3.889,0.310,banana,fresh
605523,598,83.65,795.60,63.55,0.409,3.889,0.311,banana,fresh
606534,599,83.45,795.75,63.50,0.408,3.889,0.310,banana,fresh
607546,600,83.65,795.70,63.60,0.409,3.889,0.311,banana,fresh
608557,601,83.80,795.75,63.65,0.410,3.889,0.311,banana,fresh
609567,602,83.80,795.60,63.55,0.410,3.889,0.311,banana,fresh
610578,603,83.70,795.70,63.60,0.409,3.889,0.311,banana,fresh
611590,604,83.65,795.75,63.60,0.409,3.889,0.311,banana,fresh
612600,605,83.70,795.85,63.80,0.409,3.890,0.312,banana,fresh
613611,606,83.90,795.85,63.80,0.410,3.890,0.312,banana,fresh
614622,607,83.85,795.90,63.90,0.410,3.890,0.312,banana,fresh
615633,608,83.90,795.95,63.80,0.410,3.890,0.312,banana,fresh
616644,609,83.60,795.85,63.65,0.409,3.890,0.311,banana,fresh
617655,610,83.80,795.95,63.90,0.410,3.890,0.312,banana,fresh
618665,611,83.85,795.90,63.70,0.410,3.890,0.311,banana,fresh
619677,612,83.85,795.95,63.60,0.410,3.890,0.311,banana,fresh
620688,613,83.80,795.95,63.75,0.410,3.890,0.312,banana,fresh
621699,614,83.90,795.95,63.75,0.410,3.890,0.312,banana,fresh
622709,615,83.80,796.00,63.55,0.410,3.891,0.311,banana,fresh
623721,616,84.00,795.95,63.70,0.411,3.890,0.311,banana,fresh
624732,617,83.75,796.00,63.85,0.409,3.891,0.312,banana,fresh
625742,618,83.85,796.00,63.75,0.410,3.891,0.312,banana,fresh
626753,619,83.90,796.00,63.80,0.410,3.891,0.312,banana,fresh
627765,620,83.80,796.00,63.75,0.410,3.891,0.312,banana,fresh
628775,621,83.90,796.00,63.75,0.410,3.891,0.312,banana,fresh
629786,622,83.90,796.00,63.70,0.410,3.891,0.311,banana,fresh
630797,623,83.95,796.00,63.55,0.410,3.891,0.311,banana,fresh
631809,624,83.95,796.00,63.80,0.410,3.891,0.312,banana,fresh
632819,625,84.00,796.00,63.80,0.411,3.891,0.312,banana,fresh
633830,626,83.65,796.05,63.80,0.409,3.891,0.312,banana,fresh
634841,627,83.90,796.00,63.85,0.410,3.891,0.312,banana,fresh
635851,628,83.90,796.00,63.90,0.410,3.891,0.312,banana,fresh
636863,629,83.85,796.10,63.80,0.410,3.891,0.312,banana,fresh
637874,630,84.00,796.15,63.85,0.411,3.891,0.312,banana,fresh
638884,631,84.00,796.05,63.65,0.411,3.891,0.311,banana,fresh
639895,632,83.90,796.05,63.90,0.410,3.891,0.312,banana,fresh
640907,633,83.95,796.05,63.85,0.410,3.891,0.312,banana,fresh
641917,634,83.95,796.25,63.85,0.410,3.892,0.312,banana,fresh
642928,635,83.90,796.15,63.80,0.410,3.891,0.312,banana,fresh
643939,636,84.00,796.15,63.80,0.411,3.891,0.312,banana,fresh
644951,637,83.95,796.15,63.95,0.410,3.891,0.313,banana,fresh
645961,638,83.80,796.00,63.80,0.410,3.891,0.312,banana,fresh
646972,639,84.00,796.20,63.90,0.411,3.891,0.312,banana,fresh
647983,640,83.90,796.15,64.00,0.410,3.891,0.313,banana,fresh
648994,641,83.85,796.20,63.85,0.410,3.891,0.312,banana,fresh
650005,642,84.00,796.25,63.65,0.411,3.892,0.311,banana,fresh
651016,643,83.95,796.10,63.85,0.410,3.891,0.312,banana,fresh
652026,644,83.85,796.20,63.75,0.410,3.891,0.312,banana,fresh
653038,645,83.95,796.25,63.95,0.410,3.892,0.313,banana,fresh
654049,646,83.95,796.45,63.95,0.410,3.893,0.313,banana,fresh
655059,647,83.95,796.55,63.95,0.410,3.893,0.313,banana,fresh
656070,648,84.00,796.30,63.90,0.411,3.892,0.312,banana,fresh
657082,649,83.95,796.50,63.95,0.410,3.893,0.313,banana,fresh
658093,650,83.95,796.45,64.00,0.410,3.893,0.313,banana,fresh
659103,651,84.00,796.75,63.90,0.411,3.894,0.312,banana,fresh
660114,652,84.00,796.45,63.90,0.411,3.893,0.312,banana,fresh
661126,653,83.95,796.60,63.85,0.410,3.893,0.312,banana,fresh
662136,654,84.00,796.70,63.95,0.411,3.894,0.313,banana,fresh
663147,655,84.00,796.65,63.95,0.411,3.894,0.313,banana,fresh
664158,656,84.00,796.60,63.70,0.411,3.893,0.311,banana,fresh
665169,657,83.90,796.65,64.00,0.410,3.894,0.313,banana,fresh
666180,658,84.00,796.85,63.90,0.411,3.895,0.312,banana,fresh
667191,659,83.90,796.60,63.90,0.410,3.893,0.312,banana,fresh
668201,660,84.00,796.95,63.95,0.411,3.895,0.313,banana,fresh
669213,661,84.00,796.80,63.85,0.411,3.894,0.312,banana,fresh
670224,662,84.00,796.90,63.85,0.411,3.895,0.312,banana,fresh
671235,663,84.00,797.00,63.90,0.411,3.895,0.312,banana,fresh
672245,664,84.00,797.00,63.95,0.411,3.895,0.313,banana,fresh
673257,665,84.00,796.85,64.00,0.411,3.895,0.313,banana,fresh
674268,666,84.05,796.95,63.85,0.411,3.895,0.312,banana,fresh
675278,667,84.05,796.85,64.00,0.411,3.895,0.313,banana,fresh
676289,668,84.00,797.00,63.95,0.411,3.895,0.313,banana,fresh
677300,669,84.00,797.00,64.00,0.411,3.895,0.313,banana,fresh
678311,670,84.00,797.00,63.85,0.411,3.895,0.312,banana,fresh
679322,671,84.00,797.00,63.95,0.411,3.895,0.313,banana,fresh
680333,672,84.05,796.95,63.90,0.411,3.895,0.312,banana,fresh
681344,673,84.00,797.00,63.95,0.411,3.895,0.313,banana,fresh
682355,674,84.00,797.00,64.00,0.411,3.895,0.313,banana,fresh
683366,675,83.95,797.00,64.00,0.410,3.895,0.313,banana,fresh
684377,676,84.05,797.00,63.95,0.411,3.895,0.313,banana,fresh
685387,677,84.05,797.05,63.95,0.411,3.896,0.313,banana,fresh
686399,678,84.00,797.05,64.00,0.411,3.896,0.313,banana,fresh
687410,679,84.00,797.05,64.00,0.411,3.896,0.313,banana,fresh
688420,680,84.00,797.05,63.90,0.411,3.896,0.312,banana,fresh
689431,681,84.00,797.05,64.00,0.411,3.896,0.313,banana,fresh
690442,682,84.00,797.00,63.95,0.411,3.895,0.313,banana,fresh
691453,683,84.05,797.00,63.90,0.411,3.895,0.312,banana,fresh
692464,684,84.05,797.30,64.00,0.411,3.897,0.313,banana,fresh
693475,685,84.10,797.15,64.00,0.411,3.896,0.313,banana,fresh
694486,686,84.05,797.10,64.00,0.411,3.896,0.313,banana,fresh
695497,687,84.00,797.00,64.00,0.411,3.895,0.313,banana,fresh
696508,688,84.00,797.05,64.00,0.411,3.896,0.313,banana,fresh
697519,689,84.05,797.25,64.00,0.411,3.897,0.313,banana,fresh
698529,690,84.05,797.25,63.95,0.411,3.897,0.313,banana,fresh
699541,691,84.10,797.20,64.00,0.411,3.896,0.313,banana,fresh
700552,692,84.05,797.30,64.00,0.411,3.897,0.313,banana,fresh
701562,693,84.00,797.20,64.00,0.411,3.896,0.313,banana,fresh
702573,694,84.00,797.40,63.95,0.411,3.897,0.313,banana,fresh
703585,695,84.05,797.15,63.95,0.411,3.896,0.313,banana,fresh
704595,696,83.95,797.40,64.00,0.410,3.897,0.313,banana,fresh
705606,697,84.05,797.35,64.00,0.411,3.897,0.313,banana,fresh
706617,698,84.00,797.50,64.00,0.411,3.898,0.313,banana,fresh
707629,699,84.05,797.60,64.00,0.411,3.898,0.313,banana,fresh
708639,700,84.05,797.65,64.00,0.411,3.899,0.313,banana,fresh
709650,701,84.20,797.60,64.00,0.412,3.898,0.313,banana,fresh
710661,702,84.00,797.55,64.00,0.411,3.898,0.313,banana,fresh
711671,703,84.10,797.60,64.00,0.411,3.898,0.313,banana,fresh
712683,704,84.10,797.80,63.95,0.411,3.899,0.313,banana,fresh
713694,705,84.05,797.75,64.00,0.411,3.899,0.313,banana,fresh
714704,706,84.10,797.80,64.00,0.411,3.899,0.313,banana,fresh
715715,707,84.15,797.75,64.00,0.411,3.899,0.313,banana,fresh
716727,708,84.25,797.85,64.00,0.412,3.900,0.313,banana,fresh
717737,709,84.05,798.00,64.00,0.411,3.900,0.313,banana,fresh
718748,710,84.05,797.95,64.00,0.411,3.900,0.313,banana,fresh
719759,711,84.15,798.00,64.00,0.411,3.900,0.313,banana,fresh
720771,712,84.05,797.90,63.95,0.411,3.900,0.313,banana,fresh
721781,713,84.05,797.90,64.00,0.411,3.900,0.313,banana,fresh
722792,714,84.15,798.00,64.00,0.411,3.900,0.313,banana,fresh
723803,715,84.15,798.00,64.00,0.411,3.900,0.313,banana,fresh
724813,716,84.20,797.90,64.00,0.412,3.900,0.313,banana,fresh
725825,717,84.05,798.00,64.00,0.411,3.900,0.313,banana,fresh
726836,718,84.00,798.00,64.00,0.411,3.900,0.313,banana,fresh
727846,719,84.00,797.95,64.00,0.411,3.900,0.313,banana,fresh
728857,720,84.05,798.00,64.00,0.411,3.900,0.313,banana,fresh
729868,721,84.25,798.00,64.00,0.412,3.900,0.313,banana,fresh
730880,722,84.25,798.00,64.00,0.412,3.900,0.313,banana,fresh
731890,723,84.15,798.00,64.00,0.411,3.900,0.313,banana,fresh
732901,724,84.15,798.00,64.00,0.411,3.900,0.313,banana,fresh
733912,725,84.15,798.00,64.00,0.411,3.900,0.313,banana,fresh
734923,726,84.25,798.00,64.00,0.412,3.900,0.313,banana,fresh
735934,727,84.10,798.00,64.00,0.411,3.900,0.313,banana,fresh
736945,728,84.15,798.00,64.00,0.411,3.900,0.313,banana,fresh
737955,729,84.10,798.05,63.95,0.411,3.901,0.313,banana,fresh
738967,730,84.15,798.00,64.00,0.411,3.900,0.313,banana,fresh
739978,731,84.05,798.00,64.00,0.411,3.900,0.313,banana,fresh
740988,732,84.20,798.00,64.00,0.412,3.900,0.313,banana,fresh
741999,733,84.25,798.05,63.95,0.412,3.901,0.313,banana,fresh
743010,734,84.05,798.00,63.95,0.411,3.900,0.313,banana,fresh
744022,735,84.20,798.00,63.95,0.412,3.900,0.313,banana,fresh
745032,736,84.25,798.20,64.00,0.412,3.901,0.313,banana,fresh
746043,737,84.15,798.05,64.00,0.411,3.901,0.313,banana,fresh
747054,738,84.10,798.05,64.00,0.411,3.901,0.313,banana,fresh
748065,739,84.15,798.05,64.00,0.411,3.901,0.313,banana,fresh
749076,740,84.35,798.15,64.00,0.412,3.901,0.313,banana,fresh
750087,741,84.25,798.10,64.00,0.412,3.901,0.313,banana,fresh
751097,742,84.25,798.00,63.95,0.412,3.900,0.313,banana,fresh
752109,743,84.15,798.05,64.00,0.411,3.901,0.313,banana,fresh
753120,744,84.25,798.15,64.00,0.412,3.901,0.313,banana,fresh
754130,745,84.25,798.15,64.00,0.412,3.901,0.313,banana,fresh
755141,746,84.25,798.30,64.00,0.412,3.902,0.313,banana,fresh
756152,747,84.30,798.25,64.00,0.412,3.902,0.313,banana,fresh
757164,748,84.05,798.15,64.00,0.411,3.901,0.313,banana,fresh
758174,749,84.40,798.30,64.00,0.413,3.902,0.313,banana,fresh
759185,750,84.20,798.15,64.00,0.412,3.901,0.313,banana,fresh
760196,751,84.20,798.35,64.00,0.412,3.902,0.313,banana,fresh
761207,752,84.30,798.30,64.00,0.412,3.902,0.313,banana,fresh
762218,753,84.25,798.35,64.00,0.412,3.902,0.313,banana,fresh
763229,754,84.30,798.40,64.00,0.412,3.902,0.313,banana,fresh
764239,755,84.40,798.45,64.00,0.413,3.902,0.313,banana,fresh
765251,756,84.20,798.20,64.00,0.412,3.901,0.313,banana,fresh
766262,757,84.30,798.50,63.95,0.412,3.903,0.313,banana,fresh
767272,758,84.50,798.65,64.00,0.413,3.903,0.313,banana,fresh
768283,759,84.05,798.50,64.00,0.411,3.903,0.313,banana,fresh
769295,760,84.15,798.70,64.00,0.411,3.904,0.313,banana,fresh
770306,761,84.40,798.70,64.00,0.413,3.904,0.313,banana,fresh
771316,762,84.25,798.55,64.00,0.412,3.903,0.313,banana,fresh
772327,763,84.05,798.80,64.00,0.411,3.904,0.313,banana,fresh
773339,764,84.20,798.65,64.00,0.412,3.903,0.313,banana,fresh
774349,765,84.30,798.70,64.00,0.412,3.904,0.313,banana,fresh
775360,766,84.30,798.80,63.95,0.412,3.904,0.313,banana,fresh
776371,767,84.35,798.85,64.00,0.412,3.904,0.313,banana,fresh
777382,768,84.20,798.95,64.00,0.412,3.905,0.313,banana,fresh
778393,769,84.20,798.85,64.00,0.412,3.904,0.313,banana,fresh
779404,770,84.15,798.90,64.00,0.411,3.905,0.313,banana,fresh
780414,771,84.50,798.95,64.00,0.413,3.905,0.313,banana,fresh
781425,772,84.25,798.90,64.00,0.412,3.905,0.313,banana,fresh
782437,773,84.40,798.95,64.00,0.413,3.905,0.313,banana,fresh
783448,774,84.30,798.95,64.00,0.412,3.905,0.313,banana,fresh
784458,775,84.30,799.00,64.00,0.412,3.905,0.313,banana,fresh
785469,776,84.35,798.95,64.00,0.412,3.905,0.313,banana,fresh
786481,777,84.25,798.95,64.00,0.412,3.905,0.313,banana,fresh
787491,778,84.55,799.00,64.00,0.413,3.905,0.313,banana,fresh
788502,779,84.30,799.00,63.95,0.412,3.905,0.313,banana,fresh
789513,780,84.30,798.95,64.00,0.412,3.905,0.313,banana,fresh
790524,781,84.35,799.00,64.00,0.412,3.905,0.313,banana,fresh
791535,782,84.50,799.00,64.00,0.413,3.905,0.313,banana,fresh
792546,783,84.20,799.00,64.00,0.412,3.905,0.313,banana,fresh
793556,784,84.30,798.95,63.95,0.412,3.905,0.313,banana,fresh
794568,785,84.45,799.00,63.95,0.413,3.905,0.313,banana,fresh
795579,786,84.55,799.00,64.00,0.413,3.905,0.313,banana,fresh
796590,787,84.45,799.00,64.00,0.413,3.905,0.313,banana,fresh
797600,788,84.30,799.00,64.00,0.412,3.905,0.313,banana,fresh
798611,789,84.50,799.05,64.00,0.413,3.905,0.313,banana,fresh
799623,790,84.30,799.05,64.00,0.412,3.905,0.313,banana,fresh
800633,791,84.35,799.05,64.00,0.412,3.905,0.313,banana,fresh
801644,792,84.35,799.00,64.00,0.412,3.905,0.313,banana,fresh
802655,793,84.45,799.00,64.00,0.413,3.905,0.313,banana,fresh
803666,794,84.30,799.00,64.00,0.412,3.905,0.313,banana,fresh
804677,795,84.35,799.00,64.00,0.412,3.905,0.313,banana,fresh
805688,796,84.50,799.10,64.00,0.413,3.906,0.313,banana,fresh
806699,797,84.40,799.05,64.00,0.413,3.905,0.313,banana,fresh
807709,798,84.40,799.10,64.00,0.413,3.906,0.313,banana,fresh
808721,799,84.65,799.10,64.00,0.414,3.906,0.313,banana,fresh
809732,800,84.35,799.20,64.00,0.412,3.906,0.313,banana,fresh
810742,801,84.40,799.20,64.00,0.413,3.906,0.313,banana,fresh
811753,802,84.45,799.10,64.00,0.413,3.906,0.313,banana,fresh
812765,803,84.55,799.10,64.00,0.413,3.906,0.313,banana,fresh
813775,804,84.55,799.15,64.00,0.413,3.906,0.313,banana,fresh
814786,805,84.50,799.30,64.00,0.413,3.907,0.313,banana,fresh
815797,806,84.35,799.00,64.00,0.412,3.905,0.313,banana,fresh
816808,807,84.45,799.25,64.00,0.413,3.906,0.313,banana,fresh
817819,808,84.45,799.30,64.00,0.413,3.907,0.313,banana,fresh
818830,809,84.40,799.15,64.00,0.413,3.906,0.313,banana,fresh
819841,810,84.65,799.30,64.00,0.414,3.907,0.313,banana,fresh
820852,811,84.50,799.25,64.00,0.413,3.906,0.313,banana,fresh
821863,812,84.30,799.35,64.00,0.412,3.907,0.313,banana,fresh
822874,813,84.30,799.35,64.00,0.412,3.907,0.313,banana,fresh
823884,814,84.55,799.65,64.00,0.413,3.908,0.313,banana,fresh
824895,815,84.15,799.50,64.00,0.411,3.908,0.313,banana,fresh
825907,816,84.65,799.50,63.95,0.414,3.908,0.313,banana,fresh
826917,817,84.50,799.60,64.00,0.413,3.908,0.313,banana,fresh
827928,818,84.55,799.50,64.00,0.413,3.908,0.313,banana,fresh
828939,819,84.45,799.70,64.00,0.413,3.909,0.313,banana,fresh
829950,820,84.40,799.65,64.00,0.413,3.908,0.313,banana,fresh
830961,821,84.60,799.75,64.00,0.413,3.909,0.313,banana,fresh
831972,822,84.50,799.70,63.95,0.413,3.909,0.313,banana,fresh
832983,823,84.45,799.80,64.00,0.413,3.909,0.313,banana,fresh
833994,824,84.55,799.65,64.00,0.413,3.908,0.313,banana,fresh
835005,825,84.30,799.70,64.00,0.412,3.909,0.313,banana,fresh
836016,826,84.75,799.80,64.00,0.414,3.909,0.313,banana,fresh
837026,827,84.35,799.90,64.00,0.412,3.910,0.313,banana,fresh
838038,828,84.45,799.85,64.00,0.413,3.909,0.313,banana,fresh
839049,829,84.50,799.90,64.00,0.413,3.910,0.313,banana,fresh
840059,830,84.40,799.80,64.00,0.413,3.909,0.313,banana,fresh
841070,831,84.75,799.85,64.00,0.414,3.909,0.313,banana,fresh
842081,832,84.35,799.80,64.00,0.412,3.909,0.313,banana,fresh
843092,833,84.45,799.90,64.00,0.413,3.910,0.313,banana,fresh
844103,834,84.45,799.80,64.00,0.413,3.909,0.313,banana,fresh
845114,835,84.55,799.95,64.00,0.413,3.910,0.313,banana,fresh
846125,836,84.55,799.90,64.00,0.413,3.910,0.313,banana,fresh
847136,837,84.45,800.00,64.00,0.413,3.910,0.313,banana,fresh
848147,838,84.30,799.95,63.95,0.412,3.910,0.313,banana,fresh
849158,839,84.60,800.00,64.00,0.413,3.910,0.313,banana,fresh
850168,840,84.65,799.85,64.00,0.414,3.909,0.313,banana,fresh
851180,841,84.40,800.00,64.00,0.413,3.910,0.313,banana,fresh
852191,842,84.50,800.00,64.00,0.413,3.910,0.313,banana,fresh
853201,843,84.65,800.00,64.00,0.414,3.910,0.313,banana,fresh
854212,844,84.60,800.00,64.00,0.413,3.910,0.313,banana,fresh
855223,845,84.30,800.00,64.00,0.412,3.910,0.313,banana,fresh
856235,846,84.55,800.00,64.00,0.413,3.910,0.313,banana,fresh
857245,847,84.60,800.00,64.00,0.413,3.910,0.313,banana,fresh
858256,848,84.50,800.00,64.00,0.413,3.910,0.313,banana,fresh
859267,849,84.50,800.00,64.00,0.413,3.910,0.313,banana,fresh
860278,850,84.55,800.00,64.00,0.413,3.910,0.313,banana,fresh
861289,851,84.50,800.00,64.00,0.413,3.910,0.313,banana,fresh
862300,852,84.45,800.00,64.00,0.413,3.910,0.313,banana,fresh
863310,853,84.50,800.00,64.00,0.413,3.910,0.313,banana,fresh
864321,854,84.60,800.00,64.00,0.413,3.910,0.313,banana,fresh
865333,855,84.65,800.00,64.00,0.414,3.910,0.313,banana,fresh
866343,856,84.50,800.00,64.00,0.413,3.910,0.313,banana,fresh
867354,857,84.60,800.00,64.00,0.413,3.910,0.313,banana,fresh
868365,858,84.45,800.00,64.05,0.413,3.910,0.313,banana,fresh
869377,859,84.65,800.00,64.00,0.414,3.910,0.313,banana,fresh
870387,860,84.60,800.00,64.00,0.413,3.910,0.313,banana,fresh
871398,861,84.35,800.00,64.00,0.412,3.910,0.313,banana,fresh
872409,862,84.60,800.00,63.95,0.413,3.910,0.313,banana,fresh
873419,863,84.35,800.00,64.00,0.412,3.910,0.313,banana,fresh
874431,864,84.60,800.05,64.00,0.413,3.910,0.313,banana,fresh
875442,865,84.55,800.05,64.00,0.413,3.910,0.313,banana,fresh
876452,866,84.50,800.10,64.00,0.413,3.911,0.313,banana,fresh
877463,867,84.60,800.00,64.00,0.413,3.910,0.313,banana,fresh
878475,868,84.55,800.00,64.00,0.413,3.910,0.313,banana,fresh
879485,869,84.50,800.00,64.00,0.413,3.910,0.313,banana,fresh
880496,870,84.45,800.00,64.00,0.413,3.910,0.313,banana,fresh
881507,871,84.45,800.05,63.95,0.413,3.910,0.313,banana,fresh
882519,872,84.80,800.05,64.00,0.414,3.910,0.313,banana,fresh
883529,873,84.50,800.10,64.00,0.413,3.911,0.313,banana,fresh
884540,874,84.45,800.05,64.00,0.413,3.910,0.313,banana,fresh
885551,875,84.60,800.10,64.00,0.413,3.911,0.313,banana,fresh
886561,876,84.60,800.05,64.00,0.413,3.910,0.313,banana,fresh
887573,877,84.50,800.05,64.00,0.413,3.910,0.313,banana,fresh
888584,878,84.55,800.10,64.00,0.413,3.911,0.313,banana,fresh
889594,879,84.65,800.10,64.00,0.414,3.911,0.313,banana,fresh
890605,880,84.70,800.10,64.00,0.414,3.911,0.313,banana,fresh
891617,881,84.65,800.10,64.00,0.414,3.911,0.313,banana,fresh
892627,882,84.25,800.05,64.00,0.412,3.910,0.313,banana,fresh
893638,883,84.45,800.05,64.00,0.413,3.910,0.313,banana,fresh
894649,884,84.45,800.25,64.00,0.413,3.911,0.313,banana,fresh
895661,885,84.60,800.20,64.00,0.413,3.911,0.313,banana,fresh
896671,886,84.45,800.10,64.00,0.413,3.911,0.313,banana,fresh
897682,887,84.45,800.15,64.00,0.413,3.911,0.313,banana,fresh
898693,888,84.45,800.15,64.00,0.413,3.911,0.313,banana,fresh
899704,889,84.55,800.10,64.00,0.413,3.911,0.313,banana,fresh
900715,890,84.65,800.45,64.00,0.414,3.912,0.313,banana,fresh
901726,891,84.70,800.35,63.95,0.414,3.912,0.313,banana,fresh
902736,892,84.50,800.40,64.00,0.413,3.912,0.313,banana,fresh
903748,893,84.65,800.55,64.00,0.414,3.913,0.313,banana,fresh
904759,894,84.45,800.35,64.00,0.413,3.912,0.313,banana,fresh
905769,895,84.55,800.35,64.00,0.413,3.912,0.313,banana,fresh
906780,896,84.45,800.55,63.95,0.413,3.913,0.313,banana,fresh
907792,897,84.55,800.60,64.00,0.413,3.913,0.313,banana,fresh
908803,898,84.60,800.50,64.00,0.413,3.913,0.313,banana,fresh
909813,899,84.65,800.55,64.00,0.414,3.913,0.313,banana,fresh
910824,900,84.60,800.45,64.00,0.413,3.912,0.313,banana,fresh
911836,901,84.65,800.55,64.00,0.414,3.913,0.313,banana,fresh
912846,902,84.50,800.70,64.00,0.413,3.913,0.313,banana,fresh
913857,903,84.60,800.75,64.00,0.413,3.914,0.313,banana,fresh
914868,904,84.70,800.60,64.00,0.414,3.913,0.313,banana,fresh
915879,905,84.50,800.75,64.00,0.413,3.914,0.313,banana,fresh
916890,906,84.50,800.85,64.00,0.413,3.914,0.313,banana,fresh
917901,907,84.30,800.75,64.00,0.412,3.914,0.313,banana,fresh
918912,908,84.45,800.95,64.00,0.413,3.915,0.313,banana,fresh
919923,909,84.70,800.70,63.95,0.414,3.913,0.313,banana,fresh
920934,910,84.35,800.80,64.00,0.412,3.914,0.313,banana,fresh
921945,911,84.45,800.85,64.00,0.413,3.914,0.313,banana,fresh
922955,912,84.70,800.80,64.00,0.414,3.914,0.313,banana,fresh
923967,913,84.60,800.60,64.00,0.413,3.913,0.313,banana,fresh
924978,914,84.50,800.95,64.00,0.413,3.915,0.313,banana,fresh
925988,915,84.75,800.70,64.00,0.414,3.913,0.313,banana,fresh
926999,916,84.55,800.95,64.00,0.413,3.915,0.313,banana,fresh
928011,917,84.35,800.85,64.00,0.412,3.914,0.313,banana,fresh
929021,918,84.65,800.90,64.00,0.414,3.914,0.313,banana,fresh
930032,919,84.40,800.90,64.00,0.413,3.914,0.313,banana,fresh
931043,920,84.60,800.95,64.00,0.413,3.915,0.313,banana,fresh
932055,921,84.45,800.80,64.00,0.413,3.914,0.313,banana,fresh
933065,922,84.55,801.00,64.00,0.413,3.915,0.313,banana,fresh
934076,923,84.50,800.95,64.00,0.413,3.915,0.313,banana,fresh
935087,924,84.55,800.95,64.00,0.413,3.915,0.313,banana,fresh
936098,925,84.40,800.95,64.00,0.413,3.915,0.313,banana,fresh
937109,926,84.45,800.95,64.00,0.413,3.915,0.313,banana,fresh
938120,927,84.40,800.95,64.00,0.413,3.915,0.313,banana,fresh
939130,928,84.45,801.00,64.00,0.413,3.915,0.313,banana,fresh
940142,929,84.65,801.00,64.00,0.414,3.915,0.313,banana,fresh
941153,930,84.45,800.95,64.00,0.413,3.915,0.313,banana,fresh
942163,931,84.45,801.00,64.00,0.413,3.915,0.313,banana,fresh
943174,932,84.60,801.00,64.00,0.413,3.915,0.313,banana,fresh
944186,933,84.55,801.00,64.00,0.413,3.915,0.313,banana,fresh
945197,934,84.45,801.00,64.00,0.413,3.915,0.313,banana,fresh
946207,935,84.60,801.00,64.00,0.413,3.915,0.313,banana,fresh
947218,936,84.60,801.00,64.00,0.413,3.915,0.313,banana,fresh
948230,937,84.45,801.00,64.00,0.413,3.915,0.313,banana,fresh
949240,938,84.45,801.00,64.00,0.413,3.915,0.313,banana,fresh
950251,939,84.60,801.00,64.00,0.413,3.915,0.313,banana,fresh
951262,940,84.30,801.00,64.00,0.412,3.915,0.313,banana,fresh
952272,941,84.50,801.00,64.00,0.413,3.915,0.313,banana,fresh
953284,942,84.60,801.00,64.00,0.413,3.915,0.313,banana,fresh
954295,943,84.45,801.00,64.00,0.413,3.915,0.313,banana,fresh
955305,944,84.45,801.00,64.00,0.413,3.915,0.313,banana,fresh
956316,945,84.60,801.00,64.00,0.413,3.915,0.313,banana,fresh
957328,946,84.45,801.00,64.00,0.413,3.915,0.313,banana,fresh
958339,947,84.60,801.00,64.00,0.413,3.915,0.313,banana,fresh
959349,948,84.50,801.00,64.00,0.413,3.915,0.313,banana,fresh
960360,949,84.55,801.00,64.00,0.413,3.915,0.313,banana,fresh
961371,950,84.50,801.00,64.00,0.413,3.915,0.313,banana,fresh
962382,951,84.45,801.00,64.00,0.413,3.915,0.313,banana,fresh
963393,952,84.60,801.00,64.00,0.413,3.915,0.313,banana,fresh
964404,953,84.55,801.00,64.00,0.413,3.915,0.313,banana,fresh
965414,954,84.55,801.00,64.00,0.413,3.915,0.313,banana,fresh
966426,955,84.50,801.00,64.00,0.413,3.915,0.313,banana,fresh
967437,956,84.50,801.00,64.00,0.413,3.915,0.313,banana,fresh
968448,957,84.50,801.00,64.00,0.413,3.915,0.313,banana,fresh
969458,958,84.40,801.05,64.00,0.413,3.915,0.313,banana,fresh
970470,959,84.55,801.00,64.00,0.413,3.915,0.313,banana,fresh
971481,960,84.60,801.00,64.00,0.413,3.915,0.313,banana,fresh
972491,961,84.40,801.00,64.00,0.413,3.915,0.313,banana,fresh
973502,962,84.50,801.05,64.00,0.413,3.915,0.313,banana,fresh
974514,963,84.45,801.10,64.00,0.413,3.915,0.313,banana,fresh
975524,964,84.55,801.00,64.00,0.413,3.915,0.313,banana,fresh
976535,965,84.55,801.05,64.00,0.413,3.915,0.313,banana,fresh
977546,966,84.45,801.00,63.95,0.413,3.915,0.313,banana,fresh
978556,967,84.55,801.00,64.00,0.413,3.915,0.313,banana,fresh
979568,968,84.40,801.10,64.00,0.413,3.915,0.313,banana,fresh
980579,969,84.50,801.00,64.00,0.413,3.915,0.313,banana,fresh
981590,970,84.50,801.00,64.00,0.413,3.915,0.313,banana,fresh
982600,971,84.50,801.10,64.00,0.413,3.915,0.313,banana,fresh
983612,972,84.50,801.10,64.00,0.413,3.915,0.313,banana,fresh
984623,973,84.35,801.10,64.00,0.412,3.915,0.313,banana,fresh
985633,974,84.40,801.00,64.00,0.413,3.915,0.313,banana,fresh
986644,975,84.50,801.00,64.00,0.413,3.915,0.313,banana,fresh
987656,976,84.50,801.00,64.00,0.413,3.915,0.313,banana,fresh
988666,977,84.30,801.05,64.00,0.412,3.915,0.313,banana,fresh
989677,978,84.20,801.10,64.00,0.412,3.915,0.313,banana,fresh
990688,979,84.50,801.05,64.00,0.413,3.915,0.313,banana,fresh
991699,980,84.35,801.00,63.95,0.412,3.915,0.313,banana,fresh
992710,981,84.55,801.05,63.95,0.413,3.915,0.313,banana,fresh
993721,982,84.35,801.05,64.00,0.412,3.915,0.313,banana,fresh
994732,983,84.50,801.00,64.00,0.413,3.915,0.313,banana,fresh
995742,984,84.50,801.05,64.00,0.413,3.915,0.313,banana,fresh
996754,985,84.40,801.15,64.00,0.413,3.916,0.313,banana,fresh
997765,986,84.40,801.20,64.00,0.413,3.916,0.313,banana,fresh
998775,987,84.45,801.25,64.00,0.413,3.916,0.313,banana,fresh
999786,988,84.55,801.15,64.00,0.413,3.916,0.313,banana,fresh
1000798,989,84.55,801.10,64.00,0.413,3.915,0.313,banana,fresh
1001808,990,84.30,801.15,64.00,0.412,3.916,0.313,banana,fresh
1002819,991,84.40,801.25,64.00,0.413,3.916,0.313,banana,fresh
1003831,992,84.30,801.25,64.00,0.412,3.916,0.313,banana,fresh
1004841,993,84.35,801.15,64.00,0.412,3.916,0.313,banana,fresh
1005852,994,84.45,801.10,64.00,0.413,3.915,0.313,banana,fresh
1006863,995,84.40,801.30,64.00,0.413,3.916,0.313,banana,fresh
1007875,996,84.30,801.10,63.95,0.412,3.915,0.313,banana,fresh
1008885,997,84.50,801.15,64.00,0.413,3.916,0.313,banana,fresh
1009896,998,84.45,801.30,64.00,0.413,3.916,0.313,banana,fresh
1010908,999,84.35,801.40,64.00,0.412,3.917,0.313,banana,fresh
1011918,1000,84.40,801.55,64.00,0.413,3.918,0.313,banana,fresh
1012929,1001,84.30,801.25,64.00,0.412,3.916,0.313,banana,fresh
1013941,1002,84.40,801.30,64.00,0.413,3.916,0.313,banana,fresh
1014951,1003,84.45,801.25,64.00,0.413,3.916,0.313,banana,fresh
1015962,1004,84.35,801.60,64.00,0.412,3.918,0.313,banana,fresh
1016974,1005,84.45,801.40,64.00,0.413,3.917,0.313,banana,fresh
1017985,1006,84.50,801.30,64.00,0.413,3.916,0.313,banana,fresh
1018995,1007,84.40,801.30,64.00,0.413,3.916,0.313,banana,fresh
1020007,1008,84.45,801.50,64.00,0.413,3.917,0.313,banana,fresh
1021018,1009,84.30,801.55,64.00,0.412,3.918,0.313,banana,fresh
1022028,1010,84.35,801.45,64.05,0.412,3.917,0.313,banana,fresh
1023040,1011,84.50,801.50,64.00,0.413,3.917,0.313,banana,fresh
1024051,1012,84.40,801.60,64.00,0.413,3.918,0.313,banana,fresh
1025061,1013,84.50,801.60,64.00,0.413,3.918,0.313,banana,fresh
1026073,1014,84.50,801.65,64.00,0.413,3.918,0.313,banana,fresh
1027084,1015,84.55,801.80,64.00,0.413,3.919,0.313,banana,fresh
1028094,1016,84.40,801.60,64.00,0.413,3.918,0.313,banana,fresh
1029106,1017,84.20,801.75,64.00,0.412,3.919,0.313,banana,fresh
1030117,1018,84.45,801.75,64.00,0.413,3.919,0.313,banana,fresh
1031128,1019,84.45,801.50,64.00,0.413,3.917,0.313,banana,fresh
1032139,1020,84.55,801.80,64.00,0.413,3.919,0.313,banana,fresh
1033150,1021,84.40,801.70,63.95,0.413,3.918,0.313,banana,fresh
1034161,1022,84.45,801.75,64.00,0.413,3.919,0.313,banana,fresh
1035172,1023,84.45,801.75,64.00,0.413,3.919,0.313,banana,fresh
1036183,1024,84.35,801.85,64.00,0.412,3.919,0.313,banana,fresh
1037194,1025,84.35,801.75,64.00,0.412,3.919,0.313,banana,fresh
1038205,1026,84.60,801.80,64.00,0.413,3.919,0.313,banana,fresh
1039216,1027,84.50,801.90,64.00,0.413,3.919,0.313,banana,fresh
1040227,1028,84.50,801.85,64.00,0.413,3.919,0.313,banana,fresh
1041239,1029,84.70,802.00,64.00,0.414,3.920,0.313,banana,fresh
1042249,1030,84.60,801.90,64.00,0.413,3.919,0.313,banana,fresh
1043260,1031,84.35,802.00,64.00,0.412,3.920,0.313,banana,fresh
1044272,1032,84.35,801.95,64.00,0.412,3.920,0.313,banana,fresh
1045282,1033,84.60,802.00,64.00,0.413,3.920,0.313,banana,fresh
1046293,1034,84.45,802.00,64.00,0.413,3.920,0.313,banana,fresh
1047305,1035,84.45,802.00,64.00,0.413,3.920,0.313,banana,fresh
1048315,1036,84.50,801.95,64.00,0.413,3.920,0.313,banana,fresh
1049326,1037,84.40,801.95,64.00,0.413,3.920,0.313,banana,fresh
1050337,1038,84.30,802.00,64.00,0.412,3.920,0.313,banana,fresh
1051348,1039,84.55,802.00,64.00,0.413,3.920,0.313,banana,fresh
1052359,1040,84.20,801.95,64.00,0.412,3.920,0.313,banana,fresh
1053370,1041,84.45,801.95,64.00,0.413,3.920,0.313,banana,fresh
1054382,1042,84.55,802.00,64.00,0.413,3.920,0.313,banana,fresh
1055392,1043,84.55,801.95,64.00,0.413,3.920,0.313,banana,fresh
1056403,1044,84.40,802.00,64.05,0.413,3.920,0.313,banana,fresh
1057415,1045,84.50,802.00,64.00,0.413,3.920,0.313,banana,fresh
1058425,1046,84.70,802.00,64.05,0.414,3.920,0.313,banana,fresh
1059436,1047,84.25,802.00,64.00,0.412,3.920,0.313,banana,fresh
1060448,1048,84.50,802.00,64.00,0.413,3.920,0.313,banana,fresh
1061458,1049,84.55,802.00,64.00,0.413,3.920,0.313,banana,fresh
1062469,1050,84.45,802.00,64.05,0.413,3.920,0.313,banana,fresh
1063481,1051,84.55,802.00,64.00,0.413,3.920,0.313,banana,fresh
1064492,1052,84.50,801.95,64.05,0.413,3.920,0.313,banana,fresh
1065502,1053,84.35,802.00,64.00,0.412,3.920,0.313,banana,fresh
1066514,1054,84.50,802.05,64.00,0.413,3.920,0.313,banana,fresh
1067525,1055,84.40,802.05,64.00,0.413,3.920,0.313,banana,fresh
1068535,1056,84.65,802.00,64.05,0.414,3.920,0.313,banana,fresh
1069547,1057,84.45,802.00,64.00,0.413,3.920,0.313,banana,fresh
1070558,1058,84.50,802.00,64.00,0.413,3.920,0.313,banana,fresh
1071568,1059,84.75,802.00,64.00,0.414,3.920,0.313,banana,fresh
1072580,1060,84.55,802.05,64.00,0.413,3.920,0.313,banana,fresh
1073591,1061,84.50,802.00,64.00,0.413,3.920,0.313,banana,fresh
1074601,1062,84.45,802.00,64.00,0.413,3.920,0.313,banana,fresh
1075613,1063,84.65,802.05,64.00,0.414,3.920,0.313,banana,fresh
1076624,1064,84.55,802.05,64.00,0.413,3.920,0.313,banana,fresh
1077635,1065,84.50,802.00,64.00,0.413,3.920,0.313,banana,fresh
1078646,1066,84.45,802.00,64.00,0.413,3.920,0.313,banana,fresh
1079657,1067,84.35,802.00,64.05,0.412,3.920,0.313,banana,fresh
1080668,1068,84.35,802.00,64.00,0.412,3.920,0.313,banana,fresh
1081679,1069,84.75,802.10,64.00,0.414,3.920,0.313,banana,fresh
1082690,1070,84.50,802.20,64.00,0.413,3.921,0.313,banana,fresh
1083701,1071,84.50,802.15,64.00,0.413,3.921,0.313,banana,fresh
1084712,1072,84.70,802.05,64.05,0.414,3.920,0.313,banana,fresh
1085723,1073,84.65,802.05,64.05,0.414,3.920,0.313,banana,fresh
1086734,1074,84.60,802.00,64.00,0.413,3.920,0.313,banana,fresh
1087746,1075,84.65,802.15,64.00,0.414,3.921,0.313,banana,fresh
1088756,1076,84.75,802.15,64.05,0.414,3.921,0.313,banana,fresh
1089767,1077,84.75,802.00,64.00,0.414,3.920,0.313,banana,fresh
1090779,1078,84.35,802.10,64.00,0.412,3.920,0.313,banana,fresh
1091789,1079,84.55,802.15,64.10,0.413,3.921,0.313,banana,fresh
1092800,1080,84.60,802.15,64.05,0.413,3.921,0.313,banana,fresh
1093812,1081,84.70,802.00,64.10,0.414,3.920,0.313,banana,fresh
1094822,1082,84.65,802.20,64.10,0.414,3.921,0.313,banana,fresh
1095833,1083,84.60,802.20,64.05,0.413,3.921,0.313,banana,fresh
1096845,1084,84.60,802.20,64.00,0.413,3.921,0.313,banana,fresh
1097856,1085,84.55,802.10,64.00,0.413,3.920,0.313,banana,fresh
1098866,1086,84.55,802.20,64.10,0.413,3.921,0.313,banana,fresh
1099878,1087,84.75,802.15,64.00,0.414,3.921,0.313,banana,fresh
1100889,1088,84.65,802.50,64.10,0.414,3.922,0.313,banana,fresh
1101899,1089,84.60,802.20,64.05,0.413,3.921,0.313,banana,fresh
1102911,1090,84.65,802.35,64.05,0.414,3.922,0.313,banana,fresh
1103922,1091,84.50,802.55,64.00,0.413,3.923,0.313,banana,fresh
1104932,1092,84.65,802.40,64.05,0.414,3.922,0.313,banana,fresh
1105944,1093,84.55,802.55,64.00,0.413,3.923,0.313,banana,fresh
1106955,1094,84.70,802.65,64.10,0.414,3.923,0.313,banana,fresh
1107965,1095,84.75,802.65,64.10,0.414,3.923,0.313,banana,fresh
1108977,1096,84.70,802.50,64.15,0.414,3.922,0.314,banana,fresh
1109988,1097,84.60,802.40,64.00,0.413,3.922,0.313,banana,fresh
1110999,1098,84.75,802.55,64.00,0.414,3.923,0.313,banana,fresh
1112010,1099,84.95,802.85,64.00,0.415,3.924,0.313,banana,fresh
1113021,1100,84.55,802.85,64.05,0.413,3.924,0.313,banana,fresh
1114032,1101,84.80,802.85,64.05,0.414,3.924,0.313,banana,fresh
1115043,1102,84.80,802.80,64.05,0.414,3.924,0.313,banana,fresh
1116054,1103,84.70,802.95,64.15,0.414,3.924,0.314,banana,fresh
1117065,1104,84.90,802.75,64.05,0.415,3.924,0.313,banana,fresh
1118076,1105,84.85,802.90,64.10,0.415,3.924,0.313,banana,fresh
1119087,1106,84.90,802.80,64.05,0.415,3.924,0.313,banana,fresh
1120098,1107,84.75,802.95,64.10,0.414,3.924,0.313,banana,fresh
1121110,1108,84.80,802.90,64.15,0.414,3.924,0.314,banana,fresh
1122120,1109,84.85,802.95,64.25,0.415,3.924,0.314,banana,fresh
1123131,1110,84.90,802.95,64.10,0.415,3.924,0.313,banana,fresh
1124143,1111,84.70,802.95,64.15,0.414,3.924,0.314,banana,fresh
1125153,1112,84.85,802.95,64.00,0.415,3.924,0.313,banana,fresh
1126164,1113,84.80,803.00,64.20,0.414,3.925,0.314,banana,fresh
1127176,1114,84.70,803.00,64.10,0.414,3.925,0.313,banana,fresh
1128186,1115,84.75,802.90,64.15,0.414,3.924,0.314,banana,fresh
1129197,1116,84.95,802.95,64.05,0.415,3.924,0.313,banana,fresh
1130209,1117,84.75,803.00,64.10,0.414,3.925,0.313,banana,fresh
1131219,1118,85.00,802.95,64.15,0.415,3.924,0.314,banana,fresh
1132230,1119,84.85,803.00,64.15,0.415,3.925,0.314,banana,fresh
1133242,1120,84.80,803.00,64.10,0.414,3.925,0.313,banana,fresh
1134253,1121,84.90,803.00,64.20,0.415,3.925,0.314,banana,fresh
1135263,1122,84.80,803.00,64.20,0.414,3.925,0.314,banana,fresh
1136275,1123,84.95,803.00,64.15,0.415,3.925,0.314,banana,fresh
1137286,1124,84.95,803.00,64.10,0.415,3.925,0.313,banana,fresh
1138296,1125,84.90,803.00,64.15,0.415,3.925,0.314,banana,fresh
1139308,1126,84.95,803.15,64.30,0.415,3.925,0.314,banana,fresh
1140319,1127,84.95,803.05,64.35,0.415,3.925,0.315,banana,fresh
1141329,1128,84.95,803.05,64.20,0.415,3.925,0.314,banana,fresh
1142341,1129,84.95,803.00,64.10,0.415,3.925,0.313,banana,fresh
1143352,1130,84.95,803.05,64.25,0.415,3.925,0.314,banana,fresh
1144363,1131,85.00,803.05,64.15,0.415,3.925,0.314,banana,fresh
1145374,1132,84.90,803.15,64.25,0.415,3.925,0.314,banana,fresh
1146385,1133,85.00,803.05,64.30,0.415,3.925,0.314,banana,fresh
1147396,1134,84.95,803.00,64.35,0.415,3.925,0.315,banana,fresh
1148407,1135,84.95,803.00,64.20,0.415,3.925,0.314,banana,fresh
1149418,1136,84.90,803.00,64.35,0.415,3.925,0.315,banana,fresh
1150429,1137,84.95,803.05,64.20,0.415,3.925,0.314,banana,fresh
1151440,1138,84.90,803.10,64.30,0.415,3.925,0.314,banana,fresh
1152451,1139,84.95,803.15,64.20,0.415,3.925,0.314,banana,fresh
1153462,1140,84.90,803.20,64.25,0.415,3.926,0.314,banana,fresh
1154473,1141,84.95,803.10,64.20,0.415,3.925,0.314,banana,fresh
1155484,1142,84.95,803.35,64.25,0.415,3.926,0.314,banana,fresh
1156495,1143,85.00,803.30,64.35,0.415,3.926,0.315,banana,fresh
1157507,1144,84.95,803.30,64.30,0.415,3.926,0.314,banana,fresh
1158517,1145,84.95,803.20,64.30,0.415,3.926,0.314,banana,fresh
1159528,1146,84.95,803.40,64.50,0.415,3.927,0.315,banana,fresh
1160540,1147,84.95,803.30,64.45,0.415,3.926,0.315,banana,fresh
1161550,1148,85.00,803.45,64.40,0.415,3.927,0.315,banana,fresh
1162561,1149,85.00,803.50,64.30,0.415,3.927,0.314,banana,fresh
1163573,1150,85.00,803.60,64.45,0.415,3.928,0.315,banana,fresh
1164583,1151,85.00,803.55,64.30,0.415,3.927,0.314,banana,fresh
1165594,1152,84.95,803.50,64.50,0.415,3.927,0.315,banana,fresh
1166606,1153,85.00,803.65,64.35,0.415,3.928,0.315,banana,fresh
1167617,1154,85.00,803.55,64.45,0.415,3.927,0.315,banana,fresh
1168627,1155,85.00,803.70,64.50,0.415,3.928,0.315,banana,fresh
1169639,1156,84.95,803.90,64.60,0.415,3.929,0.316,banana,fresh
1170650,1157,85.00,803.75,64.35,0.415,3.928,0.315,banana,fresh
1171660,1158,85.00,803.85,64.40,0.415,3.929,0.315,banana,fresh
1172672,1159,85.05,803.85,64.45,0.416,3.929,0.315,banana,fresh
1173683,1160,85.00,803.85,64.50,0.415,3.929,0.315,banana,fresh
1174693,1161,85.00,803.95,64.45,0.415,3.929,0.315,banana,fresh
1175705,1162,85.00,803.90,64.45,0.415,3.929,0.315,banana,fresh
1176716,1163,85.00,803.85,64.70,0.415,3.929,0.316,banana,fresh
1177726,1164,85.00,803.95,64.55,0.415,3.929,0.315,banana,fresh
1178738,1165,85.00,804.00,64.45,0.415,3.930,0.315,banana,fresh
1179749,1166,84.95,804.00,64.65,0.415,3.930,0.316,banana,fresh
1180760,1167,85.00,804.00,64.70,0.415,3.930,0.316,banana,fresh
1181771,1168,85.00,804.00,64.65,0.415,3.930,0.316,banana,fresh
1182782,1169,85.05,804.00,64.65,0.416,3.930,0.316,banana,fresh
1183793,1170,85.00,804.00,64.65,0.415,3.930,0.316,banana,fresh
1184804,1171,85.20,804.00,64.50,0.416,3.930,0.315,banana,fresh
1185815,1172,85.10,804.00,64.70,0.416,3.930,0.316,banana,fresh
1186826,1173,85.15,804.00,64.55,0.416,3.930,0.315,banana,fresh
1187837,1174,85.10,804.00,64.55,0.416,3.930,0.315,banana,fresh
1188848,1175,85.05,804.05,64.65,0.416,3.930,0.316,banana,fresh
1189860,1176,85.05,804.00,64.80,0.416,3.930,0.317,banana,fresh
1190871,1177,85.10,804.00,64.85,0.416,3.930,0.317,banana,fresh
1191881,1178,85.00,804.00,64.85,0.415,3.930,0.317,banana,fresh
1192892,1179,85.10,804.00,64.90,0.416,3.930,0.317,banana,fresh
1193904,1180,85.00,804.00,64.80,0.415,3.930,0.317,banana,fresh
1194914,1181,85.10,804.05,64.75,0.416,3.930,0.316,banana,fresh
1195925,1182,85.00,804.00,64.70,0.415,3.930,0.316,banana,fresh
1196937,1183,85.00,804.05,64.65,0.415,3.930,0.316,banana,fresh
1197947,1184,85.10,804.05,64.75,0.416,3.930,0.316,banana,fresh
1198958,1185,85.10,804.15,64.70,0.416,3.930,0.316,banana,fresh
1199970,1186,85.00,804.15,64.85,0.415,3.930,0.317,banana,fresh
1200980,1187,85.00,804.05,64.95,0.415,3.930,0.317,banana,fresh
1201991,1188,85.05,804.10,64.90,0.416,3.930,0.317,banana,fresh
1203003,1189,85.20,804.15,64.90,0.416,3.930,0.317,banana,fresh
1204014,1190,85.10,804.20,64.80,0.416,3.931,0.317,banana,fresh
1205024,1191,85.05,804.10,64.80,0.416,3.930,0.317,banana,fresh
1206036,1192,85.00,804.35,64.80,0.415,3.931,0.317,banana,fresh
1207047,1193,85.05,804.35,64.75,0.416,3.931,0.316,banana,fresh
1208058,1194,85.10,804.40,64.85,0.416,3.932,0.317,banana,fresh
1209069,1195,85.10,804.50,64.65,0.416,3.932,0.316,banana,fresh
1210080,1196,85.10,804.25,64.90,0.416,3.931,0.317,banana,fresh
1211091,1197,85.05,804.45,64.95,0.416,3.932,0.317,banana,fresh
1212102,1198,85.15,804.35,64.80,0.416,3.931,0.317,banana,fresh
1213113,1199,85.25,804.40,64.75,0.417,3.932,0.316,banana,fresh
1214125,1200,85.20,804.15,64.75,0.416,3.930,0.316,banana,fresh
1215135,1201,85.10,804.80,64.85,0.416,3.934,0.317,banana,fresh
1216146,1202,85.20,804.55,64.90,0.416,3.932,0.317,banana,fresh
1217158,1203,85.15,804.60,64.85,0.416,3.933,0.317,banana,fresh
1218168,1204,85.10,804.70,64.85,0.416,3.933,0.317,banana,fresh
1219179,1205,85.10,804.70,64.95,0.416,3.933,0.317,banana,fresh
1220191,1206,85.20,804.65,64.85,0.416,3.933,0.317,banana,fresh
1221201,1207,85.25,804.60,64.85,0.417,3.933,0.317,banana,fresh
1222212,1208,85.25,804.50,64.95,0.417,3.932,0.317,banana,fresh
1223224,1209,85.20,804.85,65.00,0.416,3.934,0.318,banana,fresh
1224235,1210,85.15,804.95,64.90,0.416,3.934,0.317,banana,fresh
1225245,1211,85.20,804.90,64.95,0.416,3.934,0.317,banana,fresh
1226257,1212,85.10,804.95,64.85,0.416,3.934,0.317,banana,fresh
1227268,1213,85.25,805.00,64.80,0.417,3.935,0.317,banana,fresh
1228278,1214,85.25,804.95,64.90,0.417,3.934,0.317,banana,fresh
1229290,1215,85.20,805.00,65.00,0.416,3.935,0.318,banana,fresh
1230301,1216,85.45,805.00,64.90,0.418,3.935,0.317,banana,fresh
1231311,1217,85.35,805.00,64.95,0.417,3.935,0.317,banana,fresh
1232323,1218,85.20,805.00,65.00,0.416,3.935,0.318,banana,fresh
1233334,1219,85.30,805.00,64.95,0.417,3.935,0.317,banana,fresh
1234344,1220,85.15,805.00,64.95,0.416,3.935,0.317,banana,fresh
1235356,1221,85.25,805.00,64.95,0.417,3.935,0.317,banana,fresh
1236367,1222,85.35,805.00,65.00,0.417,3.935,0.318,banana,fresh
1237378,1223,85.20,805.00,64.85,0.416,3.935,0.317,banana,fresh
1238389,1224,85.20,805.00,65.00,0.416,3.935,0.318,banana,fresh
1239400,1225,85.60,805.00,65.00,0.418,3.935,0.318,banana,fresh
1240411,1226,85.30,805.00,65.00,0.417,3.935,0.318,banana,fresh
1241422,1227,85.35,805.05,65.00,0.417,3.935,0.318,banana,fresh
1242433,1228,85.40,805.00,65.00,0.417,3.935,0.318,banana,fresh
1243444,1229,85.25,805.00,65.00,0.417,3.935,0.318,banana,fresh
1244455,1230,85.40,805.00,65.00,0.417,3.935,0.318,banana,fresh
1245466,1231,85.40,805.00,65.00,0.417,3.935,0.318,banana,fresh
1246477,1232,85.25,805.00,64.90,0.417,3.935,0.317,banana,fresh
1247489,1233,85.50,805.10,64.95,0.418,3.935,0.317,banana,fresh
1248499,1234,85.15,805.00,64.95,0.416,3.935,0.317,banana,fresh
1249510,1235,85.55,805.05,64.95,0.418,3.935,0.317,banana,fresh
1250522,1236,85.35,805.15,65.00,0.417,3.935,0.318,banana,fresh
1251532,1237,85.40,805.00,64.95,0.417,3.935,0.317,banana,fresh
1252543,1238,85.45,805.15,65.00,0.418,3.935,0.318,banana,fresh
1253555,1239,85.35,805.05,65.00,0.417,3.935,0.318,banana,fresh
1254565,1240,85.40,805.25,65.00,0.417,3.936,0.318,banana,fresh
1255576,1241,85.40,805.15,64.95,0.417,3.935,0.317,banana,fresh
1256588,1242,85.65,805.20,64.95,0.419,3.935,0.317,banana,fresh
1257598,1243,85.45,805.30,65.00,0.418,3.936,0.318,banana,fresh
1258609,1244,85.65,805.35,64.90,0.419,3.936,0.317,banana,fresh
1259621,1245,85.50,805.20,65.00,0.418,3.935,0.318,banana,fresh
1260632,1246,85.50,805.55,65.00,0.418,3.937,0.318,banana,fresh
1261642,1247,85.55,805.50,65.00,0.418,3.937,0.318,banana,fresh
1262654,1248,85.55,805.45,65.00,0.418,3.937,0.318,banana,fresh
1263665,1249,85.55,805.65,65.00,0.418,3.938,0.318,banana,fresh
1264675,1250,85.70,805.65,65.00,0.419,3.938,0.318,banana,fresh
1265687,1251,85.55,805.65,65.00,0.418,3.938,0.318,banana,fresh
1266698,1252,85.60,805.65,65.00,0.418,3.938,0.318,banana,fresh
1267708,1253,85.65,805.75,65.00,0.419,3.938,0.318,banana,fresh
1268720,1254,85.65,805.80,65.00,0.419,3.938,0.318,banana,fresh
1269731,1255,85.65,805.90,64.95,0.419,3.939,0.317,banana,fresh
1270742,1256,85.80,805.85,65.00,0.419,3.939,0.318,banana,fresh
1271753,1257,85.60,805.85,65.00,0.418,3.939,0.318,banana,fresh
1272764,1258,85.65,805.95,65.00,0.419,3.939,0.318,banana,fresh
1273775,1259,85.70,805.85,65.00,0.419,3.939,0.318,banana,fresh
1274786,1260,85.95,805.90,65.00,0.420,3.939,0.318,banana,fresh
1275797,1261,85.70,806.00,65.00,0.419,3.939,0.318,banana,fresh
1276808,1262,85.60,806.00,65.00,0.418,3.939,0.318,banana,fresh
1277819,1263,85.70,806.00,65.00,0.419,3.939,0.318,banana,fresh
1278830,1264,85.95,805.95,65.00,0.420,3.939,0.318,banana,fresh
1279841,1265,85.90,806.00,65.00,0.420,3.939,0.318,banana,fresh
1280852,1266,85.80,806.00,65.00,0.419,3.939,0.318,banana,fresh
1281863,1267,85.95,805.95,65.00,0.420,3.939,0.318,banana,fresh
1282874,1268,85.80,805.95,65.00,0.419,3.939,0.318,banana,fresh
1283886,1269,85.70,806.00,65.00,0.419,3.939,0.318,banana,fresh
1284896,1270,85.90,806.00,65.00,0.420,3.939,0.318,banana,fresh
1285907,1271,85.70,806.00,65.00,0.419,3.939,0.318,banana,fresh
1286918,1272,85.90,806.00,65.00,0.420,3.939,0.318,banana,fresh
1287929,1273,85.95,806.00,65.00,0.420,3.939,0.318,banana,fresh
1288940,1274,85.75,806.00,65.00,0.419,3.939,0.318,banana,fresh
1289951,1275,85.85,806.00,65.10,0.420,3.939,0.318,banana,fresh
1290962,1276,85.90,806.00,65.10,0.420,3.939,0.318,banana,fresh
1291973,1277,85.95,806.00,65.00,0.420,3.939,0.318,banana,fresh
1292984,1278,86.00,806.00,65.00,0.420,3.939,0.318,banana,fresh
1293996,1279,85.90,806.00,65.00,0.420,3.939,0.318,banana,fresh
1295006,1280,85.90,806.00,65.00,0.420,3.939,0.318,banana,fresh
1296017,1281,86.00,806.05,65.10,0.420,3.940,0.318,banana,fresh
1297029,1282,85.95,806.00,65.00,0.420,3.939,0.318,banana,fresh
1298039,1283,85.90,806.05,65.00,0.420,3.940,0.318,banana,fresh
1299050,1284,85.80,806.00,65.00,0.419,3.939,0.318,banana,fresh
1300062,1285,86.00,806.05,65.00,0.420,3.940,0.318,banana,fresh
1301072,1286,86.00,806.05,65.05,0.420,3.940,0.318,banana,fresh
1302083,1287,85.95,806.10,65.10,0.420,3.940,0.318,banana,fresh
1303095,1288,85.85,806.20,65.05,0.420,3.940,0.318,banana,fresh
1304105,1289,86.00,806.10,65.10,0.420,3.940,0.318,banana,fresh
1305116,1290,85.85,806.00,65.00,0.420,3.939,0.318,banana,fresh
1306127,1291,85.85,806.20,65.05,0.420,3.940,0.318,banana,fresh
1307139,1292,86.00,806.25,65.00,0.420,3.941,0.318,banana,fresh
1308149,1293,85.95,806.20,65.00,0.420,3.940,0.318,banana,fresh
1309160,1294,85.95,806.20,65.05,0.420,3.940,0.318,banana,fresh
1310172,1295,86.00,806.20,65.00,0.420,3.940,0.318,banana,fresh
1311182,1296,85.95,806.20,65.15,0.420,3.940,0.318,banana,fresh
1312193,1297,85.80,806.45,65.05,0.419,3.942,0.318,banana,fresh
1313205,1298,85.90,806.25,65.00,0.420,3.941,0.318,banana,fresh
1314215,1299,85.90,806.30,65.10,0.420,3.941,0.318,banana,fresh
1315226,1300,85.95,806.25,65.10,0.420,3.941,0.318,banana,fresh
1316238,1301,85.95,806.45,65.05,0.420,3.942,0.318,banana,fresh
1317249,1302,86.05,806.35,65.15,0.421,3.941,0.318,banana,fresh
1318259,1303,86.00,806.55,65.10,0.420,3.942,0.318,banana,fresh
1319271,1304,86.00,806.65,65.00,0.420,3.943,0.318,banana,fresh
1320282,1305,86.00,806.55,65.10,0.420,3.942,0.318,banana,fresh
1321292,1306,85.95,806.70,65.00,0.420,3.943,0.318,banana,fresh
1322304,1307,86.00,806.80,65.15,0.420,3.943,0.318,banana,fresh
1323315,1308,86.00,806.70,65.10,0.420,3.943,0.318,banana,fresh
1324325,1309,86.00,806.70,65.10,0.420,3.943,0.318,banana,fresh
1325337,1310,86.00,806.80,65.05,0.420,3.943,0.318,banana,fresh
1326348,1311,85.95,806.90,65.00,0.420,3.944,0.318,banana,fresh
1327358,1312,86.00,806.80,65.10,0.420,3.943,0.318,banana,fresh
1328370,1313,86.00,806.95,65.10,0.420,3.944,0.318,banana,fresh
1329381,1314,86.00,806.85,65.20,0.420,3.944,0.319,banana,fresh
1330392,1315,86.00,806.85,65.05,0.420,3.944,0.318,banana,fresh
1331403,1316,86.00,806.65,65.10,0.420,3.943,0.318,banana,fresh
1332414,1317,86.00,806.90,65.10,0.420,3.944,0.318,banana,fresh
1333425,1318,86.00,806.85,65.10,0.420,3.944,0.318,banana,fresh
1334436,1319,86.00,807.00,65.20,0.420,3.944,0.319,banana,fresh
1335447,1320,86.00,806.95,65.05,0.420,3.944,0.318,banana,fresh
1336458,1321,86.00,807.00,65.15,0.420,3.944,0.318,banana,fresh
1337469,1322,86.05,807.00,65.10,0.421,3.944,0.318,banana,fresh
1338480,1323,86.00,807.00,65.25,0.420,3.944,0.319,banana,fresh
1339491,1324,86.00,807.00,65.15,0.420,3.944,0.318,banana,fresh
1340503,1325,86.00,807.00,65.05,0.420,3.944,0.318,banana,fresh
1341513,1326,86.20,807.00,65.20,0.421,3.944,0.319,banana,fresh
1342524,1327,85.95,807.05,65.20,0.420,3.945,0.319,banana,fresh
1343536,1328,86.00,807.00,65.20,0.420,3.944,0.319,banana,fresh
1344546,1329,86.00,807.00,65.10,0.420,3.944,0.318,banana,fresh
1345557,1330,86.00,807.00,65.20,0.420,3.944,0.319,banana,fresh
1346568,1331,86.00,807.00,65.10,0.420,3.944,0.318,banana,fresh
1347579,1332,86.00,807.00,65.10,0.420,3.944,0.318,banana,fresh
1348590,1333,86.10,807.00,65.30,0.421,3.944,0.319,banana,fresh
1349601,1334,86.00,807.15,65.30,0.420,3.945,0.319,banana,fresh
1350612,1335,86.00,807.00,65.30,0.420,3.944,0.319,banana,fresh
1351623,1336,86.00,807.00,65.15,0.420,3.944,0.318,banana,fresh
1352634,1337,86.00,807.10,65.20,0.420,3.945,0.319,banana,fresh
1353646,1338,86.05,807.10,65.35,0.421,3.945,0.319,banana,fresh
1354656,1339,86.05,807.00,65.05,0.421,3.944,0.318,banana,fresh
1355667,1340,86.00,807.00,65.10,0.420,3.944,0.318,banana,fresh
1356679,1341,85.95,807.05,65.40,0.420,3.945,0.320,banana,fresh
1357689,1342,86.00,807.10,65.35,0.420,3.945,0.319,banana,fresh
1358700,1343,86.00,807.05,65.15,0.420,3.945,0.318,banana,fresh
1359712,1344,86.15,807.20,65.30,0.421,3.945,0.319,banana,fresh
1360722,1345,86.00,807.15,65.40,0.420,3.945,0.320,banana,fresh
1361733,1346,86.05,807.40,65.45,0.421,3.946,0.320,banana,fresh
1362745,1347,86.00,807.35,65.35,0.420,3.946,0.319,banana,fresh
1363756,1348,86.10,807.30,65.50,0.421,3.946,0.320,banana,fresh
1364766,1349,86.10,807.40,65.25,0.421,3.946,0.319,banana,fresh
1365778,1350,86.10,807.25,65.35,0.421,3.946,0.319,banana,fresh
1366789,1351,86.00,807.35,65.35,0.420,3.946,0.319,banana,fresh
1367799,1352,86.05,807.30,65.25,0.421,3.946,0.319,banana,fresh
1368811,1353,86.00,807.40,65.30,0.420,3.946,0.319,banana,fresh
1369822,1354,86.00,807.55,65.40,0.420,3.947,0.320,banana,fresh
1370832,1355,86.05,807.70,65.45,0.421,3.948,0.320,banana,fresh
1371844,1356,86.00,807.55,65.45,0.420,3.947,0.320,banana,fresh
1372855,1357,86.05,807.50,65.35,0.421,3.947,0.319,banana,fresh
1373865,1358,86.10,807.65,65.40,0.421,3.947,0.320,banana,fresh
1374877,1359,86.05,807.75,65.45,0.421,3.948,0.320,banana,fresh
1375888,1360,86.05,807.75,65.55,0.421,3.948,0.320,banana,fresh
1376899,1361,86.15,807.80,65.55,0.421,3.948,0.320,banana,fresh
1377910,1362,86.05,807.85,65.40,0.421,3.948,0.320,banana,fresh
1378921,1363,86.05,807.65,65.35,0.421,3.947,0.319,banana,fresh
1379932,1364,86.10,807.90,65.60,0.421,3.949,0.321,banana,fresh
1380943,1365,86.05,807.95,65.65,0.421,3.949,0.321,banana,fresh
1381954,1366,86.05,807.90,65.45,0.421,3.949,0.320,banana,fresh
1382965,1367,86.15,807.85,65.40,0.421,3.948,0.320,banana,fresh
1383976,1368,86.05,808.00,65.50,0.421,3.949,0.320,banana,fresh
1384987,1369,86.10,807.80,65.40,0.421,3.948,0.320,banana,fresh
1385998,1370,86.05,808.00,65.60,0.421,3.949,0.321,banana,fresh
1387010,1371,86.00,808.00,65.55,0.420,3.949,0.320,banana,fresh
1388020,1372,86.00,807.95,65.40,0.420,3.949,0.320,banana,fresh
1389031,1373,86.10,808.00,65.55,0.421,3.949,0.320,banana,fresh
1390043,1374,86.00,808.00,65.25,0.420,3.949,0.319,banana,fresh
1391053,1375,86.20,808.00,65.55,0.421,3.949,0.320,banana,fresh
1392064,1376,86.00,808.00,65.35,0.420,3.949,0.319,banana,fresh
1393076,1377,86.15,808.00,65.50,0.421,3.949,0.320,banana,fresh
1394086,1378,86.00,808.00,65.65,0.420,3.949,0.321,banana,fresh
1395097,1379,86.20,808.00,65.45,0.421,3.949,0.320,banana,fresh
1396109,1380,86.05,808.00,65.55,0.421,3.949,0.320,banana,fresh
1397120,1381,86.10,808.00,65.65,0.421,3.949,0.321,banana,fresh
1398130,1382,86.20,808.00,65.55,0.421,3.949,0.320,banana,fresh
1399142,1383,86.30,808.00,65.30,0.422,3.949,0.319,banana,fresh
1400153,1384,86.10,808.00,65.40,0.421,3.949,0.320,banana,fresh
1401163,1385,86.20,808.05,65.55,0.421,3.949,0.320,banana,fresh
1402175,1386,86.05,808.05,65.70,0.421,3.949,0.321,banana,fresh
1403186,1387,86.20,808.00,65.45,0.421,3.949,0.320,banana,fresh
1404196,1388,86.05,808.00,65.65,0.421,3.949,0.321,banana,fresh
1405208,1389,86.15,808.00,65.55,0.421,3.949,0.320,banana,fresh
1406219,1390,86.20,808.05,65.40,0.421,3.949,0.320,banana,fresh
1407229,1391,86.10,808.05,65.65,0.421,3.949,0.321,banana,fresh
1408241,1392,86.20,808.00,65.30,0.421,3.949,0.319,banana,fresh
1409252,1393,86.25,808.05,65.60,0.422,3.949,0.321,banana,fresh
1410263,1394,86.15,808.05,65.55,0.421,3.949,0.320,banana,fresh
1411274,1395,86.20,808.00,65.45,0.421,3.949,0.320,banana,fresh
1412285,1396,86.35,808.05,65.65,0.422,3.949,0.321,banana,fresh
1413296,1397,86.25,808.00,65.60,0.422,3.949,0.321,banana,fresh
1414307,1398,86.10,808.00,65.50,0.421,3.949,0.320,banana,fresh
1415318,1399,86.35,808.00,65.35,0.422,3.949,0.319,banana,fresh
1416329,1400,86.30,808.05,65.65,0.422,3.949,0.321,banana,fresh
1417340,1401,86.20,808.10,65.50,0.421,3.950,0.320,banana,fresh
1418351,1402,86.25,808.05,65.55,0.422,3.949,0.320,banana,fresh
1419362,1403,86.25,808.00,65.60,0.422,3.949,0.321,banana,fresh
1420374,1404,86.10,808.10,65.35,0.421,3.950,0.319,banana,fresh
1421384,1405,86.15,808.05,65.40,0.421,3.949,0.320,banana,fresh
1422395,1406,86.15,808.15,65.60,0.421,3.950,0.321,banana,fresh
1423407,1407,86.15,808.05,65.45,0.421,3.949,0.320,banana,fresh
1424417,1408,86.30,808.10,65.55,0.422,3.950,0.320,banana,fresh
1425428,1409,86.25,808.20,65.55,0.422,3.950,0.320,banana,fresh
1426440,1410,86.30,808.15,65.60,0.422,3.950,0.321,banana,fresh
1427450,1411,86.20,808.20,65.50,0.421,3.950,0.320,banana,fresh
1428461,1412,86.20,808.15,65.40,0.421,3.950,0.320,banana,fresh
1429473,1413,86.25,808.25,65.50,0.422,3.950,0.320,banana,fresh
1430483,1414,86.30,808.10,65.55,0.422,3.950,0.320,banana,fresh
1431494,1415,86.25,808.00,65.40,0.422,3.949,0.320,banana,fresh
1432506,1416,86.30,808.10,65.45,0.422,3.950,0.320,banana,fresh
1433517,1417,86.20,808.30,65.45,0.421,3.951,0.320,banana,fresh
1434527,1418,86.25,808.05,65.55,0.422,3.949,0.320,banana,fresh
1435539,1419,86.20,808.10,65.60,0.421,3.950,0.321,banana,fresh
1436550,1420,86.25,808.10,65.50,0.422,3.950,0.320,banana,fresh
1437560,1421,86.30,808.15,65.45,0.422,3.950,0.320,banana,fresh
1438572,1422,86.35,808.35,65.35,0.422,3.951,0.319,banana,fresh
1439583,1423,86.25,808.25,65.40,0.422,3.950,0.320,banana,fresh
1440593,1424,86.45,808.20,65.65,0.423,3.950,0.321,banana,fresh
1441605,1425,86.25,808.20,65.35,0.422,3.950,0.319,banana,fresh
1442616,1426,86.45,808.35,65.60,0.423,3.951,0.321,banana,fresh
1443627,1427,86.55,808.30,65.60,0.423,3.951,0.321,banana,fresh
1444638,1428,86.20,808.55,65.60,0.421,3.952,0.321,banana,fresh
1445649,1429,86.40,808.40,65.25,0.422,3.951,0.319,banana,fresh
1446660,1430,86.35,808.45,65.40,0.422,3.951,0.320,banana,fresh
1447671,1431,86.20,808.50,65.55,0.421,3.952,0.320,banana,fresh
1448682,1432,86.35,808.60,65.35,0.422,3.952,0.319,banana,fresh
1449693,1433,86.40,808.40,65.50,0.422,3.951,0.320,banana,fresh
1450704,1434,86.30,808.65,65.55,0.422,3.952,0.320,banana,fresh
1451715,1435,86.40,808.55,65.50,0.422,3.952,0.320,banana,fresh
1452726,1436,86.25,808.75,65.55,0.422,3.953,0.320,banana,fresh
1453737,1437,86.30,808.60,65.55,0.422,3.952,0.320,banana,fresh
1454748,1438,86.20,808.55,65.60,0.421,3.952,0.321,banana,fresh
1455759,1439,86.35,808.60,65.40,0.422,3.952,0.320,banana,fresh
1456771,1440,86.45,808.75,65.55,0.423,3.953,0.320,banana,fresh
1457781,1441,86.40,808.75,65.35,0.422,3.953,0.319,banana,fresh
1458793,1442,86.15,808.80,65.70,0.421,3.953,0.321,banana,fresh
1459804,1443,86.35,808.75,65.35,0.422,3.953,0.319,banana,fresh
1460814,1444,86.35,808.85,65.70,0.422,3.953,0.321,banana,fresh
1461826,1445,86.35,808.85,65.35,0.422,3.953,0.319,banana,fresh
1462837,1446,86.45,808.75,65.50,0.423,3.953,0.320,banana,fresh
1463847,1447,86.25,808.80,65.50,0.422,3.953,0.320,banana,fresh
1464859,1448,86.40,808.90,65.40,0.422,3.954,0.320,banana,fresh
1465870,1449,86.30,808.90,65.55,0.422,3.954,0.320,banana,fresh
1466881,1450,86.40,808.85,65.40,0.422,3.953,0.320,banana,fresh
1467892,1451,86.20,808.95,65.55,0.421,3.954,0.320,banana,fresh
1468903,1452,86.35,808.95,65.60,0.422,3.954,0.321,banana,fresh
1469914,1453,86.35,808.95,65.40,0.422,3.954,0.320,banana,fresh
1470925,1454,86.45,809.00,65.45,0.423,3.954,0.320,banana,fresh
1471936,1455,86.25,808.80,65.35,0.422,3.953,0.319,banana,fresh
1472947,1456,86.25,808.95,65.55,0.422,3.954,0.320,banana,fresh
1473958,1457,86.25,809.00,65.55,0.422,3.954,0.320,banana,fresh
1474969,1458,86.50,808.95,65.50,0.423,3.954,0.320,banana,fresh
1475980,1459,86.40,809.00,65.40,0.422,3.954,0.320,banana,fresh
1476992,1460,86.40,809.00,65.40,0.422,3.954,0.320,banana,fresh
1478002,1461,86.20,808.95,65.30,0.421,3.954,0.319,banana,fresh
1479013,1462,86.20,809.00,65.65,0.421,3.954,0.321,banana,fresh
1480025,1463,86.45,809.00,65.45,0.423,3.954,0.320,banana,fresh
1481035,1464,86.45,809.00,65.35,0.423,3.954,0.319,banana,fresh
1482046,1465,86.60,809.00,65.30,0.423,3.954,0.319,banana,fresh
1483058,1466,86.35,809.00,65.55,0.422,3.954,0.320,banana,fresh
1484068,1467,86.35,809.00,65.35,0.422,3.954,0.319,banana,fresh
1485079,1468,86.60,809.00,65.35,0.423,3.954,0.319,banana,fresh
1486091,1469,86.40,809.00,65.50,0.422,3.954,0.320,banana,fresh
1487101,1470,86.35,809.00,65.55,0.422,3.954,0.320,banana,fresh
1488112,1471,86.45,809.00,65.45,0.423,3.954,0.320,banana,fresh
1489124,1472,86.30,809.00,65.50,0.422,3.954,0.320,banana,fresh
1490135,1473,86.50,809.00,65.40,0.423,3.954,0.320,banana,fresh
1491145,1474,86.40,809.00,65.60,0.422,3.954,0.321,banana,fresh
1492157,1475,86.50,809.05,65.50,0.423,3.954,0.320,banana,fresh
1493168,1476,86.50,809.00,65.50,0.423,3.954,0.320,banana,fresh
1494178,1477,86.20,809.00,65.35,0.421,3.954,0.319,banana,fresh
1495190,1478,86.25,809.00,65.55,0.422,3.954,0.320,banana,fresh
1496201,1479,86.45,809.00,65.35,0.423,3.954,0.319,banana,fresh
1497211,1480,86.45,809.00,65.40,0.423,3.954,0.320,banana,fresh
1498223,1481,86.50,809.00,65.50,0.423,3.954,0.320,banana,fresh
1499234,1482,86.45,809.00,65.55,0.423,3.954,0.320,banana,fresh
1500244,1483,86.35,809.00,65.55,0.422,3.954,0.320,banana,fresh
1501256,1484,86.35,809.05,65.50,0.422,3.954,0.320,banana,fresh
1502267,1485,86.65,809.00,65.65,0.424,3.954,0.321,banana,fresh
1503278,1486,86.50,809.10,65.35,0.423,3.955,0.319,banana,fresh
1504289,1487,86.65,809.05,65.45,0.424,3.954,0.320,banana,fresh
1505300,1488,86.45,809.00,65.55,0.423,3.954,0.320,banana,fresh
1506311,1489,86.40,809.10,65.45,0.422,3.955,0.320,banana,fresh
1507322,1490,86.45,809.10,65.50,0.423,3.955,0.320,banana,fresh
1508333,1491,86.55,809.10,65.60,0.423,3.955,0.321,banana,fresh
1509344,1492,86.50,809.00,65.30,0.423,3.954,0.319,banana,fresh
1510355,1493,86.35,809.05,65.70,0.422,3.954,0.321,banana,fresh
1511366,1494,86.55,809.10,65.55,0.423,3.955,0.320,banana,fresh
1512377,1495,86.45,809.05,65.45,0.423,3.954,0.320,banana,fresh
1513389,1496,86.60,809.00,65.45,0.423,3.954,0.320,banana,fresh
1514399,1497,86.20,809.15,65.50,0.421,3.955,0.320,banana,fresh
1515410,1498,86.55,809.10,65.40,0.423,3.955,0.320,banana,fresh
1516422,1499,86.65,809.10,65.70,0.424,3.955,0.321,banana,fresh
1517432,1500,86.35,809.15,65.65,0.422,3.955,0.321,banana,fresh
1518443,1501,86.40,809.00,65.55,0.422,3.954,0.320,banana,fresh
1519455,1502,86.65,809.00,65.50,0.424,3.954,0.320,banana,fresh
1520465,1503,86.45,809.10,65.45,0.423,3.955,0.320,banana,fresh
1521476,1504,86.45,809.10,65.40,0.423,3.955,0.320,banana,fresh
1522488,1505,86.50,809.15,65.45,0.423,3.955,0.320,banana,fresh
1523499,1506,86.30,809.15,65.50,0.422,3.955,0.320,banana,fresh
1524509,1507,86.35,809.30,65.65,0.422,3.956,0.321,banana,fresh
1525521,1508,86.55,809.15,65.50,0.423,3.955,0.320,banana,fresh
1526532,1509,86.45,809.35,65.65,0.423,3.956,0.321,banana,fresh
1527543,1510,86.35,809.35,65.35,0.422,3.956,0.319,banana,fresh
1528554,1511,86.55,809.20,65.65,0.423,3.955,0.321,banana,fresh
1529565,1512,86.40,809.10,65.50,0.422,3.955,0.320,banana,fresh
1530576,1513,86.50,809.20,65.40,0.423,3.955,0.320,banana,fresh
1531587,1514,86.40,809.20,65.50,0.422,3.955,0.320,banana,fresh
1532598,1515,86.55,809.40,65.25,0.423,3.956,0.319,banana,fresh
1533609,1516,86.40,809.15,65.50,0.422,3.955,0.320,banana,fresh
1534620,1517,86.40,809.50,65.35,0.422,3.957,0.319,banana,fresh
1535631,1518,86.40,809.35,65.60,0.422,3.956,0.321,banana,fresh
1536643,1519,86.40,809.50,65.40,0.422,3.957,0.320,banana,fresh
1537653,1520,86.30,809.40,65.40,0.422,3.956,0.320,banana,fresh
1538664,1521,86.25,809.30,65.40,0.422,3.956,0.320,banana,fresh
1539676,1522,86.40,809.45,65.55,0.422,3.956,0.320,banana,fresh
1540686,1523,86.25,809.65,65.60,0.422,3.957,0.321,banana,fresh
1541697,1524,86.40,809.50,65.20,0.422,3.957,0.319,banana,fresh
1542709,1525,86.50,809.35,65.45,0.423,3.956,0.320,banana,fresh
1543719,1526,86.40,809.50,65.50,0.422,3.957,0.320,banana,fresh
1544730,1527,86.30,809.30,65.50,0.422,3.956,0.320,banana,fresh
1545742,1528,86.30,809.60,65.35,0.422,3.957,0.319,banana,fresh
1546753,1529,86.30,809.50,65.15,0.422,3.957,0.318,banana,fresh
1547763,1530,86.30,809.50,65.45,0.422,3.957,0.320,banana,fresh
1548775,1531,86.50,809.65,65.45,0.423,3.957,0.320,banana,fresh
1549786,1532,86.50,809.45,65.35,0.423,3.956,0.319,banana,fresh
1550796,1533,86.40,809.70,65.55,0.422,3.957,0.320,banana,fresh
1551808,1534,86.30,809.60,65.30,0.422,3.957,0.319,banana,fresh
1552819,1535,86.55,809.55,65.45,0.423,3.957,0.320,banana,fresh
1553829,1536,86.40,809.50,65.35,0.422,3.957,0.319,banana,fresh
1554841,1537,86.55,809.60,65.35,0.423,3.957,0.319,banana,fresh
1555852,1538,86.35,809.75,65.50,0.422,3.958,0.320,banana,fresh
1556862,1539,86.35,809.75,65.40,0.422,3.958,0.320,banana,fresh
1557874,1540,86.40,809.55,65.30,0.422,3.957,0.319,banana,fresh
1558885,1541,86.25,809.80,65.40,0.422,3.958,0.320,banana,fresh
1559896,1542,86.35,809.80,65.40,0.422,3.958,0.320,banana,fresh
1560907,1543,86.45,809.80,65.40,0.423,3.958,0.320,banana,fresh
1561918,1544,86.25,809.70,65.55,0.422,3.957,0.320,banana,fresh
1562929,1545,86.30,809.90,65.20,0.422,3.958,0.319,banana,fresh
1563940,1546,86.30,809.70,65.35,0.422,3.957,0.319,banana,fresh
1564951,1547,86.30,809.90,65.30,0.422,3.958,0.319,banana,fresh
1565962,1548,86.35,809.75,65.40,0.422,3.958,0.320,banana,fresh
1566973,1549,86.45,809.85,65.50,0.423,3.958,0.320,banana,fresh
1567984,1550,86.35,809.60,65.40,0.422,3.957,0.320,banana,fresh
1568995,1551,86.20,809.85,65.25,0.421,3.958,0.319,banana,fresh
1570007,1552,86.30,809.95,65.35,0.422,3.959,0.319,banana,fresh
1571017,1553,86.40,809.80,65.35,0.422,3.958,0.319,banana,fresh
1572028,1554,86.40,809.70,65.55,0.422,3.957,0.320,banana,fresh
1573040,1555,86.30,809.75,65.20,0.422,3.958,0.319,banana,fresh
1574050,1556,86.30,809.80,65.15,0.422,3.958,0.318,banana,fresh
1575061,1557,86.30,809.95,65.40,0.422,3.959,0.320,banana,fresh
1576073,1558,86.45,809.90,65.45,0.423,3.958,0.320,banana,fresh
1577083,1559,86.15,809.90,65.25,0.421,3.958,0.319,banana,fresh
1578094,1560,86.30,809.85,65.40,0.422,3.958,0.320,banana,fresh
1579106,1561,86.15,809.90,65.45,0.421,3.958,0.320,banana,fresh
1580116,1562,86.20,810.00,65.40,0.421,3.959,0.320,banana,fresh
1581127,1563,86.40,810.00,65.25,0.422,3.959,0.319,banana,fresh
1582139,1564,86.25,809.95,65.30,0.422,3.959,0.319,banana,fresh
1583150,1565,86.15,809.95,65.30,0.421,3.959,0.319,banana,fresh
1584160,1566,86.10,809.90,65.40,0.421,3.958,0.320,banana,fresh
1585172,1567,86.45,809.90,65.30,0.423,3.958,0.319,banana,fresh
1586183,1568,86.25,810.00,65.55,0.422,3.959,0.320,banana,fresh
1587193,1569,86.25,810.00,65.20,0.422,3.959,0.319,banana,fresh
1588205,1570,86.50,809.95,65.30,0.423,3.959,0.319,banana,fresh
1589216,1571,86.35,810.00,65.35,0.422,3.959,0.319,banana,fresh
1590226,1572,86.30,809.90,65.15,0.422,3.958,0.318,banana,fresh
1591238,1573,86.30,810.00,65.35,0.422,3.959,0.319,banana,fresh
1592249,1574,86.25,809.90,65.40,0.422,3.958,0.320,banana,fresh
1593261,1575,86.30,809.95,65.40,0.422,3.959,0.320,banana,fresh
1594271,1576,86.15,810.00,65.40,0.421,3.959,0.320,banana,fresh
1595282,1577,86.20,810.00,65.25,0.421,3.959,0.319,banana,fresh
1596294,1578,86.30,809.95,65.25,0.422,3.959,0.319,banana,fresh
1597304,1579,86.25,810.00,65.30,0.422,3.959,0.319,banana,fresh
1598315,1580,86.15,810.00,65.25,0.421,3.959,0.319,banana,fresh
1599327,1581,86.20,810.00,65.30,0.421,3.959,0.319,banana,fresh
1600337,1582,86.10,810.00,65.35,0.421,3.959,0.319,banana,fresh
1601348,1583,86.35,810.00,65.40,0.422,3.959,0.320,banana,fresh
1602360,1584,86.20,810.00,65.40,0.421,3.959,0.320,banana,fresh
1603371,1585,86.20,810.00,65.25,0.421,3.959,0.319,banana,fresh
1604381,1586,86.25,810.00,65.35,0.422,3.959,0.319,banana,fresh
1605393,1587,86.35,810.05,65.20,0.422,3.959,0.319,banana,fresh
1606404,1588,86.40,810.00,65.45,0.422,3.959,0.320,banana,fresh
1607414,1589,86.35,809.95,65.35,0.422,3.959,0.319,banana,fresh
1608426,1590,86.45,810.00,65.25,0.423,3.959,0.319,banana,fresh
1609437,1591,86.15,810.00,65.10,0.421,3.959,0.318,banana,fresh
1610447,1592,86.35,810.00,65.25,0.422,3.959,0.319,banana,fresh
1611459,1593,86.15,810.00,65.25,0.421,3.959,0.319,banana,fresh
1612470,1594,86.25,810.00,65.20,0.422,3.959,0.319,banana,fresh
1613480,1595,86.25,810.00,65.35,0.422,3.959,0.319,banana,fresh
1614492,1596,86.25,810.00,65.35,0.422,3.959,0.319,banana,fresh
1615503,1597,86.30,810.00,65.20,0.422,3.959,0.319,banana,fresh
1616514,1598,86.35,810.00,65.20,0.422,3.959,0.319,banana,fresh
1617525,1599,86.25,810.00,65.25,0.422,3.959,0.319,banana,fresh
1618536,1600,86.20,810.00,65.05,0.421,3.959,0.318,banana,fresh
1619547,1601,86.15,810.00,65.25,0.421,3.959,0.319,banana,fresh
1620558,1602,86.10,810.05,65.35,0.421,3.959,0.319,banana,fresh
1621569,1603,86.35,810.00,65.35,0.422,3.959,0.319,banana,fresh
1622580,1604,86.10,810.00,65.30,0.421,3.959,0.319,banana,fresh
1623591,1605,86.15,810.00,65.15,0.421,3.959,0.318,banana,fresh
1624602,1606,86.05,810.00,65.30,0.421,3.959,0.319,banana,fresh
1625613,1607,86.20,810.00,65.10,0.421,3.959,0.318,banana,fresh
1626625,1608,86.35,810.00,65.20,0.422,3.959,0.319,banana,fresh
1627635,1609,86.15,810.00,65.20,0.421,3.959,0.319,banana,fresh
1628646,1610,86.15,810.00,65.30,0.421,3.959,0.319,banana,fresh
1629658,1611,86.15,810.00,65.05,0.421,3.959,0.318,banana,fresh
1630668,1612,86.15,810.00,65.20,0.421,3.959,0.319,banana,fresh
1631679,1613,86.30,810.00,65.15,0.422,3.959,0.318,banana,fresh
1632691,1614,86.15,810.00,65.30,0.421,3.959,0.319,banana,fresh
1633701,1615,86.25,810.00,65.30,0.422,3.959,0.319,banana,fresh
1634712,1616,86.25,810.00,65.20,0.422,3.959,0.319,banana,fresh
1635724,1617,86.25,810.00,65.30,0.422,3.959,0.319,banana,fresh
1636734,1618,86.25,810.05,65.35,0.422,3.959,0.319,banana,fresh
1637745,1619,86.25,810.00,65.10,0.422,3.959,0.318,banana,fresh
1638757,1620,86.25,810.05,65.25,0.422,3.959,0.319,banana,fresh
1639768,1621,86.10,810.00,65.35,0.421,3.959,0.319,banana,fresh
1640778,1622,86.30,810.10,65.10,0.422,3.959,0.318,banana,fresh
1641790,1623,86.35,810.05,65.25,0.422,3.959,0.319,banana,fresh
1642801,1624,86.15,810.05,65.30,0.421,3.959,0.319,banana,fresh
1643811,1625,86.25,810.05,65.25,0.422,3.959,0.319,banana,fresh
1644823,1626,86.10,810.10,65.25,0.421,3.959,0.319,banana,fresh
1645834,1627,86.15,810.00,65.25,0.421,3.959,0.319,banana,fresh
1646844,1628,86.20,810.05,65.25,0.421,3.959,0.319,banana,fresh
1647856,1629,86.15,810.10,65.10,0.421,3.959,0.318,banana,fresh
1648867,1630,86.10,810.15,65.10,0.421,3.960,0.318,banana,fresh
1649878,1631,86.35,810.15,65.20,0.422,3.960,0.319,banana,fresh
1650889,1632,86.05,810.05,65.40,0.421,3.959,0.320,banana,fresh
1651900,1633,86.10,810.10,65.25,0.421,3.959,0.319,banana,fresh
1652911,1634,86.15,810.25,65.40,0.421,3.960,0.320,banana,fresh
1653922,1635,86.10,810.00,65.35,0.421,3.959,0.319,banana,fresh
1654933,1636,86.10,810.05,65.15,0.421,3.959,0.318,banana,fresh
1655944,1637,86.05,810.05,65.30,0.421,3.959,0.319,banana,fresh
1656955,1638,86.15,810.00,65.30,0.421,3.959,0.319,banana,fresh
1657966,1639,86.10,810.05,65.25,0.421,3.959,0.319,banana,fresh
1658977,1640,86.30,810.00,65.45,0.422,3.959,0.320,banana,fresh
1659988,1641,86.00,810.10,65.35,0.420,3.959,0.319,banana,fresh
1660999,1642,86.20,810.10,65.25,0.421,3.959,0.319,banana,fresh
1662010,1643,86.00,810.10,65.20,0.420,3.959,0.319,banana,fresh
1663022,1644,86.10,810.15,65.30,0.421,3.960,0.319,banana,fresh
1664032,1645,86.10,810.35,65.15,0.421,3.961,0.318,banana,fresh
1665043,1646,86.05,810.10,65.30,0.421,3.959,0.319,banana,fresh
1666055,1647,86.10,810.20,65.20,0.421,3.960,0.319,banana,fresh
1667065,1648,86.10,810.20,65.45,0.421,3.960,0.320,banana,fresh
1668076,1649,86.15,810.15,65.40,0.421,3.960,0.320,banana,fresh
1669088,1650,86.05,810.10,65.35,0.421,3.959,0.319,banana,fresh
1670098,1651,86.00,810.15,65.20,0.420,3.960,0.319,banana,fresh
1671109,1652,86.10,810.15,65.45,0.421,3.960,0.320,banana,fresh
1672121,1653,86.05,810.30,65.35,0.421,3.960,0.319,banana,fresh
1673132,1654,86.00,810.15,65.45,0.420,3.960,0.320,banana,fresh
1674142,1655,86.20,810.10,65.30,0.421,3.959,0.319,banana,fresh
1675154,1656,86.05,810.20,65.40,0.421,3.960,0.320,banana,fresh
1676165,1657,86.15,810.20,65.35,0.421,3.960,0.319,banana,fresh
1677175,1658,86.10,810.40,65.55,0.421,3.961,0.320,banana,fresh
1678187,1659,86.10,810.40,65.40,0.421,3.961,0.320,banana,fresh
1679198,1660,86.10,810.50,65.40,0.421,3.961,0.320,banana,fresh
1680208,1661,86.00,810.40,65.45,0.420,3.961,0.320,banana,fresh
1681220,1662,86.05,810.45,65.30,0.421,3.961,0.319,banana,fresh
1682231,1663,86.10,810.35,65.50,0.421,3.961,0.320,banana,fresh
1683241,1664,86.15,810.35,65.65,0.421,3.961,0.321,banana,fresh
1684253,1665,86.05,810.40,65.50,0.421,3.961,0.320,banana,fresh
1685264,1666,86.15,810.40,65.30,0.421,3.961,0.319,banana,fresh
1686275,1667,86.00,810.50,65.45,0.420,3.961,0.320,banana,fresh
1687286,1668,86.05,810.55,65.60,0.421,3.962,0.321,banana,fresh
1688297,1669,86.05,810.50,65.45,0.421,3.961,0.320,banana,fresh
1689308,1670,86.05,810.45,65.45,0.421,3.961,0.320,banana,fresh
1690319,1671,86.10,810.65,65.55,0.421,3.962,0.320,banana,fresh
1691330,1672,86.15,810.45,65.70,0.421,3.961,0.321,banana,fresh
1692341,1673,86.05,810.55,65.55,0.421,3.962,0.320,banana,fresh
1693352,1674,86.05,810.50,65.70,0.421,3.961,0.321,banana,fresh
1694363,1675,86.05,810.65,65.60,0.421,3.962,0.321,banana,fresh
1695374,1676,86.10,810.65,65.60,0.421,3.962,0.321,banana,fresh
1696386,1677,86.15,810.45,65.80,0.421,3.961,0.322,banana,fresh
1697396,1678,86.05,810.50,65.30,0.421,3.961,0.319,banana,fresh
1698407,1679,86.05,810.70,65.75,0.421,3.962,0.321,banana,fresh
1699419,1680,86.00,810.45,65.65,0.420,3.961,0.321,banana,fresh
1700429,1681,86.15,810.70,65.55,0.421,3.962,0.320,banana,fresh
1701440,1682,86.00,810.65,65.65,0.420,3.962,0.321,banana,fresh
1702452,1683,86.10,810.75,65.80,0.421,3.963,0.322,banana,fresh
1703462,1684,86.05,810.80,65.65,0.421,3.963,0.321,banana,fresh
1704473,1685,86.05,810.65,65.50,0.421,3.962,0.320,banana,fresh
1705485,1686,86.00,810.80,65.70,0.420,3.963,0.321,banana,fresh
1706496,1687,86.15,810.80,65.55,0.421,3.963,0.320,banana,fresh
1707506,1688,86.15,810.80,65.65,0.421,3.963,0.321,banana,fresh
1708518,1689,86.05,810.75,65.85,0.421,3.963,0.322,banana,fresh
1709529,1690,86.15,810.85,65.65,0.421,3.963,0.321,banana,fresh
1710539,1691,86.10,810.80,65.60,0.421,3.963,0.321,banana,fresh
1711551,1692,86.15,810.70,65.80,0.421,3.962,0.322,banana,fresh
1712562,1693,86.20,810.90,65.70,0.421,3.963,0.321,banana,fresh
1713572,1694,86.15,810.95,65.70,0.421,3.964,0.321,banana,fresh
1714584,1695,86.10,810.85,65.75,0.421,3.963,0.321,banana,fresh
1715595,1696,86.10,810.95,65.85,0.421,3.964,0.322,banana,fresh
1716605,1697,86.15,810.95,65.75,0.421,3.964,0.321,banana,fresh
1717617,1698,86.10,810.95,65.65,0.421,3.964,0.321,banana,fresh
1718628,1699,86.00,810.80,65.60,0.420,3.963,0.321,banana,fresh
1719639,1700,86.00,810.95,65.60,0.420,3.964,0.321,banana,fresh
1720650,1701,86.05,810.95,65.60,0.421,3.964,0.321,banana,fresh
1721661,1702,86.10,810.90,65.80,0.421,3.963,0.322,banana,fresh
1722672,1703,86.15,810.95,65.70,0.421,3.964,0.321,banana,fresh
1723683,1704,86.15,810.90,65.80,0.421,3.963,0.322,banana,fresh
1724694,1705,86.05,810.85,65.75,0.421,3.963,0.321,banana,fresh
1725706,1706,86.10,811.00,65.80,0.421,3.964,0.322,banana,fresh
1726716,1707,86.05,811.00,65.70,0.421,3.964,0.321,banana,fresh
1727727,1708,86.00,811.00,65.90,0.420,3.964,0.322,banana,fresh
1728739,1709,86.10,811.00,65.80,0.421,3.964,0.322,banana,fresh
1729750,1710,86.05,811.00,65.75,0.421,3.964,0.321,banana,fresh
1730760,1711,86.10,811.00,65.80,0.421,3.964,0.322,banana,fresh
1731771,1712,86.10,810.95,65.85,0.421,3.964,0.322,banana,fresh
1732783,1713,86.10,811.00,65.85,0.421,3.964,0.322,banana,fresh
1733793,1714,86.10,811.00,65.85,0.421,3.964,0.322,banana,fresh
1734805,1715,86.15,811.00,65.75,0.421,3.964,0.321,banana,fresh
1735816,1716,86.00,811.00,65.80,0.420,3.964,0.322,banana,fresh
1736826,1717,86.05,811.00,65.75,0.421,3.964,0.321,banana,fresh
1737838,1718,86.10,811.00,65.75,0.421,3.964,0.321,banana,fresh
1738849,1719,86.10,811.00,65.65,0.421,3.964,0.321,banana,fresh
1739859,1720,86.05,811.00,65.90,0.421,3.964,0.322,banana,fresh
1740871,1721,86.15,811.00,65.85,0.421,3.964,0.322,banana,fresh
1741882,1722,86.20,811.00,65.85,0.421,3.964,0.322,banana,fresh
1742893,1723,86.15,811.05,65.70,0.421,3.964,0.321,banana,fresh
1743904,1724,86.05,811.00,65.75,0.421,3.964,0.321,banana,fresh
1744915,1725,86.20,811.00,65.75,0.421,3.964,0.321,banana,fresh
1745926,1726,86.15,811.00,65.90,0.421,3.964,0.322,banana,fresh
1746937,1727,86.35,811.10,65.85,0.422,3.964,0.322,banana,fresh
1747948,1728,86.30,811.05,65.85,0.422,3.964,0.322,banana,fresh
1748959,1729,86.15,811.00,65.85,0.421,3.964,0.322,banana,fresh
1749970,1730,86.20,811.00,65.85,0.421,3.964,0.322,banana,fresh
1750981,1731,86.25,811.10,65.90,0.422,3.964,0.322,banana,fresh
1751992,1732,86.10,811.10,65.70,0.421,3.964,0.321,banana,fresh
1753004,1733,86.25,811.15,65.90,0.422,3.965,0.322,banana,fresh
1754014,1734,86.15,811.05,65.95,0.421,3.964,0.322,banana,fresh
1755025,1735,86.15,811.05,65.85,0.421,3.964,0.322,banana,fresh
1756037,1736,86.10,811.00,66.00,0.421,3.964,0.323,banana,fresh
1757047,1737,86.10,811.10,65.90,0.421,3.964,0.322,banana,fresh
1758058,1738,86.15,811.15,65.90,0.421,3.965,0.322,banana,fresh
1759070,1739,86.10,811.15,65.90,0.421,3.965,0.322,banana,fresh
1760080,1740,86.20,811.15,65.95,0.421,3.965,0.322,banana,fresh
1761091,1741,86.20,811.15,65.95,0.421,3.965,0.322,banana,fresh
1762103,1742,86.20,811.15,65.90,0.421,3.965,0.322,banana,fresh
1763113,1743,86.25,811.15,65.95,0.422,3.965,0.322,banana,fresh
1764124,1744,86.20,811.20,65.75,0.421,3.965,0.321,banana,fresh
1765136,1745,86.40,811.30,65.90,0.422,3.965,0.322,banana,fresh
1766147,1746,86.20,811.35,65.90,0.421,3.966,0.322,banana,fresh
1767157,1747,86.20,811.35,65.95,0.421,3.966,0.322,banana,fresh
1768169,1748,86.40,811.45,65.95,0.422,3.966,0.322,banana,fresh
1769180,1749,86.35,811.75,65.90,0.422,3.967,0.322,banana,fresh
1770190,1750,86.25,811.70,66.00,0.422,3.967,0.323,banana,fresh
1771202,1751,86.50,811.60,65.95,0.423,3.967,0.322,banana,fresh
1772213,1752,86.35,811.75,65.90,0.422,3.967,0.322,banana,fresh
1773223,1753,86.10,811.65,65.95,0.421,3.967,0.322,banana,fresh
1774235,1754,86.45,811.70,65.85,0.423,3.967,0.322,banana,fresh
1775246,1755,86.30,811.65,65.90,0.422,3.967,0.322,banana,fresh
1776257,1756,86.55,811.70,65.90,0.423,3.967,0.322,banana,fresh
1777268,1757,86.40,811.70,66.00,0.422,3.967,0.323,banana,fresh
1778279,1758,86.40,811.80,65.95,0.422,3.968,0.322,banana,fresh
1779290,1759,86.15,811.90,66.00,0.421,3.968,0.323,banana,fresh
1780301,1760,86.30,811.95,66.00,0.422,3.968,0.323,banana,fresh
1781312,1761,86.20,811.90,65.95,0.421,3.968,0.322,banana,fresh
1782323,1762,86.25,811.85,65.95,0.422,3.968,0.322,banana,fresh
1783334,1763,86.40,811.95,65.95,0.422,3.968,0.322,banana,fresh
1784345,1764,86.40,812.00,66.00,0.422,3.969,0.323,banana,fresh
1785357,1765,86.40,811.95,66.00,0.422,3.968,0.323,banana,fresh
1786368,1766,86.40,812.00,65.95,0.422,3.969,0.322,banana,fresh
1787378,1767,86.30,812.00,65.85,0.422,3.969,0.322,banana,fresh
1788390,1768,86.50,811.95,66.00,0.423,3.968,0.323,banana,fresh
1789401,1769,86.35,812.00,65.95,0.422,3.969,0.322,banana,fresh
1790411,1770,86.35,812.00,65.95,0.422,3.969,0.322,banana,fresh
1791423,1771,86.50,812.00,66.00,0.423,3.969,0.323,banana,fresh
1792434,1772,86.50,812.00,66.05,0.423,3.969,0.323,banana,fresh
1793444,1773,86.45,812.00,66.00,0.423,3.969,0.323,banana,fresh
1794456,1774,86.70,812.00,66.00,0.424,3.969,0.323,banana,fresh
1795467,1775,86.40,812.00,66.00,0.422,3.969,0.323,banana,fresh
1796477,1776,86.50,812.00,66.00,0.423,3.969,0.323,banana,fresh
1797489,1777,86.60,812.00,66.00,0.423,3.969,0.323,banana,fresh
1798500,1778,86.60,812.05,65.95,0.423,3.969,0.322,banana,fresh
1799511,1779,86.50,812.00,66.00,0.423,3.969,0.323,banana,fresh
1800522,1780,86.60,812.00,66.00,0.423,3.969,0.323,banana,fresh
1801533,1781,86.70,812.00,66.00,0.424,3.969,0.323,banana,fresh
1802544,1782,86.55,812.00,66.00,0.423,3.969,0.323,banana,fresh
1803555,1783,86.75,812.15,66.00,0.424,3.969,0.323,banana,fresh
1804566,1784,86.65,812.25,66.00,0.424,3.970,0.323,banana,fresh
1805577,1785,86.70,812.05,66.00,0.424,3.969,0.323,banana,fresh
1806588,1786,86.65,812.10,66.00,0.424,3.969,0.323,banana,fresh
1807599,1787,86.65,812.25,66.00,0.424,3.970,0.323,banana,fresh
1808610,1788,86.90,812.20,66.00,0.425,3.970,0.323,banana,fresh
1809622,1789,86.60,812.20,66.00,0.423,3.970,0.323,banana,fresh
1810632,1790,86.90,812.15,66.00,0.425,3.969,0.323,banana,fresh
1811643,1791,86.60,812.30,66.00,0.423,3.970,0.323,banana,fresh
1812654,1792,86.80,812.45,66.00,0.424,3.971,0.323,banana,fresh
1813665,1793,86.80,812.40,65.95,0.424,3.971,0.322,banana,fresh
1814676,1794,86.65,812.35,65.95,0.424,3.970,0.322,banana,fresh
1815688,1795,86.65,812.45,66.05,0.424,3.971,0.323,banana,fresh
1816698,1796,86.80,812.50,66.00,0.424,3.971,0.323,banana,fresh
1817709,1797,86.80,812.45,66.00,0.424,3.971,0.323,banana,fresh
1818721,1798,86.85,812.55,66.00,0.424,3.971,0.323,banana,fresh
1819731,1799,86.85,812.65,66.00,0.424,3.972,0.323,banana,fresh
1820742,1800,86.80,812.60,66.05,0.424,3.972,0.323,banana,fresh
1821754,1801,86.90,812.60,66.00,0.425,3.972,0.323,banana,fresh
1822765,1802,86.90,812.75,66.00,0.425,3.972,0.323,banana,fresh
1823775,1803,86.95,812.70,66.05,0.425,3.972,0.323,banana,fresh
1824787,1804,86.75,812.80,66.05,0.424,3.973,0.323,banana,fresh
1825798,1805,86.95,812.90,66.00,0.425,3.973,0.323,banana,fresh
1826808,1806,86.90,812.75,66.00,0.425,3.972,0.323,banana,fresh
1827820,1807,86.95,812.85,66.00,0.425,3.973,0.323,banana,fresh
1828831,1808,86.75,812.95,66.00,0.424,3.973,0.323,banana,fresh
1829841,1809,86.95,812.90,66.00,0.425,3.973,0.323,banana,fresh
1830853,1810,86.90,812.85,66.00,0.425,3.973,0.323,banana,fresh
1831864,1811,86.95,812.85,66.00,0.425,3.973,0.323,banana,fresh
1832875,1812,87.00,812.95,66.00,0.425,3.973,0.323,banana,fresh
1833886,1813,86.90,813.00,66.00,0.425,3.974,0.323,banana,fresh
1834897,1814,87.00,813.05,66.00,0.425,3.974,0.323,banana,fresh
1835908,1815,86.95,813.00,66.00,0.425,3.974,0.323,banana,fresh
1836918,1816,86.95,813.00,66.05,0.425,3.974,0.323,banana,fresh
1837930,1817,86.95,813.00,66.05,0.425,3.974,0.323,banana,fresh
1838941,1818,86.90,813.00,66.05,0.425,3.974,0.323,banana,fresh
1839951,1819,86.95,813.00,66.00,0.425,3.974,0.323,banana,fresh
1840963,1820,86.95,813.00,66.05,0.425,3.974,0.323,banana,fresh
1841974,1821,87.00,813.00,66.00,0.425,3.974,0.323,banana,fresh
1842984,1822,86.90,813.00,66.00,0.425,3.974,0.323,banana,fresh
1843996,1823,86.95,813.00,66.00,0.425,3.974,0.323,banana,fresh
1845007,1824,87.00,813.00,66.00,0.425,3.974,0.323,banana,fresh
1846018,1825,87.05,813.00,66.05,0.425,3.974,0.323,banana,fresh
1847029,1826,87.00,813.00,66.05,0.425,3.974,0.323,banana,fresh
1848040,1827,87.00,813.00,66.05,0.425,3.974,0.323,banana,fresh
1849051,1828,86.95,813.05,66.05,0.425,3.974,0.323,banana,fresh
1850062,1829,87.00,813.15,66.10,0.425,3.974,0.323,banana,fresh
1851073,1830,87.00,813.10,66.10,0.425,3.974,0.323,banana,fresh
1852084,1831,86.90,813.05,66.10,0.425,3.974,0.323,banana,fresh
1853095,1832,86.95,813.05,66.00,0.425,3.974,0.323,banana,fresh
1854106,1833,87.00,813.10,66.10,0.425,3.974,0.323,banana,fresh
1855117,1834,87.00,813.20,66.10,0.425,3.975,0.323,banana,fresh
1856129,1835,87.00,813.05,66.20,0.425,3.974,0.324,banana,fresh
1857139,1836,86.95,813.15,66.20,0.425,3.974,0.324,banana,fresh
1858151,1837,87.00,813.20,66.10,0.425,3.975,0.323,banana,fresh
1859162,1838,87.05,813.20,66.10,0.425,3.975,0.323,banana,fresh
1860172,1839,87.00,813.30,66.00,0.425,3.975,0.323,banana,fresh
1861184,1840,87.05,813.40,66.10,0.425,3.976,0.323,banana,fresh
1862195,1841,87.00,813.45,66.10,0.425,3.976,0.323,banana,fresh
1863205,1842,87.05,813.50,66.00,0.425,3.976,0.323,banana,fresh
1864217,1843,87.00,813.55,66.05,0.425,3.976,0.323,banana,fresh
1865228,1844,86.95,813.40,66.15,0.425,3.976,0.323,banana,fresh
1866238,1845,87.05,813.75,66.15,0.425,3.977,0.323,banana,fresh
1867250,1846,87.00,813.55,66.10,0.425,3.976,0.323,banana,fresh
1868261,1847,87.00,813.65,66.00,0.425,3.977,0.323,banana,fresh
1869272,1848,86.95,813.70,66.15,0.425,3.977,0.323,banana,fresh
1870283,1849,87.00,813.70,66.20,0.425,3.977,0.324,banana,fresh
1871294,1850,87.00,813.50,66.10,0.425,3.976,0.323,banana,fresh
1872305,1851,87.05,813.70,66.40,0.425,3.977,0.325,banana,fresh
1873316,1852,87.10,813.85,66.15,0.426,3.978,0.323,banana,fresh
1874327,1853,87.05,813.75,66.05,0.425,3.977,0.323,banana,fresh
1875338,1854,87.05,813.75,66.15,0.425,3.977,0.323,banana,fresh
1876349,1855,87.05,813.75,66.10,0.425,3.977,0.323,banana,fresh
1877360,1856,87.05,813.85,66.30,0.425,3.978,0.324,banana,fresh
1878371,1857,87.00,813.90,66.20,0.425,3.978,0.324,banana,fresh
1879383,1858,87.00,814.00,66.15,0.425,3.978,0.323,banana,fresh
1880393,1859,87.00,814.00,66.05,0.425,3.978,0.323,banana,fresh
1881404,1860,87.15,814.00,66.05,0.426,3.978,0.323,banana,fresh
1882416,1861,87.05,814.00,66.10,0.425,3.978,0.323,banana,fresh
1883426,1862,87.15,813.95,66.25,0.426,3.978,0.324,banana,fresh
1884437,1863,87.00,814.00,66.15,0.425,3.978,0.323,banana,fresh
1885448,1864,87.10,814.00,66.20,0.426,3.978,0.324,banana,fresh
1886459,1865,87.00,814.00,66.25,0.425,3.978,0.324,banana,fresh
1887470,1866,87.10,814.00,66.45,0.426,3.978,0.325,banana,fresh
1888482,1867,87.10,814.00,66.25,0.426,3.978,0.324,banana,fresh
1889492,1868,87.05,814.00,66.25,0.425,3.978,0.324,banana,fresh
1890503,1869,87.00,814.00,66.45,0.425,3.978,0.325,banana,fresh
1891514,1870,87.15,814.00,66.30,0.426,3.978,0.324,banana,fresh
1892526,1871,87.05,814.00,66.20,0.425,3.978,0.324,banana,fresh
1893536,1872,87.10,814.00,66.20,0.426,3.978,0.324,banana,fresh
1894547,1873,87.10,814.00,66.40,0.426,3.978,0.325,banana,fresh
1895559,1874,87.00,814.00,66.55,0.425,3.978,0.325,banana,fresh
1896569,1875,87.05,814.00,66.45,0.425,3.978,0.325,banana,fresh
1897580,1876,87.10,814.00,66.30,0.426,3.978,0.324,banana,fresh
1898592,1877,87.25,814.00,66.40,0.426,3.978,0.325,banana,fresh
1899602,1878,87.20,814.10,66.45,0.426,3.979,0.325,banana,fresh
1900614,1879,87.00,814.00,66.50,0.425,3.978,0.325,banana,fresh
1901625,1880,87.15,814.05,66.50,0.426,3.979,0.325,banana,fresh
1902636,1881,87.15,814.00,66.65,0.426,3.978,0.326,banana,fresh
1903646,1882,87.30,814.05,66.45,0.427,3.979,0.325,banana,fresh
1904658,1883,87.20,814.05,66.55,0.426,3.979,0.325,banana,fresh
1905669,1884,87.30,814.00,66.45,0.427,3.978,0.325,banana,fresh
1906679,1885,87.25,814.15,66.40,0.426,3.979,0.325,banana,fresh
1907691,1886,87.30,814.15,66.60,0.427,3.979,0.326,banana,fresh
1908702,1887,87.20,814.05,66.60,0.426,3.979,0.326,banana,fresh
1909713,1888,87.15,814.20,66.60,0.426,3.979,0.326,banana,fresh
1910724,1889,87.20,814.10,66.60,0.426,3.979,0.326,banana,fresh
1911735,1890,87.15,814.15,66.60,0.426,3.979,0.326,banana,fresh
1912747,1891,87.20,814.20,66.65,0.426,3.979,0.326,banana,fresh
1913757,1892,87.25,814.25,66.60,0.426,3.980,0.326,banana,fresh
1914768,1893,87.45,814.35,66.55,0.427,3.980,0.325,banana,fresh
1915780,1894,87.40,814.30,66.65,0.427,3.980,0.326,banana,fresh
1916790,1895,87.25,814.55,66.65,0.426,3.981,0.326,banana,fresh
1917801,1896,87.35,814.50,66.75,0.427,3.981,0.326,banana,fresh
1918813,1897,87.35,814.55,66.65,0.427,3.981,0.326,banana,fresh
1919823,1898,87.65,814.65,66.40,0.428,3.982,0.325,banana,fresh
1920834,1899,87.35,814.40,66.70,0.427,3.980,0.326,banana,fresh
1921846,1900,87.20,814.55,66.90,0.426,3.981,0.327,banana,fresh
1922856,1901,87.45,814.55,66.75,0.427,3.981,0.326,banana,fresh
1923867,1902,87.40,814.60,66.70,0.427,3.981,0.326,banana,fresh
1924879,1903,87.40,814.85,66.90,0.427,3.983,0.327,banana,fresh
1925890,1904,87.45,814.75,66.85,0.427,3.982,0.327,banana,fresh
1926900,1905,87.40,814.80,66.90,0.427,3.982,0.327,banana,fresh
1927912,1906,87.50,814.80,66.70,0.428,3.982,0.326,banana,fresh
1928923,1907,87.45,814.90,66.80,0.427,3.983,0.326,banana,fresh
1929933,1908,87.45,814.90,66.85,0.427,3.983,0.327,banana,fresh
1930945,1909,87.60,815.00,66.75,0.428,3.983,0.326,banana,fresh
1931956,1910,87.65,814.95,66.85,0.428,3.983,0.327,banana,fresh
1932966,1911,87.65,814.95,66.70,0.428,3.983,0.326,banana,fresh
1933978,1912,87.65,814.95,66.85,0.428,3.983,0.327,banana,fresh
1934989,1913,87.65,814.95,66.90,0.428,3.983,0.327,banana,fresh
1936000,1914,87.70,815.00,66.75,0.429,3.983,0.326,banana,fresh
1937011,1915,87.70,815.00,66.80,0.429,3.983,0.326,banana,fresh
1938022,1916,87.60,815.00,66.90,0.428,3.983,0.327,banana,fresh
1939033,1917,87.80,814.95,66.85,0.429,3.983,0.327,banana,fresh
1940044,1918,87.50,815.00,66.80,0.428,3.983,0.326,banana,fresh
1941055,1919,87.65,815.00,66.95,0.428,3.983,0.327,banana,fresh
1942066,1920,87.65,815.00,66.90,0.428,3.983,0.327,banana,fresh
1943077,1921,87.85,815.00,66.75,0.429,3.983,0.326,banana,fresh
1944088,1922,87.70,815.00,66.80,0.429,3.983,0.326,banana,fresh
1945099,1923,87.85,815.00,66.80,0.429,3.983,0.326,banana,fresh
1946110,1924,87.70,815.00,66.90,0.429,3.983,0.327,banana,fresh
1947121,1925,87.70,815.00,66.90,0.429,3.983,0.327,banana,fresh
1948132,1926,87.55,815.00,66.90,0.428,3.983,0.327,banana,fresh
1949144,1927,87.75,815.00,66.95,0.429,3.983,0.327,banana,fresh
1950154,1928,87.70,815.00,66.95,0.429,3.983,0.327,banana,fresh
1951165,1929,87.90,815.05,66.80,0.430,3.984,0.326,banana,fresh
1952177,1930,87.75,815.10,66.95,0.429,3.984,0.327,banana,fresh
1953187,1931,87.85,815.00,66.95,0.429,3.983,0.327,banana,fresh
1954199,1932,87.80,815.10,66.95,0.429,3.984,0.327,banana,fresh
1955210,1933,87.85,815.05,66.90,0.429,3.984,0.327,banana,fresh
1956220,1934,87.70,815.00,66.95,0.429,3.983,0.327,banana,fresh
1957232,1935,87.90,815.15,66.90,0.430,3.984,0.327,banana,fresh
1958243,1936,87.85,815.05,66.95,0.429,3.984,0.327,banana,fresh
1959254,1937,87.90,815.05,67.00,0.430,3.984,0.327,banana,fresh
1960265,1938,87.80,815.20,66.95,0.429,3.984,0.327,banana,fresh
1961276,1939,87.75,815.05,67.00,0.429,3.984,0.327,banana,fresh
1962287,1940,87.95,815.15,66.95,0.430,3.984,0.327,banana,fresh
1963298,1941,87.80,815.35,66.90,0.429,3.985,0.327,banana,fresh
1964309,1942,87.75,815.10,66.95,0.429,3.984,0.327,banana,fresh
1965320,1943,88.00,815.20,67.00,0.430,3.984,0.327,banana,fresh
1966331,1944,88.00,815.30,67.00,0.430,3.985,0.327,banana,fresh
1967342,1945,88.00,815.35,67.00,0.430,3.985,0.327,banana,fresh
1968353,1946,87.95,815.25,66.95,0.430,3.985,0.327,banana,fresh
1969364,1947,87.90,815.20,67.00,0.430,3.984,0.327,banana,fresh
1970375,1948,87.90,815.30,67.00,0.430,3.985,0.327,banana,fresh
1971386,1949,87.95,815.25,67.00,0.430,3.985,0.327,banana,fresh
1972397,1950,87.85,815.45,66.95,0.429,3.986,0.327,banana,fresh
1973408,1951,87.95,815.30,67.00,0.430,3.985,0.327,banana,fresh
1974419,1952,88.00,815.50,67.00,0.430,3.986,0.327,banana,fresh
1975431,1953,87.95,815.30,67.00,0.430,3.985,0.327,banana,fresh
1976441,1954,87.95,815.45,67.00,0.430,3.986,0.327,banana,fresh
1977452,1955,88.00,815.55,66.95,0.430,3.986,0.327,banana,fresh
1978464,1956,87.85,815.65,67.00,0.429,3.987,0.327,banana,fresh
1979474,1957,87.95,815.70,66.95,0.430,3.987,0.327,banana,fresh
1980485,1958,87.90,815.80,67.00,0.430,3.987,0.327,banana,fresh
1981497,1959,88.00,815.85,67.00,0.430,3.988,0.327,banana,fresh
1982508,1960,87.90,815.90,67.00,0.430,3.988,0.327,banana,fresh
1983518,1961,87.95,815.95,67.00,0.430,3.988,0.327,banana,fresh
1984529,1962,88.00,815.95,67.00,0.430,3.988,0.327,banana,fresh
1985541,1963,87.95,815.90,67.00,0.430,3.988,0.327,banana,fresh
1986551,1964,88.00,815.90,67.00,0.430,3.988,0.327,banana,fresh
1987562,1965,88.00,815.95,66.95,0.430,3.988,0.327,banana,fresh
1988574,1966,88.00,816.00,66.95,0.430,3.988,0.327,banana,fresh
1989584,1967,87.95,816.00,67.00,0.430,3.988,0.327,banana,fresh
1990595,1968,87.90,816.00,67.00,0.430,3.988,0.327,banana,fresh
1991607,1969,88.00,815.95,67.00,0.430,3.988,0.327,banana,fresh
1992617,1970,88.00,816.00,67.00,0.430,3.988,0.327,banana,fresh
1993628,1971,87.90,816.00,67.00,0.430,3.988,0.327,banana,fresh
1994640,1972,88.00,816.00,67.00,0.430,3.988,0.327,banana,fresh
1995651,1973,88.00,816.00,67.00,0.430,3.988,0.327,banana,fresh
1996661,1974,88.00,816.00,67.00,0.430,3.988,0.327,banana,fresh
1997673,1975,88.00,816.00,67.00,0.430,3.988,0.327,banana,fresh
1998684,1976,88.00,816.00,67.10,0.430,3.988,0.328,banana,fresh
1999694,1977,87.95,816.00,67.00,0.430,3.988,0.327,banana,fresh
2000706,1978,88.00,816.00,67.00,0.430,3.988,0.327,banana,fresh
2001717,1979,88.00,816.00,67.00,0.430,3.988,0.327,banana,fresh
2002727,1980,88.00,816.00,67.00,0.430,3.988,0.327,banana,fresh
2003738,1981,88.00,816.00,67.00,0.430,3.988,0.327,banana,fresh
2004750,1982,88.00,816.00,67.00,0.430,3.988,0.327,banana,fresh
2005761,1983,88.00,816.00,67.00,0.430,3.988,0.327,banana,fresh
2006771,1984,88.00,816.00,67.00,0.430,3.988,0.327,banana,fresh
2007783,1985,88.00,816.05,67.00,0.430,3.989,0.327,banana,fresh
2008794,1986,88.00,816.00,67.00,0.430,3.988,0.327,banana,fresh
2009804,1987,88.00,816.00,67.00,0.430,3.988,0.327,banana,fresh
2010816,1988,88.00,816.00,67.05,0.430,3.988,0.328,banana,fresh
2011827,1989,88.00,816.05,67.00,0.430,3.989,0.327,banana,fresh
2012837,1990,88.00,816.00,67.00,0.430,3.988,0.327,banana,fresh
2013848,1991,88.00,816.00,67.00,0.430,3.988,0.327,banana,fresh
2014860,1992,88.05,816.00,67.00,0.430,3.988,0.327,banana,fresh
2015870,1993,88.00,816.05,67.10,0.430,3.989,0.328,banana,fresh
2016881,1994,88.00,816.05,67.05,0.430,3.989,0.328,banana,fresh
2017893,1995,88.00,816.05,67.05,0.430,3.989,0.328,banana,fresh
2018904,1996,88.00,816.00,67.00,0.430,3.988,0.327,banana,fresh
2019914,1997,87.95,816.00,67.00,0.430,3.988,0.327,banana,fresh
2020926,1998,88.00,816.10,67.00,0.430,3.989,0.327,banana,fresh
2021937,1999,88.05,816.10,67.00,0.430,3.989,0.327,banana,fresh
2022947,2000,88.00,816.05,67.05,0.430,3.989,0.328,banana,fresh
2023959,2001,88.00,816.05,67.05,0.430,3.989,0.328,banana,fresh
2024970,2002,88.05,816.10,67.00,0.430,3.989,0.327,banana,fresh
2025980,2003,88.00,816.10,67.00,0.430,3.989,0.327,banana,fresh
2026992,2004,88.00,816.10,67.00,0.430,3.989,0.327,banana,fresh
2028003,2005,88.00,816.15,67.00,0.430,3.989,0.327,banana,fresh
2029014,2006,88.05,816.05,67.00,0.430,3.989,0.327,banana,fresh
2030025,2007,88.00,816.15,67.00,0.430,3.989,0.327,banana,fresh
2031036,2008,88.00,816.10,67.05,0.430,3.989,0.328,banana,fresh
2032047,2009,88.00,816.10,67.00,0.430,3.989,0.327,banana,fresh
2033057,2010,88.05,816.10,67.00,0.430,3.989,0.327,banana,fresh
2034069,2011,88.00,816.40,67.00,0.430,3.990,0.327,banana,fresh
2035080,2012,88.00,816.35,66.95,0.430,3.990,0.327,banana,fresh
2036090,2013,88.00,816.20,67.05,0.430,3.989,0.328,banana,fresh
2037102,2014,88.00,816.40,67.05,0.430,3.990,0.328,banana,fresh
2038113,2015,88.00,816.30,67.05,0.430,3.990,0.328,banana,fresh
2039123,2016,88.00,816.45,67.00,0.430,3.990,0.327,banana,fresh
2040135,2017,88.00,816.35,67.05,0.430,3.990,0.328,banana,fresh
2041146,2018,88.05,816.40,67.10,0.430,3.990,0.328,banana,fresh
2042157,2019,88.10,816.45,67.10,0.431,3.990,0.328,banana,fresh
2043168,2020,88.00,816.65,67.05,0.430,3.991,0.328,banana,fresh
2044179,2021,88.00,816.35,67.05,0.430,3.990,0.328,banana,fresh
2045190,2022,88.15,816.25,67.05,0.431,3.989,0.328,banana,fresh
2046201,2023,88.00,816.50,67.00,0.430,3.991,0.327,banana,fresh
2047212,2024,88.00,816.30,67.10,0.430,3.990,0.328,banana,fresh
2048223,2025,88.00,816.40,67.00,0.430,3.990,0.327,banana,fresh
2049234,2026,88.00,816.50,67.15,0.430,3.991,0.328,banana,fresh
2050245,2027,88.00,816.60,67.10,0.430,3.991,0.328,banana,fresh
2051256,2028,88.00,816.50,67.00,0.430,3.991,0.327,banana,fresh
2052268,2029,88.00,816.45,67.00,0.430,3.990,0.327,banana,fresh
2053278,2030,88.05,816.75,67.05,0.430,3.992,0.328,banana,fresh
2054289,2031,88.05,816.75,67.10,0.430,3.992,0.328,banana,fresh
2055300,2032,88.00,816.65,67.00,0.430,3.991,0.327,banana,fresh
2056311,2033,88.00,816.50,67.00,0.430,3.991,0.327,banana,fresh
2057322,2034,88.05,816.80,67.00,0.430,3.992,0.327,banana,fresh
2058333,2035,88.00,816.70,67.00,0.430,3.992,0.327,banana,fresh
2059344,2036,88.10,816.70,67.05,0.431,3.992,0.328,banana,fresh
2060355,2037,88.00,816.50,67.05,0.430,3.991,0.328,banana,fresh
2061366,2038,88.05,816.80,67.00,0.430,3.992,0.327,banana,fresh
2062377,2039,88.00,816.70,67.10,0.430,3.992,0.328,banana,fresh
2063388,2040,88.05,816.50,67.10,0.430,3.991,0.328,banana,fresh
2064399,2041,88.05,816.70,67.00,0.430,3.992,0.327,banana,fresh
2065411,2042,88.05,816.60,67.05,0.430,3.991,0.328,banana,fresh
2066421,2043,88.05,816.90,67.05,0.430,3.993,0.328,banana,fresh
2067432,2044,88.05,816.75,67.00,0.430,3.992,0.327,banana,fresh
2068444,2045,88.10,816.90,67.00,0.431,3.993,0.327,banana,fresh
2069454,2046,88.10,816.80,67.00,0.431,3.992,0.327,banana,fresh
2070465,2047,88.05,816.80,67.00,0.430,3.992,0.327,banana,fresh
2071477,2048,88.05,816.85,67.05,0.430,3.992,0.328,banana,fresh
2072487,2049,88.10,816.75,67.00,0.431,3.992,0.327,banana,fresh
2073498,2050,88.05,816.80,67.05,0.430,3.992,0.328,banana,fresh
2074510,2051,88.10,816.85,67.00,0.431,3.992,0.327,banana,fresh
2075521,2052,88.05,816.95,67.05,0.430,3.993,0.328,banana,fresh
2076531,2053,88.05,816.80,67.00,0.430,3.992,0.327,banana,fresh
2077543,2054,88.05,816.90,67.05,0.430,3.993,0.328,banana,fresh
2078554,2055,88.05,816.95,67.00,0.430,3.993,0.327,banana,fresh
2079564,2056,88.05,816.80,67.05,0.430,3.992,0.328,banana,fresh
2080576,2057,88.05,817.00,67.10,0.430,3.993,0.328,banana,fresh
2081587,2058,88.05,817.00,67.00,0.430,3.993,0.327,banana,fresh
2082597,2059,88.20,816.90,67.00,0.431,3.993,0.327,banana,fresh
2083609,2060,88.10,816.90,67.00,0.431,3.993,0.327,banana,fresh
2084620,2061,88.00,816.95,67.05,0.430,3.993,0.328,banana,fresh
2085630,2062,88.00,817.00,67.00,0.430,3.993,0.327,banana,fresh
2086642,2063,88.00,816.95,67.00,0.430,3.993,0.327,banana,fresh
2087653,2064,88.15,816.95,67.00,0.431,3.993,0.327,banana,fresh
2088664,2065,88.05,817.00,67.10,0.430,3.993,0.328,banana,fresh
2089675,2066,88.00,816.95,67.10,0.430,3.993,0.328,banana,fresh
2090686,2067,88.00,816.95,67.05,0.430,3.993,0.328,banana,fresh
2091697,2068,88.10,817.00,67.10,0.431,3.993,0.328,banana,fresh
2092708,2069,88.05,816.95,67.00,0.430,3.993,0.327,banana,fresh
2093719,2070,88.05,817.00,67.00,0.430,3.993,0.327,banana,fresh
2094730,2071,88.15,817.00,67.00,0.431,3.993,0.327,banana,fresh
2095740,2072,88.10,817.00,67.00,0.431,3.993,0.327,banana,fresh
2096752,2073,88.05,817.00,67.10,0.430,3.993,0.328,banana,fresh
2097763,2074,88.10,817.00,67.00,0.431,3.993,0.327,banana,fresh
2098774,2075,88.00,817.00,67.05,0.430,3.993,0.328,banana,fresh
2099785,2076,88.00,817.00,67.05,0.430,3.993,0.328,banana,fresh
2100796,2077,88.05,817.00,67.00,0.430,3.993,0.327,banana,fresh
2101807,2078,88.10,817.00,67.00,0.431,3.993,0.327,banana,fresh
2102818,2079,88.00,817.00,67.00,0.430,3.993,0.327,banana,fresh
2103829,2080,88.00,817.00,67.10,0.430,3.993,0.328,banana,fresh
2104840,2081,88.10,817.00,67.00,0.431,3.993,0.327,banana,fresh
2105851,2082,88.00,817.00,67.00,0.430,3.993,0.327,banana,fresh
2106862,2083,88.00,817.00,67.00,0.430,3.993,0.327,banana,fresh
2107873,2084,88.00,817.00,67.05,0.430,3.993,0.328,banana,fresh
2108883,2085,88.05,817.00,67.00,0.430,3.993,0.327,banana,fresh
2109895,2086,88.00,817.00,67.00,0.430,3.993,0.327,banana,fresh
2110906,2087,88.00,817.00,67.00,0.430,3.993,0.327,banana,fresh
2111917,2088,88.05,817.00,67.00,0.430,3.993,0.327,banana,fresh
2112928,2089,88.05,817.00,67.00,0.430,3.993,0.327,banana,fresh
2113939,2090,88.10,817.05,67.05,0.431,3.993,0.328,banana,fresh
2114950,2091,88.05,817.00,67.00,0.430,3.993,0.327,banana,fresh
2115961,2092,88.00,817.00,67.00,0.430,3.993,0.327,banana,fresh
2116972,2093,88.00,817.00,67.00,0.430,3.993,0.327,banana,fresh
2117983,2094,88.05,817.00,67.00,0.430,3.993,0.327,banana,fresh
2118994,2095,88.10,817.00,67.00,0.431,3.993,0.327,banana,fresh
2120005,2096,88.10,817.05,67.00,0.431,3.993,0.327,banana,fresh
2121016,2097,88.05,817.10,67.00,0.430,3.994,0.327,banana,fresh
2122028,2098,88.20,817.05,67.05,0.431,3.993,0.328,banana,fresh
2123038,2099,88.15,817.05,67.00,0.431,3.993,0.327,banana,fresh
2124049,2100,88.00,817.00,67.15,0.430,3.993,0.328,banana,fresh
2125061,2101,88.10,817.05,67.00,0.431,3.993,0.327,banana,fresh
2126071,2102,88.10,817.10,67.00,0.431,3.994,0.327,banana,fresh
2127082,2103,88.10,817.10,67.00,0.431,3.994,0.327,banana,fresh
2128094,2104,88.05,817.05,66.95,0.430,3.993,0.327,banana,fresh
2129104,2105,88.05,817.05,67.05,0.430,3.993,0.328,banana,fresh
2130115,2106,88.05,817.00,67.05,0.430,3.993,0.328,banana,fresh
2131127,2107,88.10,817.00,67.05,0.431,3.993,0.328,banana,fresh
2132137,2108,88.05,817.00,67.00,0.430,3.993,0.327,banana,fresh
2133148,2109,88.00,817.10,67.00,0.430,3.994,0.327,banana,fresh
2134160,2110,88.05,817.00,67.05,0.430,3.993,0.328,banana,fresh
2135171,2111,88.00,817.05,67.00,0.430,3.993,0.327,banana,fresh
2136181,2112,88.05,817.05,67.00,0.430,3.993,0.327,banana,fresh
2137193,2113,88.00,817.00,67.10,0.430,3.993,0.328,banana,fresh
2138204,2114,88.10,817.05,67.00,0.431,3.993,0.327,banana,fresh
2139214,2115,88.00,817.15,67.05,0.430,3.994,0.328,banana,fresh
2140225,2116,88.05,817.10,67.00,0.430,3.994,0.327,banana,fresh
2141237,2117,88.05,817.20,67.00,0.430,3.994,0.327,banana,fresh
2142247,2118,88.05,817.05,67.00,0.430,3.993,0.327,banana,fresh
2143258,2119,88.00,817.10,67.00,0.430,3.994,0.327,banana,fresh
2144270,2120,88.10,817.10,67.00,0.431,3.994,0.327,banana,fresh
2145281,2121,88.05,817.05,67.00,0.430,3.993,0.327,banana,fresh
2146291,2122,88.05,817.00,67.05,0.430,3.993,0.328,banana,fresh
2147303,2123,88.00,817.05,67.00,0.430,3.993,0.327,banana,fresh
2148314,2124,88.05,817.20,67.00,0.430,3.994,0.327,banana,fresh
2149324,2125,88.05,817.30,67.00,0.430,3.995,0.327,banana,fresh
2150336,2126,88.10,817.25,67.00,0.431,3.994,0.327,banana,fresh
2151347,2127,88.05,817.15,67.00,0.430,3.994,0.327,banana,fresh
2152357,2128,88.00,817.05,67.00,0.430,3.993,0.327,banana,fresh
2153369,2129,88.05,817.25,67.05,0.430,3.994,0.328,banana,fresh
2154380,2130,88.05,817.05,67.00,0.430,3.993,0.327,banana,fresh
2155390,2131,88.05,817.15,67.00,0.430,3.994,0.327,banana,fresh
2156402,2132,88.05,817.25,67.00,0.430,3.994,0.327,banana,fresh
2157413,2133,88.10,817.25,67.00,0.431,3.994,0.327,banana,fresh
2158424,2134,88.05,817.25,67.00,0.430,3.994,0.327,banana,fresh
2159435,2135,88.00,817.35,67.00,0.430,3.995,0.327,banana,fresh
2160446,2136,88.05,817.35,67.00,0.430,3.995,0.327,banana,fresh
2161457,2137,88.05,817.30,67.05,0.430,3.995,0.328,banana,fresh
2162468,2138,88.05,817.30,67.00,0.430,3.995,0.327,banana,fresh
2163479,2139,88.10,817.30,67.00,0.431,3.995,0.327,banana,fresh
2164490,2140,88.15,817.35,67.00,0.431,3.995,0.327,banana,fresh
2165501,2141,88.00,817.25,67.00,0.430,3.994,0.327,banana,fresh
2166512,2142,88.15,817.40,67.00,0.431,3.995,0.327,banana,fresh
2167523,2143,88.10,817.30,67.00,0.431,3.995,0.327,banana,fresh
2168535,2144,88.05,817.40,67.00,0.430,3.995,0.327,banana,fresh
2169545,2145,88.10,817.55,67.00,0.431,3.996,0.327,banana,fresh
2170556,2146,88.10,817.50,67.00,0.431,3.996,0.327,banana,fresh
2171568,2147,88.05,817.45,67.00,0.430,3.995,0.327,banana,fresh
2172578,2148,88.05,817.35,67.00,0.430,3.995,0.327,banana,fresh
2173589,2149,88.00,817.45,67.00,0.430,3.995,0.327,banana,fresh
2174601,2150,88.15,817.60,67.00,0.431,3.996,0.327,banana,fresh
2175611,2151,88.00,817.40,67.00,0.430,3.995,0.327,banana,fresh
2176622,2152,88.00,817.35,67.00,0.430,3.995,0.327,banana,fresh
2177634,2153,88.00,817.55,67.00,0.430,3.996,0.327,banana,fresh
2178644,2154,88.00,817.60,67.00,0.430,3.996,0.327,banana,fresh
2179655,2155,88.05,817.50,67.00,0.430,3.996,0.327,banana,fresh
2180667,2156,88.00,817.60,67.00,0.430,3.996,0.327,banana,fresh
2181678,2157,88.15,817.45,67.00,0.431,3.995,0.327,banana,fresh
2182688,2158,88.00,817.55,67.05,0.430,3.996,0.328,banana,fresh
2183699,2159,88.05,817.60,67.00,0.430,3.996,0.327,banana,fresh
2184711,2160,88.00,817.70,67.00,0.430,3.997,0.327,banana,fresh
2185721,2161,88.00,817.55,67.00,0.430,3.996,0.327,banana,fresh
2186732,2162,88.05,817.70,66.95,0.430,3.997,0.327,banana,fresh
2187744,2163,88.10,817.65,67.00,0.431,3.996,0.327,banana,fresh
2188754,2164,88.05,817.75,67.00,0.430,3.997,0.327,banana,fresh
2189765,2165,88.05,817.70,67.00,0.430,3.997,0.327,banana,fresh
2190777,2166,88.05,817.60,67.00,0.430,3.996,0.327,banana,fresh
2191788,2167,88.00,817.55,67.00,0.430,3.996,0.327,banana,fresh
2192798,2168,88.15,817.70,67.00,0.431,3.997,0.327,banana,fresh
2193810,2169,88.05,817.75,67.00,0.430,3.997,0.327,banana,fresh
2194821,2170,88.00,817.80,67.00,0.430,3.997,0.327,banana,fresh
2195831,2171,88.10,817.80,67.00,0.431,3.997,0.327,banana,fresh
2196843,2172,88.05,817.80,67.00,0.430,3.997,0.327,banana,fresh
2197854,2173,88.05,817.60,67.00,0.430,3.996,0.327,banana,fresh
2198864,2174,88.05,817.75,67.00,0.430,3.997,0.327,banana,fresh
2199876,2175,88.05,817.75,67.00,0.430,3.997,0.327,banana,fresh
2200887,2176,88.00,817.75,67.00,0.430,3.997,0.327,banana,fresh
2201897,2177,88.00,817.80,67.05,0.430,3.997,0.328,banana,fresh
2202909,2178,88.00,817.70,67.00,0.430,3.997,0.327,banana,fresh
2203920,2179,88.05,817.85,67.00,0.430,3.997,0.327,banana,fresh
2204931,2180,88.00,817.80,67.00,0.430,3.997,0.327,banana,fresh
2205942,2181,88.00,817.70,67.00,0.430,3.997,0.327,banana,fresh
2206953,2182,88.05,817.80,67.00,0.430,3.997,0.327,banana,fresh
2207964,2183,88.00,817.85,66.95,0.430,3.997,0.327,banana,fresh
2208975,2184,88.00,817.95,67.00,0.430,3.998,0.327,banana,fresh
2209986,2185,88.00,817.90,67.00,0.430,3.998,0.327,banana,fresh
2210997,2186,88.00,817.95,66.95,0.430,3.998,0.327,banana,fresh
2212008,2187,88.00,818.00,67.00,0.430,3.998,0.327,banana,fresh
2213019,2188,88.00,817.90,67.00,0.430,3.998,0.327,banana,fresh
2214030,2189,88.00,817.85,67.00,0.430,3.997,0.327,banana,fresh
2215041,2190,88.05,817.95,66.95,0.430,3.998,0.327,banana,fresh
2216052,2191,88.05,818.00,67.00,0.430,3.998,0.327,banana,fresh
2217063,2192,88.00,817.95,67.00,0.430,3.998,0.327,banana,fresh
2218074,2193,88.00,817.95,66.95,0.430,3.998,0.327,banana,fresh
2219085,2194,88.00,818.00,67.00,0.430,3.998,0.327,banana,fresh
2220096,2195,88.05,817.95,66.95,0.430,3.998,0.327,banana,fresh
2221107,2196,88.05,817.95,66.95,0.430,3.998,0.327,banana,fresh
2222118,2197,88.05,817.85,67.00,0.430,3.997,0.327,banana,fresh
2223129,2198,88.05,818.00,67.00,0.430,3.998,0.327,banana,fresh
2224140,2199,88.00,817.85,67.00,0.430,3.997,0.327,banana,fresh
2225152,2200,88.10,818.00,67.00,0.431,3.998,0.327,banana,fresh
2226162,2201,88.05,817.95,66.95,0.430,3.998,0.327,banana,fresh
2227173,2202,88.05,818.00,67.00,0.430,3.998,0.327,banana,fresh
2228185,2203,88.00,817.95,67.00,0.430,3.998,0.327,banana,fresh
2229195,2204,88.00,818.00,67.00,0.430,3.998,0.327,banana,fresh
2230206,2205,88.05,818.00,67.00,0.430,3.998,0.327,banana,fresh
2231218,2206,88.05,818.00,67.00,0.430,3.998,0.327,banana,fresh
2232228,2207,88.00,818.00,66.95,0.430,3.998,0.327,banana,fresh
2233239,2208,88.00,818.00,67.00,0.430,3.998,0.327,banana,fresh
2234251,2209,88.05,818.00,67.00,0.430,3.998,0.327,banana,fresh
2235261,2210,88.00,817.95,67.00,0.430,3.998,0.327,banana,fresh
2236272,2211,88.05,818.00,67.00,0.430,3.998,0.327,banana,fresh
2237284,2212,87.95,818.00,67.00,0.430,3.998,0.327,banana,fresh
2238295,2213,88.00,818.00,67.00,0.430,3.998,0.327,banana,fresh
2239305,2214,88.00,818.00,66.95,0.430,3.998,0.327,banana,fresh
2240316,2215,88.05,817.95,67.00,0.430,3.998,0.327,banana,fresh
2241328,2216,88.00,818.00,66.90,0.430,3.998,0.327,banana,fresh
2242338,2217,88.00,818.00,67.00,0.430,3.998,0.327,banana,fresh
2243349,2218,88.10,817.90,67.00,0.431,3.998,0.327,banana,fresh
2244361,2219,88.00,818.00,67.00,0.430,3.998,0.327,banana,fresh
2245371,2220,88.00,818.00,67.00,0.430,3.998,0.327,banana,fresh
2246382,2221,88.00,818.00,67.00,0.430,3.998,0.327,banana,fresh
2247394,2222,88.05,818.00,67.00,0.430,3.998,0.327,banana,fresh
2248404,2223,88.00,818.00,66.95,0.430,3.998,0.327,banana,fresh
2249415,2224,88.00,817.95,66.90,0.430,3.998,0.327,banana,fresh
2250427,2225,88.00,818.00,67.00,0.430,3.998,0.327,banana,fresh
2251438,2226,88.00,818.00,67.00,0.430,3.998,0.327,banana,fresh
2252448,2227,88.00,818.00,66.95,0.430,3.998,0.327,banana,fresh
2253460,2228,88.00,818.00,66.95,0.430,3.998,0.327,banana,fresh
2254471,2229,88.00,818.00,67.00,0.430,3.998,0.327,banana,fresh
2255481,2230,88.05,818.00,67.00,0.430,3.998,0.327,banana,fresh
2256492,2231,88.00,818.00,66.95,0.430,3.998,0.327,banana,fresh
2257504,2232,88.00,818.00,67.00,0.430,3.998,0.327,banana,fresh
2258514,2233,88.00,818.00,66.80,0.430,3.998,0.326,banana,fresh
2259525,2234,88.00,818.00,67.00,0.430,3.998,0.327,banana,fresh
2260537,2235,88.00,818.00,67.00,0.430,3.998,0.327,banana,fresh
2261548,2236,88.00,818.00,67.00,0.430,3.998,0.327,banana,fresh
2262558,2237,88.00,818.00,66.95,0.430,3.998,0.327,banana,fresh
2263570,2238,88.00,818.00,67.00,0.430,3.998,0.327,banana,fresh
2264581,2239,88.00,818.00,67.00,0.430,3.998,0.327,banana,fresh
2265591,2240,88.00,818.00,66.95,0.430,3.998,0.327,banana,fresh
2266603,2241,88.00,818.00,67.00,0.430,3.998,0.327,banana,fresh
2267614,2242,88.00,818.00,66.95,0.430,3.998,0.327,banana,fresh
2268624,2243,88.00,818.00,66.95,0.430,3.998,0.327,banana,fresh
2269636,2244,88.00,818.00,67.00,0.430,3.998,0.327,banana,fresh
2270647,2245,88.00,818.00,67.00,0.430,3.998,0.327,banana,fresh
2271657,2246,88.00,818.00,66.95,0.430,3.998,0.327,banana,fresh
2272668,2247,88.00,818.05,66.95,0.430,3.998,0.327,banana,fresh
2273680,2248,88.05,818.00,67.00,0.430,3.998,0.327,banana,fresh
2274691,2249,88.05,818.00,66.85,0.430,3.998,0.327,banana,fresh
2275701,2250,88.00,818.00,66.95,0.430,3.998,0.327,banana,fresh
2276713,2251,88.00,818.00,67.00,0.430,3.998,0.327,banana,fresh
2277724,2252,88.00,818.00,66.95,0.430,3.998,0.327,banana,fresh
2278734,2253,88.05,818.00,67.00,0.430,3.998,0.327,banana,fresh
2279746,2254,88.00,818.05,66.95,0.430,3.998,0.327,banana,fresh
2280757,2255,88.00,818.05,67.00,0.430,3.998,0.327,banana,fresh
2281767,2256,88.00,818.00,67.05,0.430,3.998,0.328,banana,fresh
2282779,2257,88.00,818.00,67.00,0.430,3.998,0.327,banana,fresh
2283790,2258,88.05,818.05,66.90,0.430,3.998,0.327,banana,fresh
2284801,2259,88.00,818.00,66.95,0.430,3.998,0.327,banana,fresh
2285812,2260,88.00,818.00,66.90,0.430,3.998,0.327,banana,fresh
2286823,2261,88.00,818.00,66.95,0.430,3.998,0.327,banana,fresh
2287834,2262,88.00,818.00,66.95,0.430,3.998,0.327,banana,fresh
2288845,2263,88.00,818.05,67.00,0.430,3.998,0.327,banana,fresh
2289856,2264,88.00,818.00,66.95,0.430,3.998,0.327,banana,fresh
2290867,2265,88.00,818.00,66.95,0.430,3.998,0.327,banana,fresh
2291877,2266,88.00,818.00,66.95,0.430,3.998,0.327,banana,fresh
2292889,2267,88.00,818.05,66.90,0.430,3.998,0.327,banana,fresh
2293900,2268,88.00,818.00,66.95,0.430,3.998,0.327,banana,fresh
2294910,2269,88.00,818.05,66.95,0.430,3.998,0.327,banana,fresh
2295922,2270,88.05,818.05,67.00,0.430,3.998,0.327,banana,fresh
2296933,2271,88.00,818.05,66.90,0.430,3.998,0.327,banana,fresh
2297944,2272,88.00,818.00,66.85,0.430,3.998,0.327,banana,fresh
2298955,2273,88.00,818.00,66.95,0.430,3.998,0.327,banana,fresh
2299966,2274,88.00,818.10,66.90,0.430,3.999,0.327,banana,fresh
2300977,2275,88.00,818.00,67.00,0.430,3.998,0.327,banana,fresh
2301988,2276,88.00,818.00,66.90,0.430,3.998,0.327,banana,fresh
2302999,2277,88.00,818.00,67.00,0.430,3.998,0.327,banana,fresh
2304010,2278,88.00,818.10,67.00,0.430,3.999,0.327,banana,fresh
2305021,2279,87.95,818.05,67.00,0.430,3.998,0.327,banana,fresh
2306032,2280,88.00,818.20,66.95,0.430,3.999,0.327,banana,fresh
2307043,2281,87.95,818.15,66.85,0.430,3.999,0.327,banana,fresh
2308055,2282,87.95,818.10,66.80,0.430,3.999,0.326,banana,fresh
2309065,2283,88.00,818.15,66.90,0.430,3.999,0.327,banana,fresh
2310076,2284,88.00,818.15,66.95,0.430,3.999,0.327,banana,fresh
2311087,2285,88.00,818.10,66.90,0.430,3.999,0.327,banana,fresh
2312098,2286,87.90,818.10,66.95,0.430,3.999,0.327,banana,fresh
2313109,2287,88.00,818.10,67.00,0.430,3.999,0.327,banana,fresh
2314120,2288,88.00,818.05,66.95,0.430,3.998,0.327,banana,fresh
2315131,2289,88.00,818.05,66.95,0.430,3.998,0.327,banana,fresh
2316142,2290,87.95,818.10,66.90,0.430,3.999,0.327,banana,fresh
2317153,2291,88.00,818.15,67.00,0.430,3.999,0.327,banana,fresh
2318164,2292,88.00,818.15,67.00,0.430,3.999,0.327,banana,fresh
2319175,2293,88.00,818.30,66.90,0.430,4.000,0.327,banana,fresh
2320186,2294,87.95,818.10,66.95,0.430,3.999,0.327,banana,fresh
2321198,2295,88.00,818.10,66.90,0.430,3.999,0.327,banana,fresh
2322208,2296,87.90,818.25,67.00,0.430,3.999,0.327,banana,fresh
2323219,2297,88.00,818.30,67.00,0.430,4.000,0.327,banana,fresh
2324231,2298,88.00,818.30,66.90,0.430,4.000,0.327,banana,fresh
2325241,2299,88.00,818.05,66.95,0.430,3.998,0.327,banana,fresh
2326252,2300,88.00,818.40,66.95,0.430,4.000,0.327,banana,fresh
2327264,2301,88.00,818.25,66.95,0.430,3.999,0.327,banana,fresh
2328274,2302,87.95,818.20,67.00,0.430,3.999,0.327,banana,fresh
2329285,2303,88.00,818.30,66.90,0.430,4.000,0.327,banana,fresh
2330297,2304,88.00,818.40,66.90,0.430,4.000,0.327,banana,fresh
2331308,2305,88.00,818.30,67.00,0.430,4.000,0.327,banana,fresh
2332318,2306,87.95,818.40,66.90,0.430,4.000,0.327,banana,fresh
2333330,2307,87.90,818.35,66.85,0.430,4.000,0.327,banana,fresh
2334341,2308,88.00,818.30,66.90,0.430,4.000,0.327,banana,fresh
2335351,2309,87.95,818.65,66.90,0.430,4.001,0.327,banana,fresh
2336363,2310,88.00,818.35,66.95,0.430,4.000,0.327,banana,fresh
2337374,2311,88.00,818.35,66.95,0.430,4.000,0.327,banana,fresh
2338384,2312,88.00,818.35,67.00,0.430,4.000,0.327,banana,fresh
2339396,2313,87.95,818.45,66.90,0.430,4.000,0.327,banana,fresh
2340407,2314,88.00,818.30,67.00,0.430,4.000,0.327,banana,fresh
2341417,2315,88.00,818.55,67.00,0.430,4.001,0.327,banana,fresh
2342428,2316,88.00,818.70,67.00,0.430,4.001,0.327,banana,fresh
2343440,2317,87.95,818.45,67.00,0.430,4.000,0.327,banana,fresh
2344451,2318,88.00,818.60,66.95,0.430,4.001,0.327,banana,fresh
2345461,2319,88.00,818.85,66.95,0.430,4.002,0.327,banana,fresh
2346473,2320,88.00,818.65,66.90,0.430,4.001,0.327,banana,fresh
2347484,2321,88.00,818.70,66.95,0.430,4.001,0.327,banana,fresh
2348494,2322,88.00,818.55,67.00,0.430,4.001,0.327,banana,fresh
2349506,2323,88.00,818.80,66.95,0.430,4.002,0.327,banana,fresh
2350517,2324,88.00,818.70,66.85,0.430,4.001,0.327,banana,fresh
2351527,2325,88.05,818.65,66.95,0.430,4.001,0.327,banana,fresh
2352539,2326,88.00,818.55,66.95,0.430,4.001,0.327,banana,fresh
2353550,2327,88.00,818.85,66.95,0.430,4.002,0.327,banana,fresh
2354561,2328,87.95,818.80,66.95,0.430,4.002,0.327,banana,fresh
2355572,2329,88.00,818.85,67.00,0.430,4.002,0.327,banana,fresh
2356583,2330,87.95,818.90,66.95,0.430,4.002,0.327,banana,fresh
2357594,2331,87.95,818.85,66.90,0.430,4.002,0.327,banana,fresh
2358605,2332,88.00,818.90,66.95,0.430,4.002,0.327,banana,fresh
2359616,2333,88.00,818.90,66.95,0.430,4.002,0.327,banana,fresh
2360627,2334,87.95,818.90,66.95,0.430,4.002,0.327,banana,fresh
2361638,2335,87.90,818.85,67.00,0.430,4.002,0.327,banana,fresh
2362649,2336,87.95,819.00,67.00,0.430,4.003,0.327,banana,fresh
2363660,2337,88.00,819.00,67.00,0.430,4.003,0.327,banana,fresh
2364670,2338,88.00,819.00,67.00,0.430,4.003,0.327,banana,fresh
2365682,2339,88.00,818.95,66.95,0.430,4.003,0.327,banana,fresh
2366693,2340,88.00,818.95,67.00,0.430,4.003,0.327,banana,fresh
2367704,2341,88.00,818.80,66.95,0.430,4.002,0.327,banana,fresh
2368715,2342,88.00,818.90,67.00,0.430,4.002,0.327,banana,fresh
2369726,2343,88.00,819.00,67.05,0.430,4.003,0.328,banana,fresh
2370737,2344,88.00,819.00,66.95,0.430,4.003,0.327,banana,fresh
2371748,2345,88.00,818.95,66.90,0.430,4.003,0.327,banana,fresh
2372759,2346,88.00,819.00,66.95,0.430,4.003,0.327,banana,fresh
2373770,2347,87.95,819.00,67.00,0.430,4.003,0.327,banana,fresh
2374781,2348,88.00,819.00,67.00,0.430,4.003,0.327,banana,fresh
2375792,2349,88.00,819.00,66.95,0.430,4.003,0.327,banana,fresh
2376803,2350,88.00,819.00,67.00,0.430,4.003,0.327,banana,fresh
2377815,2351,88.00,819.00,66.95,0.430,4.003,0.327,banana,fresh
2378825,2352,88.00,819.00,66.95,0.430,4.003,0.327,banana,fresh
2379836,2353,88.00,819.00,67.00,0.430,4.003,0.327,banana,fresh
2380847,2354,88.00,819.00,67.00,0.430,4.003,0.327,banana,fresh
2381858,2355,88.00,819.00,67.00,0.430,4.003,0.327,banana,fresh
2382869,2356,88.05,819.00,67.00,0.430,4.003,0.327,banana,fresh
2383880,2357,88.00,819.00,67.00,0.430,4.003,0.327,banana,fresh
2384891,2358,88.00,819.00,67.00,0.430,4.003,0.327,banana,fresh
2385902,2359,87.85,819.00,67.00,0.429,4.003,0.327,banana,fresh
2386913,2360,88.00,819.05,67.00,0.430,4.003,0.327,banana,fresh
2387924,2361,88.00,819.00,67.00,0.430,4.003,0.327,banana,fresh
2388935,2362,88.00,819.00,67.00,0.430,4.003,0.327,banana,fresh
2389946,2363,88.00,819.00,67.05,0.430,4.003,0.328,banana,fresh
2390957,2364,87.95,819.00,67.00,0.430,4.003,0.327,banana,fresh
2391968,2365,88.00,819.00,67.00,0.430,4.003,0.327,banana,fresh
2392979,2366,88.00,819.00,67.00,0.430,4.003,0.327,banana,fresh
2393990,2367,88.00,819.00,67.05,0.430,4.003,0.328,banana,fresh
2395001,2368,88.00,819.05,67.00,0.430,4.003,0.327,banana,fresh
2396012,2369,88.00,819.05,67.00,0.430,4.003,0.327,banana,fresh
2397023,2370,87.95,819.00,67.05,0.430,4.003,0.328,banana,fresh
2398034,2371,88.00,819.05,67.00,0.430,4.003,0.327,banana,fresh
2399045,2372,88.00,819.00,67.10,0.430,4.003,0.328,banana,fresh
2400056,2373,88.00,819.05,67.00,0.430,4.003,0.327,banana,fresh
2401067,2374,88.05,819.00,67.00,0.430,4.003,0.327,banana,fresh
2402078,2375,88.00,819.10,67.00,0.430,4.003,0.327,banana,fresh
2403089,2376,87.95,819.10,67.10,0.430,4.003,0.328,banana,fresh
2404100,2377,88.00,819.05,67.00,0.430,4.003,0.327,banana,fresh
2405111,2378,88.00,819.05,67.00,0.430,4.003,0.327,banana,fresh
2406122,2379,88.00,819.10,67.10,0.430,4.003,0.328,banana,fresh
2407133,2380,88.00,819.10,67.05,0.430,4.003,0.328,banana,fresh
2408144,2381,88.00,819.10,67.00,0.430,4.003,0.327,banana,fresh
2409155,2382,88.00,819.15,67.05,0.430,4.004,0.328,banana,fresh
2410166,2383,88.10,819.05,67.10,0.431,4.003,0.328,banana,fresh
2411177,2384,88.05,819.10,67.00,0.430,4.003,0.327,banana,fresh
2412188,2385,88.00,819.10,67.00,0.430,4.003,0.327,banana,fresh
2413199,2386,88.05,819.30,67.05,0.430,4.004,0.328,banana,fresh
2414211,2387,88.00,819.10,67.05,0.430,4.003,0.328,banana,fresh
2415221,2388,88.00,819.20,67.00,0.430,4.004,0.327,banana,fresh
2416232,2389,88.05,819.20,67.05,0.430,4.004,0.328,banana,fresh
2417243,2390,88.00,819.35,67.05,0.430,4.005,0.328,banana,fresh
2418254,2391,88.00,819.55,67.05,0.430,4.006,0.328,banana,fresh
2419265,2392,88.00,819.40,67.05,0.430,4.005,0.328,banana,fresh
2420276,2393,88.00,819.20,67.00,0.430,4.004,0.327,banana,fresh
2421287,2394,88.00,819.35,67.05,0.430,4.005,0.328,banana,fresh
2422298,2395,88.00,819.70,67.05,0.430,4.006,0.328,banana,fresh
2423309,2396,88.00,819.25,67.05,0.430,4.004,0.328,banana,fresh
2424321,2397,88.00,819.50,67.00,0.430,4.005,0.327,banana,fresh
2425331,2398,88.10,819.70,67.10,0.431,4.006,0.328,banana,fresh
2426342,2399,88.05,819.70,67.00,0.430,4.006,0.327,banana,fresh
2427354,2400,88.05,819.70,67.10,0.430,4.006,0.328,banana,fresh
2428364,2401,88.00,819.55,67.05,0.430,4.006,0.328,banana,fresh
2429375,2402,88.00,819.85,67.25,0.430,4.007,0.329,banana,fresh
2430387,2403,88.00,819.80,67.05,0.430,4.007,0.328,banana,fresh
2431397,2404,88.05,819.90,67.10,0.430,4.007,0.328,banana,fresh
2432408,2405,88.10,819.80,67.00,0.431,4.007,0.327,banana,fresh
2433420,2406,88.00,819.85,67.05,0.430,4.007,0.328,banana,fresh
2434430,2407,88.05,819.90,67.15,0.430,4.007,0.328,banana,fresh
2435441,2408,88.00,819.80,67.15,0.430,4.007,0.328,banana,fresh
2436452,2409,88.10,819.95,67.00,0.431,4.008,0.327,banana,fresh
2437464,2410,88.05,820.00,67.10,0.430,4.008,0.328,banana,fresh
2438474,2411,88.00,819.85,67.20,0.430,4.007,0.328,banana,fresh
2439485,2412,88.00,820.00,67.20,0.430,4.008,0.328,banana,fresh
2440497,2413,88.15,820.00,67.00,0.431,4.008,0.327,banana,fresh
2441507,2414,88.00,819.95,67.25,0.430,4.008,0.329,banana,fresh
2442518,2415,88.00,820.00,67.15,0.430,4.008,0.328,banana,fresh
2443530,2416,88.00,820.00,67.20,0.430,4.008,0.328,banana,fresh
2444540,2417,88.05,820.00,67.15,0.430,4.008,0.328,banana,fresh
2445551,2418,88.00,820.00,67.15,0.430,4.008,0.328,banana,fresh
2446563,2419,88.00,820.00,67.20,0.430,4.008,0.328,banana,fresh
2447574,2420,88.00,820.00,67.15,0.430,4.008,0.328,banana,fresh
2448584,2421,88.00,820.00,67.15,0.430,4.008,0.328,banana,fresh
2449595,2422,88.05,820.00,67.10,0.430,4.008,0.328,banana,fresh
2450607,2423,88.00,820.00,67.25,0.430,4.008,0.329,banana,fresh
2451617,2424,88.15,820.00,67.20,0.431,4.008,0.328,banana,fresh
2452628,2425,88.10,820.00,67.35,0.431,4.008,0.329,banana,fresh
2453640,2426,88.10,820.00,67.10,0.431,4.008,0.328,banana,fresh
2454650,2427,88.00,820.00,67.25,0.430,4.008,0.329,banana,fresh
2455661,2428,88.10,820.00,67.40,0.431,4.008,0.329,banana,fresh
2456673,2429,88.10,820.00,67.25,0.431,4.008,0.329,banana,fresh
2457683,2430,88.00,820.05,67.20,0.430,4.008,0.328,banana,fresh
2458694,2431,88.05,820.00,67.50,0.430,4.008,0.330,banana,fresh
2459706,2432,88.25,820.00,67.45,0.431,4.008,0.330,banana,fresh
2460717,2433,88.15,820.05,67.45,0.431,4.008,0.330,banana,fresh
2461727,2434,88.15,820.05,67.40,0.431,4.008,0.329,banana,fresh
2462739,2435,88.10,820.10,67.45,0.431,4.008,0.330,banana,fresh
2463750,2436,88.15,820.15,67.20,0.431,4.009,0.328,banana,fresh
2464760,2437,88.10,820.20,67.50,0.431,4.009,0.330,banana,fresh
2465772,2438,88.10,820.10,67.55,0.431,4.008,0.330,banana,fresh
2466783,2439,88.20,820.10,67.45,0.431,4.008,0.330,banana,fresh
2467793,2440,88.25,820.10,67.35,0.431,4.008,0.329,banana,fresh
2468805,2441,88.35,820.30,67.55,0.432,4.009,0.330,banana,fresh
2469816,2442,88.20,820.25,67.25,0.431,4.009,0.329,banana,fresh
2470827,2443,88.30,820.35,67.65,0.432,4.010,0.331,banana,fresh
2471838,2444,88.15,820.25,67.75,0.431,4.009,0.331,banana,fresh
2472849,2445,88.35,820.10,67.55,0.432,4.008,0.330,banana,fresh
2473860,2446,88.30,820.40,67.55,0.432,4.010,0.330,banana,fresh
2474871,2447,88.15,820.10,67.50,0.431,4.008,0.330,banana,fresh
2475882,2448,88.35,820.35,67.60,0.432,4.010,0.330,banana,fresh
2476893,2449,88.40,820.45,67.70,0.432,4.010,0.331,banana,fresh
2477904,2450,88.35,820.40,67.70,0.432,4.010,0.331,banana,fresh
2478915,2451,88.30,820.50,67.65,0.432,4.010,0.331,banana,fresh
2479926,2452,88.30,820.55,67.70,0.432,4.011,0.331,banana,fresh
2480937,2453,88.25,820.45,67.55,0.431,4.010,0.330,banana,fresh
2481948,2454,88.35,820.65,67.85,0.432,4.011,0.332,banana,fresh
2482959,2455,88.30,820.65,67.65,0.432,4.011,0.331,banana,fresh
2483971,2456,88.45,820.55,67.65,0.432,4.011,0.331,banana,fresh
2484981,2457,88.40,820.75,67.55,0.432,4.011,0.330,banana,fresh
2485992,2458,88.40,820.70,67.95,0.432,4.011,0.332,banana,fresh
2487004,2459,88.40,820.90,67.65,0.432,4.012,0.331,banana,fresh
2488014,2460,88.45,820.70,67.80,0.432,4.011,0.331,banana,fresh
2489025,2461,88.45,820.70,67.85,0.432,4.011,0.332,banana,fresh
2490037,2462,88.45,820.75,67.70,0.432,4.011,0.331,banana,fresh
2491047,2463,88.50,820.80,67.85,0.433,4.012,0.332,banana,fresh
2492058,2464,88.55,820.80,67.90,0.433,4.012,0.332,banana,fresh
2493070,2465,88.50,820.95,67.85,0.433,4.012,0.332,banana,fresh
2494081,2466,88.25,820.95,67.65,0.431,4.012,0.331,banana,fresh
2495091,2467,88.55,820.80,67.85,0.433,4.012,0.332,banana,fresh
2496103,2468,88.50,821.00,67.85,0.433,4.013,0.332,banana,fresh
2497114,2469,88.55,821.00,68.00,0.433,4.013,0.332,banana,fresh
2498124,2470,88.70,820.95,67.95,0.434,4.012,0.332,banana,fresh
2499136,2471,88.65,820.95,67.85,0.433,4.012,0.332,banana,fresh
2500147,2472,88.55,820.95,67.95,0.433,4.012,0.332,banana,fresh
2501157,2473,88.50,821.00,67.90,0.433,4.013,0.332,banana,fresh
2502169,2474,88.70,821.00,67.80,0.434,4.013,0.331,banana,fresh
2503180,2475,88.60,821.00,67.90,0.433,4.013,0.332,banana,fresh
2504190,2476,88.75,821.00,67.90,0.434,4.013,0.332,banana,fresh
2505202,2477,88.80,821.00,68.00,0.434,4.013,0.332,banana,fresh
2506213,2478,88.75,821.00,67.90,0.434,4.013,0.332,banana,fresh
2507224,2479,88.50,821.00,68.00,0.433,4.013,0.332,banana,fresh
2508235,2480,88.65,821.00,67.75,0.433,4.013,0.331,banana,fresh
2509246,2481,88.70,821.00,67.90,0.434,4.013,0.332,banana,fresh
2510257,2482,88.80,821.00,67.90,0.434,4.013,0.332,banana,fresh
2511268,2483,88.70,821.00,67.95,0.434,4.013,0.332,banana,fresh
2512279,2484,88.65,821.00,67.85,0.433,4.013,0.332,banana,fresh
2513290,2485,88.75,821.10,68.00,0.434,4.013,0.332,banana,fresh
2514301,2486,88.65,821.05,67.95,0.433,4.013,0.332,banana,fresh
2515312,2487,88.65,821.00,67.90,0.433,4.013,0.332,banana,fresh
2516323,2488,88.80,821.00,68.00,0.434,4.013,0.332,banana,fresh
2517335,2489,88.80,821.05,67.95,0.434,4.013,0.332,banana,fresh
2518345,2490,88.75,821.00,67.95,0.434,4.013,0.332,banana,fresh
2519356,2491,88.70,821.00,68.00,0.434,4.013,0.332,banana,fresh
2520368,2492,88.90,821.00,68.00,0.435,4.013,0.332,banana,fresh
2521378,2493,88.90,821.15,67.95,0.435,4.013,0.332,banana,fresh
2522389,2494,88.90,821.00,67.95,0.435,4.013,0.332,banana,fresh
2523401,2495,88.70,821.00,67.95,0.434,4.013,0.332,banana,fresh
2524411,2496,88.90,821.05,67.90,0.435,4.013,0.332,banana,fresh
2525422,2497,88.90,821.00,67.95,0.435,4.013,0.332,banana,fresh
2526434,2498,88.80,821.15,68.00,0.434,4.013,0.332,banana,fresh
2527444,2499,88.80,821.05,68.00,0.434,4.013,0.332,banana,fresh
2528455,2500,88.85,821.10,67.95,0.434,4.013,0.332,banana,fresh
2529467,2501,89.00,821.10,68.00,0.435,4.013,0.332,banana,fresh
2530478,2502,88.90,821.30,67.90,0.435,4.014,0.332,banana,fresh
2531488,2503,88.80,821.15,68.00,0.434,4.013,0.332,banana,fresh
2532500,2504,88.90,821.25,68.00,0.435,4.014,0.332,banana,fresh
2533511,2505,88.95,821.30,68.00,0.435,4.014,0.332,banana,fresh
2534521,2506,88.85,821.20,67.95,0.434,4.014,0.332,banana,fresh
2535533,2507,88.90,821.45,67.95,0.435,4.015,0.332,banana,fresh
2536544,2508,88.95,821.30,67.95,0.435,4.014,0.332,banana,fresh
2537554,2509,88.75,821.40,68.00,0.434,4.015,0.332,banana,fresh
2538566,2510,89.00,821.25,68.00,0.435,4.014,0.332,banana,fresh
2539577,2511,88.95,821.50,67.95,0.435,4.015,0.332,banana,fresh
2540588,2512,88.95,821.35,67.95,0.435,4.014,0.332,banana,fresh
2541599,2513,89.00,821.70,67.95,0.435,4.016,0.332,banana,fresh
2542610,2514,89.00,821.65,68.00,0.435,4.016,0.332,banana,fresh
2543621,2515,88.95,821.40,68.00,0.435,4.015,0.332,banana,fresh
2544632,2516,88.85,821.60,68.00,0.434,4.016,0.332,banana,fresh
2545643,2517,88.95,821.60,68.00,0.435,4.016,0.332,banana,fresh
2546654,2518,89.05,821.85,68.00,0.435,4.017,0.332,banana,fresh
2547665,2519,89.00,821.60,68.00,0.435,4.016,0.332,banana,fresh
2548676,2520,89.00,821.65,68.00,0.435,4.016,0.332,banana,fresh
2549687,2521,88.95,822.00,68.00,0.435,4.018,0.332,banana,fresh
2550699,2522,89.00,821.90,68.00,0.435,4.017,0.332,banana,fresh
2551709,2523,89.00,821.95,68.00,0.435,4.017,0.332,banana,fresh
2552720,2524,88.95,821.90,68.00,0.435,4.017,0.332,banana,fresh
2553732,2525,89.00,822.00,68.00,0.435,4.018,0.332,banana,fresh
2554742,2526,89.00,821.95,68.00,0.435,4.017,0.332,banana,fresh
2555753,2527,88.90,822.00,68.00,0.435,4.018,0.332,banana,fresh
2556764,2528,89.00,821.95,68.05,0.435,4.017,0.333,banana,fresh
2557775,2529,89.00,822.00,68.00,0.435,4.018,0.332,banana,fresh
2558786,2530,89.00,822.00,68.00,0.435,4.018,0.332,banana,fresh
2559797,2531,89.00,821.95,68.10,0.435,4.017,0.333,banana,fresh
2560808,2532,89.00,821.95,68.05,0.435,4.017,0.333,banana,fresh
2561819,2533,89.00,822.00,68.00,0.435,4.018,0.332,banana,fresh
2562830,2534,88.95,822.00,68.00,0.435,4.018,0.332,banana,fresh
2563842,2535,88.95,822.00,68.00,0.435,4.018,0.332,banana,fresh
2564852,2536,89.00,822.00,68.00,0.435,4.018,0.332,banana,fresh
2565863,2537,89.00,822.00,68.00,0.435,4.018,0.332,banana,fresh
2566875,2538,89.00,822.00,68.00,0.435,4.018,0.332,banana,fresh
2567885,2539,89.00,822.00,68.00,0.435,4.018,0.332,banana,fresh
2568896,2540,89.00,822.00,68.00,0.435,4.018,0.332,banana,fresh
2569908,2541,89.00,822.00,68.00,0.435,4.018,0.332,banana,fresh
2570918,2542,89.00,822.00,68.05,0.435,4.018,0.333,banana,fresh
2571929,2543,89.05,822.05,68.00,0.435,4.018,0.332,banana,fresh
2572941,2544,89.05,822.00,68.00,0.435,4.018,0.332,banana,fresh
2573952,2545,89.00,822.00,68.00,0.435,4.018,0.332,banana,fresh
2574962,2546,89.00,822.00,67.95,0.435,4.018,0.332,banana,fresh
2575974,2547,89.00,822.05,68.05,0.435,4.018,0.333,banana,fresh
2576985,2548,89.00,822.00,68.00,0.435,4.018,0.332,banana,fresh
2577995,2549,89.00,822.05,68.05,0.435,4.018,0.333,banana,fresh
2579006,2550,89.00,822.10,68.00,0.435,4.018,0.332,banana,fresh
2580018,2551,89.00,822.15,68.05,0.435,4.018,0.333,banana,fresh
2581028,2552,89.05,822.05,68.00,0.435,4.018,0.332,banana,fresh
2582039,2553,89.05,822.00,68.00,0.435,4.018,0.332,banana,fresh
2583051,2554,89.05,822.10,68.05,0.435,4.018,0.333,banana,fresh
2584061,2555,89.00,822.05,68.05,0.435,4.018,0.333,banana,fresh
2585072,2556,89.00,822.05,68.00,0.435,4.018,0.332,banana,fresh
2586084,2557,89.05,822.20,68.00,0.435,4.019,0.332,banana,fresh
2587095,2558,89.10,822.15,68.10,0.435,4.018,0.333,banana,fresh
2588105,2559,89.00,822.05,68.10,0.435,4.018,0.333,banana,fresh
2589117,2560,89.05,822.20,68.00,0.435,4.019,0.332,banana,fresh
2590128,2561,89.00,822.10,68.00,0.435,4.018,0.332,banana,fresh
2591138,2562,89.00,822.05,68.10,0.435,4.018,0.333,banana,fresh
2592150,2563,89.10,822.05,68.00,0.435,4.018,0.332,banana,fresh
2593161,2564,89.05,822.45,68.05,0.435,4.020,0.333,banana,fresh
2594171,2565,89.00,822.25,68.10,0.435,4.019,0.333,banana,fresh
2595183,2566,89.00,822.25,68.00,0.435,4.019,0.332,banana,fresh
2596194,2567,89.05,822.15,68.10,0.435,4.018,0.333,banana,fresh
2597204,2568,89.05,822.30,68.00,0.435,4.019,0.332,banana,fresh
2598216,2569,89.00,822.25,68.10,0.435,4.019,0.333,banana,fresh
2599227,2570,89.05,822.35,68.00,0.435,4.019,0.332,banana,fresh
2600238,2571,89.05,822.15,68.00,0.435,4.018,0.332,banana,fresh
2601249,2572,89.05,822.40,68.15,0.435,4.020,0.333,banana,fresh
2602260,2573,89.05,822.35,68.05,0.435,4.019,0.333,banana,fresh
2603271,2574,89.10,822.35,68.05,0.435,4.019,0.333,banana,fresh
2604282,2575,89.10,822.55,68.00,0.435,4.020,0.332,banana,fresh
2605293,2576,89.15,822.35,68.05,0.436,4.019,0.333,banana,fresh
2606304,2577,89.15,822.70,68.05,0.436,4.021,0.333,banana,fresh
2607315,2578,89.15,822.65,68.00,0.436,4.021,0.332,banana,fresh
2608326,2579,89.05,822.55,68.05,0.435,4.020,0.333,banana,fresh
2609337,2580,89.30,822.65,68.05,0.436,4.021,0.333,banana,fresh
2610349,2581,89.15,822.60,68.00,0.436,4.021,0.332,banana,fresh
2611359,2582,89.15,822.75,68.05,0.436,4.021,0.333,banana,fresh
2612370,2583,89.05,822.70,68.05,0.435,4.021,0.333,banana,fresh
2613382,2584,89.20,822.70,68.00,0.436,4.021,0.332,banana,fresh
2614392,2585,89.25,822.60,68.05,0.436,4.021,0.333,banana,fresh
2615403,2586,89.10,822.75,68.15,0.435,4.021,0.333,banana,fresh
2616415,2587,89.05,822.75,68.10,0.435,4.021,0.333,banana,fresh
2617425,2588,89.05,822.90,68.10,0.435,4.022,0.333,banana,fresh
2618436,2589,89.30,822.90,68.25,0.436,4.022,0.334,banana,fresh
2619448,2590,89.15,822.90,68.10,0.436,4.022,0.333,banana,fresh
2620459,2591,89.20,822.90,68.10,0.436,4.022,0.333,banana,fresh
2621469,2592,89.10,823.00,68.00,0.435,4.022,0.332,banana,fresh
2622481,2593,89.20,823.00,68.25,0.436,4.022,0.334,banana,fresh
2623492,2594,89.20,823.00,68.00,0.436,4.022,0.332,banana,fresh
2624502,2595,89.15,822.90,68.10,0.436,4.022,0.333,banana,fresh
2625514,2596,89.20,822.95,68.15,0.436,4.022,0.333,banana,fresh
2626525,2597,89.25,823.00,68.05,0.436,4.022,0.333,banana,fresh
2627535,2598,89.20,822.95,68.05,0.436,4.022,0.333,banana,fresh
2628547,2599,89.25,823.00,68.30,0.436,4.022,0.334,banana,fresh
2629558,2600,89.15,822.95,68.10,0.436,4.022,0.333,banana,fresh
2630568,2601,89.35,823.00,68.30,0.437,4.022,0.334,banana,fresh
2631580,2602,89.25,823.00,68.35,0.436,4.022,0.334,banana,fresh
2632591,2603,89.30,823.00,68.25,0.436,4.022,0.334,banana,fresh
2633602,2604,89.30,823.00,68.20,0.436,4.022,0.333,banana,fresh
2634613,2605,89.50,823.00,68.25,0.437,4.022,0.334,banana,fresh
2635624,2606,89.30,823.00,68.30,0.436,4.022,0.334,banana,fresh
2636635,2607,89.30,823.05,68.25,0.436,4.023,0.334,banana,fresh
2637646,2608,89.20,823.00,68.25,0.436,4.022,0.334,banana,fresh
2638657,2609,89.20,823.00,68.20,0.436,4.022,0.333,banana,fresh
2639668,2610,89.15,823.00,68.25,0.436,4.022,0.334,banana,fresh
2640679,2611,89.35,823.00,68.25,0.437,4.022,0.334,banana,fresh
2641690,2612,89.35,823.00,68.15,0.437,4.022,0.333,banana,fresh
2642701,2613,89.45,823.05,68.40,0.437,4.023,0.334,banana,fresh
2643713,2614,89.40,823.00,68.30,0.437,4.022,0.334,banana,fresh
2644723,2615,89.50,823.00,68.30,0.437,4.022,0.334,banana,fresh
2645734,2616,89.45,823.00,68.30,0.437,4.022,0.334,banana,fresh
2646746,2617,89.45,823.00,68.15,0.437,4.022,0.333,banana,fresh
2647756,2618,89.65,823.05,68.30,0.438,4.023,0.334,banana,fresh
2648767,2619,89.55,823.00,68.30,0.438,4.022,0.334,banana,fresh
2649779,2620,89.35,823.00,68.25,0.437,4.022,0.334,banana,fresh
2650789,2621,89.35,823.15,68.25,0.437,4.023,0.334,banana,fresh
2651800,2622,89.50,823.10,68.30,0.437,4.023,0.334,banana,fresh
2652812,2623,89.60,823.00,68.05,0.438,4.022,0.333,banana,fresh
2653822,2624,89.65,823.00,68.40,0.438,4.022,0.334,banana,fresh
2654833,2625,89.35,823.10,68.40,0.437,4.023,0.334,banana,fresh
2655845,2626,89.60,823.00,68.55,0.438,4.022,0.335,banana,fresh
2656856,2627,89.55,823.10,68.25,0.438,4.023,0.334,banana,fresh
2657866,2628,89.65,823.10,68.40,0.438,4.023,0.334,banana,fresh
2658878,2629,89.25,823.10,68.20,0.436,4.023,0.333,banana,fresh
2659889,2630,89.45,823.15,68.40,0.437,4.023,0.334,banana,fresh
2660899,2631,89.70,823.10,68.45,0.438,4.023,0.335,banana,fresh
2661911,2632,89.55,823.20,68.20,0.438,4.023,0.333,banana,fresh
2662922,2633,89.70,823.05,68.30,0.438,4.023,0.334,banana,fresh
2663932,2634,89.25,823.35,68.35,0.436,4.024,0.334,banana,fresh
2664944,2635,89.60,823.05,68.35,0.438,4.023,0.334,banana,fresh
2665955,2636,89.60,823.30,68.60,0.438,4.024,0.335,banana,fresh
2666966,2637,89.65,823.25,68.35,0.438,4.024,0.334,banana,fresh
2667977,2638,89.50,823.10,68.35,0.437,4.023,0.334,banana,fresh
2668988,2639,89.40,823.15,68.40,0.437,4.023,0.334,banana,fresh
2670000,2640,89.50,823.30,68.40,0.437,4.024,0.334,banana,fresh
2671010,2641,89.65,823.25,68.50,0.438,4.024,0.335,banana,fresh
2672021,2642,89.60,823.20,68.50,0.438,4.023,0.335,banana,fresh
2673032,2643,89.55,823.45,68.40,0.438,4.025,0.334,banana,fresh
2674043,2644,89.65,823.50,68.45,0.438,4.025,0.335,banana,fresh
2675054,2645,89.55,823.30,68.50,0.438,4.024,0.335,banana,fresh
2676065,2646,89.50,823.30,68.50,0.437,4.024,0.335,banana,fresh
2677076,2647,89.70,823.20,68.45,0.438,4.023,0.335,banana,fresh
2678087,2648,89.70,823.20,68.35,0.438,4.023,0.334,banana,fresh
2679098,2649,89.80,823.35,68.65,0.439,4.024,0.336,banana,fresh
2680110,2650,89.65,823.50,68.50,0.438,4.025,0.335,banana,fresh
2681120,2651,89.65,823.60,68.40,0.438,4.025,0.334,banana,fresh
2682132,2652,89.65,823.65,68.50,0.438,4.026,0.335,banana,fresh
2683143,2653,89.65,823.45,68.55,0.438,4.025,0.335,banana,fresh
2684153,2654,89.60,823.60,68.50,0.438,4.025,0.335,banana,fresh
2685165,2655,89.70,823.55,68.50,0.438,4.025,0.335,banana,fresh
2686176,2656,89.70,823.65,68.40,0.438,4.026,0.334,banana,fresh
2687186,2657,89.65,823.50,68.40,0.438,4.025,0.334,banana,fresh
2688198,2658,89.50,823.50,68.55,0.437,4.025,0.335,banana,fresh
2689209,2659,89.65,823.65,68.50,0.438,4.026,0.335,banana,fresh
2690220,2660,89.80,823.70,68.25,0.439,4.026,0.334,banana,fresh
2691230,2661,89.60,823.55,68.60,0.438,4.025,0.335,banana,fresh
2692242,2662,89.85,823.75,68.50,0.439,4.026,0.335,banana,fresh
2693253,2663,89.60,823.50,68.40,0.438,4.025,0.334,banana,fresh
2694263,2664,89.70,823.50,68.50,0.438,4.025,0.335,banana,fresh
2695275,2665,89.65,823.60,68.50,0.438,4.025,0.335,banana,fresh
2696286,2666,89.65,823.70,68.50,0.438,4.026,0.335,banana,fresh
2697296,2667,89.70,823.70,68.35,0.438,4.026,0.334,banana,fresh
2698308,2668,89.65,823.75,68.45,0.438,4.026,0.335,banana,fresh
2699319,2669,89.65,823.65,68.45,0.438,4.026,0.335,banana,fresh
2700331,2670,89.70,823.65,68.55,0.438,4.026,0.335,banana,fresh
2701341,2671,89.75,823.60,68.60,0.439,4.025,0.335,banana,fresh
2702352,2672,89.90,823.80,68.30,0.439,4.026,0.334,banana,fresh
2703364,2673,89.60,823.80,68.45,0.438,4.026,0.335,banana,fresh
2704374,2674,89.75,823.60,68.60,0.439,4.025,0.335,banana,fresh
2705385,2675,89.80,823.85,68.40,0.439,4.027,0.334,banana,fresh
2706397,2676,89.65,823.80,68.40,0.438,4.026,0.334,banana,fresh
2707407,2677,89.70,823.70,68.45,0.438,4.026,0.335,banana,fresh
2708418,2678,89.75,823.80,68.55,0.439,4.026,0.335,banana,fresh
2709430,2679,89.70,823.65,68.50,0.438,4.026,0.335,banana,fresh
2710440,2680,89.80,823.75,68.55,0.439,4.026,0.335,banana,fresh
2711451,2681,89.50,823.80,68.40,0.437,4.026,0.334,banana,fresh
2712463,2682,89.60,823.75,68.40,0.438,4.026,0.334,banana,fresh
2713474,2683,89.60,823.70,68.35,0.438,4.026,0.334,banana,fresh
2714484,2684,89.85,823.95,68.40,0.439,4.027,0.334,banana,fresh
2715496,2685,89.60,823.65,68.45,0.438,4.026,0.335,banana,fresh
2716507,2686,89.65,823.95,68.35,0.438,4.027,0.334,banana,fresh
2717517,2687,89.60,823.65,68.45,0.438,4.026,0.335,banana,fresh
2718529,2688,89.90,823.90,68.45,0.439,4.027,0.335,banana,fresh
2719540,2689,89.75,823.85,68.40,0.439,4.027,0.334,banana,fresh
2720550,2690,89.80,823.90,68.55,0.439,4.027,0.335,banana,fresh
2721562,2691,89.70,823.85,68.45,0.438,4.027,0.335,banana,fresh
2722573,2692,89.80,823.85,68.70,0.439,4.027,0.336,banana,fresh
2723584,2693,89.70,823.95,68.40,0.438,4.027,0.334,banana,fresh
2724595,2694,89.75,823.90,68.45,0.439,4.027,0.335,banana,fresh
2725606,2695,89.65,823.80,68.50,0.438,4.026,0.335,banana,fresh
2726617,2696,89.55,823.90,68.40,0.438,4.027,0.334,banana,fresh
2727628,2697,89.70,823.90,68.35,0.438,4.027,0.334,banana,fresh
2728639,2698,89.65,823.95,68.35,0.438,4.027,0.334,banana,fresh
2729650,2699,89.70,824.00,68.35,0.438,4.027,0.334,banana,fresh
2730661,2700,89.65,823.95,68.50,0.438,4.027,0.335,banana,fresh
2731672,2701,89.75,823.85,68.35,0.439,4.027,0.334,banana,fresh
2732683,2702,89.85,823.90,68.35,0.439,4.027,0.334,banana,fresh
2733694,2703,89.80,824.00,68.40,0.439,4.027,0.334,banana,fresh
2734705,2704,89.75,823.80,68.50,0.439,4.026,0.335,banana,fresh
2735716,2705,89.65,823.95,68.35,0.438,4.027,0.334,banana,fresh
2736728,2706,89.80,824.00,68.30,0.439,4.027,0.334,banana,fresh
2737738,2707,89.70,823.95,68.50,0.438,4.027,0.335,banana,fresh
2738749,2708,89.65,824.00,68.50,0.438,4.027,0.335,banana,fresh
2739760,2709,89.55,823.95,68.35,0.438,4.027,0.334,banana,fresh
2740771,2710,89.80,823.90,68.35,0.439,4.027,0.334,banana,fresh
2741782,2711,89.55,824.00,68.50,0.438,4.027,0.335,banana,fresh
2742794,2712,89.90,824.00,68.35,0.439,4.027,0.334,banana,fresh
2743804,2713,89.80,823.95,68.50,0.439,4.027,0.335,banana,fresh
2744815,2714,89.75,823.95,68.35,0.439,4.027,0.334,banana,fresh
2745826,2715,89.85,823.95,68.25,0.439,4.027,0.334,banana,fresh
2746838,2716,89.70,823.95,68.60,0.438,4.027,0.335,banana,fresh
2747848,2717,89.55,824.00,68.60,0.438,4.027,0.335,banana,fresh
2748859,2718,89.75,824.00,68.35,0.439,4.027,0.334,banana,fresh
2749871,2719,89.65,824.00,68.40,0.438,4.027,0.334,banana,fresh
2750881,2720,89.70,823.95,68.50,0.438,4.027,0.335,banana,fresh
2751892,2721,89.55,824.00,68.25,0.438,4.027,0.334,banana,fresh
2752904,2722,89.30,823.95,68.20,0.436,4.027,0.333,banana,fresh
2753914,2723,89.60,824.00,68.20,0.438,4.027,0.333,banana,fresh
2754925,2724,89.75,824.00,68.30,0.439,4.027,0.334,banana,fresh
2755937,2725,89.60,824.00,68.40,0.438,4.027,0.334,banana,fresh
2756947,2726,89.65,824.00,68.40,0.438,4.027,0.334,banana,fresh
2757958,2727,89.65,824.00,68.65,0.438,4.027,0.336,banana,fresh
2758970,2728,89.70,824.00,68.25,0.438,4.027,0.334,banana,fresh
2759981,2729,89.65,824.00,68.30,0.438,4.027,0.334,banana,fresh
2760991,2730,89.80,824.00,68.40,0.439,4.027,0.334,banana,fresh
2762003,2731,89.65,824.00,68.25,0.438,4.027,0.334,banana,fresh
2763014,2732,89.65,824.00,68.30,0.438,4.027,0.334,banana,fresh
2764024,2733,89.55,824.00,68.30,0.438,4.027,0.334,banana,fresh
2765036,2734,89.70,824.00,68.30,0.438,4.027,0.334,banana,fresh
2766047,2735,89.65,824.00,68.35,0.438,4.027,0.334,banana,fresh
2767057,2736,89.75,824.00,68.25,0.439,4.027,0.334,banana,fresh
2768069,2737,89.50,824.00,68.15,0.437,4.027,0.333,banana,fresh
2769080,2738,89.60,824.00,68.40,0.438,4.027,0.334,banana,fresh
2770091,2739,89.75,824.00,68.15,0.439,4.027,0.333,banana,fresh
2771102,2740,89.80,824.00,68.15,0.439,4.027,0.333,banana,fresh
2772113,2741,89.75,824.00,68.15,0.439,4.027,0.333,banana,fresh
2773124,2742,89.50,824.05,68.25,0.437,4.028,0.334,banana,fresh
2774135,2743,89.70,824.00,68.25,0.438,4.027,0.334,banana,fresh
2775146,2744,89.70,824.00,68.20,0.438,4.027,0.333,banana,fresh
2776157,2745,89.45,824.00,68.45,0.437,4.027,0.335,banana,fresh
2777168,2746,89.55,824.00,68.05,0.438,4.027,0.333,banana,fresh
2778179,2747,89.70,824.00,68.25,0.438,4.027,0.334,banana,fresh
2779190,2748,89.60,824.00,68.30,0.438,4.027,0.334,banana,fresh
2780201,2749,89.75,824.00,68.25,0.439,4.027,0.334,banana,fresh
2781212,2750,89.65,824.00,68.25,0.438,4.027,0.334,banana,fresh
2782223,2751,89.80,824.05,68.30,0.439,4.028,0.334,banana,fresh
2783235,2752,89.70,824.00,68.30,0.438,4.027,0.334,banana,fresh
2784245,2753,89.65,824.00,68.40,0.438,4.027,0.334,banana,fresh
2785256,2754,89.80,824.00,68.25,0.439,4.027,0.334,banana,fresh
2786268,2755,89.90,824.00,68.15,0.439,4.027,0.333,banana,fresh
2787278,2756,89.65,824.00,68.25,0.438,4.027,0.334,banana,fresh
2788289,2757,89.60,824.00,68.20,0.438,4.027,0.333,banana,fresh
2789301,2758,89.45,824.00,68.30,0.437,4.027,0.334,banana,fresh
2790311,2759,89.40,824.00,68.15,0.437,4.027,0.333,banana,fresh
2791322,2760,89.60,824.05,68.15,0.438,4.028,0.333,banana,fresh
2792334,2761,89.65,824.00,68.30,0.438,4.027,0.334,banana,fresh
2793345,2762,89.60,824.00,68.25,0.438,4.027,0.334,banana,fresh
2794355,2763,89.70,824.00,68.20,0.438,4.027,0.333,banana,fresh
2795367,2764,89.55,824.00,68.20,0.438,4.027,0.333,banana,fresh
2796378,2765,89.70,824.00,68.20,0.438,4.027,0.333,banana,fresh
2797388,2766,89.55,824.00,68.15,0.438,4.027,0.333,banana,fresh
2798400,2767,89.50,824.05,68.15,0.437,4.028,0.333,banana,fresh
2799411,2768,89.60,824.05,68.30,0.438,4.028,0.334,banana,fresh
2800421,2769,89.50,824.00,68.20,0.437,4.027,0.333,banana,fresh
2801433,2770,89.55,824.10,68.15,0.438,4.028,0.333,banana,fresh
2802444,2771,89.65,824.05,68.15,0.438,4.028,0.333,banana,fresh
2803454,2772,89.45,824.00,68.05,0.437,4.027,0.333,banana,fresh
2804466,2773,89.60,824.05,68.05,0.438,4.028,0.333,banana,fresh
2805477,2774,89.75,824.05,68.40,0.439,4.028,0.334,banana,fresh
2806488,2775,89.60,824.05,68.10,0.438,4.028,0.333,banana,fresh
2807499,2776,89.45,824.00,68.20,0.437,4.027,0.333,banana,fresh
2808510,2777,89.65,824.00,68.30,0.438,4.027,0.334,banana,fresh
2809521,2778,89.60,824.00,68.40,0.438,4.027,0.334,banana,fresh
2810532,2779,89.75,824.00,68.20,0.439,4.027,0.333,banana,fresh
2811543,2780,89.85,824.05,68.25,0.439,4.028,0.334,banana,fresh
2812554,2781,89.50,824.00,68.25,0.437,4.027,0.334,banana,fresh
2813565,2782,89.30,824.05,68.25,0.436,4.028,0.334,banana,fresh
2814576,2783,89.60,824.05,68.25,0.438,4.028,0.334,banana,fresh
2815587,2784,89.65,824.05,68.20,0.438,4.028,0.333,banana,fresh
2816599,2785,89.55,824.00,68.15,0.438,4.027,0.333,banana,fresh
2817609,2786,89.45,824.00,68.30,0.437,4.027,0.334,banana,fresh
2818620,2787,89.35,824.05,68.20,0.437,4.028,0.333,banana,fresh
2819632,2788,89.50,824.05,68.10,0.437,4.028,0.333,banana,fresh
2820642,2789,89.45,824.05,68.25,0.437,4.028,0.334,banana,fresh
2821653,2790,89.50,824.05,68.15,0.437,4.028,0.333,banana,fresh
2822665,2791,89.70,824.15,68.15,0.438,4.028,0.333,banana,fresh
2823675,2792,89.40,824.15,68.05,0.437,4.028,0.333,banana,fresh
2824686,2793,89.70,824.05,68.05,0.438,4.028,0.333,banana,fresh
2825698,2794,89.55,824.05,68.20,0.438,4.028,0.333,banana,fresh
2826708,2795,89.50,824.20,68.10,0.437,4.028,0.333,banana,fresh
2827719,2796,89.60,824.15,68.15,0.438,4.028,0.333,banana,fresh
2828731,2797,89.55,824.10,68.15,0.438,4.028,0.333,banana,fresh
2829742,2798,89.55,824.05,68.10,0.438,4.028,0.333,banana,fresh
2830752,2799,89.70,824.10,68.25,0.438,4.028,0.334,banana,fresh
2831764,2800,89.50,824.15,68.15,0.437,4.028,0.333,banana,fresh
2832775,2801,89.30,824.10,68.10,0.436,4.028,0.333,banana,fresh
2833785,2802,89.45,824.00,68.30,0.437,4.027,0.334,banana,fresh
2834797,2803,89.30,824.00,68.15,0.436,4.027,0.333,banana,fresh
2835808,2804,89.55,824.15,68.05,0.438,4.028,0.333,banana,fresh
2836818,2805,89.40,824.10,68.20,0.437,4.028,0.333,banana,fresh
2837830,2806,89.45,824.05,68.25,0.437,4.028,0.334,banana,fresh
2838841,2807,89.55,824.05,68.05,0.438,4.028,0.333,banana,fresh
2839852,2808,89.55,824.05,68.10,0.438,4.028,0.333,banana,fresh
2840863,2809,89.40,824.20,68.15,0.437,4.028,0.333,banana,fresh
2841874,2810,89.50,824.20,68.15,0.437,4.028,0.333,banana,fresh
2842885,2811,89.55,824.10,68.30,0.438,4.028,0.334,banana,fresh
2843896,2812,89.50,824.20,68.15,0.437,4.028,0.333,banana,fresh
2844907,2813,89.50,824.30,68.05,0.437,4.029,0.333,banana,fresh
2845918,2814,89.35,824.45,68.15,0.437,4.030,0.333,banana,fresh
2846929,2815,89.30,824.30,68.15,0.436,4.029,0.333,banana,fresh
2847940,2816,89.60,824.30,68.05,0.438,4.029,0.333,banana,fresh
2848951,2817,89.25,824.05,68.05,0.436,4.028,0.333,banana,fresh
2849963,2818,89.40,824.40,68.05,0.437,4.029,0.333,banana,fresh
2850973,2819,89.45,824.20,68.15,0.437,4.028,0.333,banana,fresh
2851984,2820,89.75,824.25,68.05,0.439,4.029,0.333,banana,fresh
2852996,2821,89.40,824.15,68.20,0.437,4.028,0.333,banana,fresh
2854006,2822,89.35,824.20,68.15,0.437,4.028,0.333,banana,fresh
2855017,2823,89.40,824.10,68.00,0.437,4.028,0.332,banana,fresh
2856029,2824,89.30,824.15,68.10,0.436,4.028,0.333,banana,fresh
2857039,2825,89.60,824.20,68.10,0.438,4.028,0.333,banana,fresh
2858050,2826,89.35,824.15,68.10,0.437,4.028,0.333,banana,fresh
2859062,2827,89.30,824.40,68.25,0.436,4.029,0.334,banana,fresh
2860072,2828,89.50,824.45,68.05,0.437,4.030,0.333,banana,fresh
2861083,2829,89.35,824.30,68.10,0.437,4.029,0.333,banana,fresh
2862095,2830,89.45,824.40,68.05,0.437,4.029,0.333,banana,fresh
2863106,2831,89.50,824.50,68.05,0.437,4.030,0.333,banana,fresh
2864116,2832,89.65,824.35,68.00,0.438,4.029,0.332,banana,fresh
2865128,2833,89.35,824.25,68.10,0.437,4.029,0.333,banana,fresh
2866139,2834,89.25,824.35,68.05,0.436,4.029,0.333,banana,fresh
2867149,2835,89.30,824.50,68.20,0.436,4.030,0.333,banana,fresh
2868161,2836,89.35,824.40,68.05,0.437,4.029,0.333,banana,fresh
2869172,2837,89.45,824.55,68.00,0.437,4.030,0.332,banana,fresh
2870182,2838,89.45,824.30,68.05,0.437,4.029,0.333,banana,fresh
2871194,2839,89.30,824.55,68.05,0.436,4.030,0.333,banana,fresh
2872205,2840,89.35,824.25,68.10,0.437,4.029,0.333,banana,fresh
2873216,2841,89.10,824.55,68.10,0.435,4.030,0.333,banana,fresh
2874227,2842,89.40,824.50,68.00,0.437,4.030,0.332,banana,fresh
2875238,2843,89.55,824.45,68.05,0.438,4.030,0.333,banana,fresh
2876249,2844,89.25,824.60,68.00,0.436,4.030,0.332,banana,fresh
2877260,2845,89.40,824.50,68.05,0.437,4.030,0.333,banana,fresh
2878271,2846,89.15,824.45,68.10,0.436,4.030,0.333,banana,fresh
2879282,2847,89.35,824.55,68.05,0.437,4.030,0.333,banana,fresh
2880293,2848,89.45,824.50,68.00,0.437,4.030,0.332,banana,fresh
2881304,2849,89.45,824.60,68.05,0.437,4.030,0.333,banana,fresh
2882315,2850,89.35,824.70,68.15,0.437,4.031,0.333,banana,fresh
2883325,2851,89.35,824.45,68.00,0.437,4.030,0.332,banana,fresh
2884337,2852,89.35,824.60,68.05,0.437,4.030,0.333,banana,fresh
2885348,2853,89.50,824.45,68.10,0.437,4.030,0.333,banana,fresh
2886359,2854,89.25,824.70,68.00,0.436,4.031,0.332,banana,fresh
2887370,2855,89.40,824.50,68.05,0.437,4.030,0.333,banana,fresh
2888381,2856,89.30,824.65,68.15,0.436,4.031,0.333,banana,fresh
2889392,2857,89.35,824.75,68.05,0.437,4.031,0.333,banana,fresh
2890403,2858,89.25,824.85,68.10,0.436,4.032,0.333,banana,fresh
2891414,2859,89.30,824.65,68.05,0.436,4.031,0.333,banana,fresh
2892426,2860,89.30,824.60,68.00,0.436,4.030,0.332,banana,fresh
2893436,2861,89.20,824.55,68.10,0.436,4.030,0.333,banana,fresh
2894447,2862,89.25,824.65,68.05,0.436,4.031,0.333,banana,fresh
2895458,2863,89.25,824.55,68.10,0.436,4.030,0.333,banana,fresh
2896470,2864,89.20,824.70,68.00,0.436,4.031,0.332,banana,fresh
2897480,2865,89.35,824.55,68.00,0.437,4.030,0.332,banana,fresh
2898491,2866,89.40,824.75,68.00,0.437,4.031,0.332,banana,fresh
2899503,2867,89.30,824.85,68.10,0.436,4.032,0.333,banana,fresh
2900513,2868,89.20,824.85,68.00,0.436,4.032,0.332,banana,fresh
2901524,2869,89.25,824.85,68.00,0.436,4.032,0.332,banana,fresh
2902536,2870,89.35,824.85,68.00,0.437,4.032,0.332,banana,fresh
2903546,2871,89.35,824.95,68.05,0.437,4.032,0.333,banana,fresh
2904557,2872,89.25,824.90,68.00,0.436,4.032,0.332,banana,fresh
2905569,2873,89.40,824.75,68.00,0.437,4.031,0.332,banana,fresh
2906579,2874,89.35,824.75,68.00,0.437,4.031,0.332,banana,fresh
2907590,2875,89.25,824.85,68.05,0.436,4.032,0.333,banana,fresh
2908602,2876,89.20,824.85,68.00,0.436,4.032,0.332,banana,fresh
2909613,2877,89.15,824.90,68.00,0.436,4.032,0.332,banana,fresh
2910623,2878,89.10,824.90,68.10,0.435,4.032,0.333,banana,fresh
2911635,2879,89.20,824.70,68.05,0.436,4.031,0.333,banana,fresh
2912646,2880,89.30,824.90,68.05,0.436,4.032,0.333,banana,fresh
2913656,2881,89.40,824.90,68.05,0.437,4.032,0.333,banana,fresh
2914668,2882,89.20,824.90,68.05,0.436,4.032,0.333,banana,fresh
2915679,2883,89.20,824.85,68.00,0.436,4.032,0.332,banana,fresh
2916689,2884,89.15,824.85,68.00,0.436,4.032,0.332,banana,fresh
2917701,2885,89.25,824.95,68.00,0.436,4.032,0.332,banana,fresh
2918712,2886,89.20,824.95,68.00,0.436,4.032,0.332,banana,fresh
2919723,2887,89.35,824.95,68.05,0.437,4.032,0.333,banana,fresh
2920734,2888,89.30,824.90,68.00,0.436,4.032,0.332,banana,fresh
2921745,2889,89.25,825.00,68.00,0.436,4.032,0.332,banana,fresh
2922756,2890,89.30,824.95,68.05,0.436,4.032,0.333,banana,fresh
2923767,2891,89.15,824.95,68.05,0.436,4.032,0.333,banana,fresh
2924778,2892,89.35,824.95,68.05,0.437,4.032,0.333,banana,fresh
2925789,2893,89.40,824.95,68.00,0.437,4.032,0.332,banana,fresh
2926800,2894,89.15,824.95,68.00,0.436,4.032,0.332,banana,fresh
2927811,2895,89.30,825.00,68.00,0.436,4.032,0.332,banana,fresh
2928822,2896,89.10,825.00,68.00,0.435,4.032,0.332,banana,fresh
2929833,2897,89.10,825.00,68.00,0.435,4.032,0.332,banana,fresh
2930844,2898,89.20,824.95,68.00,0.436,4.032,0.332,banana,fresh
2931855,2899,89.35,825.00,68.00,0.437,4.032,0.332,banana,fresh
2932867,2900,89.25,825.00,68.00,0.436,4.032,0.332,banana,fresh
2933877,2901,89.20,824.95,68.10,0.436,4.032,0.333,banana,fresh
2934888,2902,89.15,825.00,68.05,0.436,4.032,0.333,banana,fresh
2935900,2903,89.20,825.00,68.00,0.436,4.032,0.332,banana,fresh
2936910,2904,89.15,825.00,68.00,0.436,4.032,0.332,banana,fresh
2937921,2905,89.25,825.00,68.05,0.436,4.032,0.333,banana,fresh
2938933,2906,89.00,825.00,68.05,0.435,4.032,0.333,banana,fresh
2939943,2907,89.45,825.00,68.00,0.437,4.032,0.332,banana,fresh
2940954,2908,89.15,825.00,68.00,0.436,4.032,0.332,banana,fresh
2941966,2909,89.25,825.00,68.10,0.436,4.032,0.333,banana,fresh
2942977,2910,89.05,825.00,68.00,0.435,4.032,0.332,banana,fresh
2943987,2911,89.15,825.00,68.00,0.436,4.032,0.332,banana,fresh
2944999,2912,89.00,825.00,68.00,0.435,4.032,0.332,banana,fresh
2946010,2913,89.10,825.00,68.00,0.435,4.032,0.332,banana,fresh
2947020,2914,89.25,825.00,67.95,0.436,4.032,0.332,banana,fresh
2948032,2915,89.15,825.05,68.00,0.436,4.033,0.332,banana,fresh
2949043,2916,89.15,825.00,68.05,0.436,4.032,0.333,banana,fresh
2950053,2917,89.30,825.00,68.00,0.436,4.032,0.332,banana,fresh
2951065,2918,89.40,825.00,68.00,0.437,4.032,0.332,banana,fresh
2952076,2919,89.15,825.00,68.00,0.436,4.032,0.332,banana,fresh
2953086,2920,89.20,825.00,68.00,0.436,4.032,0.332,banana,fresh
2954097,2921,89.30,825.00,68.00,0.436,4.032,0.332,banana,fresh
2955109,2922,89.05,825.00,68.00,0.435,4.032,0.332,banana,fresh
2956120,2923,89.20,825.05,68.00,0.436,4.033,0.332,banana,fresh
2957130,2924,89.15,825.00,68.00,0.436,4.032,0.332,banana,fresh
2958142,2925,89.25,825.00,68.00,0.436,4.032,0.332,banana,fresh
2959153,2926,89.20,825.00,68.00,0.436,4.032,0.332,banana,fresh
2960163,2927,89.20,825.00,68.00,0.436,4.032,0.332,banana,fresh
2961175,2928,89.25,825.00,68.00,0.436,4.032,0.332,banana,fresh
2962186,2929,89.30,825.00,68.00,0.436,4.032,0.332,banana,fresh
2963196,2930,89.25,825.00,68.00,0.436,4.032,0.332,banana,fresh
2964208,2931,89.20,825.00,68.05,0.436,4.032,0.333,banana,fresh
2965219,2932,89.10,825.00,68.00,0.435,4.032,0.332,banana,fresh
2966230,2933,89.10,825.00,68.00,0.435,4.032,0.332,banana,fresh
2967241,2934,89.20,825.00,68.00,0.436,4.032,0.332,banana,fresh
2968252,2935,89.25,825.00,68.00,0.436,4.032,0.332,banana,fresh
2969263,2936,89.20,825.00,68.00,0.436,4.032,0.332,banana,fresh
2970274,2937,89.10,825.00,68.05,0.435,4.032,0.333,banana,fresh
2971285,2938,89.15,825.00,68.00,0.436,4.032,0.332,banana,fresh
2972296,2939,89.40,825.10,68.00,0.437,4.033,0.332,banana,fresh
2973306,2940,89.10,825.00,68.00,0.435,4.032,0.332,banana,fresh
2974318,2941,89.15,825.00,68.10,0.436,4.032,0.333,banana,fresh
2975329,2942,89.10,825.10,68.00,0.435,4.033,0.332,banana,fresh
2976339,2943,89.10,825.05,68.05,0.435,4.033,0.333,banana,fresh
2977351,2944,89.10,825.10,68.00,0.435,4.033,0.332,banana,fresh
2978362,2945,89.15,825.10,68.05,0.436,4.033,0.333,banana,fresh
2979373,2946,89.05,825.15,68.10,0.435,4.033,0.333,banana,fresh
2980384,2947,89.25,825.05,68.00,0.436,4.033,0.332,banana,fresh
2981395,2948,89.15,825.10,68.10,0.436,4.033,0.333,banana,fresh
2982406,2949,89.15,825.20,68.05,0.436,4.033,0.333,banana,fresh
2983417,2950,89.10,825.30,68.00,0.435,4.034,0.332,banana,fresh
2984428,2951,89.05,825.20,68.00,0.435,4.033,0.332,banana,fresh
2985439,2952,89.15,825.20,68.05,0.436,4.033,0.333,banana,fresh
2986450,2953,89.15,825.10,68.00,0.436,4.033,0.332,banana,fresh
2987461,2954,89.20,825.20,68.00,0.436,4.033,0.332,banana,fresh
2988472,2955,89.15,825.20,68.00,0.436,4.033,0.332,banana,fresh
2989484,2956,89.10,825.40,68.00,0.435,4.034,0.332,banana,fresh
2990494,2957,89.10,825.35,68.00,0.435,4.034,0.332,banana,fresh
2991505,2958,89.10,825.20,68.05,0.435,4.033,0.333,banana,fresh
2992517,2959,89.20,825.55,68.00,0.436,4.035,0.332,banana,fresh
2993527,2960,89.10,825.40,68.00,0.435,4.034,0.332,banana,fresh
2994538,2961,89.15,825.40,68.00,0.436,4.034,0.332,banana,fresh
2995550,2962,89.15,825.60,68.00,0.436,4.035,0.332,banana,fresh
2996560,2963,89.15,825.55,68.00,0.436,4.035,0.332,banana,fresh
2997571,2964,89.20,825.50,68.00,0.436,4.035,0.332,banana,fresh
2998583,2965,89.10,825.35,68.05,0.435,4.034,0.333,banana,fresh
2999593,2966,89.25,825.65,68.10,0.436,4.035,0.333,banana,fresh
3000604,2967,89.20,825.55,68.10,0.436,4.035,0.333,banana,fresh
3001616,2968,89.10,825.50,68.20,0.435,4.035,0.333,banana,fresh
3002627,2969,89.20,825.55,68.05,0.436,4.035,0.333,banana,fresh
3003638,2970,89.35,825.75,68.05,0.437,4.036,0.333,banana,fresh
3004649,2971,89.15,825.70,68.00,0.436,4.036,0.332,banana,fresh
3005660,2972,89.25,825.65,68.05,0.436,4.035,0.333,banana,fresh
3006671,2973,89.05,825.80,68.10,0.435,4.036,0.333,banana,fresh
3007682,2974,89.30,825.85,68.05,0.436,4.036,0.333,banana,fresh
3008693,2975,89.10,825.95,68.00,0.435,4.037,0.332,banana,fresh
3009704,2976,89.25,825.75,68.05,0.436,4.036,0.333,banana,fresh
3010715,2977,89.05,825.80,68.05,0.435,4.036,0.333,banana,fresh
3011726,2978,89.00,825.70,68.00,0.435,4.036,0.332,banana,fresh
3012737,2979,89.20,826.00,68.05,0.436,4.037,0.333,banana,fresh
3013748,2980,89.10,825.85,68.10,0.435,4.036,0.333,banana,fresh
3014759,2981,89.30,825.95,68.10,0.436,4.037,0.333,banana,fresh
3015770,2982,89.25,826.00,68.00,0.436,4.037,0.332,banana,fresh
3016781,2983,89.10,825.75,68.05,0.435,4.036,0.333,banana,fresh
3017792,2984,89.15,826.00,68.10,0.436,4.037,0.333,banana,fresh
3018803,2985,89.20,825.90,68.10,0.436,4.037,0.333,banana,fresh
3019814,2986,89.10,826.00,68.10,0.435,4.037,0.333,banana,fresh
3020825,2987,89.10,825.95,68.05,0.435,4.037,0.333,banana,fresh
3021836,2988,89.20,826.00,68.05,0.436,4.037,0.333,banana,fresh
3022848,2989,89.05,826.00,68.15,0.435,4.037,0.333,banana,fresh
3023858,2990,89.30,826.00,68.05,0.436,4.037,0.333,banana,fresh
3024869,2991,89.30,825.90,68.05,0.436,4.037,0.333,banana,fresh
3025881,2992,89.15,826.00,68.00,0.436,4.037,0.332,banana,fresh
3026891,2993,89.30,826.00,68.05,0.436,4.037,0.333,banana,fresh
3027902,2994,89.25,826.00,68.00,0.436,4.037,0.332,banana,fresh
3028914,2995,89.35,825.95,68.05,0.437,4.037,0.333,banana,fresh
3029924,2996,89.25,825.95,68.15,0.436,4.037,0.333,banana,fresh
3030935,2997,89.30,826.00,68.05,0.436,4.037,0.333,banana,fresh
3031947,2998,89.25,825.95,68.15,0.436,4.037,0.333,banana,fresh
3032957,2999,89.45,826.00,68.10,0.437,4.037,0.333,banana,fresh
3033968,3000,89.15,826.00,68.10,0.436,4.037,0.333,banana,fresh
3034980,3001,89.30,826.00,68.10,0.436,4.037,0.333,banana,fresh
3035991,3002,89.05,826.00,68.05,0.435,4.037,0.333,banana,fresh
3037001,3003,89.20,826.00,68.10,0.436,4.037,0.333,banana,fresh
3038013,3004,89.25,826.00,68.10,0.436,4.037,0.333,banana,fresh
3039024,3005,89.25,826.00,68.05,0.436,4.037,0.333,banana,fresh
3040034,3006,89.40,826.00,68.10,0.437,4.037,0.333,banana,fresh
3041046,3007,89.30,826.05,68.05,0.436,4.037,0.333,banana,fresh
3042057,3008,89.20,826.00,68.00,0.436,4.037,0.332,banana,fresh
3043067,3009,89.30,826.00,68.20,0.436,4.037,0.333,banana,fresh
3044079,3010,89.30,826.10,68.10,0.436,4.038,0.333,banana,fresh
3045090,3011,89.20,826.00,68.15,0.436,4.037,0.333,banana,fresh
3046100,3012,89.20,826.05,68.10,0.436,4.037,0.333,banana,fresh
3047112,3013,89.20,826.05,68.10,0.436,4.037,0.333,banana,fresh
3048123,3014,89.20,826.00,68.25,0.436,4.037,0.334,banana,fresh
3049134,3015,89.50,826.00,68.15,0.437,4.037,0.333,banana,fresh
3050145,3016,89.35,826.00,68.20,0.437,4.037,0.333,banana,fresh
3051156,3017,89.45,826.00,68.05,0.437,4.037,0.333,banana,fresh
3052167,3018,89.45,826.05,68.10,0.437,4.037,0.333,banana,fresh
3053178,3019,89.30,826.10,68.05,0.436,4.038,0.333,banana,fresh
3054189,3020,89.35,826.05,68.15,0.437,4.037,0.333,banana,fresh
3055200,3021,89.40,826.10,68.10,0.437,4.038,0.333,banana,fresh
3056211,3022,89.40,826.20,68.10,0.437,4.038,0.333,banana,fresh
3057222,3023,89.30,826.10,68.25,0.436,4.038,0.334,banana,fresh
3058233,3024,89.55,826.15,68.20,0.438,4.038,0.333,banana,fresh
3059245,3025,89.50,826.05,68.10,0.437,4.037,0.333,banana,fresh
3060255,3026,89.35,826.20,68.25,0.437,4.038,0.334,banana,fresh
3061266,3027,89.15,826.10,68.15,0.436,4.038,0.333,banana,fresh
3062278,3028,89.50,826.20,68.20,0.437,4.038,0.333,banana,fresh
3063288,3029,89.30,826.10,68.20,0.436,4.038,0.333,banana,fresh
3064299,3030,89.50,826.15,68.25,0.437,4.038,0.334,banana,fresh
3065311,3031,89.35,826.30,68.40,0.437,4.039,0.334,banana,fresh
3066321,3032,89.60,826.30,68.20,0.438,4.039,0.333,banana,fresh
3067332,3033,89.65,826.25,68.15,0.438,4.038,0.333,banana,fresh
3068344,3034,89.60,826.30,68.25,0.438,4.039,0.334,banana,fresh
3069355,3035,89.45,826.35,68.20,0.437,4.039,0.333,banana,fresh
3070365,3036,89.55,826.45,68.25,0.438,4.039,0.334,banana,fresh
3071377,3037,89.50,826.45,68.20,0.437,4.039,0.333,banana,fresh
3072388,3038,89.55,826.50,68.15,0.438,4.040,0.333,banana,fresh
3073398,3039,89.70,826.60,68.25,0.438,4.040,0.334,banana,fresh
3074410,3040,89.60,826.40,68.15,0.438,4.039,0.333,banana,fresh
3075421,3041,89.60,826.50,68.40,0.438,4.040,0.334,banana,fresh
3076431,3042,89.55,826.30,68.25,0.438,4.039,0.334,banana,fresh
3077443,3043,89.55,826.60,68.30,0.438,4.040,0.334,banana,fresh
3078454,3044,89.70,826.65,68.15,0.438,4.040,0.333,banana,fresh
3079464,3045,89.70,826.90,68.35,0.438,4.042,0.334,banana,fresh
3080476,3046,89.50,826.70,68.25,0.437,4.041,0.334,banana,fresh
3081487,3047,89.70,826.85,68.35,0.438,4.041,0.334,banana,fresh
3082498,3048,89.60,826.75,68.25,0.438,4.041,0.334,banana,fresh
3083509,3049,89.25,826.80,68.30,0.436,4.041,0.334,banana,fresh
3084520,3050,89.60,826.85,68.35,0.438,4.041,0.334,banana,fresh
3085532,3051,89.75,826.85,68.25,0.439,4.041,0.334,banana,fresh
3086542,3052,89.50,826.95,68.30,0.437,4.042,0.334,banana,fresh
3087553,3053,89.55,826.95,68.40,0.438,4.042,0.334,banana,fresh
3088565,3054,89.60,827.00,68.35,0.438,4.042,0.334,banana,fresh
3089575,3055,89.60,827.00,68.25,0.438,4.042,0.334,banana,fresh
3090586,3056,89.60,827.00,68.35,0.438,4.042,0.334,banana,fresh
3091598,3057,89.60,827.00,68.25,0.438,4.042,0.334,banana,fresh
3092609,3058,89.65,827.00,68.30,0.438,4.042,0.334,banana,fresh
3093619,3059,89.65,826.95,68.45,0.438,4.042,0.335,banana,fresh
3094631,3060,89.60,826.90,68.35,0.438,4.042,0.334,banana,fresh
3095642,3061,89.65,827.00,68.25,0.438,4.042,0.334,banana,fresh
3096652,3062,89.65,827.00,68.45,0.438,4.042,0.335,banana,fresh
3097664,3063,89.60,827.00,68.35,0.438,4.042,0.334,banana,fresh
3098675,3064,89.80,827.00,68.35,0.439,4.042,0.334,banana,fresh
3099685,3065,89.90,826.95,68.40,0.439,4.042,0.334,banana,fresh
3100697,3066,89.70,827.00,68.40,0.438,4.042,0.334,banana,fresh
3101708,3067,89.65,827.00,68.55,0.438,4.042,0.335,banana,fresh
3102718,3068,89.75,826.95,68.50,0.439,4.042,0.335,banana,fresh
3103730,3069,89.90,827.00,68.45,0.439,4.042,0.335,banana,fresh
3104741,3070,89.75,827.00,68.50,0.439,4.042,0.335,banana,fresh
3105752,3071,89.75,827.00,68.55,0.439,4.042,0.335,banana,fresh
3106762,3072,89.75,827.00,68.55,0.439,4.042,0.335,banana,fresh
3107774,3073,89.70,827.00,68.40,0.438,4.042,0.334,banana,fresh
3108785,3074,89.85,827.00,68.25,0.439,4.042,0.334,banana,fresh
3109795,3075,89.75,827.00,68.60,0.439,4.042,0.335,banana,fresh
3110807,3076,89.95,827.00,68.45,0.440,4.042,0.335,banana,fresh
3111818,3077,89.85,827.00,68.65,0.439,4.042,0.336,banana,fresh
3112828,3078,89.75,827.00,68.45,0.439,4.042,0.335,banana,fresh
3113840,3079,89.75,827.00,68.40,0.439,4.042,0.334,banana,fresh
3114851,3080,89.95,827.05,68.65,0.440,4.042,0.336,banana,fresh
3115862,3081,89.75,827.05,68.45,0.439,4.042,0.335,banana,fresh
3116873,3082,89.70,827.15,68.75,0.438,4.043,0.336,banana,fresh
3117884,3083,89.90,827.05,68.35,0.439,4.042,0.334,banana,fresh
3118896,3084,89.95,827.00,68.75,0.440,4.042,0.336,banana,fresh
3119906,3085,89.85,827.05,68.45,0.439,4.042,0.335,banana,fresh
3120917,3086,89.85,827.00,68.60,0.439,4.042,0.335,banana,fresh
3121929,3087,89.85,827.10,68.60,0.439,4.043,0.335,banana,fresh
3122939,3088,89.80,827.00,68.45,0.439,4.042,0.335,banana,fresh
3123950,3089,89.90,827.15,68.55,0.439,4.043,0.335,banana,fresh
3124962,3090,89.85,827.05,68.60,0.439,4.042,0.335,banana,fresh
3125972,3091,89.80,827.20,68.55,0.439,4.043,0.335,banana,fresh
3126983,3092,89.85,827.25,68.60,0.439,4.043,0.335,banana,fresh
3127995,3093,89.95,827.20,68.70,0.440,4.043,0.336,banana,fresh
3129006,3094,89.85,827.25,68.50,0.439,4.043,0.335,banana,fresh
3130016,3095,89.90,827.15,68.75,0.439,4.043,0.336,banana,fresh
3131028,3096,89.90,827.10,68.75,0.439,4.043,0.336,banana,fresh
3132039,3097,89.80,827.20,68.85,0.439,4.043,0.337,banana,fresh
3133049,3098,89.85,827.40,68.55,0.439,4.044,0.335,banana,fresh
3134061,3099,89.90,827.20,68.65,0.439,4.043,0.336,banana,fresh
3135072,3100,89.90,827.30,68.65,0.439,4.043,0.336,banana,fresh
3136082,3101,89.95,827.25,68.75,0.440,4.043,0.336,banana,fresh
3137094,3102,89.90,827.35,68.60,0.439,4.044,0.335,banana,fresh
3138105,3103,89.80,827.45,68.60,0.439,4.044,0.335,banana,fresh
3139116,3104,90.00,827.35,68.60,0.440,4.044,0.335,banana,fresh
3140127,3105,89.95,827.55,68.55,0.440,4.045,0.335,banana,fresh
3141138,3106,90.00,827.65,68.70,0.440,4.045,0.336,banana,fresh
3142149,3107,89.95,827.55,68.70,0.440,4.045,0.336,banana,fresh
3143160,3108,89.85,827.60,68.80,0.439,4.045,0.336,banana,fresh
3144171,3109,89.90,827.35,68.70,0.439,4.044,0.336,banana,fresh
3145182,3110,89.85,827.45,68.85,0.439,4.044,0.337,banana,fresh
3146193,3111,89.95,827.70,68.65,0.440,4.045,0.336,banana,fresh
3147204,3112,90.00,827.85,68.70,0.440,4.046,0.336,banana,fresh
3148215,3113,89.95,827.75,68.70,0.440,4.046,0.336,banana,fresh
3149227,3114,89.95,827.60,68.80,0.440,4.045,0.336,banana,fresh
3150237,3115,90.00,827.80,68.85,0.440,4.046,0.337,banana,fresh
3151248,3116,89.90,827.80,68.85,0.439,4.046,0.337,banana,fresh
3152260,3117,90.00,827.70,68.70,0.440,4.045,0.336,banana,fresh
3153270,3118,90.00,827.85,68.65,0.440,4.046,0.336,banana,fresh
3154281,3119,90.00,827.90,68.80,0.440,4.046,0.336,banana,fresh
3155293,3120,90.00,827.90,68.90,0.440,4.046,0.337,banana,fresh
3156303,3121,90.00,827.90,68.95,0.440,4.046,0.337,banana,fresh
3157314,3122,89.95,828.00,69.00,0.440,4.047,0.337,banana,fresh
3158325,3123,90.00,827.95,68.85,0.440,4.047,0.337,banana,fresh
3159336,3124,90.00,828.00,68.90,0.440,4.047,0.337,banana,fresh
3160347,3125,89.95,828.00,68.80,0.440,4.047,0.336,banana,fresh
3161358,3126,90.00,827.95,68.90,0.440,4.047,0.337,banana,fresh
3162370,3127,90.00,828.00,68.95,0.440,4.047,0.337,banana,fresh
3163380,3128,90.00,828.00,68.90,0.440,4.047,0.337,banana,fresh
3164391,3129,89.95,828.00,68.95,0.440,4.047,0.337,banana,fresh
3165403,3130,90.00,828.00,68.80,0.440,4.047,0.336,banana,fresh
3166413,3131,90.00,828.00,68.95,0.440,4.047,0.337,banana,fresh
3167424,3132,89.95,828.00,68.90,0.440,4.047,0.337,banana,fresh
3168436,3133,90.00,828.00,69.00,0.440,4.047,0.337,banana,fresh
3169446,3134,90.00,828.00,68.95,0.440,4.047,0.337,banana,fresh
3170457,3135,90.00,828.00,68.95,0.440,4.047,0.337,banana,fresh
3171468,3136,90.00,828.00,68.95,0.440,4.047,0.337,banana,fresh
3172480,3137,90.00,828.00,68.95,0.440,4.047,0.337,banana,fresh
3173490,3138,90.00,828.00,68.95,0.440,4.047,0.337,banana,fresh
3174501,3139,90.00,828.00,68.85,0.440,4.047,0.337,banana,fresh
3175513,3140,90.00,828.05,69.00,0.440,4.047,0.337,banana,fresh
3176523,3141,90.00,828.00,68.95,0.440,4.047,0.337,banana,fresh
3177534,3142,90.05,828.00,68.95,0.440,4.047,0.337,banana,fresh
3178546,3143,90.05,828.05,69.00,0.440,4.047,0.337,banana,fresh
3179556,3144,90.00,828.05,69.00,0.440,4.047,0.337,banana,fresh
3180567,3145,90.05,828.05,68.95,0.440,4.047,0.337,banana,fresh
3181579,3146,90.00,828.00,69.00,0.440,4.047,0.337,banana,fresh
3182589,3147,90.00,828.00,69.00,0.440,4.047,0.337,banana,fresh
3183600,3148,90.00,828.00,69.00,0.440,4.047,0.337,banana,fresh
3184612,3149,90.05,828.05,69.05,0.440,4.047,0.337,banana,fresh
3185623,3150,90.00,828.00,69.00,0.440,4.047,0.337,banana,fresh
3186633,3151,90.00,828.00,68.95,0.440,4.047,0.337,banana,fresh
3187645,3152,90.05,828.05,69.00,0.440,4.047,0.337,banana,fresh
3188656,3153,90.00,828.00,68.85,0.440,4.047,0.337,banana,fresh
3189666,3154,90.00,828.00,68.95,0.440,4.047,0.337,banana,fresh
3190677,3155,90.00,828.05,68.95,0.440,4.047,0.337,banana,fresh
3191689,3156,90.00,828.05,69.00,0.440,4.047,0.337,banana,fresh
3192699,3157,90.00,828.10,69.00,0.440,4.047,0.337,banana,fresh
3193710,3158,90.00,828.15,68.95,0.440,4.048,0.337,banana,fresh
3194722,3159,90.00,828.20,69.00,0.440,4.048,0.337,banana,fresh
3195732,3160,90.00,828.05,69.00,0.440,4.047,0.337,banana,fresh
3196743,3161,90.05,828.30,68.90,0.440,4.048,0.337,banana,fresh
3197755,3162,90.05,828.20,68.95,0.440,4.048,0.337,banana,fresh
3198766,3163,90.00,828.30,68.95,0.440,4.048,0.337,banana,fresh
3199776,3164,90.05,828.30,69.00,0.440,4.048,0.337,banana,fresh
3200788,3165,90.00,828.35,69.00,0.440,4.049,0.337,banana,fresh
3201799,3166,90.05,828.20,69.00,0.440,4.048,0.337,banana,fresh
3202809,3167,90.10,828.25,69.00,0.440,4.048,0.337,banana,fresh
3203821,3168,90.05,828.30,69.00,0.440,4.048,0.337,banana,fresh
3204832,3169,90.00,828.25,69.00,0.440,4.048,0.337,banana,fresh
3205842,3170,90.05,828.40,69.00,0.440,4.049,0.337,banana,fresh
3206854,3171,90.10,828.40,69.00,0.440,4.049,0.337,banana,fresh
3207865,3172,90.00,828.60,69.00,0.440,4.050,0.337,banana,fresh
3208876,3173,90.05,828.55,69.00,0.440,4.050,0.337,banana,fresh
3209886,3174,90.05,828.35,69.00,0.440,4.049,0.337,banana,fresh
3210898,3175,90.10,828.50,69.00,0.440,4.049,0.337,banana,fresh
3211909,3176,90.00,828.55,69.00,0.440,4.050,0.337,banana,fresh
3212919,3177,90.10,828.45,69.00,0.440,4.049,0.337,banana,fresh
3213931,3178,90.05,828.70,69.00,0.440,4.050,0.337,banana,fresh
3214942,3179,90.10,828.50,69.00,0.440,4.049,0.337,banana,fresh
3215952,3180,90.10,828.80,69.00,0.440,4.051,0.337,banana,fresh
3216964,3181,90.10,828.80,69.00,0.440,4.051,0.337,banana,fresh
3217975,3182,90.00,828.85,69.00,0.440,4.051,0.337,banana,fresh
3218985,3183,90.15,828.80,69.00,0.441,4.051,0.337,banana,fresh
3219997,3184,90.15,828.90,69.00,0.441,4.051,0.337,banana,fresh
3221008,3185,90.10,828.80,69.00,0.440,4.051,0.337,banana,fresh
3222019,3186,90.25,829.00,69.00,0.441,4.052,0.337,banana,fresh
3223030,3187,90.10,828.95,69.00,0.440,4.052,0.337,banana,fresh
3224041,3188,90.10,828.90,68.95,0.440,4.051,0.337,banana,fresh
3225052,3189,90.10,828.95,69.00,0.440,4.052,0.337,banana,fresh
3226063,3190,90.20,829.00,69.00,0.441,4.052,0.337,banana,fresh
3227074,3191,90.15,828.95,69.00,0.441,4.052,0.337,banana,fresh
3228085,3192,90.10,829.00,69.00,0.440,4.052,0.337,banana,fresh
3229095,3193,90.10,828.90,69.00,0.440,4.051,0.337,banana,fresh
3230107,3194,90.15,829.00,69.00,0.441,4.052,0.337,banana,fresh
3231118,3195,90.10,828.95,69.00,0.440,4.052,0.337,banana,fresh
3232129,3196,90.05,829.00,69.00,0.440,4.052,0.337,banana,fresh
3233140,3197,90.15,828.95,69.00,0.441,4.052,0.337,banana,fresh
3234151,3198,90.20,829.00,69.05,0.441,4.052,0.337,banana,fresh
3235162,3199,90.25,829.00,69.00,0.441,4.052,0.337,banana,fresh
3236173,3200,90.20,829.00,69.05,0.441,4.052,0.337,banana,fresh
3237184,3201,90.20,829.00,69.00,0.441,4.052,0.337,banana,fresh
3238195,3202,90.35,829.00,69.00,0.442,4.052,0.337,banana,fresh
3239206,3203,90.30,829.00,69.00,0.441,4.052,0.337,banana,fresh
3240217,3204,90.05,829.00,69.00,0.440,4.052,0.337,banana,fresh
3241228,3205,90.15,829.00,69.00,0.441,4.052,0.337,banana,fresh
3242240,3206,90.25,828.95,69.05,0.441,4.052,0.337,banana,fresh
3243250,3207,90.20,829.00,69.00,0.441,4.052,0.337,banana,fresh
3244261,3208,90.30,829.00,69.00,0.441,4.052,0.337,banana,fresh
3245273,3209,90.30,829.00,69.00,0.441,4.052,0.337,banana,fresh
3246283,3210,90.25,829.00,69.00,0.441,4.052,0.337,banana,fresh
3247294,3211,90.30,829.00,69.00,0.441,4.052,0.337,banana,fresh
3248305,3212,90.25,829.05,69.00,0.441,4.052,0.337,banana,fresh
3249316,3213,90.30,829.00,69.05,0.441,4.052,0.337,banana,fresh
3250327,3214,90.25,829.00,69.05,0.441,4.052,0.337,banana,fresh
3251338,3215,90.30,829.00,69.00,0.441,4.052,0.337,banana,fresh
3252349,3216,90.30,829.00,69.00,0.441,4.052,0.337,banana,fresh
3253360,3217,90.40,829.00,69.00,0.442,4.052,0.337,banana,fresh
3254371,3218,90.35,829.00,69.00,0.442,4.052,0.337,banana,fresh
3255383,3219,90.25,829.00,69.00,0.441,4.052,0.337,banana,fresh
3256393,3220,90.30,829.00,69.05,0.441,4.052,0.337,banana,fresh
3257404,3221,90.40,829.00,69.10,0.442,4.052,0.338,banana,fresh
3258416,3222,90.30,829.10,69.05,0.441,4.052,0.337,banana,fresh
3259426,3223,90.20,829.00,69.10,0.441,4.052,0.338,banana,fresh
3260437,3224,90.50,829.00,69.10,0.442,4.052,0.338,banana,fresh
3261449,3225,90.25,829.00,69.05,0.441,4.052,0.337,banana,fresh
3262459,3226,90.15,829.00,69.00,0.441,4.052,0.337,banana,fresh
3263470,3227,90.45,829.00,69.05,0.442,4.052,0.337,banana,fresh
3264482,3228,90.50,829.00,69.05,0.442,4.052,0.337,banana,fresh
3265492,3229,90.65,829.00,69.00,0.443,4.052,0.337,banana,fresh
3266503,3230,90.10,829.00,69.00,0.440,4.052,0.337,banana,fresh
3267515,3231,90.35,829.05,69.05,0.442,4.052,0.337,banana,fresh
3268526,3232,90.55,829.05,69.15,0.443,4.052,0.338,banana,fresh
3269536,3233,90.30,829.05,69.00,0.441,4.052,0.337,banana,fresh
3270548,3234,90.40,829.10,69.00,0.442,4.052,0.337,banana,fresh
3271559,3235,90.25,829.10,69.05,0.441,4.052,0.337,banana,fresh
3272569,3236,90.65,829.10,69.05,0.443,4.052,0.337,banana,fresh
3273581,3237,90.40,829.15,69.05,0.442,4.053,0.337,banana,fresh
3274592,3238,90.50,829.10,69.00,0.442,4.052,0.337,banana,fresh
3275602,3239,90.55,829.15,69.00,0.443,4.053,0.337,banana,fresh
3276614,3240,90.55,829.10,69.10,0.443,4.052,0.338,banana,fresh
3277625,3241,90.55,829.10,69.05,0.443,4.052,0.337,banana,fresh
3278636,3242,90.50,829.20,69.05,0.442,4.053,0.337,banana,fresh
3279647,3243,90.70,829.25,69.10,0.443,4.053,0.338,banana,fresh
3280658,3244,90.55,829.30,69.05,0.443,4.053,0.337,banana,fresh
3281669,3245,90.65,829.20,69.10,0.443,4.053,0.338,banana,fresh
3282680,3246,90.65,829.20,69.05,0.443,4.053,0.337,banana,fresh
3283691,3247,90.55,829.35,69.15,0.443,4.054,0.338,banana,fresh
3284702,3248,90.55,829.45,69.05,0.443,4.054,0.337,banana,fresh
3285713,3249,90.55,829.25,69.20,0.443,4.053,0.338,banana,fresh
3286724,3250,90.40,829.40,69.10,0.442,4.054,0.338,banana,fresh
3287735,3251,90.70,829.35,69.05,0.443,4.054,0.337,banana,fresh
3288747,3252,90.45,829.45,69.20,0.442,4.054,0.338,banana,fresh
3289757,3253,90.50,829.55,69.20,0.442,4.054,0.338,banana,fresh
3290768,3254,90.70,829.55,69.05,0.443,4.054,0.337,banana,fresh
3291780,3255,90.65,829.35,69.10,0.443,4.054,0.338,banana,fresh
3292790,3256,90.45,829.55,69.10,0.442,4.054,0.338,banana,fresh
3293801,3257,90.70,829.35,69.05,0.443,4.054,0.337,banana,fresh
3294813,3258,90.60,829.55,69.05,0.443,4.054,0.337,banana,fresh
3295823,3259,90.65,829.65,69.05,0.443,4.055,0.337,banana,fresh
3296834,3260,90.80,829.40,69.05,0.444,4.054,0.337,banana,fresh
3297846,3261,90.85,829.70,69.00,0.444,4.055,0.337,banana,fresh
3298856,3262,90.80,829.60,69.15,0.444,4.055,0.338,banana,fresh
3299867,3263,90.30,829.55,69.10,0.441,4.054,0.338,banana,fresh
3300879,3264,90.80,829.55,69.05,0.444,4.054,0.337,banana,fresh
3301890,3265,90.85,829.85,69.10,0.444,4.056,0.338,banana,fresh
3302900,3266,90.65,829.60,69.15,0.443,4.055,0.338,banana,fresh
3303912,3267,90.65,829.60,69.10,0.443,4.055,0.338,banana,fresh
3304923,3268,90.70,829.95,69.15,0.443,4.056,0.338,banana,fresh
3305933,3269,90.65,829.80,69.20,0.443,4.056,0.338,banana,fresh
3306945,3270,90.70,829.75,69.10,0.443,4.055,0.338,banana,fresh
3307956,3271,90.55,829.80,69.10,0.443,4.056,0.338,banana,fresh
3308966,3272,90.75,829.65,69.20,0.444,4.055,0.338,banana,fresh
3309978,3273,90.65,829.70,69.20,0.443,4.055,0.338,banana,fresh
3310989,3274,90.70,829.80,69.15,0.443,4.056,0.338,banana,fresh
3312000,3275,90.60,829.80,69.05,0.443,4.056,0.337,banana,fresh
3313011,3276,90.85,829.70,69.25,0.444,4.055,0.338,banana,fresh
3314022,3277,90.80,829.85,69.10,0.444,4.056,0.338,banana,fresh
3315033,3278,90.65,829.90,69.15,0.443,4.056,0.338,banana,fresh
3316044,3279,90.90,829.80,69.10,0.444,4.056,0.338,banana,fresh
3317055,3280,90.75,829.90,69.20,0.444,4.056,0.338,banana,fresh
3318066,3281,90.80,829.90,69.15,0.444,4.056,0.338,banana,fresh
3319076,3282,90.70,829.85,69.05,0.443,4.056,0.337,banana,fresh
3320088,3283,90.80,829.95,69.20,0.444,4.056,0.338,banana,fresh
3321099,3284,90.80,829.85,69.15,0.444,4.056,0.338,banana,fresh
3322110,3285,90.80,830.00,69.05,0.444,4.057,0.337,banana,fresh
3323121,3286,90.90,830.00,69.25,0.444,4.057,0.338,banana,fresh
3324132,3287,90.75,829.95,69.10,0.444,4.056,0.338,banana,fresh
3325143,3288,90.85,829.95,69.20,0.444,4.056,0.338,banana,fresh
3326154,3289,90.95,829.95,69.10,0.445,4.056,0.338,banana,fresh
3327165,3290,90.85,830.00,69.15,0.444,4.057,0.338,banana,fresh
3328176,3291,90.60,830.00,69.25,0.443,4.057,0.338,banana,fresh
3329187,3292,90.90,830.00,69.10,0.444,4.057,0.338,banana,fresh
3330198,3293,90.80,830.00,69.00,0.444,4.057,0.337,banana,fresh
3331209,3294,90.75,830.00,69.25,0.444,4.057,0.338,banana,fresh
3332220,3295,90.85,829.95,69.30,0.444,4.056,0.339,banana,fresh
3333231,3296,90.90,830.00,69.00,0.444,4.057,0.337,banana,fresh
3334242,3297,90.95,830.00,69.25,0.445,4.057,0.338,banana,fresh
3335254,3298,90.85,830.00,69.10,0.444,4.057,0.338,banana,fresh
3336264,3299,90.80,830.00,69.15,0.444,4.057,0.338,banana,fresh
3337275,3300,90.85,830.00,69.10,0.444,4.057,0.338,banana,fresh
3338287,3301,90.90,830.00,69.20,0.444,4.057,0.338,banana,fresh
3339297,3302,90.85,830.00,69.10,0.444,4.057,0.338,banana,fresh
3340308,3303,90.70,829.95,69.15,0.443,4.056,0.338,banana,fresh
3341320,3304,90.75,830.00,69.25,0.444,4.057,0.338,banana,fresh
3342330,3305,90.85,830.00,69.15,0.444,4.057,0.338,banana,fresh
3343341,3306,90.85,830.00,69.10,0.444,4.057,0.338,banana,fresh
3344353,3307,90.80,830.00,69.00,0.444,4.057,0.337,banana,fresh
3345363,3308,90.90,830.05,69.25,0.444,4.057,0.338,banana,fresh
3346374,3309,90.90,830.00,69.15,0.444,4.057,0.338,banana,fresh
3347386,3310,90.80,830.00,69.05,0.444,4.057,0.337,banana,fresh
3348397,3311,90.75,830.00,69.15,0.444,4.057,0.338,banana,fresh
3349407,3312,90.85,830.00,69.05,0.444,4.057,0.337,banana,fresh
3350419,3313,90.85,830.00,69.15,0.444,4.057,0.338,banana,fresh
3351430,3314,90.95,830.00,69.15,0.445,4.057,0.338,banana,fresh
3352440,3315,90.90,830.00,69.25,0.444,4.057,0.338,banana,fresh
3353452,3316,90.85,830.00,69.15,0.444,4.057,0.338,banana,fresh
3354463,3317,90.80,830.00,69.30,0.444,4.057,0.339,banana,fresh
3355473,3318,90.95,830.00,69.40,0.445,4.057,0.339,banana,fresh
3356485,3319,90.95,830.00,69.15,0.445,4.057,0.338,banana,fresh
3357496,3320,91.00,830.05,69.15,0.445,4.057,0.338,banana,fresh
3358507,3321,90.95,830.05,69.20,0.445,4.057,0.338,banana,fresh
3359518,3322,90.85,830.05,69.20,0.444,4.057,0.338,banana,fresh
3360529,3323,90.90,830.00,69.25,0.444,4.057,0.338,banana,fresh
3361540,3324,90.80,830.00,69.25,0.444,4.057,0.338,banana,fresh
3362551,3325,90.90,830.00,69.45,0.444,4.057,0.339,banana,fresh
3363562,3326,90.80,830.00,69.25,0.444,4.057,0.338,banana,fresh
3364573,3327,90.85,830.00,69.25,0.444,4.057,0.338,banana,fresh
3365584,3328,90.90,830.00,69.30,0.444,4.057,0.339,banana,fresh
3366595,3329,90.90,830.05,69.10,0.444,4.057,0.338,banana,fresh
3367606,3330,90.90,830.00,69.35,0.444,4.057,0.339,banana,fresh
3368617,3331,90.95,830.10,69.25,0.445,4.057,0.338,banana,fresh
3369628,3332,90.90,830.05,69.25,0.444,4.057,0.338,banana,fresh
3370639,3333,90.90,830.00,69.20,0.444,4.057,0.338,banana,fresh
3371651,3334,90.95,830.00,69.00,0.445,4.057,0.337,banana,fresh
3372661,3335,90.85,830.10,69.10,0.444,4.057,0.338,banana,fresh
3373672,3336,90.90,830.00,69.30,0.444,4.057,0.339,banana,fresh
3374683,3337,90.90,830.00,69.10,0.444,4.057,0.338,banana,fresh
3375694,3338,90.85,830.00,69.35,0.444,4.057,0.339,banana,fresh
3376705,3339,90.90,830.10,69.20,0.444,4.057,0.338,banana,fresh
3377716,3340,90.90,830.00,69.15,0.444,4.057,0.338,banana,fresh
3378727,3341,90.95,830.05,69.15,0.445,4.057,0.338,banana,fresh
3379738,3342,90.95,830.00,69.15,0.445,4.057,0.338,banana,fresh
3380749,3343,90.85,830.00,69.20,0.444,4.057,0.338,banana,fresh
3381761,3344,90.85,830.05,69.05,0.444,4.057,0.337,banana,fresh
3382771,3345,90.95,830.05,69.10,0.445,4.057,0.338,banana,fresh
3383782,3346,90.85,830.10,69.10,0.444,4.057,0.338,banana,fresh
3384794,3347,90.85,830.10,69.25,0.444,4.057,0.338,banana,fresh
3385804,3348,90.85,830.20,69.25,0.444,4.058,0.338,banana,fresh
3386815,3349,90.95,830.10,69.10,0.445,4.057,0.338,banana,fresh
3387827,3350,90.90,830.10,69.30,0.444,4.057,0.339,banana,fresh
3388837,3351,90.95,830.10,69.25,0.445,4.057,0.338,banana,fresh
3389848,3352,90.95,830.10,69.30,0.445,4.057,0.339,banana,fresh
3390860,3353,90.70,830.35,69.20,0.443,4.058,0.338,banana,fresh
3391870,3354,90.90,830.15,69.10,0.444,4.057,0.338,banana,fresh
3392881,3355,90.95,830.05,69.25,0.445,4.057,0.338,banana,fresh
3393893,3356,90.95,830.15,69.30,0.445,4.057,0.339,banana,fresh
3394904,3357,90.95,830.15,69.25,0.445,4.057,0.338,banana,fresh
3395914,3358,90.90,830.15,69.20,0.444,4.057,0.338,banana,fresh
3396926,3359,90.90,830.25,69.35,0.444,4.058,0.339,banana,fresh
3397937,3360,90.95,830.15,69.20,0.445,4.057,0.338,banana,fresh
3398947,3361,90.90,830.20,69.10,0.444,4.058,0.338,banana,fresh
3399959,3362,90.80,830.15,69.10,0.444,4.057,0.338,banana,fresh
3400970,3363,90.80,830.20,69.20,0.444,4.058,0.338,banana,fresh
3401980,3364,90.75,830.20,69.30,0.444,4.058,0.339,banana,fresh
3402992,3365,90.90,830.25,69.10,0.444,4.058,0.338,banana,fresh
3404003,3366,90.85,830.20,69.10,0.444,4.058,0.338,banana,fresh
3405014,3367,90.85,830.25,69.15,0.444,4.058,0.338,banana,fresh
3406025,3368,90.95,830.30,69.10,0.445,4.058,0.338,banana,fresh
3407036,3369,90.90,830.35,69.20,0.444,4.058,0.338,banana,fresh
3408047,3370,90.80,830.15,69.10,0.444,4.057,0.338,banana,fresh
3409058,3371,90.85,830.30,69.25,0.444,4.058,0.338,banana,fresh
3410069,3372,90.90,830.20,69.15,0.444,4.058,0.338,banana,fresh
3411080,3373,90.90,830.35,69.10,0.444,4.058,0.338,banana,fresh
3412091,3374,90.95,830.40,69.10,0.445,4.059,0.338,banana,fresh
3413102,3375,90.90,830.40,69.10,0.444,4.059,0.338,banana,fresh
3414113,3376,90.95,830.30,69.15,0.445,4.058,0.338,banana,fresh
3415124,3377,90.95,830.40,69.05,0.445,4.059,0.337,banana,fresh
3416135,3378,90.85,830.35,69.05,0.444,4.058,0.337,banana,fresh
3417146,3379,90.80,830.10,69.10,0.444,4.057,0.338,banana,fresh
3418158,3380,90.95,830.50,69.05,0.445,4.059,0.337,banana,fresh
3419168,3381,90.85,830.25,69.05,0.444,4.058,0.337,banana,fresh
3420179,3382,90.95,830.35,69.00,0.445,4.058,0.337,banana,fresh
3421191,3383,90.85,830.45,69.15,0.444,4.059,0.338,banana,fresh
3422201,3384,90.95,830.25,69.05,0.445,4.058,0.337,banana,fresh
3423213,3385,90.90,830.45,69.00,0.444,4.059,0.337,banana,fresh
3424224,3386,90.85,830.40,69.00,0.444,4.059,0.337,banana,fresh
3425234,3387,90.90,830.30,69.10,0.444,4.058,0.338,banana,fresh
3426245,3388,90.95,830.60,69.15,0.445,4.060,0.338,banana,fresh
3427257,3389,90.90,830.55,69.05,0.444,4.059,0.337,banana,fresh
3428268,3390,90.90,830.45,69.05,0.444,4.059,0.337,banana,fresh
3429278,3391,91.00,830.55,69.20,0.445,4.059,0.338,banana,fresh
3430290,3392,90.85,830.55,69.15,0.444,4.059,0.338,banana,fresh
3431301,3393,90.85,830.40,69.05,0.444,4.059,0.337,banana,fresh
3432311,3394,90.80,830.45,69.10,0.444,4.059,0.338,banana,fresh
3433323,3395,90.90,830.50,69.05,0.444,4.059,0.337,banana,fresh
3434334,3396,90.90,830.30,69.25,0.444,4.058,0.338,banana,fresh
3435344,3397,90.90,830.75,69.05,0.444,4.060,0.337,banana,fresh
3436356,3398,90.85,830.65,69.15,0.444,4.060,0.338,banana,fresh
3437367,3399,90.80,830.75,69.00,0.444,4.060,0.337,banana,fresh
3438377,3400,90.80,830.80,69.15,0.444,4.061,0.338,banana,fresh
3439389,3401,90.90,830.65,69.10,0.444,4.060,0.338,banana,fresh
3440400,3402,90.85,830.80,69.20,0.444,4.061,0.338,banana,fresh
3441411,3403,90.90,830.90,69.10,0.444,4.061,0.338,banana,fresh
3442422,3404,90.90,830.65,69.20,0.444,4.060,0.338,banana,fresh
3443433,3405,90.85,830.60,69.10,0.444,4.060,0.338,banana,fresh
3444444,3406,90.75,830.55,69.05,0.444,4.059,0.337,banana,fresh
3445455,3407,90.75,830.70,69.05,0.444,4.060,0.337,banana,fresh
3446466,3408,90.85,830.70,69.15,0.444,4.060,0.338,banana,fresh
3447477,3409,90.75,830.70,69.15,0.444,4.060,0.338,banana,fresh
3448488,3410,90.85,830.65,69.15,0.444,4.060,0.338,banana,fresh
3449499,3411,90.90,830.85,69.10,0.444,4.061,0.338,banana,fresh
3450510,3412,90.85,830.80,69.05,0.444,4.061,0.337,banana,fresh
3451522,3413,90.75,830.75,69.10,0.444,4.060,0.338,banana,fresh
3452532,3414,90.80,830.70,69.05,0.444,4.060,0.337,banana,fresh
3453543,3415,90.90,830.75,69.15,0.444,4.060,0.338,banana,fresh
3454555,3416,90.75,830.70,69.05,0.444,4.060,0.337,banana,fresh
3455565,3417,90.45,830.75,69.00,0.442,4.060,0.337,banana,fresh
3456576,3418,90.85,830.90,69.05,0.444,4.061,0.337,banana,fresh
3457588,3419,90.85,830.85,69.00,0.444,4.061,0.337,banana,fresh
3458598,3420,90.95,830.85,69.00,0.445,4.061,0.337,banana,fresh
3459609,3421,90.80,830.80,69.15,0.444,4.061,0.338,banana,fresh
3460621,3422,90.75,830.85,69.10,0.444,4.061,0.338,banana,fresh
3461632,3423,90.75,830.85,69.00,0.444,4.061,0.337,banana,fresh
3462642,3424,90.50,830.85,69.10,0.442,4.061,0.338,banana,fresh
3463654,3425,90.80,830.90,69.10,0.444,4.061,0.338,banana,fresh
3464665,3426,90.80,830.95,69.05,0.444,4.061,0.337,banana,fresh
3465675,3427,90.85,830.95,69.10,0.444,4.061,0.338,banana,fresh
3466687,3428,90.65,830.95,69.10,0.443,4.061,0.338,banana,fresh
3467698,3429,90.75,830.90,69.10,0.444,4.061,0.338,banana,fresh
3468709,3430,90.70,830.90,69.05,0.443,4.061,0.337,banana,fresh
3469720,3431,90.70,830.95,69.00,0.443,4.061,0.337,banana,fresh
3470731,3432,90.80,830.95,69.10,0.444,4.061,0.338,banana,fresh
3471742,3433,90.75,830.95,69.00,0.444,4.061,0.337,banana,fresh
3472753,3434,90.85,830.90,69.00,0.444,4.061,0.337,banana,fresh
3473764,3435,90.70,831.00,69.05,0.443,4.062,0.337,banana,fresh
3474776,3436,90.80,830.90,69.05,0.444,4.061,0.337,banana,fresh
3475786,3437,90.80,830.95,69.00,0.444,4.061,0.337,banana,fresh
3476797,3438,90.70,830.90,69.05,0.443,4.061,0.337,banana,fresh
3477809,3439,90.85,831.00,69.00,0.444,4.062,0.337,banana,fresh
3478819,3440,90.70,831.00,69.05,0.443,4.062,0.337,banana,fresh
3479830,3441,90.70,830.95,69.05,0.443,4.061,0.337,banana,fresh
3480842,3442,90.60,830.95,69.00,0.443,4.061,0.337,banana,fresh
3481852,3443,90.75,830.90,69.05,0.444,4.061,0.337,banana,fresh
3482863,3444,90.75,831.00,69.05,0.444,4.062,0.337,banana,fresh
3483874,3445,90.60,831.00,69.05,0.443,4.062,0.337,banana,fresh
3484886,3446,90.40,830.90,69.05,0.442,4.061,0.337,banana,fresh
3485896,3447,90.55,830.95,69.00,0.443,4.061,0.337,banana,fresh
3486907,3448,90.80,831.00,69.00,0.444,4.062,0.337,banana,fresh
3487919,3449,90.75,831.00,69.00,0.444,4.062,0.337,banana,fresh
3488929,3450,90.55,830.90,69.00,0.443,4.061,0.337,banana,fresh
3489940,3451,90.60,830.95,69.00,0.443,4.061,0.337,banana,fresh
3490952,3452,90.70,830.95,69.10,0.443,4.061,0.338,banana,fresh
3491962,3453,90.65,830.90,69.10,0.443,4.061,0.338,banana,fresh
3492973,3454,90.70,830.85,69.05,0.443,4.061,0.337,banana,fresh
3493985,3455,90.65,830.95,69.05,0.443,4.061,0.337,banana,fresh
3494995,3456,90.65,831.05,69.05,0.443,4.062,0.337,banana,fresh
3496006,3457,90.35,830.90,69.05,0.442,4.061,0.337,banana,fresh
3497018,3458,90.40,831.00,69.05,0.442,4.062,0.337,banana,fresh
3498029,3459,90.45,831.00,69.00,0.442,4.062,0.337,banana,fresh
3499039,3460,90.60,830.95,69.00,0.443,4.061,0.337,banana,fresh
3500051,3461,90.65,831.00,69.00,0.443,4.062,0.337,banana,fresh
3501062,3462,90.55,830.95,69.05,0.443,4.061,0.337,banana,fresh
3502072,3463,90.50,830.90,69.10,0.442,4.061,0.338,banana,fresh
3503084,3464,90.40,830.95,69.10,0.442,4.061,0.338,banana,fresh
3504095,3465,90.50,830.95,69.00,0.442,4.061,0.337,banana,fresh
3505105,3466,90.60,830.95,69.05,0.443,4.061,0.337,banana,fresh
3506117,3467,90.20,831.00,69.00,0.441,4.062,0.337,banana,fresh
3507128,3468,90.35,831.00,69.05,0.442,4.062,0.337,banana,fresh
3508139,3469,90.40,831.00,69.00,0.442,4.062,0.337,banana,fresh
3509150,3470,90.45,831.00,69.05,0.442,4.062,0.337,banana,fresh
3510161,3471,90.25,831.00,69.00,0.441,4.062,0.337,banana,fresh
3511172,3472,90.35,831.00,69.00,0.442,4.062,0.337,banana,fresh
3512183,3473,90.25,831.00,69.00,0.441,4.062,0.337,banana,fresh
3513194,3474,90.35,831.00,69.00,0.442,4.062,0.337,banana,fresh
3514205,3475,90.60,831.00,69.00,0.443,4.062,0.337,banana,fresh
3515216,3476,90.20,831.00,69.00,0.441,4.062,0.337,banana,fresh
3516227,3477,90.25,831.00,69.00,0.441,4.062,0.337,banana,fresh
3517238,3478,90.40,831.00,69.00,0.442,4.062,0.337,banana,fresh
3518249,3479,90.30,831.00,69.05,0.441,4.062,0.337,banana,fresh
3519260,3480,90.20,831.00,69.05,0.441,4.062,0.337,banana,fresh
3520271,3481,90.25,831.00,69.05,0.441,4.062,0.337,banana,fresh
3521283,3482,90.35,831.05,69.00,0.442,4.062,0.337,banana,fresh
3522293,3483,90.35,831.00,69.00,0.442,4.062,0.337,banana,fresh
3523304,3484,90.15,831.00,69.00,0.441,4.062,0.337,banana,fresh
3524316,3485,90.15,831.05,69.00,0.441,4.062,0.337,banana,fresh
3525326,3486,90.25,831.05,69.05,0.441,4.062,0.337,banana,fresh
3526337,3487,90.20,831.05,69.00,0.441,4.062,0.337,banana,fresh
3527349,3488,90.15,831.00,69.00,0.441,4.062,0.337,banana,fresh
3528359,3489,90.20,831.00,69.00,0.441,4.062,0.337,banana,fresh
3529370,3490,90.10,831.00,69.00,0.440,4.062,0.337,banana,fresh
3530382,3491,90.20,830.95,69.00,0.441,4.061,0.337,banana,fresh
3531393,3492,90.20,831.00,69.00,0.441,4.062,0.337,banana,fresh
3532403,3493,90.10,831.05,69.00,0.440,4.062,0.337,banana,fresh
3533415,3494,90.15,831.00,69.00,0.441,4.062,0.337,banana,fresh
3534426,3495,90.20,831.00,69.00,0.441,4.062,0.337,banana,fresh
3535436,3496,90.30,831.00,69.00,0.441,4.062,0.337,banana,fresh
3536448,3497,90.10,831.00,69.00,0.440,4.062,0.337,banana,fresh
3537459,3498,90.25,831.00,69.00,0.441,4.062,0.337,banana,fresh
3538469,3499,90.20,830.95,68.95,0.441,4.061,0.337,banana,fresh
3539480,3500,90.25,831.00,69.05,0.441,4.062,0.337,banana,fresh
3540492,3501,90.30,831.00,69.00,0.441,4.062,0.337,banana,fresh
3541502,3502,90.05,831.00,69.00,0.440,4.062,0.337,banana,fresh
3542513,3503,90.10,830.95,69.00,0.440,4.061,0.337,banana,fresh
3543525,3504,90.10,831.00,69.00,0.440,4.062,0.337,banana,fresh
3544536,3505,90.15,831.00,69.00,0.441,4.062,0.337,banana,fresh
3545546,3506,90.05,831.00,69.00,0.440,4.062,0.337,banana,fresh
3546558,3507,90.15,831.05,68.95,0.441,4.062,0.337,banana,fresh
3547569,3508,90.15,831.00,69.00,0.441,4.062,0.337,banana,fresh
3548579,3509,90.25,831.00,69.00,0.441,4.062,0.337,banana,fresh
3549591,3510,90.00,831.00,68.95,0.440,4.062,0.337,banana,fresh
3550602,3511,90.05,831.00,69.00,0.440,4.062,0.337,banana,fresh
3551612,3512,90.05,831.00,69.00,0.440,4.062,0.337,banana,fresh
3552624,3513,90.00,831.00,68.95,0.440,4.062,0.337,banana,fresh
3553635,3514,90.15,830.95,69.00,0.441,4.061,0.337,banana,fresh
3554646,3515,90.20,831.00,69.05,0.441,4.062,0.337,banana,fresh
3555657,3516,90.20,831.05,69.00,0.441,4.062,0.337,banana,fresh
3556668,3517,90.10,831.05,68.95,0.440,4.062,0.337,banana,fresh
3557679,3518,90.00,831.00,68.90,0.440,4.062,0.337,banana,fresh
3558690,3519,90.00,831.00,69.00,0.440,4.062,0.337,banana,fresh
3559701,3520,90.00,831.05,68.90,0.440,4.062,0.337,banana,fresh
3560712,3521,90.10,831.00,69.00,0.440,4.062,0.337,banana,fresh
3561723,3522,90.00,831.00,69.00,0.440,4.062,0.337,banana,fresh
3562734,3523,90.10,831.10,68.95,0.440,4.062,0.337,banana,fresh
3563745,3524,90.00,831.00,69.00,0.440,4.062,0.337,banana,fresh
3564755,3525,90.00,831.00,68.90,0.440,4.062,0.337,banana,fresh
3565767,3526,90.00,831.10,68.95,0.440,4.062,0.337,banana,fresh
3566778,3527,90.00,831.05,69.00,0.440,4.062,0.337,banana,fresh
3567789,3528,90.05,831.00,68.95,0.440,4.062,0.337,banana,fresh
3568800,3529,90.00,831.00,68.90,0.440,4.062,0.337,banana,fresh
3569811,3530,90.00,831.00,68.90,0.440,4.062,0.337,banana,fresh
3570822,3531,90.00,831.00,69.00,0.440,4.062,0.337,banana,fresh
3571833,3532,89.95,831.00,68.95,0.440,4.062,0.337,banana,fresh
3572844,3533,90.05,831.00,69.00,0.440,4.062,0.337,banana,fresh
3573855,3534,90.00,831.05,68.85,0.440,4.062,0.337,banana,fresh
3574866,3535,90.00,831.05,68.90,0.440,4.062,0.337,banana,fresh
3575877,3536,90.00,831.05,68.95,0.440,4.062,0.337,banana,fresh
3576888,3537,90.05,831.00,68.90,0.440,4.062,0.337,banana,fresh
3577900,3538,90.00,831.00,68.75,0.440,4.062,0.336,banana,fresh
3578910,3539,90.00,831.00,68.90,0.440,4.062,0.337,banana,fresh
3579921,3540,90.00,831.00,68.95,0.440,4.062,0.337,banana,fresh
3580933,3541,90.00,831.05,68.95,0.440,4.062,0.337,banana,fresh
3581943,3542,90.00,831.05,68.75,0.440,4.062,0.336,banana,fresh
3582954,3543,90.00,831.00,69.00,0.440,4.062,0.337,banana,fresh
3583965,3544,90.00,831.00,68.90,0.440,4.062,0.337,banana,fresh
3584976,3545,90.00,831.05,68.80,0.440,4.062,0.336,banana,fresh
3585987,3546,89.95,831.05,68.80,0.440,4.062,0.336,banana,fresh
3586998,3547,90.00,831.05,68.95,0.440,4.062,0.337,banana,fresh
3588009,3548,90.05,831.00,68.85,0.440,4.062,0.337,banana,fresh
3589020,3549,90.00,831.00,68.80,0.440,4.062,0.336,banana,fresh
3590031,3550,90.00,831.00,68.80,0.440,4.062,0.336,banana,fresh
3591043,3551,89.95,831.00,68.85,0.440,4.062,0.337,banana,fresh
3592053,3552,90.00,831.05,68.85,0.440,4.062,0.337,banana,fresh
3593064,3553,89.95,831.00,68.90,0.440,4.062,0.337,banana,fresh
3594076,3554,90.00,831.00,68.95,0.440,4.062,0.337,banana,fresh
3595086,3555,90.00,831.00,68.75,0.440,4.062,0.336,banana,fresh
3596097,3556,90.00,831.05,68.85,0.440,4.062,0.337,banana,fresh
3597109,3557,90.00,831.05,68.80,0.440,4.062,0.336,banana,fresh
3598119,3558,90.00,831.00,68.80,0.440,4.062,0.336,banana,fresh
3599130,3559,90.05,831.10,68.80,0.440,4.062,0.336,banana,fresh
3600141,3560,89.95,831.10,68.70,0.440,4.062,0.336,banana,fresh
3601153,3561,90.00,831.00,68.80,0.440,4.062,0.336,banana,fresh
3602163,3562,90.00,831.05,68.70,0.440,4.062,0.336,banana,fresh
3603174,3563,90.00,831.05,68.75,0.440,4.062,0.336,banana,fresh
3604186,3564,90.00,831.05,68.55,0.440,4.062,0.335,banana,fresh
3605196,3565,90.00,831.05,68.65,0.440,4.062,0.336,banana,fresh
3606207,3566,89.95,831.00,68.70,0.440,4.062,0.336,banana,fresh
3607219,3567,89.95,831.10,68.45,0.440,4.062,0.335,banana,fresh
3608229,3568,89.90,831.15,68.55,0.439,4.062,0.335,banana,fresh
3609240,3569,89.95,831.10,68.60,0.440,4.062,0.335,banana,fresh
3610252,3570,90.00,831.05,68.55,0.440,4.062,0.335,banana,fresh
3611262,3571,90.00,831.00,68.50,0.440,4.062,0.335,banana,fresh
3612273,3572,89.85,831.15,68.35,0.439,4.062,0.334,banana,fresh
3613285,3573,89.80,831.00,68.55,0.439,4.062,0.335,banana,fresh
3614296,3574,90.00,831.10,68.55,0.440,4.062,0.335,banana,fresh
3615306,3575,89.70,831.15,68.55,0.438,4.062,0.335,banana,fresh
3616318,3576,89.95,831.10,68.55,0.440,4.062,0.335,banana,fresh
3617329,3577,89.80,831.20,68.35,0.439,4.063,0.334,banana,fresh
3618339,3578,89.90,831.05,68.50,0.439,4.062,0.335,banana,fresh
3619351,3579,89.85,831.10,68.45,0.439,4.062,0.335,banana,fresh
3620362,3580,89.70,831.25,68.40,0.438,4.063,0.334,banana,fresh
3621372,3581,89.85,831.15,68.45,0.439,4.062,0.335,banana,fresh
3622384,3582,89.80,831.10,68.35,0.439,4.062,0.334,banana,fresh
3623395,3583,89.85,831.05,68.40,0.439,4.062,0.334,banana,fresh
3624406,3584,89.90,831.05,68.45,0.439,4.062,0.335,banana,fresh
3625417,3585,89.85,831.10,68.40,0.439,4.062,0.334,banana,fresh
3626428,3586,89.95,831.20,68.40,0.440,4.063,0.334,banana,fresh
3627439,3587,89.75,831.10,68.65,0.439,4.062,0.336,banana,fresh
3628450,3588,89.80,831.10,68.35,0.439,4.062,0.334,banana,fresh
3629461,3589,89.85,831.35,68.40,0.439,4.063,0.334,banana,fresh
3630472,3590,89.85,831.10,68.35,0.439,4.062,0.334,banana,fresh
3631483,3591,89.80,831.25,68.20,0.439,4.063,0.333,banana,fresh
3632494,3592,89.85,831.25,68.45,0.439,4.063,0.335,banana,fresh
3633505,3593,89.80,831.10,68.45,0.439,4.062,0.335,banana,fresh
3634516,3594,89.95,831.30,68.15,0.440,4.063,0.333,banana,fresh
3635527,3595,89.80,831.25,68.40,0.439,4.063,0.334,banana,fresh
3636538,3596,89.95,831.35,68.35,0.440,4.063,0.334,banana,fresh
3637550,3597,89.85,831.10,68.20,0.439,4.062,0.333,banana,fresh
3638560,3598,89.70,831.20,68.35,0.438,4.063,0.334,banana,fresh
3639571,3599,89.85,831.20,68.25,0.439,4.063,0.334,banana,fresh
3640583,3600,89.90,831.25,68.30,0.439,4.063,0.334,banana,fresh
3641593,3601,89.75,831.30,68.10,0.439,4.063,0.333,banana,fresh
3642604,3602,89.80,831.20,68.25,0.439,4.063,0.334,banana,fresh
3643616,3603,89.80,831.35,68.15,0.439,4.063,0.333,banana,fresh
3644626,3604,89.70,831.20,68.15,0.438,4.063,0.333,banana,fresh
3645637,3605,89.70,831.20,68.30,0.438,4.063,0.334,banana,fresh
3646649,3606,89.60,831.40,68.15,0.438,4.064,0.333,banana,fresh
3647660,3607,89.55,831.30,68.40,0.438,4.063,0.334,banana,fresh
3648670,3608,89.75,831.25,68.20,0.439,4.063,0.333,banana,fresh
3649682,3609,89.70,831.30,68.25,0.438,4.063,0.334,banana,fresh
3650693,3610,89.70,831.65,68.15,0.438,4.065,0.333,banana,fresh
3651703,3611,89.85,831.45,68.25,0.439,4.064,0.334,banana,fresh
3652715,3612,89.65,831.25,68.15,0.438,4.063,0.333,banana,fresh
3653726,3613,89.60,831.50,68.10,0.438,4.064,0.333,banana,fresh
3654736,3614,89.85,831.50,68.20,0.439,4.064,0.333,banana,fresh
3655748,3615,89.70,831.40,68.15,0.438,4.064,0.333,banana,fresh
3656759,3616,89.65,831.40,68.25,0.438,4.064,0.334,banana,fresh
3657771,3617,89.60,831.40,68.10,0.438,4.064,0.333,banana,fresh
3658781,3618,89.55,831.40,68.15,0.438,4.064,0.333,banana,fresh
3659792,3619,89.60,831.55,68.10,0.438,4.064,0.333,banana,fresh
3660804,3620,89.55,831.70,68.05,0.438,4.065,0.333,banana,fresh
3661814,3621,89.60,831.60,68.15,0.438,4.065,0.333,banana,fresh
3662825,3622,89.60,831.60,68.10,0.438,4.065,0.333,banana,fresh
3663837,3623,89.40,831.55,68.25,0.437,4.064,0.334,banana,fresh
3664847,3624,89.40,831.65,68.15,0.437,4.065,0.333,banana,fresh
3665858,3625,89.35,831.70,68.05,0.437,4.065,0.333,banana,fresh
3666870,3626,89.60,831.70,68.05,0.438,4.065,0.333,banana,fresh
3667880,3627,89.65,831.45,68.15,0.438,4.064,0.333,banana,fresh
3668891,3628,89.60,831.70,68.00,0.438,4.065,0.332,banana,fresh
3669902,3629,89.50,831.75,68.05,0.437,4.065,0.333,banana,fresh
3670914,3630,89.65,831.85,68.05,0.438,4.066,0.333,banana,fresh
3671924,3631,89.55,831.65,68.05,0.438,4.065,0.333,banana,fresh
3672936,3632,89.70,831.65,68.15,0.438,4.065,0.333,banana,fresh
3673947,3633,89.60,831.80,68.05,0.438,4.065,0.333,banana,fresh
3674957,3634,89.50,831.70,68.00,0.437,4.065,0.332,banana,fresh
3675969,3635,89.45,831.75,68.10,0.437,4.065,0.333,banana,fresh
3676980,3636,89.50,831.80,68.10,0.437,4.065,0.333,banana,fresh
3677990,3637,89.35,831.90,68.20,0.437,4.066,0.333,banana,fresh
3679002,3638,89.60,831.60,68.10,0.438,4.065,0.333,banana,fresh
3680013,3639,89.70,831.75,68.05,0.438,4.065,0.333,banana,fresh
3681024,3640,89.45,831.85,68.20,0.437,4.066,0.333,banana,fresh
3682035,3641,89.45,831.75,68.05,0.437,4.065,0.333,banana,fresh
3683046,3642,89.55,831.90,68.05,0.438,4.066,0.333,banana,fresh
3684057,3643,89.45,831.90,68.00,0.437,4.066,0.332,banana,fresh
3685068,3644,89.35,831.90,68.20,0.437,4.066,0.333,banana,fresh
3686079,3645,89.40,831.95,68.00,0.437,4.066,0.332,banana,fresh
3687090,3646,89.45,831.90,68.05,0.437,4.066,0.333,banana,fresh
3688101,3647,89.55,831.95,68.00,0.438,4.066,0.332,banana,fresh
3689112,3648,89.30,831.85,68.10,0.436,4.066,0.333,banana,fresh
3690123,3649,89.55,831.85,68.20,0.438,4.066,0.333,banana,fresh
3691134,3650,89.40,832.00,68.10,0.437,4.066,0.333,banana,fresh
3692145,3651,89.45,831.95,68.05,0.437,4.066,0.333,banana,fresh
3693156,3652,89.25,831.95,68.00,0.436,4.066,0.332,banana,fresh
3694168,3653,89.40,831.95,68.00,0.437,4.066,0.332,banana,fresh
3695178,3654,89.35,832.00,68.00,0.437,4.066,0.332,banana,fresh
3696189,3655,89.30,831.95,68.10,0.436,4.066,0.333,banana,fresh
3697201,3656,89.20,832.00,68.25,0.436,4.066,0.334,banana,fresh
3698211,3657,89.45,831.95,68.00,0.437,4.066,0.332,banana,fresh
3699222,3658,89.35,831.95,68.10,0.437,4.066,0.333,banana,fresh
3700234,3659,89.35,831.75,68.10,0.437,4.065,0.333,banana,fresh
3701244,3660,89.20,832.00,68.00,0.436,4.066,0.332,banana,fresh
3702255,3661,89.15,831.95,68.20,0.436,4.066,0.333,banana,fresh
3703267,3662,89.30,831.95,68.00,0.436,4.066,0.332,banana,fresh
3704278,3663,89.25,832.00,68.00,0.436,4.066,0.332,banana,fresh
3705288,3664,89.25,831.95,68.05,0.436,4.066,0.333,banana,fresh
3706300,3665,89.35,832.00,68.00,0.437,4.066,0.332,banana,fresh
3707311,3666,89.35,832.00,68.05,0.437,4.066,0.333,banana,fresh
3708321,3667,89.20,832.00,68.00,0.436,4.066,0.332,banana,fresh
3709332,3668,89.40,832.00,68.05,0.437,4.066,0.333,banana,fresh
3710344,3669,89.30,832.00,68.05,0.436,4.066,0.333,banana,fresh
3711354,3670,89.35,832.00,68.05,0.437,4.066,0.333,banana,fresh
3712365,3671,89.25,832.00,68.05,0.436,4.066,0.333,banana,fresh
3713377,3672,89.30,832.00,68.00,0.436,4.066,0.332,banana,fresh
3714387,3673,89.25,832.00,68.05,0.436,4.066,0.333,banana,fresh
3715398,3674,89.25,831.95,68.05,0.436,4.066,0.333,banana,fresh
3716410,3675,89.45,832.00,68.00,0.437,4.066,0.332,banana,fresh
3717421,3676,89.40,832.00,68.00,0.437,4.066,0.332,banana,fresh
3718431,3677,89.15,832.00,68.00,0.436,4.066,0.332,banana,fresh
3719443,3678,89.30,832.00,68.05,0.436,4.066,0.333,banana,fresh
3720454,3679,89.25,832.00,67.95,0.436,4.066,0.332,banana,fresh
3721464,3680,89.15,832.05,68.00,0.436,4.067,0.332,banana,fresh
3722476,3681,89.25,832.00,68.00,0.436,4.066,0.332,banana,fresh
3723487,3682,89.15,832.00,68.10,0.436,4.066,0.333,banana,fresh
3724497,3683,89.25,832.00,68.00,0.436,4.066,0.332,banana,fresh
3725509,3684,89.20,832.05,68.00,0.436,4.067,0.332,banana,fresh
3726520,3685,89.15,832.00,68.00,0.436,4.066,0.332,banana,fresh
3727531,3686,89.10,832.00,68.05,0.435,4.066,0.333,banana,fresh
3728542,3687,89.15,832.00,68.05,0.436,4.066,0.333,banana,fresh
3729553,3688,89.30,832.00,68.00,0.436,4.066,0.332,banana,fresh
3730564,3689,89.20,832.05,68.05,0.436,4.067,0.333,banana,fresh
3731575,3690,89.20,832.00,68.00,0.436,4.066,0.332,banana,fresh
3732586,3691,89.15,832.00,68.00,0.436,4.066,0.332,banana,fresh
3733597,3692,89.30,832.00,68.00,0.436,4.066,0.332,banana,fresh
3734608,3693,89.20,832.00,68.00,0.436,4.066,0.332,banana,fresh
3735619,3694,89.05,832.05,68.00,0.435,4.067,0.332,banana,fresh
3736630,3695,89.10,832.00,68.00,0.435,4.066,0.332,banana,fresh
3737640,3696,89.05,832.05,68.05,0.435,4.067,0.333,banana,fresh
3738652,3697,89.20,832.05,68.00,0.436,4.067,0.332,banana,fresh
3739663,3698,89.05,832.00,68.00,0.435,4.066,0.332,banana,fresh
3740674,3699,89.20,832.00,68.05,0.436,4.066,0.333,banana,fresh
3741685,3700,89.05,832.00,68.00,0.435,4.066,0.332,banana,fresh
3742696,3701,89.10,832.00,68.00,0.435,4.066,0.332,banana,fresh
3743707,3702,89.20,832.00,68.00,0.436,4.066,0.332,banana,fresh
3744718,3703,89.10,832.00,68.05,0.435,4.066,0.333,banana,fresh
3745729,3704,89.10,832.00,68.00,0.435,4.066,0.332,banana,fresh
3746740,3705,89.10,832.00,68.00,0.435,4.066,0.332,banana,fresh
3747751,3706,89.20,832.15,68.05,0.436,4.067,0.333,banana,fresh
3748762,3707,89.00,832.05,68.00,0.435,4.067,0.332,banana,fresh
3749773,3708,89.10,832.10,68.00,0.435,4.067,0.332,banana,fresh
3750785,3709,89.05,832.00,68.00,0.435,4.066,0.332,banana,fresh
3751795,3710,89.05,832.00,68.00,0.435,4.066,0.332,banana,fresh
3752806,3711,89.05,832.20,68.05,0.435,4.067,0.333,banana,fresh
3753818,3712,89.10,832.05,68.00,0.435,4.067,0.332,banana,fresh
3754828,3713,89.10,832.00,68.00,0.435,4.066,0.332,banana,fresh
3755839,3714,89.25,832.15,68.00,0.436,4.067,0.332,banana,fresh
3756850,3715,89.05,832.00,68.15,0.435,4.066,0.333,banana,fresh
3757861,3716,89.15,832.20,68.00,0.436,4.067,0.332,banana,fresh
3758872,3717,89.15,832.10,68.00,0.436,4.067,0.332,banana,fresh
3759883,3718,89.15,832.10,68.00,0.436,4.067,0.332,banana,fresh
3760894,3719,89.05,832.15,68.00,0.435,4.067,0.332,banana,fresh
3761905,3720,89.00,832.30,68.00,0.435,4.068,0.332,banana,fresh
3762916,3721,89.10,832.10,68.05,0.435,4.067,0.333,banana,fresh
3763928,3722,89.10,832.05,68.00,0.435,4.067,0.332,banana,fresh
3764938,3723,89.05,832.15,68.00,0.435,4.067,0.332,banana,fresh
3765949,3724,89.10,832.30,68.00,0.435,4.068,0.332,banana,fresh
3766961,3725,89.05,832.15,68.05,0.435,4.067,0.333,banana,fresh
3767971,3726,89.00,832.25,68.00,0.435,4.068,0.332,banana,fresh
3768982,3727,89.10,832.15,68.00,0.435,4.067,0.332,banana,fresh
3769994,3728,89.00,832.25,68.00,0.435,4.068,0.332,banana,fresh
3771004,3729,89.10,832.40,68.10,0.435,4.068,0.333,banana,fresh
3772015,3730,89.00,832.05,68.00,0.435,4.067,0.332,banana,fresh
3773027,3731,89.10,832.25,68.00,0.435,4.068,0.332,banana,fresh
3774038,3732,89.00,832.30,67.95,0.435,4.068,0.332,banana,fresh
3775048,3733,89.00,832.20,68.00,0.435,4.067,0.332,banana,fresh
3776060,3734,89.15,832.30,68.00,0.436,4.068,0.332,banana,fresh
3777071,3735,89.15,832.20,68.05,0.436,4.067,0.333,banana,fresh
3778081,3736,89.10,832.30,68.05,0.435,4.068,0.333,banana,fresh
3779093,3737,89.00,832.35,68.00,0.435,4.068,0.332,banana,fresh
3780104,3738,89.05,832.35,68.00,0.435,4.068,0.332,banana,fresh
3781114,3739,89.10,832.25,68.00,0.435,4.068,0.332,banana,fresh
3782126,3740,89.15,832.30,68.00,0.436,4.068,0.332,banana,fresh
3783137,3741,89.00,832.30,67.95,0.435,4.068,0.332,banana,fresh
3784147,3742,89.05,832.35,68.00,0.435,4.068,0.332,banana,fresh
3785159,3743,89.05,832.30,68.10,0.435,4.068,0.333,banana,fresh
3786170,3744,89.15,832.45,68.00,0.436,4.069,0.332,banana,fresh
3787181,3745,89.10,832.30,68.00,0.435,4.068,0.332,banana,fresh
3788192,3746,89.00,832.25,68.00,0.435,4.068,0.332,banana,fresh
3789203,3747,89.05,832.30,68.00,0.435,4.068,0.332,banana,fresh
3790214,3748,89.00,832.45,68.00,0.435,4.069,0.332,banana,fresh
3791225,3749,89.10,832.50,68.00,0.435,4.069,0.332,banana,fresh
3792236,3750,89.05,832.45,68.00,0.435,4.069,0.332,banana,fresh
3793247,3751,89.00,832.30,68.00,0.435,4.068,0.332,banana,fresh
3794258,3752,89.00,832.40,68.00,0.435,4.068,0.332,banana,fresh
3795269,3753,89.05,832.35,68.00,0.435,4.068,0.332,banana,fresh
3796280,3754,89.05,832.25,68.00,0.435,4.068,0.332,banana,fresh
3797292,3755,89.05,832.50,68.00,0.435,4.069,0.332,banana,fresh
3798302,3756,89.00,832.20,68.00,0.435,4.067,0.332,banana,fresh
3799313,3757,89.00,832.30,68.00,0.435,4.068,0.332,banana,fresh
3800325,3758,89.05,832.35,68.00,0.435,4.068,0.332,banana,fresh
3801335,3759,89.10,832.65,68.00,0.435,4.070,0.332,banana,fresh
3802346,3760,89.00,832.55,68.00,0.435,4.069,0.332,banana,fresh
3803357,3761,89.00,832.55,68.00,0.435,4.069,0.332,banana,fresh
3804368,3762,89.00,832.65,68.00,0.435,4.070,0.332,banana,fresh
3805379,3763,89.00,832.55,68.05,0.435,4.069,0.333,banana,fresh
3806390,3764,89.00,832.35,68.00,0.435,4.068,0.332,banana,fresh
3807401,3765,89.10,832.45,68.00,0.435,4.069,0.332,banana,fresh
3808412,3766,89.05,832.70,67.95,0.435,4.070,0.332,banana,fresh
3809423,3767,89.10,832.50,68.00,0.435,4.069,0.332,banana,fresh
3810435,3768,89.00,832.65,68.00,0.435,4.070,0.332,banana,fresh
3811445,3769,89.00,832.70,68.00,0.435,4.070,0.332,banana,fresh
3812456,3770,89.00,832.50,68.00,0.435,4.069,0.332,banana,fresh
3813468,3771,89.00,832.75,68.00,0.435,4.070,0.332,banana,fresh
3814478,3772,89.00,832.65,67.95,0.435,4.070,0.332,banana,fresh
3815489,3773,89.00,832.60,68.00,0.435,4.069,0.332,banana,fresh
3816501,3774,89.00,832.85,68.00,0.435,4.071,0.332,banana,fresh
3817511,3775,89.00,832.70,68.00,0.435,4.070,0.332,banana,fresh
3818522,3776,89.00,832.80,67.95,0.435,4.070,0.332,banana,fresh
3819534,3777,89.00,832.65,68.00,0.435,4.070,0.332,banana,fresh
3820545,3778,89.00,832.80,68.00,0.435,4.070,0.332,banana,fresh
3821555,3779,89.05,832.70,68.00,0.435,4.070,0.332,banana,fresh
3822567,3780,89.10,832.80,68.00,0.435,4.070,0.332,banana,fresh
3823578,3781,89.00,832.75,68.05,0.435,4.070,0.333,banana,fresh
3824588,3782,89.00,832.85,68.10,0.435,4.071,0.333,banana,fresh
3825600,3783,89.05,832.90,68.00,0.435,4.071,0.332,banana,fresh
3826611,3784,88.90,832.85,68.00,0.435,4.071,0.332,banana,fresh
3827621,3785,88.95,832.90,68.00,0.435,4.071,0.332,banana,fresh
3828633,3786,89.00,832.75,68.00,0.435,4.070,0.332,banana,fresh
3829644,3787,89.05,832.80,68.00,0.435,4.070,0.332,banana,fresh
3830654,3788,89.00,832.95,68.00,0.435,4.071,0.332,banana,fresh
3831665,3789,89.00,832.80,68.00,0.435,4.070,0.332,banana,fresh
3832677,3790,89.00,832.85,68.00,0.435,4.071,0.332,banana,fresh
3833688,3791,89.00,832.95,68.00,0.435,4.071,0.332,banana,fresh
3834698,3792,89.00,833.00,68.05,0.435,4.071,0.333,banana,fresh
3835710,3793,88.95,832.85,68.00,0.435,4.071,0.332,banana,fresh
3836721,3794,89.05,832.80,68.00,0.435,4.070,0.332,banana,fresh
3837731,3795,89.00,832.95,67.95,0.435,4.071,0.332,banana,fresh
3838743,3796,89.00,833.00,68.00,0.435,4.071,0.332,banana,fresh
3839754,3797,88.95,832.95,68.05,0.435,4.071,0.333,banana,fresh
3840764,3798,89.05,832.95,68.00,0.435,4.071,0.332,banana,fresh
3841776,3799,89.00,832.95,68.00,0.435,4.071,0.332,banana,fresh
3842787,3800,89.00,832.95,68.05,0.435,4.071,0.333,banana,fresh
3843798,3801,89.00,832.95,68.00,0.435,4.071,0.332,banana,fresh
3844809,3802,88.95,833.00,68.00,0.435,4.071,0.332,banana,fresh
3845820,3803,89.00,832.90,67.95,0.435,4.071,0.332,banana,fresh
3846831,3804,89.00,833.05,68.00,0.435,4.072,0.332,banana,fresh
3847842,3805,89.00,832.90,68.00,0.435,4.071,0.332,banana,fresh
3848853,3806,88.95,832.95,68.00,0.435,4.071,0.332,banana,fresh
3849864,3807,88.95,832.95,68.05,0.435,4.071,0.333,banana,fresh
3850875,3808,89.00,833.00,68.00,0.435,4.071,0.332,banana,fresh
3851886,3809,88.95,833.00,68.00,0.435,4.071,0.332,banana,fresh
3852897,3810,88.95,832.95,68.00,0.435,4.071,0.332,banana,fresh
3853908,3811,89.00,833.00,68.00,0.435,4.071,0.332,banana,fresh
3854919,3812,88.95,832.95,68.00,0.435,4.071,0.332,banana,fresh
3855930,3813,89.05,833.05,68.00,0.435,4.072,0.332,banana,fresh
3856942,3814,88.95,833.05,68.00,0.435,4.072,0.332,banana,fresh
3857952,3815,89.00,832.95,68.05,0.435,4.071,0.333,banana,fresh
3858963,3816,89.00,833.05,68.00,0.435,4.072,0.332,banana,fresh
3859975,3817,88.95,833.05,68.00,0.435,4.072,0.332,banana,fresh
3860985,3818,89.00,833.00,68.05,0.435,4.071,0.333,banana,fresh
3861996,3819,89.00,833.00,68.00,0.435,4.071,0.332,banana,fresh
3863007,3820,89.00,833.00,68.00,0.435,4.071,0.332,banana,fresh
3864018,3821,89.00,833.00,68.05,0.435,4.071,0.333,banana,fresh
3865029,3822,89.00,833.00,68.00,0.435,4.071,0.332,banana,fresh
3866040,3823,89.00,833.00,68.00,0.435,4.071,0.332,banana,fresh
3867052,3824,89.00,833.15,68.00,0.435,4.072,0.332,banana,fresh
3868062,3825,89.00,833.05,68.00,0.435,4.072,0.332,banana,fresh
3869073,3826,89.00,833.05,68.00,0.435,4.072,0.332,banana,fresh
3870085,3827,88.95,833.05,68.05,0.435,4.072,0.333,banana,fresh
3871095,3828,88.95,833.00,68.05,0.435,4.071,0.333,banana,fresh
3872106,3829,89.00,833.00,68.00,0.435,4.071,0.332,banana,fresh
3873118,3830,89.00,833.00,68.00,0.435,4.071,0.332,banana,fresh
3874128,3831,88.95,833.10,68.00,0.435,4.072,0.332,banana,fresh
3875139,3832,89.00,833.00,68.05,0.435,4.071,0.333,banana,fresh
3876151,3833,88.95,833.05,68.00,0.435,4.072,0.332,banana,fresh
3877161,3834,89.00,833.10,68.05,0.435,4.072,0.333,banana,fresh
3878172,3835,88.95,833.10,68.00,0.435,4.072,0.332,banana,fresh
3879184,3836,89.00,833.20,68.05,0.435,4.072,0.333,banana,fresh
3880195,3837,88.95,833.10,68.00,0.435,4.072,0.332,banana,fresh
3881205,3838,89.00,833.15,68.00,0.435,4.072,0.332,banana,fresh
3882217,3839,88.90,833.20,68.00,0.435,4.072,0.332,banana,fresh
3883228,3840,88.90,833.00,68.00,0.435,4.071,0.332,banana,fresh
3884238,3841,89.00,833.20,68.05,0.435,4.072,0.333,banana,fresh
3885250,3842,88.95,833.20,68.00,0.435,4.072,0.332,banana,fresh
3886261,3843,89.00,833.10,68.00,0.435,4.072,0.332,banana,fresh
3887271,3844,89.00,833.25,68.00,0.435,4.073,0.332,banana,fresh
3888283,3845,88.90,833.30,68.05,0.435,4.073,0.333,banana,fresh
3889294,3846,89.00,833.30,68.05,0.435,4.073,0.333,banana,fresh
3890305,3847,88.90,833.20,68.00,0.435,4.072,0.332,banana,fresh
3891316,3848,89.00,833.45,68.00,0.435,4.074,0.332,banana,fresh
3892327,3849,89.00,833.35,68.00,0.435,4.073,0.332,banana,fresh
3893338,3850,89.05,833.55,68.00,0.435,4.074,0.332,banana,fresh
3894349,3851,88.95,833.45,68.05,0.435,4.074,0.333,banana,fresh
3895360,3852,89.00,833.35,68.05,0.435,4.073,0.333,banana,fresh
3896371,3853,88.90,833.35,68.00,0.435,4.073,0.332,banana,fresh
3897382,3854,89.00,833.20,68.00,0.435,4.072,0.332,banana,fresh
3898393,3855,88.95,833.55,68.10,0.435,4.074,0.333,banana,fresh
3899404,3856,89.00,833.30,68.00,0.435,4.073,0.332,banana,fresh
3900416,3857,89.00,833.50,68.00,0.435,4.074,0.332,banana,fresh
3901426,3858,88.95,833.40,68.00,0.435,4.073,0.332,banana,fresh
3902437,3859,89.00,833.40,68.15,0.435,4.073,0.333,banana,fresh
3903449,3860,89.00,833.55,68.10,0.435,4.074,0.333,banana,fresh
3904459,3861,89.00,833.60,68.00,0.435,4.074,0.332,banana,fresh
3905470,3862,89.00,833.55,68.05,0.435,4.074,0.333,banana,fresh
3906482,3863,89.00,833.60,68.00,0.435,4.074,0.332,banana,fresh
3907492,3864,88.95,833.45,68.05,0.435,4.074,0.333,banana,fresh
3908503,3865,89.00,833.55,68.05,0.435,4.074,0.333,banana,fresh
3909514,3866,89.00,833.55,68.10,0.435,4.074,0.333,banana,fresh
3910525,3867,89.00,833.80,68.05,0.435,4.075,0.333,banana,fresh
3911536,3868,88.95,833.40,68.10,0.435,4.073,0.333,banana,fresh
3912547,3869,89.00,833.65,68.10,0.435,4.075,0.333,banana,fresh
3913559,3870,88.95,833.60,68.05,0.435,4.074,0.333,banana,fresh
3914569,3871,89.00,833.55,68.00,0.435,4.074,0.332,banana,fresh
3915580,3872,89.00,833.60,68.10,0.435,4.074,0.333,banana,fresh
3916592,3873,88.95,833.80,68.00,0.435,4.075,0.332,banana,fresh
3917602,3874,88.95,833.75,68.10,0.435,4.075,0.333,banana,fresh
3918614,3875,88.95,833.70,68.00,0.435,4.075,0.332,banana,fresh
3919625,3876,88.95,833.90,68.10,0.435,4.076,0.333,banana,fresh
3920635,3877,88.90,833.80,68.05,0.435,4.075,0.333,banana,fresh
3921647,3878,88.95,833.90,68.10,0.435,4.076,0.333,banana,fresh
3922658,3879,88.95,833.90,68.05,0.435,4.076,0.333,banana,fresh
3923668,3880,88.90,833.85,68.05,0.435,4.076,0.333,banana,fresh
3924680,3881,89.00,833.90,68.00,0.435,4.076,0.332,banana,fresh
3925691,3882,89.00,833.80,68.20,0.435,4.075,0.333,banana,fresh
3926702,3883,88.95,833.90,68.10,0.435,4.076,0.333,banana,fresh
3927713,3884,89.00,833.90,68.05,0.435,4.076,0.333,banana,fresh
3928724,3885,88.95,833.85,68.00,0.435,4.076,0.332,banana,fresh
3929735,3886,88.95,833.95,68.00,0.435,4.076,0.332,banana,fresh
3930746,3887,88.95,833.85,68.15,0.435,4.076,0.333,banana,fresh
3931757,3888,88.95,833.95,68.10,0.435,4.076,0.333,banana,fresh
3932768,3889,88.85,833.90,68.05,0.434,4.076,0.333,banana,fresh
3933779,3890,89.00,833.90,68.20,0.435,4.076,0.333,banana,fresh
3934790,3891,88.95,833.95,68.00,0.435,4.076,0.332,banana,fresh
3935801,3892,89.00,833.95,68.00,0.435,4.076,0.332,banana,fresh
3936813,3893,89.00,833.90,68.05,0.435,4.076,0.333,banana,fresh
3937823,3894,89.00,834.00,68.10,0.435,4.076,0.333,banana,fresh
3938834,3895,89.00,834.00,68.05,0.435,4.076,0.333,banana,fresh
3939845,3896,88.95,833.95,68.10,0.435,4.076,0.333,banana,fresh
3940856,3897,88.95,833.95,68.00,0.435,4.076,0.332,banana,fresh
3941867,3898,89.00,834.00,68.05,0.435,4.076,0.333,banana,fresh
3942878,3899,89.00,834.00,68.15,0.435,4.076,0.333,banana,fresh
3943889,3900,88.95,833.95,68.05,0.435,4.076,0.333,banana,fresh
3944900,3901,88.95,834.00,68.05,0.435,4.076,0.333,banana,fresh
3945911,3902,89.00,834.00,68.05,0.435,4.076,0.333,banana,fresh
3946923,3903,89.00,833.95,68.05,0.435,4.076,0.333,banana,fresh
3947933,3904,88.95,834.00,68.15,0.435,4.076,0.333,banana,fresh
3948944,3905,88.95,833.95,68.10,0.435,4.076,0.333,banana,fresh
3949956,3906,88.95,834.00,68.00,0.435,4.076,0.332,banana,fresh
3950966,3907,88.95,834.00,68.10,0.435,4.076,0.333,banana,fresh
3951977,3908,88.90,834.00,68.10,0.435,4.076,0.333,banana,fresh
3952989,3909,89.00,834.00,68.15,0.435,4.076,0.333,banana,fresh
3953999,3910,88.95,834.00,68.00,0.435,4.076,0.332,banana,fresh
3955010,3911,88.95,834.00,68.10,0.435,4.076,0.333,banana,fresh
3956022,3912,88.95,834.00,68.20,0.435,4.076,0.333,banana,fresh
3957032,3913,89.00,834.00,68.10,0.435,4.076,0.333,banana,fresh
3958043,3914,89.00,834.00,68.05,0.435,4.076,0.333,banana,fresh
3959055,3915,89.05,834.00,68.10,0.435,4.076,0.333,banana,fresh
3960066,3916,88.85,834.00,68.05,0.434,4.076,0.333,banana,fresh
3961076,3917,89.00,834.05,68.20,0.435,4.076,0.333,banana,fresh
3962088,3918,89.00,834.00,68.10,0.435,4.076,0.333,banana,fresh
3963099,3919,88.95,834.05,68.10,0.435,4.076,0.333,banana,fresh
3964109,3920,88.95,834.00,68.10,0.435,4.076,0.333,banana,fresh
3965121,3921,89.00,834.00,68.10,0.435,4.076,0.333,banana,fresh
3966132,3922,88.90,834.00,68.20,0.435,4.076,0.333,banana,fresh
3967142,3923,88.95,834.10,68.05,0.435,4.077,0.333,banana,fresh
3968154,3924,89.00,834.10,68.05,0.435,4.077,0.333,banana,fresh
3969165,3925,88.95,834.00,68.10,0.435,4.076,0.333,banana,fresh
3970176,3926,89.00,834.00,68.20,0.435,4.076,0.333,banana,fresh
3971187,3927,88.95,834.05,68.10,0.435,4.076,0.333,banana,fresh
3972198,3928,88.90,834.05,68.20,0.435,4.076,0.333,banana,fresh
3973209,3929,89.00,834.00,68.30,0.435,4.076,0.334,banana,fresh
3974220,3930,88.95,834.00,68.05,0.435,4.076,0.333,banana,fresh
3975231,3931,89.00,834.10,68.20,0.435,4.077,0.333,banana,fresh
3976242,3932,88.85,834.00,68.05,0.434,4.076,0.333,banana,fresh
3977253,3933,89.00,834.30,68.25,0.435,4.078,0.334,banana,fresh
3978264,3934,88.95,834.10,68.05,0.435,4.077,0.333,banana,fresh
3979275,3935,88.85,834.10,68.05,0.434,4.077,0.333,banana,fresh
3980286,3936,88.90,834.00,68.10,0.435,4.076,0.333,banana,fresh
3981297,3937,89.00,834.05,68.25,0.435,4.076,0.334,banana,fresh
3982308,3938,88.95,834.20,68.10,0.435,4.077,0.333,banana,fresh
3983320,3939,89.00,834.00,68.15,0.435,4.076,0.333,banana,fresh
3984330,3940,89.05,834.05,68.05,0.435,4.076,0.333,banana,fresh
3985341,3941,88.90,834.05,68.05,0.435,4.076,0.333,banana,fresh
3986353,3942,88.95,834.20,68.20,0.435,4.077,0.333,banana,fresh
3987363,3943,88.90,834.05,68.05,0.435,4.076,0.333,banana,fresh
3988374,3944,89.00,834.00,68.10,0.435,4.076,0.333,banana,fresh
3989386,3945,89.00,834.15,68.20,0.435,4.077,0.333,banana,fresh
3990396,3946,88.90,834.00,68.20,0.435,4.076,0.333,banana,fresh
3991407,3947,88.95,834.15,68.15,0.435,4.077,0.333,banana,fresh
3992419,3948,89.00,834.15,68.15,0.435,4.077,0.333,banana,fresh
3993430,3949,88.95,834.25,68.15,0.435,4.077,0.333,banana,fresh
3994440,3950,88.90,834.15,68.05,0.435,4.077,0.333,banana,fresh
3995452,3951,88.95,834.20,68.10,0.435,4.077,0.333,banana,fresh
3996463,3952,88.90,834.10,68.05,0.435,4.077,0.333,banana,fresh
3997473,3953,88.95,834.30,68.20,0.435,4.078,0.333,banana,fresh
3998485,3954,88.95,834.20,68.25,0.435,4.077,0.334,banana,fresh
3999496,3955,88.90,834.10,68.25,0.435,4.077,0.334,banana,fresh
4000506,3956,88.95,834.20,68.05,0.435,4.077,0.333,banana,fresh
4001518,3957,88.90,834.15,68.30,0.435,4.077,0.334,banana,fresh
4002529,3958,88.90,834.20,68.20,0.435,4.077,0.333,banana,fresh
4003539,3959,88.95,834.10,68.05,0.435,4.077,0.333,banana,fresh
4004551,3960,88.95,834.35,68.15,0.435,4.078,0.333,banana,fresh
4005562,3961,89.00,834.35,68.15,0.435,4.078,0.333,banana,fresh
4006573,3962,88.95,834.25,68.10,0.435,4.077,0.333,banana,fresh
4007584,3963,88.90,834.35,68.15,0.435,4.078,0.333,banana,fresh
4008595,3964,88.95,834.25,68.15,0.435,4.077,0.333,banana,fresh
4009606,3965,88.95,834.45,68.25,0.435,4.078,0.334,banana,fresh
4010617,3966,89.00,834.30,68.25,0.435,4.078,0.334,banana,fresh
4011628,3967,89.00,834.30,68.20,0.435,4.078,0.333,banana,fresh
4012639,3968,88.95,834.15,68.25,0.435,4.077,0.334,banana,fresh
4013650,3969,88.95,834.40,68.00,0.435,4.078,0.332,banana,fresh
4014661,3970,88.85,834.40,68.30,0.434,4.078,0.334,banana,fresh
4015672,3971,88.90,834.35,68.25,0.435,4.078,0.334,banana,fresh
4016684,3972,88.95,834.25,68.10,0.435,4.077,0.333,banana,fresh
4017694,3973,88.95,834.25,68.10,0.435,4.077,0.333,banana,fresh
4018705,3974,89.00,834.50,68.25,0.435,4.079,0.334,banana,fresh
4019717,3975,88.85,834.35,68.05,0.434,4.078,0.333,banana,fresh
4020727,3976,88.90,834.45,68.15,0.435,4.078,0.333,banana,fresh
4021738,3977,89.00,834.40,68.15,0.435,4.078,0.333,banana,fresh
4022750,3978,88.90,834.35,68.20,0.435,4.078,0.333,banana,fresh
4023760,3979,88.85,834.40,68.20,0.434,4.078,0.333,banana,fresh
4024771,3980,88.95,834.50,68.15,0.435,4.079,0.333,banana,fresh
4025783,3981,88.95,834.70,68.25,0.435,4.080,0.334,banana,fresh
4026793,3982,88.80,834.40,68.15,0.434,4.078,0.333,banana,fresh
4027804,3983,88.95,834.50,68.20,0.435,4.079,0.333,banana,fresh
4028816,3984,88.95,834.45,68.15,0.435,4.078,0.333,banana,fresh
4029827,3985,88.75,834.60,68.10,0.434,4.079,0.333,banana,fresh
4030837,3986,88.85,834.45,68.25,0.434,4.078,0.334,banana,fresh
4031849,3987,88.80,834.60,68.15,0.434,4.079,0.333,banana,fresh
4032860,3988,89.00,834.60,68.15,0.435,4.079,0.333,banana,fresh
4033870,3989,89.00,834.60,68.20,0.435,4.079,0.333,banana,fresh
4034882,3990,88.95,834.55,68.05,0.435,4.079,0.333,banana,fresh
4035893,3991,88.90,834.75,68.00,0.435,4.080,0.332,banana,fresh
4036903,3992,88.95,834.70,68.25,0.435,4.080,0.334,banana,fresh
4037915,3993,88.90,834.60,68.20,0.435,4.079,0.333,banana,fresh
4038926,3994,88.85,834.45,68.20,0.434,4.078,0.333,banana,fresh
4039937,3995,89.00,834.70,68.20,0.435,4.080,0.333,banana,fresh
4040948,3996,88.95,834.65,68.05,0.435,4.079,0.333,banana,fresh
4041959,3997,88.90,834.75,68.10,0.435,4.080,0.333,banana,fresh
4042970,3998,88.85,834.50,68.35,0.434,4.079,0.334,banana,fresh
4043980,3999,88.75,834.45,68.10,0.434,4.078,0.333,banana,fresh
4044992,4000,88.90,834.55,68.15,0.435,4.079,0.333,banana,fresh
4046003,4001,88.95,834.75,68.15,0.435,4.080,0.333,banana,fresh
4047014,4002,88.90,834.85,68.10,0.435,4.080,0.333,banana,fresh
4048025,4003,89.00,834.65,68.10,0.435,4.079,0.333,banana,fresh
4049036,4004,88.90,834.80,68.05,0.435,4.080,0.333,banana,fresh
4050048,4005,88.80,834.70,68.20,0.434,4.080,0.333,banana,fresh
4051058,4006,88.70,834.65,68.05,0.434,4.079,0.333,banana,fresh
4052069,4007,88.80,834.90,68.20,0.434,4.081,0.333,banana,fresh
4053081,4008,88.80,834.65,68.30,0.434,4.079,0.334,banana,fresh
4054091,4009,88.90,834.80,68.10,0.435,4.080,0.333,banana,fresh
4055102,4010,88.95,834.90,68.10,0.435,4.081,0.333,banana,fresh
4056114,4011,88.95,834.90,68.15,0.435,4.081,0.333,banana,fresh
4057124,4012,88.80,834.80,68.05,0.434,4.080,0.333,banana,fresh
4058135,4013,88.95,834.80,68.20,0.435,4.080,0.333,banana,fresh
4059146,4014,88.95,834.90,68.15,0.435,4.081,0.333,banana,fresh
4060157,4015,88.95,834.80,68.30,0.435,4.080,0.334,banana,fresh
4061168,4016,89.00,834.80,68.15,0.435,4.080,0.333,banana,fresh
4062179,4017,88.95,834.85,68.10,0.435,4.080,0.333,banana,fresh
4063191,4018,89.00,834.85,68.15,0.435,4.080,0.333,banana,fresh
4064201,4019,88.80,834.90,68.25,0.434,4.081,0.334,banana,fresh
4065212,4020,88.85,835.00,68.10,0.434,4.081,0.333,banana,fresh
4066224,4021,88.85,834.85,68.05,0.434,4.080,0.333,banana,fresh
4067234,4022,88.85,834.80,68.20,0.434,4.080,0.333,banana,fresh
4068245,4023,88.75,834.80,68.15,0.434,4.080,0.333,banana,fresh
4069257,4024,88.90,834.95,68.15,0.435,4.081,0.333,banana,fresh
4070267,4025,88.90,834.95,68.20,0.435,4.081,0.333,banana,fresh
4071279,4026,88.90,835.00,68.25,0.435,4.081,0.334,banana,fresh
4072290,4027,88.85,835.00,68.30,0.434,4.081,0.334,banana,fresh
4073300,4028,88.95,834.90,68.10,0.435,4.081,0.333,banana,fresh
4074312,4029,88.90,835.00,68.15,0.435,4.081,0.333,banana,fresh
4075323,4030,88.95,835.00,68.25,0.435,4.081,0.334,banana,fresh
4076334,4031,88.85,835.00,68.25,0.434,4.081,0.334,banana,fresh
4077345,4032,88.95,835.00,68.20,0.435,4.081,0.333,banana,fresh
4078356,4033,88.85,835.00,68.20,0.434,4.081,0.333,banana,fresh
4079367,4034,88.90,835.05,68.05,0.435,4.081,0.333,banana,fresh
4080378,4035,88.85,835.00,68.20,0.434,4.081,0.333,banana,fresh
4081389,4036,88.95,834.95,68.05,0.435,4.081,0.333,banana,fresh
4082400,4037,88.85,834.90,68.15,0.434,4.081,0.333,banana,fresh
4083411,4038,88.95,835.00,68.20,0.435,4.081,0.333,banana,fresh
4084422,4039,88.70,835.00,68.25,0.434,4.081,0.334,banana,fresh
4085433,4040,89.00,834.95,68.15,0.435,4.081,0.333,banana,fresh
4086445,4041,88.90,835.00,68.30,0.435,4.081,0.334,banana,fresh
4087455,4042,88.85,835.00,68.05,0.434,4.081,0.333,banana,fresh
4088466,4043,88.75,835.05,68.15,0.434,4.081,0.333,banana,fresh
4089478,4044,89.00,835.00,68.30,0.435,4.081,0.334,banana,fresh
4090488,4045,88.75,835.00,68.15,0.434,4.081,0.333,banana,fresh
4091499,4046,88.95,835.00,68.20,0.435,4.081,0.333,banana,fresh
4092511,4047,88.80,835.00,68.20,0.434,4.081,0.333,banana,fresh
4093521,4048,89.00,835.10,68.20,0.435,4.082,0.333,banana,fresh
4094532,4049,88.85,835.00,68.30,0.434,4.081,0.334,banana,fresh
4095543,4050,88.90,835.00,68.25,0.435,4.081,0.334,banana,fresh
4096555,4051,88.80,835.00,68.10,0.434,4.081,0.333,banana,fresh
4097565,4052,88.85,835.00,68.25,0.434,4.081,0.334,banana,fresh
4098576,4053,88.90,835.05,68.25,0.435,4.081,0.334,banana,fresh
4099588,4054,88.75,835.00,68.25,0.434,4.081,0.334,banana,fresh
4100598,4055,88.80,835.00,68.20,0.434,4.081,0.333,banana,fresh
4101609,4056,89.00,835.00,68.00,0.435,4.081,0.332,banana,fresh
4102621,4057,88.95,835.00,68.10,0.435,4.081,0.333,banana,fresh
4103631,4058,88.85,835.05,68.25,0.434,4.081,0.334,banana,fresh
4104642,4059,88.90,835.05,68.10,0.435,4.081,0.333,banana,fresh
4105654,4060,88.80,835.00,68.20,0.434,4.081,0.333,banana,fresh
4106664,4061,88.80,835.05,68.25,0.434,4.081,0.334,banana,fresh
4107675,4062,88.90,835.05,68.30,0.435,4.081,0.334,banana,fresh
4108687,4063,88.95,835.05,68.20,0.435,4.081,0.333,banana,fresh
4109698,4064,88.80,835.05,68.30,0.434,4.081,0.334,banana,fresh
4110708,4065,88.80,835.05,68.15,0.434,4.081,0.333,banana,fresh
4111720,4066,88.85,835.00,68.15,0.434,4.081,0.333,banana,fresh
4112731,4067,88.95,835.05,68.15,0.435,4.081,0.333,banana,fresh
4113741,4068,88.80,835.00,68.35,0.434,4.081,0.334,banana,fresh
4114753,4069,88.90,835.00,68.15,0.435,4.081,0.333,banana,fresh
4115764,4070,88.95,835.15,68.25,0.435,4.082,0.334,banana,fresh
4116774,4071,88.85,835.05,68.25,0.434,4.081,0.334,banana,fresh
4117786,4072,88.75,835.10,68.05,0.434,4.082,0.333,banana,fresh
4118797,4073,88.90,835.05,68.30,0.435,4.081,0.334,banana,fresh
4119808,4074,88.95,835.20,68.20,0.435,4.082,0.333,banana,fresh
4120819,4075,88.80,835.05,68.25,0.434,4.081,0.334,banana,fresh
4121830,4076,88.85,835.05,68.25,0.434,4.081,0.334,banana,fresh
4122842,4077,88.80,835.10,68.15,0.434,4.082,0.333,banana,fresh
4123852,4078,88.85,835.20,68.30,0.434,4.082,0.334,banana,fresh
4124863,4079,88.85,835.05,68.20,0.434,4.081,0.333,banana,fresh
4125875,4080,88.75,835.15,68.25,0.434,4.082,0.334,banana,fresh
4126885,4081,88.80,835.20,68.30,0.434,4.082,0.334,banana,fresh
4127896,4082,88.85,835.10,68.15,0.434,4.082,0.333,banana,fresh
4128908,4083,88.95,835.15,68.35,0.435,4.082,0.334,banana,fresh
4129918,4084,88.85,835.25,68.30,0.434,4.082,0.334,banana,fresh
4130929,4085,88.85,835.20,68.25,0.434,4.082,0.334,banana,fresh
4131941,4086,88.80,835.20,68.15,0.434,4.082,0.333,banana,fresh
4132952,4087,88.85,835.40,68.25,0.434,4.083,0.334,banana,fresh
4133962,4088,88.90,835.30,68.25,0.435,4.083,0.334,banana,fresh
4134974,4089,88.85,835.30,68.30,0.434,4.083,0.334,banana,fresh
4135985,4090,88.85,835.35,68.45,0.434,4.083,0.335,banana,fresh
4136995,4091,88.90,835.30,68.20,0.435,4.083,0.333,banana,fresh
4138007,4092,88.90,835.35,68.30,0.435,4.083,0.334,banana,fresh
4139018,4093,89.00,835.45,68.45,0.435,4.083,0.335,banana,fresh
4140028,4094,88.95,835.40,68.30,0.435,4.083,0.334,banana,fresh
4141040,4095,88.80,835.45,68.25,0.434,4.083,0.334,banana,fresh
4142051,4096,88.95,835.35,68.25,0.435,4.083,0.334,banana,fresh
4143062,4097,88.95,835.35,68.35,0.435,4.083,0.334,banana,fresh
4144073,4098,88.90,835.65,68.25,0.435,4.084,0.334,banana,fresh
4145084,4099,88.75,835.50,68.35,0.434,4.084,0.334,banana,fresh
4146095,4100,88.85,835.60,68.30,0.434,4.084,0.334,banana,fresh
4147106,4101,88.80,835.55,68.35,0.434,4.084,0.334,banana,fresh
4148117,4102,88.75,835.55,68.30,0.434,4.084,0.334,banana,fresh
4149128,4103,88.95,835.70,68.25,0.435,4.085,0.334,banana,fresh
4150139,4104,88.85,835.45,68.30,0.434,4.083,0.334,banana,fresh
4151150,4105,88.80,835.80,68.35,0.434,4.085,0.334,banana,fresh
4152161,4106,88.85,835.85,68.35,0.434,4.085,0.334,banana,fresh
4153172,4107,88.90,835.75,68.20,0.435,4.085,0.333,banana,fresh
4154183,4108,88.85,835.75,68.25,0.434,4.085,0.334,banana,fresh
4155194,4109,88.90,835.60,68.30,0.435,4.084,0.334,banana,fresh
4156206,4110,88.95,835.65,68.35,0.435,4.084,0.334,banana,fresh
4157216,4111,88.85,835.70,68.25,0.434,4.085,0.334,banana,fresh
4158227,4112,88.90,835.85,68.40,0.435,4.085,0.334,banana,fresh
4159239,4113,88.90,835.85,68.60,0.435,4.085,0.335,banana,fresh
4160249,4114,88.95,835.90,68.25,0.435,4.086,0.334,banana,fresh
4161260,4115,88.85,835.80,68.60,0.434,4.085,0.335,banana,fresh
4162272,4116,88.85,835.90,68.40,0.434,4.086,0.334,banana,fresh
4163282,4117,88.90,835.80,68.35,0.435,4.085,0.334,banana,fresh
4164293,4118,88.85,835.80,68.45,0.434,4.085,0.335,banana,fresh
4165305,4119,88.95,835.95,68.40,0.435,4.086,0.334,banana,fresh
4166316,4120,89.00,836.00,68.30,0.435,4.086,0.334,banana,fresh
4167326,4121,88.95,835.90,68.35,0.435,4.086,0.334,banana,fresh
4168338,4122,88.80,835.95,68.60,0.434,4.086,0.335,banana,fresh
4169349,4123,88.90,835.95,68.45,0.435,4.086,0.335,banana,fresh
4170359,4124,88.95,836.00,68.60,0.435,4.086,0.335,banana,fresh
4171371,4125,88.95,836.00,68.55,0.435,4.086,0.335,banana,fresh
4172382,4126,88.85,836.00,68.30,0.434,4.086,0.334,banana,fresh
4173392,4127,88.95,836.00,68.50,0.435,4.086,0.335,banana,fresh
4174404,4128,88.90,836.00,68.50,0.435,4.086,0.335,banana,fresh
4175415,4129,89.00,836.00,68.60,0.435,4.086,0.335,banana,fresh
4176425,4130,88.90,835.95,68.45,0.435,4.086,0.335,banana,fresh
4177437,4131,88.85,836.00,68.45,0.434,4.086,0.335,banana,fresh
4178448,4132,88.95,836.00,68.45,0.435,4.086,0.335,banana,fresh
4179459,4133,88.85,836.00,68.50,0.434,4.086,0.335,banana,fresh
4180470,4134,88.95,835.95,68.50,0.435,4.086,0.335,banana,fresh
4181481,4135,88.80,836.00,68.40,0.434,4.086,0.334,banana,fresh
4182492,4136,88.90,836.00,68.70,0.435,4.086,0.336,banana,fresh
4183503,4137,88.95,836.00,68.35,0.435,4.086,0.334,banana,fresh
4184514,4138,88.85,836.00,68.45,0.434,4.086,0.335,banana,fresh
4185525,4139,88.85,836.05,68.55,0.434,4.086,0.335,banana,fresh
4186536,4140,89.00,836.00,68.60,0.435,4.086,0.335,banana,fresh
4187547,4141,89.00,836.10,68.40,0.435,4.087,0.334,banana,fresh
4188558,4142,88.95,836.05,68.50,0.435,4.086,0.335,banana,fresh
4189570,4143,88.80,836.00,68.55,0.434,4.086,0.335,banana,fresh
4190580,4144,88.95,836.00,68.45,0.435,4.086,0.335,banana,fresh
4191591,4145,88.80,836.00,68.40,0.434,4.086,0.334,banana,fresh
4192603,4146,89.00,836.00,68.80,0.435,4.086,0.336,banana,fresh
4193613,4147,88.95,836.00,68.60,0.435,4.086,0.335,banana,fresh
4194624,4148,88.95,836.00,68.75,0.435,4.086,0.336,banana,fresh
4195635,4149,88.95,836.05,68.50,0.435,4.086,0.335,banana,fresh
4196646,4150,88.90,836.00,68.55,0.435,4.086,0.335,banana,fresh
4197657,4151,88.95,836.05,68.70,0.435,4.086,0.336,banana,fresh
4198668,4152,88.90,836.15,68.55,0.435,4.087,0.335,banana,fresh
4199680,4153,88.90,836.05,68.50,0.435,4.086,0.335,banana,fresh
4200690,4154,89.00,836.10,68.40,0.435,4.087,0.334,banana,fresh
4201701,4155,89.00,836.15,68.65,0.435,4.087,0.336,banana,fresh
4202713,4156,89.00,836.10,68.45,0.435,4.087,0.335,banana,fresh
4203723,4157,88.75,836.10,68.70,0.434,4.087,0.336,banana,fresh
4204735,4158,89.00,836.10,68.75,0.435,4.087,0.336,banana,fresh
4205746,4159,88.95,836.10,68.65,0.435,4.087,0.336,banana,fresh
4206756,4160,88.95,836.15,68.55,0.435,4.087,0.335,banana,fresh
4207768,4161,88.95,836.10,68.70,0.435,4.087,0.336,banana,fresh
4208779,4162,88.90,836.15,68.60,0.435,4.087,0.335,banana,fresh
4209789,4163,88.95,836.20,68.55,0.435,4.087,0.335,banana,fresh
4210801,4164,88.80,836.25,68.65,0.434,4.087,0.336,banana,fresh
4211812,4165,88.95,836.25,68.60,0.435,4.087,0.335,banana,fresh
4212823,4166,88.90,836.15,68.50,0.435,4.087,0.335,banana,fresh
4213834,4167,89.00,836.35,68.65,0.435,4.088,0.336,banana,fresh
4214845,4168,88.85,836.35,68.55,0.434,4.088,0.335,banana,fresh
4215856,4169,88.95,836.30,68.75,0.435,4.087,0.336,banana,fresh
4216867,4170,88.85,836.20,68.85,0.434,4.087,0.337,banana,fresh
4217878,4171,88.90,836.35,68.55,0.435,4.088,0.335,banana,fresh
4218889,4172,88.85,836.25,68.80,0.434,4.087,0.336,banana,fresh
4219900,4173,89.00,836.55,68.60,0.435,4.089,0.335,banana,fresh
4220911,4174,88.95,836.35,68.65,0.435,4.088,0.336,banana,fresh
4221922,4175,89.00,836.35,68.70,0.435,4.088,0.336,banana,fresh
4222934,4176,89.00,836.40,68.85,0.435,4.088,0.337,banana,fresh
4223944,4177,88.95,836.45,68.55,0.435,4.088,0.335,banana,fresh
4224955,4178,88.85,836.40,68.65,0.434,4.088,0.336,banana,fresh
4225967,4179,89.00,836.30,68.45,0.435,4.087,0.335,banana,fresh
4226977,4180,88.90,836.50,68.65,0.435,4.088,0.336,banana,fresh
4227988,4181,88.90,836.55,68.75,0.435,4.089,0.336,banana,fresh
4229000,4182,89.00,836.60,68.80,0.435,4.089,0.336,banana,fresh
4230010,4183,89.00,836.70,68.70,0.435,4.089,0.336,banana,fresh
4231021,4184,89.00,836.75,68.90,0.435,4.090,0.337,banana,fresh
4232033,4185,88.95,836.55,68.85,0.435,4.089,0.337,banana,fresh
4233043,4186,88.95,836.45,68.80,0.435,4.088,0.336,banana,fresh
4234054,4187,88.95,836.75,68.90,0.435,4.090,0.337,banana,fresh
4235066,4188,88.95,836.55,68.50,0.435,4.089,0.335,banana,fresh
4236077,4189,88.90,836.70,68.70,0.435,4.089,0.336,banana,fresh
4237087,4190,88.95,836.70,68.75,0.435,4.089,0.336,banana,fresh
4238099,4191,88.95,836.60,68.80,0.435,4.089,0.336,banana,fresh
4239110,4192,88.85,836.75,68.75,0.434,4.090,0.336,banana,fresh
4240120,4193,88.95,836.60,68.55,0.435,4.089,0.335,banana,fresh
4241132,4194,88.95,836.75,68.90,0.435,4.090,0.337,banana,fresh
4242143,4195,88.95,836.80,68.55,0.435,4.090,0.335,banana,fresh
4243153,4196,88.90,836.60,68.70,0.435,4.089,0.336,banana,fresh
4244165,4197,88.90,836.75,68.80,0.435,4.090,0.336,banana,fresh
4245176,4198,88.95,836.70,68.70,0.435,4.089,0.336,banana,fresh
4246187,4199,88.95,836.95,68.75,0.435,4.091,0.336,banana,fresh
4247198,4200,88.90,836.95,68.65,0.435,4.091,0.336,banana,fresh
4248209,4201,88.90,836.80,68.75,0.435,4.090,0.336,banana,fresh
4249220,4202,88.90,836.75,68.70,0.435,4.090,0.336,banana,fresh
4250231,4203,88.95,836.80,68.90,0.435,4.090,0.337,banana,fresh
4251242,4204,88.90,836.75,68.70,0.435,4.090,0.336,banana,fresh
4252253,4205,89.00,836.75,68.80,0.435,4.090,0.336,banana,fresh
4253264,4206,88.90,836.75,68.70,0.435,4.090,0.336,banana,fresh
4254275,4207,89.00,836.85,68.65,0.435,4.090,0.336,banana,fresh
4255286,4208,89.00,836.80,68.70,0.435,4.090,0.336,banana,fresh
4256297,4209,88.95,836.95,68.75,0.435,4.091,0.336,banana,fresh
4257308,4210,88.85,836.70,68.70,0.434,4.089,0.336,banana,fresh
4258319,4211,89.05,836.95,68.65,0.435,4.091,0.336,banana,fresh
4259331,4212,88.90,836.75,68.70,0.435,4.090,0.336,banana,fresh
4260341,4213,88.85,836.95,68.95,0.434,4.091,0.337,banana,fresh
4261352,4214,88.95,836.95,68.65,0.435,4.091,0.336,banana,fresh
4262364,4215,88.90,836.90,68.70,0.435,4.090,0.336,banana,fresh
4263374,4216,89.00,836.90,68.70,0.435,4.090,0.336,banana,fresh
4264385,4217,89.00,836.95,68.75,0.435,4.091,0.336,banana,fresh
4265397,4218,88.95,836.80,68.80,0.435,4.090,0.336,banana,fresh
4266407,4219,88.95,836.85,68.70,0.435,4.090,0.336,banana,fresh
4267418,4220,89.00,836.90,68.80,0.435,4.090,0.336,banana,fresh
4268430,4221,89.00,836.95,68.75,0.435,4.091,0.336,banana,fresh
4269441,4222,88.95,837.00,68.70,0.435,4.091,0.336,banana,fresh
4270451,4223,89.00,836.95,68.75,0.435,4.091,0.336,banana,fresh
4271463,4224,89.00,836.95,68.90,0.435,4.091,0.337,banana,fresh
4272474,4225,89.00,836.90,68.65,0.435,4.090,0.336,banana,fresh
4273484,4226,88.95,837.00,68.70,0.435,4.091,0.336,banana,fresh
4274496,4227,88.95,837.00,68.75,0.435,4.091,0.336,banana,fresh
4275507,4228,88.90,837.00,68.60,0.435,4.091,0.335,banana,fresh
4276517,4229,89.00,837.00,68.80,0.435,4.091,0.336,banana,fresh
4277529,4230,89.00,837.00,68.85,0.435,4.091,0.337,banana,fresh
4278540,4231,88.95,837.00,68.80,0.435,4.091,0.336,banana,fresh
4279550,4232,89.00,837.00,68.85,0.435,4.091,0.337,banana,fresh
4280562,4233,88.90,837.00,68.85,0.435,4.091,0.337,banana,fresh
4281573,4234,88.95,837.00,68.65,0.435,4.091,0.336,banana,fresh
4282584,4235,89.00,837.00,68.90,0.435,4.091,0.337,banana,fresh
4283595,4236,88.95,837.00,68.90,0.435,4.091,0.337,banana,fresh
4284606,4237,88.95,837.00,68.90,0.435,4.091,0.337,banana,fresh
4285617,4238,88.95,837.00,68.90,0.435,4.091,0.337,banana,fresh
4286627,4239,88.95,837.00,68.80,0.435,4.091,0.336,banana,fresh
4287639,4240,89.00,837.00,68.75,0.435,4.091,0.336,banana,fresh
4288650,4241,89.00,837.00,68.65,0.435,4.091,0.336,banana,fresh
4289660,4242,88.95,837.00,68.85,0.435,4.091,0.337,banana,fresh
4290672,4243,88.90,837.00,68.90,0.435,4.091,0.337,banana,fresh
4291683,4244,89.00,837.00,68.90,0.435,4.091,0.337,banana,fresh
4292694,4245,88.90,837.00,68.90,0.435,4.091,0.337,banana,fresh
4293705,4246,88.85,837.00,68.80,0.434,4.091,0.336,banana,fresh
4294716,4247,88.85,836.95,68.80,0.434,4.091,0.336,banana,fresh
4295727,4248,88.95,837.05,68.90,0.435,4.091,0.337,banana,fresh
4296738,4249,89.00,837.10,68.85,0.435,4.091,0.337,banana,fresh
4297749,4250,89.00,837.00,68.85,0.435,4.091,0.337,banana,fresh
4298760,4251,89.00,837.00,68.70,0.435,4.091,0.336,banana,fresh
4299771,4252,88.95,837.00,68.70,0.435,4.091,0.336,banana,fresh
4300782,4253,88.95,837.00,68.75,0.435,4.091,0.336,banana,fresh
4301793,4254,89.00,837.00,68.70,0.435,4.091,0.336,banana,fresh
4302804,4255,89.05,837.00,68.80,0.435,4.091,0.336,banana,fresh
4303815,4256,89.00,837.00,68.80,0.435,4.091,0.336,banana,fresh
4304826,4257,88.85,837.00,68.75,0.434,4.091,0.336,banana,fresh
4305838,4258,89.00,837.00,68.95,0.435,4.091,0.337,banana,fresh
4306848,4259,88.95,837.00,68.85,0.435,4.091,0.337,banana,fresh
4307859,4260,88.95,837.00,68.85,0.435,4.091,0.337,banana,fresh
4308871,4261,89.00,837.00,68.85,0.435,4.091,0.337,banana,fresh
4309881,4262,88.90,837.00,68.75,0.435,4.091,0.336,banana,fresh
4310892,4263,88.95,837.05,68.80,0.435,4.091,0.336,banana,fresh
4311904,4264,89.00,837.05,68.80,0.435,4.091,0.336,banana,fresh
4312914,4265,88.95,837.00,68.80,0.435,4.091,0.336,banana,fresh
4313925,4266,89.00,837.00,68.80,0.435,4.091,0.336,banana,fresh
4314937,4267,89.00,837.05,68.75,0.435,4.091,0.336,banana,fresh
4315948,4268,89.00,837.00,68.85,0.435,4.091,0.337,banana,fresh
4316958,4269,89.05,837.00,68.80,0.435,4.091,0.336,banana,fresh
4317970,4270,89.00,837.05,68.75,0.435,4.091,0.336,banana,fresh
4318981,4271,89.00,837.00,68.80,0.435,4.091,0.336,banana,fresh
4319991,4272,89.00,837.05,68.90,0.435,4.091,0.337,banana,fresh
4321003,4273,88.90,837.00,68.90,0.435,4.091,0.337,banana,fresh
4322014,4274,89.00,837.10,68.85,0.435,4.091,0.337,banana,fresh
4323024,4275,89.00,837.10,68.85,0.435,4.091,0.337,banana,fresh
4324036,4276,89.00,837.00,68.70,0.435,4.091,0.336,banana,fresh
4325047,4277,88.95,837.05,68.85,0.435,4.091,0.337,banana,fresh
4326057,4278,88.95,837.10,68.75,0.435,4.091,0.336,banana,fresh
4327069,4279,89.00,837.00,68.90,0.435,4.091,0.337,banana,fresh
4328080,4280,88.95,837.05,68.65,0.435,4.091,0.336,banana,fresh
4329091,4281,89.00,837.00,68.85,0.435,4.091,0.337,banana,fresh
4330102,4282,89.00,837.00,68.75,0.435,4.091,0.336,banana,fresh
4331113,4283,88.95,837.00,68.80,0.435,4.091,0.336,banana,fresh
4332124,4284,89.00,837.00,68.85,0.435,4.091,0.337,banana,fresh
4333135,4285,88.90,837.00,68.85,0.435,4.091,0.337,banana,fresh
4334146,4286,88.90,837.05,68.90,0.435,4.091,0.337,banana,fresh
4335157,4287,89.00,837.10,68.80,0.435,4.091,0.336,banana,fresh
4336168,4288,88.95,837.10,68.75,0.435,4.091,0.336,banana,fresh
4337179,4289,88.90,837.05,68.70,0.435,4.091,0.336,banana,fresh
4338190,4290,88.95,837.00,68.70,0.435,4.091,0.336,banana,fresh
4339201,4291,89.00,837.05,68.80,0.435,4.091,0.336,banana,fresh
4340212,4292,88.95,837.00,68.85,0.435,4.091,0.337,banana,fresh
4341223,4293,88.90,837.00,68.90,0.435,4.091,0.337,banana,fresh
4342234,4294,88.95,837.00,68.80,0.435,4.091,0.336,banana,fresh
4343245,4295,89.00,837.10,68.70,0.435,4.091,0.336,banana,fresh
4344256,4296,88.95,837.05,68.80,0.435,4.091,0.336,banana,fresh
4345267,4297,89.00,837.05,68.85,0.435,4.091,0.337,banana,fresh
4346278,4298,88.95,837.00,68.85,0.435,4.091,0.337,banana,fresh
4347289,4299,89.00,837.10,68.80,0.435,4.091,0.336,banana,fresh
4348300,4300,89.00,837.05,68.85,0.435,4.091,0.337,banana,fresh
4349312,4301,88.95,837.05,68.85,0.435,4.091,0.337,banana,fresh
4350322,4302,88.95,837.00,68.90,0.435,4.091,0.337,banana,fresh
4351333,4303,88.95,837.00,68.80,0.435,4.091,0.336,banana,fresh
4352345,4304,88.85,837.05,68.75,0.434,4.091,0.336,banana,fresh
4353355,4305,88.90,837.10,68.75,0.435,4.091,0.336,banana,fresh
4354367,4306,89.00,837.25,68.75,0.435,4.092,0.336,banana,fresh
4355378,4307,88.95,837.05,68.75,0.435,4.091,0.336,banana,fresh
4356388,4308,89.00,837.05,68.90,0.435,4.091,0.337,banana,fresh
4357399,4309,89.00,837.00,68.90,0.435,4.091,0.337,banana,fresh
4358411,4310,88.90,837.10,68.75,0.435,4.091,0.336,banana,fresh
4359421,4311,89.05,837.00,68.85,0.435,4.091,0.337,banana,fresh
4360432,4312,89.00,837.15,68.75,0.435,4.092,0.336,banana,fresh
4361444,4313,88.90,837.15,68.70,0.435,4.092,0.336,banana,fresh
4362455,4314,88.85,837.05,68.90,0.434,4.091,0.337,banana,fresh
4363465,4315,88.95,837.15,68.80,0.435,4.092,0.336,banana,fresh
4364477,4316,88.95,837.05,68.95,0.435,4.091,0.337,banana,fresh
4365488,4317,89.00,837.10,68.85,0.435,4.091,0.337,banana,fresh
4366498,4318,88.95,837.10,68.75,0.435,4.091,0.336,banana,fresh
4367510,4319,88.90,837.00,68.80,0.435,4.091,0.336,banana,fresh
4368521,4320,89.00,837.10,68.65,0.435,4.091,0.336,banana,fresh
4369531,4321,89.00,837.15,68.70,0.435,4.092,0.336,banana,fresh
4370543,4322,88.85,837.20,68.70,0.434,4.092,0.336,banana,fresh
4371554,4323,89.00,837.10,68.80,0.435,4.091,0.336,banana,fresh
4372566,4324,89.00,837.05,68.75,0.435,4.091,0.336,banana,fresh
4373576,4325,89.00,837.25,68.85,0.435,4.092,0.337,banana,fresh
4374587,4326,89.00,837.00,68.80,0.435,4.091,0.336,banana,fresh
4375598,4327,89.00,837.20,68.70,0.435,4.092,0.336,banana,fresh
4376609,4328,89.00,837.15,68.90,0.435,4.092,0.337,banana,fresh
4377620,4329,88.90,837.05,68.65,0.435,4.091,0.336,banana,fresh
4378631,4330,88.95,837.00,69.00,0.435,4.091,0.337,banana,fresh
4379642,4331,89.00,837.15,68.75,0.435,4.092,0.336,banana,fresh
4380653,4332,89.00,837.10,68.80,0.435,4.091,0.336,banana,fresh
4381664,4333,89.05,837.20,68.75,0.435,4.092,0.336,banana,fresh
4382675,4334,89.05,837.10,68.65,0.435,4.091,0.336,banana,fresh
4383686,4335,89.00,837.20,68.60,0.435,4.092,0.335,banana,fresh
4384697,4336,88.85,837.15,68.60,0.434,4.092,0.335,banana,fresh
4385709,4337,89.00,837.10,68.95,0.435,4.091,0.337,banana,fresh
4386719,4338,88.95,837.20,68.80,0.435,4.092,0.336,banana,fresh
4387730,4339,88.90,837.15,68.75,0.435,4.092,0.336,banana,fresh
4388742,4340,88.90,837.15,69.00,0.435,4.092,0.337,banana,fresh
4389752,4341,88.90,837.10,68.95,0.435,4.091,0.337,banana,fresh
4390764,4342,88.95,837.20,68.80,0.435,4.092,0.336,banana,fresh
4391775,4343,89.00,837.15,68.95,0.435,4.092,0.337,banana,fresh
4392785,4344,88.90,837.05,68.70,0.435,4.091,0.336,banana,fresh
4393797,4345,88.95,837.00,68.90,0.435,4.091,0.337,banana,fresh
4394808,4346,89.00,837.25,68.85,0.435,4.092,0.337,banana,fresh
4395819,4347,88.95,837.10,68.80,0.435,4.091,0.336,banana,fresh
4396830,4348,88.95,837.15,68.80,0.435,4.092,0.336,banana,fresh
4397841,4349,88.95,837.10,68.90,0.435,4.091,0.337,banana,fresh
4398852,4350,89.00,837.05,68.70,0.435,4.091,0.336,banana,fresh
4399863,4351,88.90,837.15,68.85,0.435,4.092,0.337,banana,fresh
4400874,4352,88.95,837.15,68.80,0.435,4.092,0.336,banana,fresh
4401885,4353,89.00,837.35,68.75,0.435,4.093,0.336,banana,fresh
4402896,4354,88.85,837.35,68.65,0.434,4.093,0.336,banana,fresh
4403907,4355,88.90,837.25,68.80,0.435,4.092,0.336,banana,fresh
4404918,4356,89.00,837.15,68.75,0.435,4.092,0.336,banana,fresh
4405929,4357,89.00,837.20,68.80,0.435,4.092,0.336,banana,fresh
4406940,4358,88.90,837.35,68.80,0.435,4.093,0.336,banana,fresh
4407951,4359,88.95,837.30,68.80,0.435,4.092,0.336,banana,fresh
4408963,4360,88.95,837.35,68.70,0.435,4.093,0.336,banana,fresh
4409973,4361,88.90,837.25,68.80,0.435,4.092,0.336,banana,fresh
4410984,4362,89.00,837.40,68.85,0.435,4.093,0.337,banana,fresh
4411996,4363,88.95,837.40,68.90,0.435,4.093,0.337,banana,fresh
4413006,4364,89.00,837.40,68.75,0.435,4.093,0.336,banana,fresh
4414017,4365,88.85,837.15,68.65,0.434,4.092,0.336,banana,fresh
4415029,4366,88.95,837.10,68.70,0.435,4.091,0.336,banana,fresh
4416039,4367,88.85,837.20,68.75,0.434,4.092,0.336,banana,fresh
4417050,4368,88.90,837.25,68.65,0.435,4.092,0.336,banana,fresh
4418062,4369,89.00,837.35,68.60,0.435,4.093,0.335,banana,fresh
4419073,4370,88.90,837.35,68.70,0.435,4.093,0.336,banana,fresh
4420083,4371,88.95,837.20,68.75,0.435,4.092,0.336,banana,fresh
4421095,4372,89.00,837.15,68.80,0.435,4.092,0.336,banana,fresh
4422106,4373,88.90,837.35,68.80,0.435,4.093,0.336,banana,fresh
4423116,4374,89.00,837.20,68.70,0.435,4.092,0.336,banana,fresh
4424128,4375,88.90,837.30,68.75,0.435,4.092,0.336,banana,fresh
4425139,4376,88.90,837.35,68.70,0.435,4.093,0.336,banana,fresh
4426149,4377,88.90,837.30,68.85,0.435,4.092,0.337,banana,fresh
4427161,4378,88.95,837.35,68.85,0.435,4.093,0.337,banana,fresh
4428172,4379,89.00,837.25,68.75,0.435,4.092,0.336,banana,fresh
4429182,4380,88.90,837.30,68.60,0.435,4.092,0.335,banana,fresh
4430194,4381,88.90,837.35,68.75,0.435,4.093,0.336,banana,fresh
4431205,4382,88.95,837.35,68.75,0.435,4.093,0.336,banana,fresh
4432216,4383,88.95,837.35,68.70,0.435,4.093,0.336,banana,fresh
4433227,4384,88.95,837.40,68.60,0.435,4.093,0.335,banana,fresh
4434238,4385,88.90,837.40,68.65,0.435,4.093,0.336,banana,fresh
4435249,4386,88.95,837.50,68.60,0.435,4.093,0.335,banana,fresh
4436260,4387,89.00,837.25,68.55,0.435,4.092,0.335,banana,fresh
4437271,4388,88.90,837.25,68.60,0.435,4.092,0.335,banana,fresh
4438282,4389,89.05,837.40,68.80,0.435,4.093,0.336,banana,fresh
4439293,4390,89.00,837.45,68.75,0.435,4.093,0.336,banana,fresh
4440304,4391,88.90,837.60,68.70,0.435,4.094,0.336,banana,fresh
4441315,4392,89.00,837.50,68.75,0.435,4.093,0.336,banana,fresh
4442327,4393,89.00,837.35,68.70,0.435,4.093,0.336,banana,fresh
4443337,4394,89.00,837.35,68.70,0.435,4.093,0.336,banana,fresh
4444348,4395,88.85,837.45,68.80,0.434,4.093,0.336,banana,fresh
4445360,4396,88.95,837.55,68.55,0.435,4.094,0.335,banana,fresh
4446370,4397,89.00,837.35,68.75,0.435,4.093,0.336,banana,fresh
4447381,4398,88.95,837.55,68.65,0.435,4.094,0.336,banana,fresh
4448393,4399,88.95,837.45,68.70,0.435,4.093,0.336,banana,fresh
4449403,4400,88.90,837.70,68.65,0.435,4.094,0.336,banana,fresh
4450414,4401,89.00,837.70,68.70,0.435,4.094,0.336,banana,fresh
4451426,4402,88.95,837.65,68.85,0.435,4.094,0.337,banana,fresh
4452436,4403,89.00,837.50,68.65,0.435,4.093,0.336,banana,fresh
4453447,4404,89.05,837.70,68.80,0.435,4.094,0.336,banana,fresh
4454459,4405,88.95,837.65,68.90,0.435,4.094,0.337,banana,fresh
4455470,4406,89.00,837.35,68.85,0.435,4.093,0.337,banana,fresh
4456480,4407,89.00,837.50,68.70,0.435,4.093,0.336,banana,fresh
4457492,4408,88.95,837.55,68.65,0.435,4.094,0.336,banana,fresh
4458503,4409,88.90,837.55,68.70,0.435,4.094,0.336,banana,fresh
4459513,4410,89.05,837.75,68.85,0.435,4.095,0.337,banana,fresh
4460525,4411,88.90,837.55,68.50,0.435,4.094,0.335,banana,fresh
4461536,4412,88.90,837.75,68.70,0.435,4.095,0.336,banana,fresh
4462546,4413,88.95,837.45,68.75,0.435,4.093,0.336,banana,fresh
4463558,4414,89.00,837.55,68.40,0.435,4.094,0.334,banana,fresh
4464569,4415,88.90,837.55,68.80,0.435,4.094,0.336,banana,fresh
4465580,4416,88.90,837.50,68.55,0.435,4.093,0.335,banana,fresh
4466591,4417,88.80,837.55,68.75,0.434,4.094,0.336,banana,fresh
4467602,4418,88.95,837.60,68.70,0.435,4.094,0.336,banana,fresh
4468613,4419,88.95,837.55,68.65,0.435,4.094,0.336,banana,fresh
4469624,4420,88.95,837.75,68.60,0.435,4.095,0.335,banana,fresh
4470635,4421,88.95,837.75,68.65,0.435,4.095,0.336,banana,fresh
4471646,4422,88.90,837.70,68.55,0.435,4.094,0.335,banana,fresh
4472657,4423,89.00,837.70,68.80,0.435,4.094,0.336,banana,fresh
4473668,4424,88.85,837.65,68.45,0.434,4.094,0.335,banana,fresh
4474679,4425,88.90,837.40,68.50,0.435,4.093,0.335,banana,fresh
4475691,4426,88.95,837.50,68.60,0.435,4.093,0.335,banana,fresh
4476701,4427,88.90,837.75,68.75,0.435,4.095,0.336,banana,fresh
4477712,4428,88.95,837.80,68.60,0.435,4.095,0.335,banana,fresh
4478724,4429,88.95,837.65,68.50,0.435,4.094,0.335,banana,fresh
4479734,4430,88.85,837.65,68.55,0.434,4.094,0.335,banana,fresh
4480745,4431,89.00,837.80,68.45,0.435,4.095,0.335,banana,fresh
4481757,4432,88.95,837.75,68.70,0.435,4.095,0.336,banana,fresh
4482767,4433,88.90,837.70,68.60,0.435,4.094,0.335,banana,fresh
4483778,4434,88.75,837.80,68.50,0.434,4.095,0.335,banana,fresh
4484790,4435,89.00,837.90,68.50,0.435,4.095,0.335,banana,fresh
4485800,4436,88.95,837.75,68.55,0.435,4.095,0.335,banana,fresh
4486811,4437,88.90,837.80,68.60,0.435,4.095,0.335,banana,fresh
4487823,4438,88.95,837.75,68.40,0.435,4.095,0.334,banana,fresh
4488834,4439,89.00,837.75,68.55,0.435,4.095,0.335,banana,fresh
4489844,4440,88.95,837.80,68.70,0.435,4.095,0.336,banana,fresh
4490856,4441,89.00,837.80,68.65,0.435,4.095,0.336,banana,fresh
4491867,4442,88.85,837.75,68.60,0.434,4.095,0.335,banana,fresh
4492877,4443,88.95,837.95,68.50,0.435,4.096,0.335,banana,fresh
4493889,4444,89.00,837.85,68.75,0.435,4.095,0.336,banana,fresh
4494900,4445,88.90,837.95,68.60,0.435,4.096,0.335,banana,fresh
4495910,4446,89.00,837.85,68.65,0.435,4.095,0.336,banana,fresh
4496922,4447,89.00,837.80,68.65,0.435,4.095,0.336,banana,fresh
4497933,4448,88.95,837.70,68.65,0.435,4.094,0.336,banana,fresh
4498944,4449,88.95,837.80,68.50,0.435,4.095,0.335,banana,fresh
4499955,4450,88.95,837.95,68.65,0.435,4.096,0.336,banana,fresh
4500966,4451,88.90,838.00,68.55,0.435,4.096,0.335,banana,fresh
4501977,4452,88.85,837.85,68.70,0.434,4.095,0.336,banana,fresh
4502988,4453,88.95,837.90,68.55,0.435,4.095,0.335,banana,fresh
4503999,4454,88.95,837.90,68.70,0.435,4.095,0.336,banana,fresh
4505010,4455,88.95,837.95,68.40,0.435,4.096,0.334,banana,fresh
4506021,4456,89.00,837.95,68.65,0.435,4.096,0.336,banana,fresh
4507032,4457,88.95,837.90,68.70,0.435,4.095,0.336,banana,fresh
4508043,4458,89.00,837.95,68.65,0.435,4.096,0.336,banana,fresh
4509054,4459,88.95,838.00,68.50,0.435,4.096,0.335,banana,fresh
4510065,4460,88.90,838.00,68.50,0.435,4.096,0.335,banana,fresh
4511076,4461,89.00,838.00,68.55,0.435,4.096,0.335,banana,fresh
4512088,4462,88.90,837.90,68.65,0.435,4.095,0.336,banana,fresh
4513098,4463,88.90,838.05,68.85,0.435,4.096,0.337,banana,fresh
4514109,4464,89.00,838.00,68.55,0.435,4.096,0.335,banana,fresh
4515121,4465,88.90,837.95,68.55,0.435,4.096,0.335,banana,fresh
4516131,4466,88.95,838.00,68.75,0.435,4.096,0.336,banana,fresh
4517142,4467,88.95,838.00,68.55,0.435,4.096,0.335,banana,fresh
4518154,4468,88.95,838.00,68.50,0.435,4.096,0.335,banana,fresh
4519164,4469,88.95,838.00,68.45,0.435,4.096,0.335,banana,fresh
4520175,4470,89.00,838.00,68.70,0.435,4.096,0.336,banana,fresh
4521187,4471,89.00,838.00,68.60,0.435,4.096,0.335,banana,fresh
4522198,4472,88.95,838.00,68.70,0.435,4.096,0.336,banana,fresh
4523208,4473,88.95,838.00,68.65,0.435,4.096,0.336,banana,fresh
4524220,4474,88.85,838.00,68.75,0.434,4.096,0.336,banana,fresh
4525231,4475,88.95,838.00,68.50,0.435,4.096,0.335,banana,fresh
4526241,4476,89.00,838.00,68.45,0.435,4.096,0.335,banana,fresh
4527253,4477,88.95,838.00,68.65,0.435,4.096,0.336,banana,fresh
4528264,4478,88.95,838.00,68.65,0.435,4.096,0.336,banana,fresh
4529274,4479,88.95,838.00,68.75,0.435,4.096,0.336,banana,fresh
4530286,4480,88.95,837.95,68.50,0.435,4.096,0.335,banana,fresh
4531297,4481,88.95,838.00,68.50,0.435,4.096,0.335,banana,fresh
4532307,4482,89.00,838.05,68.65,0.435,4.096,0.336,banana,fresh
4533319,4483,88.95,838.00,68.60,0.435,4.096,0.335,banana,fresh
4534330,4484,89.00,838.00,68.65,0.435,4.096,0.336,banana,fresh
4535341,4485,89.00,838.00,68.70,0.435,4.096,0.336,banana,fresh
4536352,4486,88.95,838.00,68.65,0.435,4.096,0.336,banana,fresh
4537363,4487,88.95,838.05,68.65,0.435,4.096,0.336,banana,fresh
4538374,4488,89.00,838.05,68.50,0.435,4.096,0.335,banana,fresh
4539385,4489,89.00,838.05,68.60,0.435,4.096,0.335,banana,fresh
4540396,4490,88.95,838.00,68.75,0.435,4.096,0.336,banana,fresh
4541407,4491,88.90,838.05,68.75,0.435,4.096,0.336,banana,fresh
4542418,4492,88.95,838.00,68.70,0.435,4.096,0.336,banana,fresh
4543429,4493,89.00,838.10,68.50,0.435,4.096,0.335,banana,fresh
4544440,4494,89.05,838.00,68.60,0.435,4.096,0.335,banana,fresh
4545452,4495,89.00,838.05,68.85,0.435,4.096,0.337,banana,fresh
4546462,4496,89.00,838.00,68.50,0.435,4.096,0.335,banana,fresh
4547473,4497,88.95,838.05,68.55,0.435,4.096,0.335,banana,fresh
4548485,4498,88.90,838.00,68.65,0.435,4.096,0.336,banana,fresh
4549495,4499,88.90,838.00,68.50,0.435,4.096,0.335,banana,fresh
4550506,4500,88.95,838.00,68.70,0.435,4.096,0.336,banana,fresh
4551518,4501,88.95,838.00,68.65,0.435,4.096,0.336,banana,fresh
4552528,4502,88.95,838.05,68.60,0.435,4.096,0.335,banana,fresh
4553539,4503,88.95,838.10,68.65,0.435,4.096,0.336,banana,fresh
4554551,4504,88.95,838.00,68.60,0.435,4.096,0.335,banana,fresh
4555561,4505,88.95,838.05,68.70,0.435,4.096,0.336,banana,fresh
4556572,4506,89.00,838.10,68.70,0.435,4.096,0.336,banana,fresh
4557584,4507,88.95,838.15,68.75,0.435,4.097,0.336,banana,fresh
4558595,4508,89.00,838.00,68.50,0.435,4.096,0.335,banana,fresh
4559605,4509,89.00,838.10,68.55,0.435,4.096,0.335,banana,fresh
4560617,4510,89.00,838.05,68.80,0.435,4.096,0.336,banana,fresh
4561628,4511,89.00,838.15,68.70,0.435,4.097,0.336,banana,fresh
4562638,4512,89.00,838.00,68.90,0.435,4.096,0.337,banana,fresh
4563650,4513,89.00,838.00,68.75,0.435,4.096,0.336,banana,fresh
4564661,4514,88.95,838.05,68.80,0.435,4.096,0.336,banana,fresh
4565671,4515,89.05,838.15,68.75,0.435,4.097,0.336,banana,fresh
4566683,4516,88.95,838.05,68.80,0.435,4.096,0.336,banana,fresh
4567694,4517,89.00,838.35,69.00,0.435,4.098,0.337,banana,fresh
4568705,4518,89.00,838.20,68.50,0.435,4.097,0.335,banana,fresh
4569716,4519,89.00,838.15,68.65,0.435,4.097,0.336,banana,fresh
4570727,4520,88.95,838.15,68.60,0.435,4.097,0.335,banana,fresh
4571738,4521,89.00,838.15,68.80,0.435,4.097,0.336,banana,fresh
4572749,4522,88.90,838.30,68.75,0.435,4.097,0.336,banana,fresh
4573760,4523,88.90,838.30,68.85,0.435,4.097,0.337,banana,fresh
4574771,4524,88.95,838.10,68.55,0.435,4.096,0.335,banana,fresh
4575782,4525,88.90,838.20,68.50,0.435,4.097,0.335,banana,fresh
4576793,4526,89.05,838.20,68.70,0.435,4.097,0.336,banana,fresh
4577804,4527,89.00,838.20,68.75,0.435,4.097,0.336,banana,fresh
4578816,4528,88.95,838.35,68.75,0.435,4.098,0.336,banana,fresh
4579826,4529,89.00,838.10,68.75,0.435,4.096,0.336,banana,fresh
4580837,4530,88.95,838.25,68.60,0.435,4.097,0.335,banana,fresh
4581849,4531,89.00,838.35,68.55,0.435,4.098,0.335,banana,fresh
4582859,4532,89.00,838.25,68.65,0.435,4.097,0.336,banana,fresh
4583870,4533,89.00,838.35,68.55,0.435,4.098,0.335,banana,fresh
4584882,4534,88.95,838.30,68.55,0.435,4.097,0.335,banana,fresh
4585892,4535,89.00,838.25,68.85,0.435,4.097,0.337,banana,fresh
4586903,4536,88.95,838.20,68.80,0.435,4.097,0.336,banana,fresh
4587915,4537,89.00,838.25,68.70,0.435,4.097,0.336,banana,fresh
4588925,4538,89.00,838.30,68.85,0.435,4.097,0.337,banana,fresh
4589936,4539,88.95,838.40,68.80,0.435,4.098,0.336,banana,fresh
4590948,4540,88.95,838.55,68.70,0.435,4.098,0.336,banana,fresh
4591959,4541,89.00,838.40,68.70,0.435,4.098,0.336,banana,fresh
4592969,4542,89.00,838.45,68.65,0.435,4.098,0.336,banana,fresh
4593981,4543,89.00,838.25,68.70,0.435,4.097,0.336,banana,fresh
4594992,4544,89.00,838.45,68.75,0.435,4.098,0.336,banana,fresh
4596002,4545,88.95,838.30,68.60,0.435,4.097,0.335,banana,fresh
4597014,4546,89.00,838.35,68.70,0.435,4.098,0.336,banana,fresh
4598025,4547,89.00,838.40,68.85,0.435,4.098,0.337,banana,fresh
4599035,4548,89.00,838.50,68.75,0.435,4.098,0.336,banana,fresh
4600047,4549,89.00,838.20,68.65,0.435,4.097,0.336,banana,fresh
4601058,4550,88.90,838.40,68.90,0.435,4.098,0.337,banana,fresh
4602068,4551,89.00,838.65,68.85,0.435,4.099,0.337,banana,fresh
4603080,4552,89.00,838.35,68.70,0.435,4.098,0.336,banana,fresh
4604091,4553,89.00,838.60,68.70,0.435,4.099,0.336,banana,fresh
4605102,4554,88.95,838.65,68.60,0.435,4.099,0.335,banana,fresh
4606113,4555,88.90,838.65,68.75,0.435,4.099,0.336,banana,fresh
4607124,4556,88.90,838.70,68.80,0.435,4.099,0.336,banana,fresh
4608135,4557,89.00,838.40,68.80,0.435,4.098,0.336,banana,fresh
4609146,4558,89.00,838.45,68.75,0.435,4.098,0.336,banana,fresh
4610157,4559,89.00,838.65,68.55,0.435,4.099,0.335,banana,fresh
4611168,4560,89.00,838.70,68.55,0.435,4.099,0.335,banana,fresh
4612179,4561,89.00,838.55,68.70,0.435,4.098,0.336,banana,fresh
4613190,4562,89.00,838.60,68.60,0.435,4.099,0.335,banana,fresh
4614201,4563,88.95,838.60,68.55,0.435,4.099,0.335,banana,fresh
4615213,4564,88.95,838.65,68.75,0.435,4.099,0.336,banana,fresh
4616223,4565,89.00,838.70,68.80,0.435,4.099,0.336,banana,fresh
4617234,4566,89.00,838.65,68.75,0.435,4.099,0.336,banana,fresh
4618246,4567,89.00,838.50,68.80,0.435,4.098,0.336,banana,fresh
4619256,4568,89.00,838.60,68.75,0.435,4.099,0.336,banana,fresh
4620267,4569,89.00,838.70,68.70,0.435,4.099,0.336,banana,fresh
4621279,4570,89.00,838.75,68.70,0.435,4.099,0.336,banana,fresh
4622289,4571,88.95,838.75,68.75,0.435,4.099,0.336,banana,fresh
4623300,4572,88.95,838.70,68.75,0.435,4.099,0.336,banana,fresh
4624312,4573,89.00,838.80,68.40,0.435,4.100,0.334,banana,fresh
4625323,4574,88.95,838.60,68.55,0.435,4.099,0.335,banana,fresh
4626333,4575,89.00,838.70,68.65,0.435,4.099,0.336,banana,fresh
4627344,4576,88.95,838.75,68.65,0.435,4.099,0.336,banana,fresh
4628356,4577,89.00,838.65,68.45,0.435,4.099,0.335,banana,fresh
4629366,4578,89.05,838.70,68.65,0.435,4.099,0.336,banana,fresh
4630377,4579,89.00,838.85,68.65,0.435,4.100,0.336,banana,fresh
4631389,4580,89.00,838.85,68.75,0.435,4.100,0.336,banana,fresh
4632399,4581,89.00,838.85,68.60,0.435,4.100,0.335,banana,fresh
4633410,4582,89.00,838.80,68.70,0.435,4.100,0.336,banana,fresh
4634422,4583,89.00,838.90,68.60,0.435,4.100,0.335,banana,fresh
4635432,4584,89.00,838.75,68.85,0.435,4.099,0.337,banana,fresh
4636443,4585,89.00,838.95,68.85,0.435,4.100,0.337,banana,fresh
4637455,4586,88.95,838.85,68.55,0.435,4.100,0.335,banana,fresh
4638466,4587,88.90,838.75,68.75,0.435,4.099,0.336,banana,fresh
4639476,4588,89.00,838.80,68.90,0.435,4.100,0.337,banana,fresh
4640488,4589,89.00,838.80,68.60,0.435,4.100,0.335,banana,fresh
4641499,4590,88.95,838.80,68.70,0.435,4.100,0.336,banana,fresh
4642509,4591,88.95,838.85,68.80,0.435,4.100,0.336,banana,fresh
4643521,4592,89.05,838.85,68.60,0.435,4.100,0.335,banana,fresh
4644532,4593,89.00,838.90,68.60,0.435,4.100,0.335,banana,fresh
4645542,4594,89.00,838.85,68.85,0.435,4.100,0.337,banana,fresh
4646554,4595,89.00,838.75,68.65,0.435,4.099,0.336,banana,fresh
4647565,4596,89.00,838.85,68.70,0.435,4.100,0.336,banana,fresh
4648576,4597,89.00,839.00,68.90,0.435,4.101,0.337,banana,fresh
4649587,4598,89.00,838.80,68.75,0.435,4.100,0.336,banana,fresh
4650598,4599,89.00,838.85,68.85,0.435,4.100,0.337,banana,fresh
4651609,4600,88.90,838.95,68.60,0.435,4.100,0.335,banana,fresh
4652620,4601,88.95,838.85,68.80,0.435,4.100,0.336,banana,fresh
4653631,4602,89.00,838.85,68.75,0.435,4.100,0.336,banana,fresh
4654642,4603,89.00,838.95,68.80,0.435,4.100,0.336,banana,fresh
4655653,4604,88.95,838.95,68.80,0.435,4.100,0.336,banana,fresh
4656664,4605,89.00,838.95,68.80,0.435,4.100,0.336,banana,fresh
4657675,4606,89.05,839.00,68.75,0.435,4.101,0.336,banana,fresh
4658686,4607,89.00,838.95,68.75,0.435,4.100,0.336,banana,fresh
4659697,4608,89.00,838.95,68.70,0.435,4.100,0.336,banana,fresh
4660708,4609,88.95,838.90,68.95,0.435,4.100,0.337,banana,fresh
4661720,4610,89.00,838.90,68.70,0.435,4.100,0.336,banana,fresh
4662730,4611,89.00,839.00,68.80,0.435,4.101,0.336,banana,fresh
4663741,4612,89.05,838.95,68.90,0.435,4.100,0.337,banana,fresh
4664753,4613,88.95,839.00,68.70,0.435,4.101,0.336,banana,fresh
4665763,4614,89.00,838.90,68.65,0.435,4.100,0.336,banana,fresh
4666774,4615,89.00,839.00,68.70,0.435,4.101,0.336,banana,fresh
4667786,4616,89.00,839.00,68.85,0.435,4.101,0.337,banana,fresh
4668796,4617,89.00,839.00,68.70,0.435,4.101,0.336,banana,fresh
4669807,4618,89.00,838.95,68.75,0.435,4.100,0.336,banana,fresh
4670819,4619,89.00,839.00,68.65,0.435,4.101,0.336,banana,fresh
4671830,4620,89.00,839.00,68.90,0.435,4.101,0.337,banana,fresh
4672840,4621,88.95,839.00,68.75,0.435,4.101,0.336,banana,fresh
4673852,4622,89.00,839.00,68.75,0.435,4.101,0.336,banana,fresh
4674863,4623,89.00,839.05,68.85,0.435,4.101,0.337,banana,fresh
4675873,4624,89.00,838.95,68.70,0.435,4.100,0.336,banana,fresh
4676885,4625,89.00,839.00,68.70,0.435,4.101,0.336,banana,fresh
4677896,4626,89.00,839.00,68.75,0.435,4.101,0.336,banana,fresh
4678906,4627,89.05,839.00,68.65,0.435,4.101,0.336,banana,fresh
4679918,4628,89.00,839.00,68.70,0.435,4.101,0.336,banana,fresh
4680929,4629,89.05,838.95,68.75,0.435,4.100,0.336,banana,fresh
4681939,4630,89.00,839.00,68.70,0.435,4.101,0.336,banana,fresh
4682950,4631,89.00,839.00,68.70,0.435,4.101,0.336,banana,fresh
4683962,4632,88.90,839.05,68.60,0.435,4.101,0.335,banana,fresh
4684973,4633,89.00,839.00,68.75,0.435,4.101,0.336,banana,fresh
4685983,4634,88.95,838.95,68.75,0.435,4.100,0.336,banana,fresh
4686995,4635,89.00,839.00,68.70,0.435,4.101,0.336,banana,fresh
4688006,4636,89.00,838.95,68.70,0.435,4.100,0.336,banana,fresh
4689017,4637,89.00,838.95,68.85,0.435,4.100,0.337,banana,fresh
4690028,4638,89.00,839.00,68.85,0.435,4.101,0.337,banana,fresh
4691039,4639,89.05,839.00,68.75,0.435,4.101,0.336,banana,fresh
4692050,4640,89.00,839.00,68.70,0.435,4.101,0.336,banana,fresh
4693061,4641,89.00,839.00,68.55,0.435,4.101,0.335,banana,fresh
4694072,4642,89.00,839.00,68.80,0.435,4.101,0.336,banana,fresh
4695083,4643,89.00,839.00,68.75,0.435,4.101,0.336,banana,fresh
4696094,4644,89.05,839.00,68.60,0.435,4.101,0.335,banana,fresh
4697105,4645,89.00,839.00,68.70,0.435,4.101,0.336,banana,fresh
4698116,4646,89.00,839.00,68.70,0.435,4.101,0.336,banana,fresh
4699127,4647,89.00,839.00,68.75,0.435,4.101,0.336,banana,fresh
4700138,4648,89.00,839.00,68.70,0.435,4.101,0.336,banana,fresh
4701149,4649,89.00,839.10,68.55,0.435,4.101,0.335,banana,fresh
4702160,4650,89.05,839.05,68.70,0.435,4.101,0.336,banana,fresh
4703171,4651,88.95,839.00,68.70,0.435,4.101,0.336,banana,fresh
4704182,4652,89.05,839.00,68.85,0.435,4.101,0.337,banana,fresh
4705193,4653,89.05,839.00,68.70,0.435,4.101,0.336,banana,fresh
4706204,4654,89.05,839.05,68.70,0.435,4.101,0.336,banana,fresh
4707215,4655,89.10,839.00,68.75,0.435,4.101,0.336,banana,fresh
4708227,4656,89.00,839.05,68.85,0.435,4.101,0.337,banana,fresh
4709237,4657,89.00,839.00,68.65,0.435,4.101,0.336,banana,fresh
4710248,4658,89.10,839.00,68.65,0.435,4.101,0.336,banana,fresh
4711260,4659,89.00,839.00,68.50,0.435,4.101,0.335,banana,fresh
4712270,4660,88.95,839.00,68.60,0.435,4.101,0.335,banana,fresh
4713281,4661,89.05,839.00,68.85,0.435,4.101,0.337,banana,fresh
4714293,4662,89.10,839.00,68.70,0.435,4.101,0.336,banana,fresh
4715303,4663,89.05,839.00,68.65,0.435,4.101,0.336,banana,fresh
4716314,4664,89.00,839.05,68.75,0.435,4.101,0.336,banana,fresh
4717326,4665,89.00,839.00,68.70,0.435,4.101,0.336,banana,fresh
4718337,4666,89.00,839.00,68.70,0.435,4.101,0.336,banana,fresh
4719347,4667,89.00,839.10,68.60,0.435,4.101,0.335,banana,fresh
4720359,4668,89.00,839.00,68.75,0.435,4.101,0.336,banana,fresh
4721370,4669,89.00,839.05,68.65,0.435,4.101,0.336,banana,fresh
4722380,4670,89.00,839.00,68.70,0.435,4.101,0.336,banana,fresh
4723392,4671,89.10,839.05,68.70,0.435,4.101,0.336,banana,fresh
4724403,4672,89.05,839.10,68.55,0.435,4.101,0.335,banana,fresh
4725413,4673,89.00,839.00,68.50,0.435,4.101,0.335,banana,fresh
4726425,4674,89.00,839.10,68.75,0.435,4.101,0.336,banana,fresh
4727436,4675,89.00,839.00,68.80,0.435,4.101,0.336,banana,fresh
4728446,4676,89.00,839.00,68.65,0.435,4.101,0.336,banana,fresh
4729458,4677,89.00,839.05,68.65,0.435,4.101,0.336,banana,fresh
4730469,4678,89.00,839.05,68.65,0.435,4.101,0.336,banana,fresh
4731480,4679,89.10,839.05,68.60,0.435,4.101,0.335,banana,fresh
4732491,4680,89.00,839.05,68.60,0.435,4.101,0.335,banana,fresh
4733502,4681,89.00,839.10,68.70,0.435,4.101,0.336,banana,fresh
4734513,4682,89.00,839.05,68.80,0.435,4.101,0.336,banana,fresh
4735524,4683,89.00,839.10,68.65,0.435,4.101,0.336,banana,fresh
4736535,4684,89.10,839.10,68.55,0.435,4.101,0.335,banana,fresh
4737546,4685,89.00,839.15,68.55,0.435,4.101,0.335,banana,fresh
4738557,4686,89.10,839.05,68.60,0.435,4.101,0.335,banana,fresh
4739568,4687,89.05,839.15,68.70,0.435,4.101,0.336,banana,fresh
4740580,4688,89.00,839.00,68.70,0.435,4.101,0.336,banana,fresh
4741591,4689,89.00,839.05,68.75,0.435,4.101,0.336,banana,fresh
4742601,4690,89.00,839.15,68.70,0.435,4.101,0.336,banana,fresh
4743613,4691,89.05,839.05,68.90,0.435,4.101,0.337,banana,fresh
4744624,4692,89.00,839.10,68.85,0.435,4.101,0.337,banana,fresh
4745634,4693,89.05,839.05,68.60,0.435,4.101,0.335,banana,fresh
4746646,4694,89.00,839.05,68.65,0.435,4.101,0.336,banana,fresh
4747657,4695,89.00,839.10,68.85,0.435,4.101,0.337,banana,fresh
4748667,4696,89.00,839.15,68.75,0.435,4.101,0.336,banana,fresh
4749679,4697,88.95,839.15,68.70,0.435,4.101,0.336,banana,fresh
4750690,4698,89.00,839.15,68.65,0.435,4.101,0.336,banana,fresh
4751700,4699,89.05,839.00,68.75,0.435,4.101,0.336,banana,fresh
4752712,4700,89.05,839.20,68.75,0.435,4.102,0.336,banana,fresh
4753723,4701,89.00,839.40,68.55,0.435,4.103,0.335,banana,fresh
4754734,4702,88.95,839.20,68.70,0.435,4.102,0.336,banana,fresh
4755745,4703,89.00,839.05,68.80,0.435,4.101,0.336,banana,fresh
4756756,4704,89.15,839.10,68.70,0.436,4.101,0.336,banana,fresh
4757767,4705,89.00,839.10,68.65,0.435,4.101,0.336,banana,fresh
4758778,4706,89.00,839.25,68.60,0.435,4.102,0.335,banana,fresh
4759789,4707,89.00,839.10,68.75,0.435,4.101,0.336,banana,fresh
4760800,4708,89.00,839.15,68.60,0.435,4.101,0.335,banana,fresh
4761811,4709,89.00,839.30,68.60,0.435,4.102,0.335,banana,fresh
4762822,4710,89.00,839.25,68.80,0.435,4.102,0.336,banana,fresh
4763833,4711,89.00,839.25,68.60,0.435,4.102,0.335,banana,fresh
4764845,4712,89.00,839.35,68.70,0.435,4.102,0.336,banana,fresh
4765855,4713,89.10,839.30,68.75,0.435,4.102,0.336,banana,fresh
4766866,4714,89.00,839.25,68.65,0.435,4.102,0.336,banana,fresh
4767878,4715,89.00,839.25,68.70,0.435,4.102,0.336,banana,fresh
4768888,4716,89.10,839.25,68.75,0.435,4.102,0.336,banana,fresh
4769899,4717,89.00,839.25,68.70,0.435,4.102,0.336,banana,fresh
4770911,4718,89.00,839.25,68.85,0.435,4.102,0.337,banana,fresh
4771921,4719,89.00,839.20,68.80,0.435,4.102,0.336,banana,fresh
4772932,4720,89.05,839.20,68.85,0.435,4.102,0.337,banana,fresh
4773944,4721,89.10,839.25,68.70,0.435,4.102,0.336,banana,fresh
4774955,4722,89.05,839.25,68.70,0.435,4.102,0.336,banana,fresh
4775965,4723,88.95,839.45,68.55,0.435,4.103,0.335,banana,fresh
4776977,4724,89.05,839.25,68.65,0.435,4.102,0.336,banana,fresh
4777988,4725,89.00,839.50,68.75,0.435,4.103,0.336,banana,fresh
4778998,4726,89.00,839.05,68.65,0.435,4.101,0.336,banana,fresh
4780010,4727,89.05,839.45,68.45,0.435,4.103,0.335,banana,fresh
4781021,4728,89.00,839.50,68.75,0.435,4.103,0.336,banana,fresh
4782031,4729,89.00,839.55,68.60,0.435,4.103,0.335,banana,fresh
4783043,4730,89.00,839.25,68.75,0.435,4.102,0.336,banana,fresh
4784054,4731,89.00,839.25,68.75,0.435,4.102,0.336,banana,fresh
4785064,4732,89.00,839.55,68.70,0.435,4.103,0.336,banana,fresh
4786076,4733,89.00,839.25,68.90,0.435,4.102,0.337,banana,fresh
4787087,4734,89.00,839.45,68.75,0.435,4.103,0.336,banana,fresh
4788098,4735,89.00,839.45,68.80,0.435,4.103,0.336,banana,fresh
4789109,4736,89.05,839.65,68.55,0.435,4.104,0.335,banana,fresh
4790120,4737,89.00,839.65,68.65,0.435,4.104,0.336,banana,fresh
4791131,4738,89.00,839.50,68.75,0.435,4.103,0.336,banana,fresh
4792142,4739,89.05,839.35,68.75,0.435,4.102,0.336,banana,fresh
4793153,4740,89.05,839.65,68.80,0.435,4.104,0.336,banana,fresh
4794164,4741,89.00,839.55,68.65,0.435,4.103,0.336,banana,fresh
4795175,4742,89.05,839.70,68.70,0.435,4.104,0.336,banana,fresh
4796186,4743,89.00,839.55,68.65,0.435,4.103,0.336,banana,fresh
4797197,4744,89.00,839.80,68.75,0.435,4.105,0.336,banana,fresh
4798209,4745,89.05,839.65,68.50,0.435,4.104,0.335,banana,fresh
4799219,4746,89.00,839.60,68.45,0.435,4.104,0.335,banana,fresh
4800230,4747,89.00,839.45,68.80,0.435,4.103,0.336,banana,fresh
4801242,4748,89.00,839.55,68.75,0.435,4.103,0.336,banana,fresh
4802252,4749,89.05,839.60,68.60,0.435,4.104,0.335,banana,fresh
4803263,4750,89.05,839.55,68.65,0.435,4.103,0.336,banana,fresh
4804275,4751,89.05,839.60,68.70,0.435,4.104,0.336,banana,fresh
4805285,4752,89.10,839.80,68.80,0.435,4.105,0.336,banana,fresh
4806296,4753,89.10,839.50,68.65,0.435,4.103,0.336,banana,fresh
4807308,4754,89.00,839.65,68.85,0.435,4.104,0.337,banana,fresh
4808318,4755,89.00,839.60,68.70,0.435,4.104,0.336,banana,fresh
4809329,4756,89.00,839.70,68.85,0.435,4.104,0.337,banana,fresh
4810341,4757,89.15,839.70,68.65,0.436,4.104,0.336,banana,fresh
4811352,4758,89.00,839.80,68.75,0.435,4.105,0.336,banana,fresh
4812362,4759,89.05,839.50,68.70,0.435,4.103,0.336,banana,fresh
4813374,4760,89.10,839.75,68.65,0.435,4.104,0.336,banana,fresh
4814385,4761,89.05,839.60,68.60,0.435,4.104,0.335,banana,fresh
4815395,4762,89.05,839.60,68.65,0.435,4.104,0.336,banana,fresh
4816407,4763,89.00,839.75,68.65,0.435,4.104,0.336,banana,fresh
4817418,4764,89.00,839.60,68.60,0.435,4.104,0.335,banana,fresh
4818428,4765,89.05,839.65,68.75,0.435,4.104,0.336,banana,fresh
4819440,4766,89.00,839.75,68.65,0.435,4.104,0.336,banana,fresh
4820451,4767,89.05,839.80,68.70,0.435,4.105,0.336,banana,fresh
4821462,4768,89.10,839.90,68.60,0.435,4.105,0.335,banana,fresh
4822473,4769,89.05,839.75,68.95,0.435,4.104,0.337,banana,fresh
4823484,4770,89.05,839.55,68.80,0.435,4.103,0.336,banana,fresh
4824495,4771,89.05,839.55,68.80,0.435,4.103,0.336,banana,fresh
4825506,4772,89.05,839.60,68.65,0.435,4.104,0.336,banana,fresh
4826517,4773,89.05,839.85,68.60,0.435,4.105,0.335,banana,fresh
4827529,4774,89.05,839.80,68.65,0.435,4.105,0.336,banana,fresh
4828539,4775,89.05,839.90,68.50,0.435,4.105,0.335,banana,fresh
4829550,4776,89.00,839.95,68.70,0.435,4.105,0.336,banana,fresh
4830561,4777,89.00,839.90,68.65,0.435,4.105,0.336,banana,fresh
4831572,4778,89.05,839.85,68.80,0.435,4.105,0.336,banana,fresh
4832583,4779,89.05,839.90,68.80,0.435,4.105,0.336,banana,fresh
4833594,4780,89.00,839.85,68.80,0.435,4.105,0.336,banana,fresh
4834606,4781,89.00,839.85,68.85,0.435,4.105,0.337,banana,fresh
4835616,4782,89.10,839.95,68.45,0.435,4.105,0.335,banana,fresh
4836628,4783,89.10,839.85,68.75,0.435,4.105,0.336,banana,fresh
4837639,4784,89.00,840.00,68.75,0.435,4.106,0.336,banana,fresh
4838649,4785,89.10,839.95,68.90,0.435,4.105,0.337,banana,fresh
4839661,4786,89.05,839.95,68.65,0.435,4.105,0.336,banana,fresh
4840672,4787,89.05,839.95,68.50,0.435,4.105,0.335,banana,fresh
4841682,4788,89.00,839.90,68.65,0.435,4.105,0.336,banana,fresh
4842694,4789,89.10,839.95,68.75,0.435,4.105,0.336,banana,fresh
4843705,4790,89.05,839.95,68.90,0.435,4.105,0.337,banana,fresh
4844716,4791,89.15,840.00,68.80,0.436,4.106,0.336,banana,fresh
4845727,4792,89.05,840.00,68.90,0.435,4.106,0.337,banana,fresh
4846738,4793,89.00,840.00,68.85,0.435,4.106,0.337,banana,fresh
4847749,4794,89.20,840.00,68.75,0.436,4.106,0.336,banana,fresh
4848759,4795,89.10,839.95,68.85,0.435,4.105,0.337,banana,fresh
4849771,4796,89.15,840.00,68.70,0.436,4.106,0.336,banana,fresh
4850782,4797,89.00,840.00,68.85,0.435,4.106,0.337,banana,fresh
4851793,4798,89.05,840.00,68.80,0.435,4.106,0.336,banana,fresh
4852804,4799,89.10,840.00,68.80,0.435,4.106,0.336,banana,fresh
4853815,4800,89.05,840.00,68.70,0.435,4.106,0.336,banana,fresh
4854827,4801,89.05,840.00,68.90,0.435,4.106,0.337,banana,fresh
4855837,4802,89.15,840.00,68.70,0.436,4.106,0.336,banana,fresh
4856848,4803,89.15,840.00,68.80,0.436,4.106,0.336,banana,fresh
4857859,4804,89.00,840.00,68.75,0.435,4.106,0.336,banana,fresh
4858870,4805,89.00,840.00,68.80,0.435,4.106,0.336,banana,fresh
4859881,4806,89.10,840.00,68.95,0.435,4.106,0.337,banana,fresh
4860892,4807,89.20,840.00,68.75,0.436,4.106,0.336,banana,fresh
4861903,4808,89.05,840.00,68.90,0.435,4.106,0.337,banana,fresh
4862914,4809,89.00,840.00,68.80,0.435,4.106,0.336,banana,fresh
4863925,4810,89.10,840.10,68.90,0.435,4.106,0.337,banana,fresh
4864936,4811,89.00,840.00,68.85,0.435,4.106,0.337,banana,fresh
4865947,4812,89.10,840.00,68.90,0.435,4.106,0.337,banana,fresh
4866958,4813,89.00,840.05,68.85,0.435,4.106,0.337,banana,fresh
4867970,4814,89.05,840.00,68.90,0.435,4.106,0.337,banana,fresh
4868980,4815,89.10,840.00,68.85,0.435,4.106,0.337,banana,fresh
4869991,4816,89.00,840.00,68.95,0.435,4.106,0.337,banana,fresh
4871003,4817,89.05,840.00,68.80,0.435,4.106,0.336,banana,fresh
4872013,4818,89.05,840.00,68.85,0.435,4.106,0.337,banana,fresh
4873024,4819,89.05,840.05,68.75,0.435,4.106,0.336,banana,fresh
4874036,4820,89.00,840.00,68.70,0.435,4.106,0.336,banana,fresh
4875046,4821,89.10,840.00,68.80,0.435,4.106,0.336,banana,fresh
4876057,4822,89.05,840.00,68.85,0.435,4.106,0.337,banana,fresh
4877069,4823,89.00,840.00,68.85,0.435,4.106,0.337,banana,fresh
4878080,4824,89.15,840.00,68.80,0.436,4.106,0.336,banana,fresh
4879090,4825,89.15,840.00,68.95,0.436,4.106,0.337,banana,fresh
4880102,4826,89.00,840.00,68.80,0.435,4.106,0.336,banana,fresh
4881113,4827,89.15,840.00,68.70,0.436,4.106,0.336,banana,fresh
4882123,4828,89.05,840.00,68.75,0.435,4.106,0.336,banana,fresh
4883135,4829,89.00,840.05,68.80,0.435,4.106,0.336,banana,fresh
4884146,4830,89.25,840.00,68.75,0.436,4.106,0.336,banana,fresh
4885156,4831,89.15,840.00,68.90,0.436,4.106,0.337,banana,fresh
4886168,4832,89.15,840.00,68.75,0.436,4.106,0.336,banana,fresh
4887179,4833,89.00,840.05,68.75,0.435,4.106,0.336,banana,fresh
4888189,4834,89.05,840.00,68.80,0.435,4.106,0.336,banana,fresh
4889201,4835,89.00,840.05,68.70,0.435,4.106,0.336,banana,fresh
4890212,4836,89.05,840.00,68.75,0.435,4.106,0.336,banana,fresh
4891223,4837,89.10,840.05,68.90,0.435,4.106,0.337,banana,fresh
4892234,4838,89.05,840.00,68.75,0.435,4.106,0.336,banana,fresh
4893245,4839,89.10,840.05,68.80,0.435,4.106,0.336,banana,fresh
4894256,4840,89.15,840.00,68.95,0.436,4.106,0.337,banana,fresh
4895267,4841,89.10,840.05,68.95,0.435,4.106,0.337,banana,fresh
4896278,4842,89.00,840.05,68.85,0.435,4.106,0.337,banana,fresh
4897289,4843,89.05,840.00,68.85,0.435,4.106,0.337,banana,fresh
4898300,4844,89.15,840.05,68.75,0.436,4.106,0.336,banana,fresh
4899311,4845,89.00,840.10,68.85,0.435,4.106,0.337,banana,fresh
4900322,4846,89.05,840.00,68.80,0.435,4.106,0.336,banana,fresh
4901334,4847,89.10,840.05,68.90,0.435,4.106,0.337,banana,fresh
4902344,4848,89.05,840.10,68.75,0.435,4.106,0.336,banana,fresh
4903355,4849,89.05,840.05,68.95,0.435,4.106,0.337,banana,fresh
4904367,4850,89.00,840.00,68.70,0.435,4.106,0.336,banana,fresh
4905377,4851,89.05,840.00,68.80,0.435,4.106,0.336,banana,fresh
4906388,4852,89.00,840.00,68.55,0.435,4.106,0.335,banana,fresh
4907400,4853,89.05,840.00,68.80,0.435,4.106,0.336,banana,fresh
4908410,4854,89.05,840.10,68.80,0.435,4.106,0.336,banana,fresh
4909421,4855,89.10,840.05,68.80,0.435,4.106,0.336,banana,fresh
4910433,4856,89.05,840.05,68.80,0.435,4.106,0.336,banana,fresh
4911443,4857,89.15,840.10,68.65,0.436,4.106,0.336,banana,fresh
4912454,4858,89.10,840.10,68.75,0.435,4.106,0.336,banana,fresh
4913466,4859,89.20,840.05,68.70,0.436,4.106,0.336,banana,fresh
4914477,4860,89.05,840.15,68.85,0.435,4.106,0.337,banana,fresh
4915487,4861,89.15,840.05,68.80,0.436,4.106,0.336,banana,fresh
4916499,4862,89.05,840.10,68.75,0.435,4.106,0.336,banana,fresh
4917510,4863,89.05,840.15,68.85,0.435,4.106,0.337,banana,fresh
4918520,4864,89.05,840.00,68.70,0.435,4.106,0.336,banana,fresh
4919532,4865,89.05,840.05,68.85,0.435,4.106,0.337,banana,fresh
4920543,4866,89.15,840.10,68.80,0.436,4.106,0.336,banana,fresh
4921553,4867,89.10,840.20,68.85,0.435,4.107,0.337,banana,fresh
4922565,4868,89.05,840.15,68.80,0.435,4.106,0.336,banana,fresh
4923576,4869,89.15,840.15,68.75,0.436,4.106,0.336,banana,fresh
4924587,4870,89.15,840.15,68.95,0.436,4.106,0.337,banana,fresh
4925598,4871,89.15,840.10,68.60,0.436,4.106,0.335,banana,fresh
4926609,4872,89.10,840.10,68.90,0.435,4.106,0.337,banana,fresh
4927620,4873,89.10,840.30,68.75,0.435,4.107,0.336,banana,fresh
4928631,4874,89.05,840.35,68.70,0.435,4.107,0.336,banana,fresh
4929642,4875,89.10,840.25,68.80,0.435,4.107,0.336,banana,fresh
4930653,4876,89.00,840.25,68.85,0.435,4.107,0.337,banana,fresh
4931664,4877,89.05,840.25,68.75,0.435,4.107,0.336,banana,fresh
4932675,4878,89.15,840.40,68.85,0.436,4.108,0.337,banana,fresh
4933686,4879,89.20,840.25,68.75,0.436,4.107,0.336,banana,fresh
4934697,4880,89.10,840.35,68.80,0.435,4.107,0.336,banana,fresh
4935708,4881,89.05,840.25,68.85,0.435,4.107,0.337,banana,fresh
4936719,4882,89.05,840.35,68.90,0.435,4.107,0.337,banana,fresh
4937731,4883,89.05,840.30,68.95,0.435,4.107,0.337,banana,fresh
4938741,4884,89.15,840.30,68.85,0.436,4.107,0.337,banana,fresh
4939752,4885,89.15,840.30,68.70,0.436,4.107,0.336,banana,fresh
4940764,4886,89.10,840.40,68.85,0.435,4.108,0.337,banana,fresh
4941774,4887,89.10,840.30,68.95,0.435,4.107,0.337,banana,fresh
4942785,4888,89.10,840.45,68.55,0.435,4.108,0.335,banana,fresh
4943797,4889,89.05,840.30,68.70,0.435,4.107,0.336,banana,fresh
4944807,4890,89.05,840.25,68.75,0.435,4.107,0.336,banana,fresh
4945818,4891,89.20,840.50,68.85,0.436,4.108,0.337,banana,fresh
4946830,4892,89.15,840.20,68.85,0.436,4.107,0.337,banana,fresh
4947841,4893,89.00,840.40,68.85,0.435,4.108,0.337,banana,fresh
4948851,4894,89.15,840.35,68.80,0.436,4.107,0.336,banana,fresh
4949863,4895,89.10,840.35,68.95,0.435,4.107,0.337,banana,fresh
4950874,4896,89.10,840.45,69.00,0.435,4.108,0.337,banana,fresh
4951884,4897,89.30,840.50,68.85,0.436,4.108,0.337,banana,fresh
4952896,4898,89.10,840.40,68.75,0.435,4.108,0.336,banana,fresh
4953907,4899,89.05,840.65,68.80,0.435,4.109,0.336,banana,fresh
4954917,4900,89.20,840.60,68.90,0.436,4.109,0.337,banana,fresh
4955929,4901,89.20,840.40,68.95,0.436,4.108,0.337,banana,fresh
4956940,4902,89.20,840.50,68.90,0.436,4.108,0.337,banana,fresh
4957952,4903,89.15,840.50,68.75,0.436,4.108,0.336,banana,fresh
4958962,4904,89.10,840.45,68.80,0.435,4.108,0.336,banana,fresh
4959973,4905,89.05,840.80,68.90,0.435,4.109,0.337,banana,fresh
4960985,4906,89.10,840.40,68.85,0.435,4.108,0.337,banana,fresh
4961995,4907,89.05,840.80,68.90,0.435,4.109,0.337,banana,fresh
4963006,4908,89.25,840.55,68.85,0.436,4.108,0.337,banana,fresh
4964018,4909,89.20,840.45,68.80,0.436,4.108,0.336,banana,fresh
4965028,4910,89.20,840.65,68.85,0.436,4.109,0.337,banana,fresh
4966039,4911,89.15,840.80,68.70,0.436,4.109,0.336,banana,fresh
4967051,4912,89.15,840.75,68.95,0.436,4.109,0.337,banana,fresh
4968061,4913,89.20,840.60,68.95,0.436,4.109,0.337,banana,fresh
4969072,4914,89.10,840.80,68.95,0.435,4.109,0.337,banana,fresh
4970084,4915,89.10,840.90,68.90,0.435,4.110,0.337,banana,fresh
4971095,4916,89.15,840.80,68.90,0.436,4.109,0.337,banana,fresh
4972105,4917,89.25,840.85,68.90,0.436,4.110,0.337,banana,fresh
4973117,4918,89.05,840.80,68.90,0.435,4.109,0.337,banana,fresh
4974128,4919,89.30,840.75,68.95,0.436,4.109,0.337,banana,fresh
4975138,4920,89.05,840.60,68.85,0.435,4.109,0.337,banana,fresh
4976150,4921,89.10,840.80,68.75,0.435,4.109,0.336,banana,fresh
4977161,4922,89.10,840.90,69.00,0.435,4.110,0.337,banana,fresh
4978171,4923,89.20,840.80,68.90,0.436,4.109,0.337,banana,fresh
4979182,4924,89.00,840.90,68.90,0.435,4.110,0.337,banana,fresh
4980194,4925,89.25,840.85,68.95,0.436,4.110,0.337,banana,fresh
4981204,4926,89.25,840.95,69.00,0.436,4.110,0.337,banana,fresh
4982215,4927,89.15,840.75,68.75,0.436,4.109,0.336,banana,fresh
4983227,4928,89.15,840.85,68.95,0.436,4.110,0.337,banana,fresh
4984238,4929,89.15,840.80,68.90,0.436,4.109,0.337,banana,fresh
4985249,4930,89.30,840.85,68.90,0.436,4.110,0.337,banana,fresh
4986260,4931,89.25,840.85,68.95,0.436,4.110,0.337,banana,fresh
4987271,4932,89.20,840.95,68.75,0.436,4.110,0.336,banana,fresh
4988282,4933,89.30,840.90,68.95,0.436,4.110,0.337,banana,fresh
4989293,4934,89.20,840.95,68.85,0.436,4.110,0.337,banana,fresh
4990304,4935,89.05,840.90,68.90,0.435,4.110,0.337,banana,fresh
4991315,4936,89.15,840.95,69.00,0.436,4.110,0.337,banana,fresh
4992326,4937,89.15,840.90,68.85,0.436,4.110,0.337,banana,fresh
4993337,4938,89.10,841.00,68.80,0.435,4.110,0.336,banana,fresh
4994349,4939,89.15,841.00,69.00,0.436,4.110,0.337,banana,fresh
4995359,4940,89.30,840.95,69.00,0.436,4.110,0.337,banana,fresh
4996370,4941,89.30,841.05,68.95,0.436,4.111,0.337,banana,fresh
4997381,4942,89.25,840.90,68.95,0.436,4.110,0.337,banana,fresh
4998392,4943,89.20,841.00,68.75,0.436,4.110,0.336,banana,fresh
4999403,4944,89.20,840.90,69.00,0.436,4.110,0.337,banana,fresh
5000414,4945,89.35,840.90,68.95,0.437,4.110,0.337,banana,fresh
5001425,4946,89.20,841.00,68.80,0.436,4.110,0.336,banana,fresh
5002436,4947,89.20,841.00,69.00,0.436,4.110,0.337,banana,fresh
5003447,4948,89.45,841.00,68.80,0.437,4.110,0.336,banana,fresh
5004459,4949,89.15,840.95,68.90,0.436,4.110,0.337,banana,fresh
5005469,4950,89.40,840.95,68.90,0.437,4.110,0.337,banana,fresh
5006481,4951,89.00,841.00,68.95,0.435,4.110,0.337,banana,fresh
5007492,4952,89.20,840.95,69.00,0.436,4.110,0.337,banana,fresh
5008502,4953,89.25,841.00,68.95,0.436,4.110,0.337,banana,fresh
5009513,4954,89.25,840.95,68.85,0.436,4.110,0.337,banana,fresh
5010525,4955,89.25,841.00,68.85,0.436,4.110,0.337,banana,fresh
5011535,4956,89.20,841.00,68.95,0.436,4.110,0.337,banana,fresh
5012547,4957,89.20,841.00,68.95,0.436,4.110,0.337,banana,fresh
5013558,4958,89.05,841.00,68.90,0.435,4.110,0.337,banana,fresh
5014568,4959,89.15,841.00,68.75,0.436,4.110,0.336,banana,fresh
5015580,4960,89.30,841.00,68.85,0.436,4.110,0.337,banana,fresh
5016591,4961,89.25,841.00,68.85,0.436,4.110,0.337,banana,fresh
5017602,4962,89.25,840.95,68.80,0.436,4.110,0.336,banana,fresh
5018613,4963,89.20,841.00,68.85,0.436,4.110,0.337,banana,fresh
5019624,4964,89.30,841.00,68.95,0.436,4.110,0.337,banana,fresh
5020635,4965,89.35,841.00,68.75,0.437,4.110,0.336,banana,fresh
5021646,4966,89.30,841.00,68.85,0.436,4.110,0.337,banana,fresh
5022657,4967,89.30,841.00,68.75,0.436,4.110,0.336,banana,fresh
5023668,4968,89.20,841.05,68.75,0.436,4.111,0.336,banana,fresh
5024679,4969,89.25,841.00,68.80,0.436,4.110,0.336,banana,fresh
5025690,4970,89.25,841.00,68.95,0.436,4.110,0.337,banana,fresh
5026701,4971,89.20,841.00,68.95,0.436,4.110,0.337,banana,fresh
5027713,4972,89.20,841.00,68.85,0.436,4.110,0.337,banana,fresh
5028723,4973,89.10,841.00,68.85,0.435,4.110,0.337,banana,fresh
5029734,4974,89.25,841.00,68.95,0.436,4.110,0.337,banana,fresh
5030746,4975,89.30,841.00,68.85,0.436,4.110,0.337,banana,fresh
5031756,4976,89.15,841.00,68.85,0.436,4.110,0.337,banana,fresh
5032767,4977,89.25,841.00,69.00,0.436,4.110,0.337,banana,fresh
5033779,4978,89.35,841.00,68.90,0.437,4.110,0.337,banana,fresh
5034789,4979,89.15,841.05,68.80,0.436,4.111,0.336,banana,fresh
5035800,4980,89.25,841.05,68.90,0.436,4.111,0.337,banana,fresh
5036812,4981,89.25,841.00,68.90,0.436,4.110,0.337,banana,fresh
5037822,4982,89.25,841.00,68.80,0.436,4.110,0.336,banana,fresh
5038833,4983,89.35,841.00,68.95,0.437,4.110,0.337,banana,fresh
5039845,4984,89.15,841.00,68.70,0.436,4.110,0.336,banana,fresh
5040856,4985,89.25,841.05,68.90,0.436,4.111,0.337,banana,fresh
5041866,4986,89.45,841.05,68.95,0.437,4.111,0.337,banana,fresh
5042878,4987,89.25,841.00,68.95,0.436,4.110,0.337,banana,fresh
5043889,4988,89.20,841.00,68.80,0.436,4.110,0.336,banana,fresh
5044899,4989,89.10,841.00,68.90,0.435,4.110,0.337,banana,fresh
5045911,4990,89.30,841.00,68.90,0.436,4.110,0.337,banana,fresh
5046922,4991,89.15,841.00,68.90,0.436,4.110,0.337,banana,fresh
5047932,4992,89.25,841.05,68.95,0.436,4.111,0.337,banana,fresh
5048944,4993,89.15,841.00,68.90,0.436,4.110,0.337,banana,fresh
5049955,4994,89.20,841.00,68.85,0.436,4.110,0.337,banana,fresh
5050966,4995,89.40,841.00,68.90,0.437,4.110,0.337,banana,fresh
5051977,4996,89.45,841.15,68.85,0.437,4.111,0.337,banana,fresh
5052988,4997,89.35,841.10,68.85,0.437,4.111,0.337,banana,fresh
5053999,4998,89.20,841.05,68.85,0.436,4.111,0.337,banana,fresh
5055010,4999,89.35,841.10,68.90,0.437,4.111,0.337,banana,fresh
5056021,5000,89.25,841.10,68.85,0.436,4.111,0.337,banana,fresh
5057032,5001,89.20,841.05,68.80,0.436,4.111,0.336,banana,fresh
5058043,5002,89.15,841.00,68.95,0.436,4.110,0.337,banana,fresh
5059054,5003,89.40,841.05,69.00,0.437,4.111,0.337,banana,fresh
5060065,5004,89.30,841.15,68.80,0.436,4.111,0.336,banana,fresh
5061076,5005,89.10,841.05,68.95,0.435,4.111,0.337,banana,fresh
5062087,5006,89.30,841.05,68.85,0.436,4.111,0.337,banana,fresh
5063098,5007,89.30,841.05,68.90,0.436,4.111,0.337,banana,fresh
5064110,5008,89.45,841.10,68.95,0.437,4.111,0.337,banana,fresh
5065120,5009,89.40,841.05,68.80,0.437,4.111,0.336,banana,fresh
5066131,5010,89.35,841.05,68.95,0.437,4.111,0.337,banana,fresh
5067143,5011,89.40,841.05,68.85,0.437,4.111,0.337,banana,fresh
5068153,5012,89.10,841.30,69.00,0.435,4.112,0.337,banana,fresh
5069165,5013,89.45,841.15,68.85,0.437,4.111,0.337,banana,fresh
5070176,5014,89.20,841.10,68.95,0.436,4.111,0.337,banana,fresh
5071186,5015,89.35,841.10,68.95,0.437,4.111,0.337,banana,fresh
5072198,5016,89.30,841.10,68.90,0.436,4.111,0.337,banana,fresh
5073209,5017,89.10,841.15,68.95,0.435,4.111,0.337,banana,fresh
5074220,5018,89.10,841.15,68.95,0.435,4.111,0.337,banana,fresh
5075231,5019,89.10,841.10,68.95,0.435,4.111,0.337,banana,fresh
5076242,5020,89.50,841.15,69.00,0.437,4.111,0.337,banana,fresh
5077253,5021,89.30,841.10,69.00,0.436,4.111,0.337,banana,fresh
5078264,5022,89.25,841.25,68.95,0.436,4.112,0.337,banana,fresh
5079275,5023,89.40,841.10,68.95,0.437,4.111,0.337,banana,fresh
5080286,5024,89.25,841.50,69.00,0.436,4.113,0.337,banana,fresh
5081297,5025,89.50,841.25,69.00,0.437,4.112,0.337,banana,fresh
5082308,5026,89.15,841.35,68.95,0.436,4.112,0.337,banana,fresh
5083319,5027,89.35,841.40,68.95,0.437,4.112,0.337,banana,fresh
5084331,5028,89.30,841.45,68.95,0.436,4.113,0.337,banana,fresh
5085341,5029,89.25,841.15,69.00,0.436,4.111,0.337,banana,fresh
5086352,5030,89.20,841.40,68.95,0.436,4.112,0.337,banana,fresh
5087364,5031,89.15,841.45,69.00,0.436,4.113,0.337,banana,fresh
5088374,5032,89.30,841.40,68.95,0.436,4.112,0.337,banana,fresh
5089385,5033,89.40,841.35,68.80,0.437,4.112,0.336,banana,fresh
5090397,5034,89.25,841.55,68.90,0.436,4.113,0.337,banana,fresh
5091407,5035,89.25,841.45,69.00,0.436,4.113,0.337,banana,fresh
5092418,5036,89.25,841.65,68.95,0.436,4.114,0.337,banana,fresh
5093430,5037,89.15,841.65,68.95,0.436,4.114,0.337,banana,fresh
5094440,5038,89.30,841.40,69.00,0.436,4.112,0.337,banana,fresh
5095451,5039,89.20,841.50,68.95,0.436,4.113,0.337,banana,fresh
5096463,5040,89.40,841.60,68.95,0.437,4.113,0.337,banana,fresh
5097474,5041,89.20,841.50,69.00,0.436,4.113,0.337,banana,fresh
5098484,5042,89.20,841.45,69.00,0.436,4.113,0.337,banana,fresh
5099496,5043,89.40,841.65,69.00,0.437,4.114,0.337,banana,fresh
5100507,5044,89.45,841.50,69.00,0.437,4.113,0.337,banana,fresh
5101517,5045,89.45,841.85,68.95,0.437,4.115,0.337,banana,fresh
5102529,5046,89.40,841.95,68.95,0.437,4.115,0.337,banana,fresh
5103540,5047,89.20,841.65,69.00,0.436,4.114,0.337,banana,fresh
5104551,5048,89.35,841.70,69.00,0.437,4.114,0.337,banana,fresh
5105562,5049,89.40,841.95,68.95,0.437,4.115,0.337,banana,fresh
5106573,5050,89.25,841.95,69.00,0.436,4.115,0.337,banana,fresh
5107585,5051,89.30,841.60,69.00,0.436,4.113,0.337,banana,fresh
5108595,5052,89.30,841.90,69.00,0.436,4.115,0.337,banana,fresh
5109606,5053,89.40,841.95,68.95,0.437,4.115,0.337,banana,fresh
5110618,5054,89.45,841.90,69.00,0.437,4.115,0.337,banana,fresh
5111628,5055,89.45,841.95,69.00,0.437,4.115,0.337,banana,fresh
5112639,5056,89.40,841.90,69.00,0.437,4.115,0.337,banana,fresh
5113651,5057,89.30,842.00,69.00,0.436,4.115,0.337,banana,fresh
5114661,5058,89.40,842.00,69.00,0.437,4.115,0.337,banana,fresh
5115672,5059,89.35,842.00,69.00,0.437,4.115,0.337,banana,fresh
5116684,5060,89.25,841.90,69.00,0.436,4.115,0.337,banana,fresh
5117694,5061,89.45,841.90,69.00,0.437,4.115,0.337,banana,fresh
5118705,5062,89.10,841.95,69.05,0.435,4.115,0.337,banana,fresh
5119717,5063,89.15,841.95,69.00,0.436,4.115,0.337,banana,fresh
5120728,5064,89.35,842.00,69.00,0.437,4.115,0.337,banana,fresh
5121738,5065,89.30,842.00,69.00,0.436,4.115,0.337,banana,fresh
5122750,5066,89.40,841.95,69.00,0.437,4.115,0.337,banana,fresh
5123761,5067,89.45,842.00,69.00,0.437,4.115,0.337,banana,fresh
5124771,5068,89.30,842.00,69.00,0.436,4.115,0.337,banana,fresh
5125783,5069,89.35,842.00,69.00,0.437,4.115,0.337,banana,fresh
5126794,5070,89.35,841.95,69.00,0.437,4.115,0.337,banana,fresh
5127804,5071,89.45,842.00,69.00,0.437,4.115,0.337,banana,fresh
5128816,5072,89.25,842.00,69.00,0.436,4.115,0.337,banana,fresh
5129827,5073,89.40,841.95,69.00,0.437,4.115,0.337,banana,fresh
5130838,5074,89.35,842.00,69.00,0.437,4.115,0.337,banana,fresh
5131848,5075,89.40,842.00,69.00,0.437,4.115,0.337,banana,fresh
5132860,5076,89.35,841.95,69.05,0.437,4.115,0.337,banana,fresh
5133871,5077,89.45,841.90,69.00,0.437,4.115,0.337,banana,fresh
5134881,5078,89.30,842.00,69.00,0.436,4.115,0.337,banana,fresh
5135893,5079,89.35,842.00,69.00,0.437,4.115,0.337,banana,fresh
5136904,5080,89.35,841.95,69.00,0.437,4.115,0.337,banana,fresh
5137914,5081,89.35,842.05,68.95,0.437,4.116,0.337,banana,fresh
5138926,5082,89.40,842.00,69.00,0.437,4.115,0.337,banana,fresh
5139937,5083,89.35,842.00,69.00,0.437,4.115,0.337,banana,fresh
5140947,5084,89.25,842.00,69.00,0.436,4.115,0.337,banana,fresh
5141959,5085,89.45,842.00,68.95,0.437,4.115,0.337,banana,fresh
5142970,5086,89.35,842.00,69.00,0.437,4.115,0.337,banana,fresh
5143981,5087,89.60,842.00,69.05,0.438,4.115,0.337,banana,fresh
5144992,5088,89.50,842.00,69.00,0.437,4.115,0.337,banana,fresh
5146003,5089,89.60,842.05,69.00,0.438,4.116,0.337,banana,fresh
5147014,5090,89.50,842.10,69.05,0.437,4.116,0.337,banana,fresh
5148025,5091,89.30,842.00,69.00,0.436,4.115,0.337,banana,fresh
5149036,5092,89.45,842.00,69.00,0.437,4.115,0.337,banana,fresh
5150047,5093,89.30,842.00,69.00,0.436,4.115,0.337,banana,fresh
5151058,5094,89.40,842.00,68.95,0.437,4.115,0.337,banana,fresh
5152069,5095,89.15,842.00,69.05,0.436,4.115,0.337,banana,fresh
5153080,5096,89.25,842.00,69.00,0.436,4.115,0.337,banana,fresh
5154092,5097,89.45,842.00,69.00,0.437,4.115,0.337,banana,fresh
5155102,5098,89.40,842.00,69.00,0.437,4.115,0.337,banana,fresh
5156113,5099,89.55,842.00,68.95,0.438,4.115,0.337,banana,fresh
5157125,5100,89.35,841.95,69.00,0.437,4.115,0.337,banana,fresh
5158135,5101,89.35,842.00,68.95,0.437,4.115,0.337,banana,fresh
5159146,5102,89.45,842.00,69.05,0.437,4.115,0.337,banana,fresh
5160158,5103,89.30,842.00,68.95,0.436,4.115,0.337,banana,fresh
5161168,5104,89.50,842.00,69.00,0.437,4.115,0.337,banana,fresh
5162179,5105,89.40,842.00,69.00,0.437,4.115,0.337,banana,fresh
5163191,5106,89.40,842.00,69.00,0.437,4.115,0.337,banana,fresh
5164201,5107,89.30,842.00,69.05,0.436,4.115,0.337,banana,fresh
5165212,5108,89.45,842.05,69.05,0.437,4.116,0.337,banana,fresh
5166224,5109,89.25,842.00,69.00,0.436,4.115,0.337,banana,fresh
5167235,5110,89.10,842.00,69.00,0.435,4.115,0.337,banana,fresh
5168245,5111,89.45,842.00,69.00,0.437,4.115,0.337,banana,fresh
5169257,5112,89.40,842.00,68.95,0.437,4.115,0.337,banana,fresh
5170268,5113,89.25,842.00,69.05,0.436,4.115,0.337,banana,fresh
5171278,5114,89.50,842.05,69.00,0.437,4.116,0.337,banana,fresh
5172290,5115,89.60,842.05,69.00,0.438,4.116,0.337,banana,fresh
5173301,5116,89.45,842.00,69.00,0.437,4.115,0.337,banana,fresh
5174311,5117,89.35,842.00,69.05,0.437,4.115,0.337,banana,fresh
5175323,5118,89.45,842.00,69.05,0.437,4.115,0.337,banana,fresh
5176334,5119,89.40,842.00,69.00,0.437,4.115,0.337,banana,fresh
5177345,5120,89.35,842.05,69.00,0.437,4.116,0.337,banana,fresh
5178356,5121,89.45,842.00,69.00,0.437,4.115,0.337,banana,fresh
5179367,5122,89.40,842.00,69.00,0.437,4.115,0.337,banana,fresh
5180378,5123,89.45,842.00,69.05,0.437,4.115,0.337,banana,fresh
5181389,5124,89.50,842.00,69.00,0.437,4.115,0.337,banana,fresh
5182400,5125,89.25,842.00,69.00,0.436,4.115,0.337,banana,fresh
5183411,5126,89.45,842.05,69.05,0.437,4.116,0.337,banana,fresh
5184422,5127,89.45,842.10,69.00,0.437,4.116,0.337,banana,fresh
5185433,5128,89.50,842.00,69.00,0.437,4.115,0.337,banana,fresh
5186444,5129,89.45,842.05,68.95,0.437,4.116,0.337,banana,fresh
5187456,5130,89.50,842.10,69.00,0.437,4.116,0.337,banana,fresh
5188466,5131,89.30,842.10,69.00,0.436,4.116,0.337,banana,fresh
5189477,5132,89.30,842.05,69.05,0.436,4.116,0.337,banana,fresh
5190489,5133,89.40,842.00,69.00,0.437,4.115,0.337,banana,fresh
5191499,5134,89.35,842.00,69.00,0.437,4.115,0.337,banana,fresh
5192510,5135,89.35,842.00,69.00,0.437,4.115,0.337,banana,fresh
5193522,5136,89.30,842.05,69.00,0.436,4.116,0.337,banana,fresh
5194532,5137,89.30,842.05,69.00,0.436,4.116,0.337,banana,fresh
5195543,5138,89.40,842.05,69.00,0.437,4.116,0.337,banana,fresh
5196555,5139,89.45,842.00,69.00,0.437,4.115,0.337,banana,fresh
5197565,5140,89.55,842.00,69.00,0.438,4.115,0.337,banana,fresh
5198576,5141,89.30,842.10,69.00,0.436,4.116,0.337,banana,fresh
5199588,5142,89.25,842.10,69.00,0.436,4.116,0.337,banana,fresh
5200599,5143,89.40,842.10,69.00,0.437,4.116,0.337,banana,fresh
5201609,5144,89.20,842.00,69.00,0.436,4.115,0.337,banana,fresh
5202621,5145,89.45,842.15,69.00,0.437,4.116,0.337,banana,fresh
5203632,5146,89.65,842.05,69.00,0.438,4.116,0.337,banana,fresh
5204642,5147,89.60,842.05,68.90,0.438,4.116,0.337,banana,fresh
5205654,5148,89.45,842.15,69.10,0.437,4.116,0.338,banana,fresh
5206665,5149,89.35,842.05,69.00,0.437,4.116,0.337,banana,fresh
5207676,5150,89.40,842.15,69.05,0.437,4.116,0.337,banana,fresh
5208687,5151,89.45,842.10,69.00,0.437,4.116,0.337,banana,fresh
5209698,5152,89.40,842.05,69.00,0.437,4.116,0.337,banana,fresh
5210710,5153,89.50,842.05,69.00,0.437,4.116,0.337,banana,fresh
5211720,5154,89.30,842.15,69.00,0.436,4.116,0.337,banana,fresh
5212731,5155,89.45,842.05,69.00,0.437,4.116,0.337,banana,fresh
5213743,5156,89.50,842.20,69.00,0.437,4.116,0.337,banana,fresh
5214753,5157,89.20,842.10,69.00,0.436,4.116,0.337,banana,fresh
5215764,5158,89.30,842.10,69.05,0.436,4.116,0.337,banana,fresh
5216776,5159,89.25,842.20,69.00,0.436,4.116,0.337,banana,fresh
5217786,5160,89.40,842.25,69.00,0.437,4.117,0.337,banana,fresh
5218797,5161,89.55,842.20,69.00,0.438,4.116,0.337,banana,fresh
5219809,5162,89.50,842.40,69.00,0.437,4.117,0.337,banana,fresh
5220819,5163,89.45,842.30,69.05,0.437,4.117,0.337,banana,fresh
5221830,5164,89.40,842.15,68.95,0.437,4.116,0.337,banana,fresh
5222842,5165,89.30,842.25,69.00,0.436,4.117,0.337,banana,fresh
5223853,5166,89.40,842.15,69.00,0.437,4.116,0.337,banana,fresh
5224863,5167,89.40,842.25,69.00,0.437,4.117,0.337,banana,fresh
5225875,5168,89.45,842.20,69.00,0.437,4.116,0.337,banana,fresh
5226886,5169,89.65,842.20,69.00,0.438,4.116,0.337,banana,fresh
5227896,5170,89.30,842.20,69.00,0.436,4.116,0.337,banana,fresh
5228908,5171,89.35,842.20,69.00,0.437,4.116,0.337,banana,fresh
5229919,5172,89.60,842.20,69.00,0.438,4.116,0.337,banana,fresh
5230929,5173,89.40,842.55,69.00,0.437,4.118,0.337,banana,fresh
5231941,5174,89.45,842.30,68.95,0.437,4.117,0.337,banana,fresh
5232952,5175,89.55,842.35,68.90,0.438,4.117,0.337,banana,fresh
5233963,5176,89.40,842.15,69.05,0.437,4.116,0.337,banana,fresh
5234974,5177,89.55,842.35,68.95,0.438,4.117,0.337,banana,fresh
5235985,5178,89.50,842.15,69.00,0.437,4.116,0.337,banana,fresh
5236996,5179,89.40,842.10,69.05,0.437,4.116,0.337,banana,fresh
5238007,5180,89.40,842.20,69.00,0.437,4.116,0.337,banana,fresh
5239018,5181,89.45,842.25,69.00,0.437,4.117,0.337,banana,fresh
5240029,5182,89.25,842.10,69.00,0.436,4.116,0.337,banana,fresh
5241040,5183,89.40,842.20,69.00,0.437,4.116,0.337,banana,fresh
5242051,5184,89.35,842.20,69.00,0.437,4.116,0.337,banana,fresh
5243062,5185,89.55,842.30,68.95,0.438,4.117,0.337,banana,fresh
5244073,5186,89.45,842.35,69.00,0.437,4.117,0.337,banana,fresh
5245084,5187,89.40,842.30,69.05,0.437,4.117,0.337,banana,fresh
5246095,5188,89.55,842.30,69.00,0.438,4.117,0.337,banana,fresh
5247107,5189,89.35,842.40,69.00,0.437,4.117,0.337,banana,fresh
5248117,5190,89.45,842.35,69.00,0.437,4.117,0.337,banana,fresh
5249128,5191,89.50,842.35,69.00,0.437,4.117,0.337,banana,fresh
5250140,5192,89.45,842.50,69.00,0.437,4.118,0.337,banana,fresh
5251150,5193,89.40,842.50,69.00,0.437,4.118,0.337,banana,fresh
5252161,5194,89.55,842.55,68.95,0.438,4.118,0.337,banana,fresh
5253173,5195,89.50,842.40,68.95,0.437,4.117,0.337,banana,fresh
5254183,5196,89.60,842.30,69.00,0.438,4.117,0.337,banana,fresh
5255194,5197,89.55,842.20,69.00,0.438,4.116,0.337,banana,fresh
5256206,5198,89.40,842.35,68.90,0.437,4.117,0.337,banana,fresh
5257217,5199,89.55,842.50,68.95,0.438,4.118,0.337,banana,fresh
5258227,5200,89.25,842.40,69.00,0.436,4.117,0.337,banana,fresh
5259239,5201,89.50,842.45,69.00,0.437,4.118,0.337,banana,fresh
5260250,5202,89.55,842.50,69.00,0.438,4.118,0.337,banana,fresh
5261260,5203,89.35,842.30,69.00,0.437,4.117,0.337,banana,fresh
5262272,5204,89.45,842.45,69.00,0.437,4.118,0.337,banana,fresh
5263283,5205,89.55,842.45,69.00,0.438,4.118,0.337,banana,fresh
5264293,5206,89.45,842.50,69.00,0.437,4.118,0.337,banana,fresh
5265305,5207,89.65,842.50,69.00,0.438,4.118,0.337,banana,fresh
5266316,5208,89.35,842.55,69.00,0.437,4.118,0.337,banana,fresh
5267326,5209,89.65,842.55,69.00,0.438,4.118,0.337,banana,fresh
5268338,5210,89.35,842.40,69.00,0.437,4.117,0.337,banana,fresh
5269349,5211,89.45,842.60,69.00,0.437,4.118,0.337,banana,fresh
5270360,5212,89.45,842.60,69.00,0.437,4.118,0.337,banana,fresh
5271371,5213,89.55,842.45,69.00,0.438,4.118,0.337,banana,fresh
5272382,5214,89.35,842.40,69.00,0.437,4.117,0.337,banana,fresh
5273393,5215,89.25,842.50,68.95,0.436,4.118,0.337,banana,fresh
5274404,5216,89.25,842.65,69.00,0.436,4.119,0.337,banana,fresh
5275415,5217,89.40,842.35,69.00,0.437,4.117,0.337,banana,fresh
5276426,5218,89.45,842.50,69.00,0.437,4.118,0.337,banana,fresh
5277437,5219,89.50,842.40,69.00,0.437,4.117,0.337,banana,fresh
5278448,5220,89.40,842.80,69.00,0.437,4.119,0.337,banana,fresh
5279459,5221,89.30,842.60,68.95,0.436,4.118,0.337,banana,fresh
5280471,5222,89.55,842.55,69.00,0.438,4.118,0.337,banana,fresh
5281481,5223,89.20,842.75,69.00,0.436,4.119,0.337,banana,fresh
5282492,5224,89.45,842.35,69.00,0.437,4.117,0.337,banana,fresh
5283504,5225,89.55,842.55,69.00,0.438,4.118,0.337,banana,fresh
5284514,5226,89.30,842.50,69.00,0.436,4.118,0.337,banana,fresh
5285525,5227,89.35,842.75,69.00,0.437,4.119,0.337,banana,fresh
5286537,5228,89.45,842.40,69.00,0.437,4.117,0.337,banana,fresh
5287547,5229,89.40,842.55,69.00,0.437,4.118,0.337,banana,fresh
5288558,5230,89.55,842.70,69.00,0.438,4.119,0.337,banana,fresh
5289570,5231,89.55,842.75,68.95,0.438,4.119,0.337,banana,fresh
5290580,5232,89.45,842.70,69.00,0.437,4.119,0.337,banana,fresh
5291591,5233,89.50,842.60,69.00,0.437,4.118,0.337,banana,fresh
5292603,5234,89.55,842.65,69.00,0.438,4.119,0.337,banana,fresh
5293614,5235,89.55,842.60,69.00,0.438,4.118,0.337,banana,fresh
5294624,5236,89.65,842.70,69.00,0.438,4.119,0.337,banana,fresh
5295636,5237,89.45,842.50,69.00,0.437,4.118,0.337,banana,fresh
5296647,5238,89.50,842.55,68.95,0.437,4.118,0.337,banana,fresh
5297657,5239,89.55,842.55,69.00,0.438,4.118,0.337,banana,fresh
5298669,5240,89.45,842.45,69.00,0.437,4.118,0.337,banana,fresh
5299680,5241,89.55,842.75,69.00,0.438,4.119,0.337,banana,fresh
5300690,5242,89.55,842.65,69.00,0.438,4.119,0.337,banana,fresh
5301702,5243,89.50,842.45,68.95,0.437,4.118,0.337,banana,fresh
5302713,5244,89.50,842.75,69.00,0.437,4.119,0.337,banana,fresh
5303724,5245,89.55,842.85,68.95,0.438,4.120,0.337,banana,fresh
5304735,5246,89.50,842.60,68.95,0.437,4.118,0.337,banana,fresh
5305746,5247,89.35,842.55,69.00,0.437,4.118,0.337,banana,fresh
5306757,5248,89.50,842.55,68.95,0.437,4.118,0.337,banana,fresh
5307768,5249,89.50,842.55,69.00,0.437,4.118,0.337,banana,fresh
5308779,5250,89.35,842.70,69.00,0.437,4.119,0.337,banana,fresh
5309790,5251,89.45,842.50,69.00,0.437,4.118,0.337,banana,fresh
5310801,5252,89.60,842.50,69.00,0.438,4.118,0.337,banana,fresh
5311812,5253,89.60,842.70,69.00,0.438,4.119,0.337,banana,fresh
5312823,5254,89.60,842.60,69.00,0.438,4.118,0.337,banana,fresh
5313835,5255,89.65,842.75,69.00,0.438,4.119,0.337,banana,fresh
5314845,5256,89.55,842.80,69.00,0.438,4.119,0.337,banana,fresh
5315856,5257,89.60,842.60,69.00,0.438,4.118,0.337,banana,fresh
5316868,5258,89.40,842.70,69.00,0.437,4.119,0.337,banana,fresh
5317878,5259,89.40,842.45,68.95,0.437,4.118,0.337,banana,fresh
5318890,5260,89.55,842.50,69.00,0.438,4.118,0.337,banana,fresh
5319901,5261,89.30,842.45,69.00,0.436,4.118,0.337,banana,fresh
5320911,5262,89.45,842.50,69.00,0.437,4.118,0.337,banana,fresh
5321923,5263,89.55,842.65,68.90,0.438,4.119,0.337,banana,fresh
5322934,5264,89.45,842.90,69.00,0.437,4.120,0.337,banana,fresh
5323944,5265,89.45,842.60,69.00,0.437,4.118,0.337,banana,fresh
5324956,5266,89.25,842.60,68.90,0.436,4.118,0.337,banana,fresh
5325967,5267,89.45,842.65,68.90,0.437,4.119,0.337,banana,fresh
5326978,5268,89.40,842.75,69.00,0.437,4.119,0.337,banana,fresh
5327989,5269,89.40,842.70,69.00,0.437,4.119,0.337,banana,fresh
5329000,5270,89.45,842.60,68.95,0.437,4.118,0.337,banana,fresh
5330011,5271,89.60,842.55,69.00,0.438,4.118,0.337,banana,fresh
5331022,5272,89.30,842.70,69.00,0.436,4.119,0.337,banana,fresh
5332033,5273,89.45,842.60,68.90,0.437,4.118,0.337,banana,fresh
5333044,5274,89.40,842.80,68.95,0.437,4.119,0.337,banana,fresh
5334055,5275,89.35,842.70,68.95,0.437,4.119,0.337,banana,fresh
5335066,5276,89.65,842.80,69.00,0.438,4.119,0.337,banana,fresh
5336077,5277,89.70,842.90,69.00,0.438,4.120,0.337,banana,fresh
5337089,5278,89.60,842.80,68.95,0.438,4.119,0.337,banana,fresh
5338099,5279,89.35,842.85,69.00,0.437,4.120,0.337,banana,fresh
5339110,5280,89.50,842.80,68.95,0.437,4.119,0.337,banana,fresh
5340122,5281,89.50,842.80,68.95,0.437,4.119,0.337,banana,fresh
5341132,5282,89.50,842.95,69.00,0.437,4.120,0.337,banana,fresh
5342143,5283,89.35,842.80,68.95,0.437,4.119,0.337,banana,fresh
5343155,5284,89.70,842.85,68.95,0.438,4.120,0.337,banana,fresh
5344165,5285,89.65,842.90,68.95,0.438,4.120,0.337,banana,fresh
5345176,5286,89.50,842.80,69.00,0.437,4.119,0.337,banana,fresh
5346188,5287,89.55,842.90,69.00,0.438,4.120,0.337,banana,fresh
5347198,5288,89.55,842.95,69.00,0.438,4.120,0.337,banana,fresh
5348209,5289,89.55,842.95,69.00,0.438,4.120,0.337,banana,fresh
5349221,5290,89.45,842.90,68.95,0.437,4.120,0.337,banana,fresh
5350232,5291,89.65,842.85,69.00,0.438,4.120,0.337,banana,fresh
5351242,5292,89.45,842.90,69.00,0.437,4.120,0.337,banana,fresh
5352254,5293,89.50,842.95,69.00,0.437,4.120,0.337,banana,fresh
5353265,5294,89.45,842.85,69.00,0.437,4.120,0.337,banana,fresh
5354275,5295,89.70,842.90,69.00,0.438,4.120,0.337,banana,fresh
5355287,5296,89.40,842.85,69.00,0.437,4.120,0.337,banana,fresh
5356298,5297,89.60,842.85,69.00,0.438,4.120,0.337,banana,fresh
5357308,5298,89.55,842.95,68.95,0.438,4.120,0.337,banana,fresh
5358320,5299,89.60,842.80,69.00,0.438,4.119,0.337,banana,fresh
5359331,5300,89.35,842.85,69.00,0.437,4.120,0.337,banana,fresh
5360342,5301,89.55,842.95,69.00,0.438,4.120,0.337,banana,fresh
5361353,5302,89.40,842.80,69.00,0.437,4.119,0.337,banana,fresh
5362364,5303,89.40,842.90,69.00,0.437,4.120,0.337,banana,fresh
5363375,5304,89.70,842.95,68.90,0.438,4.120,0.337,banana,fresh
5364386,5305,89.50,842.95,68.85,0.437,4.120,0.337,banana,fresh
5365397,5306,89.25,843.00,68.95,0.436,4.120,0.337,banana,fresh
5366408,5307,89.20,842.95,69.00,0.436,4.120,0.337,banana,fresh
5367419,5308,89.50,842.90,69.00,0.437,4.120,0.337,banana,fresh
5368430,5309,89.50,843.00,69.00,0.437,4.120,0.337,banana,fresh
5369441,5310,89.55,842.95,68.95,0.438,4.120,0.337,banana,fresh
5370452,5311,89.50,843.00,69.00,0.437,4.120,0.337,banana,fresh
5371463,5312,89.70,843.00,69.00,0.438,4.120,0.337,banana,fresh
5372474,5313,89.60,842.95,68.95,0.438,4.120,0.337,banana,fresh
5373486,5314,89.45,843.00,68.90,0.437,4.120,0.337,banana,fresh
5374496,5315,89.50,843.00,69.00,0.437,4.120,0.337,banana,fresh
5375507,5316,89.55,843.00,68.95,0.438,4.120,0.337,banana,fresh
5376519,5317,89.55,842.95,69.00,0.438,4.120,0.337,banana,fresh
5377529,5318,89.55,842.95,69.00,0.438,4.120,0.337,banana,fresh
5378540,5319,89.30,842.95,69.00,0.436,4.120,0.337,banana,fresh
5379552,5320,89.85,843.00,69.00,0.439,4.120,0.337,banana,fresh
5380562,5321,89.60,842.95,69.00,0.438,4.120,0.337,banana,fresh
5381573,5322,89.55,842.95,69.00,0.438,4.120,0.337,banana,fresh
5382584,5323,89.45,843.00,68.95,0.437,4.120,0.337,banana,fresh
5383596,5324,89.40,843.00,68.85,0.437,4.120,0.337,banana,fresh
5384606,5325,89.50,842.95,69.00,0.437,4.120,0.337,banana,fresh
5385617,5326,89.55,843.00,69.00,0.438,4.120,0.337,banana,fresh
5386629,5327,89.50,842.95,68.90,0.437,4.120,0.337,banana,fresh
5387639,5328,89.50,842.95,68.95,0.437,4.120,0.337,banana,fresh
5388650,5329,89.60,842.95,69.00,0.438,4.120,0.337,banana,fresh
5389662,5330,89.45,843.00,69.00,0.437,4.120,0.337,banana,fresh
5390672,5331,89.60,843.00,69.00,0.438,4.120,0.337,banana,fresh
5391683,5332,89.65,843.00,68.90,0.438,4.120,0.337,banana,fresh
5392695,5333,89.60,843.05,68.90,0.438,4.120,0.337,banana,fresh
5393705,5334,89.45,843.00,69.00,0.437,4.120,0.337,banana,fresh
5394716,5335,89.65,842.95,68.95,0.438,4.120,0.337,banana,fresh
5395728,5336,89.70,843.00,69.00,0.438,4.120,0.337,banana,fresh
5396739,5337,89.55,843.00,68.95,0.438,4.120,0.337,banana,fresh
5397749,5338,89.60,843.05,68.90,0.438,4.120,0.337,banana,fresh
5398761,5339,89.50,843.00,68.95,0.437,4.120,0.337,banana,fresh
5399772,5340,89.45,843.00,68.90,0.437,4.120,0.337,banana,fresh
5400782,5341,89.45,843.00,68.90,0.437,4.120,0.337,banana,fresh
5401794,5342,89.60,843.05,69.00,0.438,4.120,0.337,banana,fresh
5402805,5343,89.65,843.00,68.90,0.438,4.120,0.337,banana,fresh
5403815,5344,89.40,843.00,68.85,0.437,4.120,0.337,banana,fresh
5404827,5345,89.60,842.95,68.85,0.438,4.120,0.337,banana,fresh
5405838,5346,89.40,843.00,68.90,0.437,4.120,0.337,banana,fresh
5406849,5347,89.50,843.00,69.00,0.437,4.120,0.337,banana,fresh
5407860,5348,89.50,842.95,68.90,0.437,4.120,0.337,banana,fresh
5408871,5349,89.65,843.00,68.85,0.438,4.120,0.337,banana,fresh
5409882,5350,89.50,843.00,68.90,0.437,4.120,0.337,banana,fresh
5410893,5351,89.50,843.00,68.80,0.437,4.120,0.336,banana,fresh
5411904,5352,89.55,843.00,68.90,0.438,4.120,0.337,banana,fresh
5412915,5353,89.60,843.00,68.95,0.438,4.120,0.337,banana,fresh
5413926,5354,89.50,843.00,68.95,0.437,4.120,0.337,banana,fresh
5414937,5355,89.65,843.00,69.00,0.438,4.120,0.337,banana,fresh
5415948,5356,89.45,843.00,68.85,0.437,4.120,0.337,banana,fresh
5416960,5357,89.60,843.00,68.90,0.438,4.120,0.337,banana,fresh
5417970,5358,89.65,843.00,68.95,0.438,4.120,0.337,banana,fresh
5418981,5359,89.60,843.00,68.75,0.438,4.120,0.336,banana,fresh
5419993,5360,89.55,843.05,68.90,0.438,4.120,0.337,banana,fresh
5421003,5361,89.65,843.00,69.00,0.438,4.120,0.337,banana,fresh
5422014,5362,89.55,843.00,68.80,0.438,4.120,0.336,banana,fresh
5423026,5363,89.45,843.00,68.90,0.437,4.120,0.337,banana,fresh
5424036,5364,89.70,843.00,68.85,0.438,4.120,0.337,banana,fresh
5425047,5365,89.60,843.00,69.00,0.438,4.120,0.337,banana,fresh
5426059,5366,89.40,843.00,68.80,0.437,4.120,0.336,banana,fresh
5427069,5367,89.65,843.00,68.80,0.438,4.120,0.336,banana,fresh
5428080,5368,89.45,843.00,68.95,0.437,4.120,0.337,banana,fresh
5429092,5369,89.60,843.00,68.95,0.438,4.120,0.337,banana,fresh
5430103,5370,89.55,843.00,68.85,0.438,4.120,0.337,banana,fresh
5431113,5371,89.50,843.05,68.90,0.437,4.120,0.337,banana,fresh
5432125,5372,89.55,843.00,68.95,0.438,4.120,0.337,banana,fresh
5433136,5373,89.45,843.00,68.90,0.437,4.120,0.337,banana,fresh
5434146,5374,89.50,843.10,68.95,0.437,4.121,0.337,banana,fresh
5435158,5375,89.55,843.00,68.95,0.438,4.120,0.337,banana,fresh
5436169,5376,89.50,843.05,68.95,0.437,4.120,0.337,banana,fresh
5437179,5377,89.50,843.00,69.00,0.437,4.120,0.337,banana,fresh
5438191,5378,89.65,843.00,69.00,0.438,4.120,0.337,banana,fresh
5439202,5379,89.50,843.00,68.85,0.437,4.120,0.337,banana,fresh
5440212,5380,89.75,843.00,68.90,0.439,4.120,0.337,banana,fresh
5441224,5381,89.25,843.05,68.85,0.436,4.120,0.337,banana,fresh
5442235,5382,89.60,843.05,68.90,0.438,4.120,0.337,banana,fresh
5443246,5383,89.55,843.00,68.95,0.438,4.120,0.337,banana,fresh
5444257,5384,89.35,843.05,68.95,0.437,4.120,0.337,banana,fresh
5445268,5385,89.70,843.05,69.00,0.438,4.120,0.337,banana,fresh
5446279,5386,89.45,843.05,69.00,0.437,4.120,0.337,banana,fresh
5447290,5387,89.45,843.15,68.95,0.437,4.121,0.337,banana,fresh
5448301,5388,89.65,843.05,68.85,0.438,4.120,0.337,banana,fresh
5449312,5389,89.60,843.00,68.95,0.438,4.120,0.337,banana,fresh
5450323,5390,89.50,843.00,69.00,0.437,4.120,0.337,banana,fresh
5451334,5391,89.60,843.15,68.95,0.438,4.121,0.337,banana,fresh
5452345,5392,89.50,843.20,69.00,0.437,4.121,0.337,banana,fresh
5453357,5393,89.45,843.15,68.90,0.437,4.121,0.337,banana,fresh
5454367,5394,89.60,843.20,69.00,0.438,4.121,0.337,banana,fresh
5455378,5395,89.55,843.05,68.95,0.438,4.120,0.337,banana,fresh
5456390,5396,89.50,843.05,69.00,0.437,4.120,0.337,banana,fresh
5457400,5397,89.65,843.15,69.00,0.438,4.121,0.337,banana,fresh
5458411,5398,89.60,843.20,69.00,0.438,4.121,0.337,banana,fresh
5459423,5399,89.65,843.15,68.95,0.438,4.121,0.337,banana,fresh
5460433,5400,89.65,843.10,69.00,0.438,4.121,0.337,banana,fresh
5461444,5401,89.65,843.15,68.90,0.438,4.121,0.337,banana,fresh
5462456,5402,89.60,843.20,68.85,0.438,4.121,0.337,banana,fresh
5463467,5403,89.70,843.25,69.00,0.438,4.121,0.337,banana,fresh
5464477,5404,89.75,843.15,68.85,0.439,4.121,0.337,banana,fresh
5465489,5405,89.70,843.20,68.95,0.438,4.121,0.337,banana,fresh
5466500,5406,89.60,843.25,69.00,0.438,4.121,0.337,banana,fresh
5467510,5407,89.65,843.15,68.95,0.438,4.121,0.337,banana,fresh
5468522,5408,89.75,843.40,68.95,0.439,4.122,0.337,banana,fresh
5469533,5409,89.65,843.30,68.95,0.438,4.122,0.337,banana,fresh
5470543,5410,89.55,843.15,68.95,0.438,4.121,0.337,banana,fresh
5471555,5411,89.65,843.15,69.00,0.438,4.121,0.337,banana,fresh
5472566,5412,89.65,843.35,69.00,0.438,4.122,0.337,banana,fresh
5473576,5413,89.55,843.20,69.00,0.438,4.121,0.337,banana,fresh
5474588,5414,89.55,843.40,69.00,0.438,4.122,0.337,banana,fresh
5475599,5415,89.55,843.40,69.00,0.438,4.122,0.337,banana,fresh
5476610,5416,89.85,843.20,68.95,0.439,4.121,0.337,banana,fresh
5477621,5417,89.60,843.25,68.90,0.438,4.121,0.337,banana,fresh
5478632,5418,89.70,843.45,69.00,0.438,4.122,0.337,banana,fresh
5479643,5419,89.75,843.30,69.00,0.439,4.122,0.337,banana,fresh
5480654,5420,89.55,843.40,69.00,0.438,4.122,0.337,banana,fresh
5481665,5421,89.65,843.70,69.00,0.438,4.124,0.337,banana,fresh
5482676,5422,89.65,843.50,68.95,0.438,4.123,0.337,banana,fresh
5483687,5423,89.65,843.55,69.00,0.438,4.123,0.337,banana,fresh
5484698,5424,89.80,843.55,69.00,0.439,4.123,0.337,banana,fresh
5485709,5425,89.70,843.50,69.00,0.438,4.123,0.337,banana,fresh
5486721,5426,89.75,843.60,69.00,0.439,4.123,0.337,banana,fresh
5487731,5427,89.60,843.70,69.00,0.438,4.124,0.337,banana,fresh
5488742,5428,89.60,843.40,69.00,0.438,4.122,0.337,banana,fresh
5489754,5429,89.60,843.65,69.05,0.438,4.123,0.337,banana,fresh
5490764,5430,89.70,843.75,69.00,0.438,4.124,0.337,banana,fresh
5491775,5431,89.60,843.60,69.00,0.438,4.123,0.337,banana,fresh
5492787,5432,89.65,843.85,69.00,0.438,4.124,0.337,banana,fresh
5493797,5433,89.50,843.75,69.00,0.437,4.124,0.337,banana,fresh
5494808,5434,89.65,843.90,69.00,0.438,4.125,0.337,banana,fresh
5495820,5435,89.70,843.75,69.00,0.438,4.124,0.337,banana,fresh
5496830,5436,89.70,843.90,69.05,0.438,4.125,0.337,banana,fresh
5497841,5437,89.60,843.75,69.00,0.438,4.124,0.337,banana,fresh
5498853,5438,89.65,843.85,69.00,0.438,4.124,0.337,banana,fresh
5499864,5439,89.70,843.90,69.00,0.438,4.125,0.337,banana,fresh
5500874,5440,89.85,843.75,69.00,0.439,4.124,0.337,banana,fresh
5501886,5441,89.60,843.80,69.00,0.438,4.124,0.337,banana,fresh
5502897,5442,89.60,843.85,68.95,0.438,4.124,0.337,banana,fresh
5503907,5443,89.90,843.90,69.00,0.439,4.125,0.337,banana,fresh
5504919,5444,89.65,843.90,69.00,0.438,4.125,0.337,banana,fresh
5505930,5445,89.60,843.90,69.05,0.438,4.125,0.337,banana,fresh
5506941,5446,89.80,843.90,69.05,0.439,4.125,0.337,banana,fresh
5507952,5447,89.80,843.90,69.00,0.439,4.125,0.337,banana,fresh
5508963,5448,89.80,843.95,69.10,0.439,4.125,0.338,banana,fresh
5509975,5449,89.80,843.95,69.00,0.439,4.125,0.337,banana,fresh
5510985,5450,89.60,843.90,69.10,0.438,4.125,0.338,banana,fresh
5511996,5451,89.75,844.00,69.05,0.439,4.125,0.337,banana,fresh
5513008,5452,89.80,843.90,69.05,0.439,4.125,0.337,banana,fresh
5514018,5453,89.90,843.95,69.00,0.439,4.125,0.337,banana,fresh
5515029,5454,89.70,843.90,69.00,0.438,4.125,0.337,banana,fresh
5516041,5455,89.90,844.00,69.00,0.439,4.125,0.337,banana,fresh
5517051,5456,89.70,844.00,69.00,0.438,4.125,0.337,banana,fresh
5518062,5457,89.65,844.00,69.10,0.438,4.125,0.338,banana,fresh
5519073,5458,89.80,844.00,69.00,0.439,4.125,0.337,banana,fresh
5520084,5459,89.70,843.90,69.00,0.438,4.125,0.337,banana,fresh
5521095,5460,89.80,844.00,69.05,0.439,4.125,0.337,banana,fresh
5522106,5461,89.80,843.95,69.05,0.439,4.125,0.337,banana,fresh
5523118,5462,89.75,844.00,69.05,0.439,4.125,0.337,banana,fresh
5524128,5463,89.65,843.90,69.00,0.438,4.125,0.337,banana,fresh
5525139,5464,89.90,843.95,69.00,0.439,4.125,0.337,banana,fresh
5526151,5465,89.65,844.00,69.00,0.438,4.125,0.337,banana,fresh
5527161,5466,89.85,844.00,69.05,0.439,4.125,0.337,banana,fresh
5528172,5467,89.75,844.00,69.00,0.439,4.125,0.337,banana,fresh
5529184,5468,89.90,844.00,69.00,0.439,4.125,0.337,banana,fresh
5530194,5469,89.70,843.95,69.05,0.438,4.125,0.337,banana,fresh
5531205,5470,89.70,844.00,69.00,0.438,4.125,0.337,banana,fresh
5532217,5471,89.65,843.95,69.00,0.438,4.125,0.337,banana,fresh
5533228,5472,89.75,843.95,69.00,0.439,4.125,0.337,banana,fresh
5534238,5473,89.85,844.00,69.05,0.439,4.125,0.337,banana,fresh
5535250,5474,89.80,844.00,69.00,0.439,4.125,0.337,banana,fresh
5536261,5475,89.75,844.00,69.05,0.439,4.125,0.337,banana,fresh
5537271,5476,89.80,844.00,69.00,0.439,4.125,0.337,banana,fresh
5538283,5477,89.70,844.00,69.05,0.438,4.125,0.337,banana,fresh
5539294,5478,89.80,844.00,69.00,0.439,4.125,0.337,banana,fresh
5540304,5479,89.85,843.95,69.10,0.439,4.125,0.338,banana,fresh
5541316,5480,89.95,844.00,69.05,0.440,4.125,0.337,banana,fresh
5542327,5481,89.70,844.05,69.00,0.438,4.125,0.337,banana,fresh
5543337,5482,89.55,844.00,69.00,0.438,4.125,0.337,banana,fresh
5544349,5483,89.50,844.00,69.00,0.437,4.125,0.337,banana,fresh
5545360,5484,89.80,844.00,69.05,0.439,4.125,0.337,banana,fresh
5546371,5485,89.80,843.95,69.05,0.439,4.125,0.337,banana,fresh
5547382,5486,89.65,844.05,69.05,0.438,4.125,0.337,banana,fresh
5548393,5487,89.50,844.00,69.00,0.437,4.125,0.337,banana,fresh
5549404,5488,89.75,844.00,69.00,0.439,4.125,0.337,banana,fresh
5550415,5489,89.60,844.00,69.05,0.438,4.125,0.337,banana,fresh
5551426,5490,89.70,844.00,69.05,0.438,4.125,0.337,banana,fresh
5552437,5491,89.80,844.00,69.05,0.439,4.125,0.337,banana,fresh
5553448,5492,89.70,844.00,69.05,0.438,4.125,0.337,banana,fresh
5554459,5493,89.70,844.00,69.05,0.438,4.125,0.337,banana,fresh
5555470,5494,89.80,844.00,69.10,0.439,4.125,0.338,banana,fresh
5556482,5495,89.75,844.00,69.10,0.439,4.125,0.338,banana,fresh
5557492,5496,89.55,844.00,69.10,0.438,4.125,0.338,banana,fresh
5558503,5497,89.50,844.00,69.10,0.437,4.125,0.338,banana,fresh
5559514,5498,89.70,844.00,69.00,0.438,4.125,0.337,banana,fresh
5560525,5499,89.70,844.05,69.00,0.438,4.125,0.337,banana,fresh
5561536,5500,89.85,844.00,69.05,0.439,4.125,0.337,banana,fresh
5562547,5501,89.65,844.00,69.05,0.438,4.125,0.337,banana,fresh
5563558,5502,89.85,844.00,69.00,0.439,4.125,0.337,banana,fresh
5564569,5503,89.75,844.00,69.00,0.439,4.125,0.337,banana,fresh
5565580,5504,89.75,844.00,69.05,0.439,4.125,0.337,banana,fresh
5566592,5505,89.80,844.00,69.00,0.439,4.125,0.337,banana,fresh
5567602,5506,89.55,844.05,69.00,0.438,4.125,0.337,banana,fresh
5568613,5507,89.75,844.05,69.00,0.439,4.125,0.337,banana,fresh
5569625,5508,89.85,844.00,69.00,0.439,4.125,0.337,banana,fresh
5570635,5509,89.75,844.00,69.00,0.439,4.125,0.337,banana,fresh
5571646,5510,89.85,844.00,69.05,0.439,4.125,0.337,banana,fresh
5572658,5511,89.75,844.05,69.00,0.439,4.125,0.337,banana,fresh
5573668,5512,89.80,844.00,69.05,0.439,4.125,0.337,banana,fresh
5574679,5513,89.90,844.00,69.00,0.439,4.125,0.337,banana,fresh
5575691,5514,89.90,844.05,68.90,0.439,4.125,0.337,banana,fresh
5576701,5515,89.60,844.05,69.00,0.438,4.125,0.337,banana,fresh
5577712,5516,89.60,844.00,69.00,0.438,4.125,0.337,banana,fresh
5578724,5517,89.80,844.00,69.00,0.439,4.125,0.337,banana,fresh
5579735,5518,89.60,844.05,69.00,0.438,4.125,0.337,banana,fresh
5580745,5519,89.60,844.05,69.05,0.438,4.125,0.337,banana,fresh
5581757,5520,89.60,844.00,69.10,0.438,4.125,0.338,banana,fresh
5582768,5521,89.60,844.00,69.00,0.438,4.125,0.337,banana,fresh
5583778,5522,89.75,844.05,69.00,0.439,4.125,0.337,banana,fresh
5584790,5523,89.75,844.00,69.00,0.439,4.125,0.337,banana,fresh
5585801,5524,89.85,844.00,69.05,0.439,4.125,0.337,banana,fresh
5586811,5525,89.70,844.00,69.00,0.438,4.125,0.337,banana,fresh
5587823,5526,89.75,844.00,69.00,0.439,4.125,0.337,banana,fresh
5588834,5527,89.55,844.05,69.00,0.438,4.125,0.337,banana,fresh
5589844,5528,89.50,844.00,69.00,0.437,4.125,0.337,banana,fresh
5590856,5529,89.85,844.00,69.00,0.439,4.125,0.337,banana,fresh
5591867,5530,89.75,843.95,69.00,0.439,4.125,0.337,banana,fresh
5592878,5531,89.75,844.10,69.00,0.439,4.126,0.337,banana,fresh
5593889,5532,89.60,844.20,69.00,0.438,4.126,0.337,banana,fresh
5594900,5533,89.80,844.00,69.00,0.439,4.125,0.337,banana,fresh
5595911,5534,89.70,844.00,69.00,0.438,4.125,0.337,banana,fresh
5596922,5535,89.85,844.10,69.00,0.439,4.126,0.337,banana,fresh
5597933,5536,89.75,844.10,69.05,0.439,4.126,0.337,banana,fresh
5598944,5537,89.85,844.00,69.00,0.439,4.125,0.337,banana,fresh
5599955,5538,89.70,844.05,69.05,0.438,4.125,0.337,banana,fresh
5600966,5539,89.75,844.05,69.05,0.439,4.125,0.337,banana,fresh
5601977,5540,89.75,844.05,69.00,0.439,4.125,0.337,banana,fresh
5602989,5541,89.70,844.10,69.05,0.438,4.126,0.337,banana,fresh
5603999,5542,89.75,844.05,69.05,0.439,4.125,0.337,banana,fresh
5605010,5543,89.70,844.25,69.00,0.438,4.126,0.337,banana,fresh
5606022,5544,89.65,844.10,69.00,0.438,4.126,0.337,banana,fresh
5607032,5545,89.80,844.05,69.00,0.439,4.125,0.337,banana,fresh
5608043,5546,89.75,844.15,69.00,0.439,4.126,0.337,banana,fresh
5609055,5547,89.90,844.20,69.10,0.439,4.126,0.338,banana,fresh
5610065,5548,89.80,844.00,69.10,0.439,4.125,0.338,banana,fresh
5611076,5549,89.75,844.05,69.00,0.439,4.125,0.337,banana,fresh
5612088,5550,89.65,844.10,69.00,0.438,4.126,0.337,banana,fresh
5613099,5551,89.80,844.15,69.00,0.439,4.126,0.337,banana,fresh
5614109,5552,89.80,844.10,69.05,0.439,4.126,0.337,banana,fresh
5615121,5553,89.60,844.20,69.00,0.438,4.126,0.337,banana,fresh
5616132,5554,89.80,844.15,69.05,0.439,4.126,0.337,banana,fresh
5617142,5555,89.55,844.20,69.05,0.438,4.126,0.337,banana,fresh
5618154,5556,89.75,844.05,69.00,0.439,4.125,0.337,banana,fresh
5619165,5557,89.80,844.30,69.05,0.439,4.127,0.337,banana,fresh
5620175,5558,89.75,844.30,69.00,0.439,4.127,0.337,banana,fresh
5621187,5559,89.75,844.25,69.05,0.439,4.126,0.337,banana,fresh
5622198,5560,89.75,844.35,69.00,0.439,4.127,0.337,banana,fresh
5623208,5561,89.90,844.30,69.10,0.439,4.127,0.338,banana,fresh
5624220,5562,89.85,844.40,69.00,0.439,4.127,0.337,banana,fresh
5625231,5563,89.90,844.45,69.00,0.439,4.127,0.337,banana,fresh
5626242,5564,89.90,844.35,69.05,0.439,4.127,0.337,banana,fresh
5627253,5565,89.80,844.50,69.05,0.439,4.128,0.337,banana,fresh
5628264,5566,89.85,844.30,69.10,0.439,4.127,0.338,banana,fresh
5629275,5567,89.85,844.45,69.00,0.439,4.127,0.337,banana,fresh
5630286,5568,89.90,844.45,69.00,0.439,4.127,0.337,banana,fresh
5631297,5569,89.70,844.30,69.10,0.438,4.127,0.338,banana,fresh
5632308,5570,89.90,844.35,69.05,0.439,4.127,0.337,banana,fresh
5633319,5571,89.90,844.60,69.10,0.439,4.128,0.338,banana,fresh
5634330,5572,89.80,844.55,69.15,0.439,4.128,0.338,banana,fresh
5635341,5573,89.90,844.55,69.10,0.439,4.128,0.338,banana,fresh
5636353,5574,89.70,844.65,69.05,0.438,4.128,0.337,banana,fresh
5637363,5575,89.90,844.55,69.00,0.439,4.128,0.337,banana,fresh
5638374,5576,89.90,844.60,69.00,0.439,4.128,0.337,banana,fresh
5639386,5577,89.85,844.65,69.05,0.439,4.128,0.337,banana,fresh
5640396,5578,89.95,844.70,69.10,0.440,4.129,0.338,banana,fresh
5641407,5579,89.85,844.70,69.10,0.439,4.129,0.338,banana,fresh
5642419,5580,89.95,844.90,69.20,0.440,4.130,0.338,banana,fresh
5643429,5581,89.85,844.60,69.00,0.439,4.128,0.337,banana,fresh
5644440,5582,89.80,844.80,69.15,0.439,4.129,0.338,banana,fresh
5645452,5583,89.95,844.80,69.10,0.440,4.129,0.338,banana,fresh
5646462,5584,89.95,844.80,69.20,0.440,4.129,0.338,banana,fresh
5647473,5585,89.95,844.85,69.15,0.440,4.129,0.338,banana,fresh
5648485,5586,90.00,844.85,69.05,0.440,4.129,0.337,banana,fresh
5649496,5587,89.95,844.70,69.10,0.440,4.129,0.338,banana,fresh
5650506,5588,89.95,844.85,69.15,0.440,4.129,0.338,banana,fresh
5651518,5589,89.90,844.85,69.05,0.439,4.129,0.337,banana,fresh
5652529,5590,89.90,844.75,69.15,0.439,4.129,0.338,banana,fresh
5653540,5591,89.90,844.65,69.20,0.439,4.128,0.338,banana,fresh
5654551,5592,89.90,844.85,69.15,0.439,4.129,0.338,banana,fresh
5655562,5593,89.95,844.75,69.15,0.440,4.129,0.338,banana,fresh
5656573,5594,90.00,844.80,69.15,0.440,4.129,0.338,banana,fresh
5657584,5595,90.00,844.95,69.05,0.440,4.130,0.337,banana,fresh
5658595,5596,89.95,844.80,69.10,0.440,4.129,0.338,banana,fresh
5659606,5597,90.00,844.90,69.15,0.440,4.130,0.338,banana,fresh
5660617,5598,89.80,844.80,69.15,0.439,4.129,0.338,banana,fresh
5661628,5599,89.90,844.80,69.15,0.439,4.129,0.338,banana,fresh
5662639,5600,89.95,844.85,69.05,0.440,4.129,0.337,banana,fresh
5663650,5601,89.90,844.80,69.25,0.439,4.129,0.338,banana,fresh
5664661,5602,89.95,844.85,69.20,0.440,4.129,0.338,banana,fresh
5665673,5603,90.00,844.95,69.15,0.440,4.130,0.338,banana,fresh
5666683,5604,90.00,844.85,69.05,0.440,4.129,0.337,banana,fresh
5667694,5605,89.95,844.95,69.15,0.440,4.130,0.338,banana,fresh
5668706,5606,90.00,844.85,69.10,0.440,4.129,0.338,banana,fresh
5669716,5607,89.90,844.95,69.20,0.439,4.130,0.338,banana,fresh
5670727,5608,90.00,844.95,69.15,0.440,4.130,0.338,banana,fresh
5671738,5609,90.00,844.95,69.10,0.440,4.130,0.338,banana,fresh
5672750,5610,90.00,845.00,69.20,0.440,4.130,0.338,banana,fresh
5673760,5611,90.00,845.00,69.25,0.440,4.130,0.338,banana,fresh
5674771,5612,90.00,845.00,69.15,0.440,4.130,0.338,banana,fresh
5675783,5613,90.00,845.00,69.25,0.440,4.130,0.338,banana,fresh
5676793,5614,89.95,844.85,69.25,0.440,4.129,0.338,banana,fresh
5677804,5615,90.00,844.90,69.20,0.440,4.130,0.338,banana,fresh
5678816,5616,90.00,845.00,69.10,0.440,4.130,0.338,banana,fresh
5679826,5617,90.00,844.95,69.05,0.440,4.130,0.337,banana,fresh
5680837,5618,90.00,844.95,69.20,0.440,4.130,0.338,banana,fresh
5681849,5619,89.95,845.00,69.20,0.440,4.130,0.338,banana,fresh
5682860,5620,89.95,845.00,69.10,0.440,4.130,0.338,banana,fresh
5683870,5621,90.00,845.00,69.20,0.440,4.130,0.338,banana,fresh
5684882,5622,90.00,845.00,69.30,0.440,4.130,0.339,banana,fresh
5685893,5623,90.00,844.95,69.15,0.440,4.130,0.338,banana,fresh
5686903,5624,90.00,845.00,69.20,0.440,4.130,0.338,banana,fresh
5687915,5625,90.00,845.00,69.30,0.440,4.130,0.339,banana,fresh
5688926,5626,89.95,845.00,69.20,0.440,4.130,0.338,banana,fresh
5689936,5627,90.00,845.00,69.40,0.440,4.130,0.339,banana,fresh
5690948,5628,90.00,844.95,69.35,0.440,4.130,0.339,banana,fresh
5691959,5629,90.00,845.00,69.50,0.440,4.130,0.340,banana,fresh
5692969,5630,90.00,845.00,69.15,0.440,4.130,0.338,banana,fresh
5693980,5631,89.95,845.00,69.30,0.440,4.130,0.339,banana,fresh
5694992,5632,90.00,845.00,69.25,0.440,4.130,0.338,banana,fresh
5696003,5633,90.05,845.00,69.35,0.440,4.130,0.339,banana,fresh
5697013,5634,90.00,845.05,69.25,0.440,4.130,0.338,banana,fresh
5698025,5635,90.00,845.00,69.20,0.440,4.130,0.338,banana,fresh
5699036,5636,90.00,845.00,69.40,0.440,4.130,0.339,banana,fresh
5700046,5637,90.00,845.00,69.15,0.440,4.130,0.338,banana,fresh
5701058,5638,90.00,845.00,69.40,0.440,4.130,0.339,banana,fresh
5702069,5639,90.00,845.05,69.45,0.440,4.130,0.339,banana,fresh
5703079,5640,90.00,845.00,69.25,0.440,4.130,0.338,banana,fresh
5704091,5641,90.00,845.00,69.30,0.440,4.130,0.339,banana,fresh
5705102,5642,90.05,845.05,69.45,0.440,4.130,0.339,banana,fresh
5706113,5643,90.00,845.00,69.50,0.440,4.130,0.340,banana,fresh
5707124,5644,90.05,845.00,69.35,0.440,4.130,0.339,banana,fresh
5708135,5645,90.00,845.00,69.55,0.440,4.130,0.340,banana,fresh
5709146,5646,90.05,845.05,69.40,0.440,4.130,0.339,banana,fresh
5710156,5647,90.00,845.00,69.55,0.440,4.130,0.340,banana,fresh
5711168,5648,90.00,845.15,69.30,0.440,4.131,0.339,banana,fresh
5712179,5649,90.05,845.10,69.25,0.440,4.130,0.338,banana,fresh
5713189,5650,90.05,845.10,69.30,0.440,4.130,0.339,banana,fresh
5714201,5651,90.00,845.05,69.35,0.440,4.130,0.339,banana,fresh
5715212,5652,90.00,845.15,69.70,0.440,4.131,0.341,banana,fresh
5716222,5653,90.15,845.10,69.50,0.441,4.130,0.340,banana,fresh
5717234,5654,90.00,845.15,69.50,0.440,4.131,0.340,banana,fresh
5718245,5655,90.05,845.15,69.50,0.440,4.131,0.340,banana,fresh
5719256,5656,90.00,845.05,69.50,0.440,4.130,0.340,banana,fresh
5720267,5657,90.05,845.25,69.45,0.440,4.131,0.339,banana,fresh
5721278,5658,90.05,845.05,69.40,0.440,4.130,0.339,banana,fresh
5722289,5659,90.00,845.05,69.50,0.440,4.130,0.340,banana,fresh
5723300,5660,90.05,845.05,69.30,0.440,4.130,0.339,banana,fresh
5724311,5661,90.00,845.15,69.35,0.440,4.131,0.339,banana,fresh
5725322,5662,90.25,845.15,69.50,0.441,4.131,0.340,banana,fresh
5726333,5663,90.15,845.10,69.45,0.441,4.130,0.339,banana,fresh
5727344,5664,90.00,845.10,69.55,0.440,4.130,0.340,banana,fresh
5728355,5665,90.10,845.05,69.40,0.440,4.130,0.339,banana,fresh
5729367,5666,90.10,845.20,69.55,0.440,4.131,0.340,banana,fresh
5730377,5667,90.00,845.25,69.45,0.440,4.131,0.339,banana,fresh
5731388,5668,90.20,845.20,69.60,0.441,4.131,0.340,banana,fresh
5732400,5669,90.00,845.10,69.35,0.440,4.130,0.339,banana,fresh
5733410,5670,90.05,845.15,69.70,0.440,4.131,0.341,banana,fresh
5734421,5671,90.00,845.40,69.50,0.440,4.132,0.340,banana,fresh
5735433,5672,90.10,845.25,69.70,0.440,4.131,0.341,banana,fresh
5736443,5673,90.15,845.30,69.50,0.441,4.131,0.340,banana,fresh
5737454,5674,90.10,845.15,69.35,0.440,4.131,0.339,banana,fresh
5738466,5675,90.05,845.00,69.50,0.440,4.130,0.340,banana,fresh
5739476,5676,90.10,845.35,69.45,0.440,4.132,0.339,banana,fresh
5740487,5677,90.25,845.25,69.30,0.441,4.131,0.339,banana,fresh
5741499,5678,90.05,845.15,69.50,0.440,4.131,0.340,banana,fresh
5742510,5679,90.05,845.05,69.45,0.440,4.130,0.339,banana,fresh
5743520,5680,90.15,845.25,69.55,0.441,4.131,0.340,banana,fresh
5744532,5681,90.15,845.30,69.40,0.441,4.131,0.339,banana,fresh
5745543,5682,90.10,845.15,69.50,0.440,4.131,0.340,banana,fresh
5746554,5683,90.05,845.15,69.45,0.440,4.131,0.339,banana,fresh
5747565,5684,90.15,845.15,69.50,0.441,4.131,0.340,banana,fresh
5748576,5685,90.10,845.10,69.60,0.440,4.130,0.340,banana,fresh
5749587,5686,90.10,845.15,69.75,0.440,4.131,0.341,banana,fresh
5750598,5687,90.10,845.35,69.30,0.440,4.132,0.339,banana,fresh
5751609,5688,90.15,845.35,69.65,0.441,4.132,0.340,banana,fresh
5752621,5689,90.05,845.30,69.55,0.440,4.131,0.340,banana,fresh
5753631,5690,90.15,845.10,69.55,0.441,4.130,0.340,banana,fresh
5754642,5691,90.05,845.40,69.65,0.440,4.132,0.340,banana,fresh
5755654,5692,90.25,845.40,69.70,0.441,4.132,0.341,banana,fresh
5756664,5693,90.10,845.35,69.60,0.440,4.132,0.340,banana,fresh
5757675,5694,90.30,845.45,69.60,0.441,4.132,0.340,banana,fresh
5758687,5695,90.15,845.35,69.70,0.441,4.132,0.341,banana,fresh
5759697,5696,90.15,845.45,69.45,0.441,4.132,0.339,banana,fresh
5760708,5697,90.10,845.45,69.55,0.440,4.132,0.340,banana,fresh
5761720,5698,90.25,845.45,69.65,0.441,4.132,0.340,banana,fresh
5762731,5699,90.30,845.35,69.40,0.441,4.132,0.339,banana,fresh
5763741,5700,90.15,845.35,69.55,0.441,4.132,0.340,banana,fresh
5764753,5701,90.40,845.45,69.60,0.442,4.132,0.340,banana,fresh
5765764,5702,90.15,845.50,69.55,0.441,4.132,0.340,banana,fresh
5766774,5703,90.15,845.40,69.55,0.441,4.132,0.340,banana,fresh
5767786,5704,90.15,845.45,69.65,0.441,4.132,0.340,banana,fresh
5768797,5705,90.15,845.45,69.75,0.441,4.132,0.341,banana,fresh
5769807,5706,90.10,845.45,69.65,0.440,4.132,0.340,banana,fresh
5770819,5707,90.10,845.50,69.65,0.440,4.132,0.340,banana,fresh
5771830,5708,90.45,845.40,69.65,0.442,4.132,0.340,banana,fresh
5772840,5709,90.35,845.75,69.55,0.442,4.134,0.340,banana,fresh
5773852,5710,90.25,845.45,69.55,0.441,4.132,0.340,banana,fresh
5774863,5711,90.30,845.65,69.55,0.441,4.133,0.340,banana,fresh
5775874,5712,90.25,845.25,69.75,0.441,4.131,0.341,banana,fresh
5776885,5713,90.35,845.55,69.75,0.442,4.133,0.341,banana,fresh
5777896,5714,90.40,845.55,69.70,0.442,4.133,0.341,banana,fresh
5778907,5715,90.25,845.70,69.65,0.441,4.133,0.340,banana,fresh
5779918,5716,90.20,845.40,69.70,0.441,4.132,0.341,banana,fresh
5780929,5717,90.35,845.45,69.55,0.442,4.132,0.340,banana,fresh
5781941,5718,90.10,845.80,69.80,0.440,4.134,0.341,banana,fresh
5782951,5719,90.40,845.60,69.50,0.442,4.133,0.340,banana,fresh
5783962,5720,90.20,845.65,69.85,0.441,4.133,0.341,banana,fresh
5784974,5721,90.25,845.55,69.80,0.441,4.133,0.341,banana,fresh
5785985,5722,90.35,845.60,69.45,0.442,4.133,0.339,banana,fresh
5786995,5723,90.40,845.60,69.85,0.442,4.133,0.341,banana,fresh
5788007,5724,90.45,845.55,69.85,0.442,4.133,0.341,banana,fresh
5789018,5725,90.60,845.55,69.75,0.443,4.133,0.341,banana,fresh
5790028,5726,90.25,845.65,69.80,0.441,4.133,0.341,banana,fresh
5791040,5727,90.45,845.55,69.65,0.442,4.133,0.340,banana,fresh
5792051,5728,90.35,845.65,69.70,0.442,4.133,0.341,banana,fresh
5793061,5729,90.40,845.70,69.70,0.442,4.133,0.341,banana,fresh
5794073,5730,90.40,845.65,69.50,0.442,4.133,0.340,banana,fresh
5795084,5731,90.20,845.80,69.90,0.441,4.134,0.342,banana,fresh
5796094,5732,90.35,845.70,69.85,0.442,4.133,0.341,banana,fresh
5797106,5733,90.35,845.80,69.85,0.442,4.134,0.341,banana,fresh
5798117,5734,90.30,845.65,69.60,0.441,4.133,0.340,banana,fresh
5799128,5735,90.30,845.55,69.75,0.441,4.133,0.341,banana,fresh
5800139,5736,90.35,845.75,69.90,0.442,4.134,0.342,banana,fresh
5801150,5737,90.60,845.75,69.75,0.443,4.134,0.341,banana,fresh
5802161,5738,90.40,845.85,69.85,0.442,4.134,0.341,banana,fresh
5803172,5739,90.45,845.75,69.85,0.442,4.134,0.341,banana,fresh
5804183,5740,90.40,845.85,69.65,0.442,4.134,0.340,banana,fresh
5805194,5741,90.50,845.65,69.65,0.442,4.133,0.340,banana,fresh
5806205,5742,90.35,845.85,69.70,0.442,4.134,0.341,banana,fresh
5807216,5743,90.60,845.85,69.65,0.443,4.134,0.340,banana,fresh
5808227,5744,90.65,845.75,69.65,0.443,4.134,0.340,banana,fresh
5809239,5745,90.45,845.80,69.80,0.442,4.134,0.341,banana,fresh
5810249,5746,90.60,845.70,69.75,0.443,4.133,0.341,banana,fresh
5811260,5747,90.60,845.95,69.70,0.443,4.135,0.341,banana,fresh
5812272,5748,90.55,845.80,69.70,0.443,4.134,0.341,banana,fresh
5813282,5749,90.50,845.85,69.80,0.442,4.134,0.341,banana,fresh
5814293,5750,90.40,845.95,69.80,0.442,4.135,0.341,banana,fresh
5815305,5751,90.40,845.90,69.80,0.442,4.134,0.341,banana,fresh
5816315,5752,90.50,845.90,69.60,0.442,4.134,0.340,banana,fresh
5817326,5753,90.55,845.90,69.75,0.443,4.134,0.341,banana,fresh
5818338,5754,90.60,845.90,69.80,0.443,4.134,0.341,banana,fresh
5819348,5755,90.60,845.75,69.70,0.443,4.134,0.341,banana,fresh
5820359,5756,90.50,845.95,69.75,0.442,4.135,0.341,banana,fresh
5821371,5757,90.90,845.85,69.70,0.444,4.134,0.341,banana,fresh
5822382,5758,90.55,845.90,69.90,0.443,4.134,0.342,banana,fresh
5823392,5759,90.70,845.95,69.85,0.443,4.135,0.341,banana,fresh
5824404,5760,90.70,845.90,69.90,0.443,4.134,0.342,banana,fresh
5825415,5761,90.60,845.90,69.75,0.443,4.134,0.341,banana,fresh
5826426,5762,90.70,845.85,69.80,0.443,4.134,0.341,banana,fresh
5827437,5763,90.50,845.90,69.85,0.442,4.134,0.341,banana,fresh
5828448,5764,90.55,845.85,69.85,0.443,4.134,0.341,banana,fresh
5829459,5765,90.55,845.95,69.85,0.443,4.135,0.341,banana,fresh
5830470,5766,90.75,845.95,69.75,0.444,4.135,0.341,banana,fresh
5831481,5767,90.70,845.95,69.85,0.443,4.135,0.341,banana,fresh
5832493,5768,90.60,845.95,69.70,0.443,4.135,0.341,banana,fresh
5833503,5769,90.75,845.95,69.70,0.444,4.135,0.341,banana,fresh
5834514,5770,90.60,845.95,69.85,0.443,4.135,0.341,banana,fresh
5835526,5771,90.65,846.00,69.80,0.443,4.135,0.341,banana,fresh
5836536,5772,90.65,845.90,69.90,0.443,4.134,0.342,banana,fresh
5837547,5773,90.95,846.00,69.80,0.445,4.135,0.341,banana,fresh
5838559,5774,90.80,845.85,70.00,0.444,4.134,0.342,banana,fresh
5839569,5775,90.80,845.95,69.90,0.444,4.135,0.342,banana,fresh
5840580,5776,90.65,845.95,69.85,0.443,4.135,0.341,banana,fresh
5841592,5777,90.65,845.95,69.65,0.443,4.135,0.340,banana,fresh
5842603,5778,90.70,846.00,69.90,0.443,4.135,0.342,banana,fresh
5843613,5779,90.75,845.95,69.70,0.444,4.135,0.341,banana,fresh
5844625,5780,90.80,846.00,69.80,0.444,4.135,0.341,banana,fresh
5845636,5781,90.85,846.00,69.80,0.444,4.135,0.341,banana,fresh
5846646,5782,90.80,846.00,69.70,0.444,4.135,0.341,banana,fresh
5847658,5783,90.85,845.95,69.85,0.444,4.135,0.341,banana,fresh
5848669,5784,90.80,845.95,69.80,0.444,4.135,0.341,banana,fresh
5849679,5785,90.65,846.00,69.85,0.443,4.135,0.341,banana,fresh
5850691,5786,90.75,846.00,69.85,0.444,4.135,0.341,banana,fresh
5851702,5787,90.75,845.90,69.95,0.444,4.134,0.342,banana,fresh
5852712,5788,90.80,846.00,69.75,0.444,4.135,0.341,banana,fresh
5853724,5789,90.75,846.00,69.90,0.444,4.135,0.342,banana,fresh
5854735,5790,90.75,845.95,69.75,0.444,4.135,0.341,banana,fresh
5855746,5791,90.85,845.95,69.90,0.444,4.135,0.342,banana,fresh
5856757,5792,90.90,846.00,69.80,0.444,4.135,0.341,banana,fresh
5857768,5793,90.65,846.00,69.70,0.443,4.135,0.341,banana,fresh
5858779,5794,90.80,846.00,69.75,0.444,4.135,0.341,banana,fresh
5859790,5795,90.85,846.00,69.90,0.444,4.135,0.342,banana,fresh
5860801,5796,90.85,845.95,69.95,0.444,4.135,0.342,banana,fresh
5861812,5797,90.80,845.95,69.90,0.444,4.135,0.342,banana,fresh
5862823,5798,90.75,846.00,69.90,0.444,4.135,0.342,banana,fresh
5863834,5799,90.85,846.00,69.65,0.444,4.135,0.340,banana,fresh
5864845,5800,90.70,845.95,69.80,0.443,4.135,0.341,banana,fresh
5865857,5801,90.90,846.00,69.90,0.444,4.135,0.342,banana,fresh
5866867,5802,90.95,846.00,69.90,0.445,4.135,0.342,banana,fresh
5867879,5803,90.95,845.95,69.90,0.445,4.135,0.342,banana,fresh
5868890,5804,90.80,846.00,69.80,0.444,4.135,0.341,banana,fresh
5869900,5805,90.95,846.00,69.85,0.445,4.135,0.341,banana,fresh
5870912,5806,90.80,846.00,69.70,0.444,4.135,0.341,banana,fresh
5871923,5807,90.95,846.00,69.85,0.445,4.135,0.341,banana,fresh
5872933,5808,90.90,846.00,69.85,0.444,4.135,0.341,banana,fresh
5873945,5809,90.85,846.00,69.85,0.444,4.135,0.341,banana,fresh
5874956,5810,90.85,846.00,69.65,0.444,4.135,0.340,banana,fresh
5875966,5811,90.90,846.00,69.80,0.444,4.135,0.341,banana,fresh
5876978,5812,90.85,846.00,69.90,0.444,4.135,0.342,banana,fresh
5877989,5813,90.95,846.00,69.85,0.445,4.135,0.341,banana,fresh
5879000,5814,90.95,846.00,69.85,0.445,4.135,0.341,banana,fresh
5880011,5815,90.80,846.00,69.85,0.444,4.135,0.341,banana,fresh
5881022,5816,90.85,846.05,69.80,0.444,4.135,0.341,banana,fresh
5882033,5817,91.00,846.00,69.75,0.445,4.135,0.341,banana,fresh
5883044,5818,91.00,845.95,69.80,0.445,4.135,0.341,banana,fresh
5884055,5819,90.80,846.00,69.75,0.444,4.135,0.341,banana,fresh
5885066,5820,90.85,846.00,69.70,0.444,4.135,0.341,banana,fresh
5886077,5821,90.95,846.00,69.75,0.445,4.135,0.341,banana,fresh
5887088,5822,90.85,846.00,69.80,0.444,4.135,0.341,banana,fresh
5888099,5823,90.90,846.00,69.95,0.444,4.135,0.342,banana,fresh
5889111,5824,90.90,846.00,69.75,0.444,4.135,0.341,banana,fresh
5890121,5825,90.95,846.00,69.85,0.445,4.135,0.341,banana,fresh
5891132,5826,90.85,846.00,69.80,0.444,4.135,0.341,banana,fresh
5892144,5827,90.80,846.00,69.80,0.444,4.135,0.341,banana,fresh
5893154,5828,90.90,846.05,69.85,0.444,4.135,0.341,banana,fresh
5894165,5829,90.90,846.05,69.80,0.444,4.135,0.341,banana,fresh
5895177,5830,90.90,846.00,69.85,0.444,4.135,0.341,banana,fresh
5896187,5831,90.80,846.00,69.65,0.444,4.135,0.340,banana,fresh
5897198,5832,90.90,846.00,69.70,0.444,4.135,0.341,banana,fresh
5898210,5833,90.95,846.00,69.70,0.445,4.135,0.341,banana,fresh
5899220,5834,90.80,846.00,69.65,0.444,4.135,0.340,banana,fresh
5900231,5835,90.90,846.00,69.70,0.444,4.135,0.341,banana,fresh
5901243,5836,91.00,846.00,69.95,0.445,4.135,0.342,banana,fresh
5902254,5837,91.00,846.00,69.65,0.445,4.135,0.340,banana,fresh
5903264,5838,91.00,846.05,69.70,0.445,4.135,0.341,banana,fresh
5904276,5839,90.90,846.00,69.80,0.444,4.135,0.341,banana,fresh
5905287,5840,90.90,846.00,69.70,0.444,4.135,0.341,banana,fresh
5906297,5841,90.85,846.00,69.70,0.444,4.135,0.341,banana,fresh
5907309,5842,90.95,845.95,69.75,0.445,4.135,0.341,banana,fresh
5908320,5843,91.00,846.00,69.70,0.445,4.135,0.341,banana,fresh
5909330,5844,90.90,846.00,69.70,0.444,4.135,0.341,banana,fresh
5910342,5845,91.00,846.05,69.70,0.445,4.135,0.341,banana,fresh
5911353,5846,91.00,846.00,69.65,0.445,4.135,0.340,banana,fresh
5912364,5847,90.90,846.00,69.80,0.444,4.135,0.341,banana,fresh
5913375,5848,90.85,846.00,69.60,0.444,4.135,0.340,banana,fresh
5914386,5849,90.90,846.00,69.70,0.444,4.135,0.341,banana,fresh
5915397,5850,91.00,846.00,69.65,0.445,4.135,0.340,banana,fresh
5916408,5851,90.95,846.00,69.70,0.445,4.135,0.341,banana,fresh
5917419,5852,91.00,846.00,69.65,0.445,4.135,0.340,banana,fresh
5918430,5853,90.90,846.00,69.60,0.444,4.135,0.340,banana,fresh
5919441,5854,90.95,846.00,69.65,0.445,4.135,0.340,banana,fresh
5920452,5855,90.90,846.00,69.65,0.444,4.135,0.340,banana,fresh
5921463,5856,91.00,846.00,69.75,0.445,4.135,0.341,banana,fresh
5922475,5857,90.95,846.00,69.75,0.445,4.135,0.341,banana,fresh
5923485,5858,91.00,846.00,69.60,0.445,4.135,0.340,banana,fresh
5924496,5859,91.00,846.00,69.45,0.445,4.135,0.339,banana,fresh
5925508,5860,90.90,846.00,69.55,0.444,4.135,0.340,banana,fresh
5926518,5861,91.00,846.00,69.70,0.445,4.135,0.341,banana,fresh
5927529,5862,91.00,846.00,69.75,0.445,4.135,0.341,banana,fresh
5928540,5863,90.90,845.95,69.80,0.444,4.135,0.341,banana,fresh
5929551,5864,91.00,846.00,69.60,0.445,4.135,0.340,banana,fresh
5930562,5865,91.00,846.00,69.55,0.445,4.135,0.340,banana,fresh
5931573,5866,90.90,845.95,69.80,0.444,4.135,0.341,banana,fresh
5932584,5867,90.85,846.00,69.55,0.444,4.135,0.340,banana,fresh
5933595,5868,91.00,846.00,69.65,0.445,4.135,0.340,banana,fresh
5934606,5869,90.95,846.00,69.50,0.445,4.135,0.340,banana,fresh
5935618,5870,91.00,846.00,69.45,0.445,4.135,0.339,banana,fresh
5936628,5871,90.85,846.00,69.45,0.444,4.135,0.339,banana,fresh
5937639,5872,91.00,845.95,69.70,0.445,4.135,0.341,banana,fresh
5938651,5873,91.00,846.00,69.60,0.445,4.135,0.340,banana,fresh
5939661,5874,90.95,846.05,69.40,0.445,4.135,0.339,banana,fresh
5940672,5875,91.00,846.00,69.65,0.445,4.135,0.340,banana,fresh
5941684,5876,90.90,846.00,69.65,0.444,4.135,0.340,banana,fresh
5942694,5877,90.90,846.00,69.45,0.444,4.135,0.339,banana,fresh
5943705,5878,91.00,846.00,69.55,0.445,4.135,0.340,banana,fresh
5944717,5879,91.00,846.00,69.55,0.445,4.135,0.340,banana,fresh
5945728,5880,90.95,845.95,69.40,0.445,4.135,0.339,banana,fresh
5946738,5881,90.85,846.00,69.40,0.444,4.135,0.339,banana,fresh
5947750,5882,90.95,846.05,69.30,0.445,4.135,0.339,banana,fresh
5948761,5883,90.95,846.00,69.55,0.445,4.135,0.340,banana,fresh
5949771,5884,90.90,846.00,69.35,0.444,4.135,0.339,banana,fresh
5950783,5885,90.90,846.00,69.50,0.444,4.135,0.340,banana,fresh
5951794,5886,90.90,846.05,69.55,0.444,4.135,0.340,banana,fresh
5952804,5887,91.00,846.00,69.50,0.445,4.135,0.340,banana,fresh
5953816,5888,91.00,846.00,69.60,0.445,4.135,0.340,banana,fresh
5954827,5889,90.95,846.00,69.40,0.445,4.135,0.339,banana,fresh
5955837,5890,90.85,846.00,69.40,0.444,4.135,0.339,banana,fresh
5956849,5891,91.00,846.00,69.45,0.445,4.135,0.339,banana,fresh
5957860,5892,90.95,845.95,69.35,0.445,4.135,0.339,banana,fresh
5958871,5893,90.90,846.00,69.60,0.444,4.135,0.340,banana,fresh
5959882,5894,91.00,845.95,69.50,0.445,4.135,0.340,banana,fresh
5960893,5895,90.85,846.00,69.35,0.444,4.135,0.339,banana,fresh
5961904,5896,90.95,846.00,69.50,0.445,4.135,0.340,banana,fresh
5962915,5897,91.00,846.00,69.25,0.445,4.135,0.338,banana,fresh
5963926,5898,90.95,846.00,69.35,0.445,4.135,0.339,banana,fresh
5964937,5899,91.00,846.00,69.40,0.445,4.135,0.339,banana,fresh
5965948,5900,90.95,846.00,69.50,0.445,4.135,0.340,banana,fresh
5966959,5901,91.00,845.95,69.40,0.445,4.135,0.339,banana,fresh
5967971,5902,91.00,846.00,69.35,0.445,4.135,0.339,banana,fresh
5968982,5903,91.00,846.00,69.65,0.445,4.135,0.340,banana,fresh
5969992,5904,90.95,846.00,69.50,0.445,4.135,0.340,banana,fresh
5971003,5905,91.00,846.00,69.45,0.445,4.135,0.339,banana,fresh
5972015,5906,91.00,846.00,69.45,0.445,4.135,0.339,banana,fresh
5973025,5907,91.00,846.00,69.40,0.445,4.135,0.339,banana,fresh
5974036,5908,91.00,845.95,69.40,0.445,4.135,0.339,banana,fresh
5975048,5909,91.00,846.00,69.35,0.445,4.135,0.339,banana,fresh
5976058,5910,90.95,846.00,69.35,0.445,4.135,0.339,banana,fresh
5977070,5911,91.05,846.00,69.30,0.445,4.135,0.339,banana,fresh
5978081,5912,91.00,846.00,69.40,0.445,4.135,0.339,banana,fresh
5979091,5913,91.00,845.95,69.30,0.445,4.135,0.339,banana,fresh
5980103,5914,90.95,846.00,69.40,0.445,4.135,0.339,banana,fresh
5981114,5915,91.00,845.95,69.30,0.445,4.135,0.339,banana,fresh
5982125,5916,90.95,846.00,69.30,0.445,4.135,0.339,banana,fresh
5983136,5917,91.00,846.00,69.50,0.445,4.135,0.340,banana,fresh
5984147,5918,90.95,846.00,69.20,0.445,4.135,0.338,banana,fresh
5985158,5919,90.90,846.00,69.30,0.444,4.135,0.339,banana,fresh
5986169,5920,90.95,846.05,69.50,0.445,4.135,0.340,banana,fresh
5987180,5921,91.05,846.00,69.30,0.445,4.135,0.339,banana,fresh
5988191,5922,91.00,846.00,69.30,0.445,4.135,0.339,banana,fresh
5989202,5923,91.00,846.00,69.30,0.445,4.135,0.339,banana,fresh
5990213,5924,91.00,846.00,69.30,0.445,4.135,0.339,banana,fresh
5991224,5925,90.95,846.00,69.35,0.445,4.135,0.339,banana,fresh
5992236,5926,90.95,846.00,69.25,0.445,4.135,0.338,banana,fresh
5993246,5927,90.90,845.95,69.30,0.444,4.135,0.339,banana,fresh
5994257,5928,91.00,845.95,69.25,0.445,4.135,0.338,banana,fresh
5995269,5929,90.90,846.00,69.25,0.444,4.135,0.338,banana,fresh
5996279,5930,90.95,846.00,69.30,0.445,4.135,0.339,banana,fresh
5997290,5931,91.00,845.95,69.15,0.445,4.135,0.338,banana,fresh
5998302,5932,91.00,846.00,69.35,0.445,4.135,0.339,banana,fresh
5999312,5933,90.90,846.00,69.35,0.444,4.135,0.339,banana,fresh
6000323,5934,91.00,846.00,69.20,0.445,4.135,0.338,banana,fresh
6001335,5935,91.00,846.00,69.45,0.445,4.135,0.339,banana,fresh
6002345,5936,90.90,846.00,69.15,0.444,4.135,0.338,banana,fresh
6003356,5937,90.90,846.00,69.20,0.444,4.135,0.338,banana,fresh
6004367,5938,90.95,846.00,69.35,0.445,4.135,0.339,banana,fresh
6005379,5939,90.95,845.95,69.25,0.445,4.135,0.338,banana,fresh
6006389,5940,91.00,846.00,69.10,0.445,4.135,0.338,banana,fresh
6007401,5941,90.95,846.00,69.15,0.445,4.135,0.338,banana,fresh
6008412,5942,90.85,846.00,69.25,0.444,4.135,0.338,banana,fresh
6009422,5943,90.95,846.00,69.25,0.445,4.135,0.338,banana,fresh
6010434,5944,91.05,845.95,69.15,0.445,4.135,0.338,banana,fresh
6011445,5945,91.00,846.00,69.25,0.445,4.135,0.338,banana,fresh
6012455,5946,91.00,846.00,69.20,0.445,4.135,0.338,banana,fresh
6013467,5947,90.90,846.00,69.25,0.444,4.135,0.338,banana,fresh
6014478,5948,91.00,845.90,69.05,0.445,4.134,0.337,banana,fresh
6015489,5949,91.00,845.90,69.20,0.445,4.134,0.338,banana,fresh
6016500,5950,90.90,846.05,69.10,0.444,4.135,0.338,banana,fresh
6017511,5951,90.95,846.00,69.15,0.445,4.135,0.338,banana,fresh
6018522,5952,91.00,846.00,69.20,0.445,4.135,0.338,banana,fresh
6019533,5953,90.95,846.00,69.20,0.445,4.135,0.338,banana,fresh
6020544,5954,90.95,846.00,69.05,0.445,4.135,0.337,banana,fresh
6021555,5955,91.00,846.00,69.20,0.445,4.135,0.338,banana,fresh
6022566,5956,91.00,846.00,69.00,0.445,4.135,0.337,banana,fresh
6023577,5957,90.95,846.00,69.00,0.445,4.135,0.337,banana,fresh
6024588,5958,90.90,846.00,69.30,0.444,4.135,0.339,banana,fresh
6025598,5959,91.00,846.00,69.10,0.445,4.135,0.338,banana,fresh
6026610,5960,91.00,846.00,69.15,0.445,4.135,0.338,banana,fresh
6027621,5961,90.90,846.00,69.25,0.444,4.135,0.338,banana,fresh
6028632,5962,90.85,846.00,69.10,0.444,4.135,0.338,banana,fresh
6029643,5963,90.85,846.00,69.10,0.444,4.135,0.338,banana,fresh
6030654,5964,90.90,846.00,69.20,0.444,4.135,0.338,banana,fresh
6031665,5965,90.90,845.95,69.20,0.444,4.135,0.338,banana,fresh
6032676,5966,90.95,846.00,69.15,0.445,4.135,0.338,banana,fresh
6033687,5967,91.00,846.00,69.05,0.445,4.135,0.337,banana,fresh
6034698,5968,91.00,846.00,69.00,0.445,4.135,0.337,banana,fresh
6035709,5969,91.00,845.95,69.15,0.445,4.135,0.338,banana,fresh
6036720,5970,90.90,846.00,69.10,0.444,4.135,0.338,banana,fresh
6037731,5971,90.95,846.00,69.10,0.445,4.135,0.338,banana,fresh
6038743,5972,90.95,846.00,69.05,0.445,4.135,0.337,banana,fresh
6039753,5973,90.95,845.95,69.05,0.445,4.135,0.337,banana,fresh
6040765,5974,90.90,846.00,69.10,0.444,4.135,0.338,banana,fresh
6041776,5975,90.95,846.00,69.10,0.445,4.135,0.338,banana,fresh
6042786,5976,91.00,845.90,69.10,0.445,4.134,0.338,banana,fresh
6043798,5977,90.85,846.00,69.10,0.444,4.135,0.338,banana,fresh
6044809,5978,90.95,846.05,69.10,0.445,4.135,0.338,banana,fresh
6045819,5979,90.95,846.00,69.15,0.445,4.135,0.338,banana,fresh
6046831,5980,90.95,845.95,69.20,0.445,4.135,0.338,banana,fresh
6047842,5981,90.90,846.00,69.20,0.444,4.135,0.338,banana,fresh
6048852,5982,90.85,845.95,69.00,0.444,4.135,0.337,banana,fresh
6049864,5983,90.80,845.95,69.05,0.444,4.135,0.337,banana,fresh
6050875,5984,90.90,846.00,69.10,0.444,4.135,0.338,banana,fresh
6051886,5985,91.00,846.00,69.10,0.445,4.135,0.338,banana,fresh
6052897,5986,90.90,845.95,69.00,0.444,4.135,0.337,banana,fresh
6053908,5987,90.85,846.00,69.05,0.444,4.135,0.337,banana,fresh
6054919,5988,90.95,846.00,69.00,0.445,4.135,0.337,banana,fresh
6055930,5989,91.00,845.95,69.15,0.445,4.135,0.338,banana,fresh
6056941,5990,90.90,846.00,69.10,0.444,4.135,0.338,banana,fresh
6057952,5991,90.90,846.00,69.00,0.444,4.135,0.337,banana,fresh
6058963,5992,91.00,846.00,69.05,0.445,4.135,0.337,banana,fresh
6059974,5993,90.95,845.95,69.00,0.445,4.135,0.337,banana,fresh
6060985,5994,90.90,846.00,69.05,0.444,4.135,0.337,banana,fresh
6061997,5995,90.90,846.00,69.05,0.444,4.135,0.337,banana,fresh
6063007,5996,90.90,845.95,69.15,0.444,4.135,0.338,banana,fresh
6064018,5997,90.95,846.00,69.10,0.445,4.135,0.338,banana,fresh
6065030,5998,90.80,845.95,69.05,0.444,4.135,0.337,banana,fresh
6066040,5999,90.85,846.00,69.05,0.444,4.135,0.337,banana,fresh
6067051,6000,90.90,846.00,69.05,0.444,4.135,0.337,banana,fresh
6068063,6001,90.95,846.00,69.10,0.445,4.135,0.338,banana,fresh
6069073,6002,90.95,845.95,69.15,0.445,4.135,0.338,banana,fresh
6070084,6003,90.90,846.00,69.10,0.444,4.135,0.338,banana,fresh
6071096,6004,90.90,845.95,69.05,0.444,4.135,0.337,banana,fresh
6072107,6005,90.95,846.00,69.10,0.445,4.135,0.338,banana,fresh
6073117,6006,90.95,846.00,69.10,0.445,4.135,0.338,banana,fresh
6074129,6007,90.80,846.00,69.05,0.444,4.135,0.337,banana,fresh
6075140,6008,90.95,846.00,69.00,0.445,4.135,0.337,banana,fresh
6076150,6009,90.90,846.00,69.10,0.444,4.135,0.338,banana,fresh
6077162,6010,90.85,845.95,69.00,0.444,4.135,0.337,banana,fresh
6078173,6011,90.90,845.95,69.05,0.444,4.135,0.337,banana,fresh
6079183,6012,90.80,845.95,69.15,0.444,4.135,0.338,banana,fresh
6080195,6013,90.95,845.95,69.05,0.445,4.135,0.337,banana,fresh
6081206,6014,90.95,846.00,69.00,0.445,4.135,0.337,banana,fresh
6082216,6015,90.85,845.95,69.10,0.444,4.135,0.338,banana,fresh
6083228,6016,90.85,845.95,69.00,0.444,4.135,0.337,banana,fresh
6084239,6017,90.85,846.00,69.00,0.444,4.135,0.337,banana,fresh
6085250,6018,90.90,845.95,69.05,0.444,4.135,0.337,banana,fresh
6086261,6019,90.85,845.95,69.00,0.444,4.135,0.337,banana,fresh
6087272,6020,90.75,846.05,69.00,0.444,4.135,0.337,banana,fresh
6088283,6021,90.85,846.00,69.05,0.444,4.135,0.337,banana,fresh
6089294,6022,90.80,845.95,69.00,0.444,4.135,0.337,banana,fresh
6090305,6023,90.70,845.90,69.05,0.443,4.134,0.337,banana,fresh
6091316,6024,90.90,846.00,69.00,0.444,4.135,0.337,banana,fresh
6092327,6025,90.85,845.90,68.95,0.444,4.134,0.337,banana,fresh
6093338,6026,90.85,845.90,69.00,0.444,4.134,0.337,banana,fresh
6094349,6027,90.80,846.00,69.00,0.444,4.135,0.337,banana,fresh
6095361,6028,90.85,845.95,69.05,0.444,4.135,0.337,banana,fresh
6096371,6029,90.80,846.00,69.05,0.444,4.135,0.337,banana,fresh
6097382,6030,90.80,846.05,69.00,0.444,4.135,0.337,banana,fresh
6098394,6031,90.70,845.95,69.00,0.443,4.135,0.337,banana,fresh
6099404,6032,90.70,845.95,69.10,0.443,4.135,0.338,banana,fresh
6100415,6033,90.85,845.90,69.05,0.444,4.134,0.337,banana,fresh
6101427,6034,90.90,846.00,69.00,0.444,4.135,0.337,banana,fresh
6102437,6035,90.70,846.00,69.05,0.443,4.135,0.337,banana,fresh
6103448,6036,90.65,846.00,69.05,0.443,4.135,0.337,banana,fresh
6104460,6037,90.75,845.95,69.00,0.444,4.135,0.337,banana,fresh
6105470,6038,90.55,846.00,69.05,0.443,4.135,0.337,banana,fresh
6106481,6039,90.80,846.00,69.00,0.444,4.135,0.337,banana,fresh
6107493,6040,90.75,846.00,69.00,0.444,4.135,0.337,banana,fresh
6108504,6041,90.85,846.00,69.05,0.444,4.135,0.337,banana,fresh
6109514,6042,90.65,846.00,69.05,0.443,4.135,0.337,banana,fresh
6110526,6043,90.55,845.95,69.05,0.443,4.135,0.337,banana,fresh
6111537,6044,90.70,846.00,69.00,0.443,4.135,0.337,banana,fresh
6112547,6045,90.70,845.95,69.05,0.443,4.135,0.337,banana,fresh
6113559,6046,90.85,845.95,69.00,0.444,4.135,0.337,banana,fresh
6114570,6047,90.70,846.00,69.05,0.443,4.135,0.337,banana,fresh
6115580,6048,90.65,845.90,69.00,0.443,4.134,0.337,banana,fresh
6116592,6049,90.70,845.95,69.00,0.443,4.135,0.337,banana,fresh
6117603,6050,90.75,846.00,69.00,0.444,4.135,0.337,banana,fresh
6118614,6051,90.45,846.00,69.00,0.442,4.135,0.337,banana,fresh
6119625,6052,90.50,846.00,69.05,0.442,4.135,0.337,banana,fresh
6120636,6053,90.65,845.95,69.00,0.443,4.135,0.337,banana,fresh
6121647,6054,90.75,845.90,69.00,0.444,4.134,0.337,banana,fresh
6122658,6055,90.75,845.90,69.00,0.444,4.134,0.337,banana,fresh
6123669,6056,90.65,845.90,69.05,0.443,4.134,0.337,banana,fresh
6124680,6057,90.70,845.90,69.00,0.443,4.134,0.337,banana,fresh
6125691,6058,90.80,845.90,69.00,0.444,4.134,0.337,banana,fresh
6126702,6059,90.75,846.00,69.00,0.444,4.135,0.337,banana,fresh
6127713,6060,90.60,845.95,69.00,0.443,4.135,0.337,banana,fresh
6128724,6061,90.65,845.90,69.00,0.443,4.134,0.337,banana,fresh
6129735,6062,90.45,846.00,69.00,0.442,4.135,0.337,banana,fresh
6130746,6063,90.60,846.00,69.00,0.443,4.135,0.337,banana,fresh
6131758,6064,90.60,846.00,69.05,0.443,4.135,0.337,banana,fresh
6132768,6065,90.45,845.95,69.00,0.442,4.135,0.337,banana,fresh
6133779,6066,90.70,846.00,69.00,0.443,4.135,0.337,banana,fresh
6134791,6067,90.70,846.00,69.00,0.443,4.135,0.337,banana,fresh
6135801,6068,90.70,846.00,69.10,0.443,4.135,0.338,banana,fresh
6136812,6069,90.65,845.95,69.00,0.443,4.135,0.337,banana,fresh
6137824,6070,90.40,845.80,69.00,0.442,4.134,0.337,banana,fresh
6138834,6071,90.60,846.00,69.00,0.443,4.135,0.337,banana,fresh
6139845,6072,90.50,846.00,69.00,0.442,4.135,0.337,banana,fresh
6140857,6073,90.50,846.00,69.05,0.442,4.135,0.337,banana,fresh
6141868,6074,90.55,846.00,69.00,0.443,4.135,0.337,banana,fresh
6142878,6075,90.40,846.00,68.95,0.442,4.135,0.337,banana,fresh
6143890,6076,90.65,846.00,69.05,0.443,4.135,0.337,banana,fresh
6144901,6077,90.50,846.00,69.00,0.442,4.135,0.337,banana,fresh
6145911,6078,90.80,845.95,69.05,0.444,4.135,0.337,banana,fresh
6146923,6079,90.45,846.00,69.00,0.442,4.135,0.337,banana,fresh
6147934,6080,90.70,846.00,69.00,0.443,4.135,0.337,banana,fresh
6148944,6081,90.55,846.00,69.00,0.443,4.135,0.337,banana,fresh
6149956,6082,90.50,845.95,68.95,0.442,4.135,0.337,banana,fresh
6150967,6083,90.40,846.00,69.00,0.442,4.135,0.337,banana,fresh
6151977,6084,90.45,846.00,69.05,0.442,4.135,0.337,banana,fresh
6152989,6085,90.70,846.00,69.00,0.443,4.135,0.337,banana,fresh
6154000,6086,90.50,846.00,69.00,0.442,4.135,0.337,banana,fresh
6155011,6087,90.60,846.00,69.00,0.443,4.135,0.337,banana,fresh
6156021,6088,90.55,846.00,69.00,0.443,4.135,0.337,banana,fresh
6157033,6089,90.45,846.00,69.05,0.442,4.135,0.337,banana,fresh
6158044,6090,90.45,846.00,69.00,0.442,4.135,0.337,banana,fresh
6159054,6091,90.30,846.00,69.10,0.441,4.135,0.338,banana,fresh
6160066,6092,90.40,846.05,69.05,0.442,4.135,0.337,banana,fresh
6161077,6093,90.40,846.00,69.05,0.442,4.135,0.337,banana,fresh
6162087,6094,90.30,846.00,69.05,0.441,4.135,0.337,banana,fresh
6163099,6095,90.55,846.00,69.00,0.443,4.135,0.337,banana,fresh
6164110,6096,90.50,846.05,69.00,0.442,4.135,0.337,banana,fresh
6165122,6097,90.45,845.95,68.95,0.442,4.135,0.337,banana,fresh
6166132,6098,90.55,846.05,69.00,0.443,4.135,0.337,banana,fresh
6167143,6099,90.35,846.15,69.00,0.442,4.136,0.337,banana,fresh
6168155,6100,90.85,846.05,69.05,0.444,4.135,0.337,banana,fresh
6169165,6101,90.75,846.00,69.10,0.444,4.135,0.338,banana,fresh
6170176,6102,90.60,846.00,69.00,0.443,4.135,0.337,banana,fresh
6171188,6103,90.55,846.05,69.05,0.443,4.135,0.337,banana,fresh
6172198,6104,90.40,846.00,69.05,0.442,4.135,0.337,banana,fresh
6173209,6105,90.70,846.00,69.00,0.443,4.135,0.337,banana,fresh
6174221,6106,90.70,846.15,69.10,0.443,4.136,0.338,banana,fresh
6175232,6107,90.65,846.20,69.00,0.443,4.136,0.337,banana,fresh
6176242,6108,90.55,846.25,69.10,0.443,4.136,0.338,banana,fresh
6177254,6109,90.55,846.05,69.05,0.443,4.135,0.337,banana,fresh
6178265,6110,90.65,846.15,69.10,0.443,4.136,0.338,banana,fresh
6179275,6111,90.60,846.25,69.05,0.443,4.136,0.337,banana,fresh
6180287,6112,90.75,846.45,69.05,0.444,4.137,0.337,banana,fresh
6181298,6113,90.55,846.45,69.00,0.443,4.137,0.337,banana,fresh
6182308,6114,90.60,846.60,69.00,0.443,4.138,0.337,banana,fresh
6183320,6115,90.65,846.70,69.10,0.443,4.138,0.338,banana,fresh
6184331,6116,90.80,846.80,69.05,0.444,4.139,0.337,banana,fresh
6185341,6117,90.75,846.90,69.10,0.444,4.139,0.338,banana,fresh
6186353,6118,90.65,846.85,69.05,0.443,4.139,0.337,banana,fresh
6187364,6119,90.75,846.90,69.10,0.444,4.139,0.338,banana,fresh
6188375,6120,90.90,846.95,69.10,0.444,4.140,0.338,banana,fresh
6189386,6121,90.80,846.90,69.05,0.444,4.139,0.337,banana,fresh
6190397,6122,90.70,847.00,69.10,0.443,4.140,0.338,banana,fresh
6191408,6123,90.90,847.00,69.05,0.444,4.140,0.337,banana,fresh
6192419,6124,90.85,847.05,69.05,0.444,4.140,0.337,banana,fresh
6193430,6125,90.95,847.00,69.10,0.445,4.140,0.338,banana,fresh
6194441,6126,90.90,847.05,69.25,0.444,4.140,0.338,banana,fresh
6195452,6127,91.00,847.05,69.25,0.445,4.140,0.338,banana,fresh
6196463,6128,90.95,847.05,69.10,0.445,4.140,0.338,banana,fresh
6197474,6129,90.90,847.00,69.15,0.444,4.140,0.338,banana,fresh
6198486,6130,90.85,847.00,69.05,0.444,4.140,0.337,banana,fresh
6199496,6131,90.90,847.15,69.15,0.444,4.141,0.338,banana,fresh
6200507,6132,91.00,847.10,69.15,0.445,4.140,0.338,banana,fresh
6201519,6133,90.95,847.00,69.10,0.445,4.140,0.338,banana,fresh
6202529,6134,90.95,847.00,69.35,0.445,4.140,0.339,banana,fresh
6203540,6135,91.00,847.00,69.15,0.445,4.140,0.338,banana,fresh
6204552,6136,91.00,847.00,69.05,0.445,4.140,0.337,banana,fresh
6205562,6137,91.05,847.00,69.25,0.445,4.140,0.338,banana,fresh
6206573,6138,90.85,847.00,69.25,0.444,4.140,0.338,banana,fresh
6207585,6139,91.00,847.00,69.15,0.445,4.140,0.338,banana,fresh
6208595,6140,90.95,847.00,69.20,0.445,4.140,0.338,banana,fresh
6209606,6141,90.90,847.05,69.30,0.444,4.140,0.339,banana,fresh
6210617,6142,91.00,847.05,69.25,0.445,4.140,0.338,banana,fresh
6211629,6143,90.95,847.10,69.15,0.445,4.140,0.338,banana,fresh
6212639,6144,90.95,847.00,69.10,0.445,4.140,0.338,banana,fresh
6213650,6145,91.00,847.05,69.10,0.445,4.140,0.338,banana,fresh
6214662,6146,90.85,847.10,69.15,0.444,4.140,0.338,banana,fresh
6215672,6147,91.00,847.10,69.30,0.445,4.140,0.339,banana,fresh
6216684,6148,90.90,847.05,69.10,0.444,4.140,0.338,banana,fresh
6217695,6149,91.00,847.05,69.25,0.445,4.140,0.338,banana,fresh
6218705,6150,91.00,847.20,69.20,0.445,4.141,0.338,banana,fresh
6219717,6151,90.95,847.10,69.05,0.445,4.140,0.337,banana,fresh
6220728,6152,90.95,847.05,69.10,0.445,4.140,0.338,banana,fresh
6221739,6153,90.90,847.10,69.25,0.444,4.140,0.338,banana,fresh
6222750,6154,90.85,847.05,69.20,0.444,4.140,0.338,banana,fresh
6223761,6155,90.85,847.25,69.10,0.444,4.141,0.338,banana,fresh
6224772,6156,90.95,847.20,69.10,0.445,4.141,0.338,banana,fresh
6225783,6157,91.00,847.20,69.10,0.445,4.141,0.338,banana,fresh
6226794,6158,90.95,847.20,69.15,0.445,4.141,0.338,banana,fresh
6227805,6159,91.00,847.25,69.10,0.445,4.141,0.338,banana,fresh
6228816,6160,90.95,847.05,69.20,0.445,4.140,0.338,banana,fresh
6229827,6161,91.00,847.30,69.15,0.445,4.141,0.338,banana,fresh
6230838,6162,91.00,847.45,69.20,0.445,4.142,0.338,banana,fresh
6231849,6163,90.90,847.15,69.10,0.444,4.141,0.338,banana,fresh
6232860,6164,91.00,847.20,69.10,0.445,4.141,0.338,banana,fresh
6233871,6165,91.00,847.20,69.20,0.445,4.141,0.338,banana,fresh
6234883,6166,90.95,847.30,69.15,0.445,4.141,0.338,banana,fresh
6235893,6167,90.95,847.25,69.10,0.445,4.141,0.338,banana,fresh
6236904,6168,91.00,847.10,69.05,0.445,4.140,0.337,banana,fresh
6237916,6169,91.00,847.30,69.20,0.445,4.141,0.338,banana,fresh
6238926,6170,91.00,847.20,69.15,0.445,4.141,0.338,banana,fresh
6239937,6171,90.95,847.25,69.10,0.445,4.141,0.338,banana,fresh
6240949,6172,90.95,847.35,69.20,0.445,4.141,0.338,banana,fresh
6241959,6173,90.95,847.30,69.10,0.445,4.141,0.338,banana,fresh
6242970,6174,91.05,847.40,69.05,0.445,4.142,0.337,banana,fresh
6243982,6175,91.05,847.45,69.05,0.445,4.142,0.337,banana,fresh
6244993,6176,90.95,847.60,69.00,0.445,4.143,0.337,banana,fresh
6246003,6177,91.00,847.55,69.15,0.445,4.142,0.338,banana,fresh
6247015,6178,91.00,847.30,69.20,0.445,4.141,0.338,banana,fresh
6248026,6179,91.05,847.25,69.20,0.445,4.141,0.338,banana,fresh
6249036,6180,91.00,847.30,69.30,0.445,4.141,0.339,banana,fresh
6250048,6181,91.05,847.55,69.20,0.445,4.142,0.338,banana,fresh
6251059,6182,91.00,847.25,69.05,0.445,4.141,0.337,banana,fresh
6252069,6183,91.05,847.45,69.00,0.445,4.142,0.337,banana,fresh
6253081,6184,90.95,847.50,69.05,0.445,4.142,0.337,banana,fresh
6254092,6185,91.00,847.55,69.10,0.445,4.142,0.338,banana,fresh
6255102,6186,91.00,847.50,69.15,0.445,4.142,0.338,banana,fresh
6256114,6187,91.00,847.60,69.20,0.445,4.143,0.338,banana,fresh
6257125,6188,91.00,847.70,69.15,0.445,4.143,0.338,banana,fresh
6258136,6189,91.00,847.60,69.05,0.445,4.143,0.337,banana,fresh
6259147,6190,91.00,847.75,69.05,0.445,4.143,0.337,banana,fresh
6260158,6191,90.95,847.75,69.05,0.445,4.143,0.337,banana,fresh
6261169,6192,90.90,847.75,69.20,0.444,4.143,0.338,banana,fresh
6262180,6193,91.00,847.75,69.15,0.445,4.143,0.338,banana,fresh
6263191,6194,90.90,847.70,69.15,0.444,4.143,0.338,banana,fresh
6264202,6195,91.00,847.80,69.00,0.445,4.144,0.337,banana,fresh
6265213,6196,90.95,847.85,69.10,0.445,4.144,0.338,banana,fresh
6266224,6197,90.95,847.85,69.15,0.445,4.144,0.338,banana,fresh
6267235,6198,91.00,847.80,69.05,0.445,4.144,0.337,banana,fresh
6268247,6199,90.90,847.95,69.05,0.444,4.144,0.337,banana,fresh
6269257,6200,90.95,847.95,69.05,0.445,4.144,0.337,banana,fresh
6270269,6201,91.00,847.95,69.25,0.445,4.144,0.338,banana,fresh
6271280,6202,90.90,848.00,69.05,0.444,4.145,0.337,banana,fresh
6272290,6203,91.00,847.90,69.10,0.445,4.144,0.338,banana,fresh
6273302,6204,90.95,847.95,69.10,0.445,4.144,0.338,banana,fresh
6274313,6205,91.00,847.85,69.05,0.445,4.144,0.337,banana,fresh
6275323,6206,91.00,847.95,69.15,0.445,4.144,0.338,banana,fresh
6276335,6207,91.00,847.95,69.05,0.445,4.144,0.337,banana,fresh
6277346,6208,91.00,847.95,69.20,0.445,4.144,0.338,banana,fresh
6278356,6209,90.95,847.95,69.30,0.445,4.144,0.339,banana,fresh
6279368,6210,90.90,847.95,69.20,0.444,4.144,0.338,banana,fresh
6280379,6211,90.95,847.95,69.25,0.445,4.144,0.338,banana,fresh
6281390,6212,91.00,847.95,69.20,0.445,4.144,0.338,banana,fresh
6282401,6213,91.05,848.00,69.15,0.445,4.145,0.338,banana,fresh
6283412,6214,90.90,847.90,69.15,0.444,4.144,0.338,banana,fresh
6284423,6215,91.00,847.90,69.05,0.445,4.144,0.337,banana,fresh
6285434,6216,91.00,848.00,69.15,0.445,4.145,0.338,banana,fresh
6286445,6217,91.00,847.95,69.20,0.445,4.144,0.338,banana,fresh
6287456,6218,91.00,847.95,69.25,0.445,4.144,0.338,banana,fresh
6288467,6219,91.00,848.00,69.35,0.445,4.145,0.339,banana,fresh
6289478,6220,91.00,847.95,69.20,0.445,4.144,0.338,banana,fresh
6290489,6221,90.95,848.00,69.35,0.445,4.145,0.339,banana,fresh
6291501,6222,90.90,847.95,69.10,0.444,4.144,0.338,banana,fresh
6292511,6223,90.90,847.90,69.10,0.444,4.144,0.338,banana,fresh
6293522,6224,91.00,847.90,69.10,0.445,4.144,0.338,banana,fresh
6294534,6225,91.05,847.85,69.15,0.445,4.144,0.338,banana,fresh
6295544,6226,91.00,847.95,69.10,0.445,4.144,0.338,banana,fresh
6296555,6227,90.95,847.85,69.20,0.445,4.144,0.338,banana,fresh
6297567,6228,90.90,847.90,69.25,0.444,4.144,0.338,banana,fresh
6298577,6229,90.90,847.90,69.15,0.444,4.144,0.338,banana,fresh
6299588,6230,90.95,847.85,69.20,0.445,4.144,0.338,banana,fresh
6300600,6231,90.90,847.90,69.20,0.444,4.144,0.338,banana,fresh
6301611,6232,90.90,848.00,69.05,0.444,4.145,0.337,banana,fresh
6302621,6233,91.00,847.90,69.20,0.445,4.144,0.338,banana,fresh
6303633,6234,91.00,847.85,69.20,0.445,4.144,0.338,banana,fresh
6304644,6235,90.95,847.90,69.15,0.445,4.144,0.338,banana,fresh
6305654,6236,90.95,847.85,69.15,0.445,4.144,0.338,banana,fresh
6306666,6237,90.85,847.95,69.25,0.444,4.144,0.338,banana,fresh
6307677,6238,90.95,847.65,69.10,0.445,4.143,0.338,banana,fresh
6308687,6239,90.95,847.85,69.20,0.445,4.144,0.338,banana,fresh
6309699,6240,90.95,847.95,69.10,0.445,4.144,0.338,banana,fresh
6310710,6241,90.95,847.85,69.20,0.445,4.144,0.338,banana,fresh
6311720,6242,91.00,847.90,69.05,0.445,4.144,0.337,banana,fresh
6312732,6243,90.95,847.90,69.30,0.445,4.144,0.339,banana,fresh
6313743,6244,90.90,848.00,69.15,0.444,4.145,0.338,banana,fresh
6314754,6245,90.90,847.95,69.15,0.444,4.144,0.338,banana,fresh
6315765,6246,91.00,847.95,69.30,0.445,4.144,0.339,banana,fresh
6316776,6247,90.85,847.80,69.15,0.444,4.144,0.338,banana,fresh
6317787,6248,90.95,848.00,69.05,0.445,4.145,0.337,banana,fresh
6318798,6249,90.80,847.90,69.15,0.444,4.144,0.338,banana,fresh
6319809,6250,90.90,847.90,69.20,0.444,4.144,0.338,banana,fresh
6320820,6251,90.85,848.00,69.00,0.444,4.145,0.337,banana,fresh
6321831,6252,90.85,848.00,69.10,0.444,4.145,0.338,banana,fresh
6322842,6253,90.75,847.95,69.15,0.444,4.144,0.338,banana,fresh
6323853,6254,91.00,848.00,69.20,0.445,4.145,0.338,banana,fresh
6324865,6255,90.90,847.95,69.20,0.444,4.144,0.338,banana,fresh
6325875,6256,90.85,847.90,69.15,0.444,4.144,0.338,banana,fresh
6326887,6257,90.85,848.00,69.05,0.444,4.145,0.337,banana,fresh
6327898,6258,90.90,847.95,69.25,0.444,4.144,0.338,banana,fresh
6328908,6259,90.90,847.95,69.35,0.444,4.144,0.339,banana,fresh
6329920,6260,90.85,847.90,69.20,0.444,4.144,0.338,banana,fresh
6330931,6261,90.65,848.00,69.10,0.443,4.145,0.338,banana,fresh
6331941,6262,90.75,848.00,69.15,0.444,4.145,0.338,banana,fresh
6332953,6263,90.90,848.00,69.25,0.444,4.145,0.338,banana,fresh
6333964,6264,90.70,848.00,69.10,0.443,4.145,0.338,banana,fresh
6334974,6265,90.90,848.00,69.10,0.444,4.145,0.338,banana,fresh
6335986,6266,90.90,848.00,69.10,0.444,4.145,0.338,banana,fresh
6336997,6267,90.65,848.00,69.00,0.443,4.145,0.337,banana,fresh
6338008,6268,90.80,848.00,69.10,0.444,4.145,0.338,banana,fresh
6339019,6269,90.90,848.00,69.15,0.444,4.145,0.338,banana,fresh
6340030,6270,90.80,848.00,69.20,0.444,4.145,0.338,banana,fresh
6341041,6271,90.85,848.00,69.15,0.444,4.145,0.338,banana,fresh
6342052,6272,90.85,848.00,69.10,0.444,4.145,0.338,banana,fresh
6343063,6273,90.60,848.00,69.10,0.443,4.145,0.338,banana,fresh
6344074,6274,90.85,848.00,69.30,0.444,4.145,0.339,banana,fresh
6345085,6275,90.80,848.00,69.15,0.444,4.145,0.338,banana,fresh
6346096,6276,90.75,848.00,69.10,0.444,4.145,0.338,banana,fresh
6347107,6277,90.65,848.00,69.10,0.443,4.145,0.338,banana,fresh
6348119,6278,90.80,848.00,69.10,0.444,4.145,0.338,banana,fresh
6349129,6279,90.70,848.00,69.05,0.443,4.145,0.337,banana,fresh
6350140,6280,90.70,848.00,69.30,0.443,4.145,0.339,banana,fresh
6351152,6281,90.80,848.00,69.10,0.444,4.145,0.338,banana,fresh
6352162,6282,90.80,848.00,69.00,0.444,4.145,0.337,banana,fresh
6353173,6283,90.70,848.00,69.10,0.443,4.145,0.338,banana,fresh
6354185,6284,90.65,848.00,69.05,0.443,4.145,0.337,banana,fresh
6355195,6285,90.90,848.00,69.15,0.444,4.145,0.338,banana,fresh
6356206,6286,90.70,848.00,69.00,0.443,4.145,0.337,banana,fresh
6357218,6287,90.70,848.00,69.10,0.443,4.145,0.338,banana,fresh
6358228,6288,90.60,848.00,69.15,0.443,4.145,0.338,banana,fresh
6359239,6289,90.80,848.00,69.10,0.444,4.145,0.338,banana,fresh
6360251,6290,90.70,848.00,69.10,0.443,4.145,0.338,banana,fresh
6361262,6291,90.60,848.00,69.10,0.443,4.145,0.338,banana,fresh
6362272,6292,90.60,848.00,69.05,0.443,4.145,0.337,banana,fresh
6363284,6293,90.70,848.05,69.20,0.443,4.145,0.338,banana,fresh
6364295,6294,90.90,848.00,69.10,0.444,4.145,0.338,banana,fresh
6365305,6295,90.65,848.10,69.10,0.443,4.145,0.338,banana,fresh
6366317,6296,90.70,848.05,69.15,0.443,4.145,0.338,banana,fresh
6367328,6297,90.75,848.00,69.05,0.444,4.145,0.337,banana,fresh
6368338,6298,90.55,848.05,69.00,0.443,4.145,0.337,banana,fresh
6369350,6299,90.80,848.00,69.10,0.444,4.145,0.338,banana,fresh
6370361,6300,90.60,848.00,69.05,0.443,4.145,0.337,banana,fresh
6371372,6301,90.55,848.10,69.00,0.443,4.145,0.337,banana,fresh
6372383,6302,90.55,848.05,69.25,0.443,4.145,0.338,banana,fresh
6373394,6303,90.80,848.00,69.05,0.444,4.145,0.337,banana,fresh
6374405,6304,90.70,848.00,69.10,0.443,4.145,0.338,banana,fresh
6375416,6305,90.55,848.00,69.10,0.443,4.145,0.338,banana,fresh
6376427,6306,90.75,848.00,69.15,0.444,4.145,0.338,banana,fresh
6377438,6307,90.30,848.00,69.05,0.441,4.145,0.337,banana,fresh
6378449,6308,90.70,848.15,69.00,0.443,4.145,0.337,banana,fresh
6379460,6309,90.60,848.00,69.10,0.443,4.145,0.338,banana,fresh
6380471,6310,90.55,848.05,69.05,0.443,4.145,0.337,banana,fresh
6381483,6311,90.65,848.05,69.10,0.443,4.145,0.338,banana,fresh
6382493,6312,90.60,848.00,69.10,0.443,4.145,0.338,banana,fresh
6383504,6313,90.55,848.00,69.10,0.443,4.145,0.338,banana,fresh
6384516,6314,90.45,848.00,69.15,0.442,4.145,0.338,banana,fresh
6385526,6315,90.55,848.00,69.10,0.443,4.145,0.338,banana,fresh
6386537,6316,90.75,848.00,69.05,0.444,4.145,0.337,banana,fresh
6387549,6317,90.75,848.00,69.10,0.444,4.145,0.338,banana,fresh
6388559,6318,90.40,848.00,69.05,0.442,4.145,0.337,banana,fresh
6389570,6319,90.50,848.05,69.00,0.442,4.145,0.337,banana,fresh
6390582,6320,90.50,848.00,69.00,0.442,4.145,0.337,banana,fresh
6391592,6321,90.80,848.05,69.05,0.444,4.145,0.337,banana,fresh
6392603,6322,90.60,848.00,69.15,0.443,4.145,0.338,banana,fresh
6393615,6323,90.45,848.00,69.00,0.442,4.145,0.337,banana,fresh
6394626,6324,90.75,848.00,69.00,0.444,4.145,0.337,banana,fresh
6395636,6325,90.65,848.00,69.05,0.443,4.145,0.337,banana,fresh
6396648,6326,90.70,848.00,69.00,0.443,4.145,0.337,banana,fresh
6397659,6327,90.70,847.95,69.00,0.443,4.144,0.337,banana,fresh
6398669,6328,90.45,848.00,69.00,0.442,4.145,0.337,banana,fresh
6399681,6329,90.55,847.90,69.10,0.443,4.144,0.338,banana,fresh
6400692,6330,90.65,848.00,69.00,0.443,4.145,0.337,banana,fresh
6401702,6331,90.60,848.00,69.05,0.443,4.145,0.337,banana,fresh
6402714,6332,90.75,847.85,69.10,0.444,4.144,0.338,banana,fresh
6403725,6333,90.70,847.95,69.00,0.443,4.144,0.337,banana,fresh
6404736,6334,90.70,847.85,69.00,0.443,4.144,0.337,banana,fresh
6405747,6335,90.55,847.80,69.10,0.443,4.144,0.338,banana,fresh
6406758,6336,90.65,847.60,69.05,0.443,4.143,0.337,banana,fresh
6407769,6337,90.75,847.75,69.05,0.444,4.143,0.337,banana,fresh
6408780,6338,90.50,847.75,69.05,0.442,4.143,0.337,banana,fresh
6409791,6339,90.70,847.55,69.00,0.443,4.142,0.337,banana,fresh
6410802,6340,90.60,847.45,69.05,0.443,4.142,0.337,banana,fresh
6411813,6341,90.65,847.60,69.05,0.443,4.143,0.337,banana,fresh
6412824,6342,90.60,847.65,69.00,0.443,4.143,0.337,banana,fresh
6413835,6343,90.40,847.50,69.05,0.442,4.142,0.337,banana,fresh
6414846,6344,90.50,847.65,69.00,0.442,4.143,0.337,banana,fresh
6415857,6345,90.70,847.55,69.00,0.443,4.142,0.337,banana,fresh
6416868,6346,90.75,847.45,69.00,0.444,4.142,0.337,banana,fresh
6417880,6347,90.35,847.30,69.00,0.442,4.141,0.337,banana,fresh
6418890,6348,90.70,847.20,69.05,0.443,4.141,0.337,banana,fresh
6419901,6349,90.55,847.35,69.00,0.443,4.141,0.337,banana,fresh
6420913,6350,90.45,847.40,69.05,0.442,4.142,0.337,banana,fresh
6421923,6351,90.35,847.30,69.10,0.442,4.141,0.338,banana,fresh
6422934,6352,90.40,847.40,69.00,0.442,4.142,0.337,banana,fresh
6423946,6353,90.65,847.15,69.10,0.443,4.141,0.338,banana,fresh
6424956,6354,90.70,847.25,69.10,0.443,4.141,0.338,banana,fresh
6425967,6355,90.65,847.20,69.00,0.443,4.141,0.337,banana,fresh
6426979,6356,90.50,847.15,69.00,0.442,4.141,0.337,banana,fresh
6427990,6357,90.50,847.15,69.05,0.442,4.141,0.337,banana,fresh
6429000,6358,90.35,847.10,69.00,0.442,4.140,0.337,banana,fresh
6430012,6359,90.50,847.05,69.00,0.442,4.140,0.337,banana,fresh
6431023,6360,90.40,847.20,69.10,0.442,4.141,0.338,banana,fresh
6432033,6361,90.50,847.20,69.00,0.442,4.141,0.337,banana,fresh
6433045,6362,90.60,847.15,69.10,0.443,4.141,0.338,banana,fresh
6434056,6363,90.65,847.10,69.00,0.443,4.140,0.337,banana,fresh
6435066,6364,90.40,847.05,69.10,0.442,4.140,0.338,banana,fresh
6436078,6365,90.55,847.10,69.10,0.443,4.140,0.338,banana,fresh
6437089,6366,90.40,847.05,69.05,0.442,4.140,0.337,banana,fresh
6438100,6367,90.30,847.05,69.00,0.441,4.140,0.337,banana,fresh
6439111,6368,90.60,847.00,69.00,0.443,4.140,0.337,banana,fresh
6440122,6369,90.40,847.00,69.00,0.442,4.140,0.337,banana,fresh
6441133,6370,90.50,847.00,69.05,0.442,4.140,0.337,banana,fresh
6442144,6371,90.40,847.00,69.05,0.442,4.140,0.337,banana,fresh
6443155,6372,90.40,847.00,69.05,0.442,4.140,0.337,banana,fresh
6444166,6373,90.40,847.05,69.05,0.442,4.140,0.337,banana,fresh
6445177,6374,90.30,847.05,69.05,0.441,4.140,0.337,banana,fresh
6446188,6375,90.20,847.05,69.00,0.441,4.140,0.337,banana,fresh
6447199,6376,90.35,847.00,69.00,0.442,4.140,0.337,banana,fresh
6448210,6377,90.55,847.00,69.00,0.443,4.140,0.337,banana,fresh
6449221,6378,90.35,847.00,69.10,0.442,4.140,0.338,banana,fresh
6450232,6379,90.20,847.00,69.00,0.441,4.140,0.337,banana,fresh
6451244,6380,90.30,847.00,69.00,0.441,4.140,0.337,banana,fresh
6452254,6381,90.20,847.00,69.00,0.441,4.140,0.337,banana,fresh
6453265,6382,90.30,847.00,69.10,0.441,4.140,0.338,banana,fresh
6454277,6383,90.30,847.00,69.05,0.441,4.140,0.337,banana,fresh
6455287,6384,90.30,847.00,69.00,0.441,4.140,0.337,banana,fresh
6456298,6385,90.05,847.00,68.95,0.440,4.140,0.337,banana,fresh
6457310,6386,90.25,847.00,69.00,0.441,4.140,0.337,banana,fresh
6458320,6387,90.20,847.00,69.00,0.441,4.140,0.337,banana,fresh
6459331,6388,90.15,847.00,69.00,0.441,4.140,0.337,banana,fresh
6460343,6389,90.25,847.00,69.00,0.441,4.140,0.337,banana,fresh
6461353,6390,90.15,847.00,69.00,0.441,4.140,0.337,banana,fresh
6462364,6391,90.10,847.05,69.05,0.440,4.140,0.337,banana,fresh
6463376,6392,90.30,847.00,69.00,0.441,4.140,0.337,banana,fresh
6464387,6393,90.30,847.00,69.00,0.441,4.140,0.337,banana,fresh
6465397,6394,90.20,847.00,69.00,0.441,4.140,0.337,banana,fresh
6466409,6395,90.10,847.00,69.10,0.440,4.140,0.338,banana,fresh
6467420,6396,90.20,847.00,69.05,0.441,4.140,0.337,banana,fresh
6468430,6397,90.25,847.00,69.00,0.441,4.140,0.337,banana,fresh
6469442,6398,90.25,847.00,69.00,0.441,4.140,0.337,banana,fresh
6470453,6399,90.10,847.00,68.95,0.440,4.140,0.337,banana,fresh
6471463,6400,90.15,847.00,69.05,0.441,4.140,0.337,banana,fresh
6472475,6401,90.10,846.90,69.10,0.440,4.139,0.338,banana,fresh
6473486,6402,90.10,846.95,69.00,0.440,4.140,0.337,banana,fresh
6474497,6403,90.05,847.00,69.00,0.440,4.140,0.337,banana,fresh
6475508,6404,90.00,847.00,69.00,0.440,4.140,0.337,banana,fresh
6476519,6405,90.15,846.95,69.00,0.441,4.140,0.337,banana,fresh
6477530,6406,90.10,846.95,69.05,0.440,4.140,0.337,banana,fresh
6478540,6407,90.15,847.00,68.95,0.441,4.140,0.337,banana,fresh
6479552,6408,90.05,847.00,69.00,0.440,4.140,0.337,banana,fresh
6480563,6409,90.05,846.85,69.00,0.440,4.139,0.337,banana,fresh
6481573,6410,90.20,846.90,69.00,0.441,4.139,0.337,banana,fresh
6482585,6411,90.10,846.90,69.00,0.440,4.139,0.337,banana,fresh
6483596,6412,90.05,846.95,69.05,0.440,4.140,0.337,banana,fresh
6484606,6413,90.00,847.00,69.00,0.440,4.140,0.337,banana,fresh
6485618,6414,90.05,846.90,69.00,0.440,4.139,0.337,banana,fresh
6486629,6415,90.05,846.95,69.00,0.440,4.140,0.337,banana,fresh
6487640,6416,90.00,846.95,69.00,0.440,4.140,0.337,banana,fresh
6488651,6417,90.05,847.00,69.00,0.440,4.140,0.337,banana,fresh
6489662,6418,90.05,846.95,69.05,0.440,4.140,0.337,banana,fresh
6490673,6419,90.00,846.95,69.00,0.440,4.140,0.337,banana,fresh
6491684,6420,90.00,846.80,69.00,0.440,4.139,0.337,banana,fresh
6492695,6421,90.10,846.90,69.00,0.440,4.139,0.337,banana,fresh
6493706,6422,90.10,846.95,69.00,0.440,4.140,0.337,banana,fresh
6494717,6423,90.00,847.00,69.00,0.440,4.140,0.337,banana,fresh
6495728,6424,90.10,847.00,69.00,0.440,4.140,0.337,banana,fresh
6496739,6425,89.95,846.95,69.00,0.440,4.140,0.337,banana,fresh
6497751,6426,90.10,847.00,69.00,0.440,4.140,0.337,banana,fresh
6498761,6427,90.05,847.00,69.00,0.440,4.140,0.337,banana,fresh
6499772,6428,90.00,847.00,69.00,0.440,4.140,0.337,banana,fresh
6500783,6429,90.05,846.95,69.00,0.440,4.140,0.337,banana,fresh
6501794,6430,90.05,846.80,69.00,0.440,4.139,0.337,banana,fresh
6502805,6431,90.00,846.90,69.00,0.440,4.139,0.337,banana,fresh
6503816,6432,90.00,846.90,69.00,0.440,4.139,0.337,banana,fresh
6504827,6433,89.95,846.95,69.00,0.440,4.140,0.337,banana,fresh
6505838,6434,90.05,846.80,69.00,0.440,4.139,0.337,banana,fresh
6506849,6435,90.00,846.95,69.00,0.440,4.140,0.337,banana,fresh
6507860,6436,90.05,846.85,68.95,0.440,4.139,0.337,banana,fresh
6508871,6437,90.05,846.90,69.00,0.440,4.139,0.337,banana,fresh
6509882,6438,90.05,846.85,69.00,0.440,4.139,0.337,banana,fresh
6510894,6439,90.00,846.90,69.00,0.440,4.139,0.337,banana,fresh
6511904,6440,90.05,846.95,69.00,0.440,4.140,0.337,banana,fresh
6512915,6441,90.00,846.95,69.00,0.440,4.140,0.337,banana,fresh
6513927,6442,90.00,846.80,69.00,0.440,4.139,0.337,banana,fresh
6514937,6443,90.00,846.95,69.00,0.440,4.140,0.337,banana,fresh
6515948,6444,90.10,847.00,69.00,0.440,4.140,0.337,banana,fresh
6516960,6445,90.00,847.00,69.00,0.440,4.140,0.337,banana,fresh
6517970,6446,90.05,846.95,69.00,0.440,4.140,0.337,banana,fresh
6518981,6447,90.10,846.95,69.05,0.440,4.140,0.337,banana,fresh
6519992,6448,89.95,846.95,68.95,0.440,4.140,0.337,banana,fresh
6521004,6449,90.00,846.95,69.00,0.440,4.140,0.337,banana,fresh
6522014,6450,90.05,847.00,69.00,0.440,4.140,0.337,banana,fresh
6523025,6451,90.10,846.95,69.00,0.440,4.140,0.337,banana,fresh
6524037,6452,90.00,846.95,69.05,0.440,4.140,0.337,banana,fresh
6525047,6453,90.00,846.90,69.00,0.440,4.139,0.337,banana,fresh
6526058,6454,90.00,846.90,69.00,0.440,4.139,0.337,banana,fresh
6527070,6455,90.10,846.95,68.95,0.440,4.140,0.337,banana,fresh
6528080,6456,90.05,846.90,69.00,0.440,4.139,0.337,banana,fresh
6529091,6457,90.05,846.90,69.00,0.440,4.139,0.337,banana,fresh
6530103,6458,90.05,847.00,69.00,0.440,4.140,0.337,banana,fresh
6531113,6459,90.00,846.95,68.95,0.440,4.140,0.337,banana,fresh
6532124,6460,90.00,846.95,69.00,0.440,4.140,0.337,banana,fresh
6533136,6461,90.10,846.95,69.00,0.440,4.140,0.337,banana,fresh
6534147,6462,90.15,847.00,69.00,0.441,4.140,0.337,banana,fresh
6535157,6463,89.95,846.95,68.95,0.440,4.140,0.337,banana,fresh
6536169,6464,90.00,847.05,68.90,0.440,4.140,0.337,banana,fresh
6537180,6465,90.00,846.95,69.00,0.440,4.140,0.337,banana,fresh
6538190,6466,89.95,846.95,69.00,0.440,4.140,0.337,banana,fresh
6539202,6467,90.05,846.85,68.95,0.440,4.139,0.337,banana,fresh
6540213,6468,90.00,847.00,68.95,0.440,4.140,0.337,banana,fresh
6541223,6469,90.00,846.95,69.00,0.440,4.140,0.337,banana,fresh
6542235,6470,90.00,846.85,69.00,0.440,4.139,0.337,banana,fresh
6543246,6471,90.00,846.90,69.00,0.440,4.139,0.337,banana,fresh
6544257,6472,90.00,847.00,69.00,0.440,4.140,0.337,banana,fresh
6545267,6473,90.00,846.95,69.00,0.440,4.140,0.337,banana,fresh
6546279,6474,90.05,846.90,68.95,0.440,4.139,0.337,banana,fresh
6547290,6475,90.00,846.90,69.00,0.440,4.139,0.337,banana,fresh
6548300,6476,90.00,846.95,69.00,0.440,4.140,0.337,banana,fresh
6549312,6477,90.00,846.90,69.00,0.440,4.139,0.337,banana,fresh
6550323,6478,90.00,846.90,68.95,0.440,4.139,0.337,banana,fresh
6551333,6479,90.00,846.95,68.95,0.440,4.140,0.337,banana,fresh
6552345,6480,90.00,846.95,68.95,0.440,4.140,0.337,banana,fresh
6553356,6481,90.10,846.95,68.95,0.440,4.140,0.337,banana,fresh
6554366,6482,90.00,846.90,68.95,0.440,4.139,0.337,banana,fresh
6555378,6483,90.05,846.90,68.95,0.440,4.139,0.337,banana,fresh
6556389,6484,90.00,846.95,68.95,0.440,4.140,0.337,banana,fresh
6557400,6485,90.10,846.80,69.00,0.440,4.139,0.337,banana,fresh
6558411,6486,90.05,846.95,69.00,0.440,4.140,0.337,banana,fresh
6559422,6487,90.10,846.95,69.00,0.440,4.140,0.337,banana,fresh
6560433,6488,90.00,846.85,68.95,0.440,4.139,0.337,banana,fresh
6561444,6489,90.05,846.95,69.00,0.440,4.140,0.337,banana,fresh
6562455,6490,90.05,846.95,68.90,0.440,4.140,0.337,banana,fresh
6563466,6491,90.00,846.85,69.00,0.440,4.139,0.337,banana,fresh
6564477,6492,90.05,846.90,68.95,0.440,4.139,0.337,banana,fresh
6565488,6493,90.00,846.90,69.05,0.440,4.139,0.337,banana,fresh
6566499,6494,90.05,846.95,69.00,0.440,4.140,0.337,banana,fresh
6567511,6495,90.00,846.85,69.00,0.440,4.139,0.337,banana,fresh
6568521,6496,90.00,846.90,69.00,0.440,4.139,0.337,banana,fresh
6569532,6497,90.05,846.90,69.00,0.440,4.139,0.337,banana,fresh
6570544,6498,90.00,846.95,68.90,0.440,4.140,0.337,banana,fresh
6571554,6499,90.05,846.95,69.00,0.440,4.140,0.337,banana,fresh
6572565,6500,90.05,846.90,69.00,0.440,4.139,0.337,banana,fresh
6573577,6501,90.00,846.85,68.95,0.440,4.139,0.337,banana,fresh
6574587,6502,90.00,846.95,69.00,0.440,4.140,0.337,banana,fresh
6575598,6503,90.00,847.00,68.95,0.440,4.140,0.337,banana,fresh
6576609,6504,90.00,847.00,69.00,0.440,4.140,0.337,banana,fresh
6577620,6505,90.05,847.00,69.00,0.440,4.140,0.337,banana,fresh
6578631,6506,90.10,847.00,69.00,0.440,4.140,0.337,banana,fresh
6579642,6507,90.05,847.00,68.95,0.440,4.140,0.337,banana,fresh
6580654,6508,90.10,846.95,68.95,0.440,4.140,0.337,banana,fresh
6581664,6509,90.05,846.85,69.00,0.440,4.139,0.337,banana,fresh
6582675,6510,90.00,846.95,68.90,0.440,4.140,0.337,banana,fresh
6583687,6511,90.00,847.00,69.00,0.440,4.140,0.337,banana,fresh
6584697,6512,90.00,846.95,68.95,0.440,4.140,0.337,banana,fresh
6585708,6513,90.00,846.80,68.95,0.440,4.139,0.337,banana,fresh
6586720,6514,90.05,846.90,68.95,0.440,4.139,0.337,banana,fresh
6587730,6515,90.05,847.00,69.00,0.440,4.140,0.337,banana,fresh
6588741,6516,90.10,846.85,69.00,0.440,4.139,0.337,banana,fresh
6589753,6517,90.05,846.95,69.00,0.440,4.140,0.337,banana,fresh
6590764,6518,90.00,846.95,68.95,0.440,4.140,0.337,banana,fresh
6591774,6519,90.10,846.90,69.00,0.440,4.139,0.337,banana,fresh
6592786,6520,90.00,846.75,69.00,0.440,4.139,0.337,banana,fresh
6593797,6521,90.00,847.00,68.95,0.440,4.140,0.337,banana,fresh
6594807,6522,90.00,847.00,69.00,0.440,4.140,0.337,banana,fresh
6595819,6523,90.05,847.00,69.00,0.440,4.140,0.337,banana,fresh
6596830,6524,90.00,846.90,68.95,0.440,4.139,0.337,banana,fresh
6597840,6525,90.00,846.90,68.90,0.440,4.139,0.337,banana,fresh
6598852,6526,90.00,847.00,68.95,0.440,4.140,0.337,banana,fresh
6599863,6527,90.10,847.00,69.00,0.440,4.140,0.337,banana,fresh
6600873,6528,90.00,846.95,68.95,0.440,4.140,0.337,banana,fresh
6601884,6529,90.00,846.95,68.90,0.440,4.140,0.337,banana,fresh
6602896,6530,90.05,846.95,69.00,0.440,4.140,0.337,banana,fresh
6603907,6531,90.05,846.95,68.95,0.440,4.140,0.337,banana,fresh
6604917,6532,90.05,847.00,69.00,0.440,4.140,0.337,banana,fresh
6605929,6533,90.00,847.00,68.95,0.440,4.140,0.337,banana,fresh
6606940,6534,90.10,847.00,68.95,0.440,4.140,0.337,banana,fresh
6607950,6535,90.05,847.00,69.00,0.440,4.140,0.337,banana,fresh
6608962,6536,90.00,847.00,68.90,0.440,4.140,0.337,banana,fresh
6609973,6537,90.00,847.00,68.90,0.440,4.140,0.337,banana,fresh
6610983,6538,90.05,847.00,68.85,0.440,4.140,0.337,banana,fresh
6611995,6539,90.05,847.00,68.90,0.440,4.140,0.337,banana,fresh
6613006,6540,90.05,847.00,68.95,0.440,4.140,0.337,banana,fresh
6614017,6541,90.00,847.05,68.95,0.440,4.140,0.337,banana,fresh
6615028,6542,90.05,847.00,68.95,0.440,4.140,0.337,banana,fresh
6616039,6543,89.95,847.00,68.90,0.440,4.140,0.337,banana,fresh
6617050,6544,90.15,847.00,68.75,0.441,4.140,0.336,banana,fresh
6618061,6545,90.00,847.00,69.00,0.440,4.140,0.337,banana,fresh
6619072,6546,90.00,846.95,68.95,0.440,4.140,0.337,banana,fresh
6620083,6547,90.00,847.00,68.90,0.440,4.140,0.337,banana,fresh
6621093,6548,90.20,846.90,68.95,0.441,4.139,0.337,banana,fresh
6622105,6549,90.10,847.00,68.85,0.440,4.140,0.337,banana,fresh
6623116,6550,90.05,846.95,68.80,0.440,4.140,0.336,banana,fresh
6624126,6551,90.00,847.00,69.00,0.440,4.140,0.337,banana,fresh
6625138,6552,90.20,846.95,69.00,0.441,4.140,0.337,banana,fresh
6626149,6553,90.10,847.00,68.95,0.440,4.140,0.337,banana,fresh
6627160,6554,90.00,847.00,68.95,0.440,4.140,0.337,banana,fresh
6628171,6555,90.05,847.00,68.95,0.440,4.140,0.337,banana,fresh
6629182,6556,90.15,846.95,68.80,0.441,4.140,0.336,banana,fresh
6630193,6557,90.00,846.95,68.95,0.440,4.140,0.337,banana,fresh
6631204,6558,90.05,847.00,68.80,0.440,4.140,0.336,banana,fresh
6632215,6559,90.00,847.00,68.75,0.440,4.140,0.336,banana,fresh
6633226,6560,90.10,847.00,68.90,0.440,4.140,0.337,banana,fresh
6634237,6561,90.00,847.00,68.90,0.440,4.140,0.337,banana,fresh
6635248,6562,90.05,847.00,68.80,0.440,4.140,0.336,banana,fresh
6636259,6563,90.00,846.95,68.95,0.440,4.140,0.337,banana,fresh
6637271,6564,90.05,846.95,68.85,0.440,4.140,0.337,banana,fresh
6638281,6565,90.05,847.00,69.00,0.440,4.140,0.337,banana,fresh
6639292,6566,90.00,847.00,68.95,0.440,4.140,0.337,banana,fresh
6640304,6567,90.05,847.00,68.95,0.440,4.140,0.337,banana,fresh
6641314,6568,90.10,847.05,69.00,0.440,4.140,0.337,banana,fresh
6642325,6569,90.05,847.00,68.90,0.440,4.140,0.337,banana,fresh
6643337,6570,90.05,847.00,68.90,0.440,4.140,0.337,banana,fresh
6644347,6571,90.00,846.95,68.85,0.440,4.140,0.337,banana,fresh
6645358,6572,90.05,847.00,68.85,0.440,4.140,0.337,banana,fresh
6646369,6573,90.10,847.00,68.90,0.440,4.140,0.337,banana,fresh
6647380,6574,90.15,846.95,68.80,0.441,4.140,0.336,banana,fresh
6648391,6575,90.00,846.95,68.90,0.440,4.140,0.337,banana,fresh
6649402,6576,90.10,847.00,68.90,0.440,4.140,0.337,banana,fresh
6650414,6577,90.05,847.00,68.95,0.440,4.140,0.337,banana,fresh
6651424,6578,90.10,847.00,68.80,0.440,4.140,0.336,banana,fresh
6652435,6579,90.15,847.00,68.95,0.441,4.140,0.337,banana,fresh
6653447,6580,90.05,847.00,68.95,0.440,4.140,0.337,banana,fresh
6654457,6581,90.00,847.00,68.90,0.440,4.140,0.337,banana,fresh
6655468,6582,90.00,846.95,68.90,0.440,4.140,0.337,banana,fresh
6656480,6583,90.05,847.00,68.70,0.440,4.140,0.336,banana,fresh
6657490,6584,90.10,847.00,68.80,0.440,4.140,0.336,banana,fresh
6658501,6585,90.15,847.00,68.90,0.441,4.140,0.337,banana,fresh
6659513,6586,90.05,847.00,68.80,0.440,4.140,0.336,banana,fresh
6660524,6587,90.05,847.00,68.95,0.440,4.140,0.337,banana,fresh
6661534,6588,90.10,847.05,68.95,0.440,4.140,0.337,banana,fresh
6662546,6589,90.15,847.00,68.90,0.441,4.140,0.337,banana,fresh
6663557,6590,90.00,847.00,68.85,0.440,4.140,0.337,banana,fresh
6664567,6591,90.00,847.00,68.80,0.440,4.140,0.336,banana,fresh
6665579,6592,90.15,847.00,68.90,0.441,4.140,0.337,banana,fresh
6666590,6593,90.20,847.00,68.90,0.441,4.140,0.337,banana,fresh
6667600,6594,90.05,846.95,68.95,0.440,4.140,0.337,banana,fresh
6668612,6595,90.00,847.00,68.90,0.440,4.140,0.337,banana,fresh
6669623,6596,90.10,847.00,68.80,0.440,4.140,0.336,banana,fresh
6670633,6597,90.10,847.00,68.85,0.440,4.140,0.337,banana,fresh
6671645,6598,90.00,847.00,68.85,0.440,4.140,0.337,banana,fresh
6672656,6599,90.15,847.05,68.75,0.441,4.140,0.336,banana,fresh
6673667,6600,90.00,846.95,68.95,0.440,4.140,0.337,banana,fresh
6674677,6601,90.10,847.00,68.80,0.440,4.140,0.336,banana,fresh
6675689,6602,90.05,846.95,68.90,0.440,4.140,0.337,banana,fresh
6676700,6603,90.10,847.00,68.95,0.440,4.140,0.337,banana,fresh
6677710,6604,90.20,847.00,68.75,0.441,4.140,0.336,banana,fresh
6678722,6605,90.00,847.00,68.75,0.440,4.140,0.336,banana,fresh
6679733,6606,90.00,846.95,68.90,0.440,4.140,0.337,banana,fresh
6680743,6607,90.05,847.00,68.85,0.440,4.140,0.337,banana,fresh
6681755,6608,90.00,847.00,68.80,0.440,4.140,0.336,banana,fresh
6682766,6609,90.10,847.00,68.75,0.440,4.140,0.336,banana,fresh
6683777,6610,90.00,846.90,68.90,0.440,4.139,0.337,banana,fresh
6684788,6611,90.10,846.95,68.85,0.440,4.140,0.337,banana,fresh
6685799,6612,90.00,847.10,68.85,0.440,4.140,0.337,banana,fresh
6686810,6613,90.05,847.00,68.85,0.440,4.140,0.337,banana,fresh
6687821,6614,90.00,847.00,68.70,0.440,4.140,0.336,banana,fresh
6688832,6615,90.10,847.00,68.70,0.440,4.140,0.336,banana,fresh
6689843,6616,90.15,847.00,68.90,0.441,4.140,0.337,banana,fresh
6690854,6617,90.00,847.00,68.90,0.440,4.140,0.337,banana,fresh
6691865,6618,90.05,846.95,68.75,0.440,4.140,0.336,banana,fresh
6692876,6619,90.00,847.05,68.70,0.440,4.140,0.336,banana,fresh
6693888,6620,90.05,847.00,68.80,0.440,4.140,0.336,banana,fresh
6694898,6621,90.05,847.00,68.85,0.440,4.140,0.337,banana,fresh
6695909,6622,90.00,846.95,68.75,0.440,4.140,0.336,banana,fresh
6696921,6623,90.00,847.05,68.75,0.440,4.140,0.336,banana,fresh
6697931,6624,90.15,847.00,69.00,0.441,4.140,0.337,banana,fresh
6698942,6625,90.05,847.00,68.90,0.440,4.140,0.337,banana,fresh
6699953,6626,90.00,847.00,68.55,0.440,4.140,0.335,banana,fresh
6700964,6627,90.10,847.00,68.65,0.440,4.140,0.336,banana,fresh
6701975,6628,90.10,847.00,68.80,0.440,4.140,0.336,banana,fresh
6702986,6629,90.05,847.05,68.65,0.440,4.140,0.336,banana,fresh
6703997,6630,90.00,847.05,68.85,0.440,4.140,0.337,banana,fresh
6705008,6631,90.05,847.00,68.75,0.440,4.140,0.336,banana,fresh
6706019,6632,90.05,847.00,68.80,0.440,4.140,0.336,banana,fresh
6707031,6633,90.00,847.00,68.85,0.440,4.140,0.337,banana,fresh
6708041,6634,90.05,847.00,68.70,0.440,4.140,0.336,banana,fresh
6709052,6635,90.05,847.05,68.70,0.440,4.140,0.336,banana,fresh
6710064,6636,90.00,847.00,68.80,0.440,4.140,0.336,banana,fresh
6711074,6637,90.05,847.05,68.80,0.440,4.140,0.336,banana,fresh
6712085,6638,90.15,847.05,68.60,0.441,4.140,0.335,banana,fresh
6713097,6639,90.15,847.05,68.85,0.441,4.140,0.337,banana,fresh
6714107,6640,90.05,847.00,68.75,0.440,4.140,0.336,banana,fresh
6715118,6641,90.10,847.00,68.85,0.440,4.140,0.337,banana,fresh
6716130,6642,90.00,847.05,68.75,0.440,4.140,0.336,banana,fresh
6717140,6643,90.10,847.00,68.75,0.440,4.140,0.336,banana,fresh
6718151,6644,90.10,847.00,68.80,0.440,4.140,0.336,banana,fresh
6719163,6645,90.05,847.00,68.80,0.440,4.140,0.336,banana,fresh
6720174,6646,90.05,847.05,68.80,0.440,4.140,0.336,banana,fresh
6721184,6647,90.00,847.00,68.70,0.440,4.140,0.336,banana,fresh
6722196,6648,90.05,847.05,68.85,0.440,4.140,0.337,banana,fresh
6723207,6649,90.00,847.00,68.75,0.440,4.140,0.336,banana,fresh
6724217,6650,90.05,847.00,68.60,0.440,4.140,0.335,banana,fresh
6725228,6651,90.05,847.00,68.65,0.440,4.140,0.336,banana,fresh
6726240,6652,90.00,847.00,68.60,0.440,4.140,0.335,banana,fresh
6727250,6653,90.05,847.05,68.60,0.440,4.140,0.335,banana,fresh
6728261,6654,90.05,847.05,68.70,0.440,4.140,0.336,banana,fresh
6729273,6655,90.15,847.00,68.80,0.441,4.140,0.336,banana,fresh
6730284,6656,90.05,847.05,68.85,0.440,4.140,0.337,banana,fresh
6731294,6657,90.05,847.05,68.70,0.440,4.140,0.336,banana,fresh
6732306,6658,90.15,847.00,68.75,0.441,4.140,0.336,banana,fresh
6733317,6659,90.00,847.10,68.85,0.440,4.140,0.337,banana,fresh
6734327,6660,90.10,847.00,68.85,0.440,4.140,0.337,banana,fresh
6735339,6661,90.15,847.15,68.70,0.441,4.141,0.336,banana,fresh
6736350,6662,90.10,847.15,68.80,0.440,4.141,0.336,banana,fresh
6737360,6663,90.10,847.05,68.70,0.440,4.140,0.336,banana,fresh
6738372,6664,90.05,847.00,68.75,0.440,4.140,0.336,banana,fresh
6739383,6665,90.10,847.00,68.70,0.440,4.140,0.336,banana,fresh
6740393,6666,90.00,847.05,68.60,0.440,4.140,0.335,banana,fresh
6741405,6667,90.00,847.00,68.75,0.440,4.140,0.336,banana,fresh
6742416,6668,90.05,847.00,68.65,0.440,4.140,0.336,banana,fresh
6743427,6669,90.00,847.10,68.65,0.440,4.140,0.336,banana,fresh
6744438,6670,90.10,847.05,68.65,0.440,4.140,0.336,banana,fresh
6745449,6671,90.10,847.00,68.75,0.440,4.140,0.336,banana,fresh
6746460,6672,90.00,847.00,68.85,0.440,4.140,0.337,banana,fresh
6747471,6673,90.05,847.00,68.75,0.440,4.140,0.336,banana,fresh
6748482,6674,90.05,847.00,68.70,0.440,4.140,0.336,banana,fresh
6749493,6675,90.05,847.00,68.90,0.440,4.140,0.337,banana,fresh
6750504,6676,90.10,847.00,68.65,0.440,4.140,0.336,banana,fresh
6751515,6677,90.05,847.00,68.80,0.440,4.140,0.336,banana,fresh
6752526,6678,90.10,847.00,68.75,0.440,4.140,0.336,banana,fresh
6753538,6679,90.00,847.00,68.80,0.440,4.140,0.336,banana,fresh
6754548,6680,90.05,847.00,68.85,0.440,4.140,0.337,banana,fresh
6755559,6681,90.05,847.00,68.80,0.440,4.140,0.336,banana,fresh
6756571,6682,90.05,847.00,68.75,0.440,4.140,0.336,banana,fresh
6757581,6683,90.05,847.05,68.60,0.440,4.140,0.335,banana,fresh
6758592,6684,90.00,847.00,68.60,0.440,4.140,0.335,banana,fresh
6759603,6685,90.05,847.00,68.65,0.440,4.140,0.336,banana,fresh
6760614,6686,90.00,847.00,68.85,0.440,4.140,0.337,banana,fresh
6761625,6687,90.00,847.00,68.70,0.440,4.140,0.336,banana,fresh
6762636,6688,90.05,847.05,68.70,0.440,4.140,0.336,banana,fresh
6763648,6689,90.05,847.05,68.85,0.440,4.140,0.337,banana,fresh
6764658,6690,90.00,847.05,68.75,0.440,4.140,0.336,banana,fresh
6765669,6691,90.00,847.00,68.70,0.440,4.140,0.336,banana,fresh
6766681,6692,90.10,847.00,68.75,0.440,4.140,0.336,banana,fresh
6767691,6693,90.20,847.00,68.75,0.441,4.140,0.336,banana,fresh
6768702,6694,90.10,847.00,68.70,0.440,4.140,0.336,banana,fresh
6769714,6695,90.05,847.00,68.85,0.440,4.140,0.337,banana,fresh
6770724,6696,90.15,847.05,68.65,0.441,4.140,0.336,banana,fresh
6771735,6697,90.10,847.00,68.70,0.440,4.140,0.336,banana,fresh
6772747,6698,90.05,847.00,68.70,0.440,4.140,0.336,banana,fresh
6773757,6699,90.05,847.00,68.75,0.440,4.140,0.336,banana,fresh
6774768,6700,90.00,847.00,68.70,0.440,4.140,0.336,banana,fresh
6775780,6701,90.00,847.05,68.65,0.440,4.140,0.336,banana,fresh
6776791,6702,90.15,847.00,68.80,0.441,4.140,0.336,banana,fresh
6777801,6703,90.10,847.00,68.65,0.440,4.140,0.336,banana,fresh
6778813,6704,90.15,847.10,68.60,0.441,4.140,0.335,banana,fresh
6779824,6705,90.10,847.00,68.75,0.440,4.140,0.336,banana,fresh
6780834,6706,90.05,847.00,68.75,0.440,4.140,0.336,banana,fresh
6781846,6707,90.05,847.05,68.75,0.440,4.140,0.336,banana,fresh
6782857,6708,90.10,847.10,68.70,0.440,4.140,0.336,banana,fresh
6783867,6709,90.00,847.05,68.50,0.440,4.140,0.335,banana,fresh
6784879,6710,90.00,847.00,68.75,0.440,4.140,0.336,banana,fresh
6785890,6711,90.05,847.10,68.85,0.440,4.140,0.337,banana,fresh
6786900,6712,89.95,847.05,68.65,0.440,4.140,0.336,banana,fresh
6787912,6713,90.05,847.05,68.65,0.440,4.140,0.336,banana,fresh
6788923,6714,90.05,847.10,68.80,0.440,4.140,0.336,banana,fresh
6789934,6715,90.10,847.00,68.75,0.440,4.140,0.336,banana,fresh
6790945,6716,90.10,847.00,68.70,0.440,4.140,0.336,banana,fresh
6791956,6717,90.10,847.05,68.85,0.440,4.140,0.337,banana,fresh
6792967,6718,90.00,847.05,68.85,0.440,4.140,0.337,banana,fresh
6793978,6719,90.05,847.05,68.65,0.440,4.140,0.336,banana,fresh
6794989,6720,90.05,847.00,68.55,0.440,4.140,0.335,banana,fresh
6796000,6721,90.10,847.00,68.75,0.440,4.140,0.336,banana,fresh
6797010,6722,90.10,847.00,68.55,0.440,4.140,0.335,banana,fresh
6798022,6723,90.10,847.00,68.65,0.440,4.140,0.336,banana,fresh
6799033,6724,90.00,847.05,68.80,0.440,4.140,0.336,banana,fresh
6800044,6725,90.00,847.10,68.80,0.440,4.140,0.336,banana,fresh
6801055,6726,90.00,847.00,68.85,0.440,4.140,0.337,banana,fresh
6802066,6727,90.05,847.00,68.65,0.440,4.140,0.336,banana,fresh
6803077,6728,90.10,847.00,68.75,0.440,4.140,0.336,banana,fresh
6804088,6729,90.05,847.05,68.75,0.440,4.140,0.336,banana,fresh
6805099,6730,90.05,847.10,68.55,0.440,4.140,0.335,banana,fresh
6806110,6731,90.05,847.00,68.85,0.440,4.140,0.337,banana,fresh
6807121,6732,90.05,847.05,68.75,0.440,4.140,0.336,banana,fresh
6808132,6733,89.95,847.10,68.90,0.440,4.140,0.337,banana,fresh
6809143,6734,90.05,847.05,68.70,0.440,4.140,0.336,banana,fresh
6810155,6735,90.00,847.00,68.70,0.440,4.140,0.336,banana,fresh
6811165,6736,90.00,847.10,68.70,0.440,4.140,0.336,banana,fresh
6812176,6737,90.10,847.05,68.65,0.440,4.140,0.336,banana,fresh
6813188,6738,90.10,847.00,68.95,0.440,4.140,0.337,banana,fresh
6814198,6739,90.10,847.00,68.80,0.440,4.140,0.336,banana,fresh
6815209,6740,90.00,847.00,68.85,0.440,4.140,0.337,banana,fresh
6816221,6741,90.05,847.00,68.75,0.440,4.140,0.336,banana,fresh
6817231,6742,90.20,847.00,68.65,0.441,4.140,0.336,banana,fresh
6818242,6743,90.05,847.10,68.70,0.440,4.140,0.336,banana,fresh
6819254,6744,90.10,847.10,68.75,0.440,4.140,0.336,banana,fresh
6820264,6745,90.00,847.10,68.80,0.440,4.140,0.336,banana,fresh
6821275,6746,90.05,847.05,68.60,0.440,4.140,0.335,banana,fresh
6822287,6747,90.00,847.10,68.75,0.440,4.140,0.336,banana,fresh
6823298,6748,90.00,847.00,68.85,0.440,4.140,0.337,banana,fresh
6824308,6749,90.05,847.00,68.55,0.440,4.140,0.335,banana,fresh
6825320,6750,90.00,847.05,68.85,0.440,4.140,0.337,banana,fresh
6826331,6751,90.05,847.10,68.60,0.440,4.140,0.335,banana,fresh
6827341,6752,90.00,847.10,68.75,0.440,4.140,0.336,banana,fresh
6828353,6753,90.05,847.05,68.65,0.440,4.140,0.336,banana,fresh
6829364,6754,90.05,847.05,68.65,0.440,4.140,0.336,banana,fresh
6830374,6755,90.05,847.00,68.75,0.440,4.140,0.336,banana,fresh
6831386,6756,90.10,847.00,68.60,0.440,4.140,0.335,banana,fresh
6832397,6757,90.05,847.05,68.85,0.440,4.140,0.337,banana,fresh
6833408,6758,90.25,847.05,68.70,0.441,4.140,0.336,banana,fresh
6834418,6759,90.05,847.05,68.75,0.440,4.140,0.336,banana,fresh
6835430,6760,90.00,847.10,68.70,0.440,4.140,0.336,banana,fresh
6836441,6761,90.05,847.20,68.80,0.440,4.141,0.336,banana,fresh
6837451,6762,90.05,847.10,68.75,0.440,4.140,0.336,banana,fresh
6838463,6763,90.00,847.00,68.60,0.440,4.140,0.335,banana,fresh
6839474,6764,90.10,847.05,68.80,0.440,4.140,0.336,banana,fresh
6840484,6765,90.10,847.10,68.75,0.440,4.140,0.336,banana,fresh
6841496,6766,90.10,847.05,68.60,0.440,4.140,0.335,banana,fresh
6842507,6767,90.00,847.15,68.70,0.440,4.141,0.336,banana,fresh
6843517,6768,90.00,847.15,68.75,0.440,4.141,0.336,banana,fresh
6844529,6769,90.05,847.00,68.60,0.440,4.140,0.335,banana,fresh
6845540,6770,90.10,847.00,68.70,0.440,4.140,0.336,banana,fresh
6846551,6771,90.10,847.05,68.70,0.440,4.140,0.336,banana,fresh
6847562,6772,90.00,847.05,68.85,0.440,4.140,0.337,banana,fresh
6848573,6773,90.05,847.15,68.80,0.440,4.141,0.336,banana,fresh
6849584,6774,90.00,847.15,68.95,0.440,4.141,0.337,banana,fresh
6850595,6775,90.10,847.10,68.85,0.440,4.140,0.337,banana,fresh
6851606,6776,90.10,847.15,68.60,0.440,4.141,0.335,banana,fresh
6852617,6777,90.00,847.10,68.70,0.440,4.140,0.336,banana,fresh
6853628,6778,90.05,847.10,68.80,0.440,4.140,0.336,banana,fresh
6854639,6779,90.15,847.15,68.80,0.441,4.141,0.336,banana,fresh
6855650,6780,90.15,847.10,68.70,0.441,4.140,0.336,banana,fresh
6856662,6781,90.05,847.25,68.65,0.440,4.141,0.336,banana,fresh
6857672,6782,90.15,847.20,68.70,0.441,4.141,0.336,banana,fresh
6858684,6783,90.00,847.00,68.70,0.440,4.140,0.336,banana,fresh
6859695,6784,90.05,847.15,68.55,0.440,4.141,0.335,banana,fresh
6860705,6785,90.15,847.05,68.85,0.441,4.140,0.337,banana,fresh
6861717,6786,90.00,847.10,68.60,0.440,4.140,0.335,banana,fresh
6862728,6787,90.10,847.10,68.85,0.440,4.140,0.337,banana,fresh
6863738,6788,90.10,847.10,68.75,0.440,4.140,0.336,banana,fresh
6864749,6789,90.05,847.05,68.75,0.440,4.140,0.336,banana,fresh
6865761,6790,90.05,847.05,68.65,0.440,4.140,0.336,banana,fresh
6866771,6791,90.05,847.20,68.70,0.440,4.141,0.336,banana,fresh
6867782,6792,90.10,847.20,68.65,0.440,4.141,0.336,banana,fresh
6868794,6793,90.00,847.15,68.75,0.440,4.141,0.336,banana,fresh
6869805,6794,90.05,847.30,68.80,0.440,4.141,0.336,banana,fresh
6870815,6795,90.10,847.00,68.70,0.440,4.140,0.336,banana,fresh
6871827,6796,90.05,847.10,68.75,0.440,4.140,0.336,banana,fresh
6872838,6797,90.00,847.05,68.65,0.440,4.140,0.336,banana,fresh
6873848,6798,90.05,847.15,68.65,0.440,4.141,0.336,banana,fresh
6874860,6799,90.00,847.10,68.90,0.440,4.140,0.337,banana,fresh
6875871,6800,90.10,847.10,68.60,0.440,4.140,0.335,banana,fresh
6876881,6801,90.00,847.15,68.70,0.440,4.141,0.336,banana,fresh
6877893,6802,90.05,847.10,68.70,0.440,4.140,0.336,banana,fresh
6878904,6803,90.05,847.05,68.80,0.440,4.140,0.336,banana,fresh
6879915,6804,90.05,847.10,68.80,0.440,4.140,0.336,banana,fresh
6880926,6805,90.00,847.05,68.75,0.440,4.140,0.336,banana,fresh
6881937,6806,90.10,847.25,68.65,0.440,4.141,0.336,banana,fresh
6882948,6807,90.05,847.30,68.60,0.440,4.141,0.335,banana,fresh
6883959,6808,90.05,847.25,68.50,0.440,4.141,0.335,banana,fresh
6884970,6809,90.10,847.25,68.85,0.440,4.141,0.337,banana,fresh
6885981,6810,90.15,847.25,68.80,0.441,4.141,0.336,banana,fresh
6886992,6811,90.05,847.20,68.80,0.440,4.141,0.336,banana,fresh
6888003,6812,90.15,847.10,68.75,0.441,4.140,0.336,banana,fresh
6889014,6813,90.10,847.10,68.75,0.440,4.140,0.336,banana,fresh
6890025,6814,90.10,847.40,68.65,0.440,4.142,0.336,banana,fresh
6891036,6815,90.15,847.05,68.75,0.441,4.140,0.336,banana,fresh
6892047,6816,90.05,847.05,68.60,0.440,4.140,0.335,banana,fresh
6893059,6817,90.05,847.20,68.80,0.440,4.141,0.336,banana,fresh
6894069,6818,90.15,847.10,68.60,0.441,4.140,0.335,banana,fresh
6895080,6819,90.15,847.35,68.70,0.441,4.141,0.336,banana,fresh
6896092,6820,90.05,847.10,68.55,0.440,4.140,0.335,banana,fresh
6897102,6821,90.05,847.30,68.80,0.440,4.141,0.336,banana,fresh
6898114,6822,90.00,847.25,68.65,0.440,4.141,0.336,banana,fresh
6899125,6823,90.05,847.15,68.80,0.440,4.141,0.336,banana,fresh
6900135,6824,90.05,847.05,68.70,0.440,4.140,0.336,banana,fresh
6901146,6825,90.00,847.15,68.80,0.440,4.141,0.336,banana,fresh
6902158,6826,90.00,847.20,68.65,0.440,4.141,0.336,banana,fresh
6903169,6827,90.05,847.10,68.60,0.440,4.140,0.335,banana,fresh
6904179,6828,90.25,847.20,68.60,0.441,4.141,0.335,banana,fresh
6905191,6829,90.10,847.30,68.70,0.440,4.141,0.336,banana,fresh
6906202,6830,90.05,847.40,68.80,0.440,4.142,0.336,banana,fresh
6907213,6831,90.00,847.10,68.75,0.440,4.140,0.336,banana,fresh
6908224,6832,90.05,847.15,68.65,0.440,4.141,0.336,banana,fresh
6909235,6833,90.00,847.25,68.60,0.440,4.141,0.335,banana,fresh
6910246,6834,90.15,847.30,68.65,0.441,4.141,0.336,banana,fresh
6911257,6835,90.10,847.20,68.75,0.440,4.141,0.336,banana,fresh
6912268,6836,90.00,847.30,68.65,0.440,4.141,0.336,banana,fresh
6913280,6837,90.05,847.10,68.70,0.440,4.140,0.336,banana,fresh
6914290,6838,90.00,847.15,68.55,0.440,4.141,0.335,banana,fresh
6915301,6839,90.05,847.05,68.60,0.440,4.140,0.335,banana,fresh
6916313,6840,90.00,847.20,68.85,0.440,4.141,0.337,banana,fresh
6917323,6841,90.05,847.30,68.60,0.440,4.141,0.335,banana,fresh
6918334,6842,90.10,847.30,68.40,0.440,4.141,0.334,banana,fresh
6919346,6843,90.00,847.15,68.80,0.440,4.141,0.336,banana,fresh
6920356,6844,90.10,847.20,68.45,0.440,4.141,0.335,banana,fresh
6921367,6845,90.00,847.10,68.65,0.440,4.140,0.336,banana,fresh
6922379,6846,90.00,847.25,68.50,0.440,4.141,0.335,banana,fresh
6923389,6847,90.00,847.05,68.55,0.440,4.140,0.335,banana,fresh
6924400,6848,90.00,847.10,68.40,0.440,4.140,0.334,banana,fresh
6925411,6849,90.10,847.10,68.55,0.440,4.140,0.335,banana,fresh
6926423,6850,90.15,847.00,68.55,0.441,4.140,0.335,banana,fresh
6927433,6851,90.05,847.25,68.75,0.440,4.141,0.336,banana,fresh
6928445,6852,90.05,847.25,68.40,0.440,4.141,0.334,banana,fresh
6929456,6853,90.05,847.15,68.45,0.440,4.141,0.335,banana,fresh
6930466,6854,90.10,847.15,68.65,0.440,4.141,0.336,banana,fresh
6931478,6855,90.00,847.15,68.50,0.440,4.141,0.335,banana,fresh
6932489,6856,90.05,847.20,68.65,0.440,4.141,0.336,banana,fresh
6933499,6857,90.05,847.20,68.45,0.440,4.141,0.335,banana,fresh
6934511,6858,90.05,847.25,68.55,0.440,4.141,0.335,banana,fresh
6935522,6859,90.10,847.25,68.60,0.440,4.141,0.335,banana,fresh
6936532,6860,89.95,847.25,68.50,0.440,4.141,0.335,banana,fresh
6937544,6861,90.05,847.25,68.60,0.440,4.141,0.335,banana,fresh
6938555,6862,90.10,847.20,68.70,0.440,4.141,0.336,banana,fresh
6939566,6863,90.05,847.15,68.40,0.440,4.141,0.334,banana,fresh
6940577,6864,90.00,847.20,68.60,0.440,4.141,0.335,banana,fresh
6941588,6865,90.15,847.15,68.35,0.441,4.141,0.334,banana,fresh
6942599,6866,90.10,847.15,68.65,0.440,4.141,0.336,banana,fresh
6943610,6867,90.10,847.15,68.70,0.440,4.141,0.336,banana,fresh
6944621,6868,90.05,847.20,68.80,0.440,4.141,0.336,banana,fresh
6945632,6869,90.05,847.25,68.65,0.440,4.141,0.336,banana,fresh
6946643,6870,90.05,847.35,68.50,0.440,4.141,0.335,banana,fresh
6947654,6871,90.00,847.20,68.70,0.440,4.141,0.336,banana,fresh
6948665,6872,90.05,847.15,68.75,0.440,4.141,0.336,banana,fresh
6949677,6873,90.05,847.30,68.50,0.440,4.141,0.335,banana,fresh
6950687,6874,90.05,847.30,68.60,0.440,4.141,0.335,banana,fresh
6951698,6875,90.00,847.20,68.55,0.440,4.141,0.335,banana,fresh
6952710,6876,90.00,847.15,68.65,0.440,4.141,0.336,banana,fresh
6953720,6877,90.20,847.35,68.65,0.441,4.141,0.336,banana,fresh
6954731,6878,90.00,847.20,68.55,0.440,4.141,0.335,banana,fresh
6955743,6879,90.10,847.30,68.55,0.440,4.141,0.335,banana,fresh
6956753,6880,90.00,847.20,68.60,0.440,4.141,0.335,banana,fresh
6957764,6881,90.05,847.30,68.45,0.440,4.141,0.335,banana,fresh
6958776,6882,90.05,847.15,68.35,0.440,4.141,0.334,banana,fresh
6959787,6883,90.10,847.20,68.65,0.440,4.141,0.336,banana,fresh
6960797,6884,90.15,847.30,68.60,0.441,4.141,0.335,banana,fresh
6961809,6885,90.00,847.25,68.65,0.440,4.141,0.336,banana,fresh
6962820,6886,90.05,847.10,68.70,0.440,4.140,0.336,banana,fresh
6963830,6887,90.00,847.20,68.45,0.440,4.141,0.335,banana,fresh
6964842,6888,90.05,847.20,68.40,0.440,4.141,0.334,banana,fresh
6965853,6889,90.00,847.45,68.45,0.440,4.142,0.335,banana,fresh
6966863,6890,90.00,847.25,68.60,0.440,4.141,0.335,banana,fresh
6967875,6891,90.10,847.30,68.40,0.440,4.141,0.334,banana,fresh
6968886,6892,90.15,847.20,68.50,0.441,4.141,0.335,banana,fresh
6969896,6893,90.00,847.25,68.55,0.440,4.141,0.335,banana,fresh
6970908,6894,90.05,847.30,68.40,0.440,4.141,0.334,banana,fresh
6971919,6895,89.90,847.30,68.55,0.439,4.141,0.335,banana,fresh
6972930,6896,90.15,847.15,68.60,0.441,4.141,0.335,banana,fresh
6973941,6897,90.10,847.30,68.30,0.440,4.141,0.334,banana,fresh
6974952,6898,90.00,847.30,68.65,0.440,4.141,0.336,banana,fresh
6975963,6899,90.05,847.15,68.55,0.440,4.141,0.335,banana,fresh
6976974,6900,90.00,847.20,68.65,0.440,4.141,0.336,banana,fresh
6977985,6901,90.05,847.45,68.65,0.440,4.142,0.336,banana,fresh
6978996,6902,90.05,847.30,68.60,0.440,4.141,0.335,banana,fresh
6980007,6903,90.00,847.20,68.65,0.440,4.141,0.336,banana,fresh
6981018,6904,90.15,847.20,68.60,0.441,4.141,0.335,banana,fresh
6982029,6905,90.00,847.35,68.35,0.440,4.141,0.334,banana,fresh
6983041,6906,90.00,847.20,68.30,0.440,4.141,0.334,banana,fresh
6984051,6907,90.00,847.15,68.55,0.440,4.141,0.335,banana,fresh
6985062,6908,90.00,847.40,68.45,0.440,4.142,0.335,banana,fresh
6986074,6909,90.10,847.05,68.50,0.440,4.140,0.335,banana,fresh
6987084,6910,90.00,847.25,68.35,0.440,4.141,0.334,banana,fresh
6988095,6911,90.05,847.10,68.45,0.440,4.140,0.335,banana,fresh
6989107,6912,90.00,847.30,68.35,0.440,4.141,0.334,banana,fresh
6990117,6913,89.95,847.25,68.60,0.440,4.141,0.335,banana,fresh
6991128,6914,90.05,847.15,68.30,0.440,4.141,0.334,banana,fresh
6992140,6915,90.10,847.20,68.50,0.440,4.141,0.335,banana,fresh
6993150,6916,90.05,847.15,68.30,0.440,4.141,0.334,banana,fresh
6994161,6917,90.10,847.15,68.55,0.440,4.141,0.335,banana,fresh
6995173,6918,90.00,847.10,68.35,0.440,4.140,0.334,banana,fresh
6996184,6919,90.00,847.10,68.45,0.440,4.140,0.335,banana,fresh
6997194,6920,90.00,847.05,68.40,0.440,4.140,0.334,banana,fresh
6998206,6921,90.05,847.15,68.50,0.440,4.141,0.335,banana,fresh
6999217,6922,90.05,847.30,68.40,0.440,4.141,0.334,banana,fresh
7000227,6923,90.05,847.15,68.30,0.440,4.141,0.334,banana,fresh
7001239,6924,90.00,847.10,68.50,0.440,4.140,0.335,banana,fresh
7002250,6925,90.05,847.20,68.25,0.440,4.141,0.334,banana,fresh
7003260,6926,90.10,847.10,68.65,0.440,4.140,0.336,banana,fresh
7004272,6927,89.95,847.15,68.55,0.440,4.141,0.335,banana,fresh
7005283,6928,90.05,847.20,68.35,0.440,4.141,0.334,banana,fresh
7006294,6929,90.10,847.05,68.40,0.440,4.140,0.334,banana,fresh
7007305,6930,90.00,847.25,68.45,0.440,4.141,0.335,banana,fresh
7008316,6931,90.00,847.30,68.55,0.440,4.141,0.335,banana,fresh
7009327,6932,90.05,847.15,68.55,0.440,4.141,0.335,banana,fresh
7010338,6933,90.05,847.25,68.40,0.440,4.141,0.334,banana,fresh
7011349,6934,90.05,847.05,68.50,0.440,4.140,0.335,banana,fresh
7012360,6935,90.15,847.05,68.65,0.441,4.140,0.336,banana,fresh
7013371,6936,90.00,847.20,68.50,0.440,4.141,0.335,banana,fresh
7014382,6937,90.00,847.25,68.40,0.440,4.141,0.334,banana,fresh
7015393,6938,90.00,847.30,68.35,0.440,4.141,0.334,banana,fresh
7016404,6939,90.00,847.20,68.30,0.440,4.141,0.334,banana,fresh
7017415,6940,90.00,847.20,68.45,0.440,4.141,0.335,banana,fresh
7018426,6941,90.00,847.25,68.50,0.440,4.141,0.335,banana,fresh
7019438,6942,90.00,847.10,68.40,0.440,4.140,0.334,banana,fresh
7020448,6943,90.05,847.15,68.20,0.440,4.141,0.333,banana,fresh
7021459,6944,90.05,847.10,68.40,0.440,4.140,0.334,banana,fresh
7022471,6945,90.05,847.40,68.25,0.440,4.142,0.334,banana,fresh
7023481,6946,90.00,847.30,68.30,0.440,4.141,0.334,banana,fresh
7024492,6947,90.05,847.20,68.65,0.440,4.141,0.336,banana,fresh
7025504,6948,90.05,847.10,68.50,0.440,4.140,0.335,banana,fresh
7026514,6949,90.00,847.15,68.55,0.440,4.141,0.335,banana,fresh
7027526,6950,90.00,847.10,68.60,0.440,4.140,0.335,banana,fresh
7028537,6951,89.90,847.10,68.55,0.439,4.140,0.335,banana,fresh
7029548,6952,90.00,847.05,68.50,0.440,4.140,0.335,banana,fresh
7030558,6953,90.00,847.15,68.40,0.440,4.141,0.334,banana,fresh
7031570,6954,89.95,847.05,68.45,0.440,4.140,0.335,banana,fresh
7032581,6955,90.00,847.25,68.40,0.440,4.141,0.334,banana,fresh
7033591,6956,90.00,847.20,68.30,0.440,4.141,0.334,banana,fresh
7034603,6957,90.00,847.15,68.45,0.440,4.141,0.335,banana,fresh
7035614,6958,90.00,847.05,68.30,0.440,4.140,0.334,banana,fresh
7036625,6959,90.05,847.10,68.45,0.440,4.140,0.335,banana,fresh
7037636,6960,90.00,847.15,68.30,0.440,4.141,0.334,banana,fresh
7038647,6961,90.00,847.20,68.30,0.440,4.141,0.334,banana,fresh
7039659,6962,90.00,847.00,68.45,0.440,4.140,0.335,banana,fresh
7040669,6963,89.95,847.05,68.35,0.440,4.140,0.334,banana,fresh
7041680,6964,90.00,847.15,68.30,0.440,4.141,0.334,banana,fresh
7042692,6965,90.05,847.10,68.30,0.440,4.140,0.334,banana,fresh
7043702,6966,90.00,847.10,68.60,0.440,4.140,0.335,banana,fresh
7044713,6967,90.00,847.05,68.15,0.440,4.140,0.333,banana,fresh
7045724,6968,90.00,847.15,68.40,0.440,4.141,0.334,banana,fresh
7046735,6969,90.00,847.10,68.45,0.440,4.140,0.335,banana,fresh
7047746,6970,90.00,847.25,68.30,0.440,4.141,0.334,banana,fresh
7048757,6971,90.00,847.10,68.50,0.440,4.140,0.335,banana,fresh
7049768,6972,90.05,847.05,68.55,0.440,4.140,0.335,banana,fresh
7050779,6973,90.00,847.20,68.40,0.440,4.141,0.334,banana,fresh
7051790,6974,90.05,847.05,68.40,0.440,4.140,0.334,banana,fresh
7052802,6975,90.00,847.05,68.30,0.440,4.140,0.334,banana,fresh
7053812,6976,90.00,847.15,68.55,0.440,4.141,0.335,banana,fresh
7054823,6977,90.00,847.05,68.50,0.440,4.140,0.335,banana,fresh
7055835,6978,90.00,847.20,68.35,0.440,4.141,0.334,banana,fresh
7056845,6979,90.00,847.05,68.40,0.440,4.140,0.334,banana,fresh
7057856,6980,89.95,847.05,68.40,0.440,4.140,0.334,banana,fresh
7058868,6981,89.95,847.20,68.40,0.440,4.141,0.334,banana,fresh
7059878,6982,90.00,847.00,68.45,0.440,4.140,0.335,banana,fresh
7060889,6983,90.00,847.05,68.45,0.440,4.140,0.335,banana,fresh
7061901,6984,90.05,847.05,68.45,0.440,4.140,0.335,banana,fresh
7062912,6985,89.95,847.00,68.50,0.440,4.140,0.335,banana,fresh
7063922,6986,90.00,847.10,68.50,0.440,4.140,0.335,banana,fresh
7064934,6987,90.00,847.00,68.15,0.440,4.140,0.333,banana,fresh
7065945,6988,90.05,847.05,68.35,0.440,4.140,0.334,banana,fresh
7066955,6989,90.00,847.10,68.40,0.440,4.140,0.334,banana,fresh
7067967,6990,90.00,847.15,68.30,0.440,4.141,0.334,banana,fresh
7068978,6991,90.00,847.15,68.15,0.440,4.141,0.333,banana,fresh
7069988,6992,90.00,847.10,68.35,0.440,4.140,0.334,banana,fresh
7071000,6993,90.00,847.10,68.25,0.440,4.140,0.334,banana,fresh
7072011,6994,89.95,847.10,68.40,0.440,4.140,0.334,banana,fresh
7073021,6995,90.00,847.10,68.40,0.440,4.140,0.334,banana,fresh
7074033,6996,90.00,847.10,68.25,0.440,4.140,0.334,banana,fresh
7075044,6997,90.00,847.10,68.30,0.440,4.140,0.334,banana,fresh
7076055,6998,89.95,847.10,68.25,0.440,4.140,0.334,banana,fresh
7077066,6999,90.00,847.10,68.65,0.440,4.140,0.336,banana,fresh
7078077,7000,90.00,847.10,68.35,0.440,4.140,0.334,banana,fresh
7079088,7001,90.00,847.10,68.15,0.440,4.140,0.333,banana,fresh
7080099,7002,90.00,847.05,68.50,0.440,4.140,0.335,banana,fresh
7081110,7003,89.95,847.10,68.35,0.440,4.140,0.334,banana,fresh
7082121,7004,89.95,847.00,68.30,0.440,4.140,0.334,banana,fresh
7083132,7005,89.95,847.05,68.45,0.440,4.140,0.335,banana,fresh
7084143,7006,90.05,847.00,68.35,0.440,4.140,0.334,banana,fresh
7085154,7007,90.00,847.05,68.25,0.440,4.140,0.334,banana,fresh
7086166,7008,90.00,847.15,68.15,0.440,4.141,0.333,banana,fresh
7087176,7009,90.05,847.10,68.10,0.440,4.140,0.333,banana,fresh
7088187,7010,90.00,847.20,68.30,0.440,4.141,0.334,banana,fresh
7089199,7011,90.00,847.00,68.30,0.440,4.140,0.334,banana,fresh
7090209,7012,89.90,847.15,68.50,0.439,4.141,0.335,banana,fresh
7091220,7013,90.00,847.00,68.35,0.440,4.140,0.334,banana,fresh
7092232,7014,90.00,847.05,68.30,0.440,4.140,0.334,banana,fresh
7093242,7015,89.85,847.05,68.35,0.439,4.140,0.334,banana,fresh
7094253,7016,90.00,847.00,68.35,0.440,4.140,0.334,banana,fresh
7095265,7017,90.00,847.00,68.40,0.440,4.140,0.334,banana,fresh
7096275,7018,89.95,847.10,68.20,0.440,4.140,0.333,banana,fresh
7097286,7019,89.95,847.05,68.25,0.440,4.140,0.334,banana,fresh
7098298,7020,89.95,847.00,68.20,0.440,4.140,0.333,banana,fresh
7099309,7021,90.00,847.00,68.40,0.440,4.140,0.334,banana,fresh
7100319,7022,89.85,847.05,68.40,0.439,4.140,0.334,banana,fresh
7101331,7023,90.05,847.00,68.25,0.440,4.140,0.334,banana,fresh
7102342,7024,89.95,847.20,68.20,0.440,4.141,0.333,banana,fresh
7103352,7025,90.00,847.05,68.20,0.440,4.140,0.333,banana,fresh
7104364,7026,89.95,847.20,68.35,0.440,4.141,0.334,banana,fresh
7105375,7027,89.95,847.10,68.25,0.440,4.140,0.334,banana,fresh
7106385,7028,89.90,847.15,68.30,0.439,4.141,0.334,banana,fresh
7107397,7029,90.00,847.10,68.45,0.440,4.140,0.335,banana,fresh
7108408,7030,89.95,847.20,68.15,0.440,4.141,0.333,banana,fresh
7109419,7031,90.00,847.10,68.40,0.440,4.140,0.334,banana,fresh
7110430,7032,89.85,847.05,68.30,0.439,4.140,0.334,banana,fresh
7111441,7033,90.00,847.10,68.25,0.440,4.140,0.334,banana,fresh
7112452,7034,90.00,847.05,68.30,0.440,4.140,0.334,banana,fresh
7113463,7035,90.00,847.05,68.25,0.440,4.140,0.334,banana,fresh
7114474,7036,89.90,847.10,68.25,0.439,4.140,0.334,banana,fresh
7115485,7037,89.90,847.10,68.55,0.439,4.140,0.335,banana,fresh
7116496,7038,90.00,847.15,68.30,0.440,4.141,0.334,banana,fresh
7117507,7039,89.85,847.05,68.35,0.439,4.140,0.334,banana,fresh
7118518,7040,89.95,847.10,68.30,0.440,4.140,0.334,banana,fresh
7119529,7041,89.85,847.10,68.15,0.439,4.140,0.333,banana,fresh
7120540,7042,89.95,847.05,68.20,0.440,4.140,0.333,banana,fresh
7121551,7043,89.95,847.10,68.45,0.440,4.140,0.335,banana,fresh
7122563,7044,90.00,847.20,68.30,0.440,4.141,0.334,banana,fresh
7123573,7045,89.90,847.05,68.20,0.439,4.140,0.333,banana,fresh
7124584,7046,89.95,847.10,68.25,0.440,4.140,0.334,banana,fresh
7125596,7047,90.00,847.05,68.30,0.440,4.140,0.334,banana,fresh
7126606,7048,89.80,847.15,68.05,0.439,4.141,0.333,banana,fresh
7127617,7049,89.85,847.05,68.20,0.439,4.140,0.333,banana,fresh
7128629,7050,89.90,847.15,68.35,0.439,4.141,0.334,banana,fresh
7129639,7051,89.85,847.05,68.15,0.439,4.140,0.333,banana,fresh
7130650,7052,89.75,847.05,68.40,0.439,4.140,0.334,banana,fresh
7131662,7053,89.95,847.10,68.25,0.440,4.140,0.334,banana,fresh
7132673,7054,90.00,847.05,68.35,0.440,4.140,0.334,banana,fresh
7133683,7055,89.95,847.15,68.30,0.440,4.141,0.334,banana,fresh
7134695,7056,89.85,847.10,68.20,0.439,4.140,0.333,banana,fresh
7135706,7057,89.95,847.05,68.35,0.440,4.140,0.334,banana,fresh
7136716,7058,89.90,847.20,68.35,0.439,4.141,0.334,banana,fresh
7137728,7059,89.90,847.05,68.50,0.439,4.140,0.335,banana,fresh
7138739,7060,89.80,847.15,68.35,0.439,4.141,0.334,banana,fresh
7139749,7061,89.90,847.10,68.20,0.439,4.140,0.333,banana,fresh
7140761,7062,89.95,847.05,68.25,0.440,4.140,0.334,banana,fresh
7141772,7063,89.85,847.10,68.35,0.439,4.140,0.334,banana,fresh
7142782,7064,89.95,847.10,68.25,0.440,4.140,0.334,banana,fresh
7143794,7065,89.95,847.05,68.25,0.440,4.140,0.334,banana,fresh
7144805,7066,90.00,847.15,68.15,0.440,4.141,0.333,banana,fresh
7145816,7067,89.95,847.10,68.10,0.440,4.140,0.333,banana,fresh
7146827,7068,89.95,847.15,68.25,0.440,4.141,0.334,banana,fresh
7147838,7069,89.90,847.10,68.30,0.439,4.140,0.334,banana,fresh
7148849,7070,90.00,847.20,68.30,0.440,4.141,0.334,banana,fresh
7149860,7071,90.00,847.10,68.30,0.440,4.140,0.334,banana,fresh
7150871,7072,89.95,847.10,68.10,0.440,4.140,0.333,banana,fresh
7151882,7073,89.85,847.15,68.20,0.439,4.141,0.333,banana,fresh
7152893,7074,89.85,847.10,68.15,0.439,4.140,0.333,banana,fresh
7153904,7075,89.90,847.05,68.45,0.439,4.140,0.335,banana,fresh
7154915,7076,89.95,847.05,68.25,0.440,4.140,0.334,banana,fresh
7155927,7077,89.85,847.15,68.00,0.439,4.141,0.332,banana,fresh
7156937,7078,90.00,847.05,68.20,0.440,4.140,0.333,banana,fresh
7157948,7079,89.90,847.00,68.15,0.439,4.140,0.333,banana,fresh
7158960,7080,89.90,847.05,68.20,0.439,4.140,0.333,banana,fresh
7159970,7081,89.95,847.00,68.30,0.440,4.140,0.334,banana,fresh
7160981,7082,89.85,847.10,68.25,0.439,4.140,0.334,banana,fresh
7161993,7083,89.75,847.00,68.05,0.439,4.140,0.333,banana,fresh
7163003,7084,89.85,847.05,68.10,0.439,4.140,0.333,banana,fresh
7164014,7085,89.95,847.15,68.15,0.440,4.141,0.333,banana,fresh
7165026,7086,89.90,847.05,68.15,0.439,4.140,0.333,banana,fresh
7166036,7087,89.85,847.05,68.00,0.439,4.140,0.332,banana,fresh
7167047,7088,89.80,847.00,68.05,0.439,4.140,0.333,banana,fresh
7168059,7089,89.85,847.15,68.10,0.439,4.141,0.333,banana,fresh
7169070,7090,89.90,847.00,68.05,0.439,4.140,0.333,banana,fresh
7170080,7091,89.80,847.05,68.05,0.439,4.140,0.333,banana,fresh
7171092,7092,89.95,847.05,68.15,0.440,4.140,0.333,banana,fresh
7172103,7093,89.60,847.00,68.25,0.438,4.140,0.334,banana,fresh
7173113,7094,89.95,847.00,68.20,0.440,4.140,0.333,banana,fresh
7174125,7095,89.70,847.00,68.05,0.438,4.140,0.333,banana,fresh
7175136,7096,89.85,847.00,68.05,0.439,4.140,0.333,banana,fresh
7176146,7097,89.75,847.00,68.25,0.439,4.140,0.334,banana,fresh
7177158,7098,89.70,847.00,68.25,0.438,4.140,0.334,banana,fresh
7178169,7099,89.90,847.10,68.25,0.439,4.140,0.334,banana,fresh
7179180,7100,89.80,847.05,68.10,0.439,4.140,0.333,banana,fresh
7180191,7101,89.65,847.00,68.15,0.438,4.140,0.333,banana,fresh
7181202,7102,89.80,847.00,68.00,0.439,4.140,0.332,banana,fresh
7182213,7103,89.75,847.00,68.10,0.439,4.140,0.333,banana,fresh
7183224,7104,89.85,847.05,68.20,0.439,4.140,0.333,banana,fresh
7184235,7105,89.75,847.00,68.15,0.439,4.140,0.333,banana,fresh
7185246,7106,89.65,847.00,68.10,0.438,4.140,0.333,banana,fresh
7186257,7107,89.85,847.05,68.10,0.439,4.140,0.333,banana,fresh
7187268,7108,89.75,847.05,68.15,0.439,4.140,0.333,banana,fresh
7188279,7109,89.70,847.00,68.25,0.438,4.140,0.334,banana,fresh
7189291,7110,89.90,847.05,68.20,0.439,4.140,0.333,banana,fresh
7190301,7111,89.70,847.00,68.15,0.438,4.140,0.333,banana,fresh
7191312,7112,89.85,847.00,68.15,0.439,4.140,0.333,banana,fresh
7192324,7113,89.75,847.00,68.15,0.439,4.140,0.333,banana,fresh
7193334,7114,89.80,847.00,68.10,0.439,4.140,0.333,banana,fresh
7194345,7115,89.85,847.05,68.15,0.439,4.140,0.333,banana,fresh
7195357,7116,89.85,847.00,68.05,0.439,4.140,0.333,banana,fresh
7196367,7117,89.60,847.00,68.15,0.438,4.140,0.333,banana,fresh
7197378,7118,90.00,847.10,68.15,0.440,4.140,0.333,banana,fresh
7198390,7119,89.80,847.05,68.10,0.439,4.140,0.333,banana,fresh
7199400,7120,89.75,847.00,68.10,0.439,4.140,0.333,banana,fresh
7200411,7121,89.80,847.10,68.25,0.439,4.140,0.334,banana,fresh
7201423,7122,89.70,847.10,68.10,0.438,4.140,0.333,banana,fresh
7202434,7123,89.70,847.05,68.00,0.438,4.140,0.332,banana,fresh
7203444,7124,89.60,847.00,68.05,0.438,4.140,0.333,banana,fresh
7204456,7125,89.85,847.00,68.15,0.439,4.140,0.333,banana,fresh
7205467,7126,89.70,847.00,68.10,0.438,4.140,0.333,banana,fresh
7206477,7127,89.75,847.00,68.20,0.439,4.140,0.333,banana,fresh
7207489,7128,89.75,847.00,68.00,0.439,4.140,0.332,banana,fresh
7208500,7129,89.70,847.05,68.05,0.438,4.140,0.333,banana,fresh
7209510,7130,89.65,847.00,68.00,0.438,4.140,0.332,banana,fresh
7210522,7131,89.65,847.05,68.10,0.438,4.140,0.333,banana,fresh
7211533,7132,89.60,847.00,68.15,0.438,4.140,0.333,banana,fresh
7212544,7133,89.65,846.95,68.05,0.438,4.140,0.333,banana,fresh
7213555,7134,89.55,847.00,68.25,0.438,4.140,0.334,banana,fresh
7214566,7135,89.90,847.00,68.05,0.439,4.140,0.333,banana,fresh
7215577,7136,89.75,847.00,68.00,0.439,4.140,0.332,banana,fresh
7216588,7137,89.70,847.00,68.10,0.438,4.140,0.333,banana,fresh
7217599,7138,89.70,847.00,68.00,0.438,4.140,0.332,banana,fresh
7218610,7139,89.70,847.00,68.10,0.438,4.140,0.333,banana,fresh
7219621,7140,89.85,847.00,68.10,0.439,4.140,0.333,banana,fresh
7220632,7141,89.85,846.95,68.05,0.439,4.140,0.333,banana,fresh
7221643,7142,89.90,847.00,68.05,0.439,4.140,0.333,banana,fresh
7222654,7143,89.60,847.05,68.00,0.438,4.140,0.332,banana,fresh
7223665,7144,89.75,847.00,68.10,0.439,4.140,0.333,banana,fresh
7224676,7145,89.80,847.00,68.05,0.439,4.140,0.333,banana,fresh
7225688,7146,89.75,847.00,68.00,0.439,4.140,0.332,banana,fresh
7226698,7147,89.65,847.00,68.10,0.438,4.140,0.333,banana,fresh
7227709,7148,89.80,847.00,68.05,0.439,4.140,0.333,banana,fresh
7228721,7149,89.55,847.00,68.10,0.438,4.140,0.333,banana,fresh
7229731,7150,89.65,847.00,68.00,0.438,4.140,0.332,banana,fresh
7230742,7151,89.80,847.00,68.15,0.439,4.140,0.333,banana,fresh
7231754,7152,89.55,847.00,68.05,0.438,4.140,0.333,banana,fresh
7232764,7153,89.50,847.00,68.15,0.437,4.140,0.333,banana,fresh
7233775,7154,89.80,847.00,68.05,0.439,4.140,0.333,banana,fresh
7234787,7155,89.60,847.00,68.20,0.438,4.140,0.333,banana,fresh
7235798,7156,89.55,847.00,68.05,0.438,4.140,0.333,banana,fresh
7236808,7157,89.70,846.95,68.05,0.438,4.140,0.333,banana,fresh
7237820,7158,89.70,847.05,68.05,0.438,4.140,0.333,banana,fresh
7238831,7159,89.60,847.00,68.05,0.438,4.140,0.333,banana,fresh
7239841,7160,89.60,847.00,68.05,0.438,4.140,0.333,banana,fresh
7240852,7161,89.70,847.00,68.05,0.438,4.140,0.333,banana,fresh
7241864,7162,89.55,847.05,68.10,0.438,4.140,0.333,banana,fresh
7242874,7163,89.55,847.05,68.10,0.438,4.140,0.333,banana,fresh
7243885,7164,89.65,847.00,68.05,0.438,4.140,0.333,banana,fresh
7244897,7165,89.65,847.00,68.05,0.438,4.140,0.333,banana,fresh
7245907,7166,89.60,847.00,68.05,0.438,4.140,0.333,banana,fresh
7246918,7167,89.75,847.00,68.05,0.439,4.140,0.333,banana,fresh
7247930,7168,89.60,847.00,68.05,0.438,4.140,0.333,banana,fresh
7248941,7169,89.70,846.95,68.00,0.438,4.140,0.332,banana,fresh
7249951,7170,89.55,847.00,68.10,0.438,4.140,0.333,banana,fresh
7250963,7171,89.80,847.00,68.15,0.439,4.140,0.333,banana,fresh
7251974,7172,89.45,846.95,68.00,0.437,4.140,0.332,banana,fresh
7252984,7173,89.60,847.10,68.10,0.438,4.140,0.333,banana,fresh
7253996,7174,89.60,847.00,68.00,0.438,4.140,0.332,banana,fresh
7255007,7175,89.75,847.05,68.05,0.439,4.140,0.333,banana,fresh
7256017,7176,89.80,847.00,68.05,0.439,4.140,0.333,banana,fresh
7257029,7177,89.70,847.00,68.05,0.438,4.140,0.333,banana,fresh
7258040,7178,89.60,847.00,68.05,0.438,4.140,0.333,banana,fresh
7259051,7179,89.50,847.00,68.05,0.437,4.140,0.333,banana,fresh
7260062,7180,89.60,846.95,68.10,0.438,4.140,0.333,banana,fresh
7261073,7181,89.30,847.00,68.00,0.436,4.140,0.332,banana,fresh
7262084,7182,89.55,846.95,68.05,0.438,4.140,0.333,banana,fresh
7263095,7183,89.85,847.00,68.05,0.439,4.140,0.333,banana,fresh
7264106,7184,89.60,847.00,68.10,0.438,4.140,0.333,banana,fresh
7265117,7185,89.65,846.95,68.10,0.438,4.140,0.333,banana,fresh
7266128,7186,89.65,847.05,68.10,0.438,4.140,0.333,banana,fresh
7267139,7187,89.85,846.90,68.00,0.439,4.139,0.332,banana,fresh
7268150,7188,89.60,846.95,68.00,0.438,4.140,0.332,banana,fresh
7269161,7189,89.50,847.00,68.05,0.437,4.140,0.333,banana,fresh
7270172,7190,89.50,847.00,68.00,0.437,4.140,0.332,banana,fresh
7271183,7191,89.50,846.90,68.00,0.437,4.139,0.332,banana,fresh
7272195,7192,89.30,846.95,68.15,0.436,4.140,0.333,banana,fresh
7273205,7193,89.80,846.95,68.05,0.439,4.140,0.333,banana,fresh
7274216,7194,89.50,847.00,68.00,0.437,4.140,0.332,banana,fresh
7275228,7195,89.50,847.05,68.05,0.437,4.140,0.333,banana,fresh
7276238,7196,89.65,846.95,68.05,0.438,4.140,0.333,banana,fresh
7277249,7197,89.55,846.90,68.05,0.438,4.139,0.333,banana,fresh
7278261,7198,89.55,846.85,68.00,0.438,4.139,0.332,banana,fresh
7279271,7199,89.60,846.95,68.15,0.438,4.140,0.333,banana,fresh
7280282,7200,89.60,847.00,68.00,0.438,4.140,0.332,banana,fresh
7281294,7201,89.60,846.95,68.00,0.438,4.140,0.332,banana,fresh
7282305,7202,89.80,846.95,68.05,0.439,4.140,0.333,banana,fresh
7283315,7203,89.55,847.00,68.00,0.438,4.140,0.332,banana,fresh
7284327,7204,89.60,846.95,68.05,0.438,4.140,0.333,banana,fresh
7285338,7205,89.40,846.95,68.00,0.437,4.140,0.332,banana,fresh
7286348,7206,89.85,846.95,67.95,0.439,4.140,0.332,banana,fresh
7287360,7207,89.50,847.00,68.05,0.437,4.140,0.333,banana,fresh
7288371,7208,89.45,847.00,67.95,0.437,4.140,0.332,banana,fresh
7289381,7209,89.70,847.00,68.05,0.438,4.140,0.333,banana,fresh
7290393,7210,89.50,847.00,68.00,0.437,4.140,0.332,banana,fresh
7291404,7211,89.60,846.95,68.00,0.438,4.140,0.332,banana,fresh
7292414,7212,89.45,847.00,68.05,0.437,4.140,0.333,banana,fresh
7293426,7213,89.50,846.90,68.10,0.437,4.139,0.333,banana,fresh
7294437,7214,89.60,847.00,68.00,0.438,4.140,0.332,banana,fresh
7295448,7215,89.40,847.00,68.10,0.437,4.140,0.333,banana,fresh
7296459,7216,89.40,846.95,68.05,0.437,4.140,0.333,banana,fresh
7297470,7217,89.20,847.00,68.05,0.436,4.140,0.333,banana,fresh
7298481,7218,89.40,846.95,68.15,0.437,4.140,0.333,banana,fresh
7299492,7219,89.55,847.00,68.05,0.438,4.140,0.333,banana,fresh
7300503,7220,89.50,846.95,68.00,0.437,4.140,0.332,banana,fresh
7301514,7221,89.45,847.00,68.00,0.437,4.140,0.332,banana,fresh
7302525,7222,89.40,847.00,68.00,0.437,4.140,0.332,banana,fresh
7303536,7223,89.65,847.00,68.00,0.438,4.140,0.332,banana,fresh
7304547,7224,89.60,846.95,68.05,0.438,4.140,0.333,banana,fresh
7305559,7225,89.65,847.00,68.00,0.438,4.140,0.332,banana,fresh
7306569,7226,89.65,846.90,68.10,0.438,4.139,0.333,banana,fresh
7307580,7227,89.45,846.95,68.00,0.437,4.140,0.332,banana,fresh
7308592,7228,89.50,846.95,68.00,0.437,4.140,0.332,banana,fresh
7309602,7229,89.60,847.00,68.05,0.438,4.140,0.333,banana,fresh
7310613,7230,89.45,847.00,68.05,0.437,4.140,0.333,banana,fresh
7311625,7231,89.30,847.00,68.00,0.436,4.140,0.332,banana,fresh
7312635,7232,89.30,847.00,67.95,0.436,4.140,0.332,banana,fresh
7313646,7233,89.55,847.00,68.00,0.438,4.140,0.332,banana,fresh
7314658,7234,89.40,846.95,68.00,0.437,4.140,0.332,banana,fresh
7315668,7235,89.35,847.00,68.05,0.437,4.140,0.333,banana,fresh
7316679,7236,89.65,847.00,68.00,0.438,4.140,0.332,banana,fresh
7317691,7237,89.55,847.00,68.05,0.438,4.140,0.333,banana,fresh
7318702,7238,89.60,847.00,68.00,0.438,4.140,0.332,banana,fresh
7319712,7239,89.45,846.95,68.05,0.437,4.140,0.333,banana,fresh
7320724,7240,89.50,846.95,68.00,0.437,4.140,0.332,banana,fresh
7321735,7241,89.30,847.00,68.05,0.436,4.140,0.333,banana,fresh
7322745,7242,89.30,847.00,68.05,0.436,4.140,0.333,banana,fresh
7323757,7243,89.35,847.00,68.00,0.437,4.140,0.332,banana,fresh
7324768,7244,89.60,847.00,68.00,0.438,4.140,0.332,banana,fresh
7325778,7245,89.45,847.00,68.00,0.437,4.140,0.332,banana,fresh
7326790,7246,89.50,847.05,68.00,0.437,4.140,0.332,banana,fresh
7327801,7247,89.35,846.90,68.00,0.437,4.139,0.332,banana,fresh
7328812,7248,89.45,847.00,68.00,0.437,4.140,0.332,banana,fresh
7329823,7249,89.50,847.00,68.00,0.437,4.140,0.332,banana,fresh
7330834,7250,89.35,846.95,68.05,0.437,4.140,0.333,banana,fresh
7331845,7251,89.55,847.00,68.05,0.438,4.140,0.333,banana,fresh
7332856,7252,89.55,847.00,68.00,0.438,4.140,0.332,banana,fresh
7333867,7253,89.55,847.00,68.00,0.438,4.140,0.332,banana,fresh
7334878,7254,89.60,847.00,68.05,0.438,4.140,0.333,banana,fresh
7335889,7255,89.20,847.00,68.00,0.436,4.140,0.332,banana,fresh
7336900,7256,89.40,846.90,68.00,0.437,4.139,0.332,banana,fresh
7337911,7257,89.50,847.00,67.95,0.437,4.140,0.332,banana,fresh
7338923,7258,89.60,847.00,68.00,0.438,4.140,0.332,banana,fresh
7339933,7259,89.25,847.00,68.00,0.436,4.140,0.332,banana,fresh
7340944,7260,89.40,847.00,68.00,0.437,4.140,0.332,banana,fresh
7341956,7261,89.45,847.00,68.00,0.437,4.140,0.332,banana,fresh
7342966,7262,89.55,846.95,68.00,0.438,4.140,0.332,banana,fresh
7343977,7263,89.40,846.95,68.00,0.437,4.140,0.332,banana,fresh
7344989,7264,89.50,847.00,68.05,0.437,4.140,0.333,banana,fresh
7345999,7265,89.35,847.00,68.00,0.437,4.140,0.332,banana,fresh
7347010,7266,89.50,847.00,67.95,0.437,4.140,0.332,banana,fresh
7348021,7267,89.45,846.95,68.00,0.437,4.140,0.332,banana,fresh
7349032,7268,89.40,847.00,67.95,0.437,4.140,0.332,banana,fresh
7350043,7269,89.35,847.00,68.05,0.437,4.140,0.333,banana,fresh
7351054,7270,89.35,847.00,68.00,0.437,4.140,0.332,banana,fresh
7352066,7271,89.25,847.00,68.05,0.436,4.140,0.333,banana,fresh
7353076,7272,89.35,846.90,68.00,0.437,4.139,0.332,banana,fresh
7354087,7273,89.50,846.95,68.00,0.437,4.140,0.332,banana,fresh
7355099,7274,89.45,847.00,68.00,0.437,4.140,0.332,banana,fresh
7356109,7275,89.50,847.05,68.00,0.437,4.140,0.332,banana,fresh
7357120,7276,89.45,846.95,68.00,0.437,4.140,0.332,banana,fresh
7358132,7277,89.40,846.90,68.00,0.437,4.139,0.332,banana,fresh
7359142,7278,89.40,847.00,68.00,0.437,4.140,0.332,banana,fresh
7360153,7279,89.50,847.00,68.00,0.437,4.140,0.332,banana,fresh
7361165,7280,89.40,847.00,68.00,0.437,4.140,0.332,banana,fresh
7362176,7281,89.35,847.00,68.00,0.437,4.140,0.332,banana,fresh
7363186,7282,89.30,847.00,68.00,0.436,4.140,0.332,banana,fresh
7364198,7283,89.55,847.00,68.00,0.438,4.140,0.332,banana,fresh
7365209,7284,89.25,847.00,68.00,0.436,4.140,0.332,banana,fresh
7366219,7285,89.35,847.00,68.00,0.437,4.140,0.332,banana,fresh
7367231,7286,89.40,847.00,68.05,0.437,4.140,0.333,banana,fresh
7368242,7287,89.35,846.95,68.00,0.437,4.140,0.332,banana,fresh
7369252,7288,89.40,846.90,68.00,0.437,4.139,0.332,banana,fresh
7370264,7289,89.35,847.00,68.05,0.437,4.140,0.333,banana,fresh
7371275,7290,89.20,847.00,68.00,0.436,4.140,0.332,banana,fresh
7372285,7291,89.30,847.00,68.05,0.436,4.140,0.333,banana,fresh
7373297,7292,89.25,847.00,68.00,0.436,4.140,0.332,banana,fresh
7374308,7293,89.50,847.00,68.00,0.437,4.140,0.332,banana,fresh
7375319,7294,89.30,847.00,68.00,0.436,4.140,0.332,banana,fresh
7376330,7295,89.25,847.00,68.00,0.436,4.140,0.332,banana,fresh
7377341,7296,89.40,847.00,68.00,0.437,4.140,0.332,banana,fresh
7378352,7297,89.45,847.00,68.05,0.437,4.140,0.333,banana,fresh
7379363,7298,89.30,847.00,68.05,0.436,4.140,0.333,banana,fresh
7380374,7299,89.30,847.00,68.00,0.436,4.140,0.332,banana,fresh
7381385,7300,89.40,847.00,67.95,0.437,4.140,0.332,banana,fresh
7382396,7301,89.55,847.00,68.05,0.438,4.140,0.333,banana,fresh
7383407,7302,89.35,847.00,68.00,0.437,4.140,0.332,banana,fresh
7384418,7303,89.60,847.00,68.00,0.438,4.140,0.332,banana,fresh
7385430,7304,89.35,847.00,68.00,0.437,4.140,0.332,banana,fresh
7386440,7305,89.35,847.00,68.00,0.437,4.140,0.332,banana,fresh
7387451,7306,89.30,847.05,68.00,0.436,4.140,0.332,banana,fresh
7388463,7307,89.45,847.00,67.95,0.437,4.140,0.332,banana,fresh
7389473,7308,89.40,847.00,68.05,0.437,4.140,0.333,banana,fresh
7390484,7309,89.35,847.00,68.00,0.437,4.140,0.332,banana,fresh
7391496,7310,89.50,847.00,68.00,0.437,4.140,0.332,banana,fresh
7392506,7311,89.20,847.05,67.95,0.436,4.140,0.332,banana,fresh
7393517,7312,89.30,847.00,68.00,0.436,4.140,0.332,banana,fresh
7394529,7313,89.35,847.00,68.05,0.437,4.140,0.333,banana,fresh
7395539,7314,89.20,847.00,68.05,0.436,4.140,0.333,banana,fresh
7396550,7315,89.20,847.00,68.00,0.436,4.140,0.332,banana,fresh
7397562,7316,89.15,847.00,68.00,0.436,4.140,0.332,banana,fresh
7398573,7317,89.25,847.00,68.00,0.436,4.140,0.332,banana,fresh
7399583,7318,89.35,847.00,68.00,0.437,4.140,0.332,banana,fresh
7400595,7319,89.40,846.95,68.00,0.437,4.140,0.332,banana,fresh
7401606,7320,89.15,846.95,68.00,0.436,4.140,0.332,banana,fresh
7402616,7321,89.30,847.00,68.00,0.436,4.140,0.332,banana,fresh
7403628,7322,89.50,847.00,68.00,0.437,4.140,0.332,banana,fresh
7404639,7323,89.10,847.00,68.00,0.435,4.140,0.332,banana,fresh
7405649,7324,89.25,847.00,68.00,0.436,4.140,0.332,banana,fresh
7406661,7325,89.15,847.00,68.00,0.436,4.140,0.332,banana,fresh
7407672,7326,89.35,847.00,68.00,0.437,4.140,0.332,banana,fresh
7408683,7327,89.40,846.90,68.00,0.437,4.139,0.332,banana,fresh
7409693,7328,89.20,846.95,68.00,0.436,4.140,0.332,banana,fresh
7410705,7329,89.20,847.00,67.95,0.436,4.140,0.332,banana,fresh
7411716,7330,89.40,847.00,68.00,0.437,4.140,0.332,banana,fresh
7412726,7331,89.30,846.95,68.00,0.436,4.140,0.332,banana,fresh
7413738,7332,89.20,847.00,68.00,0.436,4.140,0.332,banana,fresh
7414749,7333,89.25,847.00,67.95,0.436,4.140,0.332,banana,fresh
7415759,7334,89.15,846.95,68.00,0.436,4.140,0.332,banana,fresh
7416771,7335,89.20,847.00,68.00,0.436,4.140,0.332,banana,fresh
7417782,7336,89.30,847.00,68.00,0.436,4.140,0.332,banana,fresh
7418792,7337,89.25,846.95,67.90,0.436,4.140,0.332,banana,fresh
7419804,7338,89.40,847.00,68.00,0.437,4.140,0.332,banana,fresh
7420815,7339,89.25,847.00,68.00,0.436,4.140,0.332,banana,fresh
7421826,7340,89.25,847.00,68.00,0.436,4.140,0.332,banana,fresh
7422837,7341,89.20,847.00,68.05,0.436,4.140,0.333,banana,fresh
7423848,7342,89.10,847.00,68.00,0.435,4.140,0.332,banana,fresh
7424859,7343,89.20,846.95,68.05,0.436,4.140,0.333,banana,fresh
7425870,7344,89.20,846.85,68.00,0.436,4.139,0.332,banana,fresh
7426881,7345,89.30,847.00,68.00,0.436,4.140,0.332,banana,fresh
7427892,7346,89.40,846.90,68.00,0.437,4.139,0.332,banana,fresh
7428903,7347,89.25,846.90,68.00,0.436,4.139,0.332,banana,fresh
7429914,7348,89.15,846.95,68.00,0.436,4.140,0.332,banana,fresh
7430925,7349,89.30,847.00,68.00,0.436,4.140,0.332,banana,fresh
7431937,7350,89.15,846.90,67.95,0.436,4.139,0.332,banana,fresh
7432947,7351,89.30,847.00,68.00,0.436,4.140,0.332,banana,fresh
7433958,7352,89.40,847.00,68.00,0.437,4.140,0.332,banana,fresh
7434970,7353,89.25,846.95,68.00,0.436,4.140,0.332,banana,fresh
7435980,7354,89.20,846.85,68.00,0.436,4.139,0.332,banana,fresh
7436991,7355,89.15,846.95,68.00,0.436,4.140,0.332,banana,fresh
7438003,7356,89.35,846.95,68.00,0.437,4.140,0.332,banana,fresh
7439013,7357,89.25,846.90,68.00,0.436,4.139,0.332,banana,fresh
7440024,7358,89.15,846.90,68.00,0.436,4.139,0.332,banana,fresh
7441036,7359,89.15,846.90,68.00,0.436,4.139,0.332,banana,fresh
7442046,7360,89.15,846.95,68.00,0.436,4.140,0.332,banana,fresh
7443057,7361,89.25,846.95,68.00,0.436,4.140,0.332,banana,fresh
7444069,7362,89.20,847.00,67.95,0.436,4.140,0.332,banana,fresh
7445080,7363,89.05,847.00,68.00,0.435,4.140,0.332,banana,fresh
7446090,7364,89.10,847.00,68.00,0.435,4.140,0.332,banana,fresh
7447102,7365,89.30,846.90,68.00,0.436,4.139,0.332,banana,fresh
7448113,7366,89.10,847.00,68.00,0.435,4.140,0.332,banana,fresh
7449123,7367,89.15,846.90,68.00,0.436,4.139,0.332,banana,fresh
7450135,7368,89.20,846.90,68.05,0.436,4.139,0.333,banana,fresh
7451146,7369,89.10,846.85,68.00,0.435,4.139,0.332,banana,fresh
7452156,7370,89.20,846.95,68.00,0.436,4.140,0.332,banana,fresh
7453168,7371,89.20,846.95,68.00,0.436,4.140,0.332,banana,fresh
7454179,7372,89.20,847.00,68.00,0.436,4.140,0.332,banana,fresh
7455190,7373,89.20,846.85,67.95,0.436,4.139,0.332,banana,fresh
7456201,7374,89.30,846.95,67.95,0.436,4.140,0.332,banana,fresh
7457212,7375,89.30,846.95,67.95,0.436,4.140,0.332,banana,fresh
7458223,7376,89.10,846.80,68.00,0.435,4.139,0.332,banana,fresh
7459234,7377,89.30,846.95,68.00,0.436,4.140,0.332,banana,fresh
7460245,7378,89.10,846.80,68.00,0.435,4.139,0.332,banana,fresh
7461256,7379,89.20,846.90,68.00,0.436,4.139,0.332,banana,fresh
7462267,7380,89.30,846.85,67.95,0.436,4.139,0.332,banana,fresh
7463278,7381,89.20,846.85,68.00,0.436,4.139,0.332,banana,fresh
7464289,7382,89.20,846.90,68.00,0.436,4.139,0.332,banana,fresh
7465300,7383,89.35,846.90,68.00,0.437,4.139,0.332,banana,fresh
7466311,7384,89.15,846.90,67.95,0.436,4.139,0.332,banana,fresh
7467322,7385,89.10,846.90,68.00,0.435,4.139,0.332,banana,fresh
7468334,7386,89.10,846.95,67.95,0.435,4.140,0.332,banana,fresh
7469344,7387,89.05,846.85,67.95,0.435,4.139,0.332,banana,fresh
7470355,7388,89.20,846.90,67.95,0.436,4.139,0.332,banana,fresh
7471367,7389,89.20,847.00,68.00,0.436,4.140,0.332,banana,fresh
7472377,7390,89.10,846.90,68.00,0.435,4.139,0.332,banana,fresh
7473388,7391,89.20,846.90,67.95,0.436,4.139,0.332,banana,fresh
7474400,7392,89.05,846.90,68.00,0.435,4.139,0.332,banana,fresh
7475410,7393,89.00,847.00,68.00,0.435,4.140,0.332,banana,fresh
7476421,7394,89.20,846.95,67.95,0.436,4.140,0.332,banana,fresh
7477433,7395,89.00,846.95,68.00,0.435,4.140,0.332,banana,fresh
7478444,7396,89.05,846.90,67.90,0.435,4.139,0.332,banana,fresh
7479454,7397,89.05,847.00,68.00,0.435,4.140,0.332,banana,fresh
7480466,7398,89.15,846.95,68.00,0.436,4.140,0.332,banana,fresh
7481477,7399,89.10,846.85,68.00,0.435,4.139,0.332,banana,fresh
7482487,7400,89.20,846.85,67.95,0.436,4.139,0.332,banana,fresh
7483499,7401,89.25,846.85,68.00,0.436,4.139,0.332,banana,fresh
7484510,7402,89.05,846.85,67.95,0.435,4.139,0.332,banana,fresh
7485520,7403,89.10,846.90,67.95,0.435,4.139,0.332,banana,fresh
7486532,7404,89.15,846.90,68.00,0.436,4.139,0.332,banana,fresh
7487543,7405,89.15,846.95,68.00,0.436,4.140,0.332,banana,fresh
7488553,7406,89.00,846.85,67.90,0.435,4.139,0.332,banana,fresh
7489565,7407,89.05,846.90,68.00,0.435,4.139,0.332,banana,fresh
7490576,7408,89.15,846.95,68.00,0.436,4.140,0.332,banana,fresh
7491587,7409,89.30,846.90,67.95,0.436,4.139,0.332,banana,fresh
7492598,7410,89.10,846.90,67.95,0.435,4.139,0.332,banana,fresh
7493609,7411,89.10,846.95,67.80,0.435,4.140,0.331,banana,fresh
7494620,7412,89.05,846.85,67.95,0.435,4.139,0.332,banana,fresh
7495631,7413,89.10,846.95,67.95,0.435,4.140,0.332,banana,fresh
7496642,7414,89.00,846.90,68.00,0.435,4.139,0.332,banana,fresh
7497653,7415,89.00,846.80,68.00,0.435,4.139,0.332,banana,fresh
7498664,7416,89.10,846.90,68.00,0.435,4.139,0.332,banana,fresh
7499675,7417,89.05,846.80,67.95,0.435,4.139,0.332,banana,fresh
7500686,7418,89.20,846.95,67.95,0.436,4.140,0.332,banana,fresh
7501698,7419,89.05,846.80,67.95,0.435,4.139,0.332,banana,fresh
7502708,7420,89.05,846.80,68.00,0.435,4.139,0.332,banana,fresh
7503719,7421,89.05,846.80,68.00,0.435,4.139,0.332,banana,fresh
7504731,7422,89.15,847.00,68.00,0.436,4.140,0.332,banana,fresh
7505741,7423,89.10,846.90,68.00,0.435,4.139,0.332,banana,fresh
7506752,7424,89.00,846.70,67.90,0.435,4.138,0.332,banana,fresh
7507764,7425,89.20,846.80,68.00,0.436,4.139,0.332,banana,fresh
7508774,7426,89.00,846.85,67.95,0.435,4.139,0.332,banana,fresh
7509785,7427,89.00,846.95,68.00,0.435,4.140,0.332,banana,fresh
7510797,7428,89.10,846.70,67.95,0.435,4.138,0.332,banana,fresh
7511808,7429,89.05,847.00,67.90,0.435,4.140,0.332,banana,fresh
7512818,7430,89.00,846.90,67.95,0.435,4.139,0.332,banana,fresh
7513830,7431,89.05,846.90,67.95,0.435,4.139,0.332,banana,fresh
7514841,7432,89.05,846.80,67.95,0.435,4.139,0.332,banana,fresh
7515851,7433,89.10,846.80,68.00,0.435,4.139,0.332,banana,fresh
7516863,7434,89.10,846.85,67.90,0.435,4.139,0.332,banana,fresh
7517874,7435,89.10,846.90,68.00,0.435,4.139,0.332,banana,fresh
7518885,7436,89.10,846.90,67.90,0.435,4.139,0.332,banana,fresh
7519896,7437,89.00,846.80,67.95,0.435,4.139,0.332,banana,fresh
7520907,7438,89.05,847.00,67.95,0.435,4.140,0.332,banana,fresh
7521918,7439,89.00,846.85,68.00,0.435,4.139,0.332,banana,fresh
7522929,7440,88.95,846.85,67.90,0.435,4.139,0.332,banana,fresh
7523940,7441,89.00,846.95,68.00,0.435,4.140,0.332,banana,fresh
7524952,7442,89.05,846.90,67.95,0.435,4.139,0.332,banana,fresh
7525962,7443,89.00,846.90,68.00,0.435,4.139,0.332,banana,fresh
7526973,7444,89.10,846.90,67.95,0.435,4.139,0.332,banana,fresh
7527985,7445,89.05,846.75,67.95,0.435,4.139,0.332,banana,fresh
7528995,7446,89.10,846.90,68.00,0.435,4.139,0.332,banana,fresh
7530006,7447,89.05,846.75,68.00,0.435,4.139,0.332,banana,fresh
7531018,7448,88.95,846.75,68.00,0.435,4.139,0.332,banana,fresh
7532028,7449,89.00,846.90,67.95,0.435,4.139,0.332,banana,fresh
7533039,7450,89.10,846.80,67.80,0.435,4.139,0.331,banana,fresh
7534051,7451,88.95,846.95,67.95,0.435,4.140,0.332,banana,fresh
7535062,7452,89.10,846.90,67.70,0.435,4.139,0.331,banana,fresh
7536072,7453,89.15,846.80,67.95,0.436,4.139,0.332,banana,fresh
7537084,7454,89.05,846.90,67.90,0.435,4.139,0.332,banana,fresh
7538095,7455,89.05,846.80,67.95,0.435,4.139,0.332,banana,fresh
7539105,7456,89.10,846.75,67.90,0.435,4.139,0.332,banana,fresh
7540117,7457,89.15,846.85,67.90,0.436,4.139,0.332,banana,fresh
7541128,7458,89.05,846.80,67.95,0.435,4.139,0.332,banana,fresh
7542138,7459,89.10,846.80,67.95,0.435,4.139,0.332,banana,fresh
7543150,7460,89.10,846.80,67.90,0.435,4.139,0.332,banana,fresh
7544161,7461,88.95,846.75,67.80,0.435,4.139,0.331,banana,fresh
7545171,7462,89.00,846.85,67.80,0.435,4.139,0.331,banana,fresh
7546183,7463,89.00,846.65,67.85,0.435,4.138,0.332,banana,fresh
7547194,7464,89.05,846.80,67.90,0.435,4.139,0.332,banana,fresh
7548205,7465,89.00,846.70,67.90,0.435,4.138,0.332,banana,fresh
7549216,7466,89.00,846.60,67.90,0.435,4.138,0.332,banana,fresh
7550227,7467,89.00,846.80,67.85,0.435,4.139,0.332,banana,fresh
7551238,7468,89.05,846.80,67.80,0.435,4.139,0.331,banana,fresh
7552249,7469,88.95,846.65,67.80,0.435,4.138,0.331,banana,fresh
7553260,7470,89.00,846.75,68.00,0.435,4.139,0.332,banana,fresh
7554271,7471,89.00,846.95,67.90,0.435,4.140,0.332,banana,fresh
7555282,7472,89.00,846.85,67.75,0.435,4.139,0.331,banana,fresh
7556293,7473,89.00,846.55,67.80,0.435,4.138,0.331,banana,fresh
7557304,7474,89.00,846.65,67.85,0.435,4.138,0.332,banana,fresh
7558316,7475,89.10,846.80,67.80,0.435,4.139,0.331,banana,fresh
7559326,7476,89.00,846.70,67.75,0.435,4.138,0.331,banana,fresh
7560337,7477,89.00,846.95,67.75,0.435,4.140,0.331,banana,fresh
7561349,7478,89.00,846.80,67.80,0.435,4.139,0.331,banana,fresh
7562359,7479,88.95,846.75,67.85,0.435,4.139,0.332,banana,fresh
7563370,7480,89.00,846.90,67.90,0.435,4.139,0.332,banana,fresh
7564382,7481,89.00,846.90,67.95,0.435,4.139,0.332,banana,fresh
7565392,7482,88.95,846.80,67.90,0.435,4.139,0.332,banana,fresh
7566403,7483,89.05,846.85,67.85,0.435,4.139,0.332,banana,fresh
7567415,7484,89.05,846.70,67.75,0.435,4.138,0.331,banana,fresh
7568425,7485,88.95,846.75,67.85,0.435,4.139,0.332,banana,fresh
7569437,7486,88.95,846.75,67.80,0.435,4.139,0.331,banana,fresh
7570448,7487,89.00,846.55,67.90,0.435,4.138,0.332,banana,fresh
7571459,7488,89.00,846.80,68.00,0.435,4.139,0.332,banana,fresh
7572470,7489,89.00,846.85,67.85,0.435,4.139,0.332,banana,fresh
7573481,7490,89.00,846.85,67.85,0.435,4.139,0.332,banana,fresh
7574492,7491,89.00,846.75,67.75,0.435,4.139,0.331,banana,fresh
7575503,7492,89.00,846.85,67.85,0.435,4.139,0.332,banana,fresh
7576514,7493,89.00,846.70,67.70,0.435,4.138,0.331,banana,fresh
7577525,7494,89.00,846.60,67.85,0.435,4.138,0.332,banana,fresh
7578536,7495,89.00,846.95,68.00,0.435,4.140,0.332,banana,fresh
7579547,7496,89.00,846.80,67.90,0.435,4.139,0.332,banana,fresh
7580558,7497,88.95,846.80,67.85,0.435,4.139,0.332,banana,fresh
7581570,7498,89.00,846.80,67.85,0.435,4.139,0.332,banana,fresh
7582580,7499,89.05,846.75,67.85,0.435,4.139,0.332,banana,fresh
7583591,7500,89.00,846.70,67.75,0.435,4.138,0.331,banana,fresh
7584603,7501,89.00,846.65,67.85,0.435,4.138,0.332,banana,fresh
7585613,7502,89.00,846.80,67.75,0.435,4.139,0.331,banana,fresh
7586624,7503,89.00,846.70,67.95,0.435,4.138,0.332,banana,fresh
7587636,7504,88.90,846.85,67.85,0.435,4.139,0.332,banana,fresh
7588646,7505,88.95,846.80,68.00,0.435,4.139,0.332,banana,fresh
7589657,7506,88.95,846.80,68.00,0.435,4.139,0.332,banana,fresh
7590669,7507,89.00,846.80,67.70,0.435,4.139,0.331,banana,fresh
7591680,7508,89.05,846.80,67.75,0.435,4.139,0.331,banana,fresh
7592690,7509,89.00,846.75,67.80,0.435,4.139,0.331,banana,fresh
7593702,7510,89.00,846.75,67.85,0.435,4.139,0.332,banana,fresh
7594713,7511,89.00,846.75,67.75,0.435,4.139,0.331,banana,fresh
7595723,7512,88.85,846.70,67.75,0.434,4.138,0.331,banana,fresh
7596735,7513,89.00,846.75,67.70,0.435,4.139,0.331,banana,fresh
7597746,7514,88.85,846.60,67.85,0.434,4.138,0.332,banana,fresh
7598756,7515,88.95,846.65,67.75,0.435,4.138,0.331,banana,fresh
7599768,7516,89.00,846.80,67.65,0.435,4.139,0.331,banana,fresh
7600779,7517,89.00,846.55,67.80,0.435,4.138,0.331,banana,fresh
7601789,7518,88.90,846.80,67.80,0.435,4.139,0.331,banana,fresh
7602801,7519,88.95,846.60,67.85,0.435,4.138,0.332,banana,fresh
7603812,7520,89.05,846.55,67.95,0.435,4.138,0.332,banana,fresh
7604823,7521,88.95,846.80,67.65,0.435,4.139,0.331,banana,fresh
7605834,7522,89.00,846.85,67.70,0.435,4.139,0.331,banana,fresh
7606845,7523,88.90,846.80,67.80,0.435,4.139,0.331,banana,fresh
7607856,7524,89.00,846.70,67.75,0.435,4.138,0.331,banana,fresh
7608867,7525,89.00,846.70,67.80,0.435,4.138,0.331,banana,fresh
7609878,7526,89.00,846.65,67.70,0.435,4.138,0.331,banana,fresh
7610889,7527,89.00,846.70,67.95,0.435,4.138,0.332,banana,fresh
7611900,7528,88.90,846.75,67.80,0.435,4.139,0.331,banana,fresh
7612911,7529,88.95,846.70,67.75,0.435,4.138,0.331,banana,fresh
7613922,7530,89.05,846.75,67.75,0.435,4.139,0.331,banana,fresh
7614934,7531,88.95,846.70,67.60,0.435,4.138,0.330,banana,fresh
7615944,7532,88.95,846.90,67.60,0.435,4.139,0.330,banana,fresh
7616955,7533,88.75,846.75,67.85,0.434,4.139,0.332,banana,fresh
7617967,7534,88.90,846.75,67.70,0.435,4.139,0.331,banana,fresh
7618977,7535,89.00,846.70,67.75,0.435,4.138,0.331,banana,fresh
7619988,7536,89.05,846.70,67.55,0.435,4.138,0.330,banana,fresh
7621000,7537,89.10,846.70,67.50,0.435,4.138,0.330,banana,fresh
7622010,7538,88.95,846.75,67.55,0.435,4.139,0.330,banana,fresh
7623021,7539,89.00,846.75,67.70,0.435,4.139,0.331,banana,fresh
7624033,7540,88.95,847.00,67.65,0.435,4.140,0.331,banana,fresh
7625043,7541,88.95,846.75,67.55,0.435,4.139,0.330,banana,fresh
7626055,7542,88.95,846.90,67.70,0.435,4.139,0.331,banana,fresh
7627066,7543,88.95,846.75,67.80,0.435,4.139,0.331,banana,fresh
7628077,7544,88.95,846.70,67.70,0.435,4.138,0.331,banana,fresh
7629088,7545,88.95,846.85,67.60,0.435,4.139,0.330,banana,fresh
7630099,7546,89.00,846.70,67.90,0.435,4.138,0.332,banana,fresh
7631110,7547,88.95,846.75,67.65,0.435,4.139,0.331,banana,fresh
7632121,7548,88.95,846.80,67.60,0.435,4.139,0.330,banana,fresh
7633132,7549,89.00,846.75,67.65,0.435,4.139,0.331,banana,fresh
7634143,7550,88.95,846.80,67.70,0.435,4.139,0.331,banana,fresh
7635154,7551,89.00,846.80,67.50,0.435,4.139,0.330,banana,fresh
7636165,7552,89.00,846.70,67.60,0.435,4.138,0.330,banana,fresh
7637176,7553,88.90,846.85,67.65,0.435,4.139,0.331,banana,fresh
7638188,7554,88.85,846.85,67.60,0.434,4.139,0.330,banana,fresh
7639198,7555,89.00,846.75,67.60,0.435,4.139,0.330,banana,fresh
7640209,7556,88.95,846.75,67.70,0.435,4.139,0.331,banana,fresh
7641221,7557,88.90,846.60,67.65,0.435,4.138,0.331,banana,fresh
7642231,7558,89.00,846.85,67.65,0.435,4.139,0.331,banana,fresh
7643242,7559,88.95,846.75,67.75,0.435,4.139,0.331,banana,fresh
7644254,7560,88.95,846.80,67.50,0.435,4.139,0.330,banana,fresh
7645264,7561,88.95,846.90,67.45,0.435,4.139,0.330,banana,fresh
7646275,7562,88.95,846.90,67.70,0.435,4.139,0.331,banana,fresh
7647287,7563,88.95,846.70,67.45,0.435,4.138,0.330,banana,fresh
7648297,7564,88.95,846.95,67.55,0.435,4.140,0.330,banana,fresh
7649308,7565,89.05,846.70,67.45,0.435,4.138,0.330,banana,fresh
7650320,7566,88.95,846.75,67.50,0.435,4.139,0.330,banana,fresh
7651331,7567,88.95,846.80,67.65,0.435,4.139,0.331,banana,fresh
7652341,7568,89.00,846.70,67.40,0.435,4.138,0.329,banana,fresh
7653353,7569,89.00,846.90,67.60,0.435,4.139,0.330,banana,fresh
7654364,7570,88.95,846.80,67.50,0.435,4.139,0.330,banana,fresh
7655374,7571,89.05,846.80,67.60,0.435,4.139,0.330,banana,fresh
7656386,7572,88.95,846.80,67.65,0.435,4.139,0.331,banana,fresh
7657397,7573,89.00,846.80,67.50,0.435,4.139,0.330,banana,fresh
7658407,7574,88.85,846.80,67.45,0.434,4.139,0.330,banana,fresh
7659419,7575,88.95,846.80,67.40,0.435,4.139,0.329,banana,fresh
7660430,7576,89.00,846.70,67.65,0.435,4.138,0.331,banana,fresh
7661441,7577,88.95,846.85,67.60,0.435,4.139,0.330,banana,fresh
7662452,7578,88.90,846.75,67.60,0.435,4.139,0.330,banana,fresh
7663463,7579,88.90,846.85,67.50,0.435,4.139,0.330,banana,fresh
7664474,7580,89.00,846.80,67.35,0.435,4.139,0.329,banana,fresh
7665485,7581,89.00,846.75,67.60,0.435,4.139,0.330,banana,fresh
7666496,7582,88.90,846.75,67.60,0.435,4.139,0.330,banana,fresh
7667507,7583,88.80,846.80,67.50,0.434,4.139,0.330,banana,fresh
7668518,7584,88.90,846.95,67.65,0.435,4.140,0.331,banana,fresh
7669529,7585,88.95,846.80,67.60,0.435,4.139,0.330,banana,fresh
7670541,7586,88.90,846.80,67.30,0.435,4.139,0.329,banana,fresh
7671552,7587,88.80,846.70,67.40,0.434,4.138,0.329,banana,fresh
7672562,7588,89.00,846.85,67.45,0.435,4.139,0.330,banana,fresh
7673574,7589,88.95,846.60,67.50,0.435,4.138,0.330,banana,fresh
7674585,7590,89.00,846.90,67.60,0.435,4.139,0.330,banana,fresh
7675595,7591,88.90,846.75,67.70,0.435,4.139,0.331,banana,fresh
7676607,7592,89.00,846.55,67.50,0.435,4.138,0.330,banana,fresh
7677618,7593,88.95,846.60,67.40,0.435,4.138,0.329,banana,fresh
7678628,7594,88.95,846.85,67.55,0.435,4.139,0.330,banana,fresh
7679640,7595,89.00,846.65,67.50,0.435,4.138,0.330,banana,fresh
7680651,7596,88.95,846.70,67.80,0.435,4.138,0.331,banana,fresh
7681661,7597,88.90,846.80,67.40,0.435,4.139,0.329,banana,fresh
7682673,7598,88.95,846.80,67.55,0.435,4.139,0.330,banana,fresh
7683684,7599,88.90,846.80,67.40,0.435,4.139,0.329,banana,fresh
7684695,7600,88.85,846.60,67.80,0.434,4.138,0.331,banana,fresh
7685706,7601,88.85,846.90,67.30,0.434,4.139,0.329,banana,fresh
7686717,7602,88.95,846.95,67.60,0.435,4.140,0.330,banana,fresh
7687728,7603,88.95,846.65,67.35,0.435,4.138,0.329,banana,fresh
7688739,7604,88.95,846.90,67.55,0.435,4.139,0.330,banana,fresh
7689750,7605,88.80,846.90,67.45,0.434,4.139,0.330,banana,fresh
7690761,7606,88.85,846.70,67.40,0.434,4.138,0.329,banana,fresh
7691772,7607,88.85,846.70,67.45,0.434,4.138,0.330,banana,fresh
7692783,7608,89.00,846.80,67.45,0.435,4.139,0.330,banana,fresh
7693794,7609,88.85,846.65,67.55,0.434,4.138,0.330,banana,fresh
7694806,7610,88.95,846.75,67.35,0.435,4.139,0.329,banana,fresh
7695816,7611,88.95,846.70,67.50,0.435,4.138,0.330,banana,fresh
7696827,7612,89.00,846.65,67.50,0.435,4.138,0.330,banana,fresh
7697839,7613,88.85,846.70,67.25,0.434,4.138,0.329,banana,fresh
7698849,7614,88.85,846.90,67.50,0.434,4.139,0.330,banana,fresh
7699860,7615,89.00,846.75,67.65,0.435,4.139,0.331,banana,fresh
7700872,7616,88.90,846.70,67.65,0.435,4.138,0.331,banana,fresh
7701882,7617,88.95,846.70,67.50,0.435,4.138,0.330,banana,fresh
7702893,7618,88.80,846.70,67.40,0.434,4.138,0.329,banana,fresh
7703905,7619,88.80,846.80,67.35,0.434,4.139,0.329,banana,fresh
7704915,7620,88.90,846.70,67.55,0.435,4.138,0.330,banana,fresh
7705926,7621,88.95,846.85,67.35,0.435,4.139,0.329,banana,fresh
7706938,7622,88.80,846.80,67.60,0.434,4.139,0.330,banana,fresh
7707949,7623,89.00,846.70,67.40,0.435,4.138,0.329,banana,fresh
7708959,7624,88.85,846.70,67.45,0.434,4.138,0.330,banana,fresh
7709971,7625,88.85,846.80,67.50,0.434,4.139,0.330,banana,fresh
7710982,7626,88.80,846.70,67.55,0.434,4.138,0.330,banana,fresh
7711992,7627,88.90,846.75,67.55,0.435,4.139,0.330,banana,fresh
7713004,7628,88.90,846.60,67.50,0.435,4.138,0.330,banana,fresh
7714015,7629,88.80,846.85,67.50,0.434,4.139,0.330,banana,fresh
7715025,7630,88.90,846.75,67.70,0.435,4.139,0.331,banana,fresh
7716037,7631,88.85,846.70,67.55,0.434,4.138,0.330,banana,fresh
7717048,7632,88.70,846.85,67.45,0.434,4.139,0.330,banana,fresh
7718059,7633,88.90,846.80,67.40,0.435,4.139,0.329,banana,fresh
7719070,7634,88.85,846.75,67.40,0.434,4.139,0.329,banana,fresh
7720081,7635,88.85,846.65,67.55,0.434,4.138,0.330,banana,fresh
7721092,7636,88.90,846.85,67.50,0.435,4.139,0.330,banana,fresh
7722103,7637,88.95,846.75,67.45,0.435,4.139,0.330,banana,fresh
7723114,7638,88.90,846.80,67.25,0.435,4.139,0.329,banana,fresh
7724126,7639,88.85,846.85,67.50,0.434,4.139,0.330,banana,fresh
7725136,7640,88.90,846.75,67.60,0.435,4.139,0.330,banana,fresh
7726147,7641,88.80,846.80,67.40,0.434,4.139,0.329,banana,fresh
7727159,7642,88.85,846.85,67.25,0.434,4.139,0.329,banana,fresh
7728169,7643,88.75,846.85,67.30,0.434,4.139,0.329,banana,fresh
7729180,7644,88.95,846.85,67.40,0.435,4.139,0.329,banana,fresh
7730192,7645,88.90,846.60,67.30,0.435,4.138,0.329,banana,fresh
7731203,7646,88.90,846.85,67.45,0.435,4.139,0.330,banana,fresh
7732213,7647,88.60,846.65,67.40,0.433,4.138,0.329,banana,fresh
7733225,7648,88.90,846.65,67.40,0.435,4.138,0.329,banana,fresh
7734236,7649,88.80,846.50,67.35,0.434,4.137,0.329,banana,fresh
7735246,7650,88.75,846.60,67.50,0.434,4.138,0.330,banana,fresh
7736258,7651,88.85,846.75,67.30,0.434,4.139,0.329,banana,fresh
7737269,7652,88.85,846.75,67.55,0.434,4.139,0.330,banana,fresh
7738279,7653,88.90,846.65,67.45,0.435,4.138,0.330,banana,fresh
7739291,7654,88.70,846.80,67.55,0.434,4.139,0.330,banana,fresh
7740302,7655,88.70,846.75,67.30,0.434,4.139,0.329,banana,fresh
7741313,7656,88.85,846.70,67.45,0.434,4.138,0.330,banana,fresh
7742324,7657,88.90,846.75,67.15,0.435,4.139,0.328,banana,fresh
7743335,7658,88.95,846.85,67.30,0.435,4.139,0.329,banana,fresh
7744346,7659,88.85,846.80,67.35,0.434,4.139,0.329,banana,fresh
7745357,7660,88.85,846.85,67.25,0.434,4.139,0.329,banana,fresh
7746368,7661,88.85,846.70,67.20,0.434,4.138,0.328,banana,fresh
7747379,7662,88.85,846.65,67.30,0.434,4.138,0.329,banana,fresh
7748390,7663,88.75,846.75,67.35,0.434,4.139,0.329,banana,fresh
7749401,7664,88.95,846.60,67.15,0.435,4.138,0.328,banana,fresh
7750412,7665,88.95,846.85,67.10,0.435,4.139,0.328,banana,fresh
7751424,7666,88.85,846.80,67.25,0.434,4.139,0.329,banana,fresh
7752434,7667,88.75,846.80,67.40,0.434,4.139,0.329,banana,fresh
7753445,7668,88.85,846.70,67.35,0.434,4.138,0.329,banana,fresh
7754457,7669,88.90,846.75,67.40,0.435,4.139,0.329,banana,fresh
7755467,7670,88.90,846.50,67.30,0.435,4.137,0.329,banana,fresh
7756479,7671,88.75,846.70,67.10,0.434,4.138,0.328,banana,fresh
7757490,7672,88.75,846.65,67.10,0.434,4.138,0.328,banana,fresh
7758500,7673,88.75,846.85,67.55,0.434,4.139,0.330,banana,fresh
7759512,7674,88.75,846.75,67.30,0.434,4.139,0.329,banana,fresh
7760523,7675,88.85,846.75,67.40,0.434,4.139,0.329,banana,fresh
7761533,7676,88.75,846.60,67.25,0.434,4.138,0.329,banana,fresh
7762545,7677,88.90,846.75,67.45,0.435,4.139,0.330,banana,fresh
7763556,7678,88.75,846.85,67.40,0.434,4.139,0.329,banana,fresh
7764567,7679,88.80,846.70,67.40,0.434,4.138,0.329,banana,fresh
7765578,7680,88.75,846.65,67.30,0.434,4.138,0.329,banana,fresh
7766589,7681,88.75,846.70,67.45,0.434,4.138,0.330,banana,fresh
7767600,7682,88.85,846.60,67.40,0.434,4.138,0.329,banana,fresh
7768611,7683,88.90,846.75,67.40,0.435,4.139,0.329,banana,fresh
7769622,7684,88.75,846.65,67.35,0.434,4.138,0.329,banana,fresh
7770633,7685,88.75,846.85,67.30,0.434,4.139,0.329,banana,fresh
7771644,7686,88.75,846.75,67.30,0.434,4.139,0.329,banana,fresh
7772655,7687,88.65,846.60,67.25,0.433,4.138,0.329,banana,fresh
7773666,7688,88.75,846.75,67.40,0.434,4.139,0.329,banana,fresh
7774678,7689,88.70,846.70,67.20,0.434,4.138,0.328,banana,fresh
7775688,7690,88.75,846.55,67.35,0.434,4.138,0.329,banana,fresh
7776699,7691,88.70,846.65,67.25,0.434,4.138,0.329,banana,fresh
7777711,7692,88.80,846.75,67.40,0.434,4.139,0.329,banana,fresh
7778721,7693,88.85,846.80,67.30,0.434,4.139,0.329,banana,fresh
7779732,7694,88.85,846.75,67.25,0.434,4.139,0.329,banana,fresh
7780744,7695,88.65,846.80,67.40,0.433,4.139,0.329,banana,fresh
7781754,7696,88.85,846.80,67.40,0.434,4.139,0.329,banana,fresh
7782765,7697,88.85,846.45,67.15,0.434,4.137,0.328,banana,fresh
7783777,7698,88.80,846.65,67.40,0.434,4.138,0.329,banana,fresh
7784787,7699,88.80,846.80,67.30,0.434,4.139,0.329,banana,fresh
7785799,7700,88.70,846.80,67.45,0.434,4.139,0.330,banana,fresh
7786810,7701,88.80,846.70,67.20,0.434,4.138,0.328,banana,fresh
7787821,7702,88.80,846.80,67.25,0.434,4.139,0.329,banana,fresh
7788832,7703,88.85,846.65,67.25,0.434,4.138,0.329,banana,fresh
7789843,7704,88.75,846.90,67.35,0.434,4.139,0.329,banana,fresh
7790854,7705,88.75,846.80,67.15,0.434,4.139,0.328,banana,fresh
7791865,7706,88.70,846.55,67.30,0.434,4.138,0.329,banana,fresh
7792876,7707,88.85,846.65,67.25,0.434,4.138,0.329,banana,fresh
7793887,7708,88.75,846.70,67.20,0.434,4.138,0.328,banana,fresh
7794898,7709,88.80,846.75,67.35,0.434,4.139,0.329,banana,fresh
7795909,7710,88.60,846.75,67.30,0.433,4.139,0.329,banana,fresh
7796920,7711,88.80,846.80,67.15,0.434,4.139,0.328,banana,fresh
7797932,7712,88.80,846.65,67.20,0.434,4.138,0.328,banana,fresh
7798942,7713,88.85,846.75,67.20,0.434,4.139,0.328,banana,fresh
7799953,7714,88.80,846.80,67.35,0.434,4.139,0.329,banana,fresh
7800965,7715,88.80,846.65,67.40,0.434,4.138,0.329,banana,fresh
7801975,7716,88.70,846.75,67.30,0.434,4.139,0.329,banana,fresh
7802986,7717,88.85,846.80,67.40,0.434,4.139,0.329,banana,fresh
7803998,7718,88.85,846.80,67.10,0.434,4.139,0.328,banana,fresh
7805008,7719,88.90,846.70,67.10,0.435,4.138,0.328,banana,fresh
7806019,7720,88.90,846.70,67.20,0.435,4.138,0.328,banana,fresh
7807031,7721,88.90,846.45,67.35,0.435,4.137,0.329,banana,fresh
7808041,7722,88.80,846.75,67.30,0.434,4.139,0.329,banana,fresh
7809052,7723,88.80,846.50,67.25,0.434,4.137,0.329,banana,fresh
7810064,7724,88.75,846.65,67.45,0.434,4.138,0.330,banana,fresh
7811075,7725,88.80,846.75,67.35,0.434,4.139,0.329,banana,fresh
7812085,7726,88.90,846.75,67.30,0.435,4.139,0.329,banana,fresh
7813097,7727,88.90,846.65,67.30,0.435,4.138,0.329,banana,fresh
7814108,7728,88.80,846.75,67.30,0.434,4.139,0.329,banana,fresh
7815118,7729,88.75,846.80,67.45,0.434,4.139,0.330,banana,fresh
7816130,7730,88.90,846.70,67.25,0.435,4.138,0.329,banana,fresh
7817141,7731,88.90,846.80,67.35,0.435,4.139,0.329,banana,fresh
7818151,7732,88.85,846.60,67.40,0.434,4.138,0.329,banana,fresh
7819163,7733,88.75,846.65,67.20,0.434,4.138,0.328,banana,fresh
7820174,7734,88.85,846.85,67.35,0.434,4.139,0.329,banana,fresh
7821185,7735,88.75,846.60,67.45,0.434,4.138,0.330,banana,fresh
7822196,7736,88.70,846.65,67.35,0.434,4.138,0.329,banana,fresh
7823207,7737,88.75,846.75,67.05,0.434,4.139,0.328,banana,fresh
7824218,7738,88.70,846.75,67.20,0.434,4.139,0.328,banana,fresh
7825229,7739,88.85,846.75,67.30,0.434,4.139,0.329,banana,fresh
7826240,7740,88.90,846.75,67.40,0.435,4.139,0.329,banana,fresh
7827251,7741,88.65,846.80,67.20,0.433,4.139,0.328,banana,fresh
7828262,7742,88.80,846.75,67.15,0.434,4.139,0.328,banana,fresh
7829273,7743,88.80,846.75,67.30,0.434,4.139,0.329,banana,fresh
7830285,7744,88.75,846.70,67.10,0.434,4.138,0.328,banana,fresh
7831296,7745,88.90,846.65,67.25,0.435,4.138,0.329,banana,fresh
7832306,7746,88.75,846.65,67.20,0.434,4.138,0.328,banana,fresh
7833318,7747,88.85,846.80,67.30,0.434,4.139,0.329,banana,fresh
7834329,7748,88.90,846.85,67.35,0.435,4.139,0.329,banana,fresh
7835339,7749,88.90,846.80,67.25,0.435,4.139,0.329,banana,fresh
7836351,7750,88.70,846.90,67.15,0.434,4.139,0.328,banana,fresh
7837362,7751,88.70,846.75,67.25,0.434,4.139,0.329,banana,fresh
7838372,7752,88.55,846.70,67.25,0.433,4.138,0.329,banana,fresh
7839384,7753,88.90,846.60,67.35,0.435,4.138,0.329,banana,fresh
7840395,7754,88.75,846.85,67.30,0.434,4.139,0.329,banana,fresh
7841405,7755,88.75,846.90,67.20,0.434,4.139,0.328,banana,fresh
7842417,7756,88.90,846.60,67.25,0.435,4.138,0.329,banana,fresh
7843428,7757,88.75,846.75,67.25,0.434,4.139,0.329,banana,fresh
7844439,7758,88.85,846.70,67.25,0.434,4.138,0.329,banana,fresh
7845450,7759,88.90,846.85,67.25,0.435,4.139,0.329,banana,fresh
7846461,7760,88.80,846.70,67.25,0.434,4.138,0.329,banana,fresh
7847472,7761,88.70,846.75,67.15,0.434,4.139,0.328,banana,fresh
7848483,7762,88.85,846.85,67.25,0.434,4.139,0.329,banana,fresh
7849494,7763,88.75,846.80,67.30,0.434,4.139,0.329,banana,fresh
7850505,7764,88.85,846.75,67.45,0.434,4.139,0.330,banana,fresh
7851516,7765,88.95,846.80,67.20,0.435,4.139,0.328,banana,fresh
7852527,7766,88.80,846.90,67.20,0.434,4.139,0.328,banana,fresh
7853538,7767,88.85,846.80,67.50,0.434,4.139,0.330,banana,fresh
7854550,7768,88.85,846.80,67.25,0.434,4.139,0.329,banana,fresh
7855560,7769,88.85,846.85,67.40,0.434,4.139,0.329,banana,fresh
7856571,7770,88.80,846.95,67.15,0.434,4.140,0.328,banana,fresh
7857583,7771,88.90,846.90,67.40,0.435,4.139,0.329,banana,fresh
7858593,7772,88.85,846.80,67.30,0.434,4.139,0.329,banana,fresh
7859604,7773,88.90,846.85,67.35,0.435,4.139,0.329,banana,fresh
7860616,7774,88.75,846.85,67.40,0.434,4.139,0.329,banana,fresh
7861626,7775,88.90,846.80,67.25,0.435,4.139,0.329,banana,fresh
7862638,7776,88.90,846.95,67.55,0.435,4.140,0.330,banana,fresh
7863649,7777,88.90,846.80,67.35,0.435,4.139,0.329,banana,fresh
7864659,7778,88.90,846.80,67.35,0.435,4.139,0.329,banana,fresh
7865671,7779,88.85,846.90,67.20,0.434,4.139,0.328,banana,fresh
7866682,7780,88.65,846.80,67.30,0.433,4.139,0.329,banana,fresh
7867693,7781,88.75,846.80,67.25,0.434,4.139,0.329,banana,fresh
7868704,7782,88.90,846.95,67.50,0.435,4.140,0.330,banana,fresh
7869715,7783,88.85,846.90,67.30,0.434,4.139,0.329,banana,fresh
7870726,7784,88.80,846.85,67.25,0.434,4.139,0.329,banana,fresh
7871737,7785,88.80,846.95,67.30,0.434,4.140,0.329,banana,fresh
7872748,7786,88.95,847.00,67.25,0.435,4.140,0.329,banana,fresh
7873759,7787,88.90,846.80,67.45,0.435,4.139,0.330,banana,fresh
7874770,7788,88.95,846.95,67.35,0.435,4.140,0.329,banana,fresh
7875781,7789,88.80,846.85,67.35,0.434,4.139,0.329,banana,fresh
7876792,7790,88.70,846.95,67.50,0.434,4.140,0.330,banana,fresh
7877804,7791,88.85,846.85,67.35,0.434,4.139,0.329,banana,fresh
7878814,7792,88.75,846.85,67.25,0.434,4.139,0.329,banana,fresh
7879825,7793,89.00,846.85,67.30,0.435,4.139,0.329,banana,fresh
7880837,7794,88.85,846.95,67.30,0.434,4.140,0.329,banana,fresh
7881847,7795,88.90,846.90,67.30,0.435,4.139,0.329,banana,fresh
7882858,7796,88.95,846.95,67.25,0.435,4.140,0.329,banana,fresh
7883870,7797,88.90,846.95,67.25,0.435,4.140,0.329,banana,fresh
7884880,7798,88.75,846.95,67.50,0.434,4.140,0.330,banana,fresh
7885891,7799,88.80,846.90,67.25,0.434,4.139,0.329,banana,fresh
7886903,7800,88.75,846.95,67.35,0.434,4.140,0.329,banana,fresh
7887913,7801,89.00,846.90,67.30,0.435,4.139,0.329,banana,fresh
7888924,7802,88.90,846.90,67.25,0.435,4.139,0.329,banana,fresh
7889936,7803,88.90,846.95,67.30,0.435,4.140,0.329,banana,fresh
7890947,7804,88.90,847.00,67.20,0.435,4.140,0.328,banana,fresh
7891957,7805,88.95,846.95,67.35,0.435,4.140,0.329,banana,fresh
7892969,7806,88.85,847.00,67.40,0.434,4.140,0.329,banana,fresh
7893980,7807,89.00,847.00,67.30,0.435,4.140,0.329,banana,fresh
7894990,7808,88.85,846.90,67.30,0.434,4.139,0.329,banana,fresh
7896002,7809,89.00,846.90,67.45,0.435,4.139,0.330,banana,fresh
7897013,7810,88.95,846.90,67.40,0.435,4.139,0.329,banana,fresh
7898023,7811,89.00,846.90,67.60,0.435,4.139,0.330,banana,fresh
7899035,7812,88.95,846.90,67.35,0.435,4.139,0.329,banana,fresh
7900046,7813,88.90,846.90,67.45,0.435,4.139,0.330,banana,fresh
7901057,7814,88.90,847.00,67.40,0.435,4.140,0.329,banana,fresh
7902068,7815,88.95,846.95,67.50,0.435,4.140,0.330,banana,fresh
7903079,7816,88.90,847.00,67.30,0.435,4.140,0.329,banana,fresh
7904090,7817,88.95,846.95,67.50,0.435,4.140,0.330,banana,fresh
7905101,7818,88.95,846.95,67.35,0.435,4.140,0.329,banana,fresh
7906112,7819,88.85,846.95,67.35,0.434,4.140,0.329,banana,fresh
7907123,7820,88.95,847.00,67.30,0.435,4.140,0.329,banana,fresh
7908134,7821,88.90,847.00,67.50,0.435,4.140,0.330,banana,fresh
7909145,7822,88.95,847.00,67.35,0.435,4.140,0.329,banana,fresh
7910156,7823,88.75,847.00,67.30,0.434,4.140,0.329,banana,fresh
7911168,7824,88.95,847.00,67.20,0.435,4.140,0.328,banana,fresh
7912178,7825,88.95,847.00,67.40,0.435,4.140,0.329,banana,fresh
7913189,7826,89.05,847.00,67.30,0.435,4.140,0.329,banana,fresh
7914201,7827,88.80,846.95,67.30,0.434,4.140,0.329,banana,fresh
7915211,7828,88.95,847.00,67.30,0.435,4.140,0.329,banana,fresh
7916222,7829,89.00,847.00,67.30,0.435,4.140,0.329,banana,fresh
7917234,7830,89.05,847.00,67.55,0.435,4.140,0.330,banana,fresh
7918244,7831,88.95,846.95,67.35,0.435,4.140,0.329,banana,fresh
7919255,7832,88.85,847.00,67.50,0.434,4.140,0.330,banana,fresh
7920267,7833,88.90,847.00,67.40,0.435,4.140,0.329,banana,fresh
7921277,7834,88.95,847.00,67.40,0.435,4.140,0.329,banana,fresh
7922288,7835,88.95,847.00,67.35,0.435,4.140,0.329,banana,fresh
7923300,7836,88.95,846.95,67.45,0.435,4.140,0.330,banana,fresh
7924311,7837,88.80,846.95,67.40,0.434,4.140,0.329,banana,fresh
7925321,7838,88.95,846.95,67.55,0.435,4.140,0.330,banana,fresh
7926333,7839,88.85,846.95,67.60,0.434,4.140,0.330,banana,fresh
7927344,7840,89.00,847.00,67.40,0.435,4.140,0.329,banana,fresh
7928354,7841,89.00,847.00,67.40,0.435,4.140,0.329,banana,fresh
7929366,7842,88.90,847.00,67.50,0.435,4.140,0.330,banana,fresh
7930377,7843,89.00,847.00,67.35,0.435,4.140,0.329,banana,fresh
7931387,7844,88.95,847.00,67.45,0.435,4.140,0.330,banana,fresh
7932399,7845,88.95,847.00,67.70,0.435,4.140,0.331,banana,fresh
7933410,7846,89.00,847.00,67.45,0.435,4.140,0.330,banana,fresh
7934420,7847,88.90,847.00,67.35,0.435,4.140,0.329,banana,fresh
7935432,7848,88.85,847.00,67.15,0.434,4.140,0.328,banana,fresh
7936443,7849,88.85,847.00,67.35,0.434,4.140,0.329,banana,fresh
7937454,7850,88.90,846.95,67.55,0.435,4.140,0.330,banana,fresh
7938465,7851,88.95,847.00,67.25,0.435,4.140,0.329,banana,fresh
7939476,7852,89.00,847.00,67.45,0.435,4.140,0.330,banana,fresh
7940487,7853,88.85,847.00,67.60,0.434,4.140,0.330,banana,fresh
7941498,7854,89.00,846.95,67.45,0.435,4.140,0.330,banana,fresh
7942509,7855,88.90,847.00,67.50,0.435,4.140,0.330,banana,fresh
7943520,7856,88.90,846.95,67.40,0.435,4.140,0.329,banana,fresh
7944531,7857,88.95,847.00,67.50,0.435,4.140,0.330,banana,fresh
7945542,7858,88.95,847.00,67.65,0.435,4.140,0.331,banana,fresh
7946553,7859,89.05,847.00,67.35,0.435,4.140,0.329,banana,fresh
7947565,7860,88.95,847.00,67.45,0.435,4.140,0.330,banana,fresh
7948575,7861,88.95,847.00,67.35,0.435,4.140,0.329,banana,fresh
7949586,7862,88.95,847.05,67.50,0.435,4.140,0.330,banana,fresh
7950598,7863,89.00,847.00,67.30,0.435,4.140,0.329,banana,fresh
7951608,7864,89.00,847.00,67.45,0.435,4.140,0.330,banana,fresh
7952619,7865,89.00,846.95,67.50,0.435,4.140,0.330,banana,fresh
7953630,7866,89.00,847.00,67.50,0.435,4.140,0.330,banana,fresh
7954641,7867,89.00,846.95,67.55,0.435,4.140,0.330,banana,fresh
7955652,7868,89.05,847.00,67.35,0.435,4.140,0.329,banana,fresh
7956663,7869,88.90,847.00,67.30,0.435,4.140,0.329,banana,fresh
7957675,7870,89.00,847.00,67.40,0.435,4.140,0.329,banana,fresh
7958685,7871,89.00,847.00,67.55,0.435,4.140,0.330,banana,fresh
7959696,7872,89.00,847.00,67.55,0.435,4.140,0.330,banana,fresh
7960708,7873,89.00,847.05,67.35,0.435,4.140,0.329,banana,fresh
7961718,7874,89.10,847.00,67.40,0.435,4.140,0.329,banana,fresh
7962729,7875,89.00,847.05,67.45,0.435,4.140,0.330,banana,fresh
7963741,7876,88.85,846.95,67.65,0.434,4.140,0.331,banana,fresh
7964751,7877,89.00,847.00,67.55,0.435,4.140,0.330,banana,fresh
7965762,7878,88.95,847.00,67.40,0.435,4.140,0.329,banana,fresh
7966774,7879,88.90,847.00,67.45,0.435,4.140,0.330,banana,fresh
7967784,7880,89.00,847.00,67.60,0.435,4.140,0.330,banana,fresh
7968795,7881,88.95,847.00,67.40,0.435,4.140,0.329,banana,fresh
7969807,7882,89.00,847.00,67.55,0.435,4.140,0.330,banana,fresh
7970818,7883,89.05,847.00,67.45,0.435,4.140,0.330,banana,fresh
7971828,7884,89.05,847.00,67.55,0.435,4.140,0.330,banana,fresh
7972840,7885,89.00,847.00,67.45,0.435,4.140,0.330,banana,fresh
7973851,7886,89.10,847.10,67.40,0.435,4.140,0.329,banana,fresh
7974861,7887,89.05,847.05,67.65,0.435,4.140,0.331,banana,fresh
7975873,7888,89.05,847.00,67.45,0.435,4.140,0.330,banana,fresh
7976884,7889,89.00,847.00,67.70,0.435,4.140,0.331,banana,fresh
7977894,7890,88.95,847.00,67.40,0.435,4.140,0.329,banana,fresh
7978906,7891,88.95,847.00,67.45,0.435,4.140,0.330,banana,fresh
7979917,7892,89.05,847.00,67.40,0.435,4.140,0.329,banana,fresh
7980928,7893,89.10,847.05,67.65,0.435,4.140,0.331,banana,fresh
7981939,7894,89.00,847.10,67.70,0.435,4.140,0.331,banana,fresh
7982950,7895,89.00,847.05,67.50,0.435,4.140,0.330,banana,fresh
7983961,7896,89.00,847.00,67.40,0.435,4.140,0.329,banana,fresh
7984972,7897,89.00,847.00,67.45,0.435,4.140,0.330,banana,fresh
7985983,7898,89.00,847.05,67.70,0.435,4.140,0.331,banana,fresh
7986994,7899,89.00,847.00,67.85,0.435,4.140,0.332,banana,fresh
7988005,7900,89.00,847.00,67.45,0.435,4.140,0.330,banana,fresh
7989016,7901,88.90,847.10,67.60,0.435,4.140,0.330,banana,fresh
7990027,7902,89.05,847.10,67.50,0.435,4.140,0.330,banana,fresh
7991038,7903,89.05,847.15,67.45,0.435,4.141,0.330,banana,fresh
7992049,7904,89.05,847.00,67.75,0.435,4.140,0.331,banana,fresh
7993060,7905,89.05,847.10,67.45,0.435,4.140,0.330,banana,fresh
7994072,7906,89.00,847.05,67.75,0.435,4.140,0.331,banana,fresh
7995082,7907,88.95,847.00,67.40,0.435,4.140,0.329,banana,fresh
7996093,7908,89.05,847.05,67.85,0.435,4.140,0.332,banana,fresh
7997105,7909,88.95,847.05,67.45,0.435,4.140,0.330,banana,fresh
7998115,7910,89.05,847.05,67.60,0.435,4.140,0.330,banana,fresh
7999126,7911,89.00,847.00,67.55,0.435,4.140,0.330,banana,fresh
8000138,7912,88.95,847.05,67.35,0.435,4.140,0.329,banana,fresh
8001148,7913,89.00,847.05,67.65,0.435,4.140,0.331,banana,fresh
8002159,7914,89.00,847.20,67.85,0.435,4.141,0.332,banana,fresh
8003171,7915,88.95,847.05,67.40,0.435,4.140,0.329,banana,fresh
8004182,7916,89.05,847.00,67.65,0.435,4.140,0.331,banana,fresh
8005192,7917,89.05,847.00,67.80,0.435,4.140,0.331,banana,fresh
8006204,7918,89.00,847.10,67.55,0.435,4.140,0.330,banana,fresh
8007215,7919,89.00,847.20,67.75,0.435,4.141,0.331,banana,fresh
8008225,7920,89.00,847.00,67.50,0.435,4.140,0.330,banana,fresh
8009237,7921,89.05,847.05,67.55,0.435,4.140,0.330,banana,fresh
8010248,7922,89.10,847.10,67.85,0.435,4.140,0.332,banana,fresh
8011258,7923,89.10,847.15,67.60,0.435,4.141,0.330,banana,fresh
8012270,7924,89.00,847.25,67.60,0.435,4.141,0.330,banana,fresh
8013281,7925,89.00,847.25,67.65,0.435,4.141,0.331,banana,fresh
8014291,7926,89.00,847.10,67.60,0.435,4.140,0.330,banana,fresh
8015303,7927,89.15,847.20,67.70,0.436,4.141,0.331,banana,fresh
8016314,7928,89.10,847.15,67.55,0.435,4.141,0.330,banana,fresh
8017325,7929,89.10,847.10,67.65,0.435,4.140,0.331,banana,fresh
8018336,7930,89.05,847.15,67.80,0.435,4.141,0.331,banana,fresh
8019347,7931,89.00,847.15,67.55,0.435,4.141,0.330,banana,fresh
8020358,7932,89.00,847.05,67.75,0.435,4.140,0.331,banana,fresh
8021369,7933,89.00,847.10,67.65,0.435,4.140,0.331,banana,fresh
8022380,7934,89.10,847.20,67.65,0.435,4.141,0.331,banana,fresh
8023391,7935,89.05,847.20,67.55,0.435,4.141,0.330,banana,fresh
8024402,7936,89.05,847.20,67.50,0.435,4.141,0.330,banana,fresh
8025413,7937,89.05,847.20,67.60,0.435,4.141,0.330,banana,fresh
8026424,7938,89.15,847.25,67.75,0.436,4.141,0.331,banana,fresh
8027436,7939,89.10,847.15,67.70,0.435,4.141,0.331,banana,fresh
8028446,7940,89.10,847.20,67.65,0.435,4.141,0.331,banana,fresh
8029457,7941,89.15,847.30,67.65,0.436,4.141,0.331,banana,fresh
8030469,7942,89.15,847.10,67.45,0.436,4.140,0.330,banana,fresh
8031479,7943,89.05,847.20,67.65,0.435,4.141,0.331,banana,fresh
8032491,7944,89.05,847.10,67.70,0.435,4.140,0.331,banana,fresh
8033502,7945,89.05,847.05,67.40,0.435,4.140,0.329,banana,fresh
8034512,7946,89.15,847.10,67.65,0.436,4.140,0.331,banana,fresh
8035524,7947,89.00,847.15,67.65,0.435,4.141,0.331,banana,fresh
8036535,7948,89.15,847.15,67.55,0.436,4.141,0.330,banana,fresh
8037545,7949,89.15,847.35,67.60,0.436,4.141,0.330,banana,fresh
8038557,7950,89.20,847.30,67.70,0.436,4.141,0.331,banana,fresh
8039568,7951,89.10,847.25,67.80,0.435,4.141,0.331,banana,fresh
8040579,7952,89.15,847.35,67.55,0.436,4.141,0.330,banana,fresh
8041590,7953,89.15,847.30,67.65,0.436,4.141,0.331,banana,fresh
8042601,7954,89.25,847.45,67.70,0.436,4.142,0.331,banana,fresh
8043612,7955,89.05,847.30,67.60,0.435,4.141,0.330,banana,fresh
8044623,7956,89.10,847.25,67.70,0.435,4.141,0.331,banana,fresh
8045634,7957,89.10,847.30,67.70,0.435,4.141,0.331,banana,fresh
8046645,7958,89.10,847.30,67.80,0.435,4.141,0.331,banana,fresh
8047656,7959,89.15,847.25,67.85,0.436,4.141,0.332,banana,fresh
8048667,7960,89.05,847.10,67.60,0.435,4.140,0.330,banana,fresh
8049678,7961,89.05,847.35,67.80,0.435,4.141,0.331,banana,fresh
8050690,7962,89.05,847.30,67.60,0.435,4.141,0.330,banana,fresh
8051700,7963,89.10,847.25,67.55,0.435,4.141,0.330,banana,fresh
8052711,7964,89.15,847.35,67.85,0.436,4.141,0.332,banana,fresh
8053723,7965,89.10,847.20,67.85,0.435,4.141,0.332,banana,fresh
8054733,7966,89.15,847.30,67.75,0.436,4.141,0.331,banana,fresh
8055744,7967,89.15,847.45,67.90,0.436,4.142,0.332,banana,fresh
8056756,7968,89.05,847.60,67.85,0.435,4.143,0.332,banana,fresh
8057766,7969,89.20,847.40,67.60,0.436,4.142,0.330,banana,fresh
8058777,7970,89.10,847.50,67.65,0.435,4.142,0.331,banana,fresh
8059789,7971,89.20,847.55,67.70,0.436,4.142,0.331,banana,fresh
8060800,7972,89.10,847.35,67.70,0.435,4.141,0.331,banana,fresh
8061811,7973,89.30,847.25,67.90,0.436,4.141,0.332,banana,fresh
8062822,7974,89.15,847.50,67.85,0.436,4.142,0.332,banana,fresh
8063833,7975,89.20,847.55,67.85,0.436,4.142,0.332,banana,fresh
8064844,7976,89.05,847.65,67.80,0.435,4.143,0.331,banana,fresh
8065855,7977,89.15,847.45,67.70,0.436,4.142,0.331,banana,fresh
8066866,7978,89.15,847.55,67.90,0.436,4.142,0.332,banana,fresh
8067877,7979,89.15,847.60,67.70,0.436,4.143,0.331,banana,fresh
8068888,7980,89.25,847.30,67.75,0.436,4.141,0.331,banana,fresh
8069899,7981,89.10,847.40,67.90,0.435,4.142,0.332,banana,fresh
8070910,7982,89.15,847.45,67.85,0.436,4.142,0.332,banana,fresh
8071921,7983,89.00,847.40,67.75,0.435,4.142,0.331,banana,fresh
8072932,7984,89.25,847.45,67.75,0.436,4.142,0.331,banana,fresh
8073944,7985,89.20,847.35,67.80,0.436,4.141,0.331,banana,fresh
8074954,7986,89.15,847.55,67.95,0.436,4.142,0.332,banana,fresh
8075965,7987,89.15,847.45,67.90,0.436,4.142,0.332,banana,fresh
8076977,7988,89.15,847.60,67.80,0.436,4.143,0.331,banana,fresh
8077987,7989,89.15,847.75,67.90,0.436,4.143,0.332,banana,fresh
8078998,7990,89.15,847.65,67.90,0.436,4.143,0.332,banana,fresh
8080010,7991,89.10,847.50,67.90,0.435,4.142,0.332,banana,fresh
8081020,7992,89.10,847.70,67.95,0.435,4.143,0.332,banana,fresh
8082031,7993,89.25,847.70,67.85,0.436,4.143,0.332,banana,fresh
8083043,7994,89.20,847.75,67.75,0.436,4.143,0.331,banana,fresh
8084054,7995,89.10,847.65,67.95,0.435,4.143,0.332,banana,fresh
8085064,7996,89.05,847.60,67.75,0.435,4.143,0.331,banana,fresh
8086076,7997,89.05,847.50,67.85,0.435,4.142,0.332,banana,fresh
8087087,7998,89.20,847.80,67.90,0.436,4.144,0.332,banana,fresh
8088097,7999,89.30,847.55,67.85,0.436,4.142,0.332,banana,fresh
8089109,8000,89.20,847.55,67.95,0.436,4.142,0.332,banana,fresh
8090120,8001,89.20,847.70,67.80,0.436,4.143,0.331,banana,fresh
8091131,8002,89.15,847.55,67.85,0.436,4.142,0.332,banana,fresh
8092142,8003,89.30,847.55,67.65,0.436,4.142,0.331,banana,fresh
8093153,8004,89.20,847.55,68.00,0.436,4.142,0.332,banana,fresh
8094164,8005,89.35,847.75,67.85,0.437,4.143,0.332,banana,fresh
8095175,8006,89.15,847.75,67.85,0.436,4.143,0.332,banana,fresh
8096186,8007,89.30,847.75,67.90,0.436,4.143,0.332,banana,fresh
8097198,8008,89.20,847.55,68.00,0.436,4.142,0.332,banana,fresh
8098208,8009,89.30,847.65,67.95,0.436,4.143,0.332,banana,fresh
8099219,8010,89.20,847.70,67.95,0.436,4.143,0.332,banana,fresh
8100231,8011,89.20,847.70,67.90,0.436,4.143,0.332,banana,fresh
8101241,8012,89.25,847.70,67.85,0.436,4.143,0.332,banana,fresh
8102252,8013,89.15,847.75,68.00,0.436,4.143,0.332,banana,fresh
8103264,8014,89.45,847.85,67.95,0.437,4.144,0.332,banana,fresh
8104274,8015,89.25,847.75,67.95,0.436,4.143,0.332,banana,fresh
8105285,8016,89.20,847.75,67.80,0.436,4.143,0.331,banana,fresh
8106297,8017,89.15,847.80,68.00,0.436,4.144,0.332,banana,fresh
8107308,8018,89.45,847.65,67.95,0.437,4.143,0.332,banana,fresh
8108318,8019,89.35,847.65,67.90,0.437,4.143,0.332,banana,fresh
8109330,8020,89.35,847.80,68.00,0.437,4.144,0.332,banana,fresh
8110341,8021,89.15,847.80,68.00,0.436,4.144,0.332,banana,fresh
8111351,8022,89.20,847.60,67.90,0.436,4.143,0.332,banana,fresh
8112363,8023,89.30,847.80,68.00,0.436,4.144,0.332,banana,fresh
8113374,8024,89.25,847.80,68.00,0.436,4.144,0.332,banana,fresh
8114384,8025,89.20,847.85,68.00,0.436,4.144,0.332,banana,fresh
8115396,8026,89.20,847.80,67.95,0.436,4.144,0.332,banana,fresh
8116407,8027,89.10,847.80,67.90,0.435,4.144,0.332,banana,fresh
8117417,8028,89.40,847.90,68.00,0.437,4.144,0.332,banana,fresh
8118429,8029,89.55,847.85,67.90,0.438,4.144,0.332,banana,fresh
8119440,8030,89.35,847.85,67.95,0.437,4.144,0.332,banana,fresh
8120451,8031,89.40,847.75,67.85,0.437,4.143,0.332,banana,fresh
8121462,8032,89.30,847.90,67.95,0.436,4.144,0.332,banana,fresh
8122473,8033,89.40,847.85,67.85,0.437,4.144,0.332,banana,fresh
8123485,8034,89.45,847.85,68.00,0.437,4.144,0.332,banana,fresh
8124495,8035,89.25,847.95,67.95,0.436,4.144,0.332,banana,fresh
8125506,8036,89.25,847.95,67.95,0.436,4.144,0.332,banana,fresh
8126518,8037,89.50,847.95,67.95,0.437,4.144,0.332,banana,fresh
8127528,8038,89.30,847.90,68.00,0.436,4.144,0.332,banana,fresh
8128539,8039,89.35,848.00,67.90,0.437,4.145,0.332,banana,fresh
8129551,8040,89.50,847.95,67.90,0.437,4.144,0.332,banana,fresh
8130562,8041,89.20,847.80,67.95,0.436,4.144,0.332,banana,fresh
8131572,8042,89.30,847.90,68.00,0.436,4.144,0.332,banana,fresh
8132584,8043,89.30,848.00,67.95,0.436,4.145,0.332,banana,fresh
8133595,8044,89.35,847.90,68.00,0.437,4.144,0.332,banana,fresh
8134605,8045,89.20,847.95,67.95,0.436,4.144,0.332,banana,fresh
8135617,8046,89.45,847.95,67.95,0.437,4.144,0.332,banana,fresh
8136628,8047,89.35,848.00,67.90,0.437,4.145,0.332,banana,fresh
8137638,8048,89.25,847.90,67.95,0.436,4.144,0.332,banana,fresh
8138650,8049,89.30,848.00,67.90,0.436,4.145,0.332,banana,fresh
8139661,8050,89.40,847.90,68.00,0.437,4.144,0.332,banana,fresh
8140672,8051,89.35,848.00,68.00,0.437,4.145,0.332,banana,fresh
8141683,8052,89.35,847.95,67.90,0.437,4.144,0.332,banana,fresh
8142694,8053,89.60,847.95,67.95,0.438,4.144,0.332,banana,fresh
8143705,8054,89.35,848.00,67.85,0.437,4.145,0.332,banana,fresh
8144716,8055,89.25,848.00,68.00,0.436,4.145,0.332,banana,fresh
8145727,8056,89.20,847.95,68.00,0.436,4.144,0.332,banana,fresh
8146738,8057,89.25,848.00,67.95,0.436,4.145,0.332,banana,fresh
8147749,8058,89.35,848.00,67.95,0.437,4.145,0.332,banana,fresh
8148760,8059,89.30,848.00,67.90,0.436,4.145,0.332,banana,fresh
8149771,8060,89.45,847.85,67.95,0.437,4.144,0.332,banana,fresh
8150782,8061,89.45,847.90,67.90,0.437,4.144,0.332,banana,fresh
8151793,8062,89.50,848.00,68.00,0.437,4.145,0.332,banana,fresh
8152804,8063,89.60,848.00,68.00,0.438,4.145,0.332,banana,fresh
8153816,8064,89.50,848.00,68.00,0.437,4.145,0.332,banana,fresh
8154826,8065,89.30,847.90,67.95,0.436,4.144,0.332,banana,fresh
8155837,8066,89.45,847.95,67.95,0.437,4.144,0.332,banana,fresh
8156849,8067,89.35,848.00,68.00,0.437,4.145,0.332,banana,fresh
8157859,8068,89.50,848.00,68.00,0.437,4.145,0.332,banana,fresh
8158870,8069,89.25,848.00,67.90,0.436,4.145,0.332,banana,fresh
8159882,8070,89.40,848.05,67.95,0.437,4.145,0.332,banana,fresh
8160892,8071,89.40,848.00,67.90,0.437,4.145,0.332,banana,fresh
8161903,8072,89.50,848.00,67.95,0.437,4.145,0.332,banana,fresh
8162915,8073,89.35,848.00,67.95,0.437,4.145,0.332,banana,fresh
8163926,8074,89.45,848.00,68.00,0.437,4.145,0.332,banana,fresh
8164936,8075,89.45,848.00,68.00,0.437,4.145,0.332,banana,fresh
8165948,8076,89.55,848.00,68.00,0.438,4.145,0.332,banana,fresh
8166959,8077,89.40,848.00,68.00,0.437,4.145,0.332,banana,fresh
8167969,8078,89.50,848.00,68.00,0.437,4.145,0.332,banana,fresh
8168981,8079,89.35,848.00,68.00,0.437,4.145,0.332,banana,fresh
8169992,8080,89.50,847.95,68.00,0.437,4.144,0.332,banana,fresh
8171002,8081,89.50,848.00,68.00,0.437,4.145,0.332,banana,fresh
8172014,8082,89.55,848.00,68.00,0.438,4.145,0.332,banana,fresh
8173025,8083,89.55,848.00,68.00,0.438,4.145,0.332,banana,fresh
8174035,8084,89.65,848.00,67.95,0.438,4.145,0.332,banana,fresh
8175047,8085,89.60,848.05,67.95,0.438,4.145,0.332,banana,fresh
8176058,8086,89.50,848.00,68.00,0.437,4.145,0.332,banana,fresh
8177069,8087,89.30,848.00,68.00,0.436,4.145,0.332,banana,fresh
8178080,8088,89.40,848.00,68.00,0.437,4.145,0.332,banana,fresh
8179091,8089,89.50,848.00,68.05,0.437,4.145,0.333,banana,fresh
8180102,8090,89.45,848.00,68.00,0.437,4.145,0.332,banana,fresh
8181113,8091,89.60,848.00,68.00,0.438,4.145,0.332,banana,fresh
8182124,8092,89.50,848.00,68.00,0.437,4.145,0.332,banana,fresh
8183135,8093,89.45,848.00,68.00,0.437,4.145,0.332,banana,fresh
8184146,8094,89.60,848.00,67.95,0.438,4.145,0.332,banana,fresh
8185157,8095,89.70,848.00,68.00,0.438,4.145,0.332,banana,fresh
8186168,8096,89.60,848.00,68.00,0.438,4.145,0.332,banana,fresh
8187180,8097,89.35,848.00,68.05,0.437,4.145,0.333,banana,fresh
8188190,8098,89.40,848.00,68.00,0.437,4.145,0.332,banana,fresh
8189201,8099,89.70,848.00,68.00,0.438,4.145,0.332,banana,fresh
8190213,8100,89.55,848.00,68.00,0.438,4.145,0.332,banana,fresh
8191223,8101,89.50,848.00,68.05,0.437,4.145,0.333,banana,fresh
8192234,8102,89.45,848.00,68.00,0.437,4.145,0.332,banana,fresh
8193246,8103,89.60,848.00,68.00,0.438,4.145,0.332,banana,fresh
8194256,8104,89.40,848.10,68.00,0.437,4.145,0.332,banana,fresh
8195267,8105,89.65,848.00,68.05,0.438,4.145,0.333,banana,fresh
8196279,8106,89.55,848.00,68.00,0.438,4.145,0.332,banana,fresh
8197289,8107,89.70,848.00,67.95,0.438,4.145,0.332,banana,fresh
8198300,8108,89.40,848.00,67.95,0.437,4.145,0.332,banana,fresh
8199312,8109,89.40,848.00,68.05,0.437,4.145,0.333,banana,fresh
8200323,8110,89.50,848.00,68.05,0.437,4.145,0.333,banana,fresh
8201333,8111,89.50,848.00,68.05,0.437,4.145,0.333,banana,fresh
8202345,8112,89.75,848.00,68.00,0.439,4.145,0.332,banana,fresh
8203356,8113,89.45,848.00,68.00,0.437,4.145,0.332,banana,fresh
8204366,8114,89.35,848.05,68.05,0.437,4.145,0.333,banana,fresh
8205378,8115,89.55,848.00,68.00,0.438,4.145,0.332,banana,fresh
8206389,8116,89.60,848.05,68.05,0.438,4.145,0.333,banana,fresh
8207399,8117,89.55,848.05,68.00,0.438,4.145,0.332,banana,fresh
8208411,8118,89.70,848.05,68.00,0.438,4.145,0.332,banana,fresh
8209422,8119,89.70,848.10,68.05,0.438,4.145,0.333,banana,fresh
8210433,8120,89.55,848.00,68.00,0.438,4.145,0.332,banana,fresh
8211443,8121,89.60,848.10,68.00,0.438,4.145,0.332,banana,fresh
8212455,8122,89.45,848.00,68.15,0.437,4.145,0.333,banana,fresh
8213466,8123,89.60,848.00,68.05,0.438,4.145,0.333,banana,fresh
8214476,8124,89.45,848.05,68.00,0.437,4.145,0.332,banana,fresh
8215488,8125,89.40,848.00,68.00,0.437,4.145,0.332,banana,fresh
8216499,8126,89.85,848.15,68.10,0.439,4.145,0.333,banana,fresh
8217509,8127,89.60,848.00,68.00,0.438,4.145,0.332,banana,fresh
8218521,8128,89.55,848.05,68.10,0.438,4.145,0.333,banana,fresh
8219532,8129,89.45,848.00,68.00,0.437,4.145,0.332,banana,fresh
8220542,8130,89.80,848.10,68.05,0.439,4.145,0.333,banana,fresh
8221554,8131,89.65,848.05,68.00,0.438,4.145,0.332,banana,fresh
8222565,8132,89.60,848.20,68.15,0.438,4.146,0.333,banana,fresh
8223576,8133,89.80,848.15,68.05,0.439,4.145,0.333,banana,fresh
8224587,8134,89.65,848.05,68.05,0.438,4.145,0.333,banana,fresh
8225598,8135,89.60,848.20,68.00,0.438,4.146,0.332,banana,fresh
8226609,8136,89.60,848.00,68.15,0.438,4.145,0.333,banana,fresh
8227620,8137,89.65,848.00,68.05,0.438,4.145,0.333,banana,fresh
8228631,8138,89.50,848.05,68.15,0.437,4.145,0.333,banana,fresh
8229642,8139,89.65,848.05,68.05,0.438,4.145,0.333,banana,fresh
8230653,8140,89.75,848.10,68.00,0.439,4.145,0.332,banana,fresh
8231664,8141,89.65,848.10,68.10,0.438,4.145,0.333,banana,fresh
8232676,8142,89.75,848.15,68.00,0.439,4.145,0.332,banana,fresh
8233687,8143,89.55,848.20,68.10,0.438,4.146,0.333,banana,fresh
8234697,8144,89.70,848.15,68.15,0.438,4.145,0.333,banana,fresh
8235709,8145,89.65,848.15,68.05,0.438,4.145,0.333,banana,fresh
8236720,8146,89.65,848.15,68.20,0.438,4.145,0.333,banana,fresh
8237730,8147,89.60,848.05,68.15,0.438,4.145,0.333,banana,fresh
8238742,8148,89.75,848.05,68.10,0.439,4.145,0.333,banana,fresh
8239753,8149,89.60,848.15,68.10,0.438,4.145,0.333,banana,fresh
8240763,8150,89.70,848.10,68.15,0.438,4.145,0.333,banana,fresh
8241775,8151,89.60,848.15,68.10,0.438,4.145,0.333,banana,fresh
8242786,8152,89.75,848.15,68.00,0.439,4.145,0.332,banana,fresh
8243796,8153,89.70,848.20,68.05,0.438,4.146,0.333,banana,fresh
8244808,8154,89.70,848.45,68.05,0.438,4.147,0.333,banana,fresh
8245819,8155,89.75,848.10,68.10,0.439,4.145,0.333,banana,fresh
8246830,8156,89.60,848.05,68.10,0.438,4.145,0.333,banana,fresh
8247841,8157,89.75,848.10,68.10,0.439,4.145,0.333,banana,fresh
8248852,8158,89.60,848.25,68.15,0.438,4.146,0.333,banana,fresh
8249863,8159,89.80,848.15,68.05,0.439,4.145,0.333,banana,fresh
8250874,8160,89.70,848.50,68.10,0.438,4.147,0.333,banana,fresh
8251885,8161,89.65,848.00,68.05,0.438,4.145,0.333,banana,fresh
8252896,8162,89.55,848.10,68.20,0.438,4.145,0.333,banana,fresh
8253907,8163,89.80,848.10,68.10,0.439,4.145,0.333,banana,fresh
8254918,8164,89.65,848.15,68.20,0.438,4.145,0.333,banana,fresh
8255929,8165,89.80,848.25,68.15,0.439,4.146,0.333,banana,fresh
8256941,8166,89.80,848.15,68.10,0.439,4.145,0.333,banana,fresh
8257951,8167,89.75,848.05,68.25,0.439,4.145,0.334,banana,fresh
8258962,8168,89.85,848.20,68.30,0.439,4.146,0.334,banana,fresh
8259974,8169,89.70,848.15,68.05,0.438,4.145,0.333,banana,fresh
8260984,8170,89.75,848.30,68.25,0.439,4.146,0.334,banana,fresh
8261995,8171,89.70,848.15,68.25,0.438,4.145,0.334,banana,fresh
8263007,8172,89.90,848.10,68.00,0.439,4.145,0.332,banana,fresh
8264017,8173,89.95,848.15,68.15,0.440,4.145,0.333,banana,fresh
8265028,8174,89.85,848.20,68.20,0.439,4.146,0.333,banana,fresh
8266040,8175,89.85,848.05,68.30,0.439,4.145,0.334,banana,fresh
8267051,8176,89.75,848.20,68.05,0.439,4.146,0.333,banana,fresh
8268061,8177,89.65,848.30,68.20,0.438,4.146,0.333,banana,fresh
8269073,8178,89.65,848.25,68.25,0.438,4.146,0.334,banana,fresh
8270084,8179,89.80,848.15,68.30,0.439,4.145,0.334,banana,fresh
8271094,8180,89.60,848.15,68.10,0.438,4.145,0.333,banana,fresh
8272106,8181,89.80,848.20,68.15,0.439,4.146,0.333,banana,fresh
8273117,8182,89.65,848.30,68.25,0.438,4.146,0.334,banana,fresh
8274127,8183,89.70,848.15,68.20,0.438,4.145,0.333,banana,fresh
8275139,8184,89.80,848.25,68.20,0.439,4.146,0.333,banana,fresh
8276150,8185,89.70,848.25,68.25,0.438,4.146,0.334,banana,fresh
8277160,8186,89.70,848.20,68.25,0.438,4.146,0.334,banana,fresh
8278172,8187,89.95,848.45,68.20,0.440,4.147,0.333,banana,fresh
8279183,8188,89.75,848.10,68.15,0.439,4.145,0.333,banana,fresh
8280194,8189,89.95,848.25,68.15,0.440,4.146,0.333,banana,fresh
8281205,8190,89.65,848.15,68.25,0.438,4.145,0.334,banana,fresh
8282216,8191,89.80,848.30,68.25,0.439,4.146,0.334,banana,fresh
8283227,8192,89.80,848.20,68.25,0.439,4.146,0.334,banana,fresh
8284238,8193,89.75,848.25,68.40,0.439,4.146,0.334,banana,fresh
8285249,8194,89.95,848.30,68.25,0.440,4.146,0.334,banana,fresh
8286260,8195,89.80,848.30,68.30,0.439,4.146,0.334,banana,fresh
8287271,8196,89.85,848.25,68.30,0.439,4.146,0.334,banana,fresh
8288282,8197,89.90,848.35,68.15,0.439,4.146,0.333,banana,fresh
8289293,8198,89.80,848.45,68.20,0.439,4.147,0.333,banana,fresh
8290305,8199,89.80,848.50,68.30,0.439,4.147,0.334,banana,fresh
8291315,8200,89.80,848.35,68.25,0.439,4.146,0.334,banana,fresh
8292326,8201,89.70,848.35,68.20,0.438,4.146,0.333,banana,fresh
8293338,8202,89.90,848.35,68.10,0.439,4.146,0.333,banana,fresh
8294348,8203,89.85,848.30,68.30,0.439,4.146,0.334,banana,fresh
8295359,8204,89.85,848.30,68.40,0.439,4.146,0.334,banana,fresh
8296371,8205,89.85,848.40,68.30,0.439,4.147,0.334,banana,fresh
8297381,8206,89.85,848.35,68.40,0.439,4.146,0.334,banana,fresh
8298392,8207,89.80,848.25,68.35,0.439,4.146,0.334,banana,fresh
8299404,8208,89.85,848.45,68.30,0.439,4.147,0.334,banana,fresh
8300414,8209,89.80,848.45,68.65,0.439,4.147,0.336,banana,fresh
8301425,8210,89.90,848.50,68.50,0.439,4.147,0.335,banana,fresh
8302437,8211,89.95,848.25,68.40,0.440,4.146,0.334,banana,fresh
8303448,8212,89.75,848.35,68.35,0.439,4.146,0.334,banana,fresh
8304458,8213,89.85,848.45,68.50,0.439,4.147,0.335,banana,fresh
8305470,8214,89.90,848.50,68.40,0.439,4.147,0.334,banana,fresh
8306481,8215,89.90,848.45,68.50,0.439,4.147,0.335,banana,fresh
8307491,8216,90.00,848.65,68.30,0.440,4.148,0.334,banana,fresh
8308503,8217,90.00,848.65,68.25,0.440,4.148,0.334,banana,fresh
8309514,8218,89.80,848.30,68.55,0.439,4.146,0.335,banana,fresh
8310524,8219,89.85,848.45,68.50,0.439,4.147,0.335,banana,fresh
8311536,8220,89.95,848.40,68.30,0.440,4.147,0.334,banana,fresh
8312547,8221,89.90,848.40,68.45,0.439,4.147,0.335,banana,fresh
8313559,8222,89.85,848.40,68.50,0.439,4.147,0.335,banana,fresh
8314569,8223,89.85,848.35,68.50,0.439,4.146,0.335,banana,fresh
8315580,8224,89.85,848.55,68.40,0.439,4.147,0.334,banana,fresh
8316592,8225,90.00,848.50,68.20,0.440,4.147,0.333,banana,fresh
8317602,8226,89.95,848.50,68.45,0.440,4.147,0.335,banana,fresh
8318613,8227,89.90,848.35,68.50,0.439,4.146,0.335,banana,fresh
8319625,8228,89.75,848.10,68.55,0.439,4.145,0.335,banana,fresh
8320635,8229,89.95,848.45,68.40,0.440,4.147,0.334,banana,fresh
8321646,8230,90.00,848.40,68.60,0.440,4.147,0.335,banana,fresh
8322658,8231,89.85,848.45,68.60,0.439,4.147,0.335,banana,fresh
8323668,8232,89.90,848.55,68.45,0.439,4.147,0.335,banana,fresh
8324679,8233,89.85,848.45,68.60,0.439,4.147,0.335,banana,fresh
8325691,8234,89.95,848.45,68.25,0.440,4.147,0.334,banana,fresh
8326702,8235,89.90,848.65,68.30,0.439,4.148,0.334,banana,fresh
8327712,8236,89.95,848.65,68.35,0.440,4.148,0.334,banana,fresh
8328724,8237,90.00,848.45,68.35,0.440,4.147,0.334,banana,fresh
8329735,8238,89.85,848.60,68.40,0.439,4.148,0.334,banana,fresh
8330745,8239,90.00,848.60,68.40,0.440,4.148,0.334,banana,fresh
8331757,8240,89.90,848.55,68.40,0.439,4.147,0.334,banana,fresh
8332768,8241,89.80,848.55,68.45,0.439,4.147,0.335,banana,fresh
8333778,8242,89.95,848.40,68.50,0.440,4.147,0.335,banana,fresh
8334790,8243,89.90,848.25,68.55,0.439,4.146,0.335,banana,fresh
8335801,8244,89.80,848.60,68.30,0.439,4.148,0.334,banana,fresh
8336812,8245,89.80,848.30,68.60,0.439,4.146,0.335,banana,fresh
8337823,8246,89.90,848.45,68.40,0.439,4.147,0.334,banana,fresh
8338834,8247,89.80,848.55,68.55,0.439,4.147,0.335,banana,fresh
8339845,8248,89.95,848.50,68.60,0.440,4.147,0.335,banana,fresh
8340856,8249,89.90,848.45,68.50,0.439,4.147,0.335,banana,fresh
8341867,8250,89.75,848.50,68.35,0.439,4.147,0.334,banana,fresh
8342878,8251,89.95,848.65,68.35,0.440,4.148,0.334,banana,fresh
8343889,8252,89.90,848.45,68.50,0.439,4.147,0.335,banana,fresh
8344900,8253,89.75,848.50,68.60,0.439,4.147,0.335,banana,fresh
8345911,8254,89.85,848.65,68.45,0.439,4.148,0.335,banana,fresh
8346923,8255,89.95,848.35,68.60,0.440,4.146,0.335,banana,fresh
8347933,8256,89.85,848.50,68.30,0.439,4.147,0.334,banana,fresh
8348944,8257,89.90,848.40,68.45,0.439,4.147,0.335,banana,fresh
8349956,8258,89.90,848.50,68.50,0.439,4.147,0.335,banana,fresh
8350966,8259,89.95,848.45,68.55,0.440,4.147,0.335,banana,fresh
8351977,8260,89.80,848.45,68.55,0.439,4.147,0.335,banana,fresh
8352989,8261,89.75,848.55,68.35,0.439,4.147,0.334,banana,fresh
8353999,8262,89.85,848.35,68.55,0.439,4.146,0.335,banana,fresh
8355010,8263,89.85,848.55,68.45,0.439,4.147,0.335,banana,fresh
8356022,8264,89.95,848.65,68.45,0.440,4.148,0.335,banana,fresh
8357032,8265,89.90,848.60,68.65,0.439,4.148,0.336,banana,fresh
8358043,8266,89.70,848.50,68.65,0.438,4.147,0.336,banana,fresh
8359055,8267,89.90,848.40,68.60,0.439,4.147,0.335,banana,fresh
8360066,8268,89.85,848.55,68.55,0.439,4.147,0.335,banana,fresh
8361076,8269,89.90,848.50,68.65,0.439,4.147,0.336,banana,fresh
8362088,8270,89.85,848.45,68.35,0.439,4.147,0.334,banana,fresh
8363099,8271,89.65,848.45,68.60,0.438,4.147,0.335,banana,fresh
8364109,8272,89.75,848.55,68.40,0.439,4.147,0.334,banana,fresh
8365121,8273,89.75,848.20,68.45,0.439,4.146,0.335,banana,fresh
8366132,8274,89.80,848.50,68.45,0.439,4.147,0.335,banana,fresh
8367142,8275,89.85,848.40,68.70,0.439,4.147,0.336,banana,fresh
8368154,8276,89.80,848.55,68.45,0.439,4.147,0.335,banana,fresh
8369165,8277,90.00,848.45,68.45,0.440,4.147,0.335,banana,fresh
8370177,8278,89.85,848.35,68.40,0.439,4.146,0.334,banana,fresh
8371187,8279,89.95,848.60,68.60,0.440,4.148,0.335,banana,fresh
8372198,8280,89.95,848.65,68.55,0.440,4.148,0.335,banana,fresh
8373210,8281,89.95,848.55,68.60,0.440,4.147,0.335,banana,fresh
8374220,8282,89.75,848.25,68.45,0.439,4.146,0.335,banana,fresh
8375231,8283,89.75,848.60,68.45,0.439,4.148,0.335,banana,fresh
8376243,8284,89.85,848.50,68.55,0.439,4.147,0.335,banana,fresh
8377253,8285,89.90,848.40,68.45,0.439,4.147,0.335,banana,fresh
8378264,8286,89.85,848.40,68.40,0.439,4.147,0.334,banana,fresh
8379276,8287,89.75,848.50,68.30,0.439,4.147,0.334,banana,fresh
8380286,8288,89.70,848.45,68.30,0.438,4.147,0.334,banana,fresh
8381297,8289,89.90,848.35,68.60,0.439,4.146,0.335,banana,fresh
8382309,8290,89.85,848.30,68.35,0.439,4.146,0.334,banana,fresh
8383320,8291,89.95,848.50,68.55,0.440,4.147,0.335,banana,fresh
8384330,8292,89.90,848.55,68.50,0.439,4.147,0.335,banana,fresh
8385342,8293,89.85,848.35,68.35,0.439,4.146,0.334,banana,fresh
8386353,8294,89.80,848.30,68.65,0.439,4.146,0.336,banana,fresh
8387363,8295,89.80,848.20,68.35,0.439,4.146,0.334,banana,fresh
8388375,8296,89.80,848.15,68.30,0.439,4.145,0.334,banana,fresh
8389386,8297,89.85,848.30,68.35,0.439,4.146,0.334,banana,fresh
8390396,8298,89.75,848.30,68.40,0.439,4.146,0.334,banana,fresh
8391408,8299,89.75,848.40,68.40,0.439,4.147,0.334,banana,fresh
8392419,8300,89.80,848.40,68.30,0.439,4.147,0.334,banana,fresh
8393430,8301,89.80,848.30,68.30,0.439,4.146,0.334,banana,fresh
8394441,8302,89.70,848.25,68.60,0.438,4.146,0.335,banana,fresh
8395452,8303,89.75,848.50,68.40,0.439,4.147,0.334,banana,fresh
8396463,8304,89.85,848.45,68.30,0.439,4.147,0.334,banana,fresh
8397474,8305,89.90,848.35,68.55,0.439,4.146,0.335,banana,fresh
8398485,8306,89.85,848.30,68.30,0.439,4.146,0.334,banana,fresh
8399496,8307,89.85,848.25,68.35,0.439,4.146,0.334,banana,fresh
8400507,8308,89.85,848.25,68.40,0.439,4.146,0.334,banana,fresh
8401518,8309,89.65,848.10,68.25,0.438,4.145,0.334,banana,fresh
8402529,8310,89.85,848.35,68.30,0.439,4.146,0.334,banana,fresh
8403540,8311,89.80,848.45,68.25,0.439,4.147,0.334,banana,fresh
8404551,8312,89.80,848.15,68.50,0.439,4.145,0.335,banana,fresh
8405562,8313,89.85,848.15,68.35,0.439,4.145,0.334,banana,fresh
8406574,8314,89.85,848.60,68.40,0.439,4.148,0.334,banana,fresh
8407584,8315,89.75,848.15,68.40,0.439,4.145,0.334,banana,fresh
8408595,8316,89.85,848.20,68.30,0.439,4.146,0.334,banana,fresh
8409607,8317,89.75,848.30,68.30,0.439,4.146,0.334,banana,fresh
8410617,8318,89.80,848.40,68.30,0.439,4.147,0.334,banana,fresh
8411628,8319,89.90,848.60,68.40,0.439,4.148,0.334,banana,fresh
8412640,8320,89.75,848.45,68.35,0.439,4.147,0.334,banana,fresh
8413650,8321,89.50,848.40,68.50,0.437,4.147,0.335,banana,fresh
8414661,8322,89.80,848.20,68.25,0.439,4.146,0.334,banana,fresh
8415673,8323,89.80,848.35,68.40,0.439,4.146,0.334,banana,fresh
8416684,8324,89.75,848.25,68.55,0.439,4.146,0.335,banana,fresh
8417694,8325,89.75,848.35,68.40,0.439,4.146,0.334,banana,fresh
8418706,8326,89.65,848.35,68.50,0.438,4.146,0.335,banana,fresh
8419717,8327,89.80,848.45,68.35,0.439,4.147,0.334,banana,fresh
8420727,8328,89.70,848.20,68.35,0.438,4.146,0.334,banana,fresh
8421739,8329,89.85,848.30,68.40,0.439,4.146,0.334,banana,fresh
8422750,8330,89.80,848.35,68.45,0.439,4.146,0.335,banana,fresh
8423761,8331,89.85,848.50,68.35,0.439,4.147,0.334,banana,fresh
8424772,8332,89.70,848.45,68.25,0.438,4.147,0.334,banana,fresh
8425783,8333,89.70,848.35,68.45,0.438,4.146,0.335,banana,fresh
8426795,8334,89.70,848.30,68.25,0.438,4.146,0.334,banana,fresh
8427805,8335,89.85,848.30,68.25,0.439,4.146,0.334,banana,fresh
8428816,8336,89.70,848.30,68.30,0.438,4.146,0.334,banana,fresh
8429828,8337,89.65,848.40,68.35,0.438,4.147,0.334,banana,fresh
8430838,8338,89.80,848.30,68.35,0.439,4.146,0.334,banana,fresh
8431849,8339,89.80,848.35,68.35,0.439,4.146,0.334,banana,fresh
8432861,8340,89.65,848.30,68.25,0.438,4.146,0.334,banana,fresh
8433871,8341,89.70,848.25,68.40,0.438,4.146,0.334,banana,fresh
8434882,8342,89.90,848.20,68.35,0.439,4.146,0.334,banana,fresh
8435894,8343,89.90,848.20,68.25,0.439,4.146,0.334,banana,fresh
8436904,8344,89.65,848.40,68.40,0.438,4.147,0.334,banana,fresh
8437915,8345,89.65,848.25,68.45,0.438,4.146,0.335,banana,fresh
8438927,8346,89.70,848.50,68.25,0.438,4.147,0.334,banana,fresh
8439938,8347,89.70,848.30,68.50,0.438,4.146,0.335,banana,fresh
8440948,8348,89.70,848.35,68.25,0.438,4.146,0.334,banana,fresh
8441960,8349,89.55,848.20,68.55,0.438,4.146,0.335,banana,fresh
8442971,8350,89.55,848.35,68.35,0.438,4.146,0.334,banana,fresh
8443981,8351,89.70,848.10,68.35,0.438,4.145,0.334,banana,fresh
8444993,8352,89.90,848.30,68.30,0.439,4.146,0.334,banana,fresh
8446004,8353,89.75,848.20,68.30,0.439,4.146,0.334,banana,fresh
8447014,8354,89.75,848.20,68.10,0.439,4.146,0.333,banana,fresh
8448026,8355,89.65,848.20,68.35,0.438,4.146,0.334,banana,fresh
8449037,8356,89.90,848.20,68.30,0.439,4.146,0.334,banana,fresh
8450048,8357,89.50,848.25,68.30,0.437,4.146,0.334,banana,fresh
8451059,8358,89.60,848.15,68.35,0.438,4.145,0.334,banana,fresh
8452070,8359,89.60,848.30,68.35,0.438,4.146,0.334,banana,fresh
8453081,8360,89.65,848.15,68.20,0.438,4.145,0.333,banana,fresh
8454092,8361,89.60,848.25,68.30,0.438,4.146,0.334,banana,fresh
8455103,8362,89.70,848.15,68.20,0.438,4.145,0.333,banana,fresh
8456114,8363,89.60,848.20,68.25,0.438,4.146,0.334,banana,fresh
8457125,8364,89.75,848.15,68.20,0.439,4.145,0.333,banana,fresh
8458136,8365,89.70,848.20,68.15,0.438,4.146,0.333,banana,fresh
8459147,8366,89.60,848.15,68.35,0.438,4.145,0.334,banana,fresh
8460158,8367,89.70,848.20,68.35,0.438,4.146,0.334,banana,fresh
8461169,8368,89.70,848.25,68.55,0.438,4.146,0.335,banana,fresh
8462180,8369,89.80,848.20,68.30,0.439,4.146,0.334,banana,fresh
8463192,8370,89.90,848.35,68.30,0.439,4.146,0.334,banana,fresh
8464202,8371,89.85,848.15,68.25,0.439,4.145,0.334,banana,fresh
8465213,8372,89.70,848.10,68.65,0.438,4.145,0.336,banana,fresh
8466225,8373,89.70,848.20,68.15,0.438,4.146,0.333,banana,fresh
8467235,8374,89.75,848.10,68.30,0.439,4.145,0.334,banana,fresh
8468246,8375,89.65,848.15,68.30,0.438,4.145,0.334,banana,fresh
8469258,8376,89.60,848.20,68.45,0.438,4.146,0.335,banana,fresh
8470268,8377,89.80,848.20,68.25,0.439,4.146,0.334,banana,fresh
8471279,8378,89.75,848.15,68.40,0.439,4.145,0.334,banana,fresh
8472291,8379,89.60,848.25,68.55,0.438,4.146,0.335,banana,fresh
8473302,8380,89.75,848.05,68.40,0.439,4.145,0.334,banana,fresh
8474312,8381,89.70,848.25,68.20,0.438,4.146,0.333,banana,fresh
8475324,8382,89.50,848.10,68.15,0.437,4.145,0.333,banana,fresh
8476335,8383,89.70,848.30,68.40,0.438,4.146,0.334,banana,fresh
8477346,8384,89.85,848.30,68.35,0.439,4.146,0.334,banana,fresh
8478357,8385,89.60,848.30,68.35,0.438,4.146,0.334,banana,fresh
8479368,8386,89.65,848.10,68.25,0.438,4.145,0.334,banana,fresh
8480379,8387,89.50,848.15,68.30,0.437,4.145,0.334,banana,fresh
8481390,8388,89.70,848.10,68.45,0.438,4.145,0.335,banana,fresh
8482401,8389,89.50,848.10,68.30,0.437,4.145,0.334,banana,fresh
8483412,8390,89.50,848.10,68.40,0.437,4.145,0.334,banana,fresh
8484423,8391,89.65,848.20,68.30,0.438,4.146,0.334,banana,fresh
8485434,8392,89.70,848.25,68.25,0.438,4.146,0.334,banana,fresh
8486446,8393,89.70,848.10,68.25,0.438,4.145,0.334,banana,fresh
8487456,8394,89.50,848.30,68.30,0.437,4.146,0.334,banana,fresh
8488467,8395,89.60,848.10,68.25,0.438,4.145,0.334,banana,fresh
8489479,8396,89.70,848.15,68.25,0.438,4.145,0.334,banana,fresh
8490489,8397,89.40,848.10,68.25,0.437,4.145,0.334,banana,fresh
8491500,8398,89.45,848.15,68.30,0.437,4.145,0.334,banana,fresh
8492512,8399,89.75,848.10,68.10,0.439,4.145,0.333,banana,fresh
8493522,8400,89.60,848.20,68.20,0.438,4.146,0.333,banana,fresh
8494533,8401,89.60,848.30,68.30,0.438,4.146,0.334,banana,fresh
8495545,8402,89.40,848.15,68.15,0.437,4.145,0.333,banana,fresh
8496556,8403,89.45,848.15,68.20,0.437,4.145,0.333,banana,fresh
8497566,8404,89.70,848.10,68.15,0.438,4.145,0.333,banana,fresh
8498578,8405,89.75,848.25,68.30,0.439,4.146,0.334,banana,fresh
8499589,8406,89.45,848.10,68.30,0.437,4.145,0.334,banana,fresh
8500599,8407,89.65,848.05,68.20,0.438,4.145,0.333,banana,fresh
8501611,8408,89.50,848.10,68.25,0.437,4.145,0.334,banana,fresh
8502622,8409,89.60,848.05,68.20,0.438,4.145,0.333,banana,fresh
8503632,8410,89.50,848.05,68.20,0.437,4.145,0.333,banana,fresh
8504644,8411,89.50,848.20,68.30,0.437,4.146,0.334,banana,fresh
8505655,8412,89.70,848.05,68.40,0.438,4.145,0.334,banana,fresh
8506665,8413,89.65,848.05,68.15,0.438,4.145,0.333,banana,fresh
8507677,8414,89.45,848.05,68.15,0.437,4.145,0.333,banana,fresh
8508688,8415,89.70,848.10,68.10,0.438,4.145,0.333,banana,fresh
8509699,8416,89.45,848.10,68.10,0.437,4.145,0.333,banana,fresh
8510710,8417,89.35,848.05,68.20,0.437,4.145,0.333,banana,fresh
8511721,8418,89.65,848.10,68.10,0.438,4.145,0.333,banana,fresh
8512733,8419,89.45,848.10,68.20,0.437,4.145,0.333,banana,fresh
8513743,8420,89.55,848.15,68.25,0.438,4.145,0.334,banana,fresh
8514754,8421,89.50,848.05,68.25,0.437,4.145,0.334,banana,fresh
8515766,8422,89.50,848.10,68.15,0.437,4.145,0.333,banana,fresh
8516776,8423,89.65,848.05,68.15,0.438,4.145,0.333,banana,fresh
8517787,8424,89.55,848.05,68.20,0.438,4.145,0.333,banana,fresh
8518799,8425,89.35,848.05,68.20,0.437,4.145,0.333,banana,fresh
8519810,8426,89.50,848.00,68.20,0.437,4.145,0.333,banana,fresh
8520820,8427,89.45,848.05,68.20,0.437,4.145,0.333,banana,fresh
8521832,8428,89.40,848.05,68.20,0.437,4.145,0.333,banana,fresh
8522843,8429,89.45,848.10,68.20,0.437,4.145,0.333,banana,fresh
8523853,8430,89.55,848.05,68.10,0.438,4.145,0.333,banana,fresh
8524865,8431,89.50,848.00,68.25,0.437,4.145,0.334,banana,fresh
8525876,8432,89.35,848.05,68.20,0.437,4.145,0.333,banana,fresh
8526886,8433,89.45,848.00,68.30,0.437,4.145,0.334,banana,fresh
8527898,8434,89.35,848.05,68.30,0.437,4.145,0.334,banana,fresh
8528909,8435,89.55,848.00,68.05,0.438,4.145,0.333,banana,fresh
8529920,8436,89.45,848.00,68.10,0.437,4.145,0.333,banana,fresh
8530931,8437,89.55,848.00,68.15,0.438,4.145,0.333,banana,fresh
8531942,8438,89.35,848.00,68.20,0.437,4.145,0.333,banana,fresh
8532953,8439,89.30,848.00,68.10,0.436,4.145,0.333,banana,fresh
8533964,8440,89.50,848.10,68.20,0.437,4.145,0.333,banana,fresh
8534975,8441,89.30,848.10,68.00,0.436,4.145,0.332,banana,fresh
8535986,8442,89.50,848.05,68.20,0.437,4.145,0.333,banana,fresh
8536997,8443,89.45,848.05,68.20,0.437,4.145,0.333,banana,fresh
8538008,8444,89.40,848.05,68.15,0.437,4.145,0.333,banana,fresh
8539019,8445,89.35,848.05,68.05,0.437,4.145,0.333,banana,fresh
8540030,8446,89.45,848.05,68.05,0.437,4.145,0.333,banana,fresh
8541041,8447,89.25,848.00,68.05,0.436,4.145,0.333,banana,fresh
8542052,8448,89.40,848.00,68.05,0.437,4.145,0.333,banana,fresh
8543064,8449,89.40,848.00,68.10,0.437,4.145,0.333,banana,fresh
8544074,8450,89.45,848.05,68.05,0.437,4.145,0.333,banana,fresh
8545085,8451,89.35,848.00,68.10,0.437,4.145,0.333,banana,fresh
8546097,8452,89.35,848.00,68.15,0.437,4.145,0.333,banana,fresh
8547107,8453,89.35,848.10,68.15,0.437,4.145,0.333,banana,fresh
8548118,8454,89.35,848.00,68.10,0.437,4.145,0.333,banana,fresh
8549130,8455,89.30,848.10,68.10,0.436,4.145,0.333,banana,fresh
8550140,8456,89.35,848.05,68.05,0.437,4.145,0.333,banana,fresh
8551151,8457,89.40,848.00,68.10,0.437,4.145,0.333,banana,fresh
8552163,8458,89.35,848.05,68.15,0.437,4.145,0.333,banana,fresh
8553174,8459,89.30,848.00,68.10,0.436,4.145,0.333,banana,fresh
8554184,8460,89.25,848.00,68.05,0.436,4.145,0.333,banana,fresh
8555196,8461,89.35,848.00,68.15,0.437,4.145,0.333,banana,fresh
8556207,8462,89.40,848.00,68.15,0.437,4.145,0.333,banana,fresh
8557217,8463,89.35,848.00,68.10,0.437,4.145,0.333,banana,fresh
8558229,8464,89.10,848.00,68.10,0.435,4.145,0.333,banana,fresh
8559240,8465,89.45,848.00,68.10,0.437,4.145,0.333,banana,fresh
8560250,8466,89.30,848.00,68.05,0.436,4.145,0.333,banana,fresh
8561262,8467,89.20,848.00,68.05,0.436,4.145,0.333,banana,fresh
8562273,8468,89.30,848.05,68.10,0.436,4.145,0.333,banana,fresh
8563283,8469,89.45,848.05,68.20,0.437,4.145,0.333,banana,fresh
8564295,8470,89.40,848.00,68.10,0.437,4.145,0.333,banana,fresh
8565306,8471,89.25,848.05,68.10,0.436,4.145,0.333,banana,fresh
8566317,8472,89.35,848.00,68.20,0.437,4.145,0.333,banana,fresh
8567328,8473,89.30,848.00,68.10,0.436,4.145,0.333,banana,fresh
8568339,8474,89.50,848.00,68.10,0.437,4.145,0.333,banana,fresh
8569350,8475,89.20,848.10,68.15,0.436,4.145,0.333,banana,fresh
8570361,8476,89.30,848.05,68.00,0.436,4.145,0.332,banana,fresh
8571372,8477,89.40,848.00,68.10,0.437,4.145,0.333,banana,fresh
8572383,8478,89.25,848.00,68.05,0.436,4.145,0.333,banana,fresh
8573394,8479,89.20,848.00,68.20,0.436,4.145,0.333,banana,fresh
8574405,8480,89.25,848.00,68.05,0.436,4.145,0.333,banana,fresh
8575416,8481,89.35,848.00,68.10,0.437,4.145,0.333,banana,fresh
8576428,8482,89.20,848.00,68.05,0.436,4.145,0.333,banana,fresh
8577438,8483,89.15,848.00,68.05,0.436,4.145,0.333,banana,fresh
8578449,8484,89.25,848.00,68.10,0.436,4.145,0.333,banana,fresh
8579461,8485,89.30,848.00,68.10,0.436,4.145,0.333,banana,fresh
8580471,8486,89.15,848.00,68.05,0.436,4.145,0.333,banana,fresh
8581482,8487,89.60,848.00,68.10,0.438,4.145,0.333,banana,fresh
8582494,8488,89.45,848.00,68.00,0.437,4.145,0.332,banana,fresh
8583504,8489,89.10,848.00,68.05,0.435,4.145,0.333,banana,fresh
8584515,8490,89.20,848.00,68.10,0.436,4.145,0.333,banana,fresh
8585527,8491,89.10,848.00,68.00,0.435,4.145,0.332,banana,fresh
8586537,8492,89.35,848.00,68.15,0.437,4.145,0.333,banana,fresh
8587548,8493,89.30,848.00,68.05,0.436,4.145,0.333,banana,fresh
8588560,8494,89.35,848.00,68.00,0.437,4.145,0.332,banana,fresh
8589571,8495,89.20,848.00,68.10,0.436,4.145,0.333,banana,fresh
8590581,8496,89.25,848.00,68.00,0.436,4.145,0.332,banana,fresh
8591593,8497,89.20,848.00,68.10,0.436,4.145,0.333,banana,fresh
8592604,8498,89.20,848.00,68.05,0.436,4.145,0.333,banana,fresh
8593614,8499,89.15,848.00,68.00,0.436,4.145,0.332,banana,fresh
8594626,8500,89.35,848.05,68.05,0.437,4.145,0.333,banana,fresh
8595637,8501,89.25,848.00,68.10,0.436,4.145,0.333,banana,fresh
8596647,8502,89.30,848.00,68.00,0.436,4.145,0.332,banana,fresh
8597659,8503,89.50,848.00,68.00,0.437,4.145,0.332,banana,fresh
8598670,8504,89.35,848.00,68.00,0.437,4.145,0.332,banana,fresh
8599681,8505,89.10,848.00,68.00,0.435,4.145,0.332,banana,fresh
8600692,8506,89.25,848.00,68.05,0.436,4.145,0.333,banana,fresh
8601703,8507,89.15,848.00,68.10,0.436,4.145,0.333,banana,fresh
8602714,8508,89.15,848.05,68.05,0.436,4.145,0.333,banana,fresh
8603725,8509,89.15,848.05,68.00,0.436,4.145,0.332,banana,fresh
8604736,8510,89.15,848.00,68.05,0.436,4.145,0.333,banana,fresh
8605747,8511,89.45,848.00,68.00,0.437,4.145,0.332,banana,fresh
8606758,8512,89.10,848.00,68.05,0.435,4.145,0.333,banana,fresh
8607769,8513,89.15,847.95,68.05,0.436,4.144,0.333,banana,fresh
8608780,8514,89.15,848.00,68.00,0.436,4.145,0.332,banana,fresh
8609792,8515,89.05,847.95,68.10,0.435,4.144,0.333,banana,fresh
8610802,8516,89.20,848.00,68.00,0.436,4.145,0.332,banana,fresh
8611813,8517,89.25,848.00,68.05,0.436,4.145,0.333,banana,fresh
8612825,8518,89.00,848.00,68.00,0.435,4.145,0.332,banana,fresh
8613835,8519,89.05,848.00,68.00,0.435,4.145,0.332,banana,fresh
8614846,8520,89.10,848.00,68.00,0.435,4.145,0.332,banana,fresh
8615858,8521,89.25,847.95,68.05,0.436,4.144,0.333,banana,fresh
8616868,8522,89.00,848.00,68.00,0.435,4.145,0.332,banana,fresh
8617879,8523,89.20,848.00,68.00,0.436,4.145,0.332,banana,fresh
8618891,8524,89.30,848.05,68.05,0.436,4.145,0.333,banana,fresh
8619901,8525,89.05,848.00,68.05,0.435,4.145,0.333,banana,fresh
8620912,8526,89.10,848.00,68.05,0.435,4.145,0.333,banana,fresh
8621924,8527,89.20,848.00,68.00,0.436,4.145,0.332,banana,fresh
8622935,8528,89.20,848.00,68.00,0.436,4.145,0.332,banana,fresh
8623945,8529,89.20,848.00,68.00,0.436,4.145,0.332,banana,fresh
8624957,8530,89.05,847.95,68.00,0.435,4.144,0.332,banana,fresh
8625968,8531,89.10,848.00,68.05,0.435,4.145,0.333,banana,fresh
8626978,8532,89.20,847.95,68.00,0.436,4.144,0.332,banana,fresh
8627990,8533,89.05,848.00,68.00,0.435,4.145,0.332,banana,fresh
8629001,8534,89.20,847.95,68.00,0.436,4.144,0.332,banana,fresh
8630011,8535,89.10,848.00,68.00,0.435,4.145,0.332,banana,fresh
8631023,8536,89.20,848.00,68.00,0.436,4.145,0.332,banana,fresh
8632034,8537,89.10,848.00,68.00,0.435,4.145,0.332,banana,fresh
8633044,8538,89.25,847.90,68.05,0.436,4.144,0.333,banana,fresh
8634056,8539,89.05,847.95,68.00,0.435,4.144,0.332,banana,fresh
8635067,8540,89.10,847.90,68.00,0.435,4.144,0.332,banana,fresh
8636078,8541,89.30,848.00,67.95,0.436,4.145,0.332,banana,fresh
8637089,8542,89.05,847.95,67.90,0.435,4.144,0.332,banana,fresh
8638100,8543,89.15,847.95,67.95,0.436,4.144,0.332,banana,fresh
8639111,8544,89.20,847.95,67.95,0.436,4.144,0.332,banana,fresh
8640122,8545,89.00,848.00,67.95,0.435,4.145,0.332,banana,fresh
8641133,8546,89.05,847.90,68.00,0.435,4.144,0.332,banana,fresh
8642144,8547,89.10,847.80,67.95,0.435,4.144,0.332,banana,fresh
8643155,8548,89.10,847.95,67.95,0.435,4.144,0.332,banana,fresh
8644166,8549,89.05,848.00,68.00,0.435,4.145,0.332,banana,fresh
8645177,8550,89.00,848.00,68.00,0.435,4.145,0.332,banana,fresh
8646189,8551,89.10,848.00,68.00,0.435,4.145,0.332,banana,fresh
8647199,8552,89.10,847.95,68.00,0.435,4.144,0.332,banana,fresh
8648210,8553,89.05,847.95,67.95,0.435,4.144,0.332,banana,fresh
8649222,8554,89.00,847.85,68.00,0.435,4.144,0.332,banana,fresh
8650232,8555,89.10,848.00,68.00,0.435,4.145,0.332,banana,fresh
8651243,8556,89.00,847.90,68.05,0.435,4.144,0.333,banana,fresh
8652255,8557,89.05,848.00,68.00,0.435,4.145,0.332,banana,fresh
8653265,8558,89.05,847.95,68.00,0.435,4.144,0.332,banana,fresh
8654276,8559,89.10,847.90,68.00,0.435,4.144,0.332,banana,fresh
8655288,8560,89.00,847.90,67.95,0.435,4.144,0.332,banana,fresh
8656299,8561,89.00,848.00,68.00,0.435,4.145,0.332,banana,fresh
8657309,8562,89.00,847.95,68.00,0.435,4.144,0.332,banana,fresh
8658321,8563,89.00,847.90,67.95,0.435,4.144,0.332,banana,fresh
8659332,8564,89.00,847.95,68.00,0.435,4.144,0.332,banana,fresh
8660342,8565,89.05,847.90,68.00,0.435,4.144,0.332,banana,fresh
8661354,8566,89.00,847.85,67.95,0.435,4.144,0.332,banana,fresh
8662365,8567,89.10,847.95,67.90,0.435,4.144,0.332,banana,fresh
8663375,8568,89.00,848.00,68.00,0.435,4.145,0.332,banana,fresh
8664387,8569,89.00,847.90,68.00,0.435,4.144,0.332,banana,fresh
8665398,8570,89.05,847.85,67.95,0.435,4.144,0.332,banana,fresh
8666408,8571,89.00,847.90,68.00,0.435,4.144,0.332,banana,fresh
8667420,8572,89.05,847.90,67.90,0.435,4.144,0.332,banana,fresh
8668431,8573,89.10,847.80,68.00,0.435,4.144,0.332,banana,fresh
8669442,8574,89.05,847.75,68.00,0.435,4.143,0.332,banana,fresh
8670453,8575,88.95,847.90,68.00,0.435,4.144,0.332,banana,fresh
8671464,8576,89.00,847.95,67.95,0.435,4.144,0.332,banana,fresh
8672475,8577,89.00,847.75,67.95,0.435,4.143,0.332,banana,fresh
8673486,8578,89.00,847.75,68.00,0.435,4.143,0.332,banana,fresh
8674497,8579,89.00,847.85,68.00,0.435,4.144,0.332,banana,fresh
8675508,8580,89.00,847.80,68.00,0.435,4.144,0.332,banana,fresh
8676519,8581,89.05,847.85,67.95,0.435,4.144,0.332,banana,fresh
8677530,8582,89.00,847.85,68.00,0.435,4.144,0.332,banana,fresh
8678541,8583,88.95,847.85,68.00,0.435,4.144,0.332,banana,fresh
8679553,8584,89.00,847.90,68.00,0.435,4.144,0.332,banana,fresh
8680563,8585,88.95,847.75,67.95,0.435,4.143,0.332,banana,fresh
8681574,8586,89.05,847.90,67.90,0.435,4.144,0.332,banana,fresh
8682586,8587,89.05,847.75,67.90,0.435,4.143,0.332,banana,fresh
8683596,8588,89.05,847.70,67.90,0.435,4.143,0.332,banana,fresh
8684607,8589,88.95,847.85,67.95,0.435,4.144,0.332,banana,fresh
8685619,8590,89.05,847.40,68.00,0.435,4.142,0.332,banana,fresh
8686629,8591,89.00,847.70,68.00,0.435,4.143,0.332,banana,fresh
8687640,8592,89.00,847.75,67.90,0.435,4.143,0.332,banana,fresh
8688652,8593,89.10,847.65,68.00,0.435,4.143,0.332,banana,fresh
8689662,8594,89.10,847.95,67.90,0.435,4.144,0.332,banana,fresh
8690673,8595,89.00,847.75,68.00,0.435,4.143,0.332,banana,fresh
8691685,8596,88.95,847.70,67.95,0.435,4.143,0.332,banana,fresh
8692696,8597,89.00,847.75,68.00,0.435,4.143,0.332,banana,fresh
8693706,8598,88.95,847.85,67.95,0.435,4.144,0.332,banana,fresh
8694718,8599,89.00,847.60,68.00,0.435,4.143,0.332,banana,fresh
8695729,8600,89.00,847.70,68.00,0.435,4.143,0.332,banana,fresh
8696739,8601,89.00,847.85,67.95,0.435,4.144,0.332,banana,fresh
8697751,8602,89.00,847.75,68.00,0.435,4.143,0.332,banana,fresh
8698762,8603,89.00,847.95,67.95,0.435,4.144,0.332,banana,fresh
8699772,8604,89.00,847.90,67.95,0.435,4.144,0.332,banana,fresh
8700784,8605,88.95,847.70,67.95,0.435,4.143,0.332,banana,fresh
8701795,8606,89.00,847.75,67.95,0.435,4.143,0.332,banana,fresh
8702806,8607,88.95,847.95,67.95,0.435,4.144,0.332,banana,fresh
8703817,8608,89.00,847.85,67.90,0.435,4.144,0.332,banana,fresh
8704828,8609,89.05,847.90,67.85,0.435,4.144,0.332,banana,fresh
8705839,8610,88.95,847.60,67.95,0.435,4.143,0.332,banana,fresh
8706850,8611,88.95,847.80,67.95,0.435,4.144,0.332,banana,fresh
8707861,8612,89.05,847.70,67.90,0.435,4.143,0.332,banana,fresh
8708872,8613,89.00,847.85,68.00,0.435,4.144,0.332,banana,fresh
8709883,8614,88.90,847.45,68.00,0.435,4.142,0.332,banana,fresh
8710894,8615,89.00,847.70,67.90,0.435,4.143,0.332,banana,fresh
8711905,8616,88.95,847.60,67.95,0.435,4.143,0.332,banana,fresh
8712916,8617,88.95,847.75,68.00,0.435,4.143,0.332,banana,fresh
8713927,8618,89.00,847.75,68.00,0.435,4.143,0.332,banana,fresh
8714938,8619,88.90,847.65,67.85,0.435,4.143,0.332,banana,fresh
8715950,8620,88.90,847.75,67.95,0.435,4.143,0.332,banana,fresh
8716960,8621,89.00,847.50,68.00,0.435,4.142,0.332,banana,fresh
8717971,8622,89.00,847.85,67.90,0.435,4.144,0.332,banana,fresh
8718983,8623,89.00,847.80,68.00,0.435,4.144,0.332,banana,fresh
8719993,8624,88.90,847.80,67.90,0.435,4.144,0.332,banana,fresh
8721004,8625,89.00,847.55,67.90,0.435,4.142,0.332,banana,fresh
8722016,8626,88.95,847.60,67.85,0.435,4.143,0.332,banana,fresh
8723026,8627,88.95,847.80,67.85,0.435,4.144,0.332,banana,fresh
8724037,8628,89.00,847.55,67.80,0.435,4.142,0.331,banana,fresh
8725049,8629,88.95,847.65,67.80,0.435,4.143,0.331,banana,fresh
8726060,8630,88.90,847.55,67.80,0.435,4.142,0.331,banana,fresh
8727070,8631,89.00,847.55,68.00,0.435,4.142,0.332,banana,fresh
8728082,8632,88.85,847.50,67.95,0.434,4.142,0.332,banana,fresh
8729093,8633,88.95,847.70,67.90,0.435,4.143,0.332,banana,fresh
8730103,8634,88.90,847.75,67.85,0.435,4.143,0.332,banana,fresh
8731115,8635,88.85,847.70,67.55,0.434,4.143,0.330,banana,fresh
8732126,8636,88.90,847.45,68.00,0.435,4.142,0.332,banana,fresh
8733136,8637,88.95,847.55,67.80,0.435,4.142,0.331,banana,fresh
8734148,8638,88.90,847.65,67.85,0.435,4.143,0.332,banana,fresh
8735159,8639,88.90,847.60,67.95,0.435,4.143,0.332,banana,fresh
8736169,8640,88.85,847.55,67.85,0.434,4.142,0.332,banana,fresh
8737181,8641,88.75,847.55,67.85,0.434,4.142,0.332,banana,fresh
8738192,8642,88.85,847.50,67.95,0.434,4.142,0.332,banana,fresh
8739204,8643,88.85,847.75,67.85,0.434,4.143,0.332,banana,fresh
8740214,8644,89.00,847.50,67.70,0.435,4.142,0.331,banana,fresh
8741225,8645,88.95,847.35,67.95,0.435,4.141,0.332,banana,fresh
8742237,8646,88.95,847.60,67.80,0.435,4.143,0.331,banana,fresh
8743247,8647,88.95,847.60,67.95,0.435,4.143,0.332,banana,fresh
8744258,8648,89.00,847.50,67.70,0.435,4.142,0.331,banana,fresh
8745270,8649,88.95,847.45,67.85,0.435,4.142,0.332,banana,fresh
8746280,8650,88.85,847.55,67.90,0.434,4.142,0.332,banana,fresh
8747291,8651,88.80,847.50,67.90,0.434,4.142,0.332,banana,fresh
8748303,8652,88.90,847.40,67.80,0.435,4.142,0.331,banana,fresh
8749314,8653,88.80,847.30,67.95,0.434,4.141,0.332,banana,fresh
8750324,8654,88.95,847.45,67.75,0.435,4.142,0.331,banana,fresh
8751336,8655,88.85,847.55,67.85,0.434,4.142,0.332,banana,fresh
8752347,8656,89.00,847.70,67.85,0.435,4.143,0.332,banana,fresh
8753357,8657,88.75,847.45,67.85,0.434,4.142,0.332,banana,fresh
8754369,8658,88.95,847.55,67.95,0.435,4.142,0.332,banana,fresh
8755380,8659,88.85,847.50,67.85,0.434,4.142,0.332,banana,fresh
8756390,8660,88.95,847.70,67.95,0.435,4.143,0.332,banana,fresh
8757402,8661,88.90,847.70,67.90,0.435,4.143,0.332,banana,fresh
8758413,8662,88.85,847.80,67.90,0.434,4.144,0.332,banana,fresh
8759424,8663,88.75,847.50,67.85,0.434,4.142,0.332,banana,fresh
8760435,8664,88.90,847.60,68.00,0.435,4.143,0.332,banana,fresh
8761446,8665,88.75,847.40,67.95,0.434,4.142,0.332,banana,fresh
8762457,8666,88.90,847.45,67.95,0.435,4.142,0.332,banana,fresh
8763468,8667,88.90,847.45,67.80,0.435,4.142,0.331,banana,fresh
8764479,8668,88.95,847.45,67.85,0.435,4.142,0.332,banana,fresh
8765491,8669,88.85,847.60,67.85,0.434,4.143,0.332,banana,fresh
8766501,8670,88.70,847.45,67.90,0.434,4.142,0.332,banana,fresh
8767512,8671,88.75,847.40,67.75,0.434,4.142,0.331,banana,fresh
8768524,8672,89.00,847.45,67.70,0.435,4.142,0.331,banana,fresh
8769534,8673,88.90,847.60,67.80,0.435,4.143,0.331,banana,fresh
8770545,8674,88.80,847.50,67.85,0.434,4.142,0.332,banana,fresh
8771557,8675,88.90,847.30,67.80,0.435,4.141,0.331,banana,fresh
8772568,8676,88.85,847.75,67.80,0.434,4.143,0.331,banana,fresh
8773578,8677,88.95,847.35,67.85,0.435,4.141,0.332,banana,fresh
8774590,8678,88.80,847.65,67.85,0.434,4.143,0.332,banana,fresh
8775601,8679,88.95,847.40,67.70,0.435,4.142,0.331,banana,fresh
8776611,8680,88.80,847.55,67.95,0.434,4.142,0.332,banana,fresh
8777623,8681,88.85,847.45,67.80,0.434,4.142,0.331,banana,fresh
8778634,8682,88.90,847.65,67.85,0.435,4.143,0.332,banana,fresh
8779644,8683,88.75,847.40,67.80,0.434,4.142,0.331,banana,fresh
8780656,8684,88.85,847.35,67.65,0.434,4.141,0.331,banana,fresh
8781667,8685,88.85,847.60,67.80,0.434,4.143,0.331,banana,fresh
8782678,8686,88.90,847.20,67.90,0.435,4.141,0.332,banana,fresh
8783689,8687,88.80,847.60,67.65,0.434,4.143,0.331,banana,fresh
8784700,8688,88.80,847.45,67.80,0.434,4.142,0.331,banana,fresh
8785711,8689,88.95,847.50,67.55,0.435,4.142,0.330,banana,fresh
8786722,8690,88.85,847.30,67.65,0.434,4.141,0.331,banana,fresh
8787733,8691,88.75,847.55,67.80,0.434,4.142,0.331,banana,fresh
8788744,8692,88.80,847.25,67.65,0.434,4.141,0.331,banana,fresh
8789755,8693,88.75,847.40,67.80,0.434,4.142,0.331,banana,fresh
8790766,8694,88.85,847.35,67.90,0.434,4.141,0.332,banana,fresh
8791777,8695,88.95,847.40,67.75,0.435,4.142,0.331,banana,fresh
8792788,8696,88.60,847.45,67.65,0.433,4.142,0.331,banana,fresh
8793799,8697,88.75,847.45,67.70,0.434,4.142,0.331,banana,fresh
8794810,8698,88.80,847.65,67.70,0.434,4.143,0.331,banana,fresh
8795822,8699,88.70,847.35,67.90,0.434,4.141,0.332,banana,fresh
8796832,8700,88.75,847.70,67.55,0.434,4.143,0.330,banana,fresh
8797844,8701,88.90,847.50,67.70,0.435,4.142,0.331,banana,fresh
8798855,8702,89.00,847.50,67.85,0.435,4.142,0.332,banana,fresh
8799865,8703,88.80,847.45,67.75,0.434,4.142,0.331,banana,fresh
8800877,8704,88.90,847.60,67.55,0.435,4.143,0.330,banana,fresh
8801888,8705,88.70,847.35,67.55,0.434,4.141,0.330,banana,fresh
8802898,8706,88.75,847.30,67.65,0.434,4.141,0.331,banana,fresh
8803910,8707,88.75,847.35,67.65,0.434,4.141,0.331,banana,fresh
8804921,8708,88.75,847.70,67.75,0.434,4.143,0.331,banana,fresh
8805932,8709,88.75,847.50,67.70,0.434,4.142,0.331,banana,fresh
8806943,8710,88.75,847.45,67.65,0.434,4.142,0.331,banana,fresh
8807954,8711,88.80,847.35,67.60,0.434,4.141,0.330,banana,fresh
8808965,8712,88.85,847.45,67.65,0.434,4.142,0.331,banana,fresh
8809976,8713,88.80,847.50,67.60,0.434,4.142,0.330,banana,fresh
8810987,8714,88.70,847.50,67.75,0.434,4.142,0.331,banana,fresh
8811998,8715,88.75,847.45,67.55,0.434,4.142,0.330,banana,fresh
8813009,8716,88.90,847.45,67.60,0.435,4.142,0.330,banana,fresh
8814020,8717,88.75,847.20,67.40,0.434,4.141,0.329,banana,fresh
8815031,8718,88.80,847.40,67.60,0.434,4.142,0.330,banana,fresh
8816043,8719,88.75,847.55,67.50,0.434,4.142,0.330,banana,fresh
8817053,8720,88.75,847.30,67.50,0.434,4.141,0.330,banana,fresh
8818064,8721,88.65,847.30,67.55,0.433,4.141,0.330,banana,fresh
8819076,8722,89.00,847.55,67.50,0.435,4.142,0.330,banana,fresh
8820086,8723,88.70,847.25,67.55,0.434,4.141,0.330,banana,fresh
8821097,8724,88.65,847.45,67.60,0.433,4.142,0.330,banana,fresh
8822109,8725,88.80,847.55,67.60,0.434,4.142,0.330,banana,fresh
8823119,8726,88.70,847.30,67.60,0.434,4.141,0.330,banana,fresh
8824130,8727,88.75,847.30,67.55,0.434,4.141,0.330,banana,fresh
8825142,8728,88.80,847.40,67.65,0.434,4.142,0.331,banana,fresh
8826152,8729,88.90,847.45,67.45,0.435,4.142,0.330,banana,fresh
8827163,8730,88.80,847.40,67.55,0.434,4.142,0.330,banana,fresh
8828175,8731,88.90,847.40,67.50,0.435,4.142,0.330,banana,fresh
8829186,8732,88.80,847.45,67.50,0.434,4.142,0.330,banana,fresh
8830196,8733,88.80,847.15,67.55,0.434,4.141,0.330,banana,fresh
8831208,8734,88.65,847.35,67.55,0.433,4.141,0.330,banana,fresh
8832219,8735,88.70,847.60,67.50,0.434,4.143,0.330,banana,fresh
8833229,8736,88.75,847.50,67.45,0.434,4.142,0.330,banana,fresh
8834241,8737,88.85,847.50,67.50,0.434,4.142,0.330,banana,fresh
8835252,8738,88.90,847.35,67.35,0.435,4.141,0.329,banana,fresh
8836262,8739,88.85,847.45,67.45,0.434,4.142,0.330,banana,fresh
8837274,8740,88.75,847.40,67.45,0.434,4.142,0.330,banana,fresh
8838285,8741,88.80,847.25,67.40,0.434,4.141,0.329,banana,fresh
8839297,8742,88.65,847.50,67.35,0.433,4.142,0.329,banana,fresh
8840307,8743,88.75,847.50,67.40,0.434,4.142,0.329,banana,fresh
8841318,8744,88.65,847.30,67.65,0.433,4.141,0.331,banana,fresh
8842330,8745,88.65,847.35,67.45,0.433,4.141,0.330,banana,fresh
8843340,8746,88.65,847.30,67.60,0.433,4.141,0.330,banana,fresh
8844351,8747,88.60,847.50,67.45,0.433,4.142,0.330,banana,fresh
8845363,8748,88.75,847.45,67.45,0.434,4.142,0.330,banana,fresh
8846373,8749,88.65,847.25,67.55,0.433,4.141,0.330,banana,fresh
8847384,8750,88.85,847.35,67.45,0.434,4.141,0.330,banana,fresh
8848396,8751,88.65,847.55,67.40,0.433,4.142,0.329,banana,fresh
8849406,8752,88.90,847.45,67.60,0.435,4.142,0.330,banana,fresh
8850417,8753,88.75,847.30,67.30,0.434,4.141,0.329,banana,fresh
8851429,8754,88.80,847.55,67.35,0.434,4.142,0.329,banana,fresh
8852440,8755,88.70,847.40,67.30,0.434,4.142,0.329,banana,fresh
8853450,8756,88.75,847.35,67.55,0.434,4.141,0.330,banana,fresh
8854462,8757,88.85,847.45,67.50,0.434,4.142,0.330,banana,fresh
8855473,8758,88.75,847.40,67.30,0.434,4.142,0.329,banana,fresh
8856483,8759,88.70,847.40,67.45,0.434,4.142,0.330,banana,fresh
8857495,8760,88.65,847.35,67.40,0.433,4.141,0.329,banana,fresh
8858506,8761,88.65,847.30,67.30,0.433,4.141,0.329,banana,fresh
8859516,8762,88.80,847.40,67.30,0.434,4.142,0.329,banana,fresh
8860528,8763,88.90,847.35,67.45,0.435,4.141,0.330,banana,fresh
8861539,8764,88.75,847.55,67.50,0.434,4.142,0.330,banana,fresh
8862550,8765,88.65,847.70,67.35,0.433,4.143,0.329,banana,fresh
8863561,8766,88.55,847.35,67.40,0.433,4.141,0.329,banana,fresh
8864572,8767,88.75,847.50,67.30,0.434,4.142,0.329,banana,fresh
8865583,8768,88.75,847.35,67.10,0.434,4.141,0.328,banana,fresh
8866594,8769,88.85,847.35,67.25,0.434,4.141,0.329,banana,fresh
8867605,8770,88.75,847.50,67.25,0.434,4.142,0.329,banana,fresh
8868616,8771,88.55,847.25,67.20,0.433,4.141,0.328,banana,fresh
8869627,8772,88.60,847.45,67.35,0.433,4.142,0.329,banana,fresh
8870638,8773,88.85,847.30,67.40,0.434,4.141,0.329,banana,fresh
8871649,8774,88.75,847.45,67.35,0.434,4.142,0.329,banana,fresh
8872660,8775,88.70,847.55,67.45,0.434,4.142,0.330,banana,fresh
8873671,8776,88.75,847.40,67.45,0.434,4.142,0.330,banana,fresh
8874682,8777,88.80,847.25,67.25,0.434,4.141,0.329,banana,fresh
8875694,8778,88.90,847.30,67.35,0.435,4.141,0.329,banana,fresh
8876704,8779,88.90,847.25,67.30,0.435,4.141,0.329,banana,fresh
8877715,8780,88.55,847.30,67.20,0.433,4.141,0.328,banana,fresh
8878727,8781,88.80,847.50,67.35,0.434,4.142,0.329,banana,fresh
8879737,8782,88.55,847.45,67.40,0.433,4.142,0.329,banana,fresh
8880748,8783,88.60,847.15,67.30,0.433,4.141,0.329,banana,fresh
8881760,8784,88.85,847.45,67.15,0.434,4.142,0.328,banana,fresh
8882770,8785,88.75,847.40,67.45,0.434,4.142,0.330,banana,fresh
8883782,8786,88.75,847.20,67.45,0.434,4.141,0.330,banana,fresh
8884793,8787,88.80,847.35,67.35,0.434,4.141,0.329,banana,fresh
8885804,8788,88.55,847.35,67.40,0.433,4.141,0.329,banana,fresh
8886815,8789,88.55,847.40,67.40,0.433,4.142,0.329,banana,fresh
8887826,8790,88.80,847.25,67.25,0.434,4.141,0.329,banana,fresh
8888837,8791,88.75,847.25,67.45,0.434,4.141,0.330,banana,fresh
8889848,8792,88.75,847.30,67.20,0.434,4.141,0.328,banana,fresh
8890859,8793,88.85,847.40,67.35,0.434,4.142,0.329,banana,fresh
8891870,8794,88.80,847.35,67.25,0.434,4.141,0.329,banana,fresh
8892881,8795,88.65,847.50,67.30,0.433,4.142,0.329,banana,fresh
8893892,8796,88.70,847.35,67.30,0.434,4.141,0.329,banana,fresh
8894903,8797,88.45,847.50,67.25,0.432,4.142,0.329,banana,fresh
8895915,8798,88.65,847.45,67.55,0.433,4.142,0.330,banana,fresh
8896925,8799,88.70,847.30,67.30,0.434,4.141,0.329,banana,fresh
8897936,8800,88.65,847.25,67.30,0.433,4.141,0.329,banana,fresh
8898948,8801,88.55,847.55,67.30,0.433,4.142,0.329,banana,fresh
8899958,8802,88.60,847.35,67.15,0.433,4.141,0.328,banana,fresh
8900969,8803,88.50,847.55,67.40,0.433,4.142,0.329,banana,fresh
8901981,8804,88.65,847.25,67.35,0.433,4.141,0.329,banana,fresh
8902991,8805,88.65,847.60,67.25,0.433,4.143,0.329,banana,fresh
8904002,8806,88.60,847.45,67.40,0.433,4.142,0.329,banana,fresh
8905014,8807,88.90,847.30,67.30,0.435,4.141,0.329,banana,fresh
8906024,8808,88.60,847.35,67.25,0.433,4.141,0.329,banana,fresh
8907035,8809,88.80,847.35,67.25,0.434,4.141,0.329,banana,fresh
8908047,8810,88.80,847.30,67.25,0.434,4.141,0.329,banana,fresh
8909058,8811,88.70,847.35,67.30,0.434,4.141,0.329,banana,fresh
8910068,8812,88.65,847.45,67.25,0.433,4.142,0.329,banana,fresh
8911080,8813,88.70,847.45,67.25,0.434,4.142,0.329,banana,fresh
8912091,8814,88.80,847.30,67.30,0.434,4.141,0.329,banana,fresh
8913102,8815,88.70,847.25,67.30,0.434,4.141,0.329,banana,fresh
8914113,8816,88.55,847.45,67.40,0.433,4.142,0.329,banana,fresh
8915124,8817,88.75,847.45,67.25,0.434,4.142,0.329,banana,fresh
8916135,8818,88.60,847.40,67.35,0.433,4.142,0.329,banana,fresh
8917146,8819,88.80,847.65,67.20,0.434,4.143,0.328,banana,fresh
8918157,8820,88.75,847.45,67.30,0.434,4.142,0.329,banana,fresh
8919169,8821,88.55,847.40,67.25,0.433,4.142,0.329,banana,fresh
8920179,8822,88.65,847.35,67.30,0.433,4.141,0.329,banana,fresh
8921190,8823,88.60,847.35,67.20,0.433,4.141,0.328,banana,fresh
8922202,8824,88.75,847.25,67.25,0.434,4.141,0.329,banana,fresh
8923212,8825,88.60,847.35,67.25,0.433,4.141,0.329,banana,fresh
8924223,8826,88.70,847.35,67.25,0.434,4.141,0.329,banana,fresh
8925235,8827,88.65,847.40,67.15,0.433,4.142,0.328,banana,fresh
8926245,8828,88.50,847.55,67.35,0.433,4.142,0.329,banana,fresh
8927256,8829,88.75,847.55,67.25,0.434,4.142,0.329,banana,fresh
8928268,8830,88.65,847.20,67.35,0.433,4.141,0.329,banana,fresh
8929278,8831,88.60,847.50,67.05,0.433,4.142,0.328,banana,fresh
8930289,8832,88.60,847.35,67.25,0.433,4.141,0.329,banana,fresh
8931301,8833,88.65,847.50,67.35,0.433,4.142,0.329,banana,fresh
8932312,8834,88.75,847.50,67.35,0.434,4.142,0.329,banana,fresh
8933322,8835,88.70,847.45,67.40,0.434,4.142,0.329,banana,fresh
8934334,8836,88.65,847.55,67.25,0.433,4.142,0.329,banana,fresh
8935345,8837,88.90,847.50,67.10,0.435,4.142,0.328,banana,fresh
8936355,8838,88.65,847.40,67.25,0.433,4.142,0.329,banana,fresh
8937367,8839,88.70,847.25,67.30,0.434,4.141,0.329,banana,fresh
8938378,8840,88.60,847.60,67.25,0.433,4.143,0.329,banana,fresh
8939389,8841,88.70,847.25,67.20,0.434,4.141,0.328,banana,fresh
8940400,8842,88.55,847.55,67.15,0.433,4.142,0.328,banana,fresh
8941411,8843,88.60,847.60,67.35,0.433,4.143,0.329,banana,fresh
8942423,8844,88.65,847.45,67.30,0.433,4.142,0.329,banana,fresh
8943433,8845,88.60,847.30,67.35,0.433,4.141,0.329,banana,fresh
8944444,8846,88.65,847.65,67.30,0.433,4.143,0.329,banana,fresh
8945456,8847,88.70,847.60,67.30,0.434,4.143,0.329,banana,fresh
8946466,8848,88.80,847.45,67.30,0.434,4.142,0.329,banana,fresh
8947477,8849,88.75,847.30,67.25,0.434,4.141,0.329,banana,fresh
8948489,8850,88.65,847.50,67.40,0.433,4.142,0.329,banana,fresh
8949499,8851,88.45,847.40,67.25,0.432,4.142,0.329,banana,fresh
8950510,8852,88.65,847.60,67.25,0.433,4.143,0.329,banana,fresh
8951522,8853,88.80,847.50,67.20,0.434,4.142,0.328,banana,fresh
8952532,8854,88.75,847.40,67.25,0.434,4.142,0.329,banana,fresh
8953543,8855,88.90,847.35,67.35,0.435,4.141,0.329,banana,fresh
8954555,8856,88.70,847.35,67.10,0.434,4.141,0.328,banana,fresh
8955566,8857,88.75,847.45,67.15,0.434,4.142,0.328,banana,fresh
8956576,8858,88.75,847.50,67.15,0.434,4.142,0.328,banana,fresh
8957588,8859,88.60,847.40,67.25,0.433,4.142,0.329,banana,fresh
8958599,8860,88.75,847.55,67.30,0.434,4.142,0.329,banana,fresh
8959609,8861,88.70,847.70,67.40,0.434,4.143,0.329,banana,fresh
8960621,8862,88.55,847.55,67.25,0.433,4.142,0.329,banana,fresh
8961632,8863,88.65,847.45,67.30,0.433,4.142,0.329,banana,fresh
8962642,8864,88.80,847.65,67.25,0.434,4.143,0.329,banana,fresh
8963654,8865,88.55,847.65,67.35,0.433,4.143,0.329,banana,fresh
8964665,8866,88.65,847.45,67.20,0.433,4.142,0.328,banana,fresh
8965676,8867,88.55,847.55,67.25,0.433,4.142,0.329,banana,fresh
8966687,8868,88.70,847.45,67.40,0.434,4.142,0.329,banana,fresh
8967698,8869,88.55,847.65,67.35,0.433,4.143,0.329,banana,fresh
8968710,8870,88.75,847.35,67.15,0.434,4.141,0.328,banana,fresh
8969720,8871,88.65,847.45,67.25,0.433,4.142,0.329,banana,fresh
8970731,8872,88.60,847.65,67.30,0.433,4.143,0.329,banana,fresh
8971743,8873,88.65,847.55,67.20,0.433,4.142,0.328,banana,fresh
8972753,8874,88.75,847.35,67.25,0.434,4.141,0.329,banana,fresh
8973764,8875,88.65,847.55,67.40,0.433,4.142,0.329,banana,fresh
8974776,8876,88.80,847.40,67.25,0.434,4.142,0.329,banana,fresh
8975787,8877,88.65,847.35,67.30,0.433,4.141,0.329,banana,fresh
8976797,8878,88.55,847.35,67.15,0.433,4.141,0.328,banana,fresh
8977809,8879,88.75,847.65,67.25,0.434,4.143,0.329,banana,fresh
8978820,8880,88.70,847.45,67.40,0.434,4.142,0.329,banana,fresh
8979830,8881,88.75,847.60,67.15,0.434,4.143,0.328,banana,fresh
8980842,8882,88.60,847.50,67.15,0.433,4.142,0.328,banana,fresh
8981853,8883,88.65,847.45,67.30,0.433,4.142,0.329,banana,fresh
8982863,8884,88.75,847.55,67.30,0.434,4.142,0.329,banana,fresh
8983875,8885,88.55,847.40,67.25,0.433,4.142,0.329,banana,fresh
8984886,8886,88.65,847.60,67.35,0.433,4.143,0.329,banana,fresh
8985896,8887,88.70,847.60,67.30,0.434,4.143,0.329,banana,fresh
8986908,8888,88.65,847.65,67.15,0.433,4.143,0.328,banana,fresh
8987919,8889,88.65,847.60,67.25,0.433,4.143,0.329,banana,fresh
8988930,8890,88.65,847.50,67.30,0.433,4.142,0.329,banana,fresh
8989941,8891,88.60,847.65,67.30,0.433,4.143,0.329,banana,fresh
8990952,8892,88.70,847.55,67.35,0.434,4.142,0.329,banana,fresh
8991963,8893,88.75,847.55,67.30,0.434,4.142,0.329,banana,fresh
8992974,8894,88.80,847.80,67.35,0.434,4.144,0.329,banana,fresh
8993985,8895,88.70,847.40,67.50,0.434,4.142,0.330,banana,fresh
8994996,8896,88.55,847.55,67.20,0.433,4.142,0.328,banana,fresh
8996007,8897,88.85,847.50,67.25,0.434,4.142,0.329,banana,fresh
8997018,8898,88.65,847.60,67.20,0.433,4.143,0.328,banana,fresh
8998029,8899,88.50,847.70,67.30,0.433,4.143,0.329,banana,fresh
8999041,8900,88.75,847.60,67.20,0.434,4.143,0.328,banana,fresh
9000051,8901,88.80,847.80,67.35,0.434,4.144,0.329,banana,fresh
9001062,8902,88.75,847.65,67.20,0.434,4.143,0.328,banana,fresh
9002074,8903,88.90,847.60,67.10,0.435,4.143,0.328,banana,fresh
9003084,8904,88.85,847.45,67.25,0.434,4.142,0.329,banana,fresh
9004096,8905,88.65,847.65,67.25,0.433,4.143,0.329,banana,fresh
9005107,8906,88.75,847.70,67.25,0.434,4.143,0.329,banana,fresh
9006117,8907,88.70,847.50,67.25,0.434,4.142,0.329,banana,fresh
9007129,8908,88.75,847.60,67.35,0.434,4.143,0.329,banana,fresh
9008140,8909,88.70,847.60,67.30,0.434,4.143,0.329,banana,fresh
9009150,8910,88.55,847.50,67.35,0.433,4.142,0.329,banana,fresh
9010162,8911,88.75,847.60,67.35,0.434,4.143,0.329,banana,fresh
9011173,8912,88.90,847.60,67.60,0.435,4.143,0.330,banana,fresh
9012184,8913,88.80,847.65,67.40,0.434,4.143,0.329,banana,fresh
9013195,8914,88.70,847.65,67.30,0.434,4.143,0.329,banana,fresh
9014206,8915,88.75,847.65,67.35,0.434,4.143,0.329,banana,fresh
9015217,8916,88.80,847.65,67.15,0.434,4.143,0.328,banana,fresh
9016228,8917,88.70,847.70,67.45,0.434,4.143,0.330,banana,fresh
9017239,8918,88.95,847.55,67.30,0.435,4.142,0.329,banana,fresh
9018250,8919,88.75,847.55,67.15,0.434,4.142,0.328,banana,fresh
9019261,8920,88.60,847.75,67.25,0.433,4.143,0.329,banana,fresh
9020272,8921,88.65,847.65,67.15,0.433,4.143,0.328,banana,fresh
9021283,8922,88.80,847.65,67.15,0.434,4.143,0.328,banana,fresh
9022295,8923,88.80,847.75,67.15,0.434,4.143,0.328,banana,fresh
9023305,8924,88.70,847.60,67.30,0.434,4.143,0.329,banana,fresh
9024316,8925,88.80,847.75,67.25,0.434,4.143,0.329,banana,fresh
9025328,8926,88.65,847.65,67.30,0.433,4.143,0.329,banana,fresh
9026338,8927,88.65,847.75,67.35,0.433,4.143,0.329,banana,fresh
9027349,8928,88.80,847.60,67.20,0.434,4.143,0.328,banana,fresh
9028361,8929,88.60,847.75,67.25,0.433,4.143,0.329,banana,fresh
9029371,8930,88.70,847.65,67.15,0.434,4.143,0.328,banana,fresh
9030383,8931,88.50,847.55,67.15,0.433,4.142,0.328,banana,fresh
9031394,8932,88.80,847.80,67.30,0.434,4.144,0.329,banana,fresh
9032404,8933,88.80,847.85,67.35,0.434,4.144,0.329,banana,fresh
9033416,8934,88.85,847.75,67.35,0.434,4.143,0.329,banana,fresh
9034427,8935,88.70,847.80,67.30,0.434,4.144,0.329,banana,fresh
9035438,8936,88.75,847.70,67.30,0.434,4.143,0.329,banana,fresh
9036449,8937,88.85,847.75,67.10,0.434,4.143,0.328,banana,fresh
9037460,8938,88.85,847.60,67.30,0.434,4.143,0.329,banana,fresh
9038471,8939,88.75,847.80,67.30,0.434,4.144,0.329,banana,fresh
9039482,8940,88.85,847.70,67.55,0.434,4.143,0.330,banana,fresh
9040493,8941,88.70,847.65,67.30,0.434,4.143,0.329,banana,fresh
9041504,8942,88.85,847.85,67.35,0.434,4.144,0.329,banana,fresh
9042515,8943,88.85,847.60,67.20,0.434,4.143,0.328,banana,fresh
9043526,8944,88.70,847.50,67.45,0.434,4.142,0.330,banana,fresh
9044537,8945,88.70,847.80,67.50,0.434,4.144,0.330,banana,fresh
9045549,8946,88.70,847.85,67.40,0.434,4.144,0.329,banana,fresh
9046559,8947,88.85,847.70,67.55,0.434,4.143,0.330,banana,fresh
9047570,8948,88.85,847.85,67.35,0.434,4.144,0.329,banana,fresh
9048582,8949,88.75,847.70,67.15,0.434,4.143,0.328,banana,fresh
9049592,8950,88.90,847.80,67.45,0.435,4.144,0.330,banana,fresh
9050603,8951,88.75,847.75,67.30,0.434,4.143,0.329,banana,fresh
9051615,8952,88.90,847.90,67.25,0.435,4.144,0.329,banana,fresh
9052625,8953,88.70,847.75,67.40,0.434,4.143,0.329,banana,fresh
9053636,8954,88.80,847.95,67.40,0.434,4.144,0.329,banana,fresh
9054648,8955,88.90,847.70,67.20,0.435,4.143,0.328,banana,fresh
9055659,8956,88.65,847.75,67.60,0.433,4.143,0.330,banana,fresh
9056669,8957,88.75,847.80,67.45,0.434,4.144,0.330,banana,fresh
9057681,8958,88.80,847.80,67.45,0.434,4.144,0.330,banana,fresh
9058692,8959,88.70,847.90,67.35,0.434,4.144,0.329,banana,fresh
9059702,8960,88.95,847.85,67.40,0.435,4.144,0.329,banana,fresh
9060714,8961,88.75,847.75,67.40,0.434,4.143,0.329,banana,fresh
9061725,8962,88.85,847.85,67.45,0.434,4.144,0.330,banana,fresh
9062735,8963,88.80,847.85,67.35,0.434,4.144,0.329,banana,fresh
9063747,8964,88.85,847.90,67.35,0.434,4.144,0.329,banana,fresh
9064758,8965,88.80,847.75,67.35,0.434,4.143,0.329,banana,fresh
9065769,8966,88.95,847.90,67.40,0.435,4.144,0.329,banana,fresh
9066780,8967,88.90,847.75,67.35,0.435,4.143,0.329,banana,fresh
9067791,8968,88.85,847.85,67.20,0.434,4.144,0.328,banana,fresh
9068803,8969,88.85,847.90,67.30,0.434,4.144,0.329,banana,fresh
9069813,8970,88.90,847.75,67.35,0.435,4.143,0.329,banana,fresh
9070824,8971,88.95,847.95,67.35,0.435,4.144,0.329,banana,fresh
9071836,8972,88.85,847.80,67.35,0.434,4.144,0.329,banana,fresh
9072846,8973,88.75,847.75,67.45,0.434,4.143,0.330,banana,fresh
9073857,8974,88.85,847.80,67.40,0.434,4.144,0.329,banana,fresh
9074869,8975,88.80,847.70,67.35,0.434,4.143,0.329,banana,fresh
9075879,8976,88.80,847.80,67.40,0.434,4.144,0.329,banana,fresh
9076890,8977,88.75,847.90,67.30,0.434,4.144,0.329,banana,fresh
9077902,8978,88.85,847.85,67.40,0.434,4.144,0.329,banana,fresh
9078913,8979,88.80,848.00,67.40,0.434,4.145,0.329,banana,fresh
9079923,8980,88.80,847.95,67.40,0.434,4.144,0.329,banana,fresh
9080935,8981,88.80,847.90,67.25,0.434,4.144,0.329,banana,fresh
9081946,8982,88.90,847.85,67.40,0.435,4.144,0.329,banana,fresh
9082956,8983,88.85,847.90,67.50,0.434,4.144,0.330,banana,fresh
9083968,8984,88.85,847.95,67.40,0.434,4.144,0.329,banana,fresh
9084979,8985,88.80,847.90,67.35,0.434,4.144,0.329,banana,fresh
9085989,8986,88.75,847.90,67.45,0.434,4.144,0.330,banana,fresh
9087001,8987,88.75,847.95,67.40,0.434,4.144,0.329,banana,fresh
9088012,8988,88.65,848.00,67.55,0.433,4.145,0.330,banana,fresh
9089022,8989,88.95,847.90,67.45,0.435,4.144,0.330,banana,fresh
9090034,8990,88.95,847.90,67.30,0.435,4.144,0.329,banana,fresh
9091045,8991,88.80,847.90,67.30,0.434,4.144,0.329,banana,fresh
9092056,8992,88.80,847.90,67.40,0.434,4.144,0.329,banana,fresh
9093067,8993,88.80,847.85,67.25,0.434,4.144,0.329,banana,fresh
9094078,8994,88.90,848.00,67.45,0.435,4.145,0.330,banana,fresh
9095089,8995,88.80,847.90,67.50,0.434,4.144,0.330,banana,fresh
9096100,8996,88.80,847.90,67.55,0.434,4.144,0.330,banana,fresh
9097111,8997,88.80,847.90,67.45,0.434,4.144,0.330,banana,fresh
9098122,8998,88.65,847.90,67.50,0.433,4.144,0.330,banana,fresh
9099133,8999,88.55,847.85,67.45,0.433,4.144,0.330,banana,fresh
9100144,9000,88.85,847.85,67.50,0.434,4.144,0.330,banana,fresh
9101155,9001,88.70,847.90,67.50,0.434,4.144,0.330,banana,fresh
9102167,9002,88.90,848.00,67.65,0.435,4.145,0.331,banana,fresh
9103177,9003,88.90,848.00,67.50,0.435,4.145,0.330,banana,fresh
9104188,9004,88.90,847.95,67.35,0.435,4.144,0.329,banana,fresh
9105200,9005,88.75,847.95,67.40,0.434,4.144,0.329,banana,fresh
9106210,9006,88.80,847.95,67.55,0.434,4.144,0.330,banana,fresh
9107221,9007,88.70,847.95,67.35,0.434,4.144,0.329,banana,fresh
9108233,9008,89.00,848.00,67.55,0.435,4.145,0.330,banana,fresh
9109243,9009,88.65,847.90,67.40,0.433,4.144,0.329,banana,fresh
9110254,9010,88.95,847.85,67.45,0.435,4.144,0.330,banana,fresh
9111266,9011,88.85,847.95,67.30,0.434,4.144,0.329,banana,fresh
9112276,9012,88.80,847.85,67.40,0.434,4.144,0.329,banana,fresh
9113287,9013,88.85,847.90,67.35,0.434,4.144,0.329,banana,fresh
9114299,9014,88.85,847.85,67.35,0.434,4.144,0.329,banana,fresh
9115310,9015,89.00,848.00,67.25,0.435,4.145,0.329,banana,fresh
9116320,9016,88.70,847.90,67.40,0.434,4.144,0.329,banana,fresh
9117332,9017,88.85,847.95,67.55,0.434,4.144,0.330,banana,fresh
9118343,9018,88.95,848.00,67.65,0.435,4.145,0.331,banana,fresh
9119353,9019,89.00,848.00,67.35,0.435,4.145,0.329,banana,fresh
9120365,9020,88.90,847.95,67.40,0.435,4.144,0.329,banana,fresh
9121376,9021,88.90,847.90,67.55,0.435,4.144,0.330,banana,fresh
9122387,9022,88.90,848.00,67.40,0.435,4.145,0.329,banana,fresh
9123398,9023,88.95,848.00,67.55,0.435,4.145,0.330,banana,fresh
9124409,9024,88.95,848.00,67.50,0.435,4.145,0.330,banana,fresh
9125421,9025,88.90,847.90,67.60,0.435,4.144,0.330,banana,fresh
9126431,9026,88.95,847.95,67.45,0.435,4.144,0.330,banana,fresh
9127442,9027,88.95,847.95,67.60,0.435,4.144,0.330,banana,fresh
9128454,9028,88.85,848.00,67.40,0.434,4.145,0.329,banana,fresh
9129464,9029,88.85,848.00,67.50,0.434,4.145,0.330,banana,fresh
9130475,9030,88.90,847.95,67.65,0.435,4.144,0.331,banana,fresh
9131487,9031,88.80,847.95,67.45,0.434,4.144,0.330,banana,fresh
9132497,9032,88.90,847.95,67.55,0.435,4.144,0.330,banana,fresh
9133508,9033,88.90,847.95,67.35,0.435,4.144,0.329,banana,fresh
9134520,9034,88.80,848.00,67.55,0.434,4.145,0.330,banana,fresh
9135531,9035,88.95,848.00,67.55,0.435,4.145,0.330,banana,fresh
9136541,9036,88.95,848.00,67.45,0.435,4.145,0.330,banana,fresh
9137553,9037,88.85,848.00,67.70,0.434,4.145,0.331,banana,fresh
9138564,9038,88.95,848.00,67.40,0.435,4.145,0.329,banana,fresh
9139574,9039,88.80,847.95,67.50,0.434,4.144,0.330,banana,fresh
9140586,9040,88.75,848.00,67.45,0.434,4.145,0.330,banana,fresh
9141597,9041,88.80,848.00,67.30,0.434,4.145,0.329,banana,fresh
9142607,9042,88.90,847.95,67.50,0.435,4.144,0.330,banana,fresh
9143619,9043,88.85,848.00,67.45,0.434,4.145,0.330,banana,fresh
9144630,9044,88.80,848.00,67.65,0.434,4.145,0.331,banana,fresh
9145640,9045,88.95,848.00,67.35,0.435,4.145,0.329,banana,fresh
9146652,9046,88.90,848.00,67.45,0.435,4.145,0.330,banana,fresh
9147663,9047,88.95,848.00,67.40,0.435,4.145,0.329,banana,fresh
9148674,9048,88.90,848.00,67.45,0.435,4.145,0.330,banana,fresh
9149685,9049,89.00,848.00,67.60,0.435,4.145,0.330,banana,fresh
9150696,9050,88.90,848.00,67.50,0.435,4.145,0.330,banana,fresh
9151707,9051,88.80,848.00,67.60,0.434,4.145,0.330,banana,fresh
9152718,9052,88.85,848.00,67.60,0.434,4.145,0.330,banana,fresh
9153729,9053,89.00,848.00,67.55,0.435,4.145,0.330,banana,fresh
9154740,9054,88.85,848.00,67.50,0.434,4.145,0.330,banana,fresh
9155750,9055,88.90,848.00,67.55,0.435,4.145,0.330,banana,fresh
9156762,9056,88.80,848.00,67.35,0.434,4.145,0.329,banana,fresh
9157773,9057,88.90,848.00,67.60,0.435,4.145,0.330,banana,fresh
9158784,9058,88.90,848.05,67.70,0.435,4.145,0.331,banana,fresh
9159795,9059,88.95,847.95,67.50,0.435,4.144,0.330,banana,fresh
9160806,9060,88.95,848.00,67.40,0.435,4.145,0.329,banana,fresh
9161818,9061,88.95,847.95,67.70,0.435,4.144,0.331,banana,fresh
9162828,9062,88.95,848.00,67.60,0.435,4.145,0.330,banana,fresh
9163839,9063,88.85,848.05,67.60,0.434,4.145,0.330,banana,fresh
9164851,9064,88.95,847.95,67.70,0.435,4.144,0.331,banana,fresh
9165861,9065,88.75,847.95,67.60,0.434,4.144,0.330,banana,fresh
9166872,9066,88.95,848.00,67.60,0.435,4.145,0.330,banana,fresh
9167884,9067,88.85,848.00,67.50,0.434,4.145,0.330,banana,fresh
9168894,9068,88.90,848.00,67.60,0.435,4.145,0.330,banana,fresh
9169905,9069,88.95,848.00,67.45,0.435,4.145,0.330,banana,fresh
9170917,9070,88.90,848.00,67.55,0.435,4.145,0.330,banana,fresh
9171928,9071,88.90,848.00,67.60,0.435,4.145,0.330,banana,fresh
9172938,9072,88.85,847.95,67.35,0.434,4.144,0.329,banana,fresh
9173950,9073,88.85,848.00,67.60,0.434,4.145,0.330,banana,fresh
9174961,9074,88.90,848.00,67.70,0.435,4.145,0.331,banana,fresh
9175971,9075,88.90,848.00,67.55,0.435,4.145,0.330,banana,fresh
9176983,9076,88.85,848.00,67.55,0.434,4.145,0.330,banana,fresh
9177994,9077,88.80,848.00,67.55,0.434,4.145,0.330,banana,fresh
9179004,9078,88.80,848.00,67.70,0.434,4.145,0.331,banana,fresh
9180016,9079,88.85,848.00,67.75,0.434,4.145,0.331,banana,fresh
9181027,9080,88.85,848.00,67.60,0.434,4.145,0.330,banana,fresh
9182038,9081,88.85,848.05,67.60,0.434,4.145,0.330,banana,fresh
9183049,9082,89.00,848.00,67.60,0.435,4.145,0.330,banana,fresh
9184060,9083,88.85,848.00,67.50,0.434,4.145,0.330,banana,fresh
9185071,9084,88.80,847.95,67.65,0.434,4.144,0.331,banana,fresh
9186082,9085,88.85,848.00,67.65,0.434,4.145,0.331,banana,fresh
9187093,9086,88.90,848.00,67.55,0.435,4.145,0.330,banana,fresh
9188104,9087,88.95,848.00,67.55,0.435,4.145,0.330,banana,fresh
9189115,9088,88.90,848.00,67.60,0.435,4.145,0.330,banana,fresh
9190126,9089,88.80,848.00,67.50,0.434,4.145,0.330,banana,fresh
9191137,9090,88.75,848.00,67.60,0.434,4.145,0.330,banana,fresh
9192148,9091,88.85,848.00,67.65,0.434,4.145,0.331,banana,fresh
9193159,9092,88.80,848.00,67.45,0.434,4.145,0.330,banana,fresh
9194170,9093,88.75,848.00,67.60,0.434,4.145,0.330,banana,fresh
9195182,9094,88.90,848.00,67.65,0.435,4.145,0.331,banana,fresh
9196192,9095,88.95,848.00,67.50,0.435,4.145,0.330,banana,fresh
9197203,9096,88.90,848.00,67.50,0.435,4.145,0.330,banana,fresh
9198215,9097,88.80,848.00,67.70,0.434,4.145,0.331,banana,fresh
9199225,9098,88.90,848.00,67.60,0.435,4.145,0.330,banana,fresh
9200236,9099,88.95,848.05,67.50,0.435,4.145,0.330,banana,fresh
9201248,9100,88.90,848.00,67.70,0.435,4.145,0.331,banana,fresh
9202258,9101,88.85,848.00,67.75,0.434,4.145,0.331,banana,fresh
9203269,9102,88.80,848.00,67.60,0.434,4.145,0.330,banana,fresh
9204281,9103,88.95,848.05,67.55,0.435,4.145,0.330,banana,fresh
9205292,9104,88.85,848.00,67.55,0.434,4.145,0.330,banana,fresh
9206302,9105,88.90,848.05,67.60,0.435,4.145,0.330,banana,fresh
9207314,9106,88.85,848.00,67.65,0.434,4.145,0.331,banana,fresh
9208325,9107,88.95,848.05,67.50,0.435,4.145,0.330,banana,fresh
9209335,9108,88.85,848.00,67.60,0.434,4.145,0.330,banana,fresh
9210347,9109,88.90,848.00,67.70,0.435,4.145,0.331,banana,fresh
9211358,9110,88.95,848.00,67.70,0.435,4.145,0.331,banana,fresh
9212368,9111,88.85,848.05,67.65,0.434,4.145,0.331,banana,fresh
9213380,9112,88.95,848.00,67.60,0.435,4.145,0.330,banana,fresh
9214391,9113,89.05,848.05,67.65,0.435,4.145,0.331,banana,fresh
9215401,9114,88.95,848.00,67.80,0.435,4.145,0.331,banana,fresh
9216413,9115,88.85,848.00,67.65,0.434,4.145,0.331,banana,fresh
9217424,9116,88.95,848.00,67.85,0.435,4.145,0.332,banana,fresh
9218435,9117,88.95,848.00,67.65,0.435,4.145,0.331,banana,fresh
9219446,9118,88.90,848.00,67.65,0.435,4.145,0.331,banana,fresh
9220457,9119,88.80,848.00,67.75,0.434,4.145,0.331,banana,fresh
9221468,9120,89.00,848.00,67.65,0.435,4.145,0.331,banana,fresh
9222479,9121,88.95,848.00,67.80,0.435,4.145,0.331,banana,fresh
9223490,9122,89.00,848.05,67.70,0.435,4.145,0.331,banana,fresh
9224501,9123,89.00,848.00,67.75,0.435,4.145,0.331,banana,fresh
9225512,9124,88.90,848.00,67.70,0.435,4.145,0.331,banana,fresh
9226523,9125,88.90,848.00,67.65,0.435,4.145,0.331,banana,fresh
9227534,9126,88.95,848.00,67.70,0.435,4.145,0.331,banana,fresh
9228546,9127,88.90,848.05,67.70,0.435,4.145,0.331,banana,fresh
9229556,9128,88.95,848.15,67.75,0.435,4.145,0.331,banana,fresh
9230567,9129,88.95,848.05,67.70,0.435,4.145,0.331,banana,fresh
9231579,9130,88.95,848.05,67.85,0.435,4.145,0.332,banana,fresh
9232589,9131,89.00,848.00,67.90,0.435,4.145,0.332,banana,fresh
9233600,9132,89.05,848.05,67.80,0.435,4.145,0.331,banana,fresh
9234612,9133,88.95,848.00,67.65,0.435,4.145,0.331,banana,fresh
9235622,9134,89.00,848.00,67.80,0.435,4.145,0.331,banana,fresh
9236633,9135,88.90,848.10,67.60,0.435,4.145,0.330,banana,fresh
9237645,9136,88.95,848.10,67.80,0.435,4.145,0.331,banana,fresh
9238656,9137,88.90,848.00,67.70,0.435,4.145,0.331,banana,fresh
9239666,9138,88.95,848.00,67.60,0.435,4.145,0.330,banana,fresh
9240678,9139,89.00,848.05,67.70,0.435,4.145,0.331,banana,fresh
9241689,9140,89.00,848.00,67.70,0.435,4.145,0.331,banana,fresh
9242699,9141,88.90,848.00,67.65,0.435,4.145,0.331,banana,fresh
9243711,9142,88.95,848.00,67.70,0.435,4.145,0.331,banana,fresh
9244722,9143,88.80,848.05,67.55,0.434,4.145,0.330,banana,fresh
9245732,9144,88.90,848.00,67.60,0.435,4.145,0.330,banana,fresh
9246744,9145,88.95,848.10,67.75,0.435,4.145,0.331,banana,fresh
9247755,9146,88.95,848.10,67.70,0.435,4.145,0.331,banana,fresh
9248765,9147,88.95,848.00,67.80,0.435,4.145,0.331,banana,fresh
9249777,9148,88.90,848.00,67.85,0.435,4.145,0.332,banana,fresh
9250788,9149,89.00,848.00,67.80,0.435,4.145,0.331,banana,fresh
9251800,9150,88.95,848.00,67.70,0.435,4.145,0.331,banana,fresh
9252810,9151,88.90,848.00,67.70,0.435,4.145,0.331,banana,fresh
9253821,9152,88.90,848.05,67.70,0.435,4.145,0.331,banana,fresh
9254833,9153,89.00,848.05,67.65,0.435,4.145,0.331,banana,fresh
9255843,9154,88.90,848.00,67.75,0.435,4.145,0.331,banana,fresh
9256854,9155,88.85,848.05,67.70,0.434,4.145,0.331,banana,fresh
9257866,9156,88.95,848.00,67.65,0.435,4.145,0.331,banana,fresh
9258876,9157,88.90,848.00,67.70,0.435,4.145,0.331,banana,fresh
9259887,9158,89.00,848.10,67.95,0.435,4.145,0.332,banana,fresh
9260899,9159,88.90,848.00,67.80,0.435,4.145,0.331,banana,fresh
9261910,9160,88.80,848.05,67.85,0.434,4.145,0.332,banana,fresh
9262920,9161,89.00,848.00,67.60,0.435,4.145,0.330,banana,fresh
9263932,9162,88.95,848.05,67.95,0.435,4.145,0.332,banana,fresh
9264943,9163,89.00,848.05,67.70,0.435,4.145,0.331,banana,fresh
9265953,9164,88.85,848.10,67.85,0.434,4.145,0.332,banana,fresh
9266965,9165,88.90,848.10,67.80,0.435,4.145,0.331,banana,fresh
9267976,9166,89.00,848.10,67.80,0.435,4.145,0.331,banana,fresh
9268986,9167,88.90,848.15,67.95,0.435,4.145,0.332,banana,fresh
9269998,9168,88.95,848.15,67.85,0.435,4.145,0.332,banana,fresh
9271009,9169,88.95,848.10,67.85,0.435,4.145,0.332,banana,fresh
9272019,9170,88.95,848.10,67.75,0.435,4.145,0.331,banana,fresh
9273031,9171,89.00,848.05,67.80,0.435,4.145,0.331,banana,fresh
9274042,9172,89.00,848.10,67.85,0.435,4.145,0.332,banana,fresh
9275053,9173,88.95,848.20,67.80,0.435,4.146,0.331,banana,fresh
9276064,9174,89.00,848.05,67.80,0.435,4.145,0.331,banana,fresh
9277075,9175,88.95,848.10,67.70,0.435,4.145,0.331,banana,fresh
9278086,9176,89.05,848.15,67.85,0.435,4.145,0.332,banana,fresh
9279097,9177,88.95,848.00,67.65,0.435,4.145,0.331,banana,fresh
9280108,9178,89.00,848.00,67.85,0.435,4.145,0.332,banana,fresh
9281119,9179,89.00,848.05,67.80,0.435,4.145,0.331,banana,fresh
9282130,9180,88.95,848.05,67.85,0.435,4.145,0.332,banana,fresh
9283141,9181,88.95,848.20,67.80,0.435,4.146,0.331,banana,fresh
9284152,9182,89.00,848.05,67.95,0.435,4.145,0.332,banana,fresh
9285164,9183,88.95,848.15,67.95,0.435,4.145,0.332,banana,fresh
9286174,9184,89.00,848.00,67.80,0.435,4.145,0.331,banana,fresh
9287185,9185,89.00,848.15,67.85,0.435,4.145,0.332,banana,fresh
9288197,9186,89.00,848.20,67.90,0.435,4.146,0.332,banana,fresh
9289207,9187,89.00,848.10,67.80,0.435,4.145,0.331,banana,fresh
9290218,9188,88.95,848.05,67.90,0.435,4.145,0.332,banana,fresh
9291230,9189,89.00,848.10,67.90,0.435,4.145,0.332,banana,fresh
9292240,9190,88.95,848.10,67.85,0.435,4.145,0.332,banana,fresh
9293251,9191,88.95,848.20,68.00,0.435,4.146,0.332,banana,fresh
9294263,9192,89.05,848.10,67.80,0.435,4.145,0.331,banana,fresh
9295273,9193,89.00,848.10,67.95,0.435,4.145,0.332,banana,fresh
9296284,9194,88.95,848.15,67.95,0.435,4.145,0.332,banana,fresh
9297296,9195,89.05,848.20,67.90,0.435,4.146,0.332,banana,fresh
9298307,9196,89.05,848.15,67.95,0.435,4.145,0.332,banana,fresh
9299317,9197,88.85,848.10,68.00,0.434,4.145,0.332,banana,fresh
9300329,9198,89.00,848.10,68.00,0.435,4.145,0.332,banana,fresh
9301340,9199,89.00,848.25,67.95,0.435,4.146,0.332,banana,fresh
9302350,9200,88.95,848.10,67.95,0.435,4.145,0.332,banana,fresh
9303362,9201,88.95,848.20,67.90,0.435,4.146,0.332,banana,fresh
9304373,9202,89.00,848.05,68.00,0.435,4.145,0.332,banana,fresh
9305383,9203,89.00,848.10,68.00,0.435,4.145,0.332,banana,fresh
9306395,9204,89.00,848.15,67.90,0.435,4.145,0.332,banana,fresh
9307406,9205,89.00,848.10,68.00,0.435,4.145,0.332,banana,fresh
9308417,9206,89.00,848.05,67.90,0.435,4.145,0.332,banana,fresh
9309428,9207,88.90,848.15,67.85,0.435,4.145,0.332,banana,fresh
9310439,9208,89.00,848.25,68.00,0.435,4.146,0.332,banana,fresh
9311450,9209,89.00,848.25,67.95,0.435,4.146,0.332,banana,fresh
9312461,9210,89.00,848.15,67.95,0.435,4.145,0.332,banana,fresh
9313472,9211,89.00,848.35,68.00,0.435,4.146,0.332,banana,fresh
9314483,9212,88.95,848.15,68.00,0.435,4.145,0.332,banana,fresh
9315494,9213,89.10,848.20,67.90,0.435,4.146,0.332,banana,fresh
9316505,9214,88.95,848.30,68.00,0.435,4.146,0.332,banana,fresh
9317516,9215,88.95,848.20,68.00,0.435,4.146,0.332,banana,fresh
9318528,9216,89.00,848.25,67.95,0.435,4.146,0.332,banana,fresh
9319538,9217,89.00,848.20,68.00,0.435,4.146,0.332,banana,fresh
9320549,9218,89.00,848.20,67.85,0.435,4.146,0.332,banana,fresh
9321561,9219,89.00,848.25,67.95,0.435,4.146,0.332,banana,fresh
9322571,9220,89.00,848.10,67.95,0.435,4.145,0.332,banana,fresh
9323583,9221,89.00,848.25,67.95,0.435,4.146,0.332,banana,fresh
9324594,9222,89.00,848.20,67.90,0.435,4.146,0.332,banana,fresh
9325604,9223,89.05,848.20,67.95,0.435,4.146,0.332,banana,fresh
9326616,9224,89.00,848.25,67.95,0.435,4.146,0.332,banana,fresh
9327627,9225,88.95,848.20,67.95,0.435,4.146,0.332,banana,fresh
9328637,9226,89.00,848.20,67.95,0.435,4.146,0.332,banana,fresh
9329649,9227,88.95,848.30,68.00,0.435,4.146,0.332,banana,fresh
9330660,9228,89.00,848.25,67.90,0.435,4.146,0.332,banana,fresh
9331671,9229,88.90,848.05,67.90,0.435,4.145,0.332,banana,fresh
9332682,9230,89.00,848.20,68.00,0.435,4.146,0.332,banana,fresh
9333693,9231,88.95,848.10,68.00,0.435,4.145,0.332,banana,fresh
9334704,9232,89.00,848.30,67.95,0.435,4.146,0.332,banana,fresh
9335715,9233,89.00,848.20,67.95,0.435,4.146,0.332,banana,fresh
9336726,9234,89.00,848.35,68.00,0.435,4.146,0.332,banana,fresh
9337737,9235,89.00,848.15,68.00,0.435,4.145,0.332,banana,fresh
9338748,9236,89.00,848.10,68.00,0.435,4.145,0.332,banana,fresh
9339759,9237,89.00,848.20,67.90,0.435,4.146,0.332,banana,fresh
9340770,9238,89.00,848.25,67.90,0.435,4.146,0.332,banana,fresh
9341780,9239,89.05,848.15,67.95,0.435,4.145,0.332,banana,fresh
9342792,9240,88.95,848.35,67.90,0.435,4.146,0.332,banana,fresh
9343803,9241,89.00,848.25,68.00,0.435,4.146,0.332,banana,fresh
9344815,9242,88.95,848.20,68.00,0.435,4.146,0.332,banana,fresh
9345825,9243,89.05,848.25,67.95,0.435,4.146,0.332,banana,fresh
9346836,9244,89.00,848.30,67.95,0.435,4.146,0.332,banana,fresh
9347848,9245,89.00,848.25,68.00,0.435,4.146,0.332,banana,fresh
9348858,9246,88.95,848.25,67.85,0.435,4.146,0.332,banana,fresh
9349869,9247,89.00,848.20,67.95,0.435,4.146,0.332,banana,fresh
9350881,9248,88.95,848.15,68.00,0.435,4.145,0.332,banana,fresh
9351891,9249,88.90,848.20,67.95,0.435,4.146,0.332,banana,fresh
9352902,9250,89.00,848.35,67.90,0.435,4.146,0.332,banana,fresh
9353914,9251,88.95,848.20,68.00,0.435,4.146,0.332,banana,fresh
9354925,9252,89.05,848.30,68.00,0.435,4.146,0.332,banana,fresh
9355935,9253,89.10,848.35,68.00,0.435,4.146,0.332,banana,fresh
9356947,9254,89.05,848.25,68.00,0.435,4.146,0.332,banana,fresh
9357958,9255,89.00,848.30,67.85,0.435,4.146,0.332,banana,fresh
9358968,9256,89.00,848.40,68.00,0.435,4.147,0.332,banana,fresh
9359980,9257,89.00,848.40,68.00,0.435,4.147,0.332,banana,fresh
9360991,9258,88.95,848.45,68.00,0.435,4.147,0.332,banana,fresh
9362001,9259,89.00,848.30,67.90,0.435,4.146,0.332,banana,fresh
9363013,9260,88.95,848.20,68.00,0.435,4.146,0.332,banana,fresh
9364024,9261,88.95,848.35,68.00,0.435,4.146,0.332,banana,fresh
9365035,9262,89.00,848.30,68.00,0.435,4.146,0.332,banana,fresh
9366046,9263,89.00,848.40,68.00,0.435,4.147,0.332,banana,fresh
9367057,9264,89.05,848.30,67.95,0.435,4.146,0.332,banana,fresh
9368068,9265,89.05,848.40,67.95,0.435,4.147,0.332,banana,fresh
9369079,9266,89.00,848.35,68.00,0.435,4.146,0.332,banana,fresh
9370090,9267,89.00,848.30,68.00,0.435,4.146,0.332,banana,fresh
9371101,9268,89.00,848.40,67.90,0.435,4.147,0.332,banana,fresh
9372111,9269,89.00,848.55,67.95,0.435,4.147,0.332,banana,fresh
9373123,9270,89.00,848.40,68.00,0.435,4.147,0.332,banana,fresh
9374134,9271,88.95,848.50,67.95,0.435,4.147,0.332,banana,fresh
9375144,9272,89.10,848.20,67.80,0.435,4.146,0.331,banana,fresh
9376156,9273,89.00,848.35,68.00,0.435,4.146,0.332,banana,fresh
9377167,9274,89.00,848.60,68.00,0.435,4.148,0.332,banana,fresh
9378179,9275,89.05,848.40,67.95,0.435,4.147,0.332,banana,fresh
9379189,9276,89.00,848.40,68.00,0.435,4.147,0.332,banana,fresh
9380200,9277,89.00,848.40,67.95,0.435,4.147,0.332,banana,fresh
9381211,9278,88.95,848.45,68.00,0.435,4.147,0.332,banana,fresh
9382222,9279,89.00,848.55,68.00,0.435,4.147,0.332,banana,fresh
9383233,9280,89.00,848.45,68.00,0.435,4.147,0.332,banana,fresh
9384244,9281,89.05,848.45,68.00,0.435,4.147,0.332,banana,fresh
9385255,9282,89.00,848.40,68.05,0.435,4.147,0.333,banana,fresh
9386266,9283,89.00,848.50,67.90,0.435,4.147,0.332,banana,fresh
9387277,9284,89.00,848.30,67.95,0.435,4.146,0.332,banana,fresh
9388289,9285,89.00,848.30,68.05,0.435,4.146,0.333,banana,fresh
9389299,9286,89.00,848.50,68.00,0.435,4.147,0.332,banana,fresh
9390310,9287,89.00,848.45,68.00,0.435,4.147,0.332,banana,fresh
9391322,9288,89.00,848.40,67.85,0.435,4.147,0.332,banana,fresh
9392332,9289,89.00,848.35,68.00,0.435,4.146,0.332,banana,fresh
9393343,9290,89.00,848.65,67.95,0.435,4.148,0.332,banana,fresh
9394355,9291,89.00,848.65,68.00,0.435,4.148,0.332,banana,fresh
9395365,9292,89.00,848.25,68.00,0.435,4.146,0.332,banana,fresh
9396376,9293,89.00,848.50,67.90,0.435,4.147,0.332,banana,fresh
9397388,9294,89.05,848.40,67.90,0.435,4.147,0.332,banana,fresh
9398398,9295,89.00,848.50,68.00,0.435,4.147,0.332,banana,fresh
9399410,9296,89.00,848.35,67.95,0.435,4.146,0.332,banana,fresh
9400421,9297,89.00,848.65,68.00,0.435,4.148,0.332,banana,fresh
9401432,9298,89.00,848.40,67.95,0.435,4.147,0.332,banana,fresh
9402443,9299,89.00,848.50,67.95,0.435,4.147,0.332,banana,fresh
9403454,9300,89.00,848.50,67.95,0.435,4.147,0.332,banana,fresh
9404465,9301,89.00,848.40,68.00,0.435,4.147,0.332,banana,fresh
9405476,9302,88.95,848.65,67.95,0.435,4.148,0.332,banana,fresh
9406487,9303,89.00,848.50,68.00,0.435,4.147,0.332,banana,fresh
9407498,9304,89.00,848.55,68.00,0.435,4.147,0.332,banana,fresh
9408509,9305,89.00,848.40,67.95,0.435,4.147,0.332,banana,fresh
9409520,9306,89.00,848.65,67.95,0.435,4.148,0.332,banana,fresh
9410531,9307,89.00,848.50,68.00,0.435,4.147,0.332,banana,fresh
9411543,9308,89.00,848.55,67.90,0.435,4.147,0.332,banana,fresh
9412553,9309,89.00,848.60,68.00,0.435,4.148,0.332,banana,fresh
9413564,9310,89.00,848.65,68.00,0.435,4.148,0.332,banana,fresh
9414576,9311,89.00,848.55,67.90,0.435,4.147,0.332,banana,fresh
9415586,9312,89.00,848.60,68.00,0.435,4.148,0.332,banana,fresh
9416597,9313,89.00,848.50,68.05,0.435,4.147,0.333,banana,fresh
9417609,9314,89.00,848.65,68.00,0.435,4.148,0.332,banana,fresh
9418619,9315,89.05,848.60,68.00,0.435,4.148,0.332,banana,fresh
9419630,9316,89.00,848.60,68.00,0.435,4.148,0.332,banana,fresh
9420642,9317,89.00,848.65,68.00,0.435,4.148,0.332,banana,fresh
9421652,9318,89.10,848.50,68.00,0.435,4.147,0.332,banana,fresh
9422663,9319,89.05,848.70,68.00,0.435,4.148,0.332,banana,fresh
9423675,9320,89.00,848.85,68.00,0.435,4.149,0.332,banana,fresh
9424686,9321,89.05,848.60,68.00,0.435,4.148,0.332,banana,fresh
9425696,9322,89.05,848.60,68.00,0.435,4.148,0.332,banana,fresh
9426708,9323,89.05,848.70,68.00,0.435,4.148,0.332,banana,fresh
9427719,9324,89.05,848.55,68.00,0.435,4.147,0.332,banana,fresh
9428729,9325,89.05,848.65,67.95,0.435,4.148,0.332,banana,fresh
9429741,9326,89.10,848.40,68.00,0.435,4.147,0.332,banana,fresh
9430752,9327,89.00,848.55,68.00,0.435,4.147,0.332,banana,fresh
9431762,9328,89.05,848.85,68.00,0.435,4.149,0.332,banana,fresh
9432774,9329,89.10,848.60,68.00,0.435,4.148,0.332,banana,fresh
9433785,9330,89.05,848.50,68.00,0.435,4.147,0.332,banana,fresh
9434796,9331,88.95,848.85,68.00,0.435,4.149,0.332,banana,fresh
9435807,9332,89.15,848.70,68.00,0.436,4.148,0.332,banana,fresh
9436818,9333,88.95,848.70,68.00,0.435,4.148,0.332,banana,fresh
9437829,9334,88.95,848.60,68.00,0.435,4.148,0.332,banana,fresh
9438840,9335,89.00,848.70,68.00,0.435,4.148,0.332,banana,fresh
9439851,9336,89.05,848.45,67.90,0.435,4.147,0.332,banana,fresh
9440862,9337,89.00,848.75,68.05,0.435,4.148,0.333,banana,fresh
9441873,9338,89.00,848.60,68.00,0.435,4.148,0.332,banana,fresh
9442884,9339,89.00,848.50,68.00,0.435,4.147,0.332,banana,fresh
9443895,9340,89.00,848.70,68.00,0.435,4.148,0.332,banana,fresh
9444907,9341,89.00,848.75,67.95,0.435,4.148,0.332,banana,fresh
9445917,9342,89.05,848.65,67.95,0.435,4.148,0.332,banana,fresh
9446928,9343,89.00,848.65,68.00,0.435,4.148,0.332,banana,fresh
9447940,9344,89.00,848.85,68.00,0.435,4.149,0.332,banana,fresh
9448950,9345,88.90,848.70,68.00,0.435,4.148,0.332,banana,fresh
9449961,9346,89.00,848.65,68.00,0.435,4.148,0.332,banana,fresh
9450973,9347,89.00,848.65,68.00,0.435,4.148,0.332,banana,fresh
9451983,9348,89.00,848.80,68.00,0.435,4.149,0.332,banana,fresh
9452994,9349,89.10,848.65,68.00,0.435,4.148,0.332,banana,fresh
9454006,9350,89.00,848.55,68.00,0.435,4.147,0.332,banana,fresh
9455016,9351,89.00,848.60,68.00,0.435,4.148,0.332,banana,fresh
9456027,9352,89.00,848.75,67.95,0.435,4.148,0.332,banana,fresh
9457039,9353,89.05,848.80,68.00,0.435,4.149,0.332,banana,fresh
9458050,9354,89.00,848.80,67.95,0.435,4.149,0.332,banana,fresh
9459060,9355,89.00,848.90,67.95,0.435,4.149,0.332,banana,fresh
9460072,9356,89.00,848.90,67.95,0.435,4.149,0.332,banana,fresh
9461083,9357,89.00,848.65,68.00,0.435,4.148,0.332,banana,fresh
9462093,9358,89.00,848.80,68.00,0.435,4.149,0.332,banana,fresh
9463105,9359,89.00,848.85,68.00,0.435,4.149,0.332,banana,fresh
9464116,9360,89.15,848.70,68.00,0.436,4.148,0.332,banana,fresh
9465126,9361,89.00,848.65,67.95,0.435,4.148,0.332,banana,fresh
9466138,9362,89.00,848.60,68.00,0.435,4.148,0.332,banana,fresh
9467149,9363,89.05,848.65,68.05,0.435,4.148,0.333,banana,fresh
9468160,9364,89.00,848.80,68.00,0.435,4.149,0.332,banana,fresh
9469171,9365,89.00,848.70,68.00,0.435,4.148,0.332,banana,fresh
9470182,9366,89.00,848.80,67.95,0.435,4.149,0.332,banana,fresh
9471193,9367,89.00,848.90,68.00,0.435,4.149,0.332,banana,fresh
9472204,9368,89.05,848.80,68.00,0.435,4.149,0.332,banana,fresh
9473215,9369,89.05,848.55,68.00,0.435,4.147,0.332,banana,fresh
9474226,9370,88.90,848.65,68.00,0.435,4.148,0.332,banana,fresh
9475236,9371,89.00,848.75,68.00,0.435,4.148,0.332,banana,fresh
9476248,9372,89.05,848.80,68.00,0.435,4.149,0.332,banana,fresh
9477259,9373,89.00,848.65,68.00,0.435,4.148,0.332,banana,fresh
9478269,9374,89.00,848.60,67.95,0.435,4.148,0.332,banana,fresh
9479281,9375,88.95,848.70,68.00,0.435,4.148,0.332,banana,fresh
9480292,9376,89.00,848.75,68.00,0.435,4.148,0.332,banana,fresh
9481303,9377,89.05,848.55,68.00,0.435,4.147,0.332,banana,fresh
9482314,9378,89.00,848.65,68.00,0.435,4.148,0.332,banana,fresh
9483325,9379,89.05,848.75,68.00,0.435,4.148,0.332,banana,fresh
9484337,9380,89.00,848.75,67.95,0.435,4.148,0.332,banana,fresh
9485347,9381,89.00,848.70,67.95,0.435,4.148,0.332,banana,fresh
9486358,9382,89.05,848.65,68.00,0.435,4.148,0.332,banana,fresh
9487370,9383,89.05,848.55,68.00,0.435,4.147,0.332,banana,fresh
9488380,9384,89.05,848.70,68.00,0.435,4.148,0.332,banana,fresh
9489391,9385,89.00,848.70,68.00,0.435,4.148,0.332,banana,fresh
9490403,9386,88.95,848.75,68.00,0.435,4.148,0.332,banana,fresh
9491414,9387,89.00,848.55,67.95,0.435,4.147,0.332,banana,fresh
9492424,9388,89.05,848.65,67.90,0.435,4.148,0.332,banana,fresh
9493436,9389,89.00,848.60,68.00,0.435,4.148,0.332,banana,fresh
9494447,9390,89.00,848.70,67.95,0.435,4.148,0.332,banana,fresh
9495457,9391,88.90,848.70,68.00,0.435,4.148,0.332,banana,fresh
9496469,9392,88.95,848.70,68.05,0.435,4.148,0.333,banana,fresh
9497480,9393,89.00,848.60,68.00,0.435,4.148,0.332,banana,fresh
9498490,9394,88.95,848.55,68.00,0.435,4.147,0.332,banana,fresh
9499502,9395,89.00,848.40,68.00,0.435,4.147,0.332,banana,fresh
9500513,9396,89.05,848.45,68.00,0.435,4.147,0.332,banana,fresh
9501523,9397,89.00,848.55,68.00,0.435,4.147,0.332,banana,fresh
9502535,9398,89.00,848.55,68.00,0.435,4.147,0.332,banana,fresh
9503546,9399,88.95,848.60,68.00,0.435,4.148,0.332,banana,fresh
9504557,9400,89.00,848.60,67.95,0.435,4.148,0.332,banana,fresh
9505568,9401,89.05,848.50,68.00,0.435,4.147,0.332,banana,fresh
9506579,9402,89.00,848.50,68.05,0.435,4.147,0.333,banana,fresh
9507590,9403,88.95,848.50,68.00,0.435,4.147,0.332,banana,fresh
9508601,9404,89.00,848.60,68.00,0.435,4.148,0.332,banana,fresh
9509612,9405,89.00,848.65,68.00,0.435,4.148,0.332,banana,fresh
9510623,9406,89.05,848.65,67.95,0.435,4.148,0.332,banana,fresh
9511634,9407,88.85,848.60,67.95,0.434,4.148,0.332,banana,fresh
9512645,9408,89.05,848.55,67.95,0.435,4.147,0.332,banana,fresh
9513656,9409,89.00,848.40,67.95,0.435,4.147,0.332,banana,fresh
9514668,9410,89.00,848.45,67.95,0.435,4.147,0.332,banana,fresh
9515678,9411,89.00,848.40,67.95,0.435,4.147,0.332,banana,fresh
9516689,9412,89.00,848.45,68.00,0.435,4.147,0.332,banana,fresh
9517701,9413,89.00,848.40,67.95,0.435,4.147,0.332,banana,fresh
9518711,9414,88.95,848.50,68.00,0.435,4.147,0.332,banana,fresh
9519722,9415,88.90,848.35,67.95,0.435,4.146,0.332,banana,fresh
9520734,9416,89.05,848.45,68.00,0.435,4.147,0.332,banana,fresh
9521744,9417,88.95,848.65,68.00,0.435,4.148,0.332,banana,fresh
9522755,9418,89.05,848.55,68.00,0.435,4.147,0.332,banana,fresh
9523767,9419,88.95,848.35,68.00,0.435,4.146,0.332,banana,fresh
9524777,9420,89.00,848.40,68.00,0.435,4.147,0.332,banana,fresh
9525788,9421,89.00,848.30,68.00,0.435,4.146,0.332,banana,fresh
9526800,9422,88.95,848.50,67.95,0.435,4.147,0.332,banana,fresh
9527811,9423,89.00,848.65,67.95,0.435,4.148,0.332,banana,fresh
9528821,9424,88.90,848.45,67.95,0.435,4.147,0.332,banana,fresh
9529833,9425,89.00,848.40,67.85,0.435,4.147,0.332,banana,fresh
9530844,9426,88.95,848.40,68.00,0.435,4.147,0.332,banana,fresh
9531854,9427,89.00,848.35,67.95,0.435,4.146,0.332,banana,fresh
9532866,9428,89.00,848.55,68.00,0.435,4.147,0.332,banana,fresh
9533877,9429,89.05,848.50,67.85,0.435,4.147,0.332,banana,fresh
9534887,9430,88.95,848.25,68.00,0.435,4.146,0.332,banana,fresh
9535899,9431,89.00,848.35,68.00,0.435,4.146,0.332,banana,fresh
9536910,9432,88.95,848.30,67.95,0.435,4.146,0.332,banana,fresh
9537921,9433,88.90,848.30,67.95,0.435,4.146,0.332,banana,fresh
9538932,9434,89.10,848.35,67.95,0.435,4.146,0.332,banana,fresh
9539943,9435,89.00,848.45,67.90,0.435,4.147,0.332,banana,fresh
9540954,9436,89.00,848.35,68.00,0.435,4.146,0.332,banana,fresh
9541965,9437,89.00,848.50,67.95,0.435,4.147,0.332,banana,fresh
9542976,9438,89.00,848.55,68.00,0.435,4.147,0.332,banana,fresh
9543987,9439,89.00,848.45,68.00,0.435,4.147,0.332,banana,fresh
9544998,9440,89.00,848.25,68.00,0.435,4.146,0.332,banana,fresh
9546009,9441,89.00,848.10,68.00,0.435,4.145,0.332,banana,fresh
9547020,9442,88.95,848.30,67.75,0.435,4.146,0.331,banana,fresh
9548032,9443,88.85,848.40,68.00,0.434,4.147,0.332,banana,fresh
9549042,9444,88.95,848.25,67.85,0.435,4.146,0.332,banana,fresh
9550053,9445,88.95,848.40,68.00,0.435,4.147,0.332,banana,fresh
9551065,9446,88.95,848.50,68.00,0.435,4.147,0.332,banana,fresh
9552075,9447,89.00,848.25,67.90,0.435,4.146,0.332,banana,fresh
9553086,9448,88.95,848.35,67.90,0.435,4.146,0.332,banana,fresh
9554098,9449,89.00,848.15,67.80,0.435,4.145,0.331,banana,fresh
9555108,9450,89.00,848.10,67.95,0.435,4.145,0.332,banana,fresh
9556119,9451,89.00,848.30,67.90,0.435,4.146,0.332,banana,fresh
9557131,9452,89.00,848.30,68.00,0.435,4.146,0.332,banana,fresh
9558141,9453,88.85,848.30,67.95,0.434,4.146,0.332,banana,fresh
9559152,9454,88.95,848.20,68.00,0.435,4.146,0.332,banana,fresh
9560164,9455,88.95,848.15,67.95,0.435,4.145,0.332,banana,fresh
9561175,9456,89.00,848.05,67.85,0.435,4.145,0.332,banana,fresh
9562185,9457,88.90,848.15,68.00,0.435,4.145,0.332,banana,fresh
9563197,9458,89.00,848.25,67.95,0.435,4.146,0.332,banana,fresh
9564208,9459,88.90,848.30,67.95,0.435,4.146,0.332,banana,fresh
9565218,9460,88.95,848.35,67.80,0.435,4.146,0.331,banana,fresh
9566230,9461,89.00,848.20,67.95,0.435,4.146,0.332,banana,fresh
9567241,9462,89.00,848.10,67.95,0.435,4.145,0.332,banana,fresh
9568251,9463,89.00,848.10,68.00,0.435,4.145,0.332,banana,fresh
9569263,9464,89.00,848.25,67.95,0.435,4.146,0.332,banana,fresh
9570274,9465,89.00,848.25,67.95,0.435,4.146,0.332,banana,fresh
9571284,9466,88.85,848.15,67.85,0.434,4.145,0.332,banana,fresh
9572296,9467,88.85,848.10,67.95,0.434,4.145,0.332,banana,fresh
9573307,9468,88.75,848.15,67.80,0.434,4.145,0.331,banana,fresh
9574318,9469,89.00,848.25,67.80,0.435,4.146,0.331,banana,fresh
9575329,9470,88.85,848.05,67.95,0.434,4.145,0.332,banana,fresh
9576340,9471,88.90,848.10,67.95,0.435,4.145,0.332,banana,fresh
9577351,9472,88.85,848.15,67.85,0.434,4.145,0.332,banana,fresh
9578362,9473,88.95,848.10,67.80,0.435,4.145,0.331,banana,fresh
9579373,9474,88.90,848.10,67.95,0.435,4.145,0.332,banana,fresh
9580384,9475,88.90,848.05,67.80,0.435,4.145,0.331,banana,fresh
9581395,9476,89.00,848.10,68.00,0.435,4.145,0.332,banana,fresh
9582406,9477,89.00,848.20,67.85,0.435,4.146,0.332,banana,fresh
9583417,9478,88.95,848.05,67.90,0.435,4.145,0.332,banana,fresh
9584429,9479,88.85,848.15,67.80,0.434,4.145,0.331,banana,fresh
9585439,9480,88.90,848.10,67.75,0.435,4.145,0.331,banana,fresh
9586451,9481,88.80,848.15,67.55,0.434,4.145,0.330,banana,fresh
9587462,9482,88.90,848.35,67.80,0.435,4.146,0.331,banana,fresh
9588472,9483,88.90,848.15,67.90,0.435,4.145,0.332,banana,fresh
9589484,9484,88.80,848.10,67.90,0.434,4.145,0.332,banana,fresh
9590495,9485,88.85,848.05,67.85,0.434,4.145,0.332,banana,fresh
9591505,9486,88.95,848.10,67.85,0.435,4.145,0.332,banana,fresh
9592517,9487,88.90,848.10,67.95,0.435,4.145,0.332,banana,fresh
9593528,9488,88.95,848.05,67.80,0.435,4.145,0.331,banana,fresh
9594539,9489,88.80,848.00,67.90,0.434,4.145,0.332,banana,fresh
9595550,9490,88.85,848.10,67.85,0.434,4.145,0.332,banana,fresh
9596561,9491,88.85,848.00,67.80,0.434,4.145,0.331,banana,fresh
9597572,9492,88.90,848.20,67.80,0.435,4.146,0.331,banana,fresh
9598583,9493,88.85,848.05,67.85,0.434,4.145,0.332,banana,fresh
9599594,9494,88.75,848.00,67.70,0.434,4.145,0.331,banana,fresh
9600605,9495,88.85,848.00,67.80,0.434,4.145,0.331,banana,fresh
9601616,9496,88.85,848.05,67.85,0.434,4.145,0.332,banana,fresh
9602627,9497,88.65,848.15,67.85,0.433,4.145,0.332,banana,fresh
9603638,9498,88.70,848.10,67.70,0.434,4.145,0.331,banana,fresh
9604649,9499,88.85,848.00,67.80,0.434,4.145,0.331,banana,fresh
9605660,9500,88.80,848.00,67.75,0.434,4.145,0.331,banana,fresh
9606671,9501,88.70,848.10,67.75,0.434,4.145,0.331,banana,fresh
9607683,9502,88.80,848.10,67.85,0.434,4.145,0.332,banana,fresh
9608693,9503,88.75,848.00,67.85,0.434,4.145,0.332,banana,fresh
9609704,9504,88.70,848.05,67.75,0.434,4.145,0.331,banana,fresh
9610716,9505,88.80,848.10,67.65,0.434,4.145,0.331,banana,fresh
9611726,9506,88.60,848.05,67.80,0.433,4.145,0.331,banana,fresh
9612737,9507,88.80,848.05,67.65,0.434,4.145,0.331,banana,fresh
9613749,9508,88.85,848.05,67.80,0.434,4.145,0.331,banana,fresh
9614759,9509,88.75,848.10,67.75,0.434,4.145,0.331,banana,fresh
9615770,9510,88.90,848.10,67.70,0.435,4.145,0.331,banana,fresh
9616782,9511,88.75,848.05,67.75,0.434,4.145,0.331,banana,fresh
9617793,9512,88.85,848.05,67.85,0.434,4.145,0.332,banana,fresh
9618803,9513,88.80,848.00,67.65,0.434,4.145,0.331,banana,fresh
9619815,9514,88.75,848.00,67.65,0.434,4.145,0.331,banana,fresh
9620826,9515,88.75,848.05,67.65,0.434,4.145,0.331,banana,fresh
9621837,9516,88.75,848.00,67.65,0.434,4.145,0.331,banana,fresh
9622848,9517,88.75,848.05,67.70,0.434,4.145,0.331,banana,fresh
9623859,9518,88.80,848.00,67.80,0.434,4.145,0.331,banana,fresh
9624870,9519,88.75,848.00,67.65,0.434,4.145,0.331,banana,fresh
9625881,9520,88.70,848.00,67.70,0.434,4.145,0.331,banana,fresh
9626892,9521,88.60,848.05,67.50,0.433,4.145,0.330,banana,fresh
9627904,9522,88.80,848.05,67.75,0.434,4.145,0.331,banana,fresh
9628914,9523,88.75,848.00,67.75,0.434,4.145,0.331,banana,fresh
9629925,9524,88.80,848.00,67.75,0.434,4.145,0.331,banana,fresh
9630937,9525,88.65,848.00,67.65,0.433,4.145,0.331,banana,fresh
9631947,9526,88.55,848.00,67.65,0.433,4.145,0.331,banana,fresh
9632958,9527,88.75,848.00,67.60,0.434,4.145,0.330,banana,fresh
9633970,9528,88.70,848.00,67.55,0.434,4.145,0.330,banana,fresh
9634980,9529,88.60,848.00,67.55,0.433,4.145,0.330,banana,fresh
9635991,9530,88.55,848.00,67.55,0.433,4.145,0.330,banana,fresh
9637003,9531,88.95,848.00,67.55,0.435,4.145,0.330,banana,fresh
9638013,9532,88.75,848.00,67.60,0.434,4.145,0.330,banana,fresh
9639024,9533,88.65,848.00,67.45,0.433,4.145,0.330,banana,fresh
9640036,9534,88.35,848.00,67.70,0.432,4.145,0.331,banana,fresh
9641047,9535,88.70,848.00,67.70,0.434,4.145,0.331,banana,fresh
9642057,9536,88.75,848.00,67.45,0.434,4.145,0.330,banana,fresh
9643069,9537,88.50,848.00,67.65,0.433,4.145,0.331,banana,fresh
9644080,9538,88.55,848.00,67.50,0.433,4.145,0.330,banana,fresh
9645090,9539,88.75,847.95,67.40,0.434,4.144,0.329,banana,fresh
9646102,9540,88.80,848.00,67.35,0.434,4.145,0.329,banana,fresh
9647113,9541,88.70,848.00,67.70,0.434,4.145,0.331,banana,fresh
9648123,9542,88.65,848.00,67.50,0.433,4.145,0.330,banana,fresh
9649135,9543,88.70,848.00,67.50,0.434,4.145,0.330,banana,fresh
9650146,9544,88.75,848.00,67.75,0.434,4.145,0.331,banana,fresh
9651156,9545,88.30,848.00,67.50,0.432,4.145,0.330,banana,fresh
9652168,9546,88.60,848.00,67.60,0.433,4.145,0.330,banana,fresh
9653179,9547,88.60,848.00,67.45,0.433,4.145,0.330,banana,fresh
9654190,9548,88.45,848.00,67.65,0.432,4.145,0.331,banana,fresh
9655201,9549,88.60,848.00,67.40,0.433,4.145,0.329,banana,fresh
9656212,9550,88.80,848.00,67.30,0.434,4.145,0.329,banana,fresh
9657223,9551,88.45,847.95,67.60,0.432,4.144,0.330,banana,fresh
9658234,9552,88.60,848.00,67.50,0.433,4.145,0.330,banana,fresh
9659245,9553,88.70,848.00,67.55,0.434,4.145,0.330,banana,fresh
9660256,9554,88.70,848.00,67.60,0.434,4.145,0.330,banana,fresh
9661267,9555,88.60,848.00,67.50,0.433,4.145,0.330,banana,fresh
9662278,9556,88.60,848.00,67.45,0.433,4.145,0.330,banana,fresh
9663289,9557,88.30,848.00,67.40,0.432,4.145,0.329,banana,fresh
9664301,9558,88.45,848.00,67.50,0.432,4.145,0.330,banana,fresh
9665311,9559,88.35,848.00,67.60,0.432,4.145,0.330,banana,fresh
9666322,9560,88.55,847.95,67.30,0.433,4.144,0.329,banana,fresh
9667334,9561,88.55,848.00,67.50,0.433,4.145,0.330,banana,fresh
9668344,9562,88.55,848.00,67.35,0.433,4.145,0.329,banana,fresh
9669355,9563,88.60,848.00,67.40,0.433,4.145,0.329,banana,fresh
9670367,9564,88.50,848.00,67.50,0.433,4.145,0.330,banana,fresh
9671377,9565,88.40,848.00,67.35,0.432,4.145,0.329,banana,fresh
9672388,9566,88.50,848.00,67.65,0.433,4.145,0.331,banana,fresh
9673400,9567,88.50,848.00,67.45,0.433,4.145,0.330,banana,fresh
9674411,9568,88.40,848.00,67.55,0.432,4.145,0.330,banana,fresh
9675421,9569,88.60,847.95,67.45,0.433,4.144,0.330,banana,fresh
9676433,9570,88.40,847.95,67.35,0.432,4.144,0.329,banana,fresh
9677444,9571,88.50,847.95,67.35,0.433,4.144,0.329,banana,fresh
9678454,9572,88.50,847.95,67.50,0.433,4.144,0.330,banana,fresh
9679466,9573,88.40,847.95,67.45,0.432,4.144,0.330,banana,fresh
9680477,9574,88.55,848.00,67.35,0.433,4.145,0.329,banana,fresh
9681487,9575,88.55,848.00,67.30,0.433,4.145,0.329,banana,fresh
9682499,9576,88.30,847.85,67.55,0.432,4.144,0.330,banana,fresh
9683510,9577,88.50,847.90,67.20,0.433,4.144,0.328,banana,fresh
9684520,9578,88.55,848.00,67.35,0.433,4.145,0.329,banana,fresh
9685532,9579,88.30,847.75,67.45,0.432,4.143,0.330,banana,fresh
9686543,9580,88.15,847.90,67.55,0.431,4.144,0.330,banana,fresh
9687554,9581,88.25,847.90,67.35,0.431,4.144,0.329,banana,fresh
9688565,9582,88.45,847.95,67.35,0.432,4.144,0.329,banana,fresh
9689576,9583,88.45,847.80,67.30,0.432,4.144,0.329,banana,fresh
9690587,9584,88.35,847.95,67.30,0.432,4.144,0.329,banana,fresh
9691598,9585,88.40,847.90,67.45,0.432,4.144,0.330,banana,fresh
9692609,9586,88.60,847.90,67.30,0.433,4.144,0.329,banana,fresh
9693620,9587,88.40,848.00,67.35,0.432,4.145,0.329,banana,fresh
9694631,9588,88.20,847.85,67.30,0.431,4.144,0.329,banana,fresh
9695642,9589,88.45,847.95,67.25,0.432,4.144,0.329,banana,fresh
9696653,9590,88.35,847.95,67.45,0.432,4.144,0.330,banana,fresh
9697665,9591,88.40,847.95,67.35,0.432,4.144,0.329,banana,fresh
9698675,9592,88.30,847.85,67.40,0.432,4.144,0.329,banana,fresh
9699686,9593,88.25,847.70,67.30,0.431,4.143,0.329,banana,fresh
9700698,9594,88.40,847.85,67.50,0.432,4.144,0.330,banana,fresh
9701708,9595,88.45,847.85,67.45,0.432,4.144,0.330,banana,fresh
9702719,9596,88.55,847.90,67.10,0.433,4.144,0.328,banana,fresh
9703731,9597,88.35,847.75,67.35,0.432,4.143,0.329,banana,fresh
9704741,9598,88.40,847.90,67.35,0.432,4.144,0.329,banana,fresh
9705753,9599,88.45,847.80,67.35,0.432,4.144,0.329,banana,fresh
9706764,9600,88.20,847.85,67.55,0.431,4.144,0.330,banana,fresh
9707774,9601,88.25,847.75,67.25,0.431,4.143,0.329,banana,fresh
9708786,9602,88.10,847.90,67.40,0.431,4.144,0.329,banana,fresh
9709797,9603,88.25,847.70,67.35,0.431,4.143,0.329,banana,fresh
9710808,9604,88.25,847.85,67.15,0.431,4.144,0.328,banana,fresh
9711819,9605,88.35,847.85,67.05,0.432,4.144,0.328,banana,fresh
9712830,9606,88.35,847.75,67.45,0.432,4.143,0.330,banana,fresh
9713841,9607,88.30,847.65,67.35,0.432,4.143,0.329,banana,fresh
9714852,9608,88.40,847.75,67.55,0.432,4.143,0.330,banana,fresh
9715863,9609,88.25,847.75,67.25,0.431,4.143,0.329,banana,fresh
9716874,9610,88.35,847.85,67.10,0.432,4.144,0.328,banana,fresh
9717885,9611,88.15,847.80,67.35,0.431,4.144,0.329,banana,fresh
9718896,9612,88.20,847.75,67.15,0.431,4.143,0.328,banana,fresh
9719907,9613,88.25,847.85,67.30,0.431,4.144,0.329,banana,fresh
9720919,9614,88.30,847.55,67.15,0.432,4.142,0.328,banana,fresh
9721929,9615,88.10,847.90,67.30,0.431,4.144,0.329,banana,fresh
9722940,9616,88.25,847.75,67.30,0.431,4.143,0.329,banana,fresh
9723952,9617,88.35,847.80,67.20,0.432,4.144,0.328,banana,fresh
9724962,9618,88.15,847.55,67.20,0.431,4.142,0.328,banana,fresh
9725973,9619,88.10,847.70,67.20,0.431,4.143,0.328,banana,fresh
9726985,9620,88.15,847.65,67.25,0.431,4.143,0.329,banana,fresh
9727995,9621,88.15,847.65,67.20,0.431,4.143,0.328,banana,fresh
9729006,9622,88.20,847.70,67.20,0.431,4.143,0.328,banana,fresh
9730018,9623,88.30,847.45,67.30,0.432,4.142,0.329,banana,fresh
9731028,9624,88.10,847.50,67.15,0.431,4.142,0.328,banana,fresh
9732040,9625,88.20,847.65,67.20,0.431,4.143,0.328,banana,fresh
9733051,9626,88.25,847.65,67.15,0.431,4.143,0.328,banana,fresh
9734062,9627,88.35,847.70,67.10,0.432,4.143,0.328,banana,fresh
9735073,9628,88.25,847.70,67.25,0.431,4.143,0.329,banana,fresh
9736084,9629,88.10,847.50,67.25,0.431,4.142,0.329,banana,fresh
9737095,9630,88.25,847.55,67.20,0.431,4.142,0.328,banana,fresh
9738106,9631,88.30,847.65,67.25,0.432,4.143,0.329,banana,fresh
9739117,9632,88.35,847.60,67.20,0.432,4.143,0.328,banana,fresh
9740128,9633,88.15,847.60,67.20,0.431,4.143,0.328,banana,fresh
9741139,9634,88.20,847.65,67.10,0.431,4.143,0.328,banana,fresh
9742150,9635,88.20,847.45,67.05,0.431,4.142,0.328,banana,fresh
9743161,9636,88.10,847.50,67.30,0.431,4.142,0.329,banana,fresh
9744173,9637,88.15,847.35,67.20,0.431,4.141,0.328,banana,fresh
9745183,9638,88.05,847.50,67.15,0.430,4.142,0.328,banana,fresh
9746194,9639,88.00,847.65,67.40,0.430,4.143,0.329,banana,fresh
9747206,9640,88.20,847.40,67.05,0.431,4.142,0.328,banana,fresh
9748216,9641,88.10,847.30,67.15,0.431,4.141,0.328,banana,fresh
9749227,9642,88.10,847.35,67.05,0.431,4.141,0.328,banana,fresh
9750239,9643,88.10,847.40,67.10,0.431,4.142,0.328,banana,fresh
9751249,9644,88.05,847.45,67.10,0.430,4.142,0.328,banana,fresh
9752260,9645,88.05,847.45,67.00,0.430,4.142,0.327,banana,fresh
9753272,9646,88.25,847.45,67.05,0.431,4.142,0.328,banana,fresh
9754283,9647,88.20,847.55,67.10,0.431,4.142,0.328,banana,fresh
9755293,9648,88.10,847.55,67.05,0.431,4.142,0.328,banana,fresh
9756305,9649,88.20,847.30,67.00,0.431,4.141,0.327,banana,fresh
9757316,9650,88.15,847.25,67.10,0.431,4.141,0.328,banana,fresh
9758326,9651,88.25,847.50,67.05,0.431,4.142,0.328,banana,fresh
9759338,9652,88.10,847.50,67.00,0.431,4.142,0.327,banana,fresh
9760349,9653,88.10,847.35,67.15,0.431,4.141,0.328,banana,fresh
9761359,9654,88.05,847.20,67.10,0.430,4.141,0.328,banana,fresh
9762371,9655,88.10,847.50,67.05,0.431,4.142,0.328,banana,fresh
9763382,9656,88.10,847.35,67.05,0.431,4.141,0.328,banana,fresh
9764392,9657,88.10,847.35,67.05,0.431,4.141,0.328,banana,fresh
9765404,9658,88.05,847.50,67.10,0.430,4.142,0.328,banana,fresh
9766415,9659,88.05,847.35,67.10,0.430,4.141,0.328,banana,fresh
9767426,9660,88.10,847.30,67.05,0.431,4.141,0.328,banana,fresh
9768437,9661,88.10,847.30,67.05,0.431,4.141,0.328,banana,fresh
9769448,9662,88.00,847.35,67.00,0.430,4.141,0.327,banana,fresh
9770459,9663,88.00,847.25,67.20,0.430,4.141,0.328,banana,fresh
9771470,9664,88.10,847.20,67.10,0.431,4.141,0.328,banana,fresh
9772481,9665,88.00,847.25,67.05,0.430,4.141,0.328,banana,fresh
9773492,9666,88.10,847.25,67.05,0.431,4.141,0.328,banana,fresh
9774503,9667,88.05,847.30,67.05,0.430,4.141,0.328,banana,fresh
9775514,9668,88.15,847.25,67.00,0.431,4.141,0.327,banana,fresh
9776526,9669,88.15,847.30,67.00,0.431,4.141,0.327,banana,fresh
9777537,9670,88.10,847.25,67.05,0.431,4.141,0.328,banana,fresh
9778547,9671,88.10,847.35,67.00,0.431,4.141,0.327,banana,fresh
9779559,9672,88.05,847.10,67.05,0.430,4.140,0.328,banana,fresh
9780570,9673,88.05,847.30,67.00,0.430,4.141,0.327,banana,fresh
9781580,9674,88.05,847.20,67.05,0.430,4.141,0.328,banana,fresh
9782592,9675,88.10,847.35,67.10,0.431,4.141,0.328,banana,fresh
9783603,9676,88.00,847.15,67.00,0.430,4.141,0.327,banana,fresh
9784613,9677,88.10,847.05,67.10,0.431,4.140,0.328,banana,fresh
9785625,9678,88.00,847.35,67.00,0.430,4.141,0.327,banana,fresh
9786636,9679,88.15,847.20,67.00,0.431,4.141,0.327,banana,fresh
9787646,9680,88.00,847.30,67.00,0.430,4.141,0.327,banana,fresh
9788658,9681,88.10,847.20,67.00,0.431,4.141,0.327,banana,fresh
9789669,9682,88.05,847.20,67.00,0.430,4.141,0.327,banana,fresh
9790680,9683,88.00,847.10,67.05,0.430,4.140,0.328,banana,fresh
9791691,9684,88.00,847.30,67.10,0.430,4.141,0.328,banana,fresh
9792702,9685,88.05,847.15,67.00,0.430,4.141,0.327,banana,fresh
9793713,9686,88.00,847.15,67.00,0.430,4.141,0.327,banana,fresh
9794724,9687,88.05,847.20,67.00,0.430,4.141,0.327,banana,fresh
9795735,9688,88.00,847.05,67.00,0.430,4.140,0.327,banana,fresh
9796746,9689,88.00,847.10,67.00,0.430,4.140,0.327,banana,fresh
9797756,9690,87.95,847.15,67.05,0.430,4.141,0.328,banana,fresh
9798768,9691,88.05,847.20,67.00,0.430,4.141,0.327,banana,fresh
9799779,9692,88.05,847.00,67.00,0.430,4.140,0.327,banana,fresh
9800790,9693,88.05,847.05,67.00,0.430,4.140,0.327,banana,fresh
9801801,9694,88.00,847.10,66.95,0.430,4.140,0.327,banana,fresh
9802812,9695,88.05,847.20,67.00,0.430,4.141,0.327,banana,fresh
9803823,9696,88.10,847.05,66.95,0.431,4.140,0.327,banana,fresh
9804834,9697,88.05,847.20,67.00,0.430,4.141,0.327,banana,fresh
9805845,9698,88.05,847.15,66.95,0.430,4.141,0.327,banana,fresh
9806856,9699,88.00,847.05,67.00,0.430,4.140,0.327,banana,fresh
9807867,9700,88.00,847.00,67.00,0.430,4.140,0.327,banana,fresh
9808878,9701,88.00,847.00,67.00,0.430,4.140,0.327,banana,fresh
9809889,9702,88.00,847.15,67.00,0.430,4.141,0.327,banana,fresh
9810900,9703,88.00,847.00,66.95,0.430,4.140,0.327,banana,fresh
9811911,9704,88.10,847.00,67.00,0.431,4.140,0.327,banana,fresh
9812922,9705,88.05,847.15,67.00,0.430,4.141,0.327,banana,fresh
9813934,9706,88.00,847.15,67.10,0.430,4.141,0.328,banana,fresh
9814944,9707,88.05,847.05,67.05,0.430,4.140,0.328,banana,fresh
9815955,9708,88.00,847.10,67.00,0.430,4.140,0.327,banana,fresh
9816967,9709,88.00,847.05,66.95,0.430,4.140,0.327,banana,fresh
9817977,9710,87.90,847.20,67.05,0.430,4.141,0.328,banana,fresh
9818988,9711,87.95,847.05,66.90,0.430,4.140,0.327,banana,fresh
9820000,9712,88.00,847.10,66.95,0.430,4.140,0.327,banana,fresh
9821010,9713,88.00,847.10,67.05,0.430,4.140,0.328,banana,fresh
9822021,9714,88.10,847.05,67.00,0.431,4.140,0.327,banana,fresh
9823033,9715,88.05,847.05,66.90,0.430,4.140,0.327,banana,fresh
9824044,9716,88.05,847.10,67.00,0.430,4.140,0.327,banana,fresh
9825054,9717,88.00,847.05,66.90,0.430,4.140,0.327,banana,fresh
9826066,9718,88.00,847.05,66.90,0.430,4.140,0.327,banana,fresh
9827077,9719,88.05,847.00,67.00,0.430,4.140,0.327,banana,fresh
9828087,9720,88.00,847.10,67.00,0.430,4.140,0.327,banana,fresh
9829098,9721,88.00,847.10,67.00,0.430,4.140,0.327,banana,fresh
9830110,9722,88.00,847.00,66.95,0.430,4.140,0.327,banana,fresh
9831120,9723,88.00,847.05,67.00,0.430,4.140,0.327,banana,fresh
9832131,9724,88.00,847.05,66.95,0.430,4.140,0.327,banana,fresh
9833143,9725,88.00,847.10,66.90,0.430,4.140,0.327,banana,fresh
9834153,9726,88.05,847.05,67.00,0.430,4.140,0.327,banana,fresh
9835164,9727,88.00,847.05,67.00,0.430,4.140,0.327,banana,fresh
9836176,9728,87.95,847.05,66.95,0.430,4.140,0.327,banana,fresh
9837187,9729,88.00,847.05,67.00,0.430,4.140,0.327,banana,fresh
9838197,9730,87.90,847.10,66.95,0.430,4.140,0.327,banana,fresh
9839209,9731,88.00,847.10,67.00,0.430,4.140,0.327,banana,fresh
9840220,9732,88.00,847.05,67.00,0.430,4.140,0.327,banana,fresh
9841230,9733,88.00,847.05,66.90,0.430,4.140,0.327,banana,fresh
9842242,9734,88.00,847.00,67.00,0.430,4.140,0.327,banana,fresh
9843253,9735,88.05,847.00,67.00,0.430,4.140,0.327,banana,fresh
9844263,9736,87.95,847.00,66.95,0.430,4.140,0.327,banana,fresh
9845275,9737,88.00,847.00,67.00,0.430,4.140,0.327,banana,fresh
9846286,9738,88.00,847.00,67.00,0.430,4.140,0.327,banana,fresh
9847297,9739,88.00,847.05,66.90,0.430,4.140,0.327,banana,fresh
9848307,9740,87.95,847.00,66.95,0.430,4.140,0.327,banana,fresh
9849319,9741,87.95,847.05,67.10,0.430,4.140,0.328,banana,fresh
9850330,9742,88.00,847.10,67.00,0.430,4.140,0.327,banana,fresh
9851340,9743,88.00,847.00,66.90,0.430,4.140,0.327,banana,fresh
9852352,9744,88.00,847.10,66.90,0.430,4.140,0.327,banana,fresh
9853363,9745,87.85,847.05,66.85,0.429,4.140,0.327,banana,fresh
9854373,9746,87.90,847.00,66.90,0.430,4.140,0.327,banana,fresh
9855385,9747,88.05,847.00,66.95,0.430,4.140,0.327,banana,fresh
9856396,9748,87.95,847.10,67.00,0.430,4.140,0.327,banana,fresh
9857406,9749,87.95,847.05,66.95,0.430,4.140,0.327,banana,fresh
9858418,9750,88.00,847.05,66.90,0.430,4.140,0.327,banana,fresh
9859429,9751,88.05,847.00,67.00,0.430,4.140,0.327,banana,fresh
9860440,9752,88.05,847.10,66.95,0.430,4.140,0.327,banana,fresh
9861451,9753,87.95,847.00,67.00,0.430,4.140,0.327,banana,fresh
9862462,9754,88.00,847.00,67.00,0.430,4.140,0.327,banana,fresh
9863473,9755,88.00,847.00,67.00,0.430,4.140,0.327,banana,fresh
9864484,9756,88.00,847.00,66.95,0.430,4.140,0.327,banana,fresh
9865495,9757,88.00,847.05,66.95,0.430,4.140,0.327,banana,fresh
9866506,9758,88.00,847.00,66.90,0.430,4.140,0.327,banana,fresh
9867517,9759,88.00,847.05,66.95,0.430,4.140,0.327,banana,fresh
9868528,9760,88.05,847.10,66.80,0.430,4.140,0.326,banana,fresh
9869539,9761,88.00,847.10,66.85,0.430,4.140,0.327,banana,fresh
9870551,9762,87.95,847.00,67.00,0.430,4.140,0.327,banana,fresh
9871561,9763,87.85,847.10,66.90,0.429,4.140,0.327,banana,fresh
9872572,9764,87.90,847.05,66.95,0.430,4.140,0.327,banana,fresh
9873583,9765,87.95,847.00,67.00,0.430,4.140,0.327,banana,fresh
9874594,9766,88.00,847.00,66.90,0.430,4.140,0.327,banana,fresh
9875605,9767,87.95,847.00,67.00,0.430,4.140,0.327,banana,fresh
9876616,9768,88.00,847.00,66.85,0.430,4.140,0.327,banana,fresh
9877627,9769,87.95,847.00,66.90,0.430,4.140,0.327,banana,fresh
9878638,9770,88.00,847.05,66.95,0.430,4.140,0.327,banana,fresh
9879649,9771,88.00,847.00,66.90,0.430,4.140,0.327,banana,fresh
9880660,9772,87.95,847.05,67.00,0.430,4.140,0.327,banana,fresh
9881671,9773,87.95,847.05,67.00,0.430,4.140,0.327,banana,fresh
9882682,9774,88.00,847.00,67.00,0.430,4.140,0.327,banana,fresh
9883694,9775,87.95,847.00,67.00,0.430,4.140,0.327,banana,fresh
9884704,9776,88.05,847.15,66.90,0.430,4.141,0.327,banana,fresh
9885715,9777,87.90,847.05,66.85,0.430,4.140,0.327,banana,fresh
9886727,9778,87.95,847.00,66.90,0.430,4.140,0.327,banana,fresh
9887737,9779,87.95,847.05,66.95,0.430,4.140,0.327,banana,fresh
9888748,9780,87.95,847.05,66.90,0.430,4.140,0.327,banana,fresh
9889760,9781,88.00,847.00,66.90,0.430,4.140,0.327,banana,fresh
9890770,9782,87.95,847.15,67.00,0.430,4.141,0.327,banana,fresh
9891781,9783,87.90,847.05,66.95,0.430,4.140,0.327,banana,fresh
9892793,9784,87.95,847.00,66.90,0.430,4.140,0.327,banana,fresh
9893804,9785,87.95,847.05,66.80,0.430,4.140,0.326,banana,fresh
9894814,9786,88.00,847.00,66.80,0.430,4.140,0.326,banana,fresh
9895826,9787,87.95,847.00,66.85,0.430,4.140,0.327,banana,fresh
9896837,9788,87.95,847.00,66.85,0.430,4.140,0.327,banana,fresh
9897847,9789,87.95,847.00,66.95,0.430,4.140,0.327,banana,fresh
9898859,9790,87.90,847.00,66.95,0.430,4.140,0.327,banana,fresh
9899870,9791,88.00,847.00,66.85,0.430,4.140,0.327,banana,fresh
9900880,9792,88.00,847.05,66.85,0.430,4.140,0.327,banana,fresh
9901892,9793,87.90,847.05,66.80,0.430,4.140,0.326,banana,fresh
9902903,9794,87.95,847.05,66.85,0.430,4.140,0.327,banana,fresh
9903913,9795,87.95,847.00,67.00,0.430,4.140,0.327,banana,fresh
9904925,9796,87.95,847.00,66.95,0.430,4.140,0.327,banana,fresh
9905936,9797,87.95,847.05,67.00,0.430,4.140,0.327,banana,fresh
9906947,9798,88.00,847.15,67.00,0.430,4.141,0.327,banana,fresh
9907958,9799,87.90,847.05,66.85,0.430,4.140,0.327,banana,fresh
9908969,9800,87.95,847.00,66.95,0.430,4.140,0.327,banana,fresh
9909980,9801,87.95,847.05,66.95,0.430,4.140,0.327,banana,fresh
9910991,9802,87.90,847.05,67.00,0.430,4.140,0.327,banana,fresh
9912002,9803,87.95,847.00,66.95,0.430,4.140,0.327,banana,fresh
9913013,9804,87.95,847.00,66.95,0.430,4.140,0.327,banana,fresh
9914023,9805,88.00,847.10,67.00,0.430,4.140,0.327,banana,fresh
9915035,9806,87.95,847.05,66.85,0.430,4.140,0.327,banana,fresh
9916046,9807,87.95,847.05,66.90,0.430,4.140,0.327,banana,fresh
9917058,9808,87.95,847.00,66.90,0.430,4.140,0.327,banana,fresh
9918068,9809,87.95,847.00,66.85,0.430,4.140,0.327,banana,fresh
9919079,9810,87.95,847.00,66.95,0.430,4.140,0.327,banana,fresh
9920091,9811,87.95,847.00,66.95,0.430,4.140,0.327,banana,fresh
9921101,9812,87.95,847.05,66.90,0.430,4.140,0.327,banana,fresh
9922112,9813,87.95,847.05,67.00,0.430,4.140,0.327,banana,fresh
9923123,9814,87.95,847.05,67.00,0.430,4.140,0.327,banana,fresh
9924134,9815,87.95,847.10,66.95,0.430,4.140,0.327,banana,fresh
9925145,9816,87.90,847.05,66.95,0.430,4.140,0.327,banana,fresh
9926156,9817,87.95,847.00,67.00,0.430,4.140,0.327,banana,fresh
9927168,9818,88.05,847.05,67.00,0.430,4.140,0.327,banana,fresh
9928178,9819,87.90,847.05,67.00,0.430,4.140,0.327,banana,fresh
9929189,9820,87.90,847.05,67.00,0.430,4.140,0.327,banana,fresh
9930201,9821,87.95,847.00,67.00,0.430,4.140,0.327,banana,fresh
9931211,9822,88.00,847.00,67.00,0.430,4.140,0.327,banana,fresh
9932222,9823,88.00,847.05,66.90,0.430,4.140,0.327,banana,fresh
9933234,9824,88.00,847.00,66.95,0.430,4.140,0.327,banana,fresh
9934244,9825,88.00,847.00,66.90,0.430,4.140,0.327,banana,fresh
9935255,9826,88.00,847.00,67.00,0.430,4.140,0.327,banana,fresh
9936267,9827,88.00,847.00,66.85,0.430,4.140,0.327,banana,fresh
9937277,9828,87.80,847.05,66.95,0.429,4.140,0.327,banana,fresh
9938288,9829,87.95,847.00,66.95,0.430,4.140,0.327,banana,fresh
9939300,9830,87.90,847.05,66.90,0.430,4.140,0.327,banana,fresh
9940311,9831,87.90,847.05,67.00,0.430,4.140,0.327,banana,fresh
9941321,9832,87.95,847.00,66.90,0.430,4.140,0.327,banana,fresh
9942333,9833,87.95,847.00,66.90,0.430,4.140,0.327,banana,fresh
9943344,9834,87.80,847.05,67.00,0.429,4.140,0.327,banana,fresh
9944354,9835,87.85,847.00,67.00,0.429,4.140,0.327,banana,fresh
9945366,9836,88.00,847.05,67.00,0.430,4.140,0.327,banana,fresh
9946377,9837,87.95,847.00,66.90,0.430,4.140,0.327,banana,fresh
9947387,9838,88.00,847.00,67.00,0.430,4.140,0.327,banana,fresh
9948398,9839,87.95,847.00,67.00,0.430,4.140,0.327,banana,fresh
9949410,9840,87.90,847.00,67.00,0.430,4.140,0.327,banana,fresh
9950420,9841,87.95,847.05,66.95,0.430,4.140,0.327,banana,fresh
9951431,9842,87.95,847.10,66.90,0.430,4.140,0.327,banana,fresh
9952443,9843,87.90,847.15,66.95,0.430,4.141,0.327,banana,fresh
9953454,9844,88.00,847.10,66.90,0.430,4.140,0.327,banana,fresh
9954464,9845,87.95,847.05,67.05,0.430,4.140,0.328,banana,fresh
9955476,9846,88.00,847.00,66.95,0.430,4.140,0.327,banana,fresh
9956487,9847,87.90,847.00,66.95,0.430,4.140,0.327,banana,fresh
9957497,9848,87.95,847.05,66.95,0.430,4.140,0.327,banana,fresh
9958509,9849,87.85,847.00,66.95,0.429,4.140,0.327,banana,fresh
9959520,9850,87.95,847.10,67.00,0.430,4.140,0.327,banana,fresh
9960530,9851,87.85,847.00,66.95,0.429,4.140,0.327,banana,fresh
9961542,9852,88.00,847.05,67.00,0.430,4.140,0.327,banana,fresh
9962553,9853,87.90,847.05,67.00,0.430,4.140,0.327,banana,fresh
9963564,9854,87.90,847.00,66.95,0.430,4.140,0.327,banana,fresh
9964575,9855,87.90,847.00,67.00,0.430,4.140,0.327,banana,fresh
9965586,9856,87.95,847.00,66.95,0.430,4.140,0.327,banana,fresh
9966597,9857,88.00,847.00,67.00,0.430,4.140,0.327,banana,fresh
9967608,9858,88.00,847.05,67.00,0.430,4.140,0.327,banana,fresh
9968619,9859,88.00,847.00,67.00,0.430,4.140,0.327,banana,fresh
9969630,9860,88.00,847.05,66.95,0.430,4.140,0.327,banana,fresh
9970641,9861,88.00,847.05,67.00,0.430,4.140,0.327,banana,fresh
9971652,9862,88.00,847.00,67.00,0.430,4.140,0.327,banana,fresh
9972663,9863,87.90,847.05,66.95,0.430,4.140,0.327,banana,fresh
9973673,9864,88.05,847.00,66.95,0.430,4.140,0.327,banana,fresh
9974685,9865,87.95,847.00,67.00,0.430,4.140,0.327,banana,fresh
9975696,9866,88.00,847.00,67.00,0.430,4.140,0.327,banana,fresh
9976707,9867,87.90,847.00,66.90,0.430,4.140,0.327,banana,fresh
9977718,9868,87.90,847.00,67.05,0.430,4.140,0.328,banana,fresh
9978729,9869,88.05,847.00,66.90,0.430,4.140,0.327,banana,fresh
9979740,9870,87.95,847.05,67.00,0.430,4.140,0.327,banana,fresh
9980751,9871,87.95,847.05,67.00,0.430,4.140,0.327,banana,fresh
9981762,9872,88.05,847.05,67.00,0.430,4.140,0.327,banana,fresh
9982773,9873,88.00,847.05,67.00,0.430,4.140,0.327,banana,fresh
9983784,9874,87.95,847.00,66.90,0.430,4.140,0.327,banana,fresh
9984795,9875,87.85,847.05,67.00,0.429,4.140,0.327,banana,fresh
9985806,9876,88.00,847.00,67.05,0.430,4.140,0.328,banana,fresh
9986818,9877,88.00,847.00,67.00,0.430,4.140,0.327,banana,fresh
9987828,9878,88.00,847.05,66.95,0.430,4.140,0.327,banana,fresh
9988839,9879,88.00,847.00,66.95,0.430,4.140,0.327,banana,fresh
9989851,9880,87.95,847.00,67.05,0.430,4.140,0.328,banana,fresh
9990861,9881,87.95,847.00,67.00,0.430,4.140,0.327,banana,fresh
9991872,9882,87.95,847.05,67.05,0.430,4.140,0.328,banana,fresh
9992884,9883,88.05,847.00,67.05,0.430,4.140,0.328,banana,fresh
9993894,9884,87.95,847.00,67.05,0.430,4.140,0.328,banana,fresh
9994905,9885,87.95,847.00,67.00,0.430,4.140,0.327,banana,fresh
9995917,9886,87.95,847.05,67.00,0.430,4.140,0.327,banana,fresh
9996928,9887,88.00,847.05,67.05,0.430,4.140,0.328,banana,fresh
9997938,9888,88.00,847.00,67.00,0.430,4.140,0.327,banana,fresh
9998950,9889,88.00,847.00,67.05,0.430,4.140,0.328,banana,fresh
9999961,9890,87.95,847.00,67.00,0.430,4.140,0.327,banana,fresh
10000971,9891,88.00,847.00,66.95,0.430,4.140,0.327,banana,fresh
10001983,9892,87.95,847.00,67.10,0.430,4.140,0.328,banana,fresh
10002994,9893,88.00,847.05,67.00,0.430,4.140,0.327,banana,fresh
10004004,9894,88.00,847.05,66.95,0.430,4.140,0.327,banana,fresh
10005016,9895,87.95,847.05,67.15,0.430,4.140,0.328,banana,fresh
10006027,9896,88.05,847.05,67.05,0.430,4.140,0.328,banana,fresh
10007037,9897,88.00,847.00,67.05,0.430,4.140,0.328,banana,fresh
10008049,9898,88.05,847.00,67.00,0.430,4.140,0.327,banana,fresh
10009060,9899,87.95,847.00,66.95,0.430,4.140,0.327,banana,fresh
10010072,9900,88.00,847.05,67.05,0.430,4.140,0.328,banana,fresh
10011082,9901,88.00,847.05,67.00,0.430,4.140,0.327,banana,fresh
10012093,9902,87.95,847.00,67.00,0.430,4.140,0.327,banana,fresh
10013105,9903,88.00,847.00,67.05,0.430,4.140,0.328,banana,fresh
10014115,9904,88.00,846.95,67.00,0.430,4.140,0.327,banana,fresh
10015126,9905,87.95,847.00,67.05,0.430,4.140,0.328,banana,fresh
10016138,9906,88.00,847.00,67.05,0.430,4.140,0.328,banana,fresh
10017148,9907,88.05,847.00,67.10,0.430,4.140,0.328,banana,fresh
10018159,9908,87.95,847.00,67.05,0.430,4.140,0.328,banana,fresh
10019171,9909,87.95,847.00,67.00,0.430,4.140,0.327,banana,fresh
10020182,9910,88.05,846.95,67.05,0.430,4.140,0.328,banana,fresh
10021193,9911,88.00,847.00,67.10,0.430,4.140,0.328,banana,fresh
10022204,9912,88.00,847.00,67.00,0.430,4.140,0.327,banana,fresh
10023215,9913,88.00,846.95,66.95,0.430,4.140,0.327,banana,fresh
10024226,9914,87.95,847.00,67.00,0.430,4.140,0.327,banana,fresh
10025237,9915,87.95,847.05,67.00,0.430,4.140,0.327,banana,fresh
10026248,9916,87.85,847.10,67.10,0.429,4.140,0.328,banana,fresh
10027259,9917,88.00,847.00,67.05,0.430,4.140,0.328,banana,fresh
10028270,9918,88.00,847.00,67.05,0.430,4.140,0.328,banana,fresh
10029281,9919,88.00,846.95,67.10,0.430,4.140,0.328,banana,fresh
10030292,9920,87.95,847.00,67.05,0.430,4.140,0.328,banana,fresh
10031303,9921,88.00,847.00,67.00,0.430,4.140,0.327,banana,fresh
10032315,9922,87.90,847.00,67.00,0.430,4.140,0.327,banana,fresh
10033326,9923,87.95,847.00,67.05,0.430,4.140,0.328,banana,fresh
10034336,9924,88.00,847.00,67.05,0.430,4.140,0.328,banana,fresh
10035348,9925,88.00,847.00,67.05,0.430,4.140,0.328,banana,fresh
10036359,9926,88.00,847.00,67.10,0.430,4.140,0.328,banana,fresh
10037369,9927,88.05,847.00,67.00,0.430,4.140,0.327,banana,fresh
10038381,9928,87.95,846.95,67.00,0.430,4.140,0.327,banana,fresh
10039392,9929,87.95,846.95,67.00,0.430,4.140,0.327,banana,fresh
10040402,9930,87.95,846.95,67.05,0.430,4.140,0.328,banana,fresh
10041414,9931,88.00,847.00,67.05,0.430,4.140,0.328,banana,fresh
10042425,9932,88.00,847.00,67.10,0.430,4.140,0.328,banana,fresh
10043437,9933,87.95,847.00,67.10,0.430,4.140,0.328,banana,fresh
10044447,9934,88.00,847.00,67.05,0.430,4.140,0.328,banana,fresh
10045458,9935,88.00,847.00,67.10,0.430,4.140,0.328,banana,fresh
10046470,9936,87.95,847.00,67.05,0.430,4.140,0.328,banana,fresh
10047480,9937,88.00,847.00,67.00,0.430,4.140,0.327,banana,fresh
10048491,9938,88.00,846.95,67.00,0.430,4.140,0.327,banana,fresh
10049503,9939,87.90,847.00,67.15,0.430,4.140,0.328,banana,fresh
10050513,9940,88.05,847.00,67.00,0.430,4.140,0.327,banana,fresh
10051524,9941,87.95,846.90,67.05,0.430,4.139,0.328,banana,fresh
10052536,9942,88.00,847.00,67.00,0.430,4.140,0.327,banana,fresh
10053547,9943,88.00,847.00,67.05,0.430,4.140,0.328,banana,fresh
10054558,9944,88.00,846.95,67.00,0.430,4.140,0.327,banana,fresh
10055569,9945,88.00,846.85,67.05,0.430,4.139,0.328,banana,fresh
10056580,9946,88.00,846.95,67.05,0.430,4.140,0.328,banana,fresh
10057591,9947,88.00,847.00,67.05,0.430,4.140,0.328,banana,fresh
10058602,9948,87.90,846.95,67.00,0.430,4.140,0.327,banana,fresh
10059613,9949,88.00,847.00,67.15,0.430,4.140,0.328,banana,fresh
10060624,9950,87.95,847.00,67.10,0.430,4.140,0.328,banana,fresh
10061635,9951,87.95,846.95,67.10,0.430,4.140,0.328,banana,fresh
10062647,9952,88.00,847.00,67.00,0.430,4.140,0.327,banana,fresh
10063657,9953,88.00,847.00,67.10,0.430,4.140,0.328,banana,fresh
10064668,9954,88.00,847.00,67.05,0.430,4.140,0.328,banana,fresh
10065680,9955,87.95,846.95,66.95,0.430,4.140,0.327,banana,fresh
10066691,9956,88.00,846.85,67.05,0.430,4.139,0.328,banana,fresh
10067701,9957,88.00,846.95,67.10,0.430,4.140,0.328,banana,fresh
10068713,9958,88.10,847.00,67.05,0.431,4.140,0.328,banana,fresh
10069724,9959,88.00,847.00,67.05,0.430,4.140,0.328,banana,fresh
10070734,9960,88.00,846.90,67.00,0.430,4.139,0.327,banana,fresh
10071746,9961,88.00,846.85,67.05,0.430,4.139,0.328,banana,fresh
10072757,9962,88.00,846.95,67.10,0.430,4.140,0.328,banana,fresh
10073768,9963,88.00,846.90,67.10,0.430,4.139,0.328,banana,fresh
10074779,9964,88.05,847.00,66.95,0.430,4.140,0.327,banana,fresh
10075790,9965,88.00,847.00,67.20,0.430,4.140,0.328,banana,fresh
10076802,9966,88.00,846.95,67.20,0.430,4.140,0.328,banana,fresh
10077812,9967,87.95,847.00,67.10,0.430,4.140,0.328,banana,fresh
10078824,9968,88.00,846.95,67.20,0.430,4.140,0.328,banana,fresh
10079835,9969,88.05,846.95,67.05,0.430,4.140,0.328,banana,fresh
10080845,9970,88.00,846.95,67.15,0.430,4.140,0.328,banana,fresh
10081857,9971,88.10,846.95,67.10,0.431,4.140,0.328,banana,fresh
10082868,9972,87.95,847.00,67.05,0.430,4.140,0.328,banana,fresh
10083878,9973,88.00,846.90,67.00,0.430,4.139,0.327,banana,fresh
10084890,9974,88.05,846.95,67.15,0.430,4.140,0.328,banana,fresh
10085901,9975,88.00,847.00,67.10,0.430,4.140,0.328,banana,fresh
10086913,9976,88.00,846.90,67.05,0.430,4.139,0.328,banana,fresh
10087923,9977,88.00,846.80,67.05,0.430,4.139,0.328,banana,fresh
10088934,9978,88.00,846.80,67.00,0.430,4.139,0.327,banana,fresh
10089946,9979,88.00,846.95,67.10,0.430,4.140,0.328,banana,fresh
10090956,9980,88.05,847.00,67.25,0.430,4.140,0.329,banana,fresh
10091967,9981,88.00,847.00,67.05,0.430,4.140,0.328,banana,fresh
10092979,9982,88.00,847.00,67.00,0.430,4.140,0.327,banana,fresh
10093989,9983,88.00,846.95,67.05,0.430,4.140,0.328,banana,fresh
10095000,9984,87.95,846.90,67.15,0.430,4.139,0.328,banana,fresh
10096012,9985,88.05,847.00,67.00,0.430,4.140,0.327,banana,fresh
10097022,9986,87.95,846.95,67.05,0.430,4.140,0.328,banana,fresh
10098034,9987,88.00,847.00,67.05,0.430,4.140,0.328,banana,fresh
10099045,9988,88.05,846.95,67.05,0.430,4.140,0.328,banana,fresh
10100056,9989,88.05,846.90,67.20,0.430,4.139,0.328,banana,fresh
10101067,9990,88.00,846.90,67.10,0.430,4.139,0.328,banana,fresh
10102078,9991,88.10,847.00,67.10,0.431,4.140,0.328,banana,fresh
10103089,9992,88.00,846.80,67.20,0.430,4.139,0.328,banana,fresh
10104100,9993,88.05,847.00,67.10,0.430,4.140,0.328,banana,fresh
10105111,9994,88.00,847.00,67.10,0.430,4.140,0.328,banana,fresh
10106123,9995,88.00,847.00,67.20,0.430,4.140,0.328,banana,fresh
10107133,9996,88.00,847.00,67.20,0.430,4.140,0.328,banana,fresh
10108144,9997,88.05,847.05,67.20,0.430,4.140,0.328,banana,fresh
10109156,9998,88.00,846.85,67.10,0.430,4.139,0.328,banana,fresh
10110167,9999,88.00,847.00,67.20,0.430,4.140,0.328,banana,fresh
10111177,10000,88.00,846.90,67.20,0.430,4.139,0.328,banana,fresh
10112189,10001,88.05,846.95,67.05,0.430,4.140,0.328,banana,fresh
10113200,10002,88.10,847.00,67.05,0.431,4.140,0.328,banana,fresh
10114211,10003,88.05,846.85,67.10,0.430,4.139,0.328,banana,fresh
10115222,10004,88.00,847.00,67.30,0.430,4.140,0.329,banana,fresh
10116233,10005,88.00,846.95,67.05,0.430,4.140,0.328,banana,fresh
10117244,10006,88.00,846.85,67.25,0.430,4.139,0.329,banana,fresh
10118255,10007,88.05,847.00,67.30,0.430,4.140,0.329,banana,fresh
10119267,10008,88.00,847.00,67.05,0.430,4.140,0.328,banana,fresh
10120278,10009,88.00,846.95,67.10,0.430,4.140,0.328,banana,fresh
10121289,10010,88.05,846.90,67.05,0.430,4.139,0.328,banana,fresh
10122300,10011,88.00,846.90,67.25,0.430,4.139,0.329,banana,fresh
10123311,10012,88.00,846.90,67.10,0.430,4.139,0.328,banana,fresh
10124322,10013,88.00,846.95,67.25,0.430,4.140,0.329,banana,fresh
10125333,10014,88.00,846.90,67.20,0.430,4.139,0.328,banana,fresh
10126345,10015,88.00,847.00,67.10,0.430,4.140,0.328,banana,fresh
10127355,10016,88.05,846.95,67.25,0.430,4.140,0.329,banana,fresh
10128367,10017,88.00,847.00,67.10,0.430,4.140,0.328,banana,fresh
10129378,10018,88.05,847.00,67.15,0.430,4.140,0.328,banana,fresh
10130388,10019,88.05,846.95,67.05,0.430,4.140,0.328,banana,fresh
10131400,10020,88.05,846.90,67.10,0.430,4.139,0.328,banana,fresh
10132411,10021,88.05,847.00,67.05,0.430,4.140,0.328,banana,fresh
10133423,10022,88.00,846.95,67.10,0.430,4.140,0.328,banana,fresh
10134433,10023,88.00,846.90,67.25,0.430,4.139,0.329,banana,fresh
10135445,10024,88.05,847.00,67.20,0.430,4.140,0.328,banana,fresh
10136456,10025,88.00,846.95,67.40,0.430,4.140,0.329,banana,fresh
10137466,10026,88.05,846.95,67.10,0.430,4.140,0.328,banana,fresh
10138478,10027,88.00,847.00,67.20,0.430,4.140,0.328,banana,fresh
10139489,10028,88.00,847.00,67.05,0.430,4.140,0.328,banana,fresh
10140500,10029,88.05,847.00,67.15,0.430,4.140,0.328,banana,fresh
10141511,10030,88.05,847.00,67.05,0.430,4.140,0.328,banana,fresh
10142522,10031,88.10,846.95,67.10,0.431,4.140,0.328,banana,fresh
10143534,10032,88.00,847.00,67.05,0.430,4.140,0.328,banana,fresh
10144544,10033,88.05,847.00,67.10,0.430,4.140,0.328,banana,fresh
10145556,10034,88.05,847.00,67.05,0.430,4.140,0.328,banana,fresh
10146567,10035,88.00,846.95,67.20,0.430,4.140,0.328,banana,fresh
10147577,10036,88.00,847.00,67.25,0.430,4.140,0.329,banana,fresh
10148589,10037,88.10,847.00,67.10,0.431,4.140,0.328,banana,fresh
10149600,10038,88.05,846.90,67.05,0.430,4.139,0.328,banana,fresh
10150611,10039,88.15,846.85,67.25,0.431,4.139,0.329,banana,fresh
10151622,10040,88.00,846.90,67.10,0.430,4.139,0.328,banana,fresh
10152634,10041,88.00,846.95,67.15,0.430,4.140,0.328,banana,fresh
10153645,10042,88.05,846.90,67.15,0.430,4.139,0.328,banana,fresh
10154655,10043,88.05,847.00,67.15,0.430,4.140,0.328,banana,fresh
10155667,10044,88.00,847.00,67.20,0.430,4.140,0.328,banana,fresh
10156678,10045,87.95,847.00,67.10,0.430,4.140,0.328,banana,fresh
10157689,10046,88.00,847.00,67.15,0.430,4.140,0.328,banana,fresh
10158700,10047,88.15,846.95,67.10,0.431,4.140,0.328,banana,fresh
10159712,10048,88.05,846.90,67.10,0.430,4.139,0.328,banana,fresh
10160722,10049,88.10,846.95,67.05,0.431,4.140,0.328,banana,fresh
10161733,10050,88.05,847.00,67.10,0.430,4.140,0.328,banana,fresh
10162745,10051,88.05,846.95,67.10,0.430,4.140,0.328,banana,fresh
10163756,10052,88.05,847.00,67.20,0.430,4.140,0.328,banana,fresh
10164767,10053,88.10,847.05,67.20,0.431,4.140,0.328,banana,fresh
10165778,10054,88.10,847.00,67.25,0.431,4.140,0.329,banana,fresh
10166790,10055,88.05,847.00,67.10,0.430,4.140,0.328,banana,fresh
10167800,10056,88.15,847.00,67.10,0.431,4.140,0.328,banana,fresh
10168811,10057,88.10,846.95,67.05,0.431,4.140,0.328,banana,fresh
10169823,10058,88.15,846.90,67.15,0.431,4.139,0.328,banana,fresh
10170833,10059,88.05,846.95,67.05,0.430,4.140,0.328,banana,fresh
10171845,10060,88.05,846.95,67.15,0.430,4.140,0.328,banana,fresh
10172856,10061,88.10,846.95,67.10,0.431,4.140,0.328,banana,fresh
10173868,10062,88.15,847.00,67.00,0.431,4.140,0.327,banana,fresh
10174878,10063,88.05,847.00,67.15,0.430,4.140,0.328,banana,fresh
10175889,10064,88.05,846.95,67.10,0.430,4.140,0.328,banana,fresh
10176901,10065,88.00,847.00,67.15,0.430,4.140,0.328,banana,fresh
10177911,10066,88.10,846.95,67.20,0.431,4.140,0.328,banana,fresh
10178923,10067,88.05,847.00,67.20,0.430,4.140,0.328,banana,fresh
10179934,10068,88.15,847.00,67.25,0.431,4.140,0.329,banana,fresh
10180945,10069,88.00,846.95,67.25,0.430,4.140,0.329,banana,fresh
10181956,10070,88.05,847.00,67.15,0.430,4.140,0.328,banana,fresh
10182967,10071,88.00,847.00,67.10,0.430,4.140,0.328,banana,fresh
10183979,10072,88.25,846.95,67.20,0.431,4.140,0.328,banana,fresh
10184989,10073,88.10,847.00,67.10,0.431,4.140,0.328,banana,fresh
10186001,10074,88.10,847.00,67.20,0.431,4.140,0.328,banana,fresh
10187012,10075,88.10,847.00,67.10,0.431,4.140,0.328,banana,fresh
10188023,10076,88.00,846.95,67.15,0.430,4.140,0.328,banana,fresh
10189034,10077,88.05,846.90,67.20,0.430,4.139,0.328,banana,fresh
10190045,10078,88.05,846.95,67.15,0.430,4.140,0.328,banana,fresh
10191056,10079,88.15,847.00,67.20,0.431,4.140,0.328,banana,fresh
10192067,10080,88.00,847.00,67.15,0.430,4.140,0.328,banana,fresh
10193079,10081,88.10,847.00,67.30,0.431,4.140,0.329,banana,fresh
10194089,10082,88.15,847.00,67.25,0.431,4.140,0.329,banana,fresh
10195101,10083,88.05,846.95,67.20,0.430,4.140,0.328,banana,fresh
10196112,10084,88.05,847.00,67.10,0.430,4.140,0.328,banana,fresh
10197123,10085,88.05,847.00,67.20,0.430,4.140,0.328,banana,fresh
10198134,10086,88.20,847.00,67.20,0.431,4.140,0.328,banana,fresh
10199145,10087,88.10,847.00,67.25,0.431,4.140,0.329,banana,fresh
10200157,10088,88.10,847.00,67.15,0.431,4.140,0.328,banana,fresh
10201167,10089,88.15,847.00,67.15,0.431,4.140,0.328,banana,fresh
10202178,10090,88.00,847.00,67.10,0.430,4.140,0.328,banana,fresh
10203190,10091,88.00,846.95,67.10,0.430,4.140,0.328,banana,fresh
10204200,10092,88.20,847.00,67.10,0.431,4.140,0.328,banana,fresh
10205212,10093,88.10,847.00,67.30,0.431,4.140,0.329,banana,fresh
10206223,10094,88.20,847.00,67.35,0.431,4.140,0.329,banana,fresh
10207235,10095,88.15,847.00,67.00,0.431,4.140,0.327,banana,fresh
10208245,10096,88.05,847.00,67.35,0.430,4.140,0.329,banana,fresh
10209256,10097,88.00,847.00,67.20,0.430,4.140,0.328,banana,fresh
10210268,10098,88.05,847.00,67.10,0.430,4.140,0.328,banana,fresh
10211278,10099,88.05,847.00,67.15,0.430,4.140,0.328,banana,fresh
10212290,10100,88.25,847.00,67.10,0.431,4.140,0.328,banana,fresh
10213301,10101,88.05,847.00,67.15,0.430,4.140,0.328,banana,fresh
10214312,10102,88.05,847.00,67.25,0.430,4.140,0.329,banana,fresh
10215323,10103,88.15,847.00,67.15,0.431,4.140,0.328,banana,fresh
10216334,10104,88.15,847.00,67.15,0.431,4.140,0.328,banana,fresh
10217346,10105,88.25,846.95,67.15,0.431,4.140,0.328,banana,fresh
10218356,10106,88.15,847.00,67.20,0.431,4.140,0.328,banana,fresh
10219368,10107,88.25,847.00,67.45,0.431,4.140,0.330,banana,fresh
10220379,10108,88.10,847.00,67.30,0.431,4.140,0.329,banana,fresh
10221390,10109,88.20,847.00,67.05,0.431,4.140,0.328,banana,fresh
10222401,10110,88.15,846.95,67.05,0.431,4.140,0.328,banana,fresh
10223412,10111,88.05,847.00,67.15,0.430,4.140,0.328,banana,fresh
10224423,10112,88.10,847.00,67.10,0.431,4.140,0.328,banana,fresh
10225434,10113,88.15,846.95,67.10,0.431,4.140,0.328,banana,fresh
10226446,10114,88.20,847.00,67.25,0.431,4.140,0.329,banana,fresh
10227457,10115,88.10,847.00,67.15,0.431,4.140,0.328,banana,fresh
10228468,10116,88.05,847.00,67.35,0.430,4.140,0.329,banana,fresh
10229479,10117,88.10,847.00,67.45,0.431,4.140,0.330,banana,fresh
10230491,10118,88.05,847.00,67.30,0.430,4.140,0.329,banana,fresh
10231501,10119,88.10,846.95,67.10,0.431,4.140,0.328,banana,fresh
10232512,10120,88.15,847.00,67.20,0.431,4.140,0.328,banana,fresh
10233524,10121,88.10,847.00,67.20,0.431,4.140,0.328,banana,fresh
10234534,10122,88.05,847.00,67.15,0.430,4.140,0.328,banana,fresh
10235546,10123,88.00,847.00,67.10,0.430,4.140,0.328,banana,fresh
10236557,10124,88.05,847.05,67.35,0.430,4.140,0.329,banana,fresh
10237569,10125,88.05,847.05,67.10,0.430,4.140,0.328,banana,fresh
10238579,10126,88.10,847.00,67.30,0.431,4.140,0.329,banana,fresh
10239590,10127,88.10,847.00,67.20,0.431,4.140,0.328,banana,fresh
10240602,10128,88.20,847.00,67.20,0.431,4.140,0.328,banana,fresh
10241612,10129,88.10,847.00,67.30,0.431,4.140,0.329,banana,fresh
10242624,10130,88.10,847.00,67.10,0.431,4.140,0.328,banana,fresh
10243635,10131,88.00,847.05,67.15,0.430,4.140,0.328,banana,fresh
10244645,10132,88.15,847.00,67.35,0.431,4.140,0.329,banana,fresh
10245657,10133,88.10,847.00,67.30,0.431,4.140,0.329,banana,fresh
10246668,10134,88.05,847.00,67.25,0.430,4.140,0.329,banana,fresh
10247680,10135,88.15,847.00,67.05,0.431,4.140,0.328,banana,fresh
10248690,10136,88.15,847.00,67.15,0.431,4.140,0.328,banana,fresh
10249702,10137,88.15,847.00,67.15,0.431,4.140,0.328,banana,fresh
10250713,10138,88.10,847.05,67.15,0.431,4.140,0.328,banana,fresh
10251723,10139,88.30,847.05,67.20,0.432,4.140,0.328,banana,fresh
10252735,10140,88.30,847.00,67.30,0.432,4.140,0.329,banana,fresh
10253746,10141,88.20,847.10,67.25,0.431,4.140,0.329,banana,fresh
10254757,10142,88.15,847.05,67.20,0.431,4.140,0.328,banana,fresh
10255768,10143,88.10,847.00,67.10,0.431,4.140,0.328,banana,fresh
10256780,10144,88.10,847.00,67.40,0.431,4.140,0.329,banana,fresh
10257790,10145,88.10,847.00,67.30,0.431,4.140,0.329,banana,fresh
10258801,10146,88.15,847.00,67.20,0.431,4.140,0.328,banana,fresh
10259813,10147,88.10,847.05,67.20,0.431,4.140,0.328,banana,fresh
10260824,10148,88.15,847.00,67.35,0.431,4.140,0.329,banana,fresh
10261835,10149,88.10,847.05,67.15,0.431,4.140,0.328,banana,fresh
10262846,10150,88.00,847.10,67.10,0.430,4.140,0.328,banana,fresh
10263858,10151,88.10,847.00,67.25,0.431,4.140,0.329,banana,fresh
10264868,10152,88.15,847.05,67.20,0.431,4.140,0.328,banana,fresh
10265879,10153,88.00,847.00,67.10,0.430,4.140,0.328,banana,fresh
10266891,10154,88.25,847.10,67.45,0.431,4.140,0.330,banana,fresh
10267901,10155,88.10,847.00,67.20,0.431,4.140,0.328,banana,fresh
10268913,10156,88.05,847.00,67.30,0.430,4.140,0.329,banana,fresh
10269924,10157,88.15,847.05,67.10,0.431,4.140,0.328,banana,fresh
10270936,10158,88.20,847.15,67.25,0.431,4.141,0.329,banana,fresh
10271946,10159,88.30,847.00,67.15,0.432,4.140,0.328,banana,fresh
10272957,10160,88.20,847.00,67.40,0.431,4.140,0.329,banana,fresh
10273969,10161,88.20,847.00,67.30,0.431,4.140,0.329,banana,fresh
10274979,10162,88.15,847.05,67.45,0.431,4.140,0.330,banana,fresh
10275991,10163,88.25,847.00,67.40,0.431,4.140,0.329,banana,fresh
10277002,10164,88.05,847.05,67.25,0.430,4.140,0.329,banana,fresh
10278013,10165,88.15,847.05,67.35,0.431,4.140,0.329,banana,fresh
10279024,10166,88.15,847.05,67.25,0.431,4.140,0.329,banana,fresh
10280035,10167,88.25,847.00,67.15,0.431,4.140,0.328,banana,fresh
10281047,10168,88.20,847.05,67.30,0.431,4.140,0.329,banana,fresh
10282057,10169,88.20,847.05,67.35,0.431,4.140,0.329,banana,fresh
10283069,10170,88.10,847.05,67.05,0.431,4.140,0.328,banana,fresh
10284080,10171,88.15,847.10,67.30,0.431,4.140,0.329,banana,fresh
10285091,10172,88.15,847.20,67.30,0.431,4.141,0.329,banana,fresh
10286102,10173,88.25,847.05,67.25,0.431,4.140,0.329,banana,fresh
10287113,10174,88.25,847.15,67.30,0.431,4.141,0.329,banana,fresh
10288124,10175,88.15,847.05,67.35,0.431,4.140,0.329,banana,fresh
10289135,10176,88.20,847.05,67.25,0.431,4.140,0.329,banana,fresh
10290147,10177,88.05,847.05,67.30,0.430,4.140,0.329,banana,fresh
10291158,10178,88.50,847.05,67.40,0.433,4.140,0.329,banana,fresh
10292169,10179,88.10,847.15,67.30,0.431,4.141,0.329,banana,fresh
10293180,10180,88.30,847.05,67.20,0.432,4.140,0.328,banana,fresh
10294191,10181,88.15,847.05,67.15,0.431,4.140,0.328,banana,fresh
10295202,10182,88.15,847.05,67.20,0.431,4.140,0.328,banana,fresh
10296213,10183,88.25,847.05,67.20,0.431,4.140,0.328,banana,fresh
10297225,10184,88.45,847.15,67.20,0.432,4.141,0.328,banana,fresh
10298235,10185,88.20,847.00,67.35,0.431,4.140,0.329,banana,fresh
10299247,10186,88.25,847.10,67.20,0.431,4.140,0.328,banana,fresh
10300258,10187,88.00,847.25,67.25,0.430,4.141,0.329,banana,fresh
10301270,10188,88.25,847.15,67.30,0.431,4.141,0.329,banana,fresh
10302280,10189,88.30,847.05,67.30,0.432,4.140,0.329,banana,fresh
10303291,10190,88.30,847.05,67.40,0.432,4.140,0.329,banana,fresh
10304303,10191,88.20,847.15,67.45,0.431,4.141,0.330,banana,fresh
10305313,10192,88.20,847.15,67.45,0.431,4.141,0.330,banana,fresh
10306325,10193,88.35,847.05,67.30,0.432,4.140,0.329,banana,fresh
10307336,10194,88.15,847.10,67.30,0.431,4.140,0.329,banana,fresh
10308347,10195,88.25,847.10,67.20,0.431,4.140,0.328,banana,fresh
10309358,10196,88.10,847.05,67.40,0.431,4.140,0.329,banana,fresh
10310369,10197,88.30,847.10,67.20,0.432,4.140,0.328,banana,fresh
10311380,10198,88.30,847.05,67.30,0.432,4.140,0.329,banana,fresh
10312391,10199,88.15,847.20,67.25,0.431,4.141,0.329,banana,fresh
10313403,10200,88.25,847.30,67.30,0.431,4.141,0.329,banana,fresh
10314414,10201,88.25,847.20,67.25,0.431,4.141,0.329,banana,fresh
10315425,10202,88.30,847.20,67.45,0.432,4.141,0.330,banana,fresh
10316436,10203,88.25,847.15,67.30,0.431,4.141,0.329,banana,fresh
10317448,10204,88.35,847.30,67.30,0.432,4.141,0.329,banana,fresh
10318458,10205,88.30,847.10,67.45,0.432,4.140,0.330,banana,fresh
10319469,10206,88.45,847.20,67.20,0.432,4.141,0.328,banana,fresh
10320481,10207,88.25,847.25,67.30,0.431,4.141,0.329,banana,fresh
10321491,10208,88.30,847.25,67.65,0.432,4.141,0.331,banana,fresh
10322503,10209,88.15,847.20,67.55,0.431,4.141,0.330,banana,fresh
10323514,10210,88.35,847.30,67.15,0.432,4.141,0.328,banana,fresh
10324526,10211,88.05,847.15,67.55,0.430,4.141,0.330,banana,fresh
10325536,10212,88.20,847.15,67.30,0.431,4.141,0.329,banana,fresh
10326547,10213,88.25,847.20,67.35,0.431,4.141,0.329,banana,fresh
10327559,10214,88.35,847.30,67.25,0.432,4.141,0.329,banana,fresh
10328569,10215,88.20,847.05,67.55,0.431,4.140,0.330,banana,fresh
10329581,10216,88.20,847.10,67.25,0.431,4.140,0.329,banana,fresh
10330592,10217,88.40,847.20,67.30,0.432,4.141,0.329,banana,fresh
10331603,10218,88.30,847.10,67.35,0.432,4.140,0.329,banana,fresh
10332614,10219,88.35,847.40,67.25,0.432,4.142,0.329,banana,fresh
10333625,10220,88.25,847.35,67.35,0.431,4.141,0.329,banana,fresh
10334637,10221,88.30,847.25,67.50,0.432,4.141,0.330,banana,fresh
10335647,10222,88.30,847.30,67.35,0.432,4.141,0.329,banana,fresh
10336659,10223,88.20,847.10,67.35,0.431,4.140,0.329,banana,fresh
10337670,10224,88.20,847.05,67.35,0.431,4.140,0.329,banana,fresh
10338681,10225,88.25,847.40,67.45,0.431,4.142,0.330,banana,fresh
10339692,10226,88.30,847.35,67.10,0.432,4.141,0.328,banana,fresh
10340704,10227,88.40,847.30,67.50,0.432,4.141,0.330,banana,fresh
10341714,10228,88.45,847.30,67.30,0.432,4.141,0.329,banana,fresh
10342725,10229,88.30,847.35,67.35,0.432,4.141,0.329,banana,fresh
10343737,10230,88.25,847.15,67.40,0.431,4.141,0.329,banana,fresh
10344748,10231,88.40,847.25,67.45,0.432,4.141,0.330,banana,fresh
10345759,10232,88.35,847.30,67.35,0.432,4.141,0.329,banana,fresh
10346770,10233,88.30,847.25,67.40,0.432,4.141,0.329,banana,fresh
10347782,10234,88.30,847.35,67.15,0.432,4.141,0.328,banana,fresh
10348792,10235,88.25,847.40,67.50,0.431,4.142,0.330,banana,fresh
10349803,10236,88.55,847.25,67.35,0.433,4.141,0.329,banana,fresh
10350815,10237,88.30,847.35,67.50,0.432,4.141,0.330,banana,fresh
10351825,10238,88.20,847.30,67.30,0.431,4.141,0.329,banana,fresh
10352837,10239,88.15,847.50,67.10,0.431,4.142,0.328,banana,fresh
10353848,10240,88.20,847.30,67.35,0.431,4.141,0.329,banana,fresh
10354860,10241,88.25,847.30,67.50,0.431,4.141,0.330,banana,fresh
10355870,10242,88.25,847.60,67.25,0.431,4.143,0.329,banana,fresh
10356882,10243,88.25,847.50,67.30,0.431,4.142,0.329,banana,fresh
10357893,10244,88.35,847.35,67.50,0.432,4.141,0.330,banana,fresh
10358903,10245,88.30,847.65,67.50,0.432,4.143,0.330,banana,fresh
10359915,10246,88.45,847.45,67.35,0.432,4.142,0.329,banana,fresh
10360926,10247,88.20,847.70,67.35,0.431,4.143,0.329,banana,fresh
10361937,10248,88.20,847.35,67.35,0.431,4.141,0.329,banana,fresh
10362948,10249,88.15,847.55,67.30,0.431,4.142,0.329,banana,fresh
10363960,10250,88.45,847.60,67.35,0.432,4.143,0.329,banana,fresh
10364971,10251,88.35,847.50,67.40,0.432,4.142,0.329,banana,fresh
10365981,10252,88.40,847.40,67.30,0.432,4.142,0.329,banana,fresh
10366993,10253,88.30,847.65,67.30,0.432,4.143,0.329,banana,fresh
10368004,10254,88.20,847.70,67.35,0.431,4.143,0.329,banana,fresh
10369015,10255,88.35,847.50,67.60,0.432,4.142,0.330,banana,fresh
10370026,10256,88.45,847.60,67.35,0.432,4.143,0.329,banana,fresh
10371038,10257,88.35,847.60,67.55,0.432,4.143,0.330,banana,fresh
10372048,10258,88.45,847.45,67.45,0.432,4.142,0.330,banana,fresh
10373060,10259,88.35,847.65,67.40,0.432,4.143,0.329,banana,fresh
10374071,10260,88.45,847.75,67.30,0.432,4.143,0.329,banana,fresh
10375081,10261,88.45,847.55,67.40,0.432,4.142,0.329,banana,fresh
10376093,10262,88.40,847.60,67.25,0.432,4.143,0.329,banana,fresh
10377104,10263,88.35,847.75,67.40,0.432,4.143,0.329,banana,fresh
10378116,10264,88.35,847.60,67.35,0.432,4.143,0.329,banana,fresh
10379126,10265,88.35,847.60,67.45,0.432,4.143,0.330,banana,fresh
10380138,10266,88.30,847.75,67.60,0.432,4.143,0.330,banana,fresh
10381149,10267,88.20,847.55,67.25,0.431,4.142,0.329,banana,fresh
10382160,10268,88.30,847.70,67.30,0.432,4.143,0.329,banana,fresh
10383171,10269,88.40,847.55,67.35,0.432,4.142,0.329,banana,fresh
10384182,10270,88.35,847.85,67.35,0.432,4.144,0.329,banana,fresh
10385193,10271,88.35,847.65,67.35,0.432,4.143,0.329,banana,fresh
10386204,10272,88.25,847.55,67.40,0.431,4.142,0.329,banana,fresh
10387216,10273,88.20,847.80,67.45,0.431,4.144,0.330,banana,fresh
10388227,10274,88.40,847.75,67.40,0.432,4.143,0.329,banana,fresh
10389238,10275,88.30,847.75,67.40,0.432,4.143,0.329,banana,fresh
10390249,10276,88.20,847.65,67.45,0.431,4.143,0.330,banana,fresh
10391260,10277,88.40,847.80,67.50,0.432,4.144,0.330,banana,fresh
10392271,10278,88.55,847.85,67.40,0.433,4.144,0.329,banana,fresh
10393282,10279,88.35,847.80,67.30,0.432,4.144,0.329,banana,fresh
10394294,10280,88.40,847.70,67.50,0.432,4.143,0.330,banana,fresh
10395304,10281,88.25,847.85,67.45,0.431,4.144,0.330,banana,fresh
10396316,10282,88.25,847.95,67.45,0.431,4.144,0.330,banana,fresh
10397327,10283,88.40,847.70,67.50,0.432,4.143,0.330,banana,fresh
10398338,10284,88.40,847.65,67.50,0.432,4.143,0.330,banana,fresh
10399349,10285,88.55,847.90,67.60,0.433,4.144,0.330,banana,fresh
10400360,10286,88.35,847.90,67.60,0.432,4.144,0.330,banana,fresh
10401372,10287,88.40,847.90,67.30,0.432,4.144,0.329,banana,fresh
10402382,10288,88.40,847.95,67.30,0.432,4.144,0.329,banana,fresh
10403394,10289,88.50,847.85,67.40,0.433,4.144,0.329,banana,fresh
10404405,10290,88.40,847.90,67.35,0.432,4.144,0.329,banana,fresh
10405416,10291,88.40,847.95,67.60,0.432,4.144,0.330,banana,fresh
10406427,10292,88.60,847.70,67.30,0.433,4.143,0.329,banana,fresh
10407438,10293,88.40,847.85,67.35,0.432,4.144,0.329,banana,fresh
10408450,10294,88.40,847.85,67.40,0.432,4.144,0.329,banana,fresh
10409460,10295,88.50,848.00,67.75,0.433,4.145,0.331,banana,fresh
10410472,10296,88.40,847.85,67.60,0.432,4.144,0.330,banana,fresh
10411483,10297,88.45,847.80,67.45,0.432,4.144,0.330,banana,fresh
10412494,10298,88.50,847.90,67.50,0.433,4.144,0.330,banana,fresh
10413505,10299,88.55,847.80,67.35,0.433,4.144,0.329,banana,fresh
10414516,10300,88.40,847.95,67.45,0.432,4.144,0.330,banana,fresh
10415527,10301,88.40,847.80,67.50,0.432,4.144,0.330,banana,fresh
10416538,10302,88.30,847.95,67.50,0.432,4.144,0.330,banana,fresh
10417550,10303,88.35,847.95,67.40,0.432,4.144,0.329,banana,fresh
10418561,10304,88.45,847.90,67.55,0.432,4.144,0.330,banana,fresh
10419572,10305,88.50,848.00,67.50,0.433,4.145,0.330,banana,fresh
10420583,10306,88.60,847.95,67.40,0.433,4.144,0.329,banana,fresh
10421594,10307,88.45,848.00,67.50,0.432,4.145,0.330,banana,fresh
10422605,10308,88.40,848.00,67.25,0.432,4.145,0.329,banana,fresh
10423616,10309,88.35,847.90,67.45,0.432,4.144,0.330,banana,fresh
10424628,10310,88.60,848.00,67.60,0.433,4.145,0.330,banana,fresh
10425638,10311,88.60,847.90,67.50,0.433,4.144,0.330,banana,fresh
10426650,10312,88.30,847.95,67.45,0.432,4.144,0.330,banana,fresh
10427661,10313,88.50,848.00,67.50,0.433,4.145,0.330,banana,fresh
10428672,10314,88.45,847.95,67.35,0.432,4.144,0.329,banana,fresh
10429683,10315,88.45,847.95,67.45,0.432,4.144,0.330,banana,fresh
10430694,10316,88.60,847.95,67.55,0.433,4.144,0.330,banana,fresh
10431706,10317,88.50,847.95,67.30,0.433,4.144,0.329,banana,fresh
10432716,10318,88.40,848.00,67.60,0.432,4.145,0.330,banana,fresh
10433728,10319,88.35,847.90,67.50,0.432,4.144,0.330,banana,fresh
10434739,10320,88.60,847.95,67.50,0.433,4.144,0.330,banana,fresh
10435750,10321,88.40,847.95,67.45,0.432,4.144,0.330,banana,fresh
10436761,10322,88.55,847.95,67.55,0.433,4.144,0.330,banana,fresh
10437772,10323,88.60,848.00,67.55,0.433,4.145,0.330,banana,fresh
10438784,10324,88.60,848.00,67.50,0.433,4.145,0.330,banana,fresh
10439794,10325,88.25,848.00,67.50,0.431,4.145,0.330,banana,fresh
10440806,10326,88.40,848.00,67.65,0.432,4.145,0.331,banana,fresh
10441817,10327,88.70,847.90,67.45,0.434,4.144,0.330,banana,fresh
10442828,10328,88.50,848.00,67.50,0.433,4.145,0.330,banana,fresh
10443839,10329,88.25,848.00,67.75,0.431,4.145,0.331,banana,fresh
10444850,10330,88.50,848.00,67.65,0.433,4.145,0.331,banana,fresh
10445861,10331,88.45,848.00,67.55,0.432,4.145,0.330,banana,fresh
10446872,10332,88.45,848.00,67.50,0.432,4.145,0.330,banana,fresh
10447884,10333,88.40,848.00,67.70,0.432,4.145,0.331,banana,fresh
10448894,10334,88.35,848.00,67.55,0.432,4.145,0.330,banana,fresh
10449906,10335,88.35,848.00,67.55,0.432,4.145,0.330,banana,fresh
10450917,10336,88.60,848.00,67.50,0.433,4.145,0.330,banana,fresh
10451928,10337,88.50,848.00,67.50,0.433,4.145,0.330,banana,fresh
10452939,10338,88.70,848.00,67.45,0.434,4.145,0.330,banana,fresh
10453950,10339,88.50,848.00,67.55,0.433,4.145,0.330,banana,fresh
10454962,10340,88.50,848.00,67.45,0.433,4.145,0.330,banana,fresh
10455972,10341,88.60,848.00,67.55,0.433,4.145,0.330,banana,fresh
10456984,10342,88.55,848.00,67.50,0.433,4.145,0.330,banana,fresh
10457995,10343,88.45,848.00,67.65,0.432,4.145,0.331,banana,fresh
10459005,10344,88.50,848.00,67.50,0.433,4.145,0.330,banana,fresh
10460017,10345,88.35,848.00,67.50,0.432,4.145,0.330,banana,fresh
10461028,10346,88.40,848.00,67.55,0.432,4.145,0.330,banana,fresh
10462040,10347,88.60,848.00,67.70,0.433,4.145,0.331,banana,fresh
10463050,10348,88.40,848.00,67.50,0.432,4.145,0.330,banana,fresh
10464062,10349,88.40,848.00,67.60,0.432,4.145,0.330,banana,fresh
10465073,10350,88.60,848.00,67.60,0.433,4.145,0.330,banana,fresh
10466083,10351,88.50,848.00,67.55,0.433,4.145,0.330,banana,fresh
10467095,10352,88.50,848.00,67.60,0.433,4.145,0.330,banana,fresh
10468106,10353,88.50,848.00,67.50,0.433,4.145,0.330,banana,fresh
10469117,10354,88.45,848.00,67.60,0.432,4.145,0.330,banana,fresh
10470128,10355,88.45,848.05,67.40,0.432,4.145,0.329,banana,fresh
10471139,10356,88.55,848.05,67.60,0.433,4.145,0.330,banana,fresh
10472151,10357,88.45,848.00,67.55,0.432,4.145,0.330,banana,fresh
10473161,10358,88.35,848.00,67.50,0.432,4.145,0.330,banana,fresh
10474173,10359,88.50,848.05,67.65,0.433,4.145,0.331,banana,fresh
10475184,10360,88.40,848.00,67.60,0.432,4.145,0.330,banana,fresh
10476195,10361,88.60,848.00,67.60,0.433,4.145,0.330,banana,fresh
10477206,10362,88.35,848.00,67.75,0.432,4.145,0.331,banana,fresh
10478217,10363,88.35,848.00,67.70,0.432,4.145,0.331,banana,fresh
10479228,10364,88.70,848.05,67.60,0.434,4.145,0.330,banana,fresh
10480239,10365,88.40,848.05,67.75,0.432,4.145,0.331,banana,fresh
10481251,10366,88.55,848.00,67.40,0.433,4.145,0.329,banana,fresh
10482262,10367,88.65,848.10,67.55,0.433,4.145,0.330,banana,fresh
10483273,10368,88.60,848.00,67.65,0.433,4.145,0.331,banana,fresh
10484284,10369,88.60,848.05,67.70,0.433,4.145,0.331,banana,fresh
10485295,10370,88.55,848.05,67.60,0.433,4.145,0.330,banana,fresh
10486306,10371,88.65,848.00,67.50,0.433,4.145,0.330,banana,fresh
10487317,10372,88.50,848.00,67.75,0.433,4.145,0.331,banana,fresh
10488329,10373,88.35,848.10,67.75,0.432,4.145,0.331,banana,fresh
10489339,10374,88.45,848.05,67.50,0.432,4.145,0.330,banana,fresh
10490351,10375,88.65,848.00,67.45,0.433,4.145,0.330,banana,fresh
10491362,10376,88.45,848.00,67.55,0.432,4.145,0.330,banana,fresh
10492372,10377,88.45,848.10,67.60,0.432,4.145,0.330,banana,fresh
10493384,10378,88.55,848.00,67.55,0.433,4.145,0.330,banana,fresh
10494395,10379,88.65,848.05,67.65,0.433,4.145,0.331,banana,fresh
10495407,10380,88.60,848.00,67.55,0.433,4.145,0.330,banana,fresh
10496417,10381,88.50,848.00,67.70,0.433,4.145,0.331,banana,fresh
10497429,10382,88.50,848.05,67.70,0.433,4.145,0.331,banana,fresh
10498440,10383,88.65,848.00,67.50,0.433,4.145,0.330,banana,fresh
10499450,10384,88.60,848.05,67.60,0.433,4.145,0.330,banana,fresh
10500462,10385,88.50,848.10,67.70,0.433,4.145,0.331,banana,fresh
10501473,10386,88.40,848.15,67.65,0.432,4.145,0.331,banana,fresh
10502484,10387,88.60,848.00,67.65,0.433,4.145,0.331,banana,fresh
10503495,10388,88.60,848.10,67.60,0.433,4.145,0.330,banana,fresh
10504507,10389,88.60,848.25,67.75,0.433,4.146,0.331,banana,fresh
10505518,10390,88.55,848.25,67.70,0.433,4.146,0.331,banana,fresh
10506528,10391,88.60,848.20,67.55,0.433,4.146,0.330,banana,fresh
10507540,10392,88.65,848.05,67.75,0.433,4.145,0.331,banana,fresh
10508551,10393,88.75,848.10,67.90,0.434,4.145,0.332,banana,fresh
10509562,10394,88.65,848.25,67.70,0.433,4.146,0.331,banana,fresh
10510573,10395,88.60,848.05,67.50,0.433,4.145,0.330,banana,fresh
10511585,10396,88.70,848.15,67.50,0.434,4.145,0.330,banana,fresh
10512595,10397,88.70,848.05,67.70,0.434,4.145,0.331,banana,fresh
10513606,10398,88.70,848.15,67.75,0.434,4.145,0.331,banana,fresh
10514618,10399,88.70,848.10,67.85,0.434,4.145,0.332,banana,fresh
10515629,10400,88.65,848.15,67.65,0.433,4.145,0.331,banana,fresh
10516640,10401,88.55,848.10,67.60,0.433,4.145,0.330,banana,fresh
10517651,10402,88.55,848.05,67.50,0.433,4.145,0.330,banana,fresh
10518663,10403,88.40,848.20,67.60,0.432,4.146,0.330,banana,fresh
10519673,10404,88.55,848.10,67.75,0.433,4.145,0.331,banana,fresh
10520685,10405,88.55,848.00,67.75,0.433,4.145,0.331,banana,fresh
10521696,10406,88.45,848.15,67.75,0.432,4.145,0.331,banana,fresh
10522706,10407,88.60,848.30,67.80,0.433,4.146,0.331,banana,fresh
10523718,10408,88.50,848.20,67.80,0.433,4.146,0.331,banana,fresh
10524729,10409,88.50,848.15,67.85,0.433,4.145,0.332,banana,fresh
10525741,10410,88.40,848.15,67.85,0.432,4.145,0.332,banana,fresh
10526751,10411,88.65,848.35,67.80,0.433,4.146,0.331,banana,fresh
10527763,10412,88.50,848.35,67.75,0.433,4.146,0.331,banana,fresh
10528774,10413,88.65,848.40,67.70,0.433,4.147,0.331,banana,fresh
10529784,10414,88.75,848.25,67.70,0.434,4.146,0.331,banana,fresh
10530796,10415,88.55,848.35,67.70,0.433,4.146,0.331,banana,fresh
10531807,10416,88.50,848.15,67.65,0.433,4.145,0.331,banana,fresh
10532818,10417,88.30,848.15,67.50,0.432,4.145,0.330,banana,fresh
10533829,10418,88.70,848.25,67.45,0.434,4.146,0.330,banana,fresh
10534841,10419,88.60,848.20,67.75,0.433,4.146,0.331,banana,fresh
10535852,10420,88.50,848.20,67.80,0.433,4.146,0.331,banana,fresh
10536862,10421,88.70,848.20,67.65,0.434,4.146,0.331,banana,fresh
10537874,10422,88.70,848.20,67.60,0.434,4.146,0.330,banana,fresh
10538885,10423,88.60,848.25,67.70,0.433,4.146,0.331,banana,fresh
10539896,10424,88.50,848.30,67.80,0.433,4.146,0.331,banana,fresh
10540907,10425,88.80,848.35,67.60,0.434,4.146,0.330,banana,fresh
10541919,10426,88.65,848.45,67.40,0.433,4.147,0.329,banana,fresh
10542929,10427,88.55,848.15,67.80,0.433,4.145,0.331,banana,fresh
10543941,10428,88.50,848.20,67.50,0.433,4.146,0.330,banana,fresh
10544952,10429,88.50,848.30,67.95,0.433,4.146,0.332,banana,fresh
10545963,10430,88.80,848.35,67.60,0.434,4.146,0.330,banana,fresh
10546974,10431,88.60,848.30,67.60,0.433,4.146,0.330,banana,fresh
10547985,10432,88.45,848.25,67.55,0.432,4.146,0.330,banana,fresh
10548997,10433,88.65,848.30,67.70,0.433,4.146,0.331,banana,fresh
10550007,10434,88.60,848.55,67.70,0.433,4.147,0.331,banana,fresh
10551019,10435,88.50,848.40,67.65,0.433,4.147,0.331,banana,fresh
10552030,10436,88.40,848.35,67.70,0.432,4.146,0.331,banana,fresh
10553041,10437,88.65,848.35,67.70,0.433,4.146,0.331,banana,fresh
10554052,10438,88.70,848.25,67.50,0.434,4.146,0.330,banana,fresh
10555063,10439,88.60,848.25,67.70,0.433,4.146,0.331,banana,fresh
10556075,10440,88.55,848.30,67.65,0.433,4.146,0.331,banana,fresh
10557085,10441,88.45,848.45,67.80,0.432,4.147,0.331,banana,fresh
10558097,10442,88.60,848.45,67.75,0.433,4.147,0.331,banana,fresh
10559108,10443,88.70,848.60,67.45,0.434,4.148,0.330,banana,fresh
10560119,10444,88.75,848.35,67.60,0.434,4.146,0.330,banana,fresh
10561130,10445,88.55,848.50,67.90,0.433,4.147,0.332,banana,fresh
10562141,10446,88.70,848.50,67.50,0.434,4.147,0.330,banana,fresh
10563152,10447,88.70,848.50,67.80,0.434,4.147,0.331,banana,fresh
10564163,10448,88.60,848.25,67.80,0.433,4.146,0.331,banana,fresh
10565175,10449,88.65,848.35,67.60,0.433,4.146,0.330,banana,fresh
10566185,10450,88.80,848.55,67.70,0.434,4.147,0.331,banana,fresh
10567197,10451,88.70,848.55,67.45,0.434,4.147,0.330,banana,fresh
10568208,10452,88.60,848.25,67.80,0.433,4.146,0.331,banana,fresh
10569219,10453,88.70,848.45,67.75,0.434,4.147,0.331,banana,fresh
10570230,10454,88.75,848.50,67.70,0.434,4.147,0.331,banana,fresh
10571241,10455,88.55,848.60,67.75,0.433,4.148,0.331,banana,fresh
10572253,10456,88.55,848.45,67.75,0.433,4.147,0.331,banana,fresh
10573263,10457,88.65,848.50,67.65,0.433,4.147,0.331,banana,fresh
10574275,10458,88.65,848.50,67.70,0.433,4.147,0.331,banana,fresh
10575286,10459,88.85,848.70,67.70,0.434,4.148,0.331,banana,fresh
10576296,10460,88.80,848.60,67.65,0.434,4.148,0.331,banana,fresh
10577308,10461,88.50,848.55,67.85,0.433,4.147,0.332,banana,fresh
10578319,10462,88.70,848.55,67.80,0.434,4.147,0.331,banana,fresh
10579331,10463,88.70,848.55,67.90,0.434,4.147,0.332,banana,fresh
10580341,10464,88.80,848.55,67.80,0.434,4.147,0.331,banana,fresh
10581353,10465,88.70,848.50,67.85,0.434,4.147,0.332,banana,fresh
10582364,10466,88.80,848.75,67.55,0.434,4.148,0.330,banana,fresh
10583375,10467,88.70,848.70,67.85,0.434,4.148,0.332,banana,fresh
10584386,10468,88.55,848.65,67.80,0.433,4.148,0.331,banana,fresh
10585397,10469,88.75,848.65,67.70,0.434,4.148,0.331,banana,fresh
10586408,10470,88.35,848.60,67.80,0.432,4.148,0.331,banana,fresh
10587419,10471,88.65,848.75,67.65,0.433,4.148,0.331,banana,fresh
10588431,10472,88.55,848.60,67.80,0.433,4.148,0.331,banana,fresh
10589442,10473,88.65,848.60,67.80,0.433,4.148,0.331,banana,fresh
10590453,10474,88.75,848.75,67.75,0.434,4.148,0.331,banana,fresh
10591464,10475,88.65,848.70,67.65,0.433,4.148,0.331,banana,fresh
10592476,10476,88.50,848.70,67.80,0.433,4.148,0.331,banana,fresh
10593486,10477,88.60,848.60,67.80,0.433,4.148,0.331,banana,fresh
10594497,10478,88.80,848.90,67.80,0.434,4.149,0.331,banana,fresh
10595509,10479,88.85,848.70,67.75,0.434,4.148,0.331,banana,fresh
10596519,10480,88.55,848.85,67.65,0.433,4.149,0.331,banana,fresh
10597531,10481,88.80,848.80,67.85,0.434,4.149,0.332,banana,fresh
10598542,10482,88.75,848.70,67.75,0.434,4.148,0.331,banana,fresh
10599554,10483,88.80,848.80,67.80,0.434,4.149,0.331,banana,fresh
10600564,10484,88.60,848.70,67.85,0.433,4.148,0.332,banana,fresh
10601575,10485,88.85,848.80,67.80,0.434,4.149,0.331,banana,fresh
10602587,10486,88.60,848.70,67.70,0.433,4.148,0.331,banana,fresh
10603597,10487,88.55,848.80,67.85,0.433,4.149,0.332,banana,fresh
10604609,10488,88.70,848.75,67.80,0.434,4.148,0.331,banana,fresh
10605620,10489,88.70,848.55,67.95,0.434,4.147,0.332,banana,fresh
10606631,10490,88.90,848.70,67.70,0.435,4.148,0.331,banana,fresh
10607642,10491,88.65,848.75,67.65,0.433,4.148,0.331,banana,fresh
10608653,10492,88.75,848.65,67.80,0.434,4.148,0.331,banana,fresh
10609665,10493,88.75,848.75,67.85,0.434,4.148,0.332,banana,fresh
10610675,10494,88.80,848.75,67.85,0.434,4.148,0.332,banana,fresh
10611687,10495,88.75,848.70,67.85,0.434,4.148,0.332,banana,fresh
10612698,10496,88.60,848.90,67.85,0.433,4.149,0.332,banana,fresh
10613709,10497,88.70,848.65,67.60,0.434,4.148,0.330,banana,fresh
10614720,10498,88.85,848.75,67.95,0.434,4.148,0.332,banana,fresh
10615731,10499,88.80,848.70,67.85,0.434,4.148,0.332,banana,fresh
10616742,10500,88.85,848.90,67.75,0.434,4.149,0.331,banana,fresh
10617753,10501,88.60,848.60,67.90,0.433,4.148,0.332,banana,fresh
10618765,10502,88.85,848.70,67.85,0.434,4.148,0.332,banana,fresh
10619776,10503,88.80,849.00,67.75,0.434,4.150,0.331,banana,fresh
10620787,10504,88.70,848.90,67.90,0.434,4.149,0.332,banana,fresh
10621798,10505,88.75,848.85,67.90,0.434,4.149,0.332,banana,fresh
10622810,10506,88.80,848.85,67.90,0.434,4.149,0.332,banana,fresh
10623820,10507,88.60,848.85,67.85,0.433,4.149,0.332,banana,fresh
10624831,10508,88.75,848.85,67.85,0.434,4.149,0.332,banana,fresh
10625843,10509,88.60,848.95,67.90,0.433,4.149,0.332,banana,fresh
10626853,10510,88.70,848.95,67.65,0.434,4.149,0.331,banana,fresh
10627865,10511,88.70,848.80,67.85,0.434,4.149,0.332,banana,fresh
10628876,10512,88.70,848.85,67.85,0.434,4.149,0.332,banana,fresh
10629888,10513,88.40,848.95,67.80,0.432,4.149,0.331,banana,fresh
10630898,10514,88.70,848.80,67.80,0.434,4.149,0.331,banana,fresh
10631909,10515,88.70,848.80,67.80,0.434,4.149,0.331,banana,fresh
10632921,10516,88.85,848.90,67.55,0.434,4.149,0.330,banana,fresh
10633931,10517,88.80,848.80,67.75,0.434,4.149,0.331,banana,fresh
10634943,10518,88.80,848.95,67.80,0.434,4.149,0.331,banana,fresh
10635954,10519,88.65,848.90,67.90,0.433,4.149,0.332,banana,fresh
10636965,10520,88.75,848.85,67.75,0.434,4.149,0.331,banana,fresh
10637976,10521,88.70,848.85,67.80,0.434,4.149,0.331,banana,fresh
10638988,10522,88.85,849.00,67.75,0.434,4.150,0.331,banana,fresh
10639998,10523,88.70,848.95,67.80,0.434,4.149,0.331,banana,fresh
10641009,10524,88.95,848.85,67.75,0.435,4.149,0.331,banana,fresh
10642021,10525,88.65,848.95,67.90,0.433,4.149,0.332,banana,fresh
10643032,10526,88.75,848.90,67.70,0.434,4.149,0.331,banana,fresh
10644043,10527,88.90,848.95,67.75,0.435,4.149,0.331,banana,fresh
10645054,10528,88.85,848.85,67.80,0.434,4.149,0.331,banana,fresh
10646066,10529,88.70,848.95,67.90,0.434,4.149,0.332,banana,fresh
10647076,10530,88.75,848.95,67.80,0.434,4.149,0.331,banana,fresh
10648088,10531,88.70,848.95,68.00,0.434,4.149,0.332,banana,fresh
10649099,10532,88.95,848.85,67.75,0.435,4.149,0.331,banana,fresh
10650109,10533,88.80,848.90,67.75,0.434,4.149,0.331,banana,fresh
10651121,10534,88.55,848.95,67.70,0.433,4.149,0.331,banana,fresh
10652132,10535,88.70,849.00,67.80,0.434,4.150,0.331,banana,fresh
10653144,10536,88.90,848.80,67.85,0.435,4.149,0.332,banana,fresh
10654154,10537,88.90,848.90,67.90,0.435,4.149,0.332,banana,fresh
10655166,10538,88.90,848.95,67.85,0.435,4.149,0.332,banana,fresh
10656177,10539,88.80,849.00,67.65,0.434,4.150,0.331,banana,fresh
10657187,10540,88.70,848.90,67.70,0.434,4.149,0.331,banana,fresh
10658199,10541,88.90,848.95,67.65,0.435,4.149,0.331,banana,fresh
10659210,10542,88.90,848.95,67.75,0.435,4.149,0.331,banana,fresh
10660221,10543,88.75,848.95,67.85,0.434,4.149,0.332,banana,fresh
10661232,10544,88.90,848.95,67.75,0.435,4.149,0.331,banana,fresh
10662244,10545,88.85,848.95,67.85,0.434,4.149,0.332,banana,fresh
10663255,10546,88.75,848.95,67.65,0.434,4.149,0.331,banana,fresh
10664266,10547,88.90,848.80,67.85,0.435,4.149,0.332,banana,fresh
10665277,10548,88.75,848.95,67.75,0.434,4.149,0.331,banana,fresh
10666288,10549,88.70,848.95,67.85,0.434,4.149,0.332,banana,fresh
10667299,10550,88.90,848.95,67.75,0.435,4.149,0.331,banana,fresh
10668310,10551,88.95,848.95,67.70,0.435,4.149,0.331,banana,fresh
10669322,10552,88.65,848.95,67.75,0.433,4.149,0.331,banana,fresh
10670332,10553,88.85,849.00,67.70,0.434,4.150,0.331,banana,fresh
10671344,10554,88.75,849.00,67.75,0.434,4.150,0.331,banana,fresh
10672355,10555,88.90,848.95,67.75,0.435,4.149,0.331,banana,fresh
10673366,10556,88.80,849.00,67.70,0.434,4.150,0.331,banana,fresh
10674377,10557,88.70,848.95,67.85,0.434,4.149,0.332,banana,fresh
10675388,10558,88.85,849.00,67.60,0.434,4.150,0.330,banana,fresh
10676400,10559,88.85,849.00,67.85,0.434,4.150,0.332,banana,fresh
10677410,10560,88.75,849.00,67.75,0.434,4.150,0.331,banana,fresh
10678422,10561,88.80,848.90,67.90,0.434,4.149,0.332,banana,fresh
10679433,10562,88.70,849.00,67.80,0.434,4.150,0.331,banana,fresh
10680443,10563,88.75,849.00,67.90,0.434,4.150,0.332,banana,fresh
10681455,10564,88.95,849.00,67.85,0.435,4.150,0.332,banana,fresh
10682466,10565,88.75,849.00,68.00,0.434,4.150,0.332,banana,fresh
10683478,10566,88.85,849.00,67.95,0.434,4.150,0.332,banana,fresh
10684488,10567,88.95,848.95,67.75,0.435,4.149,0.331,banana,fresh
10685500,10568,88.90,849.00,67.80,0.435,4.150,0.331,banana,fresh
10686511,10569,88.65,849.00,67.55,0.433,4.150,0.330,banana,fresh
10687521,10570,88.90,849.00,67.85,0.435,4.150,0.332,banana,fresh
10688533,10571,88.75,849.00,67.85,0.434,4.150,0.332,banana,fresh
10689544,10572,88.75,849.00,67.80,0.434,4.150,0.331,banana,fresh
10690555,10573,88.85,849.00,67.85,0.434,4.150,0.332,banana,fresh
10691566,10574,89.00,849.05,67.85,0.435,4.150,0.332,banana,fresh
10692578,10575,88.95,849.10,67.70,0.435,4.150,0.331,banana,fresh
10693588,10576,88.75,849.00,67.90,0.434,4.150,0.332,banana,fresh
10694599,10577,88.85,849.00,67.80,0.434,4.150,0.331,banana,fresh
10695611,10578,88.75,849.00,68.00,0.434,4.150,0.332,banana,fresh
10696622,10579,88.70,848.95,67.90,0.434,4.149,0.332,banana,fresh
10697633,10580,88.75,849.05,67.80,0.434,4.150,0.331,banana,fresh
10698644,10581,88.95,848.95,67.85,0.435,4.149,0.332,banana,fresh
10699656,10582,88.85,849.00,67.90,0.434,4.150,0.332,banana,fresh
10700666,10583,88.85,849.00,67.95,0.434,4.150,0.332,banana,fresh
10701677,10584,88.90,849.00,67.60,0.435,4.150,0.330,banana,fresh
10702689,10585,88.80,849.00,67.85,0.434,4.150,0.332,banana,fresh
10703699,10586,88.80,849.00,67.80,0.434,4.150,0.331,banana,fresh
10704711,10587,88.90,849.00,67.85,0.435,4.150,0.332,banana,fresh
10705722,10588,88.85,848.95,67.75,0.434,4.149,0.331,banana,fresh
10706734,10589,88.85,848.95,67.90,0.434,4.149,0.332,banana,fresh
10707744,10590,88.90,849.00,67.80,0.435,4.150,0.331,banana,fresh
10708755,10591,88.90,849.00,67.85,0.435,4.150,0.332,banana,fresh
10709767,10592,88.80,849.00,67.95,0.434,4.150,0.332,banana,fresh
10710777,10593,88.80,849.00,67.90,0.434,4.150,0.332,banana,fresh
10711789,10594,88.75,849.05,67.85,0.434,4.150,0.332,banana,fresh
10712800,10595,88.85,849.00,67.70,0.434,4.150,0.331,banana,fresh
10713811,10596,88.75,849.00,67.80,0.434,4.150,0.331,banana,fresh
10714822,10597,88.95,849.00,68.00,0.435,4.150,0.332,banana,fresh
10715833,10598,89.00,849.00,67.80,0.435,4.150,0.331,banana,fresh
10716845,10599,88.80,849.00,67.95,0.434,4.150,0.332,banana,fresh
10717855,10600,88.90,849.05,67.80,0.435,4.150,0.331,banana,fresh
10718867,10601,88.85,849.05,67.75,0.434,4.150,0.331,banana,fresh
10719878,10602,88.80,849.05,67.95,0.434,4.150,0.332,banana,fresh
10720889,10603,88.80,848.95,67.85,0.434,4.149,0.332,banana,fresh
10721900,10604,88.90,849.00,67.90,0.435,4.150,0.332,banana,fresh
10722911,10605,88.80,849.00,67.75,0.434,4.150,0.331,banana,fresh
10723922,10606,88.85,849.00,67.85,0.434,4.150,0.332,banana,fresh
10724933,10607,88.90,849.00,67.85,0.435,4.150,0.332,banana,fresh
10725945,10608,88.90,849.05,67.80,0.435,4.150,0.331,banana,fresh
10726956,10609,89.00,849.00,67.80,0.435,4.150,0.331,banana,fresh
10727967,10610,88.80,849.00,67.95,0.434,4.150,0.332,banana,fresh
10728978,10611,88.95,848.95,67.95,0.435,4.149,0.332,banana,fresh
10729989,10612,88.75,849.00,67.95,0.434,4.150,0.332,banana,fresh
10731000,10613,88.75,849.00,68.00,0.434,4.150,0.332,banana,fresh
10732011,10614,88.95,849.00,67.90,0.435,4.150,0.332,banana,fresh
10733023,10615,88.80,848.95,67.85,0.434,4.149,0.332,banana,fresh
10734033,10616,88.90,849.00,67.90,0.435,4.150,0.332,banana,fresh
10735044,10617,89.00,849.00,67.75,0.435,4.150,0.331,banana,fresh
10736056,10618,88.85,848.95,67.75,0.434,4.149,0.331,banana,fresh
10737067,10619,88.80,849.00,67.85,0.434,4.150,0.332,banana,fresh
10738078,10620,89.00,849.00,67.80,0.435,4.150,0.331,banana,fresh
10739089,10621,88.85,849.00,67.80,0.434,4.150,0.331,banana,fresh
10740101,10622,88.95,849.00,67.75,0.435,4.150,0.331,banana,fresh
10741111,10623,88.85,849.00,67.90,0.434,4.150,0.332,banana,fresh
10742123,10624,88.90,849.00,67.95,0.435,4.150,0.332,banana,fresh
10743134,10625,88.85,849.00,67.90,0.434,4.150,0.332,banana,fresh
10744144,10626,88.95,849.10,67.85,0.435,4.150,0.332,banana,fresh
10745156,10627,88.85,849.00,67.90,0.434,4.150,0.332,banana,fresh
10746167,10628,88.90,849.00,67.80,0.435,4.150,0.331,banana,fresh
10747179,10629,88.85,849.00,67.70,0.434,4.150,0.331,banana,fresh
10748189,10630,88.95,849.05,67.90,0.435,4.150,0.332,banana,fresh
10749200,10631,89.00,849.00,67.90,0.435,4.150,0.332,banana,fresh
10750212,10632,88.95,849.05,67.90,0.435,4.150,0.332,banana,fresh
10751222,10633,89.00,849.00,67.75,0.435,4.150,0.331,banana,fresh
10752234,10634,88.80,849.00,67.90,0.434,4.150,0.332,banana,fresh
10753245,10635,88.90,849.00,67.85,0.435,4.150,0.332,banana,fresh
10754256,10636,88.85,849.00,67.85,0.434,4.150,0.332,banana,fresh
10755267,10637,88.85,849.10,68.00,0.434,4.150,0.332,banana,fresh
10756279,10638,88.95,849.00,68.00,0.435,4.150,0.332,banana,fresh
10757289,10639,88.90,849.00,68.00,0.435,4.150,0.332,banana,fresh
10758300,10640,88.85,849.10,67.95,0.434,4.150,0.332,banana,fresh
10759312,10641,88.80,849.00,68.00,0.434,4.150,0.332,banana,fresh
10760323,10642,88.80,849.05,67.80,0.434,4.150,0.331,banana,fresh
10761334,10643,88.90,849.00,67.95,0.435,4.150,0.332,banana,fresh
10762345,10644,88.90,849.05,67.75,0.435,4.150,0.331,banana,fresh
10763356,10645,88.95,849.05,67.95,0.435,4.150,0.332,banana,fresh
10764367,10646,88.75,849.15,67.80,0.434,4.150,0.331,banana,fresh
10765378,10647,88.80,849.00,67.90,0.434,4.150,0.332,banana,fresh
10766390,10648,88.95,849.00,67.90,0.435,4.150,0.332,banana,fresh
10767400,10649,88.90,849.00,67.85,0.435,4.150,0.332,banana,fresh
10768412,10650,88.85,849.00,67.90,0.434,4.150,0.332,banana,fresh
10769423,10651,88.85,849.05,67.95,0.434,4.150,0.332,banana,fresh
10770435,10652,88.80,849.05,67.75,0.434,4.150,0.331,banana,fresh
10771445,10653,88.80,849.10,67.85,0.434,4.150,0.332,banana,fresh
10772456,10654,88.90,849.10,67.95,0.435,4.150,0.332,banana,fresh
10773468,10655,88.95,849.00,67.90,0.435,4.150,0.332,banana,fresh
10774478,10656,88.90,849.00,67.90,0.435,4.150,0.332,banana,fresh
10775490,10657,88.85,849.05,67.90,0.434,4.150,0.332,banana,fresh
10776501,10658,88.85,849.00,67.85,0.434,4.150,0.332,banana,fresh
10777512,10659,88.90,849.10,67.90,0.435,4.150,0.332,banana,fresh
10778523,10660,88.90,849.05,67.85,0.435,4.150,0.332,banana,fresh
10779534,10661,88.90,849.05,67.80,0.435,4.150,0.331,banana,fresh
10780546,10662,88.95,849.05,67.95,0.435,4.150,0.332,banana,fresh
10781556,10663,88.95,849.00,67.85,0.435,4.150,0.332,banana,fresh
10782568,10664,89.00,849.05,67.85,0.435,4.150,0.332,banana,fresh
10783579,10665,88.95,849.00,67.95,0.435,4.150,0.332,banana,fresh
10784590,10666,88.95,849.00,67.85,0.435,4.150,0.332,banana,fresh
10785601,10667,88.95,849.05,67.95,0.435,4.150,0.332,banana,fresh
10786612,10668,89.00,849.00,67.85,0.435,4.150,0.332,banana,fresh
10787623,10669,88.90,849.10,68.00,0.435,4.150,0.332,banana,fresh
10788634,10670,88.95,849.05,67.90,0.435,4.150,0.332,banana,fresh
10789646,10671,88.90,849.10,67.70,0.435,4.150,0.331,banana,fresh
10790657,10672,89.00,849.05,67.90,0.435,4.150,0.332,banana,fresh
10791668,10673,88.95,849.10,67.95,0.435,4.150,0.332,banana,fresh
10792679,10674,88.90,849.05,67.90,0.435,4.150,0.332,banana,fresh
10793690,10675,88.90,849.00,68.00,0.435,4.150,0.332,banana,fresh
10794701,10676,89.00,849.00,67.95,0.435,4.150,0.332,banana,fresh
10795712,10677,88.95,849.05,67.95,0.435,4.150,0.332,banana,fresh
10796724,10678,89.00,849.10,67.90,0.435,4.150,0.332,banana,fresh
10797734,10679,89.00,849.15,67.90,0.435,4.150,0.332,banana,fresh
10798745,10680,89.00,849.00,67.75,0.435,4.150,0.331,banana,fresh
10799757,10681,89.00,849.10,68.00,0.435,4.150,0.332,banana,fresh
10800768,10682,88.90,849.05,68.00,0.435,4.150,0.332,banana,fresh
10801779,10683,88.85,849.15,68.00,0.434,4.150,0.332,banana,fresh
10802790,10684,89.00,849.15,67.95,0.435,4.150,0.332,banana,fresh
10803802,10685,89.00,849.25,67.90,0.435,4.151,0.332,banana,fresh
10804812,10686,88.95,849.00,67.95,0.435,4.150,0.332,banana,fresh
10805823,10687,88.95,849.00,67.90,0.435,4.150,0.332,banana,fresh
10806835,10688,88.90,849.10,67.95,0.435,4.150,0.332,banana,fresh
10807845,10689,89.00,849.10,67.85,0.435,4.150,0.332,banana,fresh
10808857,10690,89.00,849.05,67.80,0.435,4.150,0.331,banana,fresh
10809868,10691,88.85,849.10,67.90,0.434,4.150,0.332,banana,fresh
10810880,10692,88.90,849.20,67.90,0.435,4.151,0.332,banana,fresh
10811890,10693,89.00,849.10,67.85,0.435,4.150,0.332,banana,fresh
10812901,10694,89.00,849.20,67.90,0.435,4.151,0.332,banana,fresh
10813913,10695,89.00,849.05,67.90,0.435,4.150,0.332,banana,fresh
10814923,10696,88.90,849.05,67.85,0.435,4.150,0.332,banana,fresh
10815935,10697,88.90,849.05,67.90,0.435,4.150,0.332,banana,fresh
10816946,10698,88.95,849.10,68.00,0.435,4.150,0.332,banana,fresh
10817957,10699,89.10,849.05,67.90,0.435,4.150,0.332,banana,fresh
10818968,10700,89.00,849.20,67.85,0.435,4.151,0.332,banana,fresh
10819979,10701,89.00,849.15,67.85,0.435,4.150,0.332,banana,fresh
10820990,10702,88.95,849.05,67.80,0.435,4.150,0.331,banana,fresh
10822001,10703,88.90,849.15,67.95,0.435,4.150,0.332,banana,fresh
10823013,10704,89.00,849.15,67.95,0.435,4.150,0.332,banana,fresh
10824024,10705,88.95,849.15,67.90,0.435,4.150,0.332,banana,fresh
10825035,10706,88.95,849.05,67.90,0.435,4.150,0.332,banana,fresh
10826046,10707,89.00,849.05,67.85,0.435,4.150,0.332,banana,fresh
10827058,10708,89.00,849.10,68.00,0.435,4.150,0.332,banana,fresh
10828068,10709,88.95,849.15,67.95,0.435,4.150,0.332,banana,fresh
10829079,10710,89.00,849.10,67.80,0.435,4.150,0.331,banana,fresh
10830091,10711,89.00,849.10,67.95,0.435,4.150,0.332,banana,fresh
10831101,10712,88.85,849.15,67.90,0.434,4.150,0.332,banana,fresh
10832113,10713,88.95,849.20,67.85,0.435,4.151,0.332,banana,fresh
10833124,10714,89.00,849.05,68.00,0.435,4.150,0.332,banana,fresh
10834136,10715,89.00,849.00,67.90,0.435,4.150,0.332,banana,fresh
10835146,10716,88.95,849.05,67.95,0.435,4.150,0.332,banana,fresh
10836157,10717,88.95,849.10,67.85,0.435,4.150,0.332,banana,fresh
10837169,10718,88.90,849.00,67.90,0.435,4.150,0.332,banana,fresh
10838179,10719,88.90,849.10,67.90,0.435,4.150,0.332,banana,fresh
10839191,10720,88.90,849.15,67.85,0.435,4.150,0.332,banana,fresh
10840202,10721,88.95,849.25,67.95,0.435,4.151,0.332,banana,fresh
10841213,10722,88.90,849.05,67.90,0.435,4.150,0.332,banana,fresh
10842224,10723,88.95,849.10,67.85,0.435,4.150,0.332,banana,fresh
10843235,10724,89.00,849.10,67.95,0.435,4.150,0.332,banana,fresh
10844247,10725,89.00,849.10,67.75,0.435,4.150,0.331,banana,fresh
10845257,10726,89.00,849.15,67.95,0.435,4.150,0.332,banana,fresh
10846269,10727,88.95,849.10,67.80,0.435,4.150,0.331,banana,fresh
10847280,10728,88.90,849.10,68.00,0.435,4.150,0.332,banana,fresh
10848291,10729,89.00,849.10,67.80,0.435,4.150,0.331,banana,fresh
10849302,10730,88.85,849.15,68.00,0.434,4.150,0.332,banana,fresh
10850313,10731,89.00,849.05,68.00,0.435,4.150,0.332,banana,fresh
10851324,10732,88.90,849.20,67.95,0.435,4.151,0.332,banana,fresh
10852335,10733,89.00,849.10,67.95,0.435,4.150,0.332,banana,fresh
10853347,10734,88.95,849.05,67.90,0.435,4.150,0.332,banana,fresh
10854358,10735,88.95,849.05,67.90,0.435,4.150,0.332,banana,fresh
10855369,10736,89.00,849.25,67.85,0.435,4.151,0.332,banana,fresh
10856380,10737,88.90,849.05,67.90,0.435,4.150,0.332,banana,fresh
10857391,10738,89.00,849.15,67.95,0.435,4.150,0.332,banana,fresh
10858402,10739,88.95,849.15,68.00,0.435,4.150,0.332,banana,fresh
10859413,10740,88.90,849.10,67.90,0.435,4.150,0.332,banana,fresh
10860425,10741,88.90,849.15,67.95,0.435,4.150,0.332,banana,fresh
10861435,10742,89.00,849.20,67.85,0.435,4.151,0.332,banana,fresh
10862447,10743,88.90,849.30,67.95,0.435,4.151,0.332,banana,fresh
10863458,10744,88.90,849.15,67.90,0.435,4.150,0.332,banana,fresh
10864468,10745,88.90,849.15,67.75,0.435,4.150,0.331,banana,fresh
10865480,10746,89.00,849.15,67.95,0.435,4.150,0.332,banana,fresh
10866491,10747,88.85,849.10,67.80,0.434,4.150,0.331,banana,fresh
10867503,10748,88.95,849.10,67.90,0.435,4.150,0.332,banana,fresh
10868513,10749,88.95,849.00,67.95,0.435,4.150,0.332,banana,fresh
10869525,10750,88.95,849.10,67.95,0.435,4.150,0.332,banana,fresh
10870536,10751,89.10,849.30,67.95,0.435,4.151,0.332,banana,fresh
10871547,10752,88.95,849.40,67.90,0.435,4.152,0.332,banana,fresh
10872558,10753,88.95,849.40,68.00,0.435,4.152,0.332,banana,fresh
10873569,10754,89.05,849.35,67.85,0.435,4.151,0.332,banana,fresh
10874580,10755,88.90,849.30,67.85,0.435,4.151,0.332,banana,fresh
10875591,10756,89.00,849.20,68.00,0.435,4.151,0.332,banana,fresh
10876603,10757,89.00,849.25,67.90,0.435,4.151,0.332,banana,fresh
10877614,10758,88.95,849.20,67.80,0.435,4.151,0.331,banana,fresh
10878625,10759,89.10,849.25,67.95,0.435,4.151,0.332,banana,fresh
10879636,10760,88.90,849.25,67.90,0.435,4.151,0.332,banana,fresh
10880648,10761,89.00,849.45,67.85,0.435,4.152,0.332,banana,fresh
10881658,10762,88.95,849.15,67.85,0.435,4.150,0.332,banana,fresh
10882669,10763,89.00,849.20,67.95,0.435,4.151,0.332,banana,fresh
10883681,10764,89.00,849.35,67.95,0.435,4.151,0.332,banana,fresh
10884691,10765,89.00,849.20,67.95,0.435,4.151,0.332,banana,fresh
10885703,10766,89.05,849.25,67.90,0.435,4.151,0.332,banana,fresh
10886714,10767,89.00,849.25,67.95,0.435,4.151,0.332,banana,fresh
10887726,10768,88.95,849.15,67.95,0.435,4.150,0.332,banana,fresh
10888736,10769,88.95,849.30,67.90,0.435,4.151,0.332,banana,fresh
10889747,10770,88.95,849.30,67.90,0.435,4.151,0.332,banana,fresh
10890759,10771,89.00,849.30,67.85,0.435,4.151,0.332,banana,fresh
10891769,10772,89.00,849.15,68.00,0.435,4.150,0.332,banana,fresh
10892781,10773,89.00,849.45,67.95,0.435,4.152,0.332,banana,fresh
10893792,10774,89.05,849.15,68.00,0.435,4.150,0.332,banana,fresh
10894803,10775,88.90,849.40,67.90,0.435,4.152,0.332,banana,fresh
10895814,10776,88.95,849.20,68.00,0.435,4.151,0.332,banana,fresh
10896825,10777,89.00,849.30,67.95,0.435,4.151,0.332,banana,fresh
10897837,10778,89.00,849.25,67.90,0.435,4.151,0.332,banana,fresh
10898847,10779,89.00,849.30,67.90,0.435,4.151,0.332,banana,fresh
10899859,10780,89.10,849.20,67.95,0.435,4.151,0.332,banana,fresh
10900870,10781,89.00,849.30,67.85,0.435,4.151,0.332,banana,fresh
10901881,10782,88.95,849.35,68.00,0.435,4.151,0.332,banana,fresh
10902892,10783,88.90,849.20,68.00,0.435,4.151,0.332,banana,fresh
10903903,10784,89.00,849.30,68.00,0.435,4.151,0.332,banana,fresh
10904914,10785,89.00,849.20,67.85,0.435,4.151,0.332,banana,fresh
10905925,10786,89.05,849.25,67.90,0.435,4.151,0.332,banana,fresh
10906937,10787,88.95,849.25,67.85,0.435,4.151,0.332,banana,fresh
10907948,10788,89.00,849.35,68.00,0.435,4.151,0.332,banana,fresh
10908959,10789,89.00,849.30,68.00,0.435,4.151,0.332,banana,fresh
10909970,10790,88.95,849.25,67.95,0.435,4.151,0.332,banana,fresh
10910982,10791,89.10,849.45,67.95,0.435,4.152,0.332,banana,fresh
10911992,10792,89.00,849.45,68.00,0.435,4.152,0.332,banana,fresh
10913003,10793,89.00,849.40,67.95,0.435,4.152,0.332,banana,fresh
10914015,10794,89.00,849.40,67.90,0.435,4.152,0.332,banana,fresh
10915025,10795,89.00,849.45,67.90,0.435,4.152,0.332,banana,fresh
10916037,10796,89.05,849.35,68.00,0.435,4.151,0.332,banana,fresh
10917048,10797,88.95,849.35,67.90,0.435,4.151,0.332,banana,fresh
10918060,10798,88.90,849.15,67.95,0.435,4.150,0.332,banana,fresh
10919070,10799,89.00,849.30,67.90,0.435,4.151,0.332,banana,fresh
10920081,10800,89.00,849.30,68.00,0.435,4.151,0.332,banana,fresh
10921093,10801,88.95,849.20,67.95,0.435,4.151,0.332,banana,fresh
10922103,10802,88.95,849.30,67.95,0.435,4.151,0.332,banana,fresh
10923115,10803,89.00,849.20,67.90,0.435,4.151,0.332,banana,fresh
10924126,10804,89.00,849.45,67.95,0.435,4.152,0.332,banana,fresh
10925137,10805,89.00,849.40,67.90,0.435,4.152,0.332,banana,fresh
10926148,10806,89.00,849.35,67.95,0.435,4.151,0.332,banana,fresh
10927159,10807,89.05,849.25,67.95,0.435,4.151,0.332,banana,fresh
10928171,10808,89.00,849.40,67.95,0.435,4.152,0.332,banana,fresh
10929181,10809,89.00,849.45,68.00,0.435,4.152,0.332,banana,fresh
10930193,10810,89.00,849.35,67.90,0.435,4.151,0.332,banana,fresh
10931204,10811,89.00,849.45,68.00,0.435,4.152,0.332,banana,fresh
10932215,10812,89.00,849.55,67.95,0.435,4.152,0.332,banana,fresh
10933226,10813,89.00,849.30,67.95,0.435,4.151,0.332,banana,fresh
10934237,10814,89.00,849.40,67.90,0.435,4.152,0.332,banana,fresh
10935248,10815,89.00,849.35,67.95,0.435,4.151,0.332,banana,fresh
10936259,10816,89.00,849.50,67.90,0.435,4.152,0.332,banana,fresh
10937271,10817,89.00,849.35,67.95,0.435,4.151,0.332,banana,fresh
10938281,10818,89.00,849.15,67.95,0.435,4.150,0.332,banana,fresh
10939293,10819,89.00,849.35,68.00,0.435,4.151,0.332,banana,fresh
10940304,10820,89.00,849.35,68.00,0.435,4.151,0.332,banana,fresh
10941315,10821,88.90,849.45,67.95,0.435,4.152,0.332,banana,fresh
10942326,10822,89.05,849.45,67.95,0.435,4.152,0.332,banana,fresh
10943337,10823,89.00,849.70,67.95,0.435,4.153,0.332,banana,fresh
10944349,10824,89.00,849.65,67.90,0.435,4.153,0.332,banana,fresh
10945359,10825,89.00,849.45,67.95,0.435,4.152,0.332,banana,fresh
10946371,10826,89.00,849.55,68.00,0.435,4.152,0.332,banana,fresh
10947382,10827,89.00,849.70,68.00,0.435,4.153,0.332,banana,fresh
10948392,10828,89.00,849.60,68.00,0.435,4.152,0.332,banana,fresh
10949404,10829,89.00,849.65,67.95,0.435,4.153,0.332,banana,fresh
10950415,10830,88.90,849.35,68.00,0.435,4.151,0.332,banana,fresh
10951427,10831,88.95,849.55,67.85,0.435,4.152,0.332,banana,fresh
10952437,10832,89.05,849.40,67.95,0.435,4.152,0.332,banana,fresh
10953449,10833,89.05,849.50,67.85,0.435,4.152,0.332,banana,fresh
10954460,10834,89.00,849.45,67.95,0.435,4.152,0.332,banana,fresh
10955470,10835,88.90,849.25,67.95,0.435,4.151,0.332,banana,fresh
10956482,10836,89.00,849.45,67.85,0.435,4.152,0.332,banana,fresh
10957493,10837,89.05,849.55,67.95,0.435,4.152,0.332,banana,fresh
10958504,10838,88.95,849.55,67.90,0.435,4.152,0.332,banana,fresh
10959515,10839,89.00,849.45,67.95,0.435,4.152,0.332,banana,fresh
10960527,10840,89.00,849.70,67.95,0.435,4.153,0.332,banana,fresh
10961538,10841,88.95,849.65,67.95,0.435,4.153,0.332,banana,fresh
10962549,10842,89.05,849.40,67.90,0.435,4.152,0.332,banana,fresh
10963560,10843,89.00,849.75,68.00,0.435,4.153,0.332,banana,fresh
10964571,10844,89.00,849.65,67.95,0.435,4.153,0.332,banana,fresh
10965582,10845,88.95,849.65,68.00,0.435,4.153,0.332,banana,fresh
10966593,10846,89.00,849.60,67.95,0.435,4.152,0.332,banana,fresh
10967605,10847,88.90,849.65,68.00,0.435,4.153,0.332,banana,fresh
10968615,10848,89.00,849.60,67.95,0.435,4.152,0.332,banana,fresh
10969627,10849,89.05,849.55,67.95,0.435,4.152,0.332,banana,fresh
10970638,10850,89.05,849.55,67.95,0.435,4.152,0.332,banana,fresh
10971649,10851,89.05,849.75,68.00,0.435,4.153,0.332,banana,fresh
10972660,10852,89.05,849.65,67.95,0.435,4.153,0.332,banana,fresh
10973671,10853,89.05,849.60,67.95,0.435,4.152,0.332,banana,fresh
10974683,10854,88.90,849.65,67.95,0.435,4.153,0.332,banana,fresh
10975693,10855,89.00,849.50,68.00,0.435,4.152,0.332,banana,fresh
10976705,10856,89.00,849.65,67.95,0.435,4.153,0.332,banana,fresh
10977716,10857,89.00,849.45,68.00,0.435,4.152,0.332,banana,fresh
10978726,10858,89.00,849.60,68.00,0.435,4.152,0.332,banana,fresh
10979738,10859,89.05,849.55,68.00,0.435,4.152,0.332,banana,fresh
10980749,10860,89.10,849.75,68.00,0.435,4.153,0.332,banana,fresh
10981761,10861,89.00,849.60,68.00,0.435,4.152,0.332,banana,fresh
10982771,10862,89.00,849.55,68.00,0.435,4.152,0.332,banana,fresh
10983783,10863,89.00,849.90,68.00,0.435,4.154,0.332,banana,fresh
10984794,10864,89.05,849.45,68.00,0.435,4.152,0.332,banana,fresh
10985804,10865,89.00,849.75,68.00,0.435,4.153,0.332,banana,fresh
10986816,10866,89.00,849.85,68.00,0.435,4.154,0.332,banana,fresh
10987827,10867,89.05,849.50,67.95,0.435,4.152,0.332,banana,fresh
10988838,10868,89.00,849.65,67.95,0.435,4.153,0.332,banana,fresh
10989849,10869,89.00,849.55,67.95,0.435,4.152,0.332,banana,fresh
10990861,10870,89.00,849.50,68.00,0.435,4.152,0.332,banana,fresh
10991872,10871,89.00,849.60,67.95,0.435,4.152,0.332,banana,fresh
10992882,10872,89.05,849.75,67.95,0.435,4.153,0.332,banana,fresh
10993894,10873,89.10,849.55,68.00,0.435,4.152,0.332,banana,fresh
10994905,10874,88.95,849.65,67.95,0.435,4.153,0.332,banana,fresh
10995916,10875,88.95,849.75,67.95,0.435,4.153,0.332,banana,fresh
10996927,10876,88.95,849.60,68.00,0.435,4.152,0.332,banana,fresh
10997939,10877,88.95,849.75,67.95,0.435,4.153,0.332,banana,fresh
10998949,10878,89.00,849.55,67.95,0.435,4.152,0.332,banana,fresh
10999961,10879,89.05,849.70,68.00,0.435,4.153,0.332,banana,fresh
11000972,10880,89.00,849.70,68.00,0.435,4.153,0.332,banana,fresh
11001982,10881,89.05,849.75,67.95,0.435,4.153,0.332,banana,fresh
11002994,10882,89.00,849.75,68.00,0.435,4.153,0.332,banana,fresh
11004005,10883,89.05,849.75,67.90,0.435,4.153,0.332,banana,fresh
11005017,10884,88.95,849.90,67.90,0.435,4.154,0.332,banana,fresh
11006027,10885,89.05,849.70,67.95,0.435,4.153,0.332,banana,fresh
11007038,10886,89.05,849.65,68.00,0.435,4.153,0.332,banana,fresh
11008050,10887,89.00,849.70,68.00,0.435,4.153,0.332,banana,fresh
11009060,10888,89.10,849.70,68.00,0.435,4.153,0.332,banana,fresh
11010072,10889,89.10,849.75,68.00,0.435,4.153,0.332,banana,fresh
11011083,10890,89.00,849.80,68.00,0.435,4.153,0.332,banana,fresh
11012094,10891,89.10,849.75,68.00,0.435,4.153,0.332,banana,fresh
11013105,10892,89.00,849.70,67.95,0.435,4.153,0.332,banana,fresh
11014116,10893,89.15,849.75,68.00,0.436,4.153,0.332,banana,fresh
11015128,10894,89.05,849.65,68.00,0.435,4.153,0.332,banana,fresh
11016138,10895,89.05,849.90,67.95,0.435,4.154,0.332,banana,fresh
11017150,10896,89.05,849.85,68.00,0.435,4.154,0.332,banana,fresh
11018161,10897,89.05,849.80,67.95,0.435,4.153,0.332,banana,fresh
11019172,10898,89.00,849.70,67.90,0.435,4.153,0.332,banana,fresh
11020183,10899,89.00,849.80,68.00,0.435,4.153,0.332,banana,fresh
11021194,10900,89.05,849.70,67.90,0.435,4.153,0.332,banana,fresh
11022205,10901,89.00,849.75,67.95,0.435,4.153,0.332,banana,fresh
11023216,10902,89.00,849.60,67.85,0.435,4.152,0.332,banana,fresh
11024228,10903,89.10,849.80,68.00,0.435,4.153,0.332,banana,fresh
11025239,10904,89.05,849.85,68.00,0.435,4.154,0.332,banana,fresh
11026250,10905,89.00,849.65,68.00,0.435,4.153,0.332,banana,fresh
11027261,10906,89.10,849.85,67.95,0.435,4.154,0.332,banana,fresh
11028273,10907,89.05,849.75,68.00,0.435,4.153,0.332,banana,fresh
11029283,10908,89.05,849.90,68.00,0.435,4.154,0.332,banana,fresh
11030294,10909,89.10,849.70,67.90,0.435,4.153,0.332,banana,fresh
11031306,10910,89.00,849.75,67.95,0.435,4.153,0.332,banana,fresh
11032316,10911,89.00,849.80,67.95,0.435,4.153,0.332,banana,fresh
11033328,10912,89.00,849.85,67.95,0.435,4.154,0.332,banana,fresh
11034339,10913,89.05,849.90,68.00,0.435,4.154,0.332,banana,fresh
11035351,10914,89.05,849.75,68.00,0.435,4.153,0.332,banana,fresh
11036361,10915,89.05,849.80,68.00,0.435,4.153,0.332,banana,fresh
11037372,10916,89.00,849.75,68.00,0.435,4.153,0.332,banana,fresh
11038384,10917,89.10,849.80,68.00,0.435,4.153,0.332,banana,fresh
11039394,10918,89.00,849.95,68.05,0.435,4.154,0.333,banana,fresh
11040406,10919,89.00,849.85,68.00,0.435,4.154,0.332,banana,fresh
11041417,10920,89.05,849.75,68.05,0.435,4.153,0.333,banana,fresh
11042428,10921,89.05,849.80,67.95,0.435,4.153,0.332,banana,fresh
11043439,10922,89.05,849.65,67.95,0.435,4.153,0.332,banana,fresh
11044450,10923,88.95,849.85,68.00,0.435,4.154,0.332,banana,fresh
11045462,10924,89.15,849.90,67.85,0.436,4.154,0.332,banana,fresh
11046472,10925,89.05,849.90,67.95,0.435,4.154,0.332,banana,fresh
11047484,10926,89.10,849.95,68.00,0.435,4.154,0.332,banana,fresh
11048495,10927,89.05,850.00,67.95,0.435,4.154,0.332,banana,fresh
11049506,10928,89.15,849.90,67.95,0.436,4.154,0.332,banana,fresh
11050517,10929,89.15,849.85,67.90,0.436,4.154,0.332,banana,fresh
11051528,10930,89.05,849.70,68.00,0.435,4.153,0.332,banana,fresh
11052539,10931,89.10,849.80,67.95,0.435,4.153,0.332,banana,fresh
11053550,10932,89.10,849.80,67.95,0.435,4.153,0.332,banana,fresh
11054562,10933,89.10,849.80,68.00,0.435,4.153,0.332,banana,fresh
11055572,10934,89.10,849.95,67.95,0.435,4.154,0.332,banana,fresh
11056584,10935,89.10,849.85,68.00,0.435,4.154,0.332,banana,fresh
11057595,10936,89.10,849.90,67.90,0.435,4.154,0.332,banana,fresh
11058606,10937,89.05,849.70,68.00,0.435,4.153,0.332,banana,fresh
11059617,10938,89.10,849.90,67.95,0.435,4.154,0.332,banana,fresh
11060628,10939,89.05,849.75,67.95,0.435,4.153,0.332,banana,fresh
11061640,10940,88.95,849.85,67.90,0.435,4.154,0.332,banana,fresh
11062650,10941,89.15,849.95,68.00,0.436,4.154,0.332,banana,fresh
11063662,10942,89.20,849.75,68.00,0.436,4.153,0.332,banana,fresh
11064673,10943,89.00,849.90,68.00,0.435,4.154,0.332,banana,fresh
11065684,10944,89.05,849.95,67.95,0.435,4.154,0.332,banana,fresh
11066695,10945,89.10,849.90,68.00,0.435,4.154,0.332,banana,fresh
11067706,10946,89.05,849.90,68.00,0.435,4.154,0.332,banana,fresh
11068718,10947,89.05,849.90,68.00,0.435,4.154,0.332,banana,fresh
11069728,10948,89.05,849.95,68.00,0.435,4.154,0.332,banana,fresh
11070740,10949,89.10,849.90,68.00,0.435,4.154,0.332,banana,fresh
11071751,10950,89.10,849.85,67.95,0.435,4.154,0.332,banana,fresh
11072762,10951,89.10,849.95,68.00,0.435,4.154,0.332,banana,fresh
11073773,10952,89.05,849.95,68.00,0.435,4.154,0.332,banana,fresh
11074784,10953,89.25,849.85,68.00,0.436,4.154,0.332,banana,fresh
11075795,10954,89.15,849.90,68.00,0.436,4.154,0.332,banana,fresh
11076806,10955,89.10,849.85,68.00,0.435,4.154,0.332,banana,fresh
11077818,10956,89.15,849.90,67.95,0.436,4.154,0.332,banana,fresh
11078829,10957,89.15,849.90,68.00,0.436,4.154,0.332,banana,fresh
11079840,10958,89.30,849.90,68.00,0.436,4.154,0.332,banana,fresh
11080851,10959,89.00,849.90,67.95,0.435,4.154,0.332,banana,fresh
11081862,10960,89.05,849.85,67.95,0.435,4.154,0.332,banana,fresh
11082873,10961,89.10,849.95,68.00,0.435,4.154,0.332,banana,fresh
11083884,10962,89.05,849.90,68.00,0.435,4.154,0.332,banana,fresh
11084896,10963,89.25,849.90,67.95,0.436,4.154,0.332,banana,fresh
11085906,10964,89.00,849.95,67.95,0.435,4.154,0.332,banana,fresh
11086918,10965,89.15,849.85,68.00,0.436,4.154,0.332,banana,fresh
11087929,10966,89.15,849.95,68.00,0.436,4.154,0.332,banana,fresh
11088940,10967,89.00,850.00,67.95,0.435,4.154,0.332,banana,fresh
11089951,10968,89.20,849.85,67.95,0.436,4.154,0.332,banana,fresh
11090962,10969,89.35,850.00,68.00,0.437,4.154,0.332,banana,fresh
11091974,10970,89.20,849.95,68.00,0.436,4.154,0.332,banana,fresh
11092984,10971,89.05,849.85,68.00,0.435,4.154,0.332,banana,fresh
11093996,10972,89.10,849.95,68.00,0.435,4.154,0.332,banana,fresh
11095007,10973,89.10,849.95,68.00,0.435,4.154,0.332,banana,fresh
11096017,10974,89.10,849.90,68.00,0.435,4.154,0.332,banana,fresh
11097029,10975,89.15,849.95,68.00,0.436,4.154,0.332,banana,fresh
11098040,10976,89.25,850.00,68.00,0.436,4.154,0.332,banana,fresh
11099052,10977,89.15,849.95,68.05,0.436,4.154,0.333,banana,fresh
11100062,10978,89.05,849.95,68.00,0.435,4.154,0.332,banana,fresh
11101074,10979,89.10,849.95,68.05,0.435,4.154,0.333,banana,fresh
11102085,10980,89.20,850.00,68.00,0.436,4.154,0.332,banana,fresh
11103095,10981,89.25,849.90,68.00,0.436,4.154,0.332,banana,fresh
11104107,10982,89.20,849.95,68.00,0.436,4.154,0.332,banana,fresh
11105118,10983,89.20,849.90,68.00,0.436,4.154,0.332,banana,fresh
11106129,10984,89.05,849.95,67.90,0.435,4.154,0.332,banana,fresh
11107140,10985,89.15,849.95,67.90,0.436,4.154,0.332,banana,fresh
11108152,10986,89.35,850.00,68.00,0.437,4.154,0.332,banana,fresh
11109163,10987,89.30,849.95,68.00,0.436,4.154,0.332,banana,fresh
11110173,10988,89.20,850.00,68.00,0.436,4.154,0.332,banana,fresh
11111185,10989,89.15,850.00,68.05,0.436,4.154,0.333,banana,fresh
11112196,10990,89.20,849.90,67.95,0.436,4.154,0.332,banana,fresh
11113207,10991,89.25,849.90,68.00,0.436,4.154,0.332,banana,fresh
11114218,10992,89.25,849.95,67.95,0.436,4.154,0.332,banana,fresh
11115230,10993,89.25,849.95,68.00,0.436,4.154,0.332,banana,fresh
11116240,10994,89.25,850.00,67.90,0.436,4.154,0.332,banana,fresh
11117252,10995,89.15,849.90,68.00,0.436,4.154,0.332,banana,fresh
11118263,10996,89.10,850.00,68.00,0.435,4.154,0.332,banana,fresh
11119273,10997,89.20,849.95,67.95,0.436,4.154,0.332,banana,fresh
11120285,10998,89.20,849.95,67.95,0.436,4.154,0.332,banana,fresh
11121296,10999,89.20,849.85,68.00,0.436,4.154,0.332,banana,fresh
11122308,11000,89.40,849.95,68.00,0.437,4.154,0.332,banana,fresh
11123318,11001,89.30,849.95,68.00,0.436,4.154,0.332,banana,fresh
11124330,11002,89.20,850.00,68.00,0.436,4.154,0.332,banana,fresh
11125341,11003,89.25,850.00,67.95,0.436,4.154,0.332,banana,fresh
11126351,11004,89.35,850.00,68.00,0.437,4.154,0.332,banana,fresh
11127363,11005,89.15,850.00,68.05,0.436,4.154,0.333,banana,fresh
11128374,11006,89.40,849.85,68.05,0.437,4.154,0.333,banana,fresh
11129385,11007,89.30,850.00,68.00,0.436,4.154,0.332,banana,fresh
11130396,11008,89.40,850.00,68.00,0.437,4.154,0.332,banana,fresh
11131408,11009,89.40,850.00,68.00,0.437,4.154,0.332,banana,fresh
11132419,11010,89.35,850.00,68.00,0.437,4.154,0.332,banana,fresh
11133429,11011,89.25,850.00,68.00,0.436,4.154,0.332,banana,fresh
11134441,11012,89.60,850.00,68.00,0.438,4.154,0.332,banana,fresh
11135452,11013,89.30,849.95,68.00,0.436,4.154,0.332,banana,fresh
11136463,11014,89.30,850.00,68.00,0.436,4.154,0.332,banana,fresh
11137474,11015,89.25,849.95,68.05,0.436,4.154,0.333,banana,fresh
11138486,11016,89.40,849.90,68.00,0.437,4.154,0.332,banana,fresh
11139496,11017,89.30,850.00,68.00,0.436,4.154,0.332,banana,fresh
11140507,11018,89.50,849.95,68.00,0.437,4.154,0.332,banana,fresh
11141519,11019,89.20,850.00,68.00,0.436,4.154,0.332,banana,fresh
11142530,11020,89.25,849.95,68.00,0.436,4.154,0.332,banana,fresh
11143541,11021,89.35,850.00,67.95,0.437,4.154,0.332,banana,fresh
11144552,11022,89.35,850.00,68.00,0.437,4.154,0.332,banana,fresh
11145563,11023,89.50,850.00,68.05,0.437,4.154,0.333,banana,fresh
11146574,11024,89.30,850.00,68.00,0.436,4.154,0.332,banana,fresh
11147585,11025,89.45,849.95,68.05,0.437,4.154,0.333,banana,fresh
11148597,11026,89.25,849.90,67.95,0.436,4.154,0.332,banana,fresh
11149607,11027,89.25,850.00,68.00,0.436,4.154,0.332,banana,fresh
11150619,11028,89.30,850.00,68.15,0.436,4.154,0.333,banana,fresh
11151630,11029,89.40,850.00,68.00,0.437,4.154,0.332,banana,fresh
11152641,11030,89.45,850.00,68.00,0.437,4.154,0.332,banana,fresh
11153652,11031,89.30,850.00,68.00,0.436,4.154,0.332,banana,fresh
11154663,11032,89.55,850.00,68.00,0.438,4.154,0.332,banana,fresh
11155675,11033,89.25,850.00,68.00,0.436,4.154,0.332,banana,fresh
11156685,11034,89.35,849.90,68.00,0.437,4.154,0.332,banana,fresh
11157697,11035,89.55,850.00,68.00,0.438,4.154,0.332,banana,fresh
11158708,11036,89.05,850.00,68.05,0.435,4.154,0.333,banana,fresh
11159718,11037,89.25,849.95,68.10,0.436,4.154,0.333,banana,fresh
11160730,11038,89.45,849.95,68.00,0.437,4.154,0.332,banana,fresh
11161741,11039,89.35,849.95,68.00,0.437,4.154,0.332,banana,fresh
11162753,11040,89.30,849.90,68.10,0.436,4.154,0.333,banana,fresh
11163763,11041,89.30,850.00,68.10,0.436,4.154,0.333,banana,fresh
11164775,11042,89.40,850.00,68.00,0.437,4.154,0.332,banana,fresh
11165786,11043,89.35,850.00,68.00,0.437,4.154,0.332,banana,fresh
11166796,11044,89.30,849.95,68.00,0.436,4.154,0.332,banana,fresh
11167808,11045,89.55,850.00,68.05,0.438,4.154,0.333,banana,fresh
11168819,11046,89.30,850.00,68.00,0.436,4.154,0.332,banana,fresh
11169830,11047,89.45,850.00,68.00,0.437,4.154,0.332,banana,fresh
11170841,11048,89.45,850.00,68.05,0.437,4.154,0.333,banana,fresh
11171853,11049,89.45,850.00,68.05,0.437,4.154,0.333,banana,fresh
11172864,11050,89.40,850.00,68.10,0.437,4.154,0.333,banana,fresh
11173874,11051,89.45,850.00,68.05,0.437,4.154,0.333,banana,fresh
11174886,11052,89.25,850.00,68.10,0.436,4.154,0.333,banana,fresh
11175897,11053,89.60,850.00,68.05,0.438,4.154,0.333,banana,fresh
11176908,11054,89.50,850.00,68.00,0.437,4.154,0.332,banana,fresh
11177919,11055,89.55,850.00,68.10,0.438,4.154,0.333,banana,fresh
11178931,11056,89.45,850.00,68.05,0.437,4.154,0.333,banana,fresh
11179941,11057,89.60,850.00,68.05,0.438,4.154,0.333,banana,fresh
11180952,11058,89.55,850.00,68.05,0.438,4.154,0.333,banana,fresh
11181964,11059,89.40,850.00,68.10,0.437,4.154,0.333,banana,fresh
11182974,11060,89.70,850.00,68.00,0.438,4.154,0.332,banana,fresh
11183986,11061,89.40,850.00,68.05,0.437,4.154,0.333,banana,fresh
11184997,11062,89.55,850.00,68.00,0.438,4.154,0.332,banana,fresh
11186009,11063,89.55,850.00,68.10,0.438,4.154,0.333,banana,fresh
11187019,11064,89.45,850.00,68.05,0.437,4.154,0.333,banana,fresh
11188030,11065,89.30,850.00,68.05,0.436,4.154,0.333,banana,fresh
11189042,11066,89.35,850.00,68.10,0.437,4.154,0.333,banana,fresh
11190052,11067,89.50,850.00,68.15,0.437,4.154,0.333,banana,fresh
11191064,11068,89.70,850.00,68.05,0.438,4.154,0.333,banana,fresh
11192075,11069,89.50,850.00,68.05,0.437,4.154,0.333,banana,fresh
11193086,11070,89.40,850.00,68.05,0.437,4.154,0.333,banana,fresh
11194097,11071,89.60,850.05,68.05,0.438,4.155,0.333,banana,fresh
11195108,11072,89.60,850.00,68.05,0.438,4.154,0.333,banana,fresh
11196120,11073,89.65,850.00,68.10,0.438,4.154,0.333,banana,fresh
11197130,11074,89.35,850.00,68.00,0.437,4.154,0.332,banana,fresh
11198142,11075,89.55,850.00,68.00,0.438,4.154,0.332,banana,fresh
11199153,11076,89.70,850.00,68.00,0.438,4.154,0.332,banana,fresh
11200164,11077,89.70,850.05,68.05,0.438,4.155,0.333,banana,fresh
11201175,11078,89.55,850.00,68.15,0.438,4.154,0.333,banana,fresh
11202186,11079,89.50,850.00,68.00,0.437,4.154,0.332,banana,fresh
11203197,11080,89.75,850.00,68.10,0.439,4.154,0.333,banana,fresh
11204208,11081,89.60,850.00,68.05,0.438,4.154,0.333,banana,fresh
11205220,11082,89.50,850.00,68.05,0.437,4.154,0.333,banana,fresh
11206231,11083,89.60,850.00,68.00,0.438,4.154,0.332,banana,fresh
11207241,11084,89.65,850.00,68.10,0.438,4.154,0.333,banana,fresh
11208253,11085,89.75,850.05,68.15,0.439,4.155,0.333,banana,fresh
11209264,11086,89.65,850.00,68.05,0.438,4.154,0.333,banana,fresh
11210275,11087,89.90,850.00,68.20,0.439,4.154,0.333,banana,fresh
11211286,11088,89.45,850.00,68.00,0.437,4.154,0.332,banana,fresh
11212298,11089,89.65,850.00,68.05,0.438,4.154,0.333,banana,fresh
11213308,11090,89.55,850.05,68.00,0.438,4.155,0.332,banana,fresh
11214319,11091,89.75,850.05,68.10,0.439,4.155,0.333,banana,fresh
11215331,11092,89.40,850.00,68.05,0.437,4.154,0.333,banana,fresh
11216342,11093,89.70,850.00,68.10,0.438,4.154,0.333,banana,fresh
11217353,11094,89.80,850.05,68.05,0.439,4.155,0.333,banana,fresh
11218364,11095,89.70,850.00,68.05,0.438,4.154,0.333,banana,fresh
11219376,11096,89.65,850.00,68.10,0.438,4.154,0.333,banana,fresh
11220386,11097,89.60,850.00,68.05,0.438,4.154,0.333,banana,fresh
11221397,11098,89.75,850.00,68.00,0.439,4.154,0.332,banana,fresh
11222409,11099,89.75,850.00,68.10,0.439,4.154,0.333,banana,fresh
11223419,11100,89.65,850.00,68.05,0.438,4.154,0.333,banana,fresh
11224431,11101,89.70,850.05,68.10,0.438,4.155,0.333,banana,fresh
11225442,11102,89.60,850.00,68.20,0.438,4.154,0.333,banana,fresh
11226454,11103,89.80,850.05,68.20,0.439,4.155,0.333,banana,fresh
11227464,11104,89.75,850.00,68.10,0.439,4.154,0.333,banana,fresh
11228475,11105,89.60,850.00,68.05,0.438,4.154,0.333,banana,fresh
11229487,11106,89.65,850.00,68.25,0.438,4.154,0.334,banana,fresh
11230497,11107,89.70,850.00,68.30,0.438,4.154,0.334,banana,fresh
11231509,11108,89.55,850.00,68.30,0.438,4.154,0.334,banana,fresh
11232520,11109,89.55,850.00,68.10,0.438,4.154,0.333,banana,fresh
11233530,11110,89.75,850.00,68.00,0.439,4.154,0.332,banana,fresh
11234542,11111,89.75,850.05,68.00,0.439,4.155,0.332,banana,fresh
11235553,11112,89.80,850.00,68.15,0.439,4.154,0.333,banana,fresh
11236564,11113,89.85,850.00,68.10,0.439,4.154,0.333,banana,fresh
11237575,11114,89.65,850.00,68.05,0.438,4.154,0.333,banana,fresh
11238587,11115,89.75,850.00,68.20,0.439,4.154,0.333,banana,fresh
11239598,11116,89.65,850.05,68.10,0.438,4.155,0.333,banana,fresh
11240609,11117,89.70,850.00,68.05,0.438,4.154,0.333,banana,fresh
11241620,11118,89.75,850.00,68.05,0.439,4.154,0.333,banana,fresh
11242631,11119,89.85,850.00,68.15,0.439,4.154,0.333,banana,fresh
11243642,11120,89.80,850.00,68.10,0.439,4.154,0.333,banana,fresh
11244653,11121,89.70,850.00,68.00,0.438,4.154,0.332,banana,fresh
11245665,11122,89.65,850.00,68.05,0.438,4.154,0.333,banana,fresh
11246675,11123,89.90,850.05,68.10,0.439,4.155,0.333,banana,fresh
11247687,11124,89.80,850.00,68.20,0.439,4.154,0.333,banana,fresh
11248698,11125,89.60,850.00,68.20,0.438,4.154,0.333,banana,fresh
11249709,11126,89.60,850.00,68.10,0.438,4.154,0.333,banana,fresh
11250720,11127,89.65,850.00,68.25,0.438,4.154,0.334,banana,fresh
11251731,11128,89.80,850.00,68.30,0.439,4.154,0.334,banana,fresh
11252743,11129,89.85,850.00,68.35,0.439,4.154,0.334,banana,fresh
11253753,11130,89.80,850.00,68.10,0.439,4.154,0.333,banana,fresh
11254765,11131,89.65,850.05,68.25,0.438,4.155,0.334,banana,fresh
11255776,11132,89.85,850.00,68.15,0.439,4.154,0.333,banana,fresh
11256786,11133,89.75,850.00,68.05,0.439,4.154,0.333,banana,fresh
11257798,11134,89.80,850.00,68.15,0.439,4.154,0.333,banana,fresh
11258809,11135,89.90,850.00,68.10,0.439,4.154,0.333,banana,fresh
11259821,11136,89.70,850.05,68.15,0.438,4.155,0.333,banana,fresh
11260831,11137,89.90,850.00,68.10,0.439,4.154,0.333,banana,fresh
11261843,11138,89.70,850.00,68.10,0.438,4.154,0.333,banana,fresh
11262854,11139,89.70,850.00,68.05,0.438,4.154,0.333,banana,fresh
11263864,11140,89.95,850.00,68.15,0.440,4.154,0.333,banana,fresh
11264876,11141,89.90,850.00,68.15,0.439,4.154,0.333,banana,fresh
11265887,11142,89.60,850.00,68.25,0.438,4.154,0.334,banana,fresh
11266898,11143,89.90,850.00,68.10,0.439,4.154,0.333,banana,fresh
11267909,11144,89.85,850.00,68.10,0.439,4.154,0.333,banana,fresh
11268921,11145,89.75,850.00,68.20,0.439,4.154,0.333,banana,fresh
11269932,11146,89.85,850.00,68.30,0.439,4.154,0.334,banana,fresh
11270942,11147,89.85,850.00,68.10,0.439,4.154,0.333,banana,fresh
11271954,11148,89.90,849.95,68.15,0.439,4.154,0.333,banana,fresh
11272965,11149,89.90,850.00,68.20,0.439,4.154,0.333,banana,fresh
11273976,11150,89.80,850.00,68.10,0.439,4.154,0.333,banana,fresh
11274987,11151,89.90,850.00,68.15,0.439,4.154,0.333,banana,fresh
11275999,11152,89.80,850.00,68.10,0.439,4.154,0.333,banana,fresh
11277009,11153,89.95,850.00,68.25,0.440,4.154,0.334,banana,fresh
11278020,11154,89.90,850.00,68.15,0.439,4.154,0.333,banana,fresh
11279032,11155,89.90,850.00,68.10,0.439,4.154,0.333,banana,fresh
11280043,11156,89.95,850.05,68.30,0.440,4.155,0.334,banana,fresh
11281054,11157,89.95,850.00,68.10,0.440,4.154,0.333,banana,fresh
11282065,11158,89.95,850.00,68.15,0.440,4.154,0.333,banana,fresh
11283077,11159,89.85,850.00,68.15,0.439,4.154,0.333,banana,fresh
11284087,11160,89.80,850.05,68.20,0.439,4.155,0.333,banana,fresh
11285098,11161,89.80,850.00,68.25,0.439,4.154,0.334,banana,fresh
11286110,11162,89.95,850.00,68.35,0.440,4.154,0.334,banana,fresh
11287120,11163,89.95,850.05,68.20,0.440,4.155,0.333,banana,fresh
11288132,11164,90.00,850.00,68.15,0.440,4.154,0.333,banana,fresh
11289143,11165,89.85,850.00,68.25,0.439,4.154,0.334,banana,fresh
11290155,11166,90.00,850.00,68.15,0.440,4.154,0.333,banana,fresh
11291165,11167,89.95,850.00,68.25,0.440,4.154,0.334,banana,fresh
11292176,11168,90.00,850.05,68.15,0.440,4.155,0.333,banana,fresh
11293188,11169,89.90,850.00,68.15,0.439,4.154,0.333,banana,fresh
11294198,11170,89.90,850.00,68.35,0.439,4.154,0.334,banana,fresh
11295210,11171,89.90,850.00,68.10,0.439,4.154,0.333,banana,fresh
11296221,11172,89.85,850.00,68.30,0.439,4.154,0.334,banana,fresh
11297231,11173,89.95,850.00,68.20,0.440,4.154,0.333,banana,fresh
11298243,11174,90.00,850.00,68.10,0.440,4.154,0.333,banana,fresh
11299254,11175,90.00,850.00,68.30,0.440,4.154,0.334,banana,fresh
11300265,11176,89.95,850.00,68.30,0.440,4.154,0.334,banana,fresh
11301276,11177,90.00,850.00,68.05,0.440,4.154,0.333,banana,fresh
11302288,11178,89.90,850.00,68.20,0.439,4.154,0.333,banana,fresh
11303299,11179,89.95,850.00,68.25,0.440,4.154,0.334,banana,fresh
11304309,11180,89.85,850.00,68.15,0.439,4.154,0.333,banana,fresh
11305321,11181,89.95,850.00,68.20,0.440,4.154,0.333,banana,fresh
11306332,11182,89.95,850.00,68.15,0.440,4.154,0.333,banana,fresh
11307343,11183,90.00,850.00,68.25,0.440,4.154,0.334,banana,fresh
11308354,11184,90.05,850.00,68.10,0.440,4.154,0.333,banana,fresh
11309365,11185,90.00,850.00,68.15,0.440,4.154,0.333,banana,fresh
11310376,11186,90.00,850.00,68.35,0.440,4.154,0.334,banana,fresh
11311387,11187,90.00,850.00,68.40,0.440,4.154,0.334,banana,fresh
11312399,11188,89.85,850.05,68.15,0.439,4.155,0.333,banana,fresh
11313410,11189,89.95,850.00,68.20,0.440,4.154,0.333,banana,fresh
11314421,11190,89.90,850.00,68.25,0.439,4.154,0.334,banana,fresh
11315432,11191,90.00,850.00,68.05,0.440,4.154,0.333,banana,fresh
11316443,11192,89.90,850.00,68.25,0.439,4.154,0.334,banana,fresh
11317454,11193,89.90,850.00,68.25,0.439,4.154,0.334,banana,fresh
11318465,11194,90.00,850.05,68.05,0.440,4.155,0.333,banana,fresh
11319477,11195,90.00,850.00,68.25,0.440,4.154,0.334,banana,fresh
11320487,11196,89.95,850.00,68.30,0.440,4.154,0.334,banana,fresh
11321499,11197,90.00,850.05,68.10,0.440,4.155,0.333,banana,fresh
11322510,11198,89.95,850.05,68.20,0.440,4.155,0.333,banana,fresh
11323521,11199,89.85,850.05,68.30,0.439,4.155,0.334,banana,fresh
11324532,11200,90.00,850.05,68.25,0.440,4.155,0.334,banana,fresh
11325543,11201,89.95,850.00,68.30,0.440,4.154,0.334,banana,fresh
11326555,11202,89.95,850.05,68.15,0.440,4.155,0.333,banana,fresh
11327565,11203,89.95,850.00,68.25,0.440,4.154,0.334,banana,fresh
11328577,11204,90.00,850.05,68.25,0.440,4.155,0.334,banana,fresh
11329588,11205,89.95,850.00,68.15,0.440,4.154,0.333,banana,fresh
11330598,11206,90.00,850.00,68.15,0.440,4.154,0.333,banana,fresh
11331610,11207,90.00,850.00,68.20,0.440,4.154,0.333,banana,fresh
11332621,11208,90.00,850.05,68.25,0.440,4.155,0.334,banana,fresh
11333633,11209,90.00,850.00,68.10,0.440,4.154,0.333,banana,fresh
11334643,11210,89.85,849.95,68.15,0.439,4.154,0.333,banana,fresh
11335655,11211,89.95,850.00,68.15,0.440,4.154,0.333,banana,fresh
11336666,11212,90.00,850.00,68.25,0.440,4.154,0.334,banana,fresh
11337676,11213,90.05,850.00,68.20,0.440,4.154,0.333,banana,fresh
11338688,11214,89.95,850.05,68.35,0.440,4.155,0.334,banana,fresh
11339699,11215,90.00,850.00,68.30,0.440,4.154,0.334,banana,fresh
11340710,11216,90.00,850.00,68.20,0.440,4.154,0.333,banana,fresh
11341721,11217,89.90,850.05,68.05,0.439,4.155,0.333,banana,fresh
11342732,11218,89.95,850.00,68.15,0.440,4.154,0.333,banana,fresh
11343744,11219,90.00,850.00,68.20,0.440,4.154,0.333,banana,fresh
11344754,11220,90.00,850.00,68.20,0.440,4.154,0.333,banana,fresh
11345766,11221,90.00,850.05,68.40,0.440,4.155,0.334,banana,fresh
11346777,11222,90.00,850.00,68.15,0.440,4.154,0.333,banana,fresh
11347788,11223,90.00,850.00,68.20,0.440,4.154,0.333,banana,fresh
11348799,11224,89.90,850.00,68.15,0.439,4.154,0.333,banana,fresh
11349810,11225,90.00,850.00,68.30,0.440,4.154,0.334,banana,fresh
11350821,11226,90.00,850.00,68.10,0.440,4.154,0.333,banana,fresh
11351832,11227,90.00,850.00,68.35,0.440,4.154,0.334,banana,fresh
11352844,11228,90.05,850.00,68.20,0.440,4.154,0.333,banana,fresh
11353854,11229,90.00,850.00,68.35,0.440,4.154,0.334,banana,fresh
11354866,11230,90.00,850.00,68.35,0.440,4.154,0.334,banana,fresh
11355877,11231,89.95,850.00,68.25,0.440,4.154,0.334,banana,fresh
11356888,11232,90.00,850.00,68.35,0.440,4.154,0.334,banana,fresh
11357899,11233,89.85,850.05,68.20,0.439,4.155,0.333,banana,fresh
11358910,11234,90.00,850.00,68.35,0.440,4.154,0.334,banana,fresh
11359922,11235,89.95,850.00,68.30,0.440,4.154,0.334,banana,fresh
11360932,11236,90.05,850.00,68.40,0.440,4.154,0.334,banana,fresh
11361944,11237,90.00,850.05,68.20,0.440,4.155,0.333,banana,fresh
11362955,11238,89.95,850.05,68.30,0.440,4.155,0.334,banana,fresh
11363965,11239,90.00,850.00,68.25,0.440,4.154,0.334,banana,fresh
11364977,11240,90.00,850.00,68.30,0.440,4.154,0.334,banana,fresh
11365988,11241,89.95,850.00,68.35,0.440,4.154,0.334,banana,fresh
11367000,11242,90.00,850.00,68.35,0.440,4.154,0.334,banana,fresh
11368010,11243,89.95,850.00,68.40,0.440,4.154,0.334,banana,fresh
11369021,11244,89.95,850.00,68.30,0.440,4.154,0.334,banana,fresh
11370033,11245,89.95,850.00,68.30,0.440,4.154,0.334,banana,fresh
11371043,11246,90.00,850.00,68.40,0.440,4.154,0.334,banana,fresh
11372055,11247,90.00,850.00,68.20,0.440,4.154,0.333,banana,fresh
11373066,11248,90.00,850.00,68.25,0.440,4.154,0.334,banana,fresh
11374077,11249,90.05,850.00,68.30,0.440,4.154,0.334,banana,fresh
11375088,11250,90.00,850.00,68.40,0.440,4.154,0.334,banana,fresh
11376099,11251,90.00,850.05,68.30,0.440,4.155,0.334,banana,fresh
11377111,11252,90.05,850.00,68.25,0.440,4.154,0.334,banana,fresh
11378121,11253,90.00,850.00,68.55,0.440,4.154,0.335,banana,fresh
11379133,11254,90.00,850.00,68.50,0.440,4.154,0.335,banana,fresh
11380144,11255,90.00,850.00,68.45,0.440,4.154,0.335,banana,fresh
11381155,11256,90.05,850.00,68.40,0.440,4.154,0.334,banana,fresh
11382166,11257,90.00,850.00,68.40,0.440,4.154,0.334,banana,fresh
11383177,11258,90.10,850.05,68.35,0.440,4.155,0.334,banana,fresh
11384188,11259,90.00,850.00,68.20,0.440,4.154,0.333,banana,fresh
11385199,11260,90.00,850.00,68.25,0.440,4.154,0.334,banana,fresh
11386211,11261,90.00,850.00,68.55,0.440,4.154,0.335,banana,fresh
11387222,11262,90.00,850.05,68.45,0.440,4.155,0.335,banana,fresh
11388233,11263,90.00,850.00,68.55,0.440,4.154,0.335,banana,fresh
11389244,11264,90.00,850.00,68.45,0.440,4.154,0.335,banana,fresh
11390255,11265,90.00,850.00,68.55,0.440,4.154,0.335,banana,fresh
11391266,11266,90.00,850.05,68.45,0.440,4.155,0.335,banana,fresh
11392277,11267,90.00,850.00,68.25,0.440,4.154,0.334,banana,fresh
11393289,11268,90.00,850.00,68.30,0.440,4.154,0.334,banana,fresh
11394299,11269,90.00,850.00,68.30,0.440,4.154,0.334,banana,fresh
11395310,11270,90.00,850.00,68.25,0.440,4.154,0.334,banana,fresh
11396322,11271,90.00,850.00,68.45,0.440,4.154,0.335,banana,fresh
11397332,11272,90.00,850.00,68.55,0.440,4.154,0.335,banana,fresh
11398344,11273,90.00,850.00,68.35,0.440,4.154,0.334,banana,fresh
11399355,11274,90.00,850.05,68.35,0.440,4.155,0.334,banana,fresh
11400367,11275,90.00,850.00,68.55,0.440,4.154,0.335,banana,fresh
11401377,11276,90.10,850.00,68.25,0.440,4.154,0.334,banana,fresh
11402388,11277,90.00,850.00,68.30,0.440,4.154,0.334,banana,fresh
11403400,11278,90.00,850.00,68.40,0.440,4.154,0.334,banana,fresh
11404410,11279,90.00,850.00,68.50,0.440,4.154,0.335,banana,fresh
11405422,11280,89.95,850.00,68.45,0.440,4.154,0.335,banana,fresh
11406433,11281,90.05,850.00,68.45,0.440,4.154,0.335,banana,fresh
11407443,11282,90.10,850.00,68.40,0.440,4.154,0.334,banana,fresh
11408455,11283,90.05,850.00,68.40,0.440,4.154,0.334,banana,fresh
11409466,11284,90.00,850.05,68.20,0.440,4.155,0.333,banana,fresh
11410478,11285,90.00,850.15,68.40,0.440,4.155,0.334,banana,fresh
11411488,11286,90.05,850.05,68.45,0.440,4.155,0.335,banana,fresh
11412500,11287,90.05,850.00,68.40,0.440,4.154,0.334,banana,fresh
11413511,11288,90.10,850.05,68.30,0.440,4.155,0.334,banana,fresh
11414521,11289,90.05,850.00,68.30,0.440,4.154,0.334,banana,fresh
11415533,11290,90.05,850.00,68.40,0.440,4.154,0.334,banana,fresh
11416544,11291,90.05,850.00,68.55,0.440,4.154,0.335,banana,fresh
11417555,11292,90.00,850.00,68.45,0.440,4.154,0.335,banana,fresh
11418566,11293,90.00,850.05,68.50,0.440,4.155,0.335,banana,fresh
11419578,11294,90.05,850.05,68.35,0.440,4.155,0.334,banana,fresh
11420589,11295,90.05,850.00,68.55,0.440,4.154,0.335,banana,fresh
11421599,11296,90.00,850.00,68.35,0.440,4.154,0.334,banana,fresh
11422611,11297,90.05,850.00,68.35,0.440,4.154,0.334,banana,fresh
11423622,11298,90.05,850.00,68.65,0.440,4.154,0.336,banana,fresh
11424633,11299,90.00,850.00,68.60,0.440,4.154,0.335,banana,fresh
11425644,11300,90.10,850.05,68.40,0.440,4.155,0.334,banana,fresh
11426656,11301,90.00,850.05,68.55,0.440,4.155,0.335,banana,fresh
11427666,11302,90.05,850.00,68.40,0.440,4.154,0.334,banana,fresh
11428677,11303,90.05,850.00,68.35,0.440,4.154,0.334,banana,fresh
11429689,11304,90.10,850.00,68.55,0.440,4.154,0.335,banana,fresh
11430700,11305,90.00,850.00,68.60,0.440,4.154,0.335,banana,fresh
11431711,11306,90.05,850.05,68.15,0.440,4.155,0.333,banana,fresh
11432722,11307,90.10,850.05,68.45,0.440,4.155,0.335,banana,fresh
11433733,11308,90.00,850.00,68.60,0.440,4.154,0.335,banana,fresh
11434744,11309,90.10,850.05,68.55,0.440,4.155,0.335,banana,fresh
11435755,11310,90.20,850.00,68.45,0.441,4.154,0.335,banana,fresh
11436767,11311,90.15,850.00,68.50,0.441,4.154,0.335,banana,fresh
11437777,11312,90.05,850.10,68.45,0.440,4.155,0.335,banana,fresh
11438789,11313,90.00,850.05,68.75,0.440,4.155,0.336,banana,fresh
11439800,11314,90.00,850.00,68.50,0.440,4.154,0.335,banana,fresh
11440811,11315,90.00,850.05,68.35,0.440,4.155,0.334,banana,fresh
11441822,11316,90.05,850.10,68.55,0.440,4.155,0.335,banana,fresh
11442833,11317,90.00,850.05,68.40,0.440,4.155,0.334,banana,fresh
11443845,11318,90.05,850.00,68.35,0.440,4.154,0.334,banana,fresh
11444855,11319,90.15,850.00,68.45,0.441,4.154,0.335,banana,fresh
11445867,11320,90.05,850.00,68.40,0.440,4.154,0.334,banana,fresh
11446878,11321,90.05,850.05,68.35,0.440,4.155,0.334,banana,fresh
11447888,11322,90.05,850.00,68.55,0.440,4.154,0.335,banana,fresh
11448900,11323,90.15,850.15,68.65,0.441,4.155,0.336,banana,fresh
11449911,11324,90.00,850.00,68.35,0.440,4.154,0.334,banana,fresh
11450923,11325,90.10,850.00,68.45,0.440,4.154,0.335,banana,fresh
11451933,11326,90.20,850.00,68.55,0.441,4.154,0.335,banana,fresh
11452945,11327,90.20,850.00,68.40,0.441,4.154,0.334,banana,fresh
11453956,11328,90.15,850.00,68.60,0.441,4.154,0.335,banana,fresh
11454966,11329,90.05,850.00,68.60,0.440,4.154,0.335,banana,fresh
11455978,11330,90.05,850.00,68.70,0.440,4.154,0.336,banana,fresh
11456989,11331,90.20,850.00,68.45,0.441,4.154,0.335,banana,fresh
11458000,11332,90.05,850.00,68.65,0.440,4.154,0.336,banana,fresh
11459011,11333,90.05,850.05,68.40,0.440,4.155,0.334,banana,fresh
11460023,11334,90.15,850.00,68.55,0.441,4.154,0.335,banana,fresh
11461033,11335,90.15,850.00,68.50,0.441,4.154,0.335,banana,fresh
11462044,11336,90.10,850.00,68.55,0.440,4.154,0.335,banana,fresh
11463056,11337,90.10,850.00,68.35,0.440,4.154,0.334,banana,fresh
11464067,11338,90.10,850.00,68.35,0.440,4.154,0.334,banana,fresh
11465078,11339,90.20,850.05,68.45,0.441,4.155,0.335,banana,fresh
11466089,11340,90.15,850.00,68.60,0.441,4.154,0.335,banana,fresh
11467101,11341,90.10,850.00,68.50,0.440,4.154,0.335,banana,fresh
11468111,11342,90.15,850.05,68.70,0.441,4.155,0.336,banana,fresh
11469122,11343,90.05,850.05,68.50,0.440,4.155,0.335,banana,fresh
11470134,11344,90.15,850.00,68.85,0.441,4.154,0.337,banana,fresh
11471144,11345,90.15,850.00,68.45,0.441,4.154,0.335,banana,fresh
11472156,11346,90.15,850.00,68.55,0.441,4.154,0.335,banana,fresh
11473167,11347,90.10,850.00,68.70,0.440,4.154,0.336,banana,fresh
11474179,11348,90.15,850.10,68.60,0.441,4.155,0.335,banana,fresh
11475189,11349,90.15,850.00,68.50,0.441,4.154,0.335,banana,fresh
11476200,11350,90.30,850.10,68.55,0.441,4.155,0.335,banana,fresh
11477212,11351,90.05,850.05,68.55,0.440,4.155,0.335,banana,fresh
11478222,11352,90.15,850.10,68.55,0.441,4.155,0.335,banana,fresh
11479234,11353,90.25,850.05,68.60,0.441,4.155,0.335,banana,fresh
11480245,11354,90.00,850.05,68.65,0.440,4.155,0.336,banana,fresh
11481256,11355,90.10,850.00,68.80,0.440,4.154,0.336,banana,fresh
11482267,11356,90.25,850.00,68.75,0.441,4.154,0.336,banana,fresh
11483278,11357,90.20,850.00,68.80,0.441,4.154,0.336,banana,fresh
11484290,11358,90.15,850.00,68.60,0.441,4.154,0.335,banana,fresh
11485300,11359,90.20,850.05,68.50,0.441,4.155,0.335,banana,fresh
11486312,11360,90.15,850.00,68.55,0.441,4.154,0.335,banana,fresh
11487323,11361,90.10,850.00,68.70,0.440,4.154,0.336,banana,fresh
11488334,11362,90.10,850.05,68.70,0.440,4.155,0.336,banana,fresh
11489345,11363,90.25,850.05,68.65,0.441,4.155,0.336,banana,fresh
11490356,11364,90.20,850.05,68.65,0.441,4.155,0.336,banana,fresh
11491367,11365,90.10,850.10,68.50,0.440,4.155,0.335,banana,fresh
11492378,11366,90.15,850.10,68.80,0.441,4.155,0.336,banana,fresh
11493390,11367,90.25,850.00,68.60,0.441,4.154,0.335,banana,fresh
11494401,11368,90.05,850.05,68.60,0.440,4.155,0.335,banana,fresh
11495412,11369,90.15,850.00,68.80,0.441,4.154,0.336,banana,fresh
11496423,11370,90.10,850.05,68.65,0.440,4.155,0.336,banana,fresh
11497434,11371,90.35,850.05,68.60,0.442,4.155,0.335,banana,fresh
11498445,11372,90.25,850.00,68.70,0.441,4.154,0.336,banana,fresh
11499456,11373,90.05,850.05,68.65,0.440,4.155,0.336,banana,fresh
11500468,11374,90.20,850.00,68.50,0.441,4.154,0.335,banana,fresh
11501478,11375,90.25,850.00,68.60,0.441,4.154,0.335,banana,fresh
11502490,11376,90.10,850.05,68.60,0.440,4.155,0.335,banana,fresh
11503501,11377,90.15,850.05,68.75,0.441,4.155,0.336,banana,fresh
11504513,11378,90.00,850.00,68.70,0.440,4.154,0.336,banana,fresh
11505523,11379,90.25,850.00,68.90,0.441,4.154,0.337,banana,fresh
11506534,11380,90.15,850.00,68.85,0.441,4.154,0.337,banana,fresh
11507546,11381,90.25,850.10,68.60,0.441,4.155,0.335,banana,fresh
11508556,11382,90.20,850.05,68.80,0.441,4.155,0.336,banana,fresh
11509568,11383,90.25,850.00,68.80,0.441,4.154,0.336,banana,fresh
11510579,11384,90.25,850.00,68.70,0.441,4.154,0.336,banana,fresh
11511590,11385,90.40,850.05,68.55,0.442,4.155,0.335,banana,fresh
11512601,11386,90.20,850.00,68.80,0.441,4.154,0.336,banana,fresh
11513612,11387,90.05,850.05,68.60,0.440,4.155,0.335,banana,fresh
11514624,11388,90.30,850.00,68.55,0.441,4.154,0.335,banana,fresh
11515634,11389,90.15,850.00,68.80,0.441,4.154,0.336,banana,fresh
11516646,11390,90.30,850.05,68.80,0.441,4.155,0.336,banana,fresh
11517657,11391,90.50,850.00,68.70,0.442,4.154,0.336,banana,fresh
11518668,11392,90.25,850.10,68.60,0.441,4.155,0.335,banana,fresh
11519679,11393,90.40,850.00,68.70,0.442,4.154,0.336,banana,fresh
11520690,11394,90.35,850.05,68.80,0.442,4.155,0.336,banana,fresh
11521701,11395,90.20,850.00,68.65,0.441,4.154,0.336,banana,fresh
11522712,11396,90.50,850.05,68.70,0.442,4.155,0.336,banana,fresh
11523724,11397,90.25,850.00,68.70,0.441,4.154,0.336,banana,fresh
11524734,11398,90.20,850.05,68.55,0.441,4.155,0.335,banana,fresh
11525746,11399,90.25,850.00,68.80,0.441,4.154,0.336,banana,fresh
11526757,11400,90.30,850.10,68.80,0.441,4.155,0.336,banana,fresh
11527768,11401,90.20,850.05,68.80,0.441,4.155,0.336,banana,fresh
11528779,11402,90.15,850.00,68.70,0.441,4.154,0.336,banana,fresh
11529790,11403,90.25,850.00,68.60,0.441,4.154,0.335,banana,fresh
11530802,11404,90.15,850.00,68.75,0.441,4.154,0.336,banana,fresh
11531812,11405,90.50,850.05,68.95,0.442,4.155,0.337,banana,fresh
11532824,11406,90.30,850.10,68.75,0.441,4.155,0.336,banana,fresh
11533835,11407,90.50,850.05,68.75,0.442,4.155,0.336,banana,fresh
11534845,11408,90.25,850.05,68.65,0.441,4.155,0.336,banana,fresh
11535857,11409,90.30,850.05,68.80,0.441,4.155,0.336,banana,fresh
11536868,11410,90.35,850.05,68.75,0.442,4.155,0.336,banana,fresh
11537880,11411,90.30,850.10,68.80,0.441,4.155,0.336,banana,fresh
11538890,11412,90.20,850.05,69.00,0.441,4.155,0.337,banana,fresh
11539902,11413,90.35,850.00,68.75,0.442,4.154,0.336,banana,fresh
11540913,11414,90.35,850.05,68.75,0.442,4.155,0.336,banana,fresh
11541923,11415,90.40,850.00,68.70,0.442,4.154,0.336,banana,fresh
11542935,11416,90.30,850.00,68.85,0.441,4.154,0.337,banana,fresh
11543946,11417,90.35,850.05,68.95,0.442,4.155,0.337,banana,fresh
11544957,11418,90.55,850.05,68.85,0.443,4.155,0.337,banana,fresh
11545968,11419,90.35,850.00,68.70,0.442,4.154,0.336,banana,fresh
11546980,11420,90.60,850.05,68.85,0.443,4.155,0.337,banana,fresh
11547991,11421,90.55,850.05,68.75,0.443,4.155,0.336,banana,fresh
11549002,11422,90.45,850.05,68.75,0.442,4.155,0.336,banana,fresh
11550013,11423,90.35,850.10,68.85,0.442,4.155,0.337,banana,fresh
11551024,11424,90.20,850.00,68.85,0.441,4.154,0.337,banana,fresh
11552035,11425,90.55,850.10,68.85,0.443,4.155,0.337,banana,fresh
11553046,11426,90.35,850.05,68.75,0.442,4.155,0.336,banana,fresh
11554058,11427,90.40,850.10,68.95,0.442,4.155,0.337,banana,fresh
11555068,11428,90.50,850.00,68.85,0.442,4.154,0.337,banana,fresh
11556080,11429,90.40,850.05,68.90,0.442,4.155,0.337,banana,fresh
11557091,11430,90.55,850.10,68.90,0.443,4.155,0.337,banana,fresh
11558102,11431,90.60,850.05,68.80,0.443,4.155,0.336,banana,fresh
11559113,11432,90.45,850.00,68.80,0.442,4.154,0.336,banana,fresh
11560124,11433,90.35,850.00,69.00,0.442,4.154,0.337,banana,fresh
11561136,11434,90.55,850.00,68.80,0.443,4.154,0.336,banana,fresh
11562146,11435,90.35,850.00,68.85,0.442,4.154,0.337,banana,fresh
11563158,11436,90.55,850.00,68.85,0.443,4.154,0.337,banana,fresh
11564169,11437,90.40,850.00,68.80,0.442,4.154,0.336,banana,fresh
11565179,11438,90.40,850.05,68.95,0.442,4.155,0.337,banana,fresh
11566191,11439,90.45,850.00,68.90,0.442,4.154,0.337,banana,fresh
11567202,11440,90.50,850.00,68.85,0.442,4.154,0.337,banana,fresh
11568214,11441,90.55,850.05,68.90,0.443,4.155,0.337,banana,fresh
11569224,11442,90.40,850.00,68.90,0.442,4.154,0.337,banana,fresh
11570236,11443,90.35,850.05,68.80,0.442,4.155,0.336,banana,fresh
11571247,11444,90.55,850.00,68.90,0.443,4.154,0.337,banana,fresh
11572257,11445,90.55,850.00,68.85,0.443,4.154,0.337,banana,fresh
11573269,11446,90.50,850.05,68.85,0.442,4.155,0.337,banana,fresh
11574280,11447,90.50,850.05,68.70,0.442,4.155,0.336,banana,fresh
11575291,11448,90.50,850.05,68.85,0.442,4.155,0.337,banana,fresh
11576302,11449,90.75,850.10,68.90,0.444,4.155,0.337,banana,fresh
11577314,11450,90.50,850.05,68.90,0.442,4.155,0.337,banana,fresh
11578324,11451,90.55,850.05,68.95,0.443,4.155,0.337,banana,fresh
11579335,11452,90.75,850.15,68.90,0.444,4.155,0.337,banana,fresh
11580347,11453,90.55,850.05,68.85,0.443,4.155,0.337,banana,fresh
11581358,11454,90.60,850.00,68.95,0.443,4.154,0.337,banana,fresh
11582369,11455,90.55,850.05,68.90,0.443,4.155,0.337,banana,fresh
11583380,11456,90.50,850.15,68.90,0.442,4.155,0.337,banana,fresh
11584392,11457,90.60,850.05,68.90,0.443,4.155,0.337,banana,fresh
11585402,11458,90.65,850.10,68.70,0.443,4.155,0.336,banana,fresh
11586414,11459,90.60,850.10,68.80,0.443,4.155,0.336,banana,fresh
11587425,11460,90.50,850.05,68.85,0.442,4.155,0.337,banana,fresh
11588435,11461,90.75,850.05,68.80,0.444,4.155,0.336,banana,fresh
11589447,11462,90.60,850.00,68.95,0.443,4.154,0.337,banana,fresh
11590458,11463,90.40,850.10,68.85,0.442,4.155,0.337,banana,fresh
11591470,11464,90.75,850.05,68.80,0.444,4.155,0.336,banana,fresh
11592480,11465,90.55,850.10,68.95,0.443,4.155,0.337,banana,fresh
11593492,11466,90.70,850.05,68.75,0.443,4.155,0.336,banana,fresh
11594503,11467,90.60,850.00,68.85,0.443,4.154,0.337,banana,fresh
11595513,11468,90.50,850.05,68.80,0.442,4.155,0.336,banana,fresh
11596525,11469,90.60,850.15,68.90,0.443,4.155,0.337,banana,fresh
11597536,11470,90.75,850.05,68.85,0.444,4.155,0.337,banana,fresh
11598547,11471,90.65,850.05,68.80,0.443,4.155,0.336,banana,fresh
11599558,11472,90.70,850.20,68.95,0.443,4.155,0.337,banana,fresh
11600570,11473,90.45,850.10,68.65,0.442,4.155,0.336,banana,fresh
11601581,11474,90.75,850.00,68.90,0.444,4.154,0.337,banana,fresh
11602592,11475,90.75,850.15,68.90,0.444,4.155,0.337,banana,fresh
11603603,11476,90.75,850.05,69.00,0.444,4.155,0.337,banana,fresh
11604614,11477,90.45,850.15,68.95,0.442,4.155,0.337,banana,fresh
11605625,11478,90.60,850.15,68.80,0.443,4.155,0.336,banana,fresh
11606636,11479,90.60,850.00,68.90,0.443,4.154,0.337,banana,fresh
11607648,11480,90.70,850.10,68.85,0.443,4.155,0.337,banana,fresh
11608658,11481,90.60,850.05,68.75,0.443,4.155,0.336,banana,fresh
11609670,11482,90.55,850.05,68.80,0.443,4.155,0.336,banana,fresh
11610681,11483,90.65,850.05,68.95,0.443,4.155,0.337,banana,fresh
11611692,11484,90.75,850.00,69.00,0.444,4.154,0.337,banana,fresh
11612703,11485,90.50,850.15,68.90,0.442,4.155,0.337,banana,fresh
11613714,11486,90.50,850.10,68.75,0.442,4.155,0.336,banana,fresh
11614726,11487,90.60,850.00,68.80,0.443,4.154,0.336,banana,fresh
11615736,11488,90.60,850.05,68.80,0.443,4.155,0.336,banana,fresh
11616748,11489,90.65,850.10,68.90,0.443,4.155,0.337,banana,fresh
11617759,11490,90.70,850.10,68.85,0.443,4.155,0.337,banana,fresh
11618769,11491,90.65,850.10,69.00,0.443,4.155,0.337,banana,fresh
11619781,11492,90.50,850.05,68.85,0.442,4.155,0.337,banana,fresh
11620792,11493,90.70,850.00,68.90,0.443,4.154,0.337,banana,fresh
11621804,11494,90.90,850.00,68.90,0.444,4.154,0.337,banana,fresh
11622814,11495,90.80,850.20,68.95,0.444,4.155,0.337,banana,fresh
11623826,11496,90.75,850.05,68.75,0.444,4.155,0.336,banana,fresh
11624837,11497,90.60,850.00,68.90,0.443,4.154,0.337,banana,fresh
11625847,11498,90.65,850.10,68.80,0.443,4.155,0.336,banana,fresh
11626859,11499,90.60,850.00,68.90,0.443,4.154,0.337,banana,fresh
11627870,11500,90.75,850.15,69.00,0.444,4.155,0.337,banana,fresh
11628881,11501,90.70,850.00,69.00,0.443,4.154,0.337,banana,fresh
11629892,11502,90.70,850.00,68.85,0.443,4.154,0.337,banana,fresh
11630904,11503,90.65,850.00,68.90,0.443,4.154,0.337,banana,fresh
11631915,11504,90.70,850.05,68.90,0.443,4.155,0.337,banana,fresh
11632925,11505,90.75,850.15,68.85,0.444,4.155,0.337,banana,fresh
11633937,11506,90.70,850.00,69.00,0.443,4.154,0.337,banana,fresh
11634948,11507,90.75,850.10,69.00,0.444,4.155,0.337,banana,fresh
11635959,11508,90.70,850.00,68.80,0.443,4.154,0.336,banana,fresh
11636970,11509,90.80,850.00,68.95,0.444,4.154,0.337,banana,fresh
11637982,11510,90.65,850.10,68.95,0.443,4.155,0.337,banana,fresh
11638992,11511,90.80,850.05,68.95,0.444,4.155,0.337,banana,fresh
11640003,11512,90.90,850.15,68.80,0.444,4.155,0.336,banana,fresh
11641015,11513,90.85,850.00,68.95,0.444,4.154,0.337,banana,fresh
11642025,11514,90.90,850.00,68.95,0.444,4.154,0.337,banana,fresh
11643037,11515,90.65,850.10,69.00,0.443,4.155,0.337,banana,fresh
11644048,11516,90.80,850.00,68.95,0.444,4.154,0.337,banana,fresh
11645060,11517,90.70,850.05,69.00,0.443,4.155,0.337,banana,fresh
11646070,11518,90.75,850.10,68.90,0.444,4.155,0.337,banana,fresh
11647081,11519,90.90,850.00,69.00,0.444,4.154,0.337,banana,fresh
11648093,11520,90.80,850.10,68.95,0.444,4.155,0.337,banana,fresh
11649103,11521,90.75,850.05,68.90,0.444,4.155,0.337,banana,fresh
11650115,11522,90.80,850.10,68.90,0.444,4.155,0.337,banana,fresh
11651126,11523,90.75,850.15,69.00,0.444,4.155,0.337,banana,fresh
11652137,11524,90.90,850.05,68.75,0.444,4.155,0.336,banana,fresh
11653148,11525,90.65,850.00,68.95,0.443,4.154,0.337,banana,fresh
11654159,11526,90.90,850.10,69.00,0.444,4.155,0.337,banana,fresh
11655171,11527,90.80,850.05,68.90,0.444,4.155,0.337,banana,fresh
11656181,11528,90.60,850.05,69.00,0.443,4.155,0.337,banana,fresh
11657193,11529,90.85,850.05,68.85,0.444,4.155,0.337,banana,fresh
11658204,11530,90.85,850.05,68.95,0.444,4.155,0.337,banana,fresh
11659215,11531,90.85,850.10,68.95,0.444,4.155,0.337,banana,fresh
11660226,11532,90.95,850.05,68.95,0.445,4.155,0.337,banana,fresh
11661237,11533,90.85,850.00,68.90,0.444,4.154,0.337,banana,fresh
11662248,11534,90.75,850.05,68.95,0.444,4.155,0.337,banana,fresh
11663259,11535,90.75,850.05,68.95,0.444,4.155,0.337,banana,fresh
11664271,11536,90.85,850.05,68.85,0.444,4.155,0.337,banana,fresh
11665282,11537,90.70,850.10,69.00,0.443,4.155,0.337,banana,fresh
11666293,11538,90.90,850.15,69.00,0.444,4.155,0.337,banana,fresh
11667304,11539,90.65,850.00,68.95,0.443,4.154,0.337,banana,fresh
11668315,11540,90.85,850.05,68.95,0.444,4.155,0.337,banana,fresh
11669326,11541,90.85,850.20,68.85,0.444,4.155,0.337,banana,fresh
11670337,11542,90.95,850.00,68.95,0.445,4.154,0.337,banana,fresh
11671349,11543,90.90,850.05,68.90,0.444,4.155,0.337,banana,fresh
11672359,11544,90.80,850.05,69.00,0.444,4.155,0.337,banana,fresh
11673371,11545,91.00,850.20,69.00,0.445,4.155,0.337,banana,fresh
11674382,11546,90.75,850.10,68.90,0.444,4.155,0.337,banana,fresh
11675393,11547,90.95,850.20,68.95,0.445,4.155,0.337,banana,fresh
11676404,11548,90.90,850.00,69.00,0.444,4.154,0.337,banana,fresh
11677415,11549,90.95,850.10,69.00,0.445,4.155,0.337,banana,fresh
11678427,11550,90.95,850.10,68.90,0.445,4.155,0.337,banana,fresh
11679437,11551,90.85,850.05,68.90,0.444,4.155,0.337,banana,fresh
11680449,11552,90.80,850.05,68.90,0.444,4.155,0.337,banana,fresh
11681460,11553,90.80,850.05,69.00,0.444,4.155,0.337,banana,fresh
11682470,11554,90.95,850.10,68.90,0.445,4.155,0.337,banana,fresh
11683482,11555,90.75,850.15,68.90,0.444,4.155,0.337,banana,fresh
11684493,11556,90.90,850.05,69.00,0.444,4.155,0.337,banana,fresh
11685505,11557,90.95,850.00,68.95,0.445,4.154,0.337,banana,fresh
11686515,11558,90.85,850.05,68.90,0.444,4.155,0.337,banana,fresh
11687527,11559,90.95,850.05,69.00,0.445,4.155,0.337,banana,fresh
11688538,11560,90.80,850.05,68.95,0.444,4.155,0.337,banana,fresh
11689548,11561,90.85,850.15,69.00,0.444,4.155,0.337,banana,fresh
11690560,11562,90.75,850.05,69.05,0.444,4.155,0.337,banana,fresh
11691571,11563,90.90,850.10,69.00,0.444,4.155,0.337,banana,fresh
11692582,11564,90.85,850.05,69.00,0.444,4.155,0.337,banana,fresh
11693593,11565,91.00,850.30,69.00,0.445,4.156,0.337,banana,fresh
11694605,11566,90.90,850.30,68.95,0.444,4.156,0.337,banana,fresh
11695616,11567,90.90,850.00,69.00,0.444,4.154,0.337,banana,fresh
11696626,11568,91.00,850.10,68.95,0.445,4.155,0.337,banana,fresh
11697638,11569,90.95,850.10,68.95,0.445,4.155,0.337,banana,fresh
11698649,11570,90.95,850.20,69.00,0.445,4.155,0.337,banana,fresh
11699660,11571,90.70,850.10,69.00,0.443,4.155,0.337,banana,fresh
11700671,11572,90.95,850.10,69.00,0.445,4.155,0.337,banana,fresh
11701683,11573,91.00,850.05,68.95,0.445,4.155,0.337,banana,fresh
11702693,11574,90.85,850.00,69.00,0.444,4.154,0.337,banana,fresh
11703704,11575,90.95,850.05,68.95,0.445,4.155,0.337,banana,fresh
11704716,11576,90.90,850.05,69.00,0.444,4.155,0.337,banana,fresh
11705726,11577,90.90,850.00,69.00,0.444,4.154,0.337,banana,fresh
11706738,11578,90.90,850.00,69.00,0.444,4.154,0.337,banana,fresh
11707749,11579,90.75,850.10,69.00,0.444,4.155,0.337,banana,fresh
11708760,11580,90.85,850.05,69.00,0.444,4.155,0.337,banana,fresh
11709771,11581,91.00,850.20,68.95,0.445,4.155,0.337,banana,fresh
11710782,11582,90.90,850.05,69.00,0.444,4.155,0.337,banana,fresh
11711794,11583,90.95,850.00,69.00,0.445,4.154,0.337,banana,fresh
11712804,11584,90.95,850.10,69.00,0.445,4.155,0.337,banana,fresh
11713816,11585,91.00,850.05,69.05,0.445,4.155,0.337,banana,fresh
11714827,11586,91.00,850.05,69.00,0.445,4.155,0.337,banana,fresh
11715837,11587,91.00,850.05,68.95,0.445,4.155,0.337,banana,fresh
11716849,11588,90.95,850.10,69.00,0.445,4.155,0.337,banana,fresh
11717860,11589,90.85,850.10,68.95,0.444,4.155,0.337,banana,fresh
11718872,11590,90.85,850.05,69.00,0.444,4.155,0.337,banana,fresh
11719882,11591,90.85,850.10,69.00,0.444,4.155,0.337,banana,fresh
11720894,11592,90.90,850.05,69.00,0.444,4.155,0.337,banana,fresh
11721905,11593,90.90,850.05,69.00,0.444,4.155,0.337,banana,fresh
11722915,11594,91.00,850.05,69.00,0.445,4.155,0.337,banana,fresh
11723927,11595,90.90,850.10,69.00,0.444,4.155,0.337,banana,fresh
11724938,11596,90.95,850.05,69.00,0.445,4.155,0.337,banana,fresh
11725949,11597,91.00,850.05,69.05,0.445,4.155,0.337,banana,fresh
11726960,11598,91.00,850.10,69.00,0.445,4.155,0.337,banana,fresh
11727972,11599,90.90,850.10,69.00,0.444,4.155,0.337,banana,fresh
11728983,11600,90.95,850.00,69.00,0.445,4.154,0.337,banana,fresh
11729993,11601,91.00,850.20,69.00,0.445,4.155,0.337,banana,fresh
11731005,11602,90.95,850.15,69.00,0.445,4.155,0.337,banana,fresh
11732016,11603,91.00,850.15,69.00,0.445,4.155,0.337,banana,fresh
11733027,11604,91.00,850.10,69.00,0.445,4.155,0.337,banana,fresh
11734038,11605,90.95,850.05,69.10,0.445,4.155,0.338,banana,fresh
11735050,11606,91.00,850.10,69.05,0.445,4.155,0.337,banana,fresh
11736060,11607,91.00,850.10,69.00,0.445,4.155,0.337,banana,fresh
11737071,11608,90.95,850.10,69.00,0.445,4.155,0.337,banana,fresh
11738083,11609,91.00,850.10,69.00,0.445,4.155,0.337,banana,fresh
11739094,11610,91.00,850.05,69.05,0.445,4.155,0.337,banana,fresh
11740105,11611,91.00,850.10,69.00,0.445,4.155,0.337,banana,fresh
11741116,11612,91.00,850.10,68.95,0.445,4.155,0.337,banana,fresh
11742127,11613,90.95,850.25,69.05,0.445,4.156,0.337,banana,fresh
11743138,11614,91.00,850.20,69.00,0.445,4.155,0.337,banana,fresh
11744149,11615,91.05,850.00,69.00,0.445,4.154,0.337,banana,fresh
11745161,11616,91.10,850.10,69.00,0.445,4.155,0.337,banana,fresh
11746171,11617,91.00,850.10,69.00,0.445,4.155,0.337,banana,fresh
11747183,11618,91.05,850.35,69.05,0.445,4.156,0.337,banana,fresh
11748194,11619,90.95,850.10,69.00,0.445,4.155,0.337,banana,fresh
11749204,11620,91.05,850.30,69.00,0.445,4.156,0.337,banana,fresh
11750216,11621,91.00,850.05,69.00,0.445,4.155,0.337,banana,fresh
11751227,11622,91.05,850.15,69.00,0.445,4.155,0.337,banana,fresh
11752239,11623,91.00,850.20,69.00,0.445,4.155,0.337,banana,fresh
11753249,11624,91.05,850.25,69.00,0.445,4.156,0.337,banana,fresh
11754261,11625,91.00,850.15,69.00,0.445,4.155,0.337,banana,fresh
11755272,11626,91.00,850.10,69.00,0.445,4.155,0.337,banana,fresh
11756282,11627,91.10,850.10,69.05,0.445,4.155,0.337,banana,fresh
11757294,11628,91.00,850.20,69.00,0.445,4.155,0.337,banana,fresh
11758305,11629,91.00,850.20,69.00,0.445,4.155,0.337,banana,fresh
11759316,11630,91.00,850.10,69.00,0.445,4.155,0.337,banana,fresh
11760327,11631,91.05,850.20,69.00,0.445,4.155,0.337,banana,fresh
11761339,11632,91.05,850.15,69.00,0.445,4.155,0.337,banana,fresh
11762350,11633,91.00,850.20,69.00,0.445,4.155,0.337,banana,fresh
11763360,11634,91.00,850.15,69.00,0.445,4.155,0.337,banana,fresh
11764372,11635,91.00,850.15,69.00,0.445,4.155,0.337,banana,fresh
11765383,11636,91.10,850.10,69.00,0.445,4.155,0.337,banana,fresh
11766394,11637,91.05,850.10,69.00,0.445,4.155,0.337,banana,fresh
11767405,11638,91.00,850.35,69.00,0.445,4.156,0.337,banana,fresh
11768417,11639,91.05,850.30,69.05,0.445,4.156,0.337,banana,fresh
11769427,11640,91.15,850.25,69.05,0.446,4.156,0.337,banana,fresh
11770438,11641,91.10,850.05,69.00,0.445,4.155,0.337,banana,fresh
11771450,11642,90.95,850.20,69.00,0.445,4.155,0.337,banana,fresh
11772461,11643,91.00,850.15,69.00,0.445,4.155,0.337,banana,fresh
11773472,11644,91.00,850.10,69.00,0.445,4.155,0.337,banana,fresh
11774483,11645,91.10,850.10,69.00,0.445,4.155,0.337,banana,fresh
11775495,11646,91.10,850.15,69.00,0.445,4.155,0.337,banana,fresh
11776505,11647,91.00,850.20,69.00,0.445,4.155,0.337,banana,fresh
11777516,11648,91.05,850.30,69.00,0.445,4.156,0.337,banana,fresh
11778528,11649,91.00,850.15,69.00,0.445,4.155,0.337,banana,fresh
11779538,11650,91.00,850.15,69.00,0.445,4.155,0.337,banana,fresh
11780550,11651,91.00,850.15,69.00,0.445,4.155,0.337,banana,fresh
11781561,11652,91.00,850.10,69.05,0.445,4.155,0.337,banana,fresh
11782572,11653,91.20,850.20,69.00,0.446,4.155,0.337,banana,fresh
11783583,11654,91.10,850.35,69.05,0.445,4.156,0.337,banana,fresh
11784594,11655,91.00,850.20,68.95,0.445,4.155,0.337,banana,fresh
11785606,11656,91.05,850.10,69.10,0.445,4.155,0.338,banana,fresh
11786616,11657,91.10,850.20,69.10,0.445,4.155,0.338,banana,fresh
11787628,11658,91.00,850.05,69.05,0.445,4.155,0.337,banana,fresh
11788639,11659,91.05,850.05,69.00,0.445,4.155,0.337,banana,fresh
11789649,11660,90.90,850.00,69.00,0.444,4.154,0.337,banana,fresh
11790661,11661,91.05,850.20,69.05,0.445,4.155,0.337,banana,fresh
11791672,11662,91.05,850.10,69.05,0.445,4.155,0.337,banana,fresh
11792684,11663,91.05,850.25,69.05,0.445,4.156,0.337,banana,fresh
11793694,11664,91.15,850.20,69.00,0.446,4.155,0.337,banana,fresh
11794706,11665,91.00,850.05,69.00,0.445,4.155,0.337,banana,fresh
11795717,11666,91.05,850.10,69.00,0.445,4.155,0.337,banana,fresh
11796727,11667,91.15,850.15,69.15,0.446,4.155,0.338,banana,fresh
11797739,11668,91.00,850.15,69.15,0.445,4.155,0.338,banana,fresh
11798750,11669,91.05,850.35,69.10,0.445,4.156,0.338,banana,fresh
11799761,11670,91.05,850.15,69.05,0.445,4.155,0.337,banana,fresh
11800772,11671,91.00,850.15,69.00,0.445,4.155,0.337,banana,fresh
11801784,11672,91.05,850.10,69.05,0.445,4.155,0.337,banana,fresh
11802795,11673,91.15,850.10,69.00,0.446,4.155,0.337,banana,fresh
11803806,11674,91.10,850.35,69.00,0.445,4.156,0.337,banana,fresh
11804817,11675,91.10,850.40,69.05,0.445,4.156,0.337,banana,fresh
11805828,11676,91.05,850.30,69.10,0.445,4.156,0.338,banana,fresh
11806839,11677,91.05,850.30,69.05,0.445,4.156,0.337,banana,fresh
11807850,11678,91.10,850.25,69.00,0.445,4.156,0.337,banana,fresh
11808862,11679,91.20,850.30,69.10,0.446,4.156,0.338,banana,fresh
11809872,11680,91.00,850.20,69.05,0.445,4.155,0.337,banana,fresh
11810884,11681,91.00,850.30,69.00,0.445,4.156,0.337,banana,fresh
11811895,11682,91.20,850.15,69.00,0.446,4.155,0.337,banana,fresh
11812905,11683,91.05,850.25,69.05,0.445,4.156,0.337,banana,fresh
11813917,11684,91.05,850.10,69.15,0.445,4.155,0.338,banana,fresh
11814928,11685,91.10,850.15,69.15,0.445,4.155,0.338,banana,fresh
11815940,11686,91.05,850.35,69.00,0.445,4.156,0.337,banana,fresh
11816950,11687,91.10,850.30,69.05,0.445,4.156,0.337,banana,fresh
11817962,11688,91.10,850.15,69.10,0.445,4.155,0.338,banana,fresh
11818973,11689,91.20,850.25,69.15,0.446,4.156,0.338,banana,fresh
11819984,11690,91.15,850.40,69.15,0.446,4.156,0.338,banana,fresh
11820995,11691,91.05,850.35,69.10,0.445,4.156,0.338,banana,fresh
11822006,11692,91.15,850.20,69.15,0.446,4.155,0.338,banana,fresh
11823017,11693,91.10,850.20,69.10,0.445,4.155,0.338,banana,fresh
11824028,11694,91.15,850.35,69.00,0.446,4.156,0.337,banana,fresh
11825040,11695,91.00,850.35,69.10,0.445,4.156,0.338,banana,fresh
11826051,11696,91.05,850.30,69.05,0.445,4.156,0.337,banana,fresh
11827062,11697,91.05,850.20,69.05,0.445,4.155,0.337,banana,fresh
11828073,11698,91.00,850.20,69.00,0.445,4.155,0.337,banana,fresh
11829084,11699,91.15,850.20,69.10,0.446,4.155,0.338,banana,fresh
11830095,11700,91.10,850.05,69.10,0.445,4.155,0.338,banana,fresh
11831106,11701,91.00,850.15,69.05,0.445,4.155,0.337,banana,fresh
11832118,11702,91.25,850.15,69.10,0.446,4.155,0.338,banana,fresh
11833128,11703,91.20,850.20,69.05,0.446,4.155,0.337,banana,fresh
11834140,11704,91.15,850.15,69.10,0.446,4.155,0.338,banana,fresh
11835151,11705,91.05,850.20,69.10,0.445,4.155,0.338,banana,fresh
11836162,11706,91.15,850.20,69.20,0.446,4.155,0.338,banana,fresh
11837173,11707,91.10,850.20,69.05,0.445,4.155,0.337,banana,fresh
11838184,11708,91.05,850.15,69.15,0.445,4.155,0.338,banana,fresh
11839196,11709,91.10,850.35,69.00,0.445,4.156,0.337,banana,fresh
11840206,11710,91.10,850.35,69.00,0.445,4.156,0.337,banana,fresh
11841218,11711,91.30,850.30,69.00,0.446,4.156,0.337,banana,fresh
11842229,11712,91.15,850.25,69.05,0.446,4.156,0.337,banana,fresh
11843239,11713,91.15,850.30,69.05,0.446,4.156,0.337,banana,fresh
11844251,11714,91.15,850.15,69.10,0.446,4.155,0.338,banana,fresh
11845262,11715,91.30,850.20,69.15,0.446,4.155,0.338,banana,fresh
11846274,11716,91.10,850.25,69.00,0.445,4.156,0.337,banana,fresh
11847284,11717,91.25,850.30,69.05,0.446,4.156,0.337,banana,fresh
11848296,11718,91.20,850.30,69.00,0.446,4.156,0.337,banana,fresh
11849307,11719,91.25,850.10,69.05,0.446,4.155,0.337,banana,fresh
11850317,11720,91.15,850.10,69.00,0.446,4.155,0.337,banana,fresh
11851329,11721,91.10,850.15,69.05,0.445,4.155,0.337,banana,fresh
11852340,11722,91.05,850.35,69.05,0.445,4.156,0.337,banana,fresh
11853351,11723,91.10,850.35,69.10,0.445,4.156,0.338,banana,fresh
11854362,11724,91.10,850.20,69.10,0.445,4.155,0.338,banana,fresh
11855374,11725,91.15,850.35,69.05,0.446,4.156,0.337,banana,fresh
11856385,11726,91.15,850.35,69.05,0.446,4.156,0.337,banana,fresh
11857396,11727,91.15,850.30,69.25,0.446,4.156,0.338,banana,fresh
11858407,11728,91.15,850.15,69.00,0.446,4.155,0.337,banana,fresh
11859418,11729,91.20,850.25,69.10,0.446,4.156,0.338,banana,fresh
11860429,11730,91.05,850.30,69.10,0.445,4.156,0.338,banana,fresh
11861440,11731,91.10,850.15,69.10,0.445,4.155,0.338,banana,fresh
11862452,11732,91.10,850.30,69.10,0.445,4.156,0.338,banana,fresh
11863462,11733,91.10,850.45,69.00,0.445,4.157,0.337,banana,fresh
11864474,11734,91.20,850.35,69.05,0.446,4.156,0.337,banana,fresh
11865485,11735,91.10,850.15,69.10,0.445,4.155,0.338,banana,fresh
11866496,11736,91.20,850.20,69.10,0.446,4.155,0.338,banana,fresh
11867507,11737,91.20,850.50,69.05,0.446,4.157,0.337,banana,fresh
11868518,11738,91.15,850.30,69.05,0.446,4.156,0.337,banana,fresh
11869530,11739,91.20,850.30,69.20,0.446,4.156,0.338,banana,fresh
11870540,11740,91.15,850.20,69.20,0.446,4.155,0.338,banana,fresh
11871552,11741,91.30,850.55,69.10,0.446,4.157,0.338,banana,fresh
11872563,11742,91.10,850.40,69.15,0.445,4.156,0.338,banana,fresh
11873573,11743,91.00,850.35,69.20,0.445,4.156,0.338,banana,fresh
11874585,11744,91.10,850.25,69.10,0.445,4.156,0.338,banana,fresh
11875596,11745,91.15,850.20,69.20,0.446,4.155,0.338,banana,fresh
11876608,11746,91.20,850.25,69.00,0.446,4.156,0.337,banana,fresh
11877618,11747,91.15,850.15,69.20,0.446,4.155,0.338,banana,fresh
11878630,11748,91.15,850.35,69.15,0.446,4.156,0.338,banana,fresh
11879641,11749,91.05,850.35,69.10,0.445,4.156,0.338,banana,fresh
11880652,11750,91.40,850.15,69.25,0.447,4.155,0.338,banana,fresh
11881663,11751,91.10,850.30,69.25,0.445,4.156,0.338,banana,fresh
11882674,11752,91.20,850.40,69.20,0.446,4.156,0.338,banana,fresh
11883685,11753,91.35,850.45,69.15,0.446,4.157,0.338,banana,fresh
11884696,11754,91.15,850.50,69.25,0.446,4.157,0.338,banana,fresh
11885708,11755,91.05,850.35,69.25,0.445,4.156,0.338,banana,fresh
11886718,11756,91.20,850.30,69.20,0.446,4.156,0.338,banana,fresh
11887730,11757,91.20,850.40,69.10,0.446,4.156,0.338,banana,fresh
11888741,11758,91.25,850.25,69.25,0.446,4.156,0.338,banana,fresh
11889753,11759,91.30,850.20,69.15,0.446,4.155,0.338,banana,fresh
11890763,11760,91.20,850.30,69.15,0.446,4.156,0.338,banana,fresh
11891774,11761,91.15,850.65,69.35,0.446,4.158,0.339,banana,fresh
11892786,11762,91.15,850.35,69.10,0.446,4.156,0.338,banana,fresh
11893796,11763,91.40,850.45,69.15,0.447,4.157,0.338,banana,fresh
11894808,11764,91.20,850.40,69.15,0.446,4.156,0.338,banana,fresh
11895819,11765,91.35,850.30,69.15,0.446,4.156,0.338,banana,fresh
11896830,11766,91.20,850.35,69.10,0.446,4.156,0.338,banana,fresh
11897841,11767,91.25,850.35,69.15,0.446,4.156,0.338,banana,fresh
11898852,11768,91.25,850.25,69.20,0.446,4.156,0.338,banana,fresh
11899864,11769,91.25,850.30,69.20,0.446,4.156,0.338,banana,fresh
11900874,11770,91.10,850.25,69.05,0.445,4.156,0.337,banana,fresh
11901886,11771,91.40,850.55,69.20,0.447,4.157,0.338,banana,fresh
11902897,11772,91.30,850.25,69.20,0.446,4.156,0.338,banana,fresh
11903908,11773,91.10,850.25,69.25,0.445,4.156,0.338,banana,fresh
11904919,11774,91.25,850.25,69.20,0.446,4.156,0.338,banana,fresh
11905931,11775,91.25,850.35,69.05,0.446,4.156,0.337,banana,fresh
11906941,11776,91.35,850.30,69.10,0.446,4.156,0.338,banana,fresh
11907952,11777,91.20,850.35,69.15,0.446,4.156,0.338,banana,fresh
11908964,11778,91.25,850.45,69.15,0.446,4.157,0.338,banana,fresh
11909975,11779,91.30,850.45,69.20,0.446,4.157,0.338,banana,fresh
11910986,11780,91.25,850.20,69.25,0.446,4.155,0.338,banana,fresh
11911997,11781,91.25,850.30,69.20,0.446,4.156,0.338,banana,fresh
11913009,11782,91.45,850.40,69.25,0.447,4.156,0.338,banana,fresh
11914019,11783,91.20,850.40,69.15,0.446,4.156,0.338,banana,fresh
11915030,11784,91.15,850.15,69.10,0.446,4.155,0.338,banana,fresh
11916042,11785,91.35,850.10,69.35,0.446,4.155,0.339,banana,fresh
11917052,11786,91.20,850.40,69.15,0.446,4.156,0.338,banana,fresh
11918064,11787,91.25,850.40,69.10,0.446,4.156,0.338,banana,fresh
11919075,11788,91.25,850.35,69.20,0.446,4.156,0.338,banana,fresh
11920087,11789,91.30,850.30,69.30,0.446,4.156,0.339,banana,fresh
11921097,11790,91.35,850.20,69.20,0.446,4.155,0.338,banana,fresh
11922108,11791,91.15,850.40,69.10,0.446,4.156,0.338,banana,fresh
11923120,11792,91.25,850.55,69.20,0.446,4.157,0.338,banana,fresh
11924130,11793,91.20,850.40,69.10,0.446,4.156,0.338,banana,fresh
11925142,11794,91.35,850.40,69.25,0.446,4.156,0.338,banana,fresh
11926153,11795,91.25,850.55,69.25,0.446,4.157,0.338,banana,fresh
11927164,11796,91.35,850.25,69.25,0.446,4.156,0.338,banana,fresh
11928175,11797,91.30,850.25,69.20,0.446,4.156,0.338,banana,fresh
11929187,11798,91.25,850.30,69.20,0.446,4.156,0.338,banana,fresh
11930198,11799,91.20,850.45,69.10,0.446,4.157,0.338,banana,fresh
11931208,11800,91.30,850.30,69.25,0.446,4.156,0.338,banana,fresh
11932220,11801,91.30,850.35,69.20,0.446,4.156,0.338,banana,fresh
11933231,11802,91.35,850.40,69.30,0.446,4.156,0.339,banana,fresh
11934242,11803,91.40,850.30,69.10,0.447,4.156,0.338,banana,fresh
11935253,11804,91.35,850.20,69.25,0.446,4.155,0.338,banana,fresh
11936265,11805,91.25,850.45,69.35,0.446,4.157,0.339,banana,fresh
11937275,11806,91.40,850.20,69.15,0.447,4.155,0.338,banana,fresh
11938286,11807,91.40,850.55,69.25,0.447,4.157,0.338,banana,fresh
11939298,11808,91.35,850.20,69.10,0.446,4.155,0.338,banana,fresh
11940308,11809,91.40,850.45,69.30,0.447,4.157,0.339,banana,fresh
11941320,11810,91.30,850.35,69.15,0.446,4.156,0.338,banana,fresh
11942331,11811,91.45,850.50,69.30,0.447,4.157,0.339,banana,fresh
11943343,11812,91.20,850.40,69.25,0.446,4.156,0.338,banana,fresh
11944353,11813,91.40,850.40,69.25,0.447,4.156,0.338,banana,fresh
11945364,11814,91.25,850.50,69.25,0.446,4.157,0.338,banana,fresh
11946376,11815,91.20,850.45,69.35,0.446,4.157,0.339,banana,fresh
11947386,11816,91.35,850.40,69.45,0.446,4.156,0.339,banana,fresh
11948398,11817,91.25,850.40,69.35,0.446,4.156,0.339,banana,fresh
11949409,11818,91.20,850.40,69.25,0.446,4.156,0.338,banana,fresh
11950420,11819,91.25,850.30,69.30,0.446,4.156,0.339,banana,fresh
11951431,11820,91.30,850.35,69.20,0.446,4.156,0.338,banana,fresh
11952443,11821,91.30,850.45,69.35,0.446,4.157,0.339,banana,fresh
11953454,11822,91.35,850.50,69.20,0.446,4.157,0.338,banana,fresh
11954464,11823,91.20,850.50,69.15,0.446,4.157,0.338,banana,fresh
11955476,11824,91.35,850.50,69.35,0.446,4.157,0.339,banana,fresh
11956487,11825,91.20,850.60,69.35,0.446,4.157,0.339,banana,fresh
11957498,11826,91.35,850.40,69.20,0.446,4.156,0.338,banana,fresh
11958509,11827,91.40,850.35,69.25,0.447,4.156,0.338,banana,fresh
11959521,11828,91.50,850.40,69.20,0.447,4.156,0.338,banana,fresh
11960531,11829,91.15,850.30,69.20,0.446,4.156,0.338,banana,fresh
11961542,11830,91.45,850.65,69.25,0.447,4.158,0.338,banana,fresh
11962554,11831,91.40,850.45,69.20,0.447,4.157,0.338,banana,fresh
11963565,11832,91.50,850.45,69.25,0.447,4.157,0.338,banana,fresh
11964576,11833,91.30,850.30,69.40,0.446,4.156,0.339,banana,fresh
11965587,11834,91.15,850.35,69.30,0.446,4.156,0.339,banana,fresh
11966599,11835,91.45,850.25,69.30,0.447,4.156,0.339,banana,fresh
11967609,11836,91.40,850.50,69.40,0.447,4.157,0.339,banana,fresh
11968621,11837,91.35,850.50,69.25,0.446,4.157,0.338,banana,fresh
11969632,11838,91.35,850.45,69.15,0.446,4.157,0.338,banana,fresh
11970642,11839,91.25,850.40,69.30,0.446,4.156,0.339,banana,fresh
11971654,11840,91.15,850.40,69.20,0.446,4.156,0.338,banana,fresh
11972665,11841,91.40,850.50,69.25,0.447,4.157,0.338,banana,fresh
11973677,11842,91.40,850.55,69.40,0.447,4.157,0.339,banana,fresh
11974687,11843,91.25,850.55,69.55,0.446,4.157,0.340,banana,fresh
11975699,11844,91.40,850.35,69.30,0.447,4.156,0.339,banana,fresh
11976710,11845,91.40,850.55,69.15,0.447,4.157,0.338,banana,fresh
11977721,11846,91.25,850.20,69.15,0.446,4.155,0.338,banana,fresh
11978732,11847,91.15,850.30,69.50,0.446,4.156,0.340,banana,fresh
11979743,11848,91.45,850.45,69.45,0.447,4.157,0.339,banana,fresh
11980754,11849,91.40,850.45,69.25,0.447,4.157,0.338,banana,fresh
11981765,11850,91.40,850.40,69.35,0.447,4.156,0.339,banana,fresh
11982777,11851,91.45,850.55,69.15,0.447,4.157,0.338,banana,fresh
11983788,11852,91.35,850.55,69.35,0.446,4.157,0.339,banana,fresh
11984799,11853,91.50,850.70,69.30,0.447,4.158,0.339,banana,fresh
11985810,11854,91.35,850.50,69.50,0.446,4.157,0.340,banana,fresh
11986821,11855,91.50,850.50,69.30,0.447,4.157,0.339,banana,fresh
11987832,11856,91.50,850.50,69.40,0.447,4.157,0.339,banana,fresh
11988843,11857,91.55,850.70,69.40,0.447,4.158,0.339,banana,fresh
11989855,11858,91.25,850.30,69.40,0.446,4.156,0.339,banana,fresh
11990865,11859,91.30,850.45,69.40,0.446,4.157,0.339,banana,fresh
11991877,11860,91.25,850.55,69.30,0.446,4.157,0.339,banana,fresh
11992888,11861,91.40,850.60,69.30,0.447,4.157,0.339,banana,fresh
11993899,11862,91.30,850.35,69.30,0.446,4.156,0.339,banana,fresh
11994910,11863,91.50,850.60,69.30,0.447,4.157,0.339,banana,fresh
11995921,11864,91.25,850.45,69.25,0.446,4.157,0.338,banana,fresh
11996933,11865,91.45,850.50,69.35,0.447,4.157,0.339,banana,fresh
11997943,11866,91.40,850.50,69.35,0.447,4.157,0.339,banana,fresh
11998955,11867,91.45,850.35,69.20,0.447,4.156,0.338,banana,fresh
11999966,11868,91.35,850.50,69.50,0.446,4.157,0.340,banana,fresh
12000977,11869,91.45,850.50,69.40,0.447,4.157,0.339,banana,fresh
12001988,11870,91.55,850.40,69.50,0.447,4.156,0.340,banana,fresh
12002999,11871,91.55,850.45,69.50,0.447,4.157,0.340,banana,fresh
12004011,11872,91.35,850.65,69.45,0.446,4.158,0.339,banana,fresh
12005021,11873,91.45,850.65,69.60,0.447,4.158,0.340,banana,fresh
12006033,11874,91.50,850.40,69.45,0.447,4.156,0.339,banana,fresh
12007044,11875,91.35,850.45,69.40,0.446,4.157,0.339,banana,fresh
12008055,11876,91.45,850.60,69.35,0.447,4.157,0.339,banana,fresh
12009066,11877,91.45,850.55,69.45,0.447,4.157,0.339,banana,fresh
12010078,11878,91.40,850.50,69.45,0.447,4.157,0.339,banana,fresh
12011088,11879,91.25,850.55,69.25,0.446,4.157,0.338,banana,fresh
12012099,11880,91.35,850.45,69.45,0.446,4.157,0.339,banana,fresh
12013111,11881,91.40,850.70,69.35,0.447,4.158,0.339,banana,fresh
12014121,11882,91.30,850.50,69.30,0.446,4.157,0.339,banana,fresh
12015133,11883,91.20,850.55,69.40,0.446,4.157,0.339,banana,fresh
12016144,11884,91.30,850.60,69.20,0.446,4.157,0.338,banana,fresh
12017156,11885,91.60,850.40,69.35,0.448,4.156,0.339,banana,fresh
12018166,11886,91.25,850.60,69.40,0.446,4.157,0.339,banana,fresh
12019177,11887,91.35,850.55,69.50,0.446,4.157,0.340,banana,fresh
12020189,11888,91.45,850.50,69.35,0.447,4.157,0.339,banana,fresh
12021199,11889,91.50,850.60,69.40,0.447,4.157,0.339,banana,fresh
12022211,11890,91.45,850.40,69.40,0.447,4.156,0.339,banana,fresh
12023222,11891,91.35,850.50,69.40,0.446,4.157,0.339,banana,fresh
12024233,11892,91.50,850.60,69.40,0.447,4.157,0.339,banana,fresh
12025244,11893,91.50,850.35,69.40,0.447,4.156,0.339,banana,fresh
12026255,11894,91.45,850.55,69.40,0.447,4.157,0.339,banana,fresh
12027267,11895,91.40,850.75,69.25,0.447,4.158,0.338,banana,fresh
12028277,11896,91.55,850.40,69.30,0.447,4.156,0.339,banana,fresh
12029289,11897,91.35,850.40,69.40,0.446,4.156,0.339,banana,fresh
12030300,11898,91.55,850.45,69.50,0.447,4.157,0.340,banana,fresh
12031311,11899,91.40,850.50,69.25,0.447,4.157,0.338,banana,fresh
12032322,11900,91.55,850.60,69.35,0.447,4.157,0.339,banana,fresh
12033334,11901,91.65,850.70,69.45,0.448,4.158,0.339,banana,fresh
12034344,11902,91.30,850.50,69.40,0.446,4.157,0.339,banana,fresh
12035355,11903,91.50,850.30,69.45,0.447,4.156,0.339,banana,fresh
12036367,11904,91.35,850.55,69.70,0.446,4.157,0.341,banana,fresh
12037378,11905,91.35,850.45,69.30,0.446,4.157,0.339,banana,fresh
12038389,11906,91.65,850.65,69.35,0.448,4.158,0.339,banana,fresh
12039400,11907,91.35,850.65,69.55,0.446,4.158,0.340,banana,fresh
12040412,11908,91.40,850.55,69.30,0.447,4.157,0.339,banana,fresh
12041422,11909,91.25,850.60,69.35,0.446,4.157,0.339,banana,fresh
12042434,11910,91.65,850.60,69.50,0.448,4.157,0.340,banana,fresh
12043445,11911,91.45,850.70,69.40,0.447,4.158,0.339,banana,fresh
12044455,11912,91.50,850.60,69.45,0.447,4.157,0.339,banana,fresh
12045467,11913,91.60,850.75,69.35,0.448,4.158,0.339,banana,fresh
12046478,11914,91.80,850.50,69.35,0.449,4.157,0.339,banana,fresh
12047490,11915,91.55,850.60,69.40,0.447,4.157,0.339,banana,fresh
12048500,11916,91.50,850.40,69.45,0.447,4.156,0.339,banana,fresh
12049512,11917,91.65,850.75,69.45,0.448,4.158,0.339,banana,fresh
12050523,11918,91.60,850.60,69.25,0.448,4.157,0.338,banana,fresh
12051533,11919,91.55,850.45,69.60,0.447,4.157,0.340,banana,fresh
12052545,11920,91.50,850.55,69.55,0.447,4.157,0.340,banana,fresh
12053556,11921,91.50,850.40,69.20,0.447,4.156,0.338,banana,fresh
12054567,11922,91.60,850.60,69.35,0.448,4.157,0.339,banana,fresh
12055578,11923,91.55,850.65,69.55,0.447,4.158,0.340,banana,fresh
12056590,11924,91.55,850.35,69.40,0.447,4.156,0.339,banana,fresh
12057601,11925,91.35,850.50,69.55,0.446,4.157,0.340,banana,fresh
12058611,11926,91.45,850.45,69.55,0.447,4.157,0.340,banana,fresh
12059623,11927,91.55,850.50,69.25,0.447,4.157,0.338,banana,fresh
12060634,11928,91.50,850.55,69.45,0.447,4.157,0.339,banana,fresh
12061645,11929,91.35,850.50,69.30,0.446,4.157,0.339,banana,fresh
12062656,11930,91.60,850.50,69.40,0.448,4.157,0.339,banana,fresh
12063668,11931,91.70,850.65,69.35,0.448,4.158,0.339,banana,fresh
12064678,11932,91.45,850.55,69.35,0.447,4.157,0.339,banana,fresh
12065689,11933,91.45,850.50,69.50,0.447,4.157,0.340,banana,fresh
12066701,11934,91.70,850.55,69.50,0.448,4.157,0.340,banana,fresh
12067712,11935,91.55,850.60,69.35,0.447,4.157,0.339,banana,fresh
12068723,11936,91.45,850.55,69.35,0.447,4.157,0.339,banana,fresh
12069734,11937,91.50,850.40,69.45,0.447,4.156,0.339,banana,fresh
12070746,11938,91.70,850.75,69.40,0.448,4.158,0.339,banana,fresh
12071756,11939,91.30,850.65,69.50,0.446,4.158,0.340,banana,fresh
12072768,11940,91.45,850.75,69.40,0.447,4.158,0.339,banana,fresh
12073779,11941,91.35,850.65,69.35,0.446,4.158,0.339,banana,fresh
12074789,11942,91.50,850.45,69.40,0.447,4.157,0.339,banana,fresh
12075801,11943,91.60,850.65,69.50,0.448,4.158,0.340,banana,fresh
12076812,11944,91.45,850.45,69.50,0.447,4.157,0.340,banana,fresh
12077824,11945,91.55,850.60,69.35,0.447,4.157,0.339,banana,fresh
12078834,11946,91.65,850.65,69.40,0.448,4.158,0.339,banana,fresh
12079846,11947,91.55,850.65,69.35,0.447,4.158,0.339,banana,fresh
12080857,11948,91.65,850.60,69.35,0.448,4.157,0.339,banana,fresh
12081867,11949,91.55,850.70,69.50,0.447,4.158,0.340,banana,fresh
12082879,11950,91.60,850.80,69.45,0.448,4.158,0.339,banana,fresh
12083890,11951,91.45,850.50,69.75,0.447,4.157,0.341,banana,fresh
12084901,11952,91.50,850.75,69.35,0.447,4.158,0.339,banana,fresh
12085912,11953,91.60,850.90,69.60,0.448,4.159,0.340,banana,fresh
12086924,11954,91.50,850.70,69.20,0.447,4.158,0.338,banana,fresh
12087934,11955,91.50,850.70,69.50,0.447,4.158,0.340,banana,fresh
12088945,11956,91.60,850.50,69.50,0.448,4.157,0.340,banana,fresh
12089957,11957,91.65,850.60,69.50,0.448,4.157,0.340,banana,fresh
12090968,11958,91.40,850.60,69.35,0.447,4.157,0.339,banana,fresh
12091979,11959,91.65,850.55,69.50,0.448,4.157,0.340,banana,fresh
12092990,11960,91.70,850.60,69.45,0.448,4.157,0.339,banana,fresh
12094002,11961,91.55,850.65,69.45,0.447,4.158,0.339,banana,fresh
12095012,11962,91.85,850.65,69.30,0.449,4.158,0.339,banana,fresh
12096024,11963,91.55,850.65,69.35,0.447,4.158,0.339,banana,fresh
12097035,11964,91.45,850.40,69.40,0.447,4.156,0.339,banana,fresh
12098045,11965,91.50,850.40,69.60,0.447,4.156,0.340,banana,fresh
12099057,11966,91.70,850.45,69.45,0.448,4.157,0.339,banana,fresh
12100068,11967,91.55,850.70,69.50,0.447,4.158,0.340,banana,fresh
12101080,11968,91.50,850.50,69.45,0.447,4.157,0.339,banana,fresh
12102090,11969,91.50,850.45,69.55,0.447,4.157,0.340,banana,fresh
12103102,11970,91.45,850.40,69.45,0.447,4.156,0.339,banana,fresh
12104113,11971,91.65,850.45,69.40,0.448,4.157,0.339,banana,fresh
12105124,11972,91.60,850.75,69.30,0.448,4.158,0.339,banana,fresh
12106135,11973,91.35,850.55,69.50,0.446,4.157,0.340,banana,fresh
12107146,11974,91.80,850.70,69.45,0.449,4.158,0.339,banana,fresh
12108157,11975,91.50,850.60,69.60,0.447,4.157,0.340,banana,fresh
12109168,11976,91.40,850.60,69.50,0.447,4.157,0.340,banana,fresh
12110180,11977,91.65,850.65,69.15,0.448,4.158,0.338,banana,fresh
12111191,11978,91.50,850.50,69.35,0.447,4.157,0.339,banana,fresh
12112202,11979,91.65,850.75,69.35,0.448,4.158,0.339,banana,fresh
12113213,11980,91.50,850.65,69.25,0.447,4.158,0.338,banana,fresh
12114224,11981,91.50,850.55,69.55,0.447,4.157,0.340,banana,fresh
12115235,11982,91.45,850.60,69.35,0.447,4.157,0.339,banana,fresh
12116246,11983,91.55,850.70,69.55,0.447,4.158,0.340,banana,fresh
12117258,11984,91.70,850.55,69.65,0.448,4.157,0.340,banana,fresh
12118268,11985,91.65,850.50,69.45,0.448,4.157,0.339,banana,fresh
12119280,11986,91.55,850.45,69.50,0.447,4.157,0.340,banana,fresh
12120291,11987,91.55,850.55,69.50,0.447,4.157,0.340,banana,fresh
12121302,11988,91.35,850.50,69.40,0.446,4.157,0.339,banana,fresh
12122313,11989,91.25,850.75,69.55,0.446,4.158,0.340,banana,fresh
12123324,11990,91.70,850.50,69.40,0.448,4.157,0.339,banana,fresh
12124336,11991,91.50,850.50,69.45,0.447,4.157,0.339,banana,fresh
12125346,11992,91.75,850.55,69.45,0.448,4.157,0.339,banana,fresh
12126358,11993,91.60,850.55,69.35,0.448,4.157,0.339,banana,fresh
12127369,11994,91.50,850.45,69.50,0.447,4.157,0.340,banana,fresh
12128380,11995,91.60,850.55,69.30,0.448,4.157,0.339,banana,fresh
12129391,11996,91.25,850.45,69.70,0.446,4.157,0.341,banana,fresh
12130402,11997,91.80,850.60,69.45,0.449,4.157,0.339,banana,fresh
12131414,11998,91.55,850.55,69.50,0.447,4.157,0.340,banana,fresh
12132424,11999,91.45,850.60,69.50,0.447,4.157,0.340,banana,fresh
12133436,12000,91.60,850.50,69.40,0.448,4.157,0.339,banana,fresh
12134447,12001,91.60,850.45,69.30,0.448,4.157,0.339,banana,fresh
12135458,12002,91.50,850.55,69.30,0.447,4.157,0.339,banana,fresh
12136469,12003,91.45,850.55,69.40,0.447,4.157,0.339,banana,fresh
12137480,12004,91.70,850.65,69.55,0.448,4.158,0.340,banana,fresh
12138491,12005,91.50,850.45,69.60,0.447,4.157,0.340,banana,fresh
12139502,12006,91.60,850.65,69.40,0.448,4.158,0.339,banana,fresh
12140514,12007,91.50,850.60,69.45,0.447,4.157,0.339,banana,fresh
12141524,12008,91.70,850.50,69.55,0.448,4.157,0.340,banana,fresh
12142536,12009,91.45,850.45,69.65,0.447,4.157,0.340,banana,fresh
12143547,12010,91.40,850.65,69.30,0.447,4.158,0.339,banana,fresh
12144559,12011,91.60,850.55,69.45,0.448,4.157,0.339,banana,fresh
12145569,12012,91.60,850.55,69.50,0.448,4.157,0.340,banana,fresh
12146580,12013,91.55,850.55,69.25,0.447,4.157,0.338,banana,fresh
12147592,12014,91.65,850.40,69.50,0.448,4.156,0.340,banana,fresh
12148602,12015,91.60,850.50,69.50,0.448,4.157,0.340,banana,fresh
12149614,12016,91.60,850.45,69.50,0.448,4.157,0.340,banana,fresh
12150625,12017,91.40,850.45,69.45,0.447,4.157,0.339,banana,fresh
12151636,12018,91.50,850.55,69.60,0.447,4.157,0.340,banana,fresh
12152647,12019,91.55,850.60,69.50,0.447,4.157,0.340,banana,fresh
12153658,12020,91.75,850.45,69.30,0.448,4.157,0.339,banana,fresh
12154670,12021,91.60,850.50,69.45,0.448,4.157,0.339,banana,fresh
12155680,12022,91.65,850.85,69.55,0.448,4.159,0.340,banana,fresh
12156692,12023,91.45,850.65,69.30,0.447,4.158,0.339,banana,fresh
12157703,12024,91.45,850.25,69.30,0.447,4.156,0.339,banana,fresh
12158714,12025,91.65,850.45,69.25,0.448,4.157,0.338,banana,fresh
12159725,12026,91.55,850.50,69.55,0.447,4.157,0.340,banana,fresh
12160737,12027,91.60,850.65,69.35,0.448,4.158,0.339,banana,fresh
12161747,12028,91.60,850.50,69.45,0.448,4.157,0.339,banana,fresh
12162758,12029,91.65,850.65,69.40,0.448,4.158,0.339,banana,fresh
12163770,12030,91.50,850.65,69.75,0.447,4.158,0.341,banana,fresh
12164781,12031,91.65,850.65,69.60,0.448,4.158,0.340,banana,fresh
12165792,12032,91.55,850.45,69.45,0.447,4.157,0.339,banana,fresh
12166803,12033,91.45,850.55,69.55,0.447,4.157,0.340,banana,fresh
12167815,12034,91.65,850.60,69.55,0.448,4.157,0.340,banana,fresh
12168825,12035,91.60,850.60,69.50,0.448,4.157,0.340,banana,fresh
12169836,12036,91.50,850.70,69.40,0.447,4.158,0.339,banana,fresh
12170848,12037,91.60,850.70,69.40,0.448,4.158,0.339,banana,fresh
12171858,12038,91.65,850.60,69.55,0.448,4.157,0.340,banana,fresh
12172870,12039,91.70,850.70,69.55,0.448,4.158,0.340,banana,fresh
12173881,12040,91.70,850.55,69.40,0.448,4.157,0.339,banana,fresh
12174893,12041,91.55,850.80,69.40,0.447,4.158,0.339,banana,fresh
12175903,12042,91.65,850.55,69.60,0.448,4.157,0.340,banana,fresh
12176914,12043,91.65,850.60,69.50,0.448,4.157,0.340,banana,fresh
12177926,12044,91.70,850.60,69.50,0.448,4.157,0.340,banana,fresh
12178936,12045,91.60,850.55,69.55,0.448,4.157,0.340,banana,fresh
12179948,12046,91.65,850.45,69.45,0.448,4.157,0.339,banana,fresh
12180959,12047,91.55,850.35,69.70,0.447,4.156,0.341,banana,fresh
12181970,12048,91.60,850.60,69.60,0.448,4.157,0.340,banana,fresh
12182981,12049,91.55,850.60,69.50,0.447,4.157,0.340,banana,fresh
12183992,12050,91.55,850.55,69.65,0.447,4.157,0.340,banana,fresh
12185004,12051,91.65,850.60,69.30,0.448,4.157,0.339,banana,fresh
12186014,12052,91.45,850.70,69.35,0.447,4.158,0.339,banana,fresh
12187026,12053,91.75,850.70,69.50,0.448,4.158,0.340,banana,fresh
12188037,12054,91.70,850.45,69.40,0.448,4.157,0.339,banana,fresh
12189048,12055,91.60,850.65,69.50,0.448,4.158,0.340,banana,fresh
12190059,12056,91.65,850.35,69.70,0.448,4.156,0.341,banana,fresh
12191071,12057,91.80,850.50,69.40,0.449,4.157,0.339,banana,fresh
12192081,12058,91.70,850.35,69.50,0.448,4.156,0.340,banana,fresh
12193092,12059,91.60,850.60,69.40,0.448,4.157,0.339,banana,fresh
12194104,12060,91.80,850.45,69.40,0.449,4.157,0.339,banana,fresh
12195115,12061,91.70,850.65,69.40,0.448,4.158,0.339,banana,fresh
12196126,12062,91.50,850.55,69.30,0.447,4.157,0.339,banana,fresh
12197137,12063,91.55,850.45,69.35,0.447,4.157,0.339,banana,fresh
12198149,12064,91.60,850.65,69.60,0.448,4.158,0.340,banana,fresh
12199159,12065,91.50,850.40,69.30,0.447,4.156,0.339,banana,fresh
12200170,12066,91.65,850.65,69.60,0.448,4.158,0.340,banana,fresh
12201182,12067,91.55,850.65,69.50,0.447,4.158,0.340,banana,fresh
12202192,12068,91.70,850.60,69.55,0.448,4.157,0.340,banana,fresh
12203204,12069,91.50,850.70,69.45,0.447,4.158,0.339,banana,fresh
12204215,12070,91.65,850.45,69.55,0.448,4.157,0.340,banana,fresh
12205227,12071,91.55,850.50,69.65,0.447,4.157,0.340,banana,fresh
12206237,12072,91.70,850.40,69.45,0.448,4.156,0.339,banana,fresh
12207248,12073,91.80,850.45,69.35,0.449,4.157,0.339,banana,fresh
12208260,12074,91.55,850.55,69.55,0.447,4.157,0.340,banana,fresh
12209270,12075,91.55,850.50,69.55,0.447,4.157,0.340,banana,fresh
12210282,12076,91.75,850.50,69.40,0.448,4.157,0.339,banana,fresh
12211293,12077,91.50,850.50,69.40,0.447,4.157,0.339,banana,fresh
12212304,12078,91.60,850.55,69.50,0.448,4.157,0.340,banana,fresh
12213315,12079,91.65,850.55,69.50,0.448,4.157,0.340,banana,fresh
12214327,12080,91.70,850.45,69.45,0.448,4.157,0.339,banana,fresh
12215337,12081,91.85,850.70,69.45,0.449,4.158,0.339,banana,fresh
12216348,12082,91.70,850.50,69.65,0.448,4.157,0.340,banana,fresh
12217360,12083,91.70,850.55,69.40,0.448,4.157,0.339,banana,fresh
12218371,12084,91.65,850.55,69.55,0.448,4.157,0.340,banana,fresh
12219382,12085,91.55,850.60,69.65,0.447,4.157,0.340,banana,fresh
12220393,12086,91.70,850.60,69.40,0.448,4.157,0.339,banana,fresh
12221405,12087,91.60,850.50,69.45,0.448,4.157,0.339,banana,fresh
12222415,12088,91.60,850.60,69.45,0.448,4.157,0.339,banana,fresh
12223426,12089,91.80,850.65,69.40,0.449,4.158,0.339,banana,fresh
12224438,12090,91.55,850.60,69.40,0.447,4.157,0.339,banana,fresh
12225448,12091,91.75,850.80,69.40,0.448,4.158,0.339,banana,fresh
12226460,12092,91.65,850.55,69.50,0.448,4.157,0.340,banana,fresh
12227471,12093,91.60,850.65,69.40,0.448,4.158,0.339,banana,fresh
12228483,12094,91.80,850.50,69.40,0.449,4.157,0.339,banana,fresh
12229493,12095,91.55,850.50,69.55,0.447,4.157,0.340,banana,fresh
12230504,12096,91.70,850.75,69.45,0.448,4.158,0.339,banana,fresh
12231516,12097,91.60,850.75,69.45,0.448,4.158,0.339,banana,fresh
12232526,12098,91.70,850.55,69.50,0.448,4.157,0.340,banana,fresh
12233538,12099,91.50,850.55,69.50,0.447,4.157,0.340,banana,fresh
12234549,12100,91.60,850.70,69.55,0.448,4.158,0.340,banana,fresh
12235560,12101,91.70,850.55,69.45,0.448,4.157,0.339,banana,fresh
12236571,12102,91.70,850.45,69.45,0.448,4.157,0.339,banana,fresh
12237583,12103,91.50,850.60,69.55,0.447,4.157,0.340,banana,fresh
12238594,12104,91.70,850.80,69.45,0.448,4.158,0.339,banana,fresh
12239604,12105,91.60,850.60,69.50,0.448,4.157,0.340,banana,fresh
12240616,12106,91.80,850.55,69.55,0.449,4.157,0.340,banana,fresh
12241627,12107,91.65,850.50,69.65,0.448,4.157,0.340,banana,fresh
12242638,12108,91.75,850.60,69.55,0.448,4.157,0.340,banana,fresh
12243649,12109,91.55,850.70,69.40,0.447,4.158,0.339,banana,fresh
12244661,12110,91.85,850.55,69.50,0.449,4.157,0.340,banana,fresh
12245671,12111,91.70,850.45,69.45,0.448,4.157,0.339,banana,fresh
12246682,12112,91.65,850.60,69.60,0.448,4.157,0.340,banana,fresh
12247694,12113,91.75,850.55,69.55,0.448,4.157,0.340,banana,fresh
12248705,12114,91.75,850.55,69.50,0.448,4.157,0.340,banana,fresh
12249716,12115,91.70,850.45,69.60,0.448,4.157,0.340,banana,fresh
12250727,12116,91.65,850.60,69.45,0.448,4.157,0.339,banana,fresh
12251739,12117,91.60,850.70,69.60,0.448,4.158,0.340,banana,fresh
12252749,12118,91.55,850.45,69.55,0.447,4.157,0.340,banana,fresh
12253761,12119,91.75,850.60,69.50,0.448,4.157,0.340,banana,fresh
12254772,12120,91.80,850.65,69.40,0.449,4.158,0.339,banana,fresh
12255782,12121,91.60,850.65,69.55,0.448,4.158,0.340,banana,fresh
12256794,12122,91.85,850.65,69.60,0.449,4.158,0.340,banana,fresh
12257805,12123,91.75,850.65,69.45,0.448,4.158,0.339,banana,fresh
12258817,12124,91.90,850.45,69.55,0.449,4.157,0.340,banana,fresh
12259827,12125,91.80,850.40,69.40,0.449,4.156,0.339,banana,fresh
12260839,12126,91.70,850.50,69.70,0.448,4.157,0.341,banana,fresh
12261850,12127,91.90,850.55,69.60,0.449,4.157,0.340,banana,fresh
12262860,12128,91.65,850.50,69.40,0.448,4.157,0.339,banana,fresh
12263872,12129,91.55,850.70,69.50,0.447,4.158,0.340,banana,fresh
12264883,12130,91.70,850.45,69.45,0.448,4.157,0.339,banana,fresh
12265894,12131,91.65,850.45,69.70,0.448,4.157,0.341,banana,fresh
12266905,12132,91.85,850.60,69.40,0.449,4.157,0.339,banana,fresh
12267917,12133,91.80,850.40,69.50,0.449,4.156,0.340,banana,fresh
12268928,12134,91.65,850.50,69.50,0.448,4.157,0.340,banana,fresh
12269938,12135,91.65,850.70,69.45,0.448,4.158,0.339,banana,fresh
12270950,12136,91.90,850.65,69.50,0.449,4.158,0.340,banana,fresh
12271961,12137,91.75,850.50,69.40,0.448,4.157,0.339,banana,fresh
12272972,12138,91.80,850.60,69.75,0.449,4.157,0.341,banana,fresh
12273983,12139,91.75,850.65,69.45,0.448,4.158,0.339,banana,fresh
12274995,12140,91.55,850.65,69.50,0.447,4.158,0.340,banana,fresh
12276005,12141,91.80,850.55,69.30,0.449,4.157,0.339,banana,fresh
12277017,12142,91.75,850.50,69.65,0.448,4.157,0.340,banana,fresh
12278028,12143,91.70,850.50,69.60,0.448,4.157,0.340,banana,fresh
12279038,12144,91.75,850.60,69.50,0.448,4.157,0.340,banana,fresh
12280050,12145,91.70,850.80,69.45,0.448,4.158,0.339,banana,fresh
12281061,12146,91.90,850.70,69.50,0.449,4.158,0.340,banana,fresh
12282073,12147,91.70,850.65,69.40,0.448,4.158,0.339,banana,fresh
12283083,12148,91.80,850.35,69.55,0.449,4.156,0.340,banana,fresh
12284095,12149,91.80,850.50,69.60,0.449,4.157,0.340,banana,fresh
12285106,12150,91.70,850.35,69.60,0.448,4.156,0.340,banana,fresh
12286116,12151,91.65,850.65,69.55,0.448,4.158,0.340,banana,fresh
12287128,12152,91.80,850.70,69.50,0.449,4.158,0.340,banana,fresh
12288139,12153,91.75,850.55,69.50,0.448,4.157,0.340,banana,fresh
12289150,12154,91.75,850.90,69.45,0.448,4.159,0.339,banana,fresh
12290161,12155,91.80,850.50,69.65,0.449,4.157,0.340,banana,fresh
12291173,12156,91.80,850.45,69.30,0.449,4.157,0.339,banana,fresh
12292184,12157,91.75,850.50,69.45,0.448,4.157,0.339,banana,fresh
12293194,12158,91.95,850.75,69.50,0.449,4.158,0.340,banana,fresh
12294206,12159,91.65,850.50,69.40,0.448,4.157,0.339,banana,fresh
12295217,12160,91.80,850.55,69.30,0.449,4.157,0.339,banana,fresh
12296228,12161,91.70,850.45,69.65,0.448,4.157,0.340,banana,fresh
12297239,12162,91.65,850.55,69.50,0.448,4.157,0.340,banana,fresh
12298251,12163,91.70,850.45,69.35,0.448,4.157,0.339,banana,fresh
12299261,12164,91.80,850.55,69.60,0.449,4.157,0.340,banana,fresh
12300272,12165,91.75,850.55,69.50,0.448,4.157,0.340,banana,fresh
12301284,12166,91.55,850.70,69.60,0.447,4.158,0.340,banana,fresh
12302295,12167,91.75,850.45,69.45,0.448,4.157,0.339,banana,fresh
12303306,12168,91.85,850.50,69.40,0.449,4.157,0.339,banana,fresh
12304317,12169,91.75,850.55,69.35,0.448,4.157,0.339,banana,fresh
12305329,12170,91.85,850.60,69.40,0.449,4.157,0.339,banana,fresh
12306339,12171,91.70,850.55,69.60,0.448,4.157,0.340,banana,fresh
12307350,12172,91.60,850.40,69.50,0.448,4.156,0.340,banana,fresh
12308362,12173,91.65,850.45,69.60,0.448,4.157,0.340,banana,fresh
12309372,12174,91.75,850.45,69.45,0.448,4.157,0.339,banana,fresh
12310384,12175,91.80,850.60,69.50,0.449,4.157,0.340,banana,fresh
12311395,12176,91.85,850.80,69.45,0.449,4.158,0.339,banana,fresh
12312407,12177,91.80,850.70,69.60,0.449,4.158,0.340,banana,fresh
12313417,12178,91.70,850.60,69.55,0.448,4.157,0.340,banana,fresh
12314428,12179,91.90,850.60,69.65,0.449,4.157,0.340,banana,fresh
12315440,12180,91.90,850.65,69.60,0.449,4.158,0.340,banana,fresh
12316450,12181,91.80,850.40,69.60,0.449,4.156,0.340,banana,fresh
12317462,12182,91.85,850.60,69.55,0.449,4.157,0.340,banana,fresh
12318473,12183,91.65,850.50,69.40,0.448,4.157,0.339,banana,fresh
12319484,12184,91.95,850.55,69.35,0.449,4.157,0.339,banana,fresh
12320495,12185,91.70,850.60,69.65,0.448,4.157,0.340,banana,fresh
12321506,12186,91.85,850.60,69.65,0.449,4.157,0.340,banana,fresh
12322518,12187,91.60,850.45,69.50,0.448,4.157,0.340,banana,fresh
12323528,12188,91.80,850.60,69.50,0.449,4.157,0.340,banana,fresh
12324540,12189,91.85,850.35,69.50,0.449,4.156,0.340,banana,fresh
12325551,12190,91.85,850.80,69.40,0.449,4.158,0.339,banana,fresh
12326562,12191,91.65,850.45,69.45,0.448,4.157,0.339,banana,fresh
12327573,12192,91.85,850.45,69.55,0.449,4.157,0.340,banana,fresh
12328585,12193,91.80,850.55,69.25,0.449,4.157,0.338,banana,fresh
12329595,12194,91.85,850.65,69.45,0.449,4.158,0.339,banana,fresh
12330606,12195,91.90,850.55,69.50,0.449,4.157,0.340,banana,fresh
12331618,12196,91.80,850.55,69.35,0.449,4.157,0.339,banana,fresh
12332628,12197,91.90,850.50,69.60,0.449,4.157,0.340,banana,fresh
12333640,12198,91.70,850.65,69.65,0.448,4.158,0.340,banana,fresh
12334651,12199,91.75,850.70,69.25,0.448,4.158,0.338,banana,fresh
12335663,12200,91.75,850.55,69.40,0.448,4.157,0.339,banana,fresh
12336673,12201,91.85,850.65,69.60,0.449,4.158,0.340,banana,fresh
12337684,12202,91.75,850.65,69.20,0.448,4.158,0.338,banana,fresh
12338696,12203,91.85,850.75,69.60,0.449,4.158,0.340,banana,fresh
12339706,12204,91.80,850.70,69.30,0.449,4.158,0.339,banana,fresh
12340718,12205,91.85,850.70,69.60,0.449,4.158,0.340,banana,fresh
12341729,12206,91.75,850.70,69.55,0.448,4.158,0.340,banana,fresh
12342740,12207,91.90,850.70,69.50,0.449,4.158,0.340,banana,fresh
12343751,12208,91.90,850.55,69.55,0.449,4.157,0.340,banana,fresh
12344763,12209,91.70,850.70,69.35,0.448,4.158,0.339,banana,fresh
12345774,12210,91.60,850.80,69.35,0.448,4.158,0.339,banana,fresh
12346784,12211,91.85,850.55,69.45,0.449,4.157,0.339,banana,fresh
12347796,12212,91.85,850.65,69.40,0.449,4.158,0.339,banana,fresh
12348807,12213,91.75,850.65,69.35,0.448,4.158,0.339,banana,fresh
12349818,12214,91.80,850.70,69.45,0.449,4.158,0.339,banana,fresh
12350829,12215,91.75,850.85,69.45,0.448,4.159,0.339,banana,fresh
12351841,12216,91.80,850.70,69.60,0.449,4.158,0.340,banana,fresh
12352851,12217,91.80,850.60,69.60,0.449,4.157,0.340,banana,fresh
12353862,12218,91.70,850.80,69.45,0.448,4.158,0.339,banana,fresh
12354874,12219,91.80,850.55,69.45,0.449,4.157,0.339,banana,fresh
12355885,12220,91.80,850.55,69.50,0.449,4.157,0.340,banana,fresh
12356896,12221,91.75,850.55,69.45,0.448,4.157,0.339,banana,fresh
12357907,12222,91.75,850.65,69.55,0.448,4.158,0.340,banana,fresh
12358919,12223,91.80,850.75,69.45,0.449,4.158,0.339,banana,fresh
12359929,12224,91.95,850.65,69.65,0.449,4.158,0.340,banana,fresh
12360941,12225,91.65,850.65,69.55,0.448,4.158,0.340,banana,fresh
12361952,12226,91.60,850.75,69.45,0.448,4.158,0.339,banana,fresh
12362962,12227,91.80,850.70,69.40,0.449,4.158,0.339,banana,fresh
12363974,12228,91.85,850.60,69.50,0.449,4.157,0.340,banana,fresh
12364985,12229,91.85,850.70,69.45,0.449,4.158,0.339,banana,fresh
12365997,12230,91.80,850.90,69.40,0.449,4.159,0.339,banana,fresh
12367007,12231,91.75,850.55,69.65,0.448,4.157,0.340,banana,fresh
12368019,12232,91.85,850.70,69.40,0.449,4.158,0.339,banana,fresh
12369030,12233,91.95,850.70,69.55,0.449,4.158,0.340,banana,fresh
12370040,12234,91.80,850.90,69.55,0.449,4.159,0.340,banana,fresh
12371052,12235,91.75,850.70,69.50,0.448,4.158,0.340,banana,fresh
12372063,12236,91.85,850.65,69.70,0.449,4.158,0.341,banana,fresh
12373074,12237,91.95,850.60,69.55,0.449,4.157,0.340,banana,fresh
12374085,12238,91.90,850.50,69.70,0.449,4.157,0.341,banana,fresh
12375097,12239,91.85,850.75,69.50,0.449,4.158,0.340,banana,fresh
12376108,12240,91.70,850.60,69.50,0.448,4.157,0.340,banana,fresh
12377118,12241,91.80,850.65,69.65,0.449,4.158,0.340,banana,fresh
12378130,12242,91.70,850.75,69.80,0.448,4.158,0.341,banana,fresh
12379141,12243,91.95,850.60,69.50,0.449,4.157,0.340,banana,fresh
12380152,12244,91.75,850.70,69.45,0.448,4.158,0.339,banana,fresh
12381163,12245,91.80,850.65,69.40,0.449,4.158,0.339,banana,fresh
12382175,12246,91.95,850.65,69.65,0.449,4.158,0.340,banana,fresh
12383185,12247,91.80,850.65,69.35,0.449,4.158,0.339,banana,fresh
12384197,12248,92.00,850.55,69.50,0.450,4.157,0.340,banana,fresh
12385208,12249,91.75,850.60,69.65,0.448,4.157,0.340,banana,fresh
12386219,12250,91.70,850.75,69.35,0.448,4.158,0.339,banana,fresh
12387230,12251,91.65,850.70,69.45,0.448,4.158,0.339,banana,fresh
12388241,12252,91.75,850.70,69.50,0.448,4.158,0.340,banana,fresh
12389253,12253,91.90,850.65,69.40,0.449,4.158,0.339,banana,fresh
12390263,12254,91.80,850.70,69.65,0.449,4.158,0.340,banana,fresh
12391275,12255,91.75,850.80,69.65,0.448,4.158,0.340,banana,fresh
12392286,12256,91.80,850.90,69.55,0.449,4.159,0.340,banana,fresh
12393296,12257,91.95,850.80,69.45,0.449,4.158,0.339,banana,fresh
12394308,12258,91.90,850.90,69.65,0.449,4.159,0.340,banana,fresh
12395319,12259,91.95,850.50,69.75,0.449,4.157,0.341,banana,fresh
12396331,12260,91.80,850.50,69.65,0.449,4.157,0.340,banana,fresh
12397341,12261,91.75,850.70,69.65,0.448,4.158,0.340,banana,fresh
12398353,12262,91.80,850.80,69.60,0.449,4.158,0.340,banana,fresh
12399364,12263,91.80,850.80,69.65,0.449,4.158,0.340,banana,fresh
12400374,12264,91.95,850.65,69.60,0.449,4.158,0.340,banana,fresh
12401386,12265,91.90,850.80,69.70,0.449,4.158,0.341,banana,fresh
12402397,12266,91.80,850.40,69.60,0.449,4.156,0.340,banana,fresh
12403408,12267,91.90,850.75,69.50,0.449,4.158,0.340,banana,fresh
12404419,12268,91.80,850.75,69.65,0.449,4.158,0.340,banana,fresh
12405431,12269,91.80,850.90,69.55,0.449,4.159,0.340,banana,fresh
12406441,12270,91.85,850.70,69.70,0.449,4.158,0.341,banana,fresh
12407452,12271,91.80,850.60,69.60,0.449,4.157,0.340,banana,fresh
12408464,12272,91.85,850.80,69.50,0.449,4.158,0.340,banana,fresh
12409475,12273,91.90,850.75,69.70,0.449,4.158,0.341,banana,fresh
12410486,12274,91.95,850.75,69.60,0.449,4.158,0.340,banana,fresh
12411497,12275,92.00,850.75,69.45,0.450,4.158,0.339,banana,fresh
12412509,12276,91.95,850.65,69.45,0.449,4.158,0.339,banana,fresh
12413519,12277,91.85,850.45,69.55,0.449,4.157,0.340,banana,fresh
12414530,12278,91.90,850.75,69.60,0.449,4.158,0.340,banana,fresh
12415542,12279,91.80,850.70,69.60,0.449,4.158,0.340,banana,fresh
12416552,12280,91.95,850.80,69.65,0.449,4.158,0.340,banana,fresh
12417564,12281,91.95,850.70,69.70,0.449,4.158,0.341,banana,fresh
12418575,12282,91.80,850.60,69.70,0.449,4.157,0.341,banana,fresh
12419587,12283,91.80,850.55,69.60,0.449,4.157,0.340,banana,fresh
12420597,12284,91.75,850.55,69.30,0.448,4.157,0.339,banana,fresh
12421608,12285,92.00,850.80,69.75,0.450,4.158,0.341,banana,fresh
12422620,12286,91.90,850.85,69.70,0.449,4.159,0.341,banana,fresh
12423630,12287,91.85,850.85,69.50,0.449,4.159,0.340,banana,fresh
12424642,12288,91.80,850.70,69.65,0.449,4.158,0.340,banana,fresh
12425653,12289,91.90,850.70,69.75,0.449,4.158,0.341,banana,fresh
12426664,12290,91.90,850.95,69.60,0.449,4.159,0.340,banana,fresh
12427675,12291,91.95,850.80,69.55,0.449,4.158,0.340,banana,fresh
12428687,12292,91.90,850.70,69.55,0.449,4.158,0.340,banana,fresh
12429698,12293,91.85,850.80,69.80,0.449,4.158,0.341,banana,fresh
12430708,12294,91.90,850.85,69.75,0.449,4.159,0.341,banana,fresh
12431720,12295,91.90,850.90,69.70,0.449,4.159,0.341,banana,fresh
12432731,12296,91.80,850.80,69.80,0.449,4.158,0.341,banana,fresh
12433742,12297,91.85,850.80,69.65,0.449,4.158,0.340,banana,fresh
12434753,12298,91.90,850.75,69.45,0.449,4.158,0.339,banana,fresh
12435765,12299,91.95,850.90,69.70,0.449,4.159,0.341,banana,fresh
12436775,12300,91.85,850.60,69.70,0.449,4.157,0.341,banana,fresh
12437786,12301,92.00,850.85,69.60,0.450,4.159,0.340,banana,fresh
12438798,12302,91.80,850.80,69.60,0.449,4.158,0.340,banana,fresh
12439809,12303,91.90,850.75,69.80,0.449,4.158,0.341,banana,fresh
12440820,12304,91.75,850.90,69.80,0.448,4.159,0.341,banana,fresh
12441831,12305,92.00,850.80,69.70,0.450,4.158,0.341,banana,fresh
12442843,12306,91.95,850.75,69.75,0.449,4.158,0.341,banana,fresh
12443853,12307,91.95,850.90,69.65,0.449,4.159,0.340,banana,fresh
12444864,12308,91.95,850.80,69.55,0.449,4.158,0.340,banana,fresh
12445876,12309,91.85,850.90,69.75,0.449,4.159,0.341,banana,fresh
12446886,12310,91.90,850.65,69.70,0.449,4.158,0.341,banana,fresh
12447898,12311,91.90,850.65,69.65,0.449,4.158,0.340,banana,fresh
12448909,12312,92.00,850.90,69.55,0.450,4.159,0.340,banana,fresh
12449921,12313,91.90,850.80,69.45,0.449,4.158,0.339,banana,fresh
12450931,12314,91.95,850.70,69.75,0.449,4.158,0.341,banana,fresh
12451943,12315,92.00,850.85,69.55,0.450,4.159,0.340,banana,fresh
12452954,12316,91.80,850.90,69.70,0.449,4.159,0.341,banana,fresh
12453964,12317,91.95,850.80,69.75,0.449,4.158,0.341,banana,fresh
12454976,12318,91.90,850.85,69.60,0.449,4.159,0.340,banana,fresh
12455987,12319,91.80,850.85,69.60,0.449,4.159,0.340,banana,fresh
12456998,12320,91.90,850.90,69.75,0.449,4.159,0.341,banana,fresh
12458009,12321,91.95,850.90,69.65,0.449,4.159,0.340,banana,fresh
12459021,12322,92.00,850.70,69.90,0.450,4.158,0.342,banana,fresh
12460032,12323,91.75,850.90,69.90,0.448,4.159,0.342,banana,fresh
12461042,12324,91.90,850.90,69.75,0.449,4.159,0.341,banana,fresh
12462054,12325,91.85,850.85,69.70,0.449,4.159,0.341,banana,fresh
12463065,12326,91.85,850.85,69.70,0.449,4.159,0.341,banana,fresh
12464076,12327,91.90,850.75,69.75,0.449,4.158,0.341,banana,fresh
12465087,12328,91.95,850.80,69.70,0.449,4.158,0.341,banana,fresh
12466099,12329,91.85,850.90,69.70,0.449,4.159,0.341,banana,fresh
12467109,12330,91.95,850.85,69.65,0.449,4.159,0.340,banana,fresh
12468120,12331,91.85,850.70,69.65,0.449,4.158,0.340,banana,fresh
12469132,12332,91.85,850.95,69.75,0.449,4.159,0.341,banana,fresh
12470142,12333,91.90,850.85,69.60,0.449,4.159,0.340,banana,fresh
12471154,12334,91.95,850.80,69.70,0.449,4.158,0.341,banana,fresh
12472165,12335,91.85,850.95,69.45,0.449,4.159,0.339,banana,fresh
12473177,12336,92.00,850.85,69.75,0.450,4.159,0.341,banana,fresh
12474187,12337,91.85,850.90,69.60,0.449,4.159,0.340,banana,fresh
12475198,12338,91.90,850.75,69.80,0.449,4.158,0.341,banana,fresh
12476210,12339,91.85,850.85,69.80,0.449,4.159,0.341,banana,fresh
12477220,12340,91.95,850.90,69.75,0.449,4.159,0.341,banana,fresh
12478232,12341,92.00,850.85,69.70,0.450,4.159,0.341,banana,fresh
12479243,12342,91.90,850.80,69.60,0.449,4.158,0.340,banana,fresh
12480254,12343,91.85,850.90,69.75,0.449,4.159,0.341,banana,fresh
12481265,12344,91.85,850.85,69.70,0.449,4.159,0.341,banana,fresh
12482277,12345,91.95,850.75,69.70,0.449,4.158,0.341,banana,fresh
12483288,12346,91.95,850.90,69.70,0.449,4.159,0.341,banana,fresh
12484298,12347,91.95,850.80,69.60,0.449,4.158,0.340,banana,fresh
12485310,12348,92.00,850.90,69.90,0.450,4.159,0.342,banana,fresh
12486321,12349,91.90,850.90,69.70,0.449,4.159,0.341,banana,fresh
12487332,12350,91.95,850.85,69.70,0.449,4.159,0.341,banana,fresh
12488343,12351,92.00,850.80,69.85,0.450,4.158,0.341,banana,fresh
12489355,12352,91.95,850.95,69.65,0.449,4.159,0.340,banana,fresh
12490365,12353,91.95,850.65,69.60,0.449,4.158,0.340,banana,fresh
12491376,12354,91.80,850.80,69.60,0.449,4.158,0.340,banana,fresh
12492388,12355,92.00,851.00,69.70,0.450,4.159,0.341,banana,fresh
12493399,12356,91.90,850.75,69.50,0.449,4.158,0.340,banana,fresh
12494410,12357,92.00,850.85,69.85,0.450,4.159,0.341,banana,fresh
12495421,12358,92.00,850.90,69.65,0.450,4.159,0.340,banana,fresh
12496433,12359,91.90,850.85,69.75,0.449,4.159,0.341,banana,fresh
12497443,12360,91.85,850.85,69.80,0.449,4.159,0.341,banana,fresh
12498454,12361,91.95,850.95,69.60,0.449,4.159,0.340,banana,fresh
12499466,12362,92.00,850.80,69.70,0.450,4.158,0.341,banana,fresh
12500476,12363,91.95,850.85,69.70,0.449,4.159,0.341,banana,fresh
12501488,12364,91.95,850.90,69.65,0.449,4.159,0.340,banana,fresh
12502499,12365,92.00,850.90,69.80,0.450,4.159,0.341,banana,fresh
12503511,12366,91.95,850.85,69.80,0.449,4.159,0.341,banana,fresh
12504521,12367,91.95,850.85,69.55,0.449,4.159,0.340,banana,fresh
12505532,12368,92.00,850.90,69.70,0.450,4.159,0.341,banana,fresh
12506544,12369,91.85,850.95,69.75,0.449,4.159,0.341,banana,fresh
12507554,12370,91.95,850.95,69.70,0.449,4.159,0.341,banana,fresh
12508566,12371,91.85,850.90,69.75,0.449,4.159,0.341,banana,fresh
12509577,12372,91.90,851.00,69.65,0.449,4.159,0.340,banana,fresh
12510588,12373,91.90,850.95,69.90,0.449,4.159,0.342,banana,fresh
12511599,12374,91.95,850.85,69.70,0.449,4.159,0.341,banana,fresh
12512610,12375,91.95,850.90,69.85,0.449,4.159,0.341,banana,fresh
12513622,12376,91.75,850.95,69.65,0.448,4.159,0.340,banana,fresh
12514632,12377,91.95,850.85,69.75,0.449,4.159,0.341,banana,fresh
12515644,12378,91.90,850.90,69.70,0.449,4.159,0.341,banana,fresh
12516655,12379,92.00,850.85,70.00,0.450,4.159,0.342,banana,fresh
12517666,12380,92.00,850.65,69.70,0.450,4.158,0.341,banana,fresh
12518677,12381,92.00,851.00,69.65,0.450,4.159,0.340,banana,fresh
12519689,12382,91.95,850.90,69.70,0.449,4.159,0.341,banana,fresh
12520699,12383,91.90,850.95,69.60,0.449,4.159,0.340,banana,fresh
12521710,12384,91.95,850.85,69.70,0.449,4.159,0.341,banana,fresh
12522722,12385,91.95,850.90,69.80,0.449,4.159,0.341,banana,fresh
12523732,12386,91.95,850.95,69.75,0.449,4.159,0.341,banana,fresh
12524744,12387,91.95,850.90,69.70,0.449,4.159,0.341,banana,fresh
12525755,12388,92.00,850.95,69.70,0.450,4.159,0.341,banana,fresh
12526767,12389,91.95,850.80,69.80,0.449,4.158,0.341,banana,fresh
12527777,12390,91.90,850.85,69.75,0.449,4.159,0.341,banana,fresh
12528788,12391,91.90,850.90,69.75,0.449,4.159,0.341,banana,fresh
12529800,12392,91.95,851.00,69.70,0.449,4.159,0.341,banana,fresh
12530810,12393,91.90,850.75,69.85,0.449,4.158,0.341,banana,fresh
12531822,12394,91.95,850.85,69.70,0.449,4.159,0.341,banana,fresh
12532833,12395,91.90,850.90,69.85,0.449,4.159,0.341,banana,fresh
12533844,12396,92.00,850.95,69.55,0.450,4.159,0.340,banana,fresh
12534855,12397,91.95,850.85,69.80,0.449,4.159,0.341,banana,fresh
12535867,12398,91.85,850.95,69.60,0.449,4.159,0.340,banana,fresh
12536878,12399,91.95,850.85,69.75,0.449,4.159,0.341,banana,fresh
12537888,12400,92.00,850.95,69.85,0.450,4.159,0.341,banana,fresh
12538900,12401,91.95,850.80,69.85,0.449,4.158,0.341,banana,fresh
12539911,12402,91.95,850.95,69.65,0.449,4.159,0.340,banana,fresh
12540922,12403,91.90,851.00,69.65,0.449,4.159,0.340,banana,fresh
12541933,12404,91.90,850.95,69.80,0.449,4.159,0.341,banana,fresh
12542945,12405,91.95,850.85,69.75,0.449,4.159,0.341,banana,fresh
12543955,12406,92.00,850.90,69.75,0.450,4.159,0.341,banana,fresh
12544966,12407,91.90,850.90,69.65,0.449,4.159,0.340,banana,fresh
12545978,12408,91.90,850.95,69.90,0.449,4.159,0.342,banana,fresh
12546989,12409,92.00,850.95,69.70,0.450,4.159,0.341,banana,fresh
12548000,12410,91.95,850.90,69.95,0.449,4.159,0.342,banana,fresh
12549011,12411,91.90,851.00,69.75,0.449,4.159,0.341,banana,fresh
12550023,12412,92.00,850.95,69.70,0.450,4.159,0.341,banana,fresh
12551033,12413,92.00,850.80,69.80,0.450,4.158,0.341,banana,fresh
12552044,12414,91.90,850.95,69.80,0.449,4.159,0.341,banana,fresh
12553056,12415,91.85,851.00,69.75,0.449,4.159,0.341,banana,fresh
12554066,12416,91.90,850.95,69.75,0.449,4.159,0.341,banana,fresh
12555078,12417,91.95,851.00,69.70,0.449,4.159,0.341,banana,fresh
12556089,12418,91.95,850.90,69.80,0.449,4.159,0.341,banana,fresh
12557101,12419,91.90,850.85,69.75,0.449,4.159,0.341,banana,fresh
12558111,12420,91.80,850.80,69.60,0.449,4.158,0.340,banana,fresh
12559122,12421,91.95,851.00,69.90,0.449,4.159,0.342,banana,fresh
12560134,12422,92.00,850.90,69.60,0.450,4.159,0.340,banana,fresh
12561144,12423,91.95,851.00,69.55,0.449,4.159,0.340,banana,fresh
12562156,12424,92.00,850.85,69.70,0.450,4.159,0.341,banana,fresh
12563167,12425,92.00,850.95,69.75,0.450,4.159,0.341,banana,fresh
12564178,12426,91.95,850.95,69.85,0.449,4.159,0.341,banana,fresh
12565189,12427,91.90,850.80,69.80,0.449,4.158,0.341,banana,fresh
12566200,12428,92.00,850.95,69.80,0.450,4.159,0.341,banana,fresh
12567212,12429,92.00,850.90,69.85,0.450,4.159,0.341,banana,fresh
12568222,12430,91.90,851.00,69.70,0.449,4.159,0.341,banana,fresh
12569234,12431,91.95,850.95,69.80,0.449,4.159,0.341,banana,fresh
12570245,12432,91.85,851.00,69.80,0.449,4.159,0.341,banana,fresh
12571256,12433,91.95,850.75,69.85,0.449,4.158,0.341,banana,fresh
12572267,12434,91.80,851.00,69.70,0.449,4.159,0.341,banana,fresh
12573278,12435,92.00,850.95,69.70,0.450,4.159,0.341,banana,fresh
12574289,12436,91.90,850.95,69.75,0.449,4.159,0.341,banana,fresh
12575300,12437,92.00,850.95,69.70,0.450,4.159,0.341,banana,fresh
12576312,12438,92.10,850.90,69.55,0.450,4.159,0.340,banana,fresh
12577323,12439,91.95,850.90,69.80,0.449,4.159,0.341,banana,fresh
12578334,12440,91.95,850.95,69.65,0.449,4.159,0.340,banana,fresh
12579345,12441,91.95,850.95,69.90,0.449,4.159,0.342,banana,fresh
12580357,12442,91.95,850.85,69.65,0.449,4.159,0.340,banana,fresh
12581367,12443,91.90,850.95,69.80,0.449,4.159,0.341,banana,fresh
12582378,12444,92.00,850.85,69.70,0.450,4.159,0.341,banana,fresh
12583390,12445,91.85,850.80,69.95,0.449,4.158,0.342,banana,fresh
12584400,12446,92.00,850.90,69.80,0.450,4.159,0.341,banana,fresh
12585412,12447,91.95,851.00,69.70,0.449,4.159,0.341,banana,fresh
12586423,12448,91.85,851.00,69.85,0.449,4.159,0.341,banana,fresh
12587435,12449,92.00,850.95,69.65,0.450,4.159,0.340,banana,fresh
12588445,12450,91.90,850.95,69.85,0.449,4.159,0.341,banana,fresh
12589456,12451,92.00,850.95,69.80,0.450,4.159,0.341,banana,fresh
12590468,12452,92.00,851.00,69.70,0.450,4.159,0.341,banana,fresh
12591478,12453,91.90,851.00,69.75,0.449,4.159,0.341,banana,fresh
12592490,12454,92.00,851.00,69.85,0.450,4.159,0.341,banana,fresh
12593501,12455,92.00,851.00,69.55,0.450,4.159,0.340,banana,fresh
12594512,12456,91.95,850.90,69.70,0.449,4.159,0.341,banana,fresh
12595523,12457,92.00,850.95,69.80,0.450,4.159,0.341,banana,fresh
12596534,12458,91.95,850.85,69.60,0.449,4.159,0.340,banana,fresh
12597545,12459,91.90,851.05,69.80,0.449,4.160,0.341,banana,fresh
12598556,12460,91.95,850.95,69.75,0.449,4.159,0.341,banana,fresh
12599568,12461,91.95,850.95,69.75,0.449,4.159,0.341,banana,fresh
12600579,12462,91.95,850.85,69.95,0.449,4.159,0.342,banana,fresh
12601590,12463,91.95,850.95,69.80,0.449,4.159,0.341,banana,fresh
12602601,12464,91.95,850.95,69.80,0.449,4.159,0.341,banana,fresh
12603612,12465,91.95,850.90,69.75,0.449,4.159,0.341,banana,fresh
12604623,12466,91.85,850.95,69.85,0.449,4.159,0.341,banana,fresh
12605634,12467,91.90,850.85,69.80,0.449,4.159,0.341,banana,fresh
12606646,12468,92.00,850.90,69.85,0.450,4.159,0.341,banana,fresh
12607656,12469,91.90,850.95,69.70,0.449,4.159,0.341,banana,fresh
12608668,12470,92.00,850.90,69.70,0.450,4.159,0.341,banana,fresh
12609679,12471,91.95,851.00,69.90,0.449,4.159,0.342,banana,fresh
12610690,12472,92.00,851.00,69.80,0.450,4.159,0.341,banana,fresh
12611701,12473,91.95,850.95,69.85,0.449,4.159,0.341,banana,fresh
12612712,12474,92.00,850.95,69.70,0.450,4.159,0.341,banana,fresh
12613724,12475,91.90,850.95,69.75,0.449,4.159,0.341,banana,fresh
12614734,12476,92.00,851.00,69.85,0.450,4.159,0.341,banana,fresh
12615746,12477,91.90,851.00,69.85,0.449,4.159,0.341,banana,fresh
12616757,12478,92.00,850.85,69.65,0.450,4.159,0.340,banana,fresh
12617767,12479,91.95,850.95,69.80,0.449,4.159,0.341,banana,fresh
12618779,12480,92.05,851.00,69.90,0.450,4.159,0.342,banana,fresh
12619790,12481,91.90,851.00,69.80,0.449,4.159,0.341,banana,fresh
12620802,12482,92.00,850.95,69.80,0.450,4.159,0.341,banana,fresh
12621812,12483,91.90,850.95,69.80,0.449,4.159,0.341,banana,fresh
12622824,12484,91.85,850.95,69.90,0.449,4.159,0.342,banana,fresh
12623835,12485,91.95,850.90,69.70,0.449,4.159,0.341,banana,fresh
12624845,12486,91.90,851.00,69.60,0.449,4.159,0.340,banana,fresh
12625857,12487,91.95,851.00,69.80,0.449,4.159,0.341,banana,fresh
12626868,12488,91.95,850.90,69.70,0.449,4.159,0.341,banana,fresh
12627879,12489,91.95,850.95,69.85,0.449,4.159,0.341,banana,fresh
12628890,12490,92.00,851.00,69.90,0.450,4.159,0.342,banana,fresh
12629902,12491,91.95,851.00,69.65,0.449,4.159,0.340,banana,fresh
12630913,12492,91.95,851.00,69.65,0.449,4.159,0.340,banana,fresh
12631923,12493,91.95,851.00,69.75,0.449,4.159,0.341,banana,fresh
12632935,12494,91.95,850.90,69.70,0.449,4.159,0.341,banana,fresh
12633946,12495,92.00,851.00,69.75,0.450,4.159,0.341,banana,fresh
12634957,12496,92.00,850.90,69.85,0.450,4.159,0.341,banana,fresh
12635968,12497,92.00,851.00,69.75,0.450,4.159,0.341,banana,fresh
12636980,12498,92.00,850.95,69.95,0.450,4.159,0.342,banana,fresh
12637990,12499,92.00,851.00,69.90,0.450,4.159,0.342,banana,fresh
12639001,12500,91.90,850.95,69.75,0.449,4.159,0.341,banana,fresh
12640013,12501,92.00,850.95,69.80,0.450,4.159,0.341,banana,fresh
12641024,12502,91.95,850.95,69.60,0.449,4.159,0.340,banana,fresh
12642035,12503,92.00,851.00,69.75,0.450,4.159,0.341,banana,fresh
12643046,12504,92.00,850.85,69.75,0.450,4.159,0.341,banana,fresh
12644058,12505,91.95,851.00,69.85,0.449,4.159,0.341,banana,fresh
12645068,12506,91.90,850.90,69.60,0.449,4.159,0.340,banana,fresh
12646079,12507,91.85,851.00,69.80,0.449,4.159,0.341,banana,fresh
12647091,12508,92.00,851.00,69.80,0.450,4.159,0.341,banana,fresh
12648101,12509,91.90,851.00,69.75,0.449,4.159,0.341,banana,fresh
12649113,12510,92.00,850.85,69.90,0.450,4.159,0.342,banana,fresh
12650124,12511,92.00,851.00,69.90,0.450,4.159,0.342,banana,fresh
12651134,12512,91.90,850.95,69.80,0.449,4.159,0.341,banana,fresh
12652146,12513,91.95,851.00,69.65,0.449,4.159,0.340,banana,fresh
12653157,12514,92.00,851.00,69.80,0.450,4.159,0.341,banana,fresh
12654169,12515,92.00,850.90,69.85,0.450,4.159,0.341,banana,fresh
12655179,12516,91.95,851.00,69.70,0.449,4.159,0.341,banana,fresh
12656191,12517,91.95,850.95,69.70,0.449,4.159,0.341,banana,fresh
12657202,12518,92.00,851.00,69.80,0.450,4.159,0.341,banana,fresh
12658212,12519,91.95,851.00,69.75,0.449,4.159,0.341,banana,fresh
12659224,12520,91.90,850.95,69.80,0.449,4.159,0.341,banana,fresh
12660235,12521,91.95,851.00,69.90,0.449,4.159,0.342,banana,fresh
12661246,12522,91.85,851.00,69.85,0.449,4.159,0.341,banana,fresh
12662257,12523,91.85,850.90,69.75,0.449,4.159,0.341,banana,fresh
12663269,12524,91.90,851.00,69.70,0.449,4.159,0.341,banana,fresh
12664280,12525,91.90,850.95,69.90,0.449,4.159,0.342,banana,fresh
12665291,12526,92.00,851.00,69.80,0.450,4.159,0.341,banana,fresh
12666302,12527,91.95,851.00,69.80,0.449,4.159,0.341,banana,fresh
12667313,12528,91.95,850.95,69.85,0.449,4.159,0.341,banana,fresh
12668324,12529,91.85,850.90,69.80,0.449,4.159,0.341,banana,fresh
12669335,12530,92.10,850.95,69.75,0.450,4.159,0.341,banana,fresh
12670347,12531,92.00,851.00,69.65,0.450,4.159,0.340,banana,fresh
12671357,12532,91.90,850.95,69.70,0.449,4.159,0.341,banana,fresh
12672369,12533,91.85,850.95,69.70,0.449,4.159,0.341,banana,fresh
12673380,12534,91.95,850.95,69.85,0.449,4.159,0.341,banana,fresh
12674391,12535,92.00,851.00,69.80,0.450,4.159,0.341,banana,fresh
12675402,12536,91.95,850.95,69.90,0.449,4.159,0.342,banana,fresh
12676413,12537,91.95,850.90,69.50,0.449,4.159,0.340,banana,fresh
12677425,12538,92.05,850.95,69.65,0.450,4.159,0.340,banana,fresh
12678435,12539,92.00,850.95,69.55,0.450,4.159,0.340,banana,fresh
12679446,12540,91.95,851.00,69.60,0.449,4.159,0.340,banana,fresh
12680458,12541,92.00,850.90,69.85,0.450,4.159,0.341,banana,fresh
12681468,12542,91.95,850.95,69.65,0.449,4.159,0.340,banana,fresh
12682480,12543,91.95,851.00,69.80,0.449,4.159,0.341,banana,fresh
12683491,12544,92.00,850.90,69.85,0.450,4.159,0.341,banana,fresh
12684503,12545,91.95,851.00,69.70,0.449,4.159,0.341,banana,fresh
12685513,12546,91.95,851.00,69.80,0.449,4.159,0.341,banana,fresh
12686524,12547,91.95,851.00,69.70,0.449,4.159,0.341,banana,fresh
12687536,12548,91.90,851.00,69.75,0.449,4.159,0.341,banana,fresh
12688546,12549,91.95,851.00,69.70,0.449,4.159,0.341,banana,fresh
12689558,12550,92.00,851.00,69.90,0.450,4.159,0.342,banana,fresh
12690569,12551,91.95,851.00,69.70,0.449,4.159,0.341,banana,fresh
12691580,12552,91.85,851.00,69.70,0.449,4.159,0.341,banana,fresh
12692591,12553,91.90,851.00,69.75,0.449,4.159,0.341,banana,fresh
12693602,12554,92.00,850.95,69.65,0.450,4.159,0.340,banana,fresh
12694614,12555,92.00,851.00,69.70,0.450,4.159,0.341,banana,fresh
12695624,12556,91.85,851.00,69.85,0.449,4.159,0.341,banana,fresh
12696636,12557,92.00,851.00,69.80,0.450,4.159,0.341,banana,fresh
12697647,12558,91.90,851.00,69.85,0.449,4.159,0.341,banana,fresh
12698658,12559,91.95,851.00,69.95,0.449,4.159,0.342,banana,fresh
12699669,12560,91.95,850.95,69.75,0.449,4.159,0.341,banana,fresh
12700680,12561,91.80,851.00,69.65,0.449,4.159,0.340,banana,fresh
12701691,12562,91.95,851.00,69.80,0.449,4.159,0.341,banana,fresh
12702702,12563,92.00,851.00,69.65,0.450,4.159,0.340,banana,fresh
12703714,12564,91.95,850.95,69.70,0.449,4.159,0.341,banana,fresh
12704724,12565,91.85,851.00,69.80,0.449,4.159,0.341,banana,fresh
12705736,12566,91.95,851.00,69.70,0.449,4.159,0.341,banana,fresh
12706747,12567,91.95,850.95,69.75,0.449,4.159,0.341,banana,fresh
12707758,12568,92.05,851.05,69.75,0.450,4.160,0.341,banana,fresh
12708769,12569,92.00,851.00,69.65,0.450,4.159,0.340,banana,fresh
12709780,12570,91.95,850.90,69.70,0.449,4.159,0.341,banana,fresh
12710792,12571,91.95,851.00,69.85,0.449,4.159,0.341,banana,fresh
12711802,12572,92.00,851.00,69.65,0.450,4.159,0.340,banana,fresh
12712813,12573,91.95,851.00,69.85,0.449,4.159,0.341,banana,fresh
12713825,12574,91.95,851.00,69.75,0.449,4.159,0.341,banana,fresh
12714835,12575,92.00,850.95,69.70,0.450,4.159,0.341,banana,fresh
12715847,12576,91.80,850.95,69.70,0.449,4.159,0.341,banana,fresh
12716858,12577,91.90,851.00,69.75,0.449,4.159,0.341,banana,fresh
12717870,12578,91.95,851.00,69.65,0.449,4.159,0.340,banana,fresh
12718880,12579,92.00,850.95,69.70,0.450,4.159,0.341,banana,fresh
12719891,12580,91.85,851.00,69.75,0.449,4.159,0.341,banana,fresh
12720903,12581,91.95,851.00,69.80,0.449,4.159,0.341,banana,fresh
12721913,12582,91.90,851.00,69.65,0.449,4.159,0.340,banana,fresh
12722925,12583,92.00,851.00,69.85,0.450,4.159,0.341,banana,fresh
12723936,12584,92.00,851.00,69.95,0.450,4.159,0.342,banana,fresh
12724947,12585,92.05,851.00,69.85,0.450,4.159,0.341,banana,fresh
12725958,12586,92.00,850.95,69.65,0.450,4.159,0.340,banana,fresh
12726969,12587,91.90,851.00,69.85,0.449,4.159,0.341,banana,fresh
12727981,12588,92.00,851.00,69.80,0.450,4.159,0.341,banana,fresh
12728991,12589,92.05,851.00,69.70,0.450,4.159,0.341,banana,fresh
12730003,12590,91.95,851.00,69.80,0.449,4.159,0.341,banana,fresh
12731014,12591,92.00,850.95,69.75,0.450,4.159,0.341,banana,fresh
12732025,12592,92.00,851.00,69.70,0.450,4.159,0.341,banana,fresh
12733036,12593,91.90,851.00,69.70,0.449,4.159,0.341,banana,fresh
12734047,12594,91.90,851.00,69.80,0.449,4.159,0.341,banana,fresh
12735058,12595,92.00,851.00,69.75,0.450,4.159,0.341,banana,fresh
12736069,12596,91.90,850.95,69.65,0.449,4.159,0.340,banana,fresh
12737081,12597,92.00,851.00,69.65,0.450,4.159,0.340,banana,fresh
12738092,12598,91.95,851.00,69.95,0.449,4.159,0.342,banana,fresh
12739103,12599,91.90,850.95,69.80,0.449,4.159,0.341,banana,fresh
12740114,12600,92.00,851.00,69.70,0.450,4.159,0.341,banana,fresh
12741125,12601,91.95,851.00,69.85,0.449,4.159,0.341,banana,fresh
12742136,12602,91.90,851.00,69.75,0.449,4.159,0.341,banana,fresh
12743147,12603,92.00,850.95,69.65,0.450,4.159,0.340,banana,fresh
12744159,12604,91.95,850.95,69.50,0.449,4.159,0.340,banana,fresh
12745169,12605,91.95,851.00,69.75,0.449,4.159,0.341,banana,fresh
12746180,12606,91.95,851.00,69.70,0.449,4.159,0.341,banana,fresh
12747192,12607,92.00,851.00,69.60,0.450,4.159,0.340,banana,fresh
12748203,12608,91.85,851.00,69.70,0.449,4.159,0.341,banana,fresh
12749214,12609,91.95,851.00,69.60,0.449,4.159,0.340,banana,fresh
12750225,12610,91.95,851.00,69.75,0.449,4.159,0.341,banana,fresh
12751237,12611,91.95,851.00,69.90,0.449,4.159,0.342,banana,fresh
12752247,12612,92.00,851.00,69.65,0.450,4.159,0.340,banana,fresh
12753258,12613,92.05,851.00,69.75,0.450,4.159,0.341,banana,fresh
12754270,12614,91.90,850.95,69.85,0.449,4.159,0.341,banana,fresh
12755280,12615,92.00,851.00,69.75,0.450,4.159,0.341,banana,fresh
12756292,12616,92.00,850.95,69.60,0.450,4.159,0.340,banana,fresh
12757303,12617,91.90,851.00,69.75,0.449,4.159,0.341,banana,fresh
12758315,12618,91.95,850.95,69.70,0.449,4.159,0.341,banana,fresh
12759325,12619,92.05,851.00,69.75,0.450,4.159,0.341,banana,fresh
12760336,12620,92.00,851.00,69.80,0.450,4.159,0.341,banana,fresh
12761348,12621,92.00,851.00,69.60,0.450,4.159,0.340,banana,fresh
12762358,12622,91.95,850.95,69.80,0.449,4.159,0.341,banana,fresh
12763370,12623,92.00,851.00,69.60,0.450,4.159,0.340,banana,fresh
12764381,12624,92.00,851.00,69.60,0.450,4.159,0.340,banana,fresh
12765392,12625,91.95,851.00,69.75,0.449,4.159,0.341,banana,fresh
12766403,12626,91.95,851.00,69.65,0.449,4.159,0.340,banana,fresh
12767414,12627,92.05,850.95,69.70,0.450,4.159,0.341,banana,fresh
12768425,12628,91.95,851.00,69.65,0.449,4.159,0.340,banana,fresh
12769436,12629,92.00,850.95,69.65,0.450,4.159,0.340,banana,fresh
12770448,12630,91.95,850.95,69.80,0.449,4.159,0.341,banana,fresh
12771459,12631,91.85,850.95,69.75,0.449,4.159,0.341,banana,fresh
12772470,12632,92.00,850.90,69.70,0.450,4.159,0.341,banana,fresh
12773481,12633,91.95,851.00,69.70,0.449,4.159,0.341,banana,fresh
12774492,12634,92.00,850.95,69.65,0.450,4.159,0.340,banana,fresh
12775503,12635,91.90,850.95,69.70,0.449,4.159,0.341,banana,fresh
12776514,12636,91.95,850.95,69.80,0.449,4.159,0.341,banana,fresh
12777526,12637,91.95,851.00,69.60,0.449,4.159,0.340,banana,fresh
12778536,12638,92.00,850.95,69.55,0.450,4.159,0.340,banana,fresh
12779548,12639,92.00,850.95,69.70,0.450,4.159,0.341,banana,fresh
12780559,12640,91.95,851.00,69.50,0.449,4.159,0.340,banana,fresh
12781570,12641,92.05,851.00,69.80,0.450,4.159,0.341,banana,fresh
12782581,12642,92.00,851.00,69.80,0.450,4.159,0.341,banana,fresh
12783592,12643,92.00,851.00,69.60,0.450,4.159,0.340,banana,fresh
12784604,12644,91.95,850.95,69.75,0.449,4.159,0.341,banana,fresh
12785614,12645,91.95,850.95,69.90,0.449,4.159,0.342,banana,fresh
12786626,12646,92.00,851.00,69.70,0.450,4.159,0.341,banana,fresh
12787637,12647,92.00,850.95,69.85,0.450,4.159,0.341,banana,fresh
12788647,12648,91.90,850.95,69.80,0.449,4.159,0.341,banana,fresh
12789659,12649,91.95,851.00,69.70,0.449,4.159,0.341,banana,fresh
12790670,12650,92.00,851.00,69.75,0.450,4.159,0.341,banana,fresh
12791682,12651,92.00,851.00,69.55,0.450,4.159,0.340,banana,fresh
12792692,12652,92.00,851.00,69.40,0.450,4.159,0.339,banana,fresh
12793704,12653,92.00,851.05,69.55,0.450,4.160,0.340,banana,fresh
12794715,12654,91.95,850.95,69.65,0.449,4.159,0.340,banana,fresh
12795725,12655,92.00,850.95,69.60,0.450,4.159,0.340,banana,fresh
12796737,12656,91.90,851.00,69.70,0.449,4.159,0.341,banana,fresh
12797748,12657,92.00,851.00,69.65,0.450,4.159,0.340,banana,fresh
12798759,12658,91.95,851.00,69.75,0.449,4.159,0.341,banana,fresh
12799770,12659,91.90,851.00,69.90,0.449,4.159,0.342,banana,fresh
12800782,12660,92.00,851.00,69.70,0.450,4.159,0.341,banana,fresh
12801793,12661,91.95,851.00,69.80,0.449,4.159,0.341,banana,fresh
12802803,12662,91.90,851.00,69.80,0.449,4.159,0.341,banana,fresh
12803815,12663,91.95,851.00,69.70,0.449,4.159,0.341,banana,fresh
12804826,12664,91.80,851.00,69.70,0.449,4.159,0.341,banana,fresh
12805837,12665,91.75,850.95,69.55,0.448,4.159,0.340,banana,fresh
12806848,12666,91.95,851.00,69.55,0.449,4.159,0.340,banana,fresh
12807860,12667,91.95,851.00,69.75,0.449,4.159,0.341,banana,fresh
12808870,12668,91.90,850.95,69.70,0.449,4.159,0.341,banana,fresh
12809881,12669,92.00,850.95,69.60,0.450,4.159,0.340,banana,fresh
12810893,12670,92.00,851.00,69.45,0.450,4.159,0.339,banana,fresh
12811904,12671,92.00,851.00,69.90,0.450,4.159,0.342,banana,fresh
12812915,12672,92.00,850.95,69.70,0.450,4.159,0.341,banana,fresh
12813926,12673,91.85,850.90,69.70,0.449,4.159,0.341,banana,fresh
12814937,12674,91.85,851.00,69.65,0.449,4.159,0.340,banana,fresh
12815948,12675,92.00,851.00,69.75,0.450,4.159,0.341,banana,fresh
12816959,12676,92.00,851.00,69.80,0.450,4.159,0.341,banana,fresh
12817971,12677,91.95,850.95,69.70,0.449,4.159,0.341,banana,fresh
12818981,12678,92.00,851.00,69.70,0.450,4.159,0.341,banana,fresh
12819993,12679,92.00,851.00,69.75,0.450,4.159,0.341,banana,fresh
12821004,12680,92.00,851.00,69.75,0.450,4.159,0.341,banana,fresh
12822014,12681,92.00,851.00,69.65,0.450,4.159,0.340,banana,fresh
12823026,12682,91.95,851.00,69.75,0.449,4.159,0.341,banana,fresh
12824037,12683,92.00,850.95,69.65,0.450,4.159,0.340,banana,fresh
12825049,12684,91.95,850.95,69.60,0.449,4.159,0.340,banana,fresh
12826059,12685,92.00,851.05,69.70,0.450,4.160,0.341,banana,fresh
12827071,12686,91.95,851.00,69.70,0.449,4.159,0.341,banana,fresh
12828082,12687,92.00,851.00,69.70,0.450,4.159,0.341,banana,fresh
12829092,12688,91.85,851.00,69.65,0.449,4.159,0.340,banana,fresh
12830104,12689,91.90,851.00,69.80,0.449,4.159,0.341,banana,fresh
12831115,12690,92.00,851.00,69.70,0.450,4.159,0.341,banana,fresh
12832126,12691,92.00,851.00,69.80,0.450,4.159,0.341,banana,fresh
12833137,12692,91.95,851.00,69.80,0.449,4.159,0.341,banana,fresh
12834148,12693,92.05,851.05,69.60,0.450,4.160,0.340,banana,fresh
12835160,12694,92.00,851.00,69.75,0.450,4.159,0.341,banana,fresh
12836170,12695,92.05,851.00,69.60,0.450,4.159,0.340,banana,fresh
12837182,12696,91.95,851.00,69.80,0.449,4.159,0.341,banana,fresh
12838193,12697,92.00,851.00,69.80,0.450,4.159,0.341,banana,fresh
12839204,12698,92.00,851.00,69.75,0.450,4.159,0.341,banana,fresh
12840215,12699,91.95,850.95,69.60,0.449,4.159,0.340,banana,fresh
12841226,12700,92.05,850.95,69.60,0.450,4.159,0.340,banana,fresh
12842237,12701,91.90,851.00,69.60,0.449,4.159,0.340,banana,fresh
12843248,12702,91.95,850.95,69.90,0.449,4.159,0.342,banana,fresh
12844260,12703,91.95,851.00,69.75,0.449,4.159,0.341,banana,fresh
12845271,12704,92.00,850.90,69.75,0.450,4.159,0.341,banana,fresh
12846282,12705,91.95,851.00,69.75,0.449,4.159,0.341,banana,fresh
12847293,12706,92.05,851.00,69.75,0.450,4.159,0.341,banana,fresh
12848304,12707,92.00,851.00,69.60,0.450,4.159,0.340,banana,fresh
12849315,12708,92.00,851.00,69.50,0.450,4.159,0.340,banana,fresh
12850326,12709,92.00,851.05,69.70,0.450,4.160,0.341,banana,fresh
12851338,12710,91.95,851.00,69.65,0.449,4.159,0.340,banana,fresh
12852348,12711,92.00,851.00,69.65,0.450,4.159,0.340,banana,fresh
12853359,12712,92.00,851.00,69.90,0.450,4.159,0.342,banana,fresh
12854371,12713,92.00,851.00,69.75,0.450,4.159,0.341,banana,fresh
12855382,12714,91.90,851.00,69.65,0.449,4.159,0.340,banana,fresh
12856393,12715,92.00,851.00,69.65,0.450,4.159,0.340,banana,fresh
12857404,12716,91.95,851.05,69.85,0.449,4.160,0.341,banana,fresh
12858416,12717,91.90,851.00,69.45,0.449,4.159,0.339,banana,fresh
12859426,12718,91.95,851.00,69.70,0.449,4.159,0.341,banana,fresh
12860437,12719,91.95,851.00,69.80,0.449,4.159,0.341,banana,fresh
12861449,12720,92.00,851.00,69.75,0.450,4.159,0.341,banana,fresh
12862459,12721,91.90,851.00,69.80,0.449,4.159,0.341,banana,fresh
12863471,12722,92.00,850.90,69.95,0.450,4.159,0.342,banana,fresh
12864482,12723,91.95,851.00,69.65,0.449,4.159,0.340,banana,fresh
12865494,12724,92.05,851.05,69.75,0.450,4.160,0.341,banana,fresh
12866504,12725,92.00,851.05,69.80,0.450,4.160,0.341,banana,fresh
12867515,12726,91.95,850.95,69.85,0.449,4.159,0.341,banana,fresh
12868527,12727,92.05,851.00,69.80,0.450,4.159,0.341,banana,fresh
12869537,12728,92.05,851.05,69.80,0.450,4.160,0.341,banana,fresh
12870549,12729,92.00,851.00,69.85,0.450,4.159,0.341,banana,fresh
12871560,12730,91.95,851.00,69.70,0.449,4.159,0.341,banana,fresh
12872571,12731,92.00,851.00,69.70,0.450,4.159,0.341,banana,fresh
12873582,12732,92.00,851.00,69.85,0.450,4.159,0.341,banana,fresh
12874593,12733,92.00,851.00,69.75,0.450,4.159,0.341,banana,fresh
12875604,12734,92.00,851.00,69.70,0.450,4.159,0.341,banana,fresh
12876615,12735,92.00,851.00,69.90,0.450,4.159,0.342,banana,fresh
12877627,12736,92.05,851.00,69.70,0.450,4.159,0.341,banana,fresh
12878638,12737,92.05,851.00,69.65,0.450,4.159,0.340,banana,fresh
12879648,12738,92.00,851.00,69.75,0.450,4.159,0.341,banana,fresh
12880660,12739,92.00,851.05,69.70,0.450,4.160,0.341,banana,fresh
12881671,12740,91.95,851.00,69.75,0.449,4.159,0.341,banana,fresh
12882682,12741,92.00,851.00,69.80,0.450,4.159,0.341,banana,fresh
12883693,12742,92.00,851.00,69.75,0.450,4.159,0.341,banana,fresh
12884705,12743,92.00,851.00,69.90,0.450,4.159,0.342,banana,fresh
12885715,12744,91.95,851.00,69.80,0.449,4.159,0.341,banana,fresh
12886726,12745,91.90,851.00,69.70,0.449,4.159,0.341,banana,fresh
12887738,12746,92.00,851.00,69.85,0.450,4.159,0.341,banana,fresh
12888749,12747,92.00,851.00,69.90,0.450,4.159,0.342,banana,fresh
12889760,12748,91.90,851.00,69.95,0.449,4.159,0.342,banana,fresh
12890771,12749,92.00,851.00,69.75,0.450,4.159,0.341,banana,fresh
12891782,12750,92.00,851.00,69.90,0.450,4.159,0.342,banana,fresh
12892793,12751,92.00,851.00,69.65,0.450,4.159,0.340,banana,fresh
12893804,12752,92.00,851.00,69.80,0.450,4.159,0.341,banana,fresh
12894816,12753,92.00,850.95,69.90,0.450,4.159,0.342,banana,fresh
12895826,12754,92.00,851.00,69.95,0.450,4.159,0.342,banana,fresh
12896838,12755,91.95,851.00,69.85,0.449,4.159,0.341,banana,fresh
12897849,12756,91.90,851.00,69.85,0.449,4.159,0.341,banana,fresh
12898860,12757,92.05,851.00,69.85,0.450,4.159,0.341,banana,fresh
12899871,12758,91.95,851.00,69.95,0.449,4.159,0.342,banana,fresh
12900882,12759,91.95,851.00,69.80,0.449,4.159,0.341,banana,fresh
12901894,12760,92.00,851.00,69.95,0.450,4.159,0.342,banana,fresh
12902904,12761,92.00,851.00,69.70,0.450,4.159,0.341,banana,fresh
12903916,12762,91.95,851.00,69.70,0.449,4.159,0.341,banana,fresh
12904927,12763,92.00,851.00,69.70,0.450,4.159,0.341,banana,fresh
12905937,12764,92.00,851.00,69.85,0.450,4.159,0.341,banana,fresh
12906949,12765,92.05,851.00,69.65,0.450,4.159,0.340,banana,fresh
12907960,12766,92.00,851.05,69.85,0.450,4.160,0.341,banana,fresh
12908972,12767,92.00,851.05,69.70,0.450,4.160,0.341,banana,fresh
12909982,12768,92.00,851.00,69.90,0.450,4.159,0.342,banana,fresh
12910993,12769,92.00,851.00,69.80,0.450,4.159,0.341,banana,fresh
12912005,12770,92.00,851.00,69.85,0.450,4.159,0.341,banana,fresh
12913015,12771,92.00,851.00,69.70,0.450,4.159,0.341,banana,fresh
12914027,12772,91.95,851.00,69.75,0.449,4.159,0.341,banana,fresh
12915038,12773,92.00,851.00,69.65,0.450,4.159,0.340,banana,fresh
12916049,12774,91.95,851.00,69.75,0.449,4.159,0.341,banana,fresh
12917060,12775,92.05,851.00,69.80,0.450,4.159,0.341,banana,fresh
12918071,12776,92.00,851.00,69.80,0.450,4.159,0.341,banana,fresh
12919083,12777,92.05,851.00,69.80,0.450,4.159,0.341,banana,fresh
12920093,12778,91.95,851.00,69.90,0.449,4.159,0.342,banana,fresh
12921105,12779,92.00,851.00,69.85,0.450,4.159,0.341,banana,fresh
12922116,12780,92.05,851.00,69.75,0.450,4.159,0.341,banana,fresh
12923126,12781,91.95,851.00,69.70,0.449,4.159,0.341,banana,fresh
12924138,12782,92.00,851.00,69.75,0.450,4.159,0.341,banana,fresh
12925149,12783,92.05,851.00,69.70,0.450,4.159,0.341,banana,fresh
12926160,12784,91.95,850.95,70.00,0.449,4.159,0.342,banana,fresh
12927171,12785,92.10,851.00,69.75,0.450,4.159,0.341,banana,fresh
12928183,12786,92.00,851.05,69.75,0.450,4.160,0.341,banana,fresh
12929193,12787,92.05,850.95,69.75,0.450,4.159,0.341,banana,fresh
12930204,12788,91.95,851.00,69.85,0.449,4.159,0.341,banana,fresh
12931216,12789,92.05,851.00,69.90,0.450,4.159,0.342,banana,fresh
12932227,12790,92.00,851.00,69.85,0.450,4.159,0.341,banana,fresh
12933238,12791,92.00,851.00,69.70,0.450,4.159,0.341,banana,fresh
12934249,12792,91.95,851.05,69.75,0.449,4.160,0.341,banana,fresh
12935261,12793,92.00,851.00,69.85,0.450,4.159,0.341,banana,fresh
12936271,12794,92.00,851.00,69.60,0.450,4.159,0.340,banana,fresh
12937282,12795,92.00,851.00,69.85,0.450,4.159,0.341,banana,fresh
12938294,12796,91.95,851.00,69.75,0.449,4.159,0.341,banana,fresh
12939304,12797,92.00,851.00,69.65,0.450,4.159,0.340,banana,fresh
12940316,12798,92.00,851.00,69.80,0.450,4.159,0.341,banana,fresh
12941327,12799,91.95,851.05,69.80,0.449,4.160,0.341,banana,fresh
12942338,12800,92.00,851.00,69.70,0.450,4.159,0.341,banana,fresh
12943349,12801,91.95,851.05,69.80,0.449,4.160,0.341,banana,fresh
12944360,12802,92.00,851.00,69.70,0.450,4.159,0.341,banana,fresh
12945372,12803,92.00,851.00,69.80,0.450,4.159,0.341,banana,fresh
12946382,12804,92.00,851.00,69.95,0.450,4.159,0.342,banana,fresh
12947394,12805,92.00,850.95,70.00,0.450,4.159,0.342,banana,fresh
12948405,12806,92.10,851.00,69.80,0.450,4.159,0.341,banana,fresh
12949415,12807,91.95,851.00,69.75,0.449,4.159,0.341,banana,fresh
12950427,12808,91.95,851.00,69.75,0.449,4.159,0.341,banana,fresh
12951438,12809,92.00,851.00,69.90,0.450,4.159,0.342,banana,fresh
12952450,12810,91.95,851.00,69.65,0.449,4.159,0.340,banana,fresh
12953460,12811,91.95,850.95,69.95,0.449,4.159,0.342,banana,fresh
12954472,12812,91.95,851.00,69.75,0.449,4.159,0.341,banana,fresh
12955483,12813,92.00,851.00,69.80,0.450,4.159,0.341,banana,fresh
12956493,12814,91.90,851.00,69.65,0.449,4.159,0.340,banana,fresh
12957505,12815,91.95,851.05,69.80,0.449,4.160,0.341,banana,fresh
12958516,12816,92.00,851.00,69.90,0.450,4.159,0.342,banana,fresh
12959527,12817,92.00,851.00,69.90,0.450,4.159,0.342,banana,fresh
12960538,12818,92.00,850.95,69.85,0.450,4.159,0.341,banana,fresh
12961550,12819,91.95,851.00,69.80,0.449,4.159,0.341,banana,fresh
12962561,12820,92.05,851.00,69.85,0.450,4.159,0.341,banana,fresh
12963571,12821,91.95,851.00,69.85,0.449,4.159,0.341,banana,fresh
12964583,12822,92.00,851.00,69.60,0.450,4.159,0.340,banana,fresh
12965594,12823,92.00,851.00,69.85,0.450,4.159,0.341,banana,fresh
12966605,12824,92.00,851.00,69.80,0.450,4.159,0.341,banana,fresh
12967616,12825,92.05,851.05,69.80,0.450,4.160,0.341,banana,fresh
12968627,12826,92.00,851.00,69.80,0.450,4.159,0.341,banana,fresh
12969638,12827,92.00,851.00,69.80,0.450,4.159,0.341,banana,fresh
12970649,12828,92.00,851.00,69.90,0.450,4.159,0.342,banana,fresh
12971661,12829,91.95,851.00,69.65,0.449,4.159,0.340,banana,fresh
12972672,12830,92.00,851.00,69.80,0.450,4.159,0.341,banana,fresh
12973683,12831,91.95,850.95,69.85,0.449,4.159,0.341,banana,fresh
12974694,12832,92.00,851.00,69.90,0.450,4.159,0.342,banana,fresh
12975705,12833,91.95,851.00,69.85,0.449,4.159,0.341,banana,fresh
12976716,12834,91.95,851.00,69.85,0.449,4.159,0.341,banana,fresh
12977727,12835,92.00,851.00,69.85,0.450,4.159,0.341,banana,fresh
12978739,12836,92.00,851.00,69.90,0.450,4.159,0.342,banana,fresh
12979749,12837,92.00,851.05,69.90,0.450,4.160,0.342,banana,fresh
12980761,12838,92.00,851.00,69.80,0.450,4.159,0.341,banana,fresh
12981772,12839,91.95,851.00,69.85,0.449,4.159,0.341,banana,fresh
12982782,12840,92.00,851.00,69.60,0.450,4.159,0.340,banana,fresh
12983794,12841,92.00,851.00,69.70,0.450,4.159,0.341,banana,fresh
12984805,12842,92.00,851.00,69.65,0.450,4.159,0.340,banana,fresh
12985817,12843,91.95,851.00,69.80,0.449,4.159,0.341,banana,fresh
12986827,12844,92.00,851.00,69.80,0.450,4.159,0.341,banana,fresh
12987838,12845,92.00,851.00,69.80,0.450,4.159,0.341,banana,fresh
12988850,12846,92.00,851.00,69.85,0.450,4.159,0.341,banana,fresh
12989860,12847,92.00,851.00,69.85,0.450,4.159,0.341,banana,fresh
12990872,12848,92.00,851.00,69.65,0.450,4.159,0.340,banana,fresh
12991883,12849,92.00,851.05,69.90,0.450,4.160,0.342,banana,fresh
12992894,12850,92.00,851.05,69.90,0.450,4.160,0.342,banana,fresh
12993905,12851,92.00,851.05,69.80,0.450,4.160,0.341,banana,fresh
12994916,12852,91.95,851.00,69.70,0.449,4.159,0.341,banana,fresh
12995928,12853,92.05,850.95,69.80,0.450,4.159,0.341,banana,fresh
12996938,12854,91.95,851.00,69.85,0.449,4.159,0.341,banana,fresh
12997950,12855,91.95,851.00,69.75,0.449,4.159,0.341,banana,fresh
12998961,12856,92.00,851.00,70.00,0.450,4.159,0.342,banana,fresh
12999972,12857,91.90,851.00,69.85,0.449,4.159,0.341,banana,fresh
13000983,12858,92.00,851.00,69.85,0.450,4.159,0.341,banana,fresh
13001994,12859,92.00,851.00,69.70,0.450,4.159,0.341,banana,fresh
13003005,12860,92.00,851.00,69.90,0.450,4.159,0.342,banana,fresh
13004016,12861,92.00,851.00,69.65,0.450,4.159,0.340,banana,fresh
13005028,12862,91.95,851.00,69.85,0.449,4.159,0.341,banana,fresh
13006039,12863,92.00,851.00,69.75,0.450,4.159,0.341,banana,fresh
13007049,12864,91.90,851.00,69.80,0.449,4.159,0.341,banana,fresh
13008061,12865,92.00,851.00,69.75,0.450,4.159,0.341,banana,fresh
13009072,12866,91.90,851.05,69.70,0.449,4.160,0.341,banana,fresh
13010083,12867,91.90,851.00,69.85,0.449,4.159,0.341,banana,fresh
13011094,12868,92.00,851.05,69.80,0.450,4.160,0.341,banana,fresh
13012106,12869,92.00,851.00,69.80,0.450,4.159,0.341,banana,fresh
13013116,12870,92.00,851.00,69.75,0.450,4.159,0.341,banana,fresh
13014127,12871,92.00,851.00,69.85,0.450,4.159,0.341,banana,fresh
13015139,12872,91.90,851.05,69.75,0.449,4.160,0.341,banana,fresh
13016150,12873,91.95,851.00,69.90,0.449,4.159,0.342,banana,fresh
13017161,12874,92.00,851.00,69.80,0.450,4.159,0.341,banana,fresh
13018172,12875,91.95,850.95,69.55,0.449,4.159,0.340,banana,fresh
13019184,12876,92.00,851.00,69.85,0.450,4.159,0.341,banana,fresh
13020194,12877,92.00,851.00,69.80,0.450,4.159,0.341,banana,fresh
13021205,12878,92.00,851.00,69.75,0.450,4.159,0.341,banana,fresh
13022217,12879,91.85,851.00,69.55,0.449,4.159,0.340,banana,fresh
13023227,12880,91.95,851.00,69.90,0.449,4.159,0.342,banana,fresh
13024239,12881,92.00,851.00,69.85,0.450,4.159,0.341,banana,fresh
13025250,12882,92.05,851.00,69.85,0.450,4.159,0.341,banana,fresh
13026260,12883,92.00,851.00,69.75,0.450,4.159,0.341,banana,fresh
13027272,12884,91.95,851.00,69.75,0.449,4.159,0.341,banana,fresh
13028283,12885,91.95,851.00,69.95,0.449,4.159,0.342,banana,fresh
13029295,12886,92.00,851.00,69.95,0.450,4.159,0.342,banana,fresh
13030305,12887,91.90,851.00,69.85,0.449,4.159,0.341,banana,fresh
13031317,12888,92.00,851.05,69.75,0.450,4.160,0.341,banana,fresh
13032328,12889,92.00,851.05,69.95,0.450,4.160,0.342,banana,fresh
13033338,12890,92.00,851.00,69.90,0.450,4.159,0.342,banana,fresh
13034350,12891,92.00,851.00,69.75,0.450,4.159,0.341,banana,fresh
13035361,12892,91.95,851.00,69.80,0.449,4.159,0.341,banana,fresh
13036372,12893,91.95,851.00,69.80,0.449,4.159,0.341,banana,fresh
13037383,12894,91.95,851.00,69.65,0.449,4.159,0.340,banana,fresh
13038394,12895,92.00,851.00,69.70,0.450,4.159,0.341,banana,fresh
13039406,12896,91.95,851.00,69.90,0.449,4.159,0.342,banana,fresh
13040416,12897,92.00,851.00,69.75,0.450,4.159,0.341,banana,fresh
13041428,12898,92.00,851.00,69.85,0.450,4.159,0.341,banana,fresh
13042439,12899,91.95,851.00,69.80,0.449,4.159,0.341,banana,fresh
13043450,12900,92.00,851.00,69.75,0.450,4.159,0.341,banana,fresh
13044461,12901,91.90,851.05,69.80,0.449,4.160,0.341,banana,fresh
13045472,12902,92.00,851.00,69.85,0.450,4.159,0.341,banana,fresh
13046483,12903,92.00,851.00,69.75,0.450,4.159,0.341,banana,fresh
13047494,12904,91.90,851.00,69.80,0.449,4.159,0.341,banana,fresh
13048506,12905,91.95,851.00,69.95,0.449,4.159,0.342,banana,fresh
13049517,12906,91.80,851.00,69.75,0.449,4.159,0.341,banana,fresh
13050528,12907,92.00,851.05,69.85,0.450,4.160,0.341,banana,fresh
13051539,12908,92.00,851.05,69.85,0.450,4.160,0.341,banana,fresh
13052550,12909,92.05,851.00,69.80,0.450,4.159,0.341,banana,fresh
13053561,12910,92.00,851.00,69.90,0.450,4.159,0.342,banana,fresh
13054572,12911,91.95,851.00,69.85,0.449,4.159,0.341,banana,fresh
13055584,12912,92.00,851.00,69.95,0.450,4.159,0.342,banana,fresh
13056594,12913,91.95,851.00,69.70,0.449,4.159,0.341,banana,fresh
13057605,12914,91.90,851.00,69.80,0.449,4.159,0.341,banana,fresh
13058617,12915,92.00,851.00,69.90,0.450,4.159,0.342,banana,fresh
13059628,12916,91.95,851.05,69.90,0.449,4.160,0.342,banana,fresh
13060639,12917,92.00,851.00,69.85,0.450,4.159,0.341,banana,fresh
13061650,12918,92.00,851.00,69.80,0.450,4.159,0.341,banana,fresh
13062662,12919,92.00,851.00,69.85,0.450,4.159,0.341,banana,fresh
13063672,12920,91.95,851.00,69.85,0.449,4.159,0.341,banana,fresh
13064683,12921,91.95,851.00,69.85,0.449,4.159,0.341,banana,fresh
13065695,12922,92.00,851.00,69.85,0.450,4.159,0.341,banana,fresh
13066705,12923,92.00,851.00,69.80,0.450,4.159,0.341,banana,fresh
13067717,12924,91.90,851.00,69.65,0.449,4.159,0.340,banana,fresh
13068728,12925,92.00,851.05,69.85,0.450,4.160,0.341,banana,fresh
13069740,12926,91.90,851.00,69.90,0.449,4.159,0.342,banana,fresh
13070750,12927,91.85,851.00,69.85,0.449,4.159,0.341,banana,fresh
13071761,12928,91.95,851.00,69.85,0.449,4.159,0.341,banana,fresh
13072773,12929,92.00,851.00,69.90,0.450,4.159,0.342,banana,fresh
13073783,12930,91.95,851.00,69.85,0.449,4.159,0.341,banana,fresh
13074795,12931,91.90,851.00,69.95,0.449,4.159,0.342,banana,fresh
13075806,12932,91.95,851.00,69.70,0.449,4.159,0.341,banana,fresh
13076817,12933,91.95,851.00,69.80,0.449,4.159,0.341,banana,fresh
13077828,12934,92.00,851.00,69.85,0.450,4.159,0.341,banana,fresh
13078839,12935,92.00,851.00,69.95,0.450,4.159,0.342,banana,fresh
13079851,12936,92.00,851.00,69.75,0.450,4.159,0.341,banana,fresh
13080861,12937,91.90,851.00,69.95,0.449,4.159,0.342,banana,fresh
13081873,12938,91.90,851.00,69.75,0.449,4.159,0.341,banana,fresh
13082884,12939,91.90,851.00,69.85,0.449,4.159,0.341,banana,fresh
13083895,12940,92.00,851.00,69.85,0.450,4.159,0.341,banana,fresh
13084906,12941,91.90,851.05,69.80,0.449,4.160,0.341,banana,fresh
13085917,12942,92.00,851.00,69.95,0.450,4.159,0.342,banana,fresh
13086928,12943,92.00,851.05,69.75,0.450,4.160,0.341,banana,fresh
13087939,12944,91.90,851.00,69.80,0.449,4.159,0.341,banana,fresh
13088951,12945,91.80,851.00,69.90,0.449,4.159,0.342,banana,fresh
13089961,12946,92.00,851.00,69.90,0.450,4.159,0.342,banana,fresh
13090973,12947,91.90,851.00,69.80,0.449,4.159,0.341,banana,fresh
13091984,12948,92.00,851.00,69.80,0.450,4.159,0.341,banana,fresh
13092995,12949,91.95,851.00,69.70,0.449,4.159,0.341,banana,fresh
13094006,12950,92.00,851.00,69.85,0.450,4.159,0.341,banana,fresh
13095017,12951,92.00,851.00,69.95,0.450,4.159,0.342,banana,fresh
13096029,12952,92.00,851.00,69.85,0.450,4.159,0.341,banana,fresh
13097039,12953,91.85,851.00,69.85,0.449,4.159,0.341,banana,fresh
13098050,12954,92.00,851.00,69.95,0.450,4.159,0.342,banana,fresh
13099062,12955,92.00,851.00,69.85,0.450,4.159,0.341,banana,fresh
13100072,12956,91.95,851.00,69.70,0.449,4.159,0.341,banana,fresh
13101084,12957,91.95,851.00,69.90,0.449,4.159,0.342,banana,fresh
13102095,12958,92.00,851.00,69.75,0.450,4.159,0.341,banana,fresh
13103107,12959,91.95,851.00,69.95,0.449,4.159,0.342,banana,fresh
13104117,12960,91.90,851.00,69.85,0.449,4.159,0.341,banana,fresh
13105128,12961,92.00,851.00,69.80,0.450,4.159,0.341,banana,fresh
13106140,12962,91.95,851.00,69.85,0.449,4.159,0.341,banana,fresh
13107150,12963,91.95,850.95,69.85,0.449,4.159,0.341,banana,fresh
13108162,12964,92.00,851.00,69.75,0.450,4.159,0.341,banana,fresh
13109173,12965,92.00,851.00,69.75,0.450,4.159,0.341,banana,fresh
13110184,12966,91.95,851.00,69.90,0.449,4.159,0.342,banana,fresh
13111195,12967,92.00,851.00,69.95,0.450,4.159,0.342,banana,fresh
13112206,12968,91.85,851.00,69.90,0.449,4.159,0.342,banana,fresh
13113218,12969,92.00,851.00,69.85,0.450,4.159,0.341,banana,fresh
13114228,12970,92.00,851.00,69.95,0.450,4.159,0.342,banana,fresh
13115240,12971,92.00,851.00,69.75,0.450,4.159,0.341,banana,fresh
13116251,12972,92.00,851.00,69.85,0.450,4.159,0.341,banana,fresh
13117261,12973,91.90,851.00,69.85,0.449,4.159,0.341,banana,fresh
13118273,12974,91.90,851.05,69.90,0.449,4.160,0.342,banana,fresh
13119284,12975,91.95,851.00,70.00,0.449,4.159,0.342,banana,fresh
13120295,12976,92.00,851.00,69.70,0.450,4.159,0.341,banana,fresh
13121306,12977,91.95,851.00,69.85,0.449,4.159,0.341,banana,fresh
13122318,12978,91.95,851.00,69.90,0.449,4.159,0.342,banana,fresh
13123329,12979,91.90,850.95,69.65,0.449,4.159,0.340,banana,fresh
13124339,12980,92.00,851.00,69.95,0.450,4.159,0.342,banana,fresh
13125351,12981,91.95,851.00,69.70,0.449,4.159,0.341,banana,fresh
13126362,12982,91.95,851.00,69.75,0.449,4.159,0.341,banana,fresh
13127373,12983,91.85,851.00,69.70,0.449,4.159,0.341,banana,fresh
13128384,12984,91.90,851.00,69.75,0.449,4.159,0.341,banana,fresh
13129396,12985,92.00,850.95,69.85,0.450,4.159,0.341,banana,fresh
13130406,12986,92.00,850.95,69.80,0.450,4.159,0.341,banana,fresh
13131417,12987,91.80,850.95,69.75,0.449,4.159,0.341,banana,fresh
13132429,12988,91.85,851.00,69.80,0.449,4.159,0.341,banana,fresh
13133440,12989,91.90,851.00,69.90,0.449,4.159,0.342,banana,fresh
13134451,12990,92.00,851.00,69.85,0.450,4.159,0.341,banana,fresh
13135462,12991,91.85,851.00,69.85,0.449,4.159,0.341,banana,fresh
13136474,12992,91.90,851.00,69.80,0.449,4.159,0.341,banana,fresh
13137484,12993,91.90,851.00,69.80,0.449,4.159,0.341,banana,fresh
13138495,12994,91.90,851.05,69.90,0.449,4.160,0.342,banana,fresh
13139507,12995,91.95,851.00,69.95,0.449,4.159,0.342,banana,fresh
13140517,12996,91.90,851.00,69.80,0.449,4.159,0.341,banana,fresh
13141529,12997,91.90,851.00,69.80,0.449,4.159,0.341,banana,fresh
13142540,12998,91.80,851.00,69.95,0.449,4.159,0.342,banana,fresh
13143550,12999,91.95,851.00,69.90,0.449,4.159,0.342,banana,fresh
13144562,13000,91.90,851.00,69.80,0.449,4.159,0.341,banana,fresh
13145573,13001,91.85,851.00,69.75,0.449,4.159,0.341,banana,fresh
13146585,13002,91.85,851.05,69.85,0.449,4.160,0.341,banana,fresh
13147595,13003,91.90,851.00,69.85,0.449,4.159,0.341,banana,fresh
13148607,13004,91.80,851.00,69.90,0.449,4.159,0.342,banana,fresh
13149618,13005,92.00,851.00,69.75,0.450,4.159,0.341,banana,fresh
13150628,13006,91.85,851.00,69.55,0.449,4.159,0.340,banana,fresh
13151640,13007,91.95,851.00,69.95,0.449,4.159,0.342,banana,fresh
13152651,13008,91.95,851.00,69.85,0.449,4.159,0.341,banana,fresh
13153662,13009,92.00,851.00,69.75,0.450,4.159,0.341,banana,fresh
13154673,13010,91.95,851.05,69.80,0.449,4.160,0.341,banana,fresh
13155685,13011,91.85,851.00,69.90,0.449,4.159,0.342,banana,fresh
13156696,13012,91.90,851.00,69.95,0.449,4.159,0.342,banana,fresh
13157706,13013,91.90,851.05,69.80,0.449,4.160,0.341,banana,fresh
13158718,13014,91.95,851.00,69.85,0.449,4.159,0.341,banana,fresh
13159729,13015,91.85,851.00,69.90,0.449,4.159,0.342,banana,fresh
13160740,13016,91.90,850.95,69.85,0.449,4.159,0.341,banana,fresh
13161751,13017,91.95,851.00,69.80,0.449,4.159,0.341,banana,fresh
13162763,13018,91.95,851.00,69.75,0.449,4.159,0.341,banana,fresh
13163773,13019,91.90,851.00,69.85,0.449,4.159,0.341,banana,fresh
13164784,13020,91.95,851.00,69.85,0.449,4.159,0.341,banana,fresh
13165796,13021,91.90,851.00,69.85,0.449,4.159,0.341,banana,fresh
13166807,13022,91.80,851.00,69.70,0.449,4.159,0.341,banana,fresh
13167818,13023,91.85,851.00,69.90,0.449,4.159,0.342,banana,fresh
13168829,13024,92.00,851.00,70.00,0.450,4.159,0.342,banana,fresh
13169840,13025,91.95,851.05,69.70,0.449,4.160,0.341,banana,fresh
13170851,13026,91.85,851.00,69.70,0.449,4.159,0.341,banana,fresh
13171862,13027,91.95,851.00,69.70,0.449,4.159,0.341,banana,fresh
13172874,13028,91.85,850.95,69.90,0.449,4.159,0.342,banana,fresh
13173884,13029,91.85,851.00,69.85,0.449,4.159,0.341,banana,fresh
13174896,13030,91.90,851.00,69.90,0.449,4.159,0.342,banana,fresh
13175907,13031,91.80,851.00,69.90,0.449,4.159,0.342,banana,fresh
13176918,13032,92.00,851.00,69.75,0.450,4.159,0.341,banana,fresh
13177929,13033,91.90,851.05,69.85,0.449,4.160,0.341,banana,fresh
13178940,13034,91.90,851.00,69.90,0.449,4.159,0.342,banana,fresh
13179952,13035,91.95,851.00,69.80,0.449,4.159,0.341,banana,fresh
13180962,13036,91.90,851.00,69.80,0.449,4.159,0.341,banana,fresh
13181974,13037,91.95,851.05,69.65,0.449,4.160,0.340,banana,fresh
13182985,13038,91.80,851.00,69.85,0.449,4.159,0.341,banana,fresh
13183995,13039,91.90,851.05,69.95,0.449,4.160,0.342,banana,fresh
13185007,13040,91.90,851.00,69.80,0.449,4.159,0.341,banana,fresh
13186018,13041,92.00,851.00,69.85,0.450,4.159,0.341,banana,fresh
13187030,13042,91.95,850.95,69.65,0.449,4.159,0.340,banana,fresh
13188040,13043,91.85,851.00,69.90,0.449,4.159,0.342,banana,fresh
13189052,13044,91.95,851.00,69.70,0.449,4.159,0.341,banana,fresh
13190063,13045,91.90,851.10,69.90,0.449,4.160,0.342,banana,fresh
13191073,13046,91.95,850.95,69.60,0.449,4.159,0.340,banana,fresh
13192085,13047,91.95,851.05,69.85,0.449,4.160,0.341,banana,fresh
13193096,13048,92.00,851.05,69.85,0.450,4.160,0.341,banana,fresh
13194107,13049,91.85,851.00,69.95,0.449,4.159,0.342,banana,fresh
13195118,13050,91.80,851.05,69.90,0.449,4.160,0.342,banana,fresh
13196130,13051,91.90,851.00,69.85,0.449,4.159,0.341,banana,fresh
13197140,13052,91.90,851.00,69.85,0.449,4.159,0.341,banana,fresh
13198151,13053,91.95,851.00,69.65,0.449,4.159,0.340,banana,fresh
13199163,13054,91.90,851.05,69.75,0.449,4.160,0.341,banana,fresh
13200174,13055,91.90,851.05,69.95,0.449,4.160,0.342,banana,fresh
13201185,13056,91.95,851.00,69.70,0.449,4.159,0.341,banana,fresh
13202196,13057,91.90,851.00,69.85,0.449,4.159,0.341,banana,fresh
13203208,13058,92.00,851.00,69.90,0.450,4.159,0.342,banana,fresh
13204218,13059,91.80,851.00,69.85,0.449,4.159,0.341,banana,fresh
13205229,13060,91.90,851.00,69.90,0.449,4.159,0.342,banana,fresh
13206241,13061,91.90,851.00,69.75,0.449,4.159,0.341,banana,fresh
13207251,13062,92.00,851.00,69.85,0.450,4.159,0.341,banana,fresh
13208263,13063,91.85,851.00,69.80,0.449,4.159,0.341,banana,fresh
13209274,13064,91.85,851.00,69.75,0.449,4.159,0.341,banana,fresh
13210286,13065,91.95,851.10,69.85,0.449,4.160,0.341,banana,fresh
13211296,13066,91.90,851.00,69.80,0.449,4.159,0.341,banana,fresh
13212307,13067,91.85,851.00,69.90,0.449,4.159,0.342,banana,fresh
13213319,13068,91.95,851.00,69.75,0.449,4.159,0.341,banana,fresh
13214329,13069,92.00,851.00,69.70,0.450,4.159,0.341,banana,fresh
13215341,13070,91.95,851.05,69.85,0.449,4.160,0.341,banana,fresh
13216352,13071,91.95,851.00,69.95,0.449,4.159,0.342,banana,fresh
13217362,13072,91.90,851.05,69.90,0.449,4.160,0.342,banana,fresh
13218374,13073,91.90,851.00,70.00,0.449,4.159,0.342,banana,fresh
13219385,13074,92.00,851.00,69.90,0.450,4.159,0.342,banana,fresh
13220397,13075,91.90,851.00,69.70,0.449,4.159,0.341,banana,fresh
13221407,13076,91.85,851.00,69.75,0.449,4.159,0.341,banana,fresh
13222419,13077,91.95,851.00,69.70,0.449,4.159,0.341,banana,fresh
13223430,13078,91.95,851.00,69.85,0.449,4.159,0.341,banana,fresh
13224440,13079,91.90,851.00,69.90,0.449,4.159,0.342,banana,fresh
13225452,13080,91.95,850.95,69.70,0.449,4.159,0.341,banana,fresh
13226463,13081,91.80,851.10,69.75,0.449,4.160,0.341,banana,fresh
13227474,13082,91.95,851.05,69.75,0.449,4.160,0.341,banana,fresh
13228485,13083,91.90,851.00,69.80,0.449,4.159,0.341,banana,fresh
13229497,13084,91.85,851.00,69.90,0.449,4.159,0.342,banana,fresh
13230508,13085,91.85,851.00,69.85,0.449,4.159,0.341,banana,fresh
13231518,13086,91.90,851.00,69.90,0.449,4.159,0.342,banana,fresh
13232530,13087,91.95,851.00,69.85,0.449,4.159,0.341,banana,fresh
13233541,13088,91.85,851.00,69.85,0.449,4.159,0.341,banana,fresh
13234552,13089,91.95,851.00,69.70,0.449,4.159,0.341,banana,fresh
13235563,13090,91.90,851.00,69.80,0.449,4.159,0.341,banana,fresh
13236575,13091,91.85,851.00,69.85,0.449,4.159,0.341,banana,fresh
13237585,13092,91.85,851.05,69.80,0.449,4.160,0.341,banana,fresh
13238596,13093,91.95,851.00,70.00,0.449,4.159,0.342,banana,fresh
13239608,13094,91.90,851.00,69.85,0.449,4.159,0.341,banana,fresh
13240619,13095,92.00,851.00,69.80,0.450,4.159,0.341,banana,fresh
13241630,13096,91.85,851.00,69.75,0.449,4.159,0.341,banana,fresh
13242641,13097,91.80,851.00,69.85,0.449,4.159,0.341,banana,fresh
13243653,13098,91.90,851.00,69.75,0.449,4.159,0.341,banana,fresh
13244663,13099,91.90,851.05,69.85,0.449,4.160,0.341,banana,fresh
13245674,13100,91.90,851.00,69.90,0.449,4.159,0.342,banana,fresh
13246686,13101,91.85,851.00,69.80,0.449,4.159,0.341,banana,fresh
13247696,13102,91.90,851.00,69.85,0.449,4.159,0.341,banana,fresh
13248708,13103,92.00,851.05,69.80,0.450,4.160,0.341,banana,fresh
13249719,13104,91.85,851.00,69.80,0.449,4.159,0.341,banana,fresh
13250731,13105,91.85,851.05,69.70,0.449,4.160,0.341,banana,fresh
13251741,13106,91.80,851.00,69.90,0.449,4.159,0.342,banana,fresh
13252752,13107,92.00,850.95,69.70,0.450,4.159,0.341,banana,fresh
13253764,13108,91.85,851.00,69.70,0.449,4.159,0.341,banana,fresh
13254774,13109,91.95,851.00,70.00,0.449,4.159,0.342,banana,fresh
13255786,13110,91.80,851.05,69.55,0.449,4.160,0.340,banana,fresh
13256797,13111,91.90,851.10,69.80,0.449,4.160,0.341,banana,fresh
13257808,13112,91.85,851.00,69.85,0.449,4.159,0.341,banana,fresh
13258819,13113,91.85,851.00,69.65,0.449,4.159,0.340,banana,fresh
13259830,13114,91.75,851.00,69.85,0.448,4.159,0.341,banana,fresh
13260841,13115,91.95,851.00,69.85,0.449,4.159,0.341,banana,fresh
13261852,13116,91.90,851.00,69.90,0.449,4.159,0.342,banana,fresh
13262864,13117,91.85,851.00,69.70,0.449,4.159,0.341,banana,fresh
13263875,13118,91.95,851.00,69.85,0.449,4.159,0.341,banana,fresh
13264886,13119,91.85,851.00,69.80,0.449,4.159,0.341,banana,fresh
13265897,13120,91.95,851.05,69.90,0.449,4.160,0.342,banana,fresh
13266908,13121,91.95,851.00,69.85,0.449,4.159,0.341,banana,fresh
13267919,13122,91.95,851.10,69.80,0.449,4.160,0.341,banana,fresh
13268930,13123,91.90,851.05,69.85,0.449,4.160,0.341,banana,fresh
13269942,13124,91.85,851.00,69.95,0.449,4.159,0.342,banana,fresh
13270952,13125,91.85,851.00,69.85,0.449,4.159,0.341,banana,fresh
13271964,13126,91.90,851.00,69.75,0.449,4.159,0.341,banana,fresh
13272975,13127,91.95,851.00,69.85,0.449,4.159,0.341,banana,fresh
13273986,13128,91.80,851.00,69.65,0.449,4.159,0.340,banana,fresh
13274997,13129,91.90,851.00,69.95,0.449,4.159,0.342,banana,fresh
13276008,13130,92.00,851.00,69.90,0.450,4.159,0.342,banana,fresh
13277020,13131,91.80,851.05,69.85,0.449,4.160,0.341,banana,fresh
13278030,13132,91.85,851.05,69.95,0.449,4.160,0.342,banana,fresh
13279042,13133,91.75,851.00,69.80,0.448,4.159,0.341,banana,fresh
13280053,13134,91.80,851.00,69.75,0.449,4.159,0.341,banana,fresh
13281063,13135,92.00,851.00,69.70,0.450,4.159,0.341,banana,fresh
13282075,13136,91.95,851.05,69.70,0.449,4.160,0.341,banana,fresh
13283086,13137,92.00,851.05,69.90,0.450,4.160,0.342,banana,fresh
13284098,13138,91.90,851.00,69.75,0.449,4.159,0.341,banana,fresh
13285108,13139,91.85,851.00,69.85,0.449,4.159,0.341,banana,fresh
13286119,13140,91.90,851.00,69.75,0.449,4.159,0.341,banana,fresh
13287131,13141,91.95,851.00,69.65,0.449,4.159,0.340,banana,fresh
13288141,13142,91.95,851.00,69.80,0.449,4.159,0.341,banana,fresh
13289153,13143,91.90,851.00,69.80,0.449,4.159,0.341,banana,fresh
13290164,13144,91.95,851.00,69.70,0.449,4.159,0.341,banana,fresh
13291175,13145,92.00,851.00,69.80,0.450,4.159,0.341,banana,fresh
13292186,13146,91.85,851.00,69.75,0.449,4.159,0.341,banana,fresh
13293197,13147,91.95,851.00,69.70,0.449,4.159,0.341,banana,fresh
13294209,13148,91.85,851.00,69.85,0.449,4.159,0.341,banana,fresh
13295219,13149,91.90,851.00,69.80,0.449,4.159,0.341,banana,fresh
13296231,13150,91.90,851.00,69.85,0.449,4.159,0.341,banana,fresh
13297242,13151,91.85,851.00,69.80,0.449,4.159,0.341,banana,fresh
13298253,13152,92.00,851.00,69.80,0.450,4.159,0.341,banana,fresh
13299264,13153,91.85,851.05,69.95,0.449,4.160,0.342,banana,fresh
13300275,13154,91.95,851.00,70.00,0.449,4.159,0.342,banana,fresh
13301286,13155,91.75,851.00,69.90,0.448,4.159,0.342,banana,fresh
13302297,13156,91.80,851.05,69.85,0.449,4.160,0.341,banana,fresh
13303309,13157,91.85,851.05,69.70,0.449,4.160,0.341,banana,fresh
13304320,13158,91.95,851.05,69.90,0.449,4.160,0.342,banana,fresh
13305331,13159,91.95,851.05,69.75,0.449,4.160,0.341,banana,fresh
13306342,13160,92.00,851.00,69.90,0.450,4.159,0.342,banana,fresh
13307353,13161,91.95,851.00,69.85,0.449,4.159,0.341,banana,fresh
13308364,13162,91.95,851.00,69.75,0.449,4.159,0.341,banana,fresh
13309375,13163,91.85,851.05,69.80,0.449,4.160,0.341,banana,fresh
13310387,13164,92.00,851.00,69.75,0.450,4.159,0.341,banana,fresh
13311397,13165,91.85,851.00,69.85,0.449,4.159,0.341,banana,fresh
13312409,13166,91.95,851.00,69.90,0.449,4.159,0.342,banana,fresh
13313420,13167,91.80,851.00,69.90,0.449,4.159,0.342,banana,fresh
13314430,13168,91.95,851.05,69.65,0.449,4.160,0.340,banana,fresh
13315442,13169,91.85,850.95,69.95,0.449,4.159,0.342,banana,fresh
13316453,13170,91.90,851.00,69.80,0.449,4.159,0.341,banana,fresh
13317465,13171,92.00,851.00,69.75,0.450,4.159,0.341,banana,fresh
13318475,13172,91.80,851.00,69.80,0.449,4.159,0.341,banana,fresh
13319487,13173,91.95,851.00,69.75,0.449,4.159,0.341,banana,fresh
13320498,13174,91.90,851.05,69.90,0.449,4.160,0.342,banana,fresh
13321508,13175,91.95,851.00,69.80,0.449,4.159,0.341,banana,fresh
13322520,13176,91.90,851.00,69.75,0.449,4.159,0.341,banana,fresh
13323531,13177,92.00,851.05,69.70,0.450,4.160,0.341,banana,fresh
13324542,13178,91.85,851.05,69.85,0.449,4.160,0.341,banana,fresh
13325553,13179,91.95,851.05,69.80,0.449,4.160,0.341,banana,fresh
13326564,13180,91.75,851.00,69.75,0.448,4.159,0.341,banana,fresh
13327576,13181,91.90,851.00,69.75,0.449,4.159,0.341,banana,fresh
13328586,13182,91.95,851.00,69.90,0.449,4.159,0.342,banana,fresh
13329598,13183,91.85,851.00,69.85,0.449,4.159,0.341,banana,fresh
13330609,13184,91.90,851.00,69.70,0.449,4.159,0.341,banana,fresh
13331620,13185,91.90,851.00,69.55,0.449,4.159,0.340,banana,fresh
13332631,13186,91.85,851.00,69.70,0.449,4.159,0.341,banana,fresh
13333642,13187,91.95,851.00,70.00,0.449,4.159,0.342,banana,fresh
13334653,13188,91.95,851.05,69.90,0.449,4.160,0.342,banana,fresh
13335664,13189,91.90,851.00,69.75,0.449,4.159,0.341,banana,fresh
13336676,13190,91.95,851.05,69.90,0.449,4.160,0.342,banana,fresh
13337687,13191,91.90,851.00,69.80,0.449,4.159,0.341,banana,fresh
13338698,13192,91.90,851.00,69.80,0.449,4.159,0.341,banana,fresh
13339709,13193,91.95,851.05,69.70,0.449,4.160,0.341,banana,fresh
13340720,13194,91.90,851.00,69.80,0.449,4.159,0.341,banana,fresh
13341731,13195,91.85,851.00,69.90,0.449,4.159,0.342,banana,fresh
13342742,13196,91.90,851.05,69.70,0.449,4.160,0.341,banana,fresh
13343754,13197,92.00,851.00,69.85,0.450,4.159,0.341,banana,fresh
13344764,13198,91.90,851.00,69.85,0.449,4.159,0.341,banana,fresh
13345776,13199,92.00,851.00,69.75,0.450,4.159,0.341,banana,fresh
13346787,13200,91.80,851.00,69.90,0.449,4.159,0.342,banana,fresh
13347798,13201,91.95,851.05,69.75,0.449,4.160,0.341,banana,fresh
13348809,13202,91.90,851.05,69.85,0.449,4.160,0.341,banana,fresh
13349820,13203,91.90,851.00,69.75,0.449,4.159,0.341,banana,fresh
13350832,13204,91.90,851.05,69.65,0.449,4.160,0.340,banana,fresh
13351842,13205,92.00,851.00,69.85,0.450,4.159,0.341,banana,fresh
13352853,13206,91.80,851.00,69.75,0.449,4.159,0.341,banana,fresh
13353865,13207,91.85,851.05,69.85,0.449,4.160,0.341,banana,fresh
13354875,13208,91.80,851.05,69.70,0.449,4.160,0.341,banana,fresh
13355887,13209,91.90,851.00,69.90,0.449,4.159,0.342,banana,fresh
13356898,13210,92.00,851.10,69.90,0.450,4.160,0.342,banana,fresh
13357910,13211,91.90,850.95,69.75,0.449,4.159,0.341,banana,fresh
13358920,13212,91.90,851.00,69.75,0.449,4.159,0.341,banana,fresh
13359931,13213,92.00,851.00,69.65,0.450,4.159,0.340,banana,fresh
13360943,13214,91.90,851.15,69.70,0.449,4.160,0.341,banana,fresh
13361953,13215,91.90,851.05,69.75,0.449,4.160,0.341,banana,fresh
13362965,13216,91.95,851.05,69.75,0.449,4.160,0.341,banana,fresh
13363976,13217,91.80,851.00,69.80,0.449,4.159,0.341,banana,fresh
13364987,13218,91.85,851.05,69.85,0.449,4.160,0.341,banana,fresh
13365998,13219,91.90,851.05,69.75,0.449,4.160,0.341,banana,fresh
13367009,13220,91.75,851.00,69.90,0.448,4.159,0.342,banana,fresh
13368020,13221,91.90,851.00,69.80,0.449,4.159,0.341,banana,fresh
13369031,13222,91.90,851.00,69.85,0.449,4.159,0.341,banana,fresh
13370043,13223,91.90,851.00,69.85,0.449,4.159,0.341,banana,fresh
13371054,13224,91.95,851.05,70.00,0.449,4.160,0.342,banana,fresh
13372065,13225,91.95,851.00,69.75,0.449,4.159,0.341,banana,fresh
13373076,13226,91.95,851.00,69.85,0.449,4.159,0.341,banana,fresh
13374087,13227,91.80,851.05,69.80,0.449,4.160,0.341,banana,fresh
13375098,13228,91.95,851.00,69.75,0.449,4.159,0.341,banana,fresh
13376109,13229,91.90,851.00,69.90,0.449,4.159,0.342,banana,fresh
13377121,13230,92.00,851.05,69.50,0.450,4.160,0.340,banana,fresh
13378131,13231,92.00,851.00,69.75,0.450,4.159,0.341,banana,fresh
13379142,13232,92.00,851.00,69.85,0.450,4.159,0.341,banana,fresh
13380154,13233,91.95,851.00,69.80,0.449,4.159,0.341,banana,fresh
13381165,13234,91.85,851.00,69.90,0.449,4.159,0.342,banana,fresh
13382176,13235,92.00,851.00,69.80,0.450,4.159,0.341,banana,fresh
13383187,13236,91.85,851.00,69.85,0.449,4.159,0.341,banana,fresh
13384199,13237,91.75,851.00,69.85,0.448,4.159,0.341,banana,fresh
13385209,13238,92.00,851.00,69.95,0.450,4.159,0.342,banana,fresh
13386220,13239,91.85,851.00,69.80,0.449,4.159,0.341,banana,fresh
13387232,13240,91.80,851.00,70.00,0.449,4.159,0.342,banana,fresh
13388242,13241,91.90,851.00,69.75,0.449,4.159,0.341,banana,fresh
13389254,13242,91.95,851.05,69.85,0.449,4.160,0.341,banana,fresh
13390265,13243,92.00,851.00,69.85,0.450,4.159,0.341,banana,fresh
13391276,13244,91.80,851.05,69.75,0.449,4.160,0.341,banana,fresh
13392287,13245,92.05,851.00,69.85,0.450,4.159,0.341,banana,fresh
13393298,13246,91.85,851.05,69.80,0.449,4.160,0.341,banana,fresh
13394310,13247,91.95,851.00,69.85,0.449,4.159,0.341,banana,fresh
13395320,13248,92.00,851.05,69.85,0.450,4.160,0.341,banana,fresh
13396332,13249,91.85,851.05,69.90,0.449,4.160,0.342,banana,fresh
13397343,13250,91.80,851.05,69.85,0.449,4.160,0.341,banana,fresh
13398353,13251,91.90,851.10,69.80,0.449,4.160,0.341,banana,fresh
13399365,13252,91.85,851.00,69.65,0.449,4.159,0.340,banana,fresh
13400376,13253,91.90,851.00,69.85,0.449,4.159,0.341,banana,fresh
13401388,13254,91.85,851.00,69.95,0.449,4.159,0.342,banana,fresh
13402398,13255,91.90,851.00,69.75,0.449,4.159,0.341,banana,fresh
13403410,13256,91.90,851.05,69.85,0.449,4.160,0.341,banana,fresh
13404421,13257,91.90,851.00,69.75,0.449,4.159,0.341,banana,fresh
13405431,13258,91.80,851.05,69.95,0.449,4.160,0.342,banana,fresh
13406443,13259,91.80,851.00,69.90,0.449,4.159,0.342,banana,fresh
13407454,13260,91.90,851.00,69.60,0.449,4.159,0.340,banana,fresh
13408465,13261,91.85,851.05,69.90,0.449,4.160,0.342,banana,fresh
13409476,13262,91.95,851.10,69.95,0.449,4.160,0.342,banana,fresh
13410488,13263,91.85,851.00,69.75,0.449,4.159,0.341,banana,fresh
13411499,13264,91.90,851.00,69.95,0.449,4.159,0.342,banana,fresh
13412509,13265,91.95,851.00,69.75,0.449,4.159,0.341,banana,fresh
13413521,13266,91.75,851.00,69.70,0.448,4.159,0.341,banana,fresh
13414532,13267,91.85,851.00,69.60,0.449,4.159,0.340,banana,fresh
13415543,13268,91.95,851.00,69.70,0.449,4.159,0.341,banana,fresh
13416554,13269,91.95,851.00,69.85,0.449,4.159,0.341,banana,fresh
13417566,13270,91.75,851.00,69.65,0.448,4.159,0.340,banana,fresh
13418576,13271,91.95,851.00,70.00,0.449,4.159,0.342,banana,fresh
13419587,13272,91.95,851.00,69.70,0.449,4.159,0.341,banana,fresh
13420599,13273,91.90,851.00,69.90,0.449,4.159,0.342,banana,fresh
13421609,13274,91.90,851.00,69.65,0.449,4.159,0.340,banana,fresh
13422621,13275,91.95,851.00,69.70,0.449,4.159,0.341,banana,fresh
13423632,13276,91.95,851.05,69.65,0.449,4.160,0.340,banana,fresh
13424644,13277,92.00,851.05,70.00,0.450,4.160,0.342,banana,fresh
13425654,13278,91.85,851.05,69.90,0.449,4.160,0.342,banana,fresh
13426665,13279,92.00,851.10,69.85,0.450,4.160,0.341,banana,fresh
13427677,13280,91.95,851.00,69.80,0.449,4.159,0.341,banana,fresh
13428687,13281,91.90,851.00,69.90,0.449,4.159,0.342,banana,fresh
13429699,13282,91.90,851.10,69.85,0.449,4.160,0.341,banana,fresh
13430710,13283,91.90,851.00,69.75,0.449,4.159,0.341,banana,fresh
13431721,13284,91.90,851.05,69.80,0.449,4.160,0.341,banana,fresh
13432732,13285,92.00,851.00,69.80,0.450,4.159,0.341,banana,fresh
13433743,13286,91.95,851.00,69.90,0.449,4.159,0.342,banana,fresh
13434755,13287,91.95,851.05,69.80,0.449,4.160,0.341,banana,fresh
13435765,13288,91.95,851.00,69.90,0.449,4.159,0.342,banana,fresh
13436777,13289,91.90,851.00,69.85,0.449,4.159,0.341,banana,fresh
13437788,13290,91.85,851.05,69.65,0.449,4.160,0.340,banana,fresh
13438799,13291,92.00,851.05,69.85,0.450,4.160,0.341,banana,fresh
13439810,13292,91.95,851.05,69.85,0.449,4.160,0.341,banana,fresh
13440821,13293,92.00,851.10,69.85,0.450,4.160,0.341,banana,fresh
13441832,13294,91.90,851.10,69.90,0.449,4.160,0.342,banana,fresh
13442843,13295,91.90,851.00,69.70,0.449,4.159,0.341,banana,fresh
13443855,13296,91.95,851.00,69.85,0.449,4.159,0.341,banana,fresh
13444866,13297,91.95,851.05,69.95,0.449,4.160,0.342,banana,fresh
13445876,13298,91.90,851.05,69.90,0.449,4.160,0.342,banana,fresh
13446888,13299,91.95,851.00,69.85,0.449,4.159,0.341,banana,fresh
13447899,13300,91.85,851.05,69.75,0.449,4.160,0.341,banana,fresh
13448910,13301,91.90,851.00,69.85,0.449,4.159,0.341,banana,fresh
13449921,13302,91.90,851.00,69.90,0.449,4.159,0.342,banana,fresh
13450933,13303,92.00,851.05,69.90,0.450,4.160,0.342,banana,fresh
13451943,13304,91.85,851.05,69.90,0.449,4.160,0.342,banana,fresh
13452954,13305,91.75,851.05,69.75,0.448,4.160,0.341,banana,fresh
13453966,13306,91.90,851.00,69.75,0.449,4.159,0.341,banana,fresh
13454977,13307,91.80,851.00,70.00,0.449,4.159,0.342,banana,fresh
13455988,13308,91.90,851.00,69.65,0.449,4.159,0.340,banana,fresh
13456999,13309,91.95,851.10,69.95,0.449,4.160,0.342,banana,fresh
13458011,13310,91.90,851.10,69.80,0.449,4.160,0.341,banana,fresh
13459021,13311,91.95,851.00,69.95,0.449,4.159,0.342,banana,fresh
13460032,13312,91.85,851.00,69.80,0.449,4.159,0.341,banana,fresh
13461044,13313,91.85,851.00,69.80,0.449,4.159,0.341,banana,fresh
13462054,13314,91.95,851.00,69.90,0.449,4.159,0.342,banana,fresh
13463066,13315,91.95,851.10,69.90,0.449,4.160,0.342,banana,fresh
13464077,13316,92.00,851.05,69.95,0.450,4.160,0.342,banana,fresh
13465089,13317,91.85,851.00,69.90,0.449,4.159,0.342,banana,fresh
13466099,13318,91.90,851.00,69.80,0.449,4.159,0.341,banana,fresh
13467110,13319,91.85,851.00,69.75,0.449,4.159,0.341,banana,fresh
13468122,13320,92.00,851.05,69.75,0.450,4.160,0.341,banana,fresh
13469132,13321,91.80,851.00,69.80,0.449,4.159,0.341,banana,fresh
13470144,13322,91.90,851.00,69.85,0.449,4.159,0.341,banana,fresh
13471155,13323,92.00,851.00,69.70,0.450,4.159,0.341,banana,fresh
13472166,13324,91.85,851.00,69.65,0.449,4.159,0.340,banana,fresh
13473177,13325,92.00,851.00,69.90,0.450,4.159,0.342,banana,fresh
13474188,13326,92.00,851.00,69.85,0.450,4.159,0.341,banana,fresh
13475200,13327,92.00,851.05,69.75,0.450,4.160,0.341,banana,fresh
13476210,13328,92.00,851.00,69.95,0.450,4.159,0.342,banana,fresh
13477222,13329,92.00,851.00,69.80,0.450,4.159,0.341,banana,fresh
13478233,13330,91.80,851.00,69.80,0.449,4.159,0.341,banana,fresh
13479243,13331,92.00,851.05,69.70,0.450,4.160,0.341,banana,fresh
13480255,13332,91.90,851.00,69.80,0.449,4.159,0.341,banana,fresh
13481266,13333,91.95,851.10,69.70,0.449,4.160,0.341,banana,fresh
13482277,13334,91.90,851.05,69.80,0.449,4.160,0.341,banana,fresh
13483288,13335,91.80,851.00,69.80,0.449,4.159,0.341,banana,fresh
13484300,13336,91.95,851.00,69.70,0.449,4.159,0.341,banana,fresh
13485310,13337,91.95,851.00,69.90,0.449,4.159,0.342,banana,fresh
13486321,13338,91.85,851.05,69.65,0.449,4.160,0.340,banana,fresh
13487333,13339,92.00,851.05,69.80,0.450,4.160,0.341,banana,fresh
13488344,13340,92.00,851.10,69.65,0.450,4.160,0.340,banana,fresh
13489355,13341,91.90,851.05,69.95,0.449,4.160,0.342,banana,fresh
13490366,13342,92.00,851.10,69.85,0.450,4.160,0.341,banana,fresh
13491377,13343,91.90,851.10,69.90,0.449,4.160,0.342,banana,fresh
13492388,13344,92.00,851.00,69.70,0.450,4.159,0.341,banana,fresh
13493399,13345,91.95,851.00,69.80,0.449,4.159,0.341,banana,fresh
13494411,13346,91.95,851.00,69.90,0.449,4.159,0.342,banana,fresh
13495421,13347,92.00,851.10,69.95,0.450,4.160,0.342,banana,fresh
13496433,13348,91.90,851.05,69.85,0.449,4.160,0.341,banana,fresh
13497444,13349,91.85,851.00,69.80,0.449,4.159,0.341,banana,fresh
13498455,13350,91.90,851.00,69.85,0.449,4.159,0.341,banana,fresh
13499466,13351,91.90,851.15,69.95,0.449,4.160,0.342,banana,fresh
13500477,13352,91.90,851.10,69.85,0.449,4.160,0.341,banana,fresh
13501489,13353,91.85,851.05,69.85,0.449,4.160,0.341,banana,fresh
13502499,13354,92.05,851.05,69.90,0.450,4.160,0.342,banana,fresh
13503511,13355,91.80,851.00,69.75,0.449,4.159,0.341,banana,fresh
13504522,13356,91.95,851.10,70.00,0.449,4.160,0.342,banana,fresh
13505532,13357,91.80,851.05,69.80,0.449,4.160,0.341,banana,fresh
13506544,13358,92.00,851.05,69.85,0.450,4.160,0.341,banana,fresh
13507555,13359,91.95,851.15,69.75,0.449,4.160,0.341,banana,fresh
13508567,13360,91.75,851.00,69.80,0.448,4.159,0.341,banana,fresh
13509577,13361,91.90,851.00,69.80,0.449,4.159,0.341,banana,fresh
13510589,13362,91.85,851.10,69.80,0.449,4.160,0.341,banana,fresh
13511600,13363,91.90,851.00,69.75,0.449,4.159,0.341,banana,fresh
13512610,13364,91.95,851.00,69.90,0.449,4.159,0.342,banana,fresh
13513622,13365,92.00,851.05,69.85,0.450,4.160,0.341,banana,fresh
13514633,13366,91.95,851.00,69.75,0.449,4.159,0.341,banana,fresh
13515644,13367,91.90,851.00,69.90,0.449,4.159,0.342,banana,fresh
13516655,13368,91.90,851.00,69.85,0.449,4.159,0.341,banana,fresh
13517667,13369,91.90,851.00,69.70,0.449,4.159,0.341,banana,fresh
13518678,13370,91.90,851.00,69.85,0.449,4.159,0.341,banana,fresh
13519688,13371,91.90,851.00,69.80,0.449,4.159,0.341,banana,fresh
13520700,13372,92.00,851.00,69.60,0.450,4.159,0.340,banana,fresh
13521711,13373,92.00,851.05,69.80,0.450,4.160,0.341,banana,fresh
13522722,13374,91.85,851.05,69.85,0.449,4.160,0.341,banana,fresh
13523733,13375,91.95,851.10,69.85,0.449,4.160,0.341,banana,fresh
13524745,13376,91.85,851.05,69.75,0.449,4.160,0.341,banana,fresh
13525755,13377,91.90,851.05,69.90,0.449,4.160,0.342,banana,fresh
13526766,13378,91.90,851.10,69.80,0.449,4.160,0.341,banana,fresh
13527778,13379,91.95,851.10,69.85,0.449,4.160,0.341,banana,fresh
13528788,13380,91.90,851.15,69.80,0.449,4.160,0.341,banana,fresh
13529800,13381,92.00,851.05,69.90,0.450,4.160,0.342,banana,fresh
13530811,13382,91.90,851.05,69.75,0.449,4.160,0.341,banana,fresh
13531823,13383,91.95,851.05,69.80,0.449,4.160,0.341,banana,fresh
13532833,13384,91.90,851.00,69.90,0.449,4.159,0.342,banana,fresh
13533844,13385,92.00,851.05,69.85,0.450,4.160,0.341,banana,fresh
13534856,13386,91.95,851.05,69.80,0.449,4.160,0.341,banana,fresh
13535866,13387,91.90,851.05,69.95,0.449,4.160,0.342,banana,fresh
13536878,13388,91.85,851.05,69.90,0.449,4.160,0.342,banana,fresh
13537889,13389,91.85,851.00,69.80,0.449,4.159,0.341,banana,fresh
13538900,13390,92.00,851.10,69.90,0.450,4.160,0.342,banana,fresh
13539911,13391,91.95,851.05,69.80,0.449,4.160,0.341,banana,fresh
13540922,13392,91.90,851.05,69.85,0.449,4.160,0.341,banana,fresh
13541934,13393,92.00,851.05,69.85,0.450,4.160,0.341,banana,fresh
13542944,13394,91.95,851.05,69.75,0.449,4.160,0.341,banana,fresh
13543956,13395,92.00,851.15,69.95,0.450,4.160,0.342,banana,fresh
13544967,13396,91.95,851.05,69.80,0.449,4.160,0.341,banana,fresh
13545978,13397,91.90,851.10,69.90,0.449,4.160,0.342,banana,fresh
13546989,13398,91.85,851.10,69.80,0.449,4.160,0.341,banana,fresh
13548000,13399,92.00,851.05,69.80,0.450,4.160,0.341,banana,fresh
13549011,13400,91.90,851.20,69.90,0.449,4.160,0.342,banana,fresh
13550022,13401,91.90,851.05,69.75,0.449,4.160,0.341,banana,fresh
13551034,13402,91.90,851.05,69.90,0.449,4.160,0.342,banana,fresh
13552045,13403,91.95,851.00,69.75,0.449,4.159,0.341,banana,fresh
13553056,13404,92.00,851.10,70.00,0.450,4.160,0.342,banana,fresh
13554067,13405,91.95,851.05,69.85,0.449,4.160,0.341,banana,fresh
13555078,13406,91.95,851.00,69.95,0.449,4.159,0.342,banana,fresh
13556089,13407,91.95,851.00,69.90,0.449,4.159,0.342,banana,fresh
13557100,13408,91.90,851.00,69.80,0.449,4.159,0.341,banana,fresh
13558112,13409,91.90,851.05,69.90,0.449,4.160,0.342,banana,fresh
13559122,13410,91.95,851.05,69.95,0.449,4.160,0.342,banana,fresh
13560134,13411,92.00,851.00,69.90,0.450,4.159,0.342,banana,fresh
13561145,13412,91.95,851.15,70.00,0.449,4.160,0.342,banana,fresh
13562156,13413,91.95,851.00,69.85,0.449,4.159,0.341,banana,fresh
13563167,13414,91.95,851.00,69.95,0.449,4.159,0.342,banana,fresh
13564178,13415,92.00,851.20,69.90,0.450,4.160,0.342,banana,fresh
13565190,13416,92.00,851.20,69.95,0.450,4.160,0.342,banana,fresh
13566200,13417,92.00,851.00,69.95,0.450,4.159,0.342,banana,fresh
13567212,13418,92.00,851.00,69.85,0.450,4.159,0.341,banana,fresh
13568223,13419,91.95,851.00,69.95,0.449,4.159,0.342,banana,fresh
13569233,13420,91.90,851.10,69.95,0.449,4.160,0.342,banana,fresh
13570245,13421,92.00,851.05,69.85,0.450,4.160,0.341,banana,fresh
13571256,13422,91.90,851.00,69.95,0.449,4.159,0.342,banana,fresh
13572268,13423,92.00,851.10,69.90,0.450,4.160,0.342,banana,fresh
13573278,13424,91.95,851.00,69.85,0.449,4.159,0.341,banana,fresh
13574290,13425,92.00,851.00,69.95,0.450,4.159,0.342,banana,fresh
13575301,13426,91.90,851.10,69.85,0.449,4.160,0.341,banana,fresh
13576311,13427,91.95,851.05,69.85,0.449,4.160,0.341,banana,fresh
13577323,13428,91.80,851.05,69.90,0.449,4.160,0.342,banana,fresh
13578334,13429,91.95,851.10,70.00,0.449,4.160,0.342,banana,fresh
13579345,13430,91.90,851.00,69.90,0.449,4.159,0.342,banana,fresh
13580356,13431,92.00,851.10,69.80,0.450,4.160,0.341,banana,fresh
13581367,13432,92.00,851.10,69.75,0.450,4.160,0.341,banana,fresh
13582379,13433,92.00,851.05,69.95,0.450,4.160,0.342,banana,fresh
13583389,13434,92.00,851.15,69.90,0.450,4.160,0.342,banana,fresh
13584401,13435,91.95,851.05,69.85,0.449,4.160,0.341,banana,fresh
13585412,13436,91.90,851.20,69.85,0.449,4.160,0.341,banana,fresh
13586423,13437,92.00,851.20,69.85,0.450,4.160,0.341,banana,fresh
13587434,13438,91.95,851.05,69.85,0.449,4.160,0.341,banana,fresh
13588445,13439,91.95,851.05,69.85,0.449,4.160,0.341,banana,fresh
13589456,13440,92.05,851.15,69.80,0.450,4.160,0.341,banana,fresh
13590467,13441,91.95,851.10,69.90,0.449,4.160,0.342,banana,fresh
13591479,13442,91.95,851.20,69.90,0.449,4.160,0.342,banana,fresh
13592489,13443,92.00,851.05,69.90,0.450,4.160,0.342,banana,fresh
13593501,13444,91.95,851.15,70.00,0.449,4.160,0.342,banana,fresh
13594512,13445,91.95,851.15,69.95,0.449,4.160,0.342,banana,fresh
13595524,13446,91.90,851.05,69.90,0.449,4.160,0.342,banana,fresh
13596534,13447,92.00,851.05,69.85,0.450,4.160,0.341,banana,fresh
13597545,13448,91.90,851.15,69.95,0.449,4.160,0.342,banana,fresh
13598557,13449,91.95,851.15,69.85,0.449,4.160,0.341,banana,fresh
13599567,13450,91.95,851.05,69.95,0.449,4.160,0.342,banana,fresh
13600579,13451,91.90,851.10,69.90,0.449,4.160,0.342,banana,fresh
13601590,13452,91.95,851.00,69.95,0.449,4.159,0.342,banana,fresh
13602601,13453,92.00,851.15,69.90,0.450,4.160,0.342,banana,fresh
13603612,13454,92.00,851.00,69.90,0.450,4.159,0.342,banana,fresh
13604623,13455,91.95,851.15,69.85,0.449,4.160,0.341,banana,fresh
13605635,13456,91.90,851.15,69.80,0.449,4.160,0.341,banana,fresh
13606645,13457,91.95,851.10,69.70,0.449,4.160,0.341,banana,fresh
13607657,13458,92.00,851.00,69.85,0.450,4.159,0.341,banana,fresh
13608668,13459,91.90,851.10,69.80,0.449,4.160,0.341,banana,fresh
13609679,13460,91.85,851.05,69.90,0.449,4.160,0.342,banana,fresh
13610690,13461,92.00,851.15,69.80,0.450,4.160,0.341,banana,fresh
13611701,13462,92.00,851.05,69.85,0.450,4.160,0.341,banana,fresh
13612712,13463,92.00,851.05,69.95,0.450,4.160,0.342,banana,fresh
13613723,13464,91.85,851.10,69.90,0.449,4.160,0.342,banana,fresh
13614735,13465,92.00,851.05,69.85,0.450,4.160,0.341,banana,fresh
13615746,13466,92.00,851.00,69.85,0.450,4.159,0.341,banana,fresh
13616756,13467,91.95,851.05,69.85,0.449,4.160,0.341,banana,fresh
13617768,13468,91.95,851.05,69.85,0.449,4.160,0.341,banana,fresh
13618779,13469,91.95,851.10,69.85,0.449,4.160,0.341,banana,fresh
13619790,13470,92.00,851.00,69.90,0.450,4.159,0.342,banana,fresh
13620801,13471,91.95,851.10,69.90,0.449,4.160,0.342,banana,fresh
13621813,13472,91.90,851.20,69.85,0.449,4.160,0.341,banana,fresh
13622823,13473,91.95,851.00,69.75,0.449,4.159,0.341,banana,fresh
13623834,13474,91.90,851.15,69.80,0.449,4.160,0.341,banana,fresh
13624846,13475,91.95,851.20,69.85,0.449,4.160,0.341,banana,fresh
13625857,13476,91.85,851.15,69.90,0.449,4.160,0.342,banana,fresh
13626868,13477,91.95,851.15,69.85,0.449,4.160,0.341,banana,fresh
13627879,13478,91.90,851.10,69.85,0.449,4.160,0.341,banana,fresh
13628891,13479,92.00,851.15,69.95,0.450,4.160,0.342,banana,fresh
13629901,13480,91.85,851.00,69.85,0.449,4.159,0.341,banana,fresh
13630912,13481,91.95,851.05,69.90,0.449,4.160,0.342,banana,fresh
13631924,13482,92.00,851.10,69.90,0.450,4.160,0.342,banana,fresh
13632934,13483,91.85,851.15,69.90,0.449,4.160,0.342,banana,fresh
13633946,13484,92.00,851.05,69.95,0.450,4.160,0.342,banana,fresh
13634957,13485,91.95,851.00,69.65,0.449,4.159,0.340,banana,fresh
13635969,13486,91.90,851.10,69.85,0.449,4.160,0.341,banana,fresh
13636979,13487,91.95,851.15,69.90,0.449,4.160,0.342,banana,fresh
13637990,13488,91.90,851.10,69.80,0.449,4.160,0.341,banana,fresh
13639002,13489,91.95,851.10,69.80,0.449,4.160,0.341,banana,fresh
13640012,13490,92.00,851.05,69.80,0.450,4.160,0.341,banana,fresh
13641024,13491,91.85,851.05,69.85,0.449,4.160,0.341,banana,fresh
13642035,13492,91.80,851.05,69.85,0.449,4.160,0.341,banana,fresh
13643046,13493,91.85,851.05,69.95,0.449,4.160,0.342,banana,fresh
13644057,13494,91.85,851.05,69.90,0.449,4.160,0.342,banana,fresh
13645068,13495,91.85,851.10,69.90,0.449,4.160,0.342,banana,fresh
13646080,13496,91.95,851.10,69.85,0.449,4.160,0.341,banana,fresh
13647090,13497,91.90,851.15,69.90,0.449,4.160,0.342,banana,fresh
13648102,13498,92.00,851.00,69.90,0.450,4.159,0.342,banana,fresh
13649113,13499,91.85,851.20,69.80,0.449,4.160,0.341,banana,fresh
13650124,13500,92.00,851.05,69.75,0.450,4.160,0.341,banana,fresh
13651135,13501,91.95,851.05,69.95,0.449,4.160,0.342,banana,fresh
13652146,13502,91.95,851.15,69.70,0.449,4.160,0.341,banana,fresh
13653157,13503,92.00,851.00,69.50,0.450,4.159,0.340,banana,fresh
13654168,13504,91.90,851.10,69.75,0.449,4.160,0.341,banana,fresh
13655180,13505,91.85,851.05,69.80,0.449,4.160,0.341,banana,fresh
13656190,13506,91.90,851.20,69.85,0.449,4.160,0.341,banana,fresh
13657201,13507,91.95,851.15,69.70,0.449,4.160,0.341,banana,fresh
13658213,13508,91.85,851.10,69.90,0.449,4.160,0.342,banana,fresh
13659224,13509,91.90,851.05,69.80,0.449,4.160,0.341,banana,fresh
13660235,13510,91.90,851.00,69.80,0.449,4.159,0.341,banana,fresh
13661246,13511,91.95,851.10,69.85,0.449,4.160,0.341,banana,fresh
13662258,13512,91.90,851.10,69.75,0.449,4.160,0.341,banana,fresh
13663268,13513,91.90,851.05,69.90,0.449,4.160,0.342,banana,fresh
13664279,13514,91.90,851.10,69.80,0.449,4.160,0.341,banana,fresh
13665291,13515,92.00,851.05,69.90,0.450,4.160,0.342,banana,fresh
13666301,13516,91.80,851.10,69.85,0.449,4.160,0.341,banana,fresh
13667313,13517,92.00,851.20,69.90,0.450,4.160,0.342,banana,fresh
13668324,13518,91.90,851.20,69.90,0.449,4.160,0.342,banana,fresh
13669336,13519,91.95,851.15,69.85,0.449,4.160,0.341,banana,fresh
13670346,13520,91.80,851.20,69.80,0.449,4.160,0.341,banana,fresh
13671357,13521,92.00,851.25,69.85,0.450,4.161,0.341,banana,fresh
13672369,13522,91.80,851.20,69.75,0.449,4.160,0.341,banana,fresh
13673379,13523,91.80,851.10,69.80,0.449,4.160,0.341,banana,fresh
13674391,13524,91.90,851.05,69.85,0.449,4.160,0.341,banana,fresh
13675402,13525,91.85,851.25,69.85,0.449,4.161,0.341,banana,fresh
13676413,13526,91.95,851.10,69.75,0.449,4.160,0.341,banana,fresh
13677424,13527,92.00,851.10,69.80,0.450,4.160,0.341,banana,fresh
13678435,13528,91.85,851.15,69.95,0.449,4.160,0.342,banana,fresh
13679447,13529,91.85,851.00,69.85,0.449,4.159,0.341,banana,fresh
13680457,13530,91.85,851.05,69.90,0.449,4.160,0.342,banana,fresh
13681469,13531,91.95,851.10,69.65,0.449,4.160,0.340,banana,fresh
13682480,13532,91.90,851.00,69.80,0.449,4.159,0.341,banana,fresh
13683491,13533,91.90,851.00,69.75,0.449,4.159,0.341,banana,fresh
13684502,13534,91.90,851.00,69.75,0.449,4.159,0.341,banana,fresh
13685514,13535,91.95,851.10,69.80,0.449,4.160,0.341,banana,fresh
13686524,13536,91.95,851.15,69.75,0.449,4.160,0.341,banana,fresh
13687535,13537,91.85,851.05,69.85,0.449,4.160,0.341,banana,fresh
13688547,13538,91.85,851.10,69.85,0.449,4.160,0.341,banana,fresh
13689558,13539,91.95,851.10,69.85,0.449,4.160,0.341,banana,fresh
13690569,13540,91.80,851.10,69.80,0.449,4.160,0.341,banana,fresh
13691580,13541,91.90,851.15,69.80,0.449,4.160,0.341,banana,fresh
13692592,13542,91.95,851.10,69.90,0.449,4.160,0.342,banana,fresh
13693602,13543,91.90,851.05,69.80,0.449,4.160,0.341,banana,fresh
13694613,13544,91.85,851.10,69.70,0.449,4.160,0.341,banana,fresh
13695625,13545,91.85,851.15,69.65,0.449,4.160,0.340,banana,fresh
13696635,13546,91.85,851.10,69.60,0.449,4.160,0.340,banana,fresh
13697647,13547,91.95,851.05,69.90,0.449,4.160,0.342,banana,fresh
13698658,13548,91.80,851.20,69.75,0.449,4.160,0.341,banana,fresh
13699670,13549,91.90,851.05,69.70,0.449,4.160,0.341,banana,fresh
13700680,13550,91.85,851.05,69.85,0.449,4.160,0.341,banana,fresh
13701691,13551,91.90,851.00,69.70,0.449,4.159,0.341,banana,fresh
13702703,13552,91.95,851.25,69.75,0.449,4.161,0.341,banana,fresh
13703713,13553,91.80,851.20,69.85,0.449,4.160,0.341,banana,fresh
13704725,13554,92.05,851.20,69.70,0.450,4.160,0.341,banana,fresh
13705736,13555,91.95,851.10,69.95,0.449,4.160,0.342,banana,fresh
13706747,13556,91.80,851.20,69.60,0.449,4.160,0.340,banana,fresh
13707758,13557,91.85,851.25,69.95,0.449,4.161,0.342,banana,fresh
13708770,13558,91.90,851.15,69.75,0.449,4.160,0.341,banana,fresh
13709780,13559,91.90,851.20,69.85,0.449,4.160,0.341,banana,fresh
13710791,13560,92.00,851.10,69.80,0.450,4.160,0.341,banana,fresh
13711803,13561,92.00,851.10,69.80,0.450,4.160,0.341,banana,fresh
13712814,13562,91.95,851.05,69.80,0.449,4.160,0.341,banana,fresh
13713825,13563,91.95,851.15,69.80,0.449,4.160,0.341,banana,fresh
13714836,13564,91.90,851.05,70.00,0.449,4.160,0.342,banana,fresh
13715848,13565,92.00,851.15,69.90,0.450,4.160,0.342,banana,fresh
13716858,13566,92.00,851.10,69.85,0.450,4.160,0.341,banana,fresh
13717869,13567,92.00,851.05,69.75,0.450,4.160,0.341,banana,fresh
13718881,13568,91.95,851.20,69.70,0.449,4.160,0.341,banana,fresh
13719891,13569,92.05,851.25,69.80,0.450,4.161,0.341,banana,fresh
13720903,13570,91.90,851.20,69.90,0.449,4.160,0.342,banana,fresh
13721914,13571,91.95,851.15,69.90,0.449,4.160,0.342,banana,fresh
13722926,13572,91.95,851.10,69.85,0.449,4.160,0.341,banana,fresh
13723936,13573,92.00,851.20,69.75,0.450,4.160,0.341,banana,fresh
13724947,13574,91.95,851.05,69.75,0.449,4.160,0.341,banana,fresh
13725959,13575,91.95,851.15,69.80,0.449,4.160,0.341,banana,fresh
13726969,13576,91.95,851.10,69.85,0.449,4.160,0.341,banana,fresh
13727981,13577,92.00,851.20,69.85,0.450,4.160,0.341,banana,fresh
13728992,13578,92.00,851.05,69.75,0.450,4.160,0.341,banana,fresh
13730003,13579,92.00,851.10,69.75,0.450,4.160,0.341,banana,fresh
13731014,13580,91.95,851.15,69.90,0.449,4.160,0.342,banana,fresh
13732025,13581,91.95,851.15,69.90,0.449,4.160,0.342,banana,fresh
13733037,13582,91.80,851.20,69.90,0.449,4.160,0.342,banana,fresh
13734047,13583,91.95,851.10,69.80,0.449,4.160,0.341,banana,fresh
13735059,13584,92.00,851.15,69.75,0.450,4.160,0.341,banana,fresh
13736070,13585,92.00,851.10,69.95,0.450,4.160,0.342,banana,fresh
13737081,13586,92.00,851.10,69.70,0.450,4.160,0.341,banana,fresh
13738092,13587,91.90,851.15,69.90,0.449,4.160,0.342,banana,fresh
13739103,13588,91.95,851.20,69.90,0.449,4.160,0.342,banana,fresh
13740114,13589,92.00,851.10,69.80,0.450,4.160,0.341,banana,fresh
13741125,13590,92.00,851.20,69.75,0.450,4.160,0.341,banana,fresh
13742137,13591,91.90,851.10,69.80,0.449,4.160,0.341,banana,fresh
13743148,13592,91.95,851.10,69.80,0.449,4.160,0.341,banana,fresh
13744159,13593,91.95,851.15,69.85,0.449,4.160,0.341,banana,fresh
13745170,13594,91.95,851.10,69.75,0.449,4.160,0.341,banana,fresh
13746181,13595,92.00,851.20,69.80,0.450,4.160,0.341,banana,fresh
13747192,13596,91.90,851.20,69.85,0.449,4.160,0.341,banana,fresh
13748203,13597,91.95,851.15,69.90,0.449,4.160,0.342,banana,fresh
13749215,13598,91.95,851.20,69.80,0.449,4.160,0.341,banana,fresh
13750225,13599,92.00,851.15,69.85,0.450,4.160,0.341,banana,fresh
13751236,13600,91.95,851.10,69.75,0.449,4.160,0.341,banana,fresh
13752248,13601,91.90,851.15,69.90,0.449,4.160,0.342,banana,fresh
13753259,13602,91.80,851.30,69.85,0.449,4.161,0.341,banana,fresh
13754270,13603,91.95,851.20,69.95,0.449,4.160,0.342,banana,fresh
13755281,13604,92.00,851.40,69.80,0.450,4.161,0.341,banana,fresh
13756293,13605,91.85,851.10,69.85,0.449,4.160,0.341,banana,fresh
13757303,13606,92.00,851.05,69.70,0.450,4.160,0.341,banana,fresh
13758315,13607,91.95,851.10,69.70,0.449,4.160,0.341,banana,fresh
13759326,13608,91.95,851.20,69.80,0.449,4.160,0.341,banana,fresh
13760336,13609,92.00,851.15,69.65,0.450,4.160,0.340,banana,fresh
13761348,13610,91.95,851.10,69.95,0.449,4.160,0.342,banana,fresh
13762359,13611,92.00,851.25,69.90,0.450,4.161,0.342,banana,fresh
13763371,13612,91.95,851.30,69.70,0.449,4.161,0.341,banana,fresh
13764381,13613,92.00,851.40,69.85,0.450,4.161,0.341,banana,fresh
13765393,13614,91.95,851.20,69.70,0.449,4.160,0.341,banana,fresh
13766404,13615,91.95,851.35,69.80,0.449,4.161,0.341,banana,fresh
13767414,13616,91.95,851.10,69.85,0.449,4.160,0.341,banana,fresh
13768426,13617,91.90,851.15,69.80,0.449,4.160,0.341,banana,fresh
13769437,13618,92.00,851.15,69.85,0.450,4.160,0.341,banana,fresh
13770448,13619,92.00,851.30,69.85,0.450,4.161,0.341,banana,fresh
13771459,13620,92.00,851.20,69.85,0.450,4.160,0.341,banana,fresh
13772471,13621,91.90,851.15,69.85,0.449,4.160,0.341,banana,fresh
13773481,13622,91.95,851.20,69.85,0.449,4.160,0.341,banana,fresh
13774492,13623,92.00,851.20,69.85,0.450,4.160,0.341,banana,fresh
13775504,13624,91.90,851.20,69.95,0.449,4.160,0.342,banana,fresh
13776515,13625,91.90,851.20,69.95,0.449,4.160,0.342,banana,fresh
13777526,13626,92.00,851.30,69.80,0.450,4.161,0.341,banana,fresh
13778537,13627,91.95,851.15,69.85,0.449,4.160,0.341,banana,fresh
13779549,13628,92.00,851.25,69.80,0.450,4.161,0.341,banana,fresh
13780559,13629,91.95,851.15,69.75,0.449,4.160,0.341,banana,fresh
13781570,13630,92.00,851.20,70.00,0.450,4.160,0.342,banana,fresh
13782582,13631,91.95,851.10,69.90,0.449,4.160,0.342,banana,fresh
13783592,13632,91.95,851.10,69.80,0.449,4.160,0.341,banana,fresh
13784604,13633,91.95,851.20,69.60,0.449,4.160,0.340,banana,fresh
13785615,13634,92.00,851.15,69.85,0.450,4.160,0.341,banana,fresh
13786627,13635,91.90,851.15,69.80,0.449,4.160,0.341,banana,fresh
13787637,13636,92.00,851.10,69.80,0.450,4.160,0.341,banana,fresh
13788648,13637,92.00,851.20,69.80,0.450,4.160,0.341,banana,fresh
13789660,13638,92.00,851.20,69.70,0.450,4.160,0.341,banana,fresh
13790670,13639,92.00,851.20,69.95,0.450,4.160,0.342,banana,fresh
13791682,13640,91.90,851.25,69.70,0.449,4.161,0.341,banana,fresh
13792693,13641,91.95,851.10,69.85,0.449,4.160,0.341,banana,fresh
13793703,13642,91.95,851.05,69.90,0.449,4.160,0.342,banana,fresh
13794715,13643,91.85,851.35,69.85,0.449,4.161,0.341,banana,fresh
13795726,13644,91.95,851.10,69.80,0.449,4.160,0.341,banana,fresh
13796738,13645,91.95,851.05,69.80,0.449,4.160,0.341,banana,fresh
13797748,13646,91.95,851.10,69.90,0.449,4.160,0.342,banana,fresh
13798760,13647,92.00,851.15,69.80,0.450,4.160,0.341,banana,fresh
13799771,13648,92.00,851.30,69.80,0.450,4.161,0.341,banana,fresh
13800782,13649,92.00,851.15,69.65,0.450,4.160,0.340,banana,fresh
13801793,13650,91.95,851.05,69.75,0.449,4.160,0.341,banana,fresh
13802804,13651,92.00,851.30,69.75,0.450,4.161,0.341,banana,fresh
13803815,13652,92.00,851.10,69.90,0.450,4.160,0.342,banana,fresh
13804826,13653,92.00,851.10,69.90,0.450,4.160,0.342,banana,fresh
13805838,13654,91.90,851.15,69.75,0.449,4.160,0.341,banana,fresh
13806849,13655,92.00,851.15,69.85,0.450,4.160,0.341,banana,fresh
13807860,13656,91.95,851.15,69.90,0.449,4.160,0.342,banana,fresh
13808871,13657,92.00,851.05,69.75,0.450,4.160,0.341,banana,fresh
13809882,13658,91.90,851.20,69.90,0.449,4.160,0.342,banana,fresh
13810893,13659,92.00,851.05,69.75,0.450,4.160,0.341,banana,fresh
13811904,13660,92.00,851.25,69.90,0.450,4.161,0.342,banana,fresh
13812916,13661,92.00,851.05,69.90,0.450,4.160,0.342,banana,fresh
13813926,13662,91.95,851.35,69.85,0.449,4.161,0.341,banana,fresh
13814938,13663,92.00,851.10,69.65,0.450,4.160,0.340,banana,fresh
13815949,13664,91.90,851.15,69.85,0.449,4.160,0.341,banana,fresh
13816960,13665,92.00,851.25,69.90,0.450,4.161,0.342,banana,fresh
13817971,13666,91.95,851.20,69.80,0.449,4.160,0.341,banana,fresh
13818982,13667,92.00,851.05,69.80,0.450,4.160,0.341,banana,fresh
13819994,13668,91.95,851.20,69.85,0.449,4.160,0.341,banana,fresh
13821004,13669,91.95,851.20,69.90,0.449,4.160,0.342,banana,fresh
13822016,13670,91.95,851.05,69.60,0.449,4.160,0.340,banana,fresh
13823027,13671,92.05,851.15,69.90,0.450,4.160,0.342,banana,fresh
13824037,13672,91.85,851.30,69.80,0.449,4.161,0.341,banana,fresh
13825049,13673,91.95,851.20,69.90,0.449,4.160,0.342,banana,fresh
13826060,13674,92.00,851.25,69.80,0.450,4.161,0.341,banana,fresh
13827072,13675,92.00,851.20,69.75,0.450,4.160,0.341,banana,fresh
13828082,13676,92.00,851.10,69.85,0.450,4.160,0.341,banana,fresh
13829093,13677,91.95,851.25,69.95,0.449,4.161,0.342,banana,fresh
13830105,13678,91.95,851.15,69.90,0.449,4.160,0.342,banana,fresh
13831115,13679,91.95,851.20,69.75,0.449,4.160,0.341,banana,fresh
13832127,13680,92.00,851.25,69.80,0.450,4.161,0.341,banana,fresh
13833138,13681,91.95,851.20,69.85,0.449,4.160,0.341,banana,fresh
13834149,13682,91.95,851.20,69.80,0.449,4.160,0.341,banana,fresh
13835160,13683,91.95,851.20,69.75,0.449,4.160,0.341,banana,fresh
13836172,13684,91.95,851.25,69.80,0.449,4.161,0.341,banana,fresh
13837182,13685,92.00,851.15,69.75,0.450,4.160,0.341,banana,fresh
13838193,13686,92.00,851.20,69.65,0.450,4.160,0.340,banana,fresh
13839205,13687,91.95,851.55,69.90,0.449,4.162,0.342,banana,fresh
13840216,13688,91.95,851.25,69.80,0.449,4.161,0.341,banana,fresh
13841227,13689,92.00,851.20,69.85,0.450,4.160,0.341,banana,fresh
13842238,13690,92.00,851.25,69.75,0.450,4.161,0.341,banana,fresh
13843250,13691,92.00,851.20,69.85,0.450,4.160,0.341,banana,fresh
13844260,13692,92.00,851.05,69.65,0.450,4.160,0.340,banana,fresh
13845271,13693,91.95,851.25,69.85,0.449,4.161,0.341,banana,fresh
13846283,13694,92.00,851.25,69.85,0.450,4.161,0.341,banana,fresh
13847293,13695,91.95,851.15,69.75,0.449,4.160,0.341,banana,fresh
13848305,13696,92.00,851.30,69.75,0.450,4.161,0.341,banana,fresh
13849316,13697,92.00,851.35,69.65,0.450,4.161,0.340,banana,fresh
13850328,13698,92.00,851.30,69.80,0.450,4.161,0.341,banana,fresh
13851338,13699,91.95,851.10,69.80,0.449,4.160,0.341,banana,fresh
13852349,13700,91.90,851.25,69.75,0.449,4.161,0.341,banana,fresh
13853361,13701,91.95,851.05,69.80,0.449,4.160,0.341,banana,fresh
13854371,13702,92.00,851.15,69.85,0.450,4.160,0.341,banana,fresh
13855383,13703,91.90,851.05,69.80,0.449,4.160,0.341,banana,fresh
13856394,13704,91.95,851.35,69.95,0.449,4.161,0.342,banana,fresh
13857405,13705,92.00,851.05,69.60,0.450,4.160,0.340,banana,fresh
13858416,13706,92.00,851.30,69.90,0.450,4.161,0.342,banana,fresh
13859427,13707,91.95,851.25,69.90,0.449,4.161,0.342,banana,fresh
13860439,13708,91.95,851.25,69.80,0.449,4.161,0.341,banana,fresh
13861449,13709,91.90,851.15,69.85,0.449,4.160,0.341,banana,fresh
13862461,13710,91.95,851.35,69.65,0.449,4.161,0.340,banana,fresh
13863472,13711,91.90,851.15,69.60,0.449,4.160,0.340,banana,fresh
13864483,13712,92.00,851.25,69.85,0.450,4.161,0.341,banana,fresh
13865494,13713,92.00,851.15,69.95,0.450,4.160,0.342,banana,fresh
13866505,13714,92.00,851.15,69.75,0.450,4.160,0.341,banana,fresh
13867516,13715,91.95,851.30,69.85,0.449,4.161,0.341,banana,fresh
13868527,13716,92.00,851.20,69.85,0.450,4.160,0.341,banana,fresh
13869539,13717,92.00,851.20,69.80,0.450,4.160,0.341,banana,fresh
13870550,13718,91.95,851.40,70.00,0.449,4.161,0.342,banana,fresh
13871561,13719,92.00,851.20,69.65,0.450,4.160,0.340,banana,fresh
13872572,13720,91.95,851.15,69.90,0.449,4.160,0.342,banana,fresh
13873583,13721,91.90,851.25,69.95,0.449,4.161,0.342,banana,fresh
13874594,13722,92.00,851.20,69.80,0.450,4.160,0.341,banana,fresh
13875605,13723,91.95,851.10,69.85,0.449,4.160,0.341,banana,fresh
13876617,13724,92.00,851.30,69.75,0.450,4.161,0.341,banana,fresh
13877627,13725,92.00,851.25,69.85,0.450,4.161,0.341,banana,fresh
13878639,13726,91.95,851.25,69.85,0.449,4.161,0.341,banana,fresh
13879650,13727,91.90,851.20,69.70,0.449,4.160,0.341,banana,fresh
13880660,13728,91.95,851.20,70.00,0.449,4.160,0.342,banana,fresh
13881672,13729,91.90,851.05,69.95,0.449,4.160,0.342,banana,fresh
13882683,13730,92.00,851.25,69.80,0.450,4.161,0.341,banana,fresh
13883695,13731,92.00,851.40,69.80,0.450,4.161,0.341,banana,fresh
13884705,13732,91.95,851.25,69.80,0.449,4.161,0.341,banana,fresh
13885717,13733,92.00,851.20,69.70,0.450,4.160,0.341,banana,fresh
13886728,13734,91.95,851.20,69.70,0.449,4.160,0.341,banana,fresh
13887738,13735,92.00,851.15,69.70,0.450,4.160,0.341,banana,fresh
13888750,13736,91.90,851.25,69.90,0.449,4.161,0.342,banana,fresh
13889761,13737,91.85,851.20,69.90,0.449,4.160,0.342,banana,fresh
13890772,13738,91.90,851.10,69.80,0.449,4.160,0.341,banana,fresh
13891783,13739,92.00,851.05,69.75,0.450,4.160,0.341,banana,fresh
13892795,13740,92.00,851.40,69.90,0.450,4.161,0.342,banana,fresh
13893806,13741,92.00,851.20,69.60,0.450,4.160,0.340,banana,fresh
13894816,13742,91.90,851.25,69.95,0.449,4.161,0.342,banana,fresh
13895828,13743,91.95,851.20,69.85,0.449,4.160,0.341,banana,fresh
13896839,13744,92.00,851.25,69.90,0.450,4.161,0.342,banana,fresh
13897850,13745,91.95,851.10,69.80,0.449,4.160,0.341,banana,fresh
13898861,13746,91.90,851.15,69.75,0.449,4.160,0.341,banana,fresh
13899873,13747,92.00,851.30,69.95,0.450,4.161,0.342,banana,fresh
13900883,13748,91.90,851.35,69.70,0.449,4.161,0.341,banana,fresh
13901894,13749,91.95,851.35,69.75,0.449,4.161,0.341,banana,fresh
13902906,13750,91.95,851.50,69.90,0.449,4.162,0.342,banana,fresh
13903917,13751,91.95,851.20,69.80,0.449,4.160,0.341,banana,fresh
13904928,13752,91.95,851.15,69.75,0.449,4.160,0.341,banana,fresh
13905939,13753,92.00,851.25,69.85,0.450,4.161,0.341,banana,fresh
13906951,13754,92.00,851.10,69.90,0.450,4.160,0.342,banana,fresh
13907961,13755,91.95,851.30,69.75,0.449,4.161,0.341,banana,fresh
13908972,13756,92.00,851.25,69.95,0.450,4.161,0.342,banana,fresh
13909984,13757,92.00,851.25,69.80,0.450,4.161,0.341,banana,fresh
13910994,13758,92.00,851.30,69.80,0.450,4.161,0.341,banana,fresh
13912006,13759,91.95,851.10,69.90,0.449,4.160,0.342,banana,fresh
13913017,13760,92.00,851.20,69.95,0.450,4.160,0.342,banana,fresh
13914029,13761,91.95,851.25,69.90,0.449,4.161,0.342,banana,fresh
13915039,13762,91.95,851.30,69.90,0.449,4.161,0.342,banana,fresh
13916050,13763,92.00,851.40,69.90,0.450,4.161,0.342,banana,fresh
13917062,13764,92.05,851.15,69.85,0.450,4.160,0.341,banana,fresh
13918072,13765,91.95,851.25,69.90,0.449,4.161,0.342,banana,fresh
13919084,13766,92.00,851.15,69.80,0.450,4.160,0.341,banana,fresh
13920095,13767,91.95,851.15,69.90,0.449,4.160,0.342,banana,fresh
13921106,13768,92.00,851.25,69.90,0.450,4.161,0.342,banana,fresh
13922117,13769,91.90,851.05,69.90,0.449,4.160,0.342,banana,fresh
13923128,13770,91.90,851.20,69.95,0.449,4.160,0.342,banana,fresh
13924140,13771,92.00,851.20,69.85,0.450,4.160,0.341,banana,fresh
13925150,13772,92.00,851.10,69.80,0.450,4.160,0.341,banana,fresh
13926162,13773,91.95,851.25,69.95,0.449,4.161,0.342,banana,fresh
13927173,13774,91.95,851.30,69.80,0.449,4.161,0.341,banana,fresh
13928184,13775,91.95,851.15,69.75,0.449,4.160,0.341,banana,fresh
13929195,13776,91.85,851.15,69.85,0.449,4.160,0.341,banana,fresh
13930206,13777,91.90,851.20,69.85,0.449,4.160,0.341,banana,fresh
13931217,13778,92.00,851.15,69.85,0.450,4.160,0.341,banana,fresh
13932228,13779,91.95,851.10,69.75,0.449,4.160,0.341,banana,fresh
13933240,13780,91.95,851.15,69.80,0.449,4.160,0.341,banana,fresh
13934251,13781,91.85,851.30,69.95,0.449,4.161,0.342,banana,fresh
13935262,13782,91.95,851.30,69.70,0.449,4.161,0.341,banana,fresh
13936273,13783,91.95,851.35,69.70,0.449,4.161,0.341,banana,fresh
13937285,13784,91.90,851.25,69.65,0.449,4.161,0.340,banana,fresh
13938295,13785,92.00,851.15,69.75,0.450,4.160,0.341,banana,fresh
13939306,13786,91.95,851.25,69.85,0.449,4.161,0.341,banana,fresh
13940318,13787,91.95,851.35,69.80,0.449,4.161,0.341,banana,fresh
13941328,13788,91.95,851.20,69.70,0.449,4.160,0.341,banana,fresh
13942340,13789,91.95,851.25,69.80,0.449,4.161,0.341,banana,fresh
13943351,13790,92.00,851.10,69.75,0.450,4.160,0.341,banana,fresh
13944363,13791,91.95,851.25,69.75,0.449,4.161,0.341,banana,fresh
13945373,13792,92.00,851.20,69.75,0.450,4.160,0.341,banana,fresh
13946384,13793,91.95,851.20,69.80,0.449,4.160,0.341,banana,fresh
13947396,13794,91.90,851.25,69.80,0.449,4.161,0.341,banana,fresh
13948406,13795,92.00,851.15,69.85,0.450,4.160,0.341,banana,fresh
13949418,13796,92.00,851.30,69.70,0.450,4.161,0.341,banana,fresh
13950429,13797,91.95,851.25,69.90,0.449,4.161,0.342,banana,fresh
13951440,13798,92.00,851.20,69.90,0.450,4.160,0.342,banana,fresh
13952451,13799,91.95,851.45,69.75,0.449,4.162,0.341,banana,fresh
13953462,13800,91.95,851.10,69.80,0.449,4.160,0.341,banana,fresh
13954473,13801,92.00,851.15,69.90,0.450,4.160,0.342,banana,fresh
13955484,13802,91.80,851.20,69.85,0.449,4.160,0.341,banana,fresh
13956496,13803,92.00,851.50,69.75,0.450,4.162,0.341,banana,fresh
13957507,13804,91.95,851.20,69.90,0.449,4.160,0.342,banana,fresh
13958518,13805,91.95,851.30,69.75,0.449,4.161,0.341,banana,fresh
13959529,13806,91.95,851.25,69.85,0.449,4.161,0.341,banana,fresh
13960540,13807,91.95,851.15,69.70,0.449,4.160,0.341,banana,fresh
13961551,13808,92.00,851.10,69.85,0.450,4.160,0.341,banana,fresh
13962562,13809,91.95,851.35,69.90,0.449,4.161,0.342,banana,fresh
13963574,13810,91.90,851.35,69.90,0.449,4.161,0.342,banana,fresh
13964584,13811,91.95,851.20,69.95,0.449,4.160,0.342,banana,fresh
13965596,13812,92.00,851.25,69.90,0.450,4.161,0.342,banana,fresh
13966607,13813,91.90,851.15,69.65,0.449,4.160,0.340,banana,fresh
13967618,13814,91.90,851.30,69.90,0.449,4.161,0.342,banana,fresh
13968629,13815,91.90,851.30,69.90,0.449,4.161,0.342,banana,fresh
13969640,13816,91.85,851.25,69.85,0.449,4.161,0.341,banana,fresh
13970652,13817,91.90,851.10,69.90,0.449,4.160,0.342,banana,fresh
13971662,13818,91.95,851.20,69.90,0.449,4.160,0.342,banana,fresh
13972674,13819,91.95,851.35,69.75,0.449,4.161,0.341,banana,fresh
13973685,13820,91.90,851.10,69.80,0.449,4.160,0.341,banana,fresh
13974696,13821,91.90,851.25,69.90,0.449,4.161,0.342,banana,fresh
13975707,13822,92.00,851.20,69.80,0.450,4.160,0.341,banana,fresh
13976718,13823,91.80,851.25,69.85,0.449,4.161,0.341,banana,fresh
13977730,13824,91.95,851.40,69.75,0.449,4.161,0.341,banana,fresh
13978740,13825,91.90,851.20,69.85,0.449,4.160,0.341,banana,fresh
13979752,13826,92.00,851.30,69.90,0.450,4.161,0.342,banana,fresh
13980763,13827,91.90,851.25,69.75,0.449,4.161,0.341,banana,fresh
13981774,13828,91.95,851.05,69.65,0.449,4.160,0.340,banana,fresh
13982785,13829,91.80,851.20,69.85,0.449,4.160,0.341,banana,fresh
13983796,13830,91.90,851.20,69.85,0.449,4.160,0.341,banana,fresh
13984807,13831,91.95,851.35,69.75,0.449,4.161,0.341,banana,fresh
13985818,13832,91.95,851.20,69.90,0.449,4.160,0.342,banana,fresh
13986830,13833,91.90,851.25,69.70,0.449,4.161,0.341,banana,fresh
13987841,13834,91.90,851.20,69.75,0.449,4.160,0.341,banana,fresh
13988852,13835,91.80,851.35,69.75,0.449,4.161,0.341,banana,fresh
13989863,13836,91.85,851.10,69.90,0.449,4.160,0.342,banana,fresh
13990874,13837,91.70,851.20,69.70,0.448,4.160,0.341,banana,fresh
13991885,13838,91.90,851.20,69.95,0.449,4.160,0.342,banana,fresh
13992896,13839,92.00,851.20,69.70,0.450,4.160,0.341,banana,fresh
13993908,13840,92.00,851.15,69.75,0.450,4.160,0.341,banana,fresh
13994918,13841,91.90,851.40,69.85,0.449,4.161,0.341,banana,fresh
13995930,13842,91.95,851.20,69.80,0.449,4.160,0.341,banana,fresh
13996941,13843,91.75,851.10,69.75,0.448,4.160,0.341,banana,fresh
13997952,13844,91.95,851.15,69.85,0.449,4.160,0.341,banana,fresh
13998963,13845,91.90,851.30,69.65,0.449,4.161,0.340,banana,fresh
13999974,13846,91.85,851.30,69.80,0.449,4.161,0.341,banana,fresh
14000986,13847,91.95,851.25,69.80,0.449,4.161,0.341,banana,fresh
14001996,13848,91.85,851.25,69.90,0.449,4.161,0.342,banana,fresh
14003008,13849,91.90,851.05,69.90,0.449,4.160,0.342,banana,fresh
14004019,13850,91.90,851.25,69.70,0.449,4.161,0.341,banana,fresh
14005029,13851,91.95,851.15,69.80,0.449,4.160,0.341,banana,fresh
14006041,13852,91.90,851.15,69.75,0.449,4.160,0.341,banana,fresh
14007052,13853,91.90,851.30,69.70,0.449,4.161,0.341,banana,fresh
14008064,13854,91.85,851.20,69.85,0.449,4.160,0.341,banana,fresh
14009074,13855,91.90,851.10,69.60,0.449,4.160,0.340,banana,fresh
14010086,13856,91.90,851.25,69.75,0.449,4.161,0.341,banana,fresh
14011097,13857,91.85,851.30,69.85,0.449,4.161,0.341,banana,fresh
14012107,13858,91.95,851.20,70.00,0.449,4.160,0.342,banana,fresh
14013119,13859,91.85,851.10,69.95,0.449,4.160,0.342,banana,fresh
14014130,13860,91.85,851.50,69.70,0.449,4.162,0.341,banana,fresh
14015141,13861,91.90,851.25,69.65,0.449,4.161,0.340,banana,fresh
14016152,13862,91.95,851.40,69.90,0.449,4.161,0.342,banana,fresh
14017164,13863,92.00,851.30,69.80,0.450,4.161,0.341,banana,fresh
14018174,13864,91.85,851.10,69.70,0.449,4.160,0.341,banana,fresh
14019185,13865,91.95,851.35,69.85,0.449,4.161,0.341,banana,fresh
14020197,13866,92.00,851.30,69.75,0.450,4.161,0.341,banana,fresh
14021208,13867,91.90,851.40,69.85,0.449,4.161,0.341,banana,fresh
14022219,13868,91.75,851.25,69.75,0.448,4.161,0.341,banana,fresh
14023230,13869,91.80,851.15,69.60,0.449,4.160,0.340,banana,fresh
14024242,13870,91.85,851.20,69.65,0.449,4.160,0.340,banana,fresh
14025252,13871,91.85,851.25,69.85,0.449,4.161,0.341,banana,fresh
14026264,13872,91.75,851.15,69.95,0.448,4.160,0.342,banana,fresh
14027275,13873,91.90,851.40,69.90,0.449,4.161,0.342,banana,fresh
14028285,13874,91.95,851.35,69.90,0.449,4.161,0.342,banana,fresh
14029297,13875,91.85,851.50,69.80,0.449,4.162,0.341,banana,fresh
14030308,13876,92.00,851.40,69.85,0.450,4.161,0.341,banana,fresh
14031320,13877,91.85,851.25,69.75,0.449,4.161,0.341,banana,fresh
14032330,13878,91.95,851.15,69.75,0.449,4.160,0.341,banana,fresh
14033342,13879,91.95,851.25,69.95,0.449,4.161,0.342,banana,fresh
14034353,13880,91.90,851.15,69.75,0.449,4.160,0.341,banana,fresh
14035364,13881,91.90,851.20,69.75,0.449,4.160,0.341,banana,fresh
14036375,13882,91.95,851.25,69.85,0.449,4.161,0.341,banana,fresh
14037386,13883,91.80,851.15,69.80,0.449,4.160,0.341,banana,fresh
14038397,13884,91.95,851.05,69.70,0.449,4.160,0.341,banana,fresh
14039408,13885,91.85,851.20,69.90,0.449,4.160,0.342,banana,fresh
14040420,13886,91.95,851.20,69.65,0.449,4.160,0.340,banana,fresh
14041431,13887,92.00,851.15,69.85,0.450,4.160,0.341,banana,fresh
14042442,13888,91.95,851.40,69.80,0.449,4.161,0.341,banana,fresh
14043453,13889,92.00,851.25,69.85,0.450,4.161,0.341,banana,fresh
14044464,13890,91.90,851.25,69.85,0.449,4.161,0.341,banana,fresh
14045475,13891,91.75,851.25,69.75,0.448,4.161,0.341,banana,fresh
14046486,13892,91.95,851.25,69.75,0.449,4.161,0.341,banana,fresh
14047498,13893,91.80,851.25,69.75,0.449,4.161,0.341,banana,fresh
14048508,13894,91.90,851.25,69.75,0.449,4.161,0.341,banana,fresh
14049520,13895,91.90,851.20,69.70,0.449,4.160,0.341,banana,fresh
14050531,13896,91.70,851.05,69.85,0.448,4.160,0.341,banana,fresh
14051542,13897,91.85,851.35,69.95,0.449,4.161,0.342,banana,fresh
14052553,13898,91.80,851.15,69.95,0.449,4.160,0.342,banana,fresh
14053564,13899,91.80,851.20,69.95,0.449,4.160,0.342,banana,fresh
14054576,13900,92.00,851.30,69.75,0.450,4.161,0.341,banana,fresh
14055586,13901,91.90,851.25,69.75,0.449,4.161,0.341,banana,fresh
14056598,13902,91.80,851.25,69.80,0.449,4.161,0.341,banana,fresh
14057609,13903,91.90,851.30,69.70,0.449,4.161,0.341,banana,fresh
14058620,13904,91.90,851.45,69.70,0.449,4.162,0.341,banana,fresh
14059631,13905,91.85,851.15,69.95,0.449,4.160,0.342,banana,fresh
14060642,13906,91.85,851.25,69.85,0.449,4.161,0.341,banana,fresh
14061654,13907,91.95,851.20,69.85,0.449,4.160,0.341,banana,fresh
14062664,13908,91.90,851.30,69.80,0.449,4.161,0.341,banana,fresh
14063676,13909,91.70,851.20,69.90,0.448,4.160,0.342,banana,fresh
14064687,13910,91.75,851.15,69.85,0.448,4.160,0.341,banana,fresh
14065698,13911,91.90,851.30,69.85,0.449,4.161,0.341,banana,fresh
14066709,13912,91.85,851.10,69.80,0.449,4.160,0.341,banana,fresh
14067720,13913,91.80,851.20,69.90,0.449,4.160,0.342,banana,fresh
14068731,13914,91.90,851.20,69.90,0.449,4.160,0.342,banana,fresh
14069742,13915,91.90,851.10,69.90,0.449,4.160,0.342,banana,fresh
14070754,13916,91.95,851.25,69.80,0.449,4.161,0.341,banana,fresh
14071764,13917,91.90,851.10,69.80,0.449,4.160,0.341,banana,fresh
14072776,13918,91.85,851.25,69.85,0.449,4.161,0.341,banana,fresh
14073787,13919,91.90,851.05,69.70,0.449,4.160,0.341,banana,fresh
14074799,13920,91.80,851.20,69.55,0.449,4.160,0.340,banana,fresh
14075809,13921,92.00,851.35,69.65,0.450,4.161,0.340,banana,fresh
14076820,13922,91.75,851.15,69.80,0.448,4.160,0.341,banana,fresh
14077832,13923,91.85,851.20,69.90,0.449,4.160,0.342,banana,fresh
14078842,13924,91.90,851.10,69.80,0.449,4.160,0.341,banana,fresh
14079854,13925,91.90,851.10,69.80,0.449,4.160,0.341,banana,fresh
14080865,13926,91.95,851.30,69.80,0.449,4.161,0.341,banana,fresh
14081876,13927,91.95,851.40,69.45,0.449,4.161,0.339,banana,fresh
14082887,13928,91.85,851.20,69.70,0.449,4.160,0.341,banana,fresh
14083898,13929,91.90,851.40,69.90,0.449,4.161,0.342,banana,fresh
14084910,13930,91.90,851.15,69.75,0.449,4.160,0.341,banana,fresh
14085920,13931,91.90,851.30,69.65,0.449,4.161,0.340,banana,fresh
14086932,13932,91.95,851.35,69.90,0.449,4.161,0.342,banana,fresh
14087943,13933,91.90,851.35,69.85,0.449,4.161,0.341,banana,fresh
14088954,13934,91.95,851.20,69.65,0.449,4.160,0.340,banana,fresh
14089965,13935,91.90,851.20,69.75,0.449,4.160,0.341,banana,fresh
14090976,13936,91.90,851.25,69.80,0.449,4.161,0.341,banana,fresh
14091987,13937,91.80,851.20,69.90,0.449,4.160,0.342,banana,fresh
14092998,13938,91.75,851.10,69.85,0.448,4.160,0.341,banana,fresh
14094010,13939,91.90,851.20,69.70,0.449,4.160,0.341,banana,fresh
14095021,13940,92.00,851.40,69.75,0.450,4.161,0.341,banana,fresh
14096032,13941,91.95,851.20,69.75,0.449,4.160,0.341,banana,fresh
14097043,13942,91.85,851.40,69.95,0.449,4.161,0.342,banana,fresh
14098054,13943,91.90,851.40,69.85,0.449,4.161,0.341,banana,fresh
14099065,13944,91.85,851.35,69.80,0.449,4.161,0.341,banana,fresh
14100076,13945,91.90,851.25,69.60,0.449,4.161,0.340,banana,fresh
14101088,13946,92.00,851.25,69.65,0.450,4.161,0.340,banana,fresh
14102098,13947,91.85,851.20,69.85,0.449,4.160,0.341,banana,fresh
14103110,13948,91.85,851.20,69.85,0.449,4.160,0.341,banana,fresh
14104121,13949,91.80,851.35,69.75,0.449,4.161,0.341,banana,fresh
14105132,13950,91.90,851.30,69.75,0.449,4.161,0.341,banana,fresh
14106143,13951,91.85,851.20,69.75,0.449,4.160,0.341,banana,fresh
14107154,13952,91.80,851.10,69.85,0.449,4.160,0.341,banana,fresh
14108166,13953,91.80,851.15,69.80,0.449,4.160,0.341,banana,fresh
14109176,13954,91.90,851.25,69.70,0.449,4.161,0.341,banana,fresh
14110188,13955,91.85,851.10,69.80,0.449,4.160,0.341,banana,fresh
14111199,13956,91.90,851.20,69.70,0.449,4.160,0.341,banana,fresh
14112209,13957,91.80,851.20,69.80,0.449,4.160,0.341,banana,fresh
14113221,13958,91.85,851.40,69.85,0.449,4.161,0.341,banana,fresh
14114232,13959,91.65,851.30,69.80,0.448,4.161,0.341,banana,fresh
14115244,13960,92.00,851.30,69.80,0.450,4.161,0.341,banana,fresh
14116254,13961,91.80,851.40,69.75,0.449,4.161,0.341,banana,fresh
14117266,13962,91.90,851.20,69.65,0.449,4.160,0.340,banana,fresh
14118277,13963,91.90,851.15,69.65,0.449,4.160,0.340,banana,fresh
14119288,13964,92.00,851.15,69.95,0.450,4.160,0.342,banana,fresh
14120299,13965,91.85,851.15,69.70,0.449,4.160,0.341,banana,fresh
14121310,13966,91.90,851.30,69.50,0.449,4.161,0.340,banana,fresh
14122321,13967,91.95,851.15,69.80,0.449,4.160,0.341,banana,fresh
14123332,13968,91.95,851.30,69.60,0.449,4.161,0.340,banana,fresh
14124344,13969,91.90,851.15,69.80,0.449,4.160,0.341,banana,fresh
14125355,13970,91.85,851.40,69.65,0.449,4.161,0.340,banana,fresh
14126366,13971,91.95,851.40,69.75,0.449,4.161,0.341,banana,fresh
14127377,13972,91.85,851.15,69.75,0.449,4.160,0.341,banana,fresh
14128389,13973,91.85,851.30,69.80,0.449,4.161,0.341,banana,fresh
14129399,13974,91.75,851.10,69.75,0.448,4.160,0.341,banana,fresh
14130410,13975,91.80,851.05,69.85,0.449,4.160,0.341,banana,fresh
14131422,13976,91.85,851.30,69.85,0.449,4.161,0.341,banana,fresh
14132432,13977,91.85,851.35,69.65,0.449,4.161,0.340,banana,fresh
14133444,13978,91.95,851.15,69.75,0.449,4.160,0.341,banana,fresh
14134455,13979,91.90,851.35,69.55,0.449,4.161,0.340,banana,fresh
14135467,13980,91.90,851.30,69.85,0.449,4.161,0.341,banana,fresh
14136477,13981,91.75,851.25,69.90,0.448,4.161,0.342,banana,fresh
14137488,13982,91.95,851.25,69.80,0.449,4.161,0.341,banana,fresh
14138500,13983,91.90,851.15,69.75,0.449,4.160,0.341,banana,fresh
14139510,13984,91.95,851.25,69.55,0.449,4.161,0.340,banana,fresh
14140522,13985,91.85,851.15,69.85,0.449,4.160,0.341,banana,fresh
14141533,13986,91.80,851.15,69.85,0.449,4.160,0.341,banana,fresh
14142544,13987,91.80,851.15,69.55,0.449,4.160,0.340,banana,fresh
14143555,13988,91.95,851.35,69.75,0.449,4.161,0.341,banana,fresh
14144567,13989,91.95,851.20,69.75,0.449,4.160,0.341,banana,fresh
14145577,13990,92.00,851.20,69.60,0.450,4.160,0.340,banana,fresh
14146588,13991,91.95,851.30,69.85,0.449,4.161,0.341,banana,fresh
14147600,13992,91.95,851.20,69.75,0.449,4.160,0.341,banana,fresh
14148611,13993,91.75,851.45,69.75,0.448,4.162,0.341,banana,fresh
14149622,13994,91.90,851.20,69.70,0.449,4.160,0.341,banana,fresh
14150633,13995,91.90,851.45,69.70,0.449,4.162,0.341,banana,fresh
14151645,13996,91.80,851.05,69.80,0.449,4.160,0.341,banana,fresh
14152655,13997,91.85,851.15,69.70,0.449,4.160,0.341,banana,fresh
14153666,13998,91.95,851.20,69.70,0.449,4.160,0.341,banana,fresh
14154678,13999,91.75,851.40,69.70,0.448,4.161,0.341,banana,fresh
14155688,14000,91.90,851.25,69.75,0.449,4.161,0.341,banana,fresh
14156700,14001,91.85,851.25,69.60,0.449,4.161,0.340,banana,fresh
14157711,14002,91.85,851.55,69.60,0.449,4.162,0.340,banana,fresh
14158723,14003,92.00,851.30,69.85,0.450,4.161,0.341,banana,fresh
14159733,14004,91.85,851.25,69.80,0.449,4.161,0.341,banana,fresh
14160745,14005,91.85,851.30,69.55,0.449,4.161,0.340,banana,fresh
14161756,14006,91.85,851.20,69.75,0.449,4.160,0.341,banana,fresh
14162766,14007,91.85,851.45,69.70,0.449,4.162,0.341,banana,fresh
14163778,14008,91.90,851.20,69.60,0.449,4.160,0.340,banana,fresh
14164789,14009,91.85,851.15,69.65,0.449,4.160,0.340,banana,fresh
14165800,14010,92.00,851.25,69.55,0.450,4.161,0.340,banana,fresh
14166811,14011,91.90,851.30,69.85,0.449,4.161,0.341,banana,fresh
14167823,14012,91.90,851.25,69.90,0.449,4.161,0.342,banana,fresh
14168834,14013,91.90,851.25,69.85,0.449,4.161,0.341,banana,fresh
14169844,14014,91.90,851.30,69.75,0.449,4.161,0.341,banana,fresh
14170856,14015,91.80,851.20,69.80,0.449,4.160,0.341,banana,fresh
14171867,14016,91.80,851.50,69.90,0.449,4.162,0.342,banana,fresh
14172878,14017,91.80,851.15,69.75,0.449,4.160,0.341,banana,fresh
14173889,14018,91.90,851.30,69.70,0.449,4.161,0.341,banana,fresh
14174901,14019,91.80,851.25,69.65,0.449,4.161,0.340,banana,fresh
14175911,14020,91.65,851.45,69.75,0.448,4.162,0.341,banana,fresh
14176922,14021,91.75,851.15,69.65,0.448,4.160,0.340,banana,fresh
14177934,14022,91.70,851.20,69.75,0.448,4.160,0.341,banana,fresh
14178945,14023,91.85,851.40,69.70,0.449,4.161,0.341,banana,fresh
14179956,14024,92.00,851.25,69.70,0.450,4.161,0.341,banana,fresh
14180967,14025,91.85,851.20,69.85,0.449,4.160,0.341,banana,fresh
14181979,14026,91.75,851.35,69.70,0.448,4.161,0.341,banana,fresh
14182989,14027,91.85,851.30,69.65,0.449,4.161,0.340,banana,fresh
14184000,14028,91.90,851.30,69.70,0.449,4.161,0.341,banana,fresh
14185012,14029,91.90,851.25,69.85,0.449,4.161,0.341,banana,fresh
14186022,14030,91.85,851.25,69.80,0.449,4.161,0.341,banana,fresh
14187034,14031,91.95,851.35,69.95,0.449,4.161,0.342,banana,fresh
14188045,14032,91.85,851.30,69.75,0.449,4.161,0.341,banana,fresh
14189057,14033,91.90,851.25,69.80,0.449,4.161,0.341,banana,fresh
14190067,14034,92.00,851.45,69.65,0.450,4.162,0.340,banana,fresh
14191078,14035,91.90,851.55,69.75,0.449,4.162,0.341,banana,fresh
14192090,14036,91.95,851.35,69.70,0.449,4.161,0.341,banana,fresh
14193100,14037,91.85,851.35,69.80,0.449,4.161,0.341,banana,fresh
14194112,14038,91.80,851.30,69.60,0.449,4.161,0.340,banana,fresh
14195123,14039,91.85,851.25,69.70,0.449,4.161,0.341,banana,fresh
14196134,14040,91.70,851.25,69.75,0.448,4.161,0.341,banana,fresh
14197145,14041,91.95,851.35,69.80,0.449,4.161,0.341,banana,fresh
14198157,14042,91.95,851.30,69.55,0.449,4.161,0.340,banana,fresh
14199168,14043,91.85,851.35,69.75,0.449,4.161,0.341,banana,fresh
14200178,14044,91.90,851.40,69.65,0.449,4.161,0.340,banana,fresh
14201190,14045,91.85,851.40,69.85,0.449,4.161,0.341,banana,fresh
14202201,14046,91.85,851.25,69.75,0.449,4.161,0.341,banana,fresh
14203212,14047,91.75,851.30,69.75,0.448,4.161,0.341,banana,fresh
14204223,14048,91.80,851.35,69.70,0.449,4.161,0.341,banana,fresh
14205235,14049,91.85,851.25,69.80,0.449,4.161,0.341,banana,fresh
14206245,14050,91.85,851.30,69.70,0.449,4.161,0.341,banana,fresh
14207257,14051,91.85,851.25,69.65,0.449,4.161,0.340,banana,fresh
14208268,14052,91.85,851.35,69.50,0.449,4.161,0.340,banana,fresh
14209278,14053,91.90,851.25,69.80,0.449,4.161,0.341,banana,fresh
14210290,14054,91.85,851.30,69.90,0.449,4.161,0.342,banana,fresh
14211301,14055,91.65,851.35,69.65,0.448,4.161,0.340,banana,fresh
14212313,14056,91.75,851.20,69.70,0.448,4.160,0.341,banana,fresh
14213323,14057,91.80,851.40,69.70,0.449,4.161,0.341,banana,fresh
14214335,14058,91.80,851.20,69.85,0.449,4.160,0.341,banana,fresh
14215346,14059,91.95,851.40,69.70,0.449,4.161,0.341,banana,fresh
14216356,14060,91.95,851.35,69.75,0.449,4.161,0.341,banana,fresh
14217368,14061,91.85,851.50,69.90,0.449,4.162,0.342,banana,fresh
14218379,14062,91.90,851.35,69.75,0.449,4.161,0.341,banana,fresh
14219390,14063,91.95,851.25,69.85,0.449,4.161,0.341,banana,fresh
14220401,14064,91.80,851.25,69.70,0.449,4.161,0.341,banana,fresh
14221413,14065,91.75,851.45,69.85,0.448,4.162,0.341,banana,fresh
14222424,14066,91.85,851.20,69.75,0.449,4.160,0.341,banana,fresh
14223434,14067,91.85,851.30,69.80,0.449,4.161,0.341,banana,fresh
14224446,14068,91.80,851.30,69.60,0.449,4.161,0.340,banana,fresh
14225457,14069,91.85,851.25,69.80,0.449,4.161,0.341,banana,fresh
14226468,14070,91.90,851.15,69.85,0.449,4.160,0.341,banana,fresh
14227479,14071,91.65,851.10,69.95,0.448,4.160,0.342,banana,fresh
14228491,14072,91.80,851.15,69.45,0.449,4.160,0.339,banana,fresh
14229501,14073,91.90,851.45,69.70,0.449,4.162,0.341,banana,fresh
14230513,14074,91.85,851.35,69.90,0.449,4.161,0.342,banana,fresh
14231524,14075,91.95,851.15,69.60,0.449,4.160,0.340,banana,fresh
14232535,14076,91.80,851.25,69.55,0.449,4.161,0.340,banana,fresh
14233546,14077,91.75,851.15,69.75,0.448,4.160,0.341,banana,fresh
14234557,14078,91.75,851.35,69.65,0.448,4.161,0.340,banana,fresh
14235569,14079,91.85,851.35,69.65,0.449,4.161,0.340,banana,fresh
14236579,14080,91.85,851.35,69.60,0.449,4.161,0.340,banana,fresh
14237591,14081,91.80,851.35,69.75,0.449,4.161,0.341,banana,fresh
14238602,14082,91.90,851.35,69.80,0.449,4.161,0.341,banana,fresh
14239612,14083,91.90,851.40,69.70,0.449,4.161,0.341,banana,fresh
14240624,14084,91.90,851.50,69.85,0.449,4.162,0.341,banana,fresh
14241635,14085,91.90,851.35,69.70,0.449,4.161,0.341,banana,fresh
14242647,14086,91.85,851.35,69.90,0.449,4.161,0.342,banana,fresh
14243657,14087,91.95,851.40,69.75,0.449,4.161,0.341,banana,fresh
14244669,14088,91.75,851.50,69.75,0.448,4.162,0.341,banana,fresh
14245680,14089,91.85,851.30,69.65,0.449,4.161,0.340,banana,fresh
14246690,14090,91.90,851.30,69.70,0.449,4.161,0.341,banana,fresh
14247702,14091,91.90,851.30,69.80,0.449,4.161,0.341,banana,fresh
14248713,14092,91.95,851.15,69.55,0.449,4.160,0.340,banana,fresh
14249724,14093,91.85,851.15,69.75,0.449,4.160,0.341,banana,fresh
14250735,14094,91.85,851.15,69.65,0.449,4.160,0.340,banana,fresh
14251747,14095,91.90,851.20,69.70,0.449,4.160,0.341,banana,fresh
14252758,14096,91.85,851.35,69.75,0.449,4.161,0.341,banana,fresh
14253769,14097,91.85,851.40,69.55,0.449,4.161,0.340,banana,fresh
14254780,14098,91.95,851.40,69.70,0.449,4.161,0.341,banana,fresh
14255791,14099,91.95,851.40,69.75,0.449,4.161,0.341,banana,fresh
14256802,14100,91.80,851.30,69.70,0.449,4.161,0.341,banana,fresh
14257813,14101,91.90,851.40,69.60,0.449,4.161,0.340,banana,fresh
14258825,14102,91.80,851.25,69.75,0.449,4.161,0.341,banana,fresh
14259835,14103,91.75,851.20,69.85,0.448,4.160,0.341,banana,fresh
14260847,14104,91.90,851.30,69.80,0.449,4.161,0.341,banana,fresh
14261858,14105,91.70,851.30,69.65,0.448,4.161,0.340,banana,fresh
14262868,14106,91.75,851.40,69.65,0.448,4.161,0.340,banana,fresh
14263880,14107,91.80,851.40,69.60,0.449,4.161,0.340,banana,fresh
14264891,14108,91.95,851.30,69.65,0.449,4.161,0.340,banana,fresh
14265903,14109,91.75,851.25,69.65,0.448,4.161,0.340,banana,fresh
14266913,14110,91.80,851.50,69.70,0.449,4.162,0.341,banana,fresh
14267925,14111,91.65,851.40,69.70,0.448,4.161,0.341,banana,fresh
14268936,14112,91.80,851.40,69.55,0.449,4.161,0.340,banana,fresh
14269947,14113,91.80,851.45,69.55,0.449,4.162,0.340,banana,fresh
14270958,14114,91.90,851.30,69.80,0.449,4.161,0.341,banana,fresh
14271969,14115,91.85,851.40,69.75,0.449,4.161,0.341,banana,fresh
14272980,14116,91.85,851.30,69.60,0.449,4.161,0.340,banana,fresh
14273991,14117,91.95,851.25,69.70,0.449,4.161,0.341,banana,fresh
14275003,14118,91.85,851.35,69.70,0.449,4.161,0.341,banana,fresh
14276014,14119,91.75,851.35,69.70,0.448,4.161,0.341,banana,fresh
14277025,14120,91.90,851.30,69.60,0.449,4.161,0.340,banana,fresh
14278036,14121,91.70,851.35,69.65,0.448,4.161,0.340,banana,fresh
14279048,14122,91.90,851.40,69.60,0.449,4.161,0.340,banana,fresh
14280058,14123,92.00,851.30,69.75,0.450,4.161,0.341,banana,fresh
14281069,14124,91.85,851.40,69.85,0.449,4.161,0.341,banana,fresh
14282081,14125,91.85,851.35,69.60,0.449,4.161,0.340,banana,fresh
14283091,14126,91.80,851.50,69.75,0.449,4.162,0.341,banana,fresh
14284103,14127,91.95,851.50,69.70,0.449,4.162,0.341,banana,fresh
14285114,14128,91.95,851.55,69.45,0.449,4.162,0.339,banana,fresh
14286126,14129,91.95,851.35,69.70,0.449,4.161,0.341,banana,fresh
14287136,14130,91.85,851.40,69.65,0.449,4.161,0.340,banana,fresh
14288147,14131,91.90,851.30,69.65,0.449,4.161,0.340,banana,fresh
14289159,14132,91.90,851.40,69.70,0.449,4.161,0.341,banana,fresh
14290169,14133,91.90,851.45,69.70,0.449,4.162,0.341,banana,fresh
14291181,14134,91.85,851.25,69.40,0.449,4.161,0.339,banana,fresh
14292192,14135,91.90,851.30,69.60,0.449,4.161,0.340,banana,fresh
14293203,14136,92.00,851.40,69.65,0.450,4.161,0.340,banana,fresh
14294214,14137,91.75,851.55,69.75,0.448,4.162,0.341,banana,fresh
14295225,14138,91.80,851.35,69.65,0.449,4.161,0.340,banana,fresh
14296237,14139,91.85,851.30,69.70,0.449,4.161,0.341,banana,fresh
14297247,14140,91.75,851.30,69.55,0.448,4.161,0.340,banana,fresh
14298259,14141,91.80,851.30,69.70,0.449,4.161,0.341,banana,fresh
14299270,14142,91.65,851.35,69.60,0.448,4.161,0.340,banana,fresh
14300281,14143,91.90,851.40,69.60,0.449,4.161,0.340,banana,fresh
14301292,14144,91.90,851.40,69.60,0.449,4.161,0.340,banana,fresh
14302304,14145,91.95,851.40,69.65,0.449,4.161,0.340,banana,fresh
14303314,14146,91.80,851.45,69.65,0.449,4.162,0.340,banana,fresh
14304325,14147,91.90,851.45,69.60,0.449,4.162,0.340,banana,fresh
14305337,14148,91.80,851.40,69.65,0.449,4.161,0.340,banana,fresh
14306348,14149,91.85,851.55,69.55,0.449,4.162,0.340,banana,fresh
14307359,14150,91.70,851.50,69.60,0.448,4.162,0.340,banana,fresh
14308370,14151,91.85,851.50,69.60,0.449,4.162,0.340,banana,fresh
14309382,14152,91.90,851.40,69.85,0.449,4.161,0.341,banana,fresh
14310392,14153,91.95,851.40,69.60,0.449,4.161,0.340,banana,fresh
14311403,14154,91.70,851.40,69.85,0.448,4.161,0.341,banana,fresh
14312415,14155,91.80,851.35,69.70,0.449,4.161,0.341,banana,fresh
14313425,14156,91.65,851.40,69.80,0.448,4.161,0.341,banana,fresh
14314437,14157,91.85,851.35,69.80,0.449,4.161,0.341,banana,fresh
14315448,14158,91.85,851.40,69.80,0.449,4.161,0.341,banana,fresh
14316460,14159,91.90,851.45,69.75,0.449,4.162,0.341,banana,fresh
14317470,14160,91.75,851.50,69.80,0.448,4.162,0.341,banana,fresh
14318481,14161,91.90,851.40,69.90,0.449,4.161,0.342,banana,fresh
14319493,14162,91.75,851.80,69.60,0.448,4.163,0.340,banana,fresh
14320503,14163,91.75,851.15,69.80,0.448,4.160,0.341,banana,fresh
14321515,14164,91.80,851.45,69.70,0.449,4.162,0.341,banana,fresh
14322526,14165,91.50,851.25,69.65,0.447,4.161,0.340,banana,fresh
14323537,14166,91.75,851.40,69.70,0.448,4.161,0.341,banana,fresh
14324548,14167,91.80,851.55,69.65,0.449,4.162,0.340,banana,fresh
14325560,14168,91.80,851.35,69.60,0.449,4.161,0.340,banana,fresh
14326571,14169,91.75,851.30,69.65,0.448,4.161,0.340,banana,fresh
14327581,14170,91.90,851.45,69.55,0.449,4.162,0.340,banana,fresh
14328593,14171,91.85,851.40,69.80,0.449,4.161,0.341,banana,fresh
14329604,14172,91.80,851.40,69.85,0.449,4.161,0.341,banana,fresh
14330615,14173,91.65,851.25,69.80,0.448,4.161,0.341,banana,fresh
14331626,14174,91.70,851.45,69.65,0.448,4.162,0.340,banana,fresh
14332638,14175,91.85,851.35,69.60,0.449,4.161,0.340,banana,fresh
14333648,14176,91.70,851.35,69.50,0.448,4.161,0.340,banana,fresh
14334659,14177,91.95,851.25,69.80,0.449,4.161,0.341,banana,fresh
14335671,14178,91.65,851.20,69.65,0.448,4.160,0.340,banana,fresh
14336681,14179,91.70,851.35,69.80,0.448,4.161,0.341,banana,fresh
14337693,14180,91.80,851.60,69.70,0.449,4.162,0.341,banana,fresh
14338704,14181,91.80,851.25,69.80,0.449,4.161,0.341,banana,fresh
14339716,14182,91.75,851.30,69.90,0.448,4.161,0.342,banana,fresh
14340726,14183,91.85,851.40,69.80,0.449,4.161,0.341,banana,fresh
14341737,14184,91.90,851.40,69.55,0.449,4.161,0.340,banana,fresh
14342749,14185,91.70,851.35,69.70,0.448,4.161,0.341,banana,fresh
14343759,14186,91.65,851.30,69.70,0.448,4.161,0.341,banana,fresh
14344771,14187,91.80,851.50,69.55,0.449,4.162,0.340,banana,fresh
14345782,14188,91.95,851.35,69.80,0.449,4.161,0.341,banana,fresh
14346793,14189,91.75,851.20,69.60,0.448,4.160,0.340,banana,fresh
14347804,14190,91.60,851.45,69.80,0.448,4.162,0.341,banana,fresh
14348816,14191,91.85,851.15,69.85,0.449,4.160,0.341,banana,fresh
14349827,14192,91.60,851.40,69.70,0.448,4.161,0.341,banana,fresh
14350837,14193,91.75,851.40,69.70,0.448,4.161,0.341,banana,fresh
14351849,14194,91.70,851.35,69.90,0.448,4.161,0.342,banana,fresh
14352860,14195,91.75,851.50,69.50,0.448,4.162,0.340,banana,fresh
14353871,14196,91.80,851.35,69.85,0.449,4.161,0.341,banana,fresh
14354882,14197,91.90,851.30,69.75,0.449,4.161,0.341,banana,fresh
14355894,14198,91.80,851.20,69.70,0.449,4.160,0.341,banana,fresh
14356904,14199,91.70,851.35,69.60,0.448,4.161,0.340,banana,fresh
14357915,14200,91.65,851.40,69.65,0.448,4.161,0.340,banana,fresh
14358927,14201,91.90,851.40,69.75,0.449,4.161,0.341,banana,fresh
14359938,14202,91.60,851.45,69.85,0.448,4.162,0.341,banana,fresh
14360949,14203,91.85,851.45,69.80,0.449,4.162,0.341,banana,fresh
14361960,14204,91.60,851.45,69.75,0.448,4.162,0.341,banana,fresh
14362972,14205,91.85,851.45,69.80,0.449,4.162,0.341,banana,fresh
14363982,14206,91.75,851.40,69.70,0.448,4.161,0.341,banana,fresh
14364994,14207,91.60,851.35,69.65,0.448,4.161,0.340,banana,fresh
14366005,14208,91.80,851.45,69.85,0.449,4.162,0.341,banana,fresh
14367015,14209,91.70,851.25,69.90,0.448,4.161,0.342,banana,fresh
14368027,14210,91.70,851.25,69.75,0.448,4.161,0.341,banana,fresh
14369038,14211,91.70,851.50,69.65,0.448,4.162,0.340,banana,fresh
14370050,14212,91.75,851.50,69.45,0.448,4.162,0.339,banana,fresh
14371060,14213,91.85,851.35,69.70,0.449,4.161,0.341,banana,fresh
14372072,14214,91.85,851.30,69.60,0.449,4.161,0.340,banana,fresh
14373083,14215,91.60,851.55,69.90,0.448,4.162,0.342,banana,fresh
14374094,14216,91.80,851.45,69.75,0.449,4.162,0.341,banana,fresh
14375105,14217,91.85,851.45,69.45,0.449,4.162,0.339,banana,fresh
14376116,14218,91.60,851.45,69.60,0.448,4.162,0.340,banana,fresh
14377127,14219,91.50,851.50,69.70,0.447,4.162,0.341,banana,fresh
14378138,14220,91.90,851.30,69.85,0.449,4.161,0.341,banana,fresh
14379150,14221,91.80,851.55,69.60,0.449,4.162,0.340,banana,fresh
14380161,14222,91.90,851.25,69.75,0.449,4.161,0.341,banana,fresh
14381172,14223,91.40,851.65,69.65,0.447,4.163,0.340,banana,fresh
14382183,14224,91.75,851.45,69.65,0.448,4.162,0.340,banana,fresh
14383194,14225,91.75,851.35,69.60,0.448,4.161,0.340,banana,fresh
14384205,14226,91.75,851.30,69.70,0.448,4.161,0.341,banana,fresh
14385216,14227,91.95,851.40,69.50,0.449,4.161,0.340,banana,fresh
14386228,14228,91.75,851.35,69.80,0.448,4.161,0.341,banana,fresh
14387238,14229,91.80,851.35,69.85,0.449,4.161,0.341,banana,fresh
14388250,14230,91.80,851.35,69.70,0.449,4.161,0.341,banana,fresh
14389261,14231,91.85,851.40,69.65,0.449,4.161,0.340,banana,fresh
14390272,14232,91.80,851.60,69.55,0.449,4.162,0.340,banana,fresh
14391283,14233,91.65,851.50,69.75,0.448,4.162,0.341,banana,fresh
14392294,14234,91.70,851.50,69.85,0.448,4.162,0.341,banana,fresh
14393306,14235,91.75,851.30,69.80,0.448,4.161,0.341,banana,fresh
14394316,14236,91.65,851.55,69.75,0.448,4.162,0.341,banana,fresh
14395328,14237,91.75,851.30,69.70,0.448,4.161,0.341,banana,fresh
14396339,14238,91.55,851.40,69.80,0.447,4.161,0.341,banana,fresh
14397350,14239,91.65,851.40,69.55,0.448,4.161,0.340,banana,fresh
14398361,14240,91.80,851.55,69.70,0.449,4.162,0.341,banana,fresh
14399372,14241,91.75,851.50,69.55,0.448,4.162,0.340,banana,fresh
14400384,14242,91.70,851.30,69.60,0.448,4.161,0.340,banana,fresh
14401394,14243,91.75,851.35,69.80,0.448,4.161,0.341,banana,fresh
14402406,14244,91.65,851.50,69.65,0.448,4.162,0.340,banana,fresh
14403417,14245,91.60,851.55,69.70,0.448,4.162,0.341,banana,fresh
14404428,14246,91.60,851.40,69.70,0.448,4.161,0.341,banana,fresh
14405439,14247,91.75,851.70,69.65,0.448,4.163,0.340,banana,fresh
14406450,14248,91.85,851.45,69.75,0.449,4.162,0.341,banana,fresh
14407461,14249,91.60,851.35,69.70,0.448,4.161,0.341,banana,fresh
14408472,14250,91.75,851.45,69.70,0.448,4.162,0.341,banana,fresh
14409484,14251,91.80,851.60,69.65,0.449,4.162,0.340,banana,fresh
14410494,14252,91.80,851.30,69.80,0.449,4.161,0.341,banana,fresh
14411506,14253,91.70,851.45,69.75,0.448,4.162,0.341,banana,fresh
14412517,14254,91.70,851.40,69.75,0.448,4.161,0.341,banana,fresh
14413529,14255,91.65,851.30,69.70,0.448,4.161,0.341,banana,fresh
14414539,14256,91.75,851.50,69.85,0.448,4.162,0.341,banana,fresh
14415550,14257,91.70,851.35,69.80,0.448,4.161,0.341,banana,fresh
14416562,14258,91.70,851.60,69.75,0.448,4.162,0.341,banana,fresh
14417572,14259,91.80,851.55,69.55,0.449,4.162,0.340,banana,fresh
14418584,14260,91.80,851.25,69.75,0.449,4.161,0.341,banana,fresh
14419595,14261,91.70,851.80,69.70,0.448,4.163,0.341,banana,fresh
14420606,14262,91.55,851.30,69.65,0.447,4.161,0.340,banana,fresh
14421617,14263,91.70,851.50,69.65,0.448,4.162,0.340,banana,fresh
14422628,14264,91.80,851.30,69.70,0.449,4.161,0.341,banana,fresh
14423640,14265,91.90,851.40,69.70,0.449,4.161,0.341,banana,fresh
14424650,14266,91.60,851.35,69.65,0.448,4.161,0.340,banana,fresh
14425662,14267,91.65,851.35,69.65,0.448,4.161,0.340,banana,fresh
14426673,14268,91.60,851.40,69.55,0.448,4.161,0.340,banana,fresh
14427684,14269,91.70,851.75,69.70,0.448,4.163,0.341,banana,fresh
14428695,14270,91.60,851.55,69.65,0.448,4.162,0.340,banana,fresh
14429707,14271,91.85,851.55,69.65,0.449,4.162,0.340,banana,fresh
14430717,14272,91.75,851.55,69.75,0.448,4.162,0.341,banana,fresh
14431728,14273,91.80,851.30,69.80,0.449,4.161,0.341,banana,fresh
14432740,14274,91.70,851.50,69.70,0.448,4.162,0.341,banana,fresh
14433751,14275,91.60,851.50,69.95,0.448,4.162,0.342,banana,fresh
14434762,14276,91.75,851.40,69.65,0.448,4.161,0.340,banana,fresh
14435773,14277,91.85,851.60,69.80,0.449,4.162,0.341,banana,fresh
14436785,14278,91.60,851.45,69.70,0.448,4.162,0.341,banana,fresh
14437795,14279,91.55,851.60,69.80,0.447,4.162,0.341,banana,fresh
14438806,14280,91.50,851.35,69.80,0.447,4.161,0.341,banana,fresh
14439818,14281,91.50,851.30,69.75,0.447,4.161,0.341,banana,fresh
14440828,14282,91.60,851.55,69.90,0.448,4.162,0.342,banana,fresh
14441840,14283,91.70,851.55,69.80,0.448,4.162,0.341,banana,fresh
14442851,14284,91.60,851.25,69.80,0.448,4.161,0.341,banana,fresh
14443863,14285,91.85,851.35,69.85,0.449,4.161,0.341,banana,fresh
14444873,14286,91.55,851.35,69.80,0.447,4.161,0.341,banana,fresh
14445885,14287,91.60,851.50,69.70,0.448,4.162,0.341,banana,fresh
14446896,14288,91.60,851.45,69.65,0.448,4.162,0.340,banana,fresh
14447906,14289,91.80,851.20,69.75,0.449,4.160,0.341,banana,fresh
14448918,14290,91.75,851.50,69.65,0.448,4.162,0.340,banana,fresh
14449929,14291,91.65,851.45,69.60,0.448,4.162,0.340,banana,fresh
14450940,14292,91.80,851.50,69.65,0.449,4.162,0.340,banana,fresh
14451951,14293,91.85,851.50,69.85,0.449,4.162,0.341,banana,fresh
14452963,14294,91.60,851.40,69.80,0.448,4.161,0.341,banana,fresh
14453974,14295,91.60,851.35,69.70,0.448,4.161,0.341,banana,fresh
14454984,14296,91.60,851.55,69.85,0.448,4.162,0.341,banana,fresh
14455996,14297,91.70,851.50,69.60,0.448,4.162,0.340,banana,fresh
14457007,14298,91.50,851.65,69.75,0.447,4.163,0.341,banana,fresh
14458018,14299,91.80,851.35,69.55,0.449,4.161,0.340,banana,fresh
14459029,14300,91.75,851.25,69.70,0.448,4.161,0.341,banana,fresh
14460041,14301,91.80,851.25,69.80,0.449,4.161,0.341,banana,fresh
14461051,14302,91.85,851.50,69.80,0.449,4.162,0.341,banana,fresh
14462062,14303,91.80,851.45,69.80,0.449,4.162,0.341,banana,fresh
14463074,14304,91.60,851.50,69.75,0.448,4.162,0.341,banana,fresh
14464084,14305,91.60,851.45,69.80,0.448,4.162,0.341,banana,fresh
14465096,14306,91.50,851.35,69.80,0.447,4.161,0.341,banana,fresh
14466107,14307,91.65,851.40,69.70,0.448,4.161,0.341,banana,fresh
14467119,14308,91.85,851.45,69.75,0.449,4.162,0.341,banana,fresh
14468129,14309,91.60,851.30,69.80,0.448,4.161,0.341,banana,fresh
14469141,14310,91.55,851.40,69.75,0.447,4.161,0.341,banana,fresh
14470152,14311,91.70,851.55,69.70,0.448,4.162,0.341,banana,fresh
14471162,14312,91.75,851.35,69.70,0.448,4.161,0.341,banana,fresh
14472174,14313,91.75,851.45,69.70,0.448,4.162,0.341,banana,fresh
14473185,14314,91.85,851.45,69.85,0.449,4.162,0.341,banana,fresh
14474196,14315,91.60,851.40,69.70,0.448,4.161,0.341,banana,fresh
14475207,14316,91.80,851.60,69.75,0.449,4.162,0.341,banana,fresh
14476219,14317,91.65,851.50,69.70,0.448,4.162,0.341,banana,fresh
14477230,14318,91.55,851.50,69.75,0.447,4.162,0.341,banana,fresh
14478241,14319,91.75,851.45,69.75,0.448,4.162,0.341,banana,fresh
14479252,14320,91.65,851.50,69.90,0.448,4.162,0.342,banana,fresh
14480263,14321,91.60,851.35,69.85,0.448,4.161,0.341,banana,fresh
14481274,14322,91.55,851.35,69.70,0.447,4.161,0.341,banana,fresh
14482285,14323,91.65,851.45,69.60,0.448,4.162,0.340,banana,fresh
14483297,14324,91.70,851.40,69.75,0.448,4.161,0.341,banana,fresh
14484307,14325,91.90,851.60,69.90,0.449,4.162,0.342,banana,fresh
14485319,14326,91.80,851.60,69.60,0.449,4.162,0.340,banana,fresh
14486330,14327,91.75,851.55,69.70,0.448,4.162,0.341,banana,fresh
14487341,14328,91.60,851.45,69.65,0.448,4.162,0.340,banana,fresh
14488352,14329,91.65,851.50,69.65,0.448,4.162,0.340,banana,fresh
14489363,14330,91.80,851.35,69.90,0.449,4.161,0.342,banana,fresh
14490375,14331,91.75,851.55,69.65,0.448,4.162,0.340,banana,fresh
14491385,14332,91.60,851.55,69.75,0.448,4.162,0.341,banana,fresh
14492397,14333,91.65,851.45,69.75,0.448,4.162,0.341,banana,fresh
14493408,14334,91.80,851.60,69.85,0.449,4.162,0.341,banana,fresh
14494418,14335,91.75,851.25,69.80,0.448,4.161,0.341,banana,fresh
14495430,14336,91.60,851.40,69.85,0.448,4.161,0.341,banana,fresh
14496441,14337,91.60,851.55,69.70,0.448,4.162,0.341,banana,fresh
14497453,14338,91.65,851.40,69.60,0.448,4.161,0.340,banana,fresh
14498463,14339,91.55,851.55,69.95,0.447,4.162,0.342,banana,fresh
14499475,14340,91.80,851.35,69.75,0.449,4.161,0.341,banana,fresh
14500486,14341,91.70,851.60,69.60,0.448,4.162,0.340,banana,fresh
14501497,14342,91.65,851.55,69.80,0.448,4.162,0.341,banana,fresh
14502508,14343,91.75,851.60,69.70,0.448,4.162,0.341,banana,fresh
14503519,14344,91.60,851.45,69.85,0.448,4.162,0.341,banana,fresh
14504530,14345,91.80,851.50,69.80,0.449,4.162,0.341,banana,fresh
14505541,14346,91.60,851.45,69.90,0.448,4.162,0.342,banana,fresh
14506553,14347,91.75,851.40,69.65,0.448,4.161,0.340,banana,fresh
14507564,14348,91.75,851.55,69.90,0.448,4.162,0.342,banana,fresh
14508575,14349,91.60,851.50,69.75,0.448,4.162,0.341,banana,fresh
14509586,14350,91.65,851.45,69.65,0.448,4.162,0.340,banana,fresh
14510598,14351,91.80,851.55,69.80,0.449,4.162,0.341,banana,fresh
14511608,14352,91.70,851.45,69.65,0.448,4.162,0.340,banana,fresh
14512619,14353,91.65,851.80,69.75,0.448,4.163,0.341,banana,fresh
14513631,14354,91.70,851.55,69.75,0.448,4.162,0.341,banana,fresh
14514641,14355,91.55,851.60,69.85,0.447,4.162,0.341,banana,fresh
14515653,14356,91.60,851.60,69.75,0.448,4.162,0.341,banana,fresh
14516664,14357,91.50,851.60,69.70,0.447,4.162,0.341,banana,fresh
14517676,14358,91.80,851.40,69.80,0.449,4.161,0.341,banana,fresh
14518686,14359,91.60,851.50,69.85,0.448,4.162,0.341,banana,fresh
14519697,14360,91.65,851.35,69.80,0.448,4.161,0.341,banana,fresh
14520709,14361,91.60,851.70,69.70,0.448,4.163,0.341,banana,fresh
14521719,14362,91.60,851.60,69.80,0.448,4.162,0.341,banana,fresh
14522731,14363,91.60,851.55,69.70,0.448,4.162,0.341,banana,fresh
14523742,14364,91.75,851.55,69.90,0.448,4.162,0.342,banana,fresh
14524753,14365,91.75,851.55,69.65,0.448,4.162,0.340,banana,fresh
14525764,14366,91.60,851.45,69.70,0.448,4.162,0.341,banana,fresh
14526775,14367,91.65,851.60,69.60,0.448,4.162,0.340,banana,fresh
14527787,14368,91.70,851.75,69.80,0.448,4.163,0.341,banana,fresh
14528797,14369,91.60,851.45,69.70,0.448,4.162,0.341,banana,fresh
14529809,14370,91.65,851.35,69.65,0.448,4.161,0.340,banana,fresh
14530820,14371,91.45,851.65,69.80,0.447,4.163,0.341,banana,fresh
14531831,14372,91.70,851.65,69.65,0.448,4.163,0.340,banana,fresh
14532842,14373,91.70,851.55,69.60,0.448,4.162,0.340,banana,fresh
14533853,14374,91.70,851.55,69.85,0.448,4.162,0.341,banana,fresh
14534864,14375,91.95,851.45,69.55,0.449,4.162,0.340,banana,fresh
14535875,14376,91.55,851.65,69.80,0.447,4.163,0.341,banana,fresh
14536887,14377,91.75,851.55,69.75,0.448,4.162,0.341,banana,fresh
14537897,14378,91.65,851.65,69.75,0.448,4.163,0.341,banana,fresh
14538909,14379,91.85,851.50,69.65,0.449,4.162,0.340,banana,fresh
14539920,14380,91.50,851.60,69.70,0.447,4.162,0.341,banana,fresh
14540932,14381,91.75,851.55,69.70,0.448,4.162,0.341,banana,fresh
14541942,14382,91.70,851.40,69.80,0.448,4.161,0.341,banana,fresh
14542953,14383,91.70,851.70,69.75,0.448,4.163,0.341,banana,fresh
14543965,14384,91.75,851.65,69.80,0.448,4.163,0.341,banana,fresh
14544975,14385,91.65,851.50,69.85,0.448,4.162,0.341,banana,fresh
14545987,14386,91.60,851.75,69.80,0.448,4.163,0.341,banana,fresh
14546998,14387,91.70,851.55,69.80,0.448,4.162,0.341,banana,fresh
14548009,14388,91.75,851.60,69.75,0.448,4.162,0.341,banana,fresh
14549020,14389,91.65,851.55,69.60,0.448,4.162,0.340,banana,fresh
14550031,14390,91.60,851.65,69.75,0.448,4.163,0.341,banana,fresh
14551043,14391,91.80,851.45,69.85,0.449,4.162,0.341,banana,fresh
14552053,14392,91.80,851.45,69.75,0.449,4.162,0.341,banana,fresh
14553065,14393,91.65,851.75,69.90,0.448,4.163,0.342,banana,fresh
14554076,14394,91.75,851.50,69.70,0.448,4.162,0.341,banana,fresh
14555087,14395,91.75,851.65,69.75,0.448,4.163,0.341,banana,fresh
14556098,14396,91.85,851.60,69.70,0.449,4.162,0.341,banana,fresh
14557110,14397,91.65,851.40,69.70,0.448,4.161,0.341,banana,fresh
14558120,14398,91.65,851.55,69.90,0.448,4.162,0.342,banana,fresh
14559131,14399,91.75,851.65,69.75,0.448,4.163,0.341,banana,fresh
14560143,14400,91.70,851.50,69.80,0.448,4.162,0.341,banana,fresh
14561154,14401,91.70,851.55,69.70,0.448,4.162,0.341,banana,fresh
14562165,14402,91.55,851.50,69.80,0.447,4.162,0.341,banana,fresh
14563176,14403,91.60,851.65,69.75,0.448,4.163,0.341,banana,fresh
14564188,14404,91.55,851.55,69.85,0.447,4.162,0.341,banana,fresh
14565198,14405,91.70,851.55,69.65,0.448,4.162,0.340,banana,fresh
14566209,14406,91.65,851.60,69.80,0.448,4.162,0.341,banana,fresh
14567221,14407,91.65,851.60,69.80,0.448,4.162,0.341,banana,fresh
14568231,14408,91.80,851.55,69.60,0.449,4.162,0.340,banana,fresh
14569243,14409,91.75,851.65,69.70,0.448,4.163,0.341,banana,fresh
14570254,14410,91.75,851.60,69.90,0.448,4.162,0.342,banana,fresh
14571266,14411,91.80,851.65,69.80,0.449,4.163,0.341,banana,fresh
14572276,14412,91.85,851.50,69.80,0.449,4.162,0.341,banana,fresh
14573288,14413,91.65,851.55,69.75,0.448,4.162,0.341,banana,fresh
14574299,14414,91.80,851.40,69.45,0.449,4.161,0.339,banana,fresh
14575309,14415,91.70,851.60,69.75,0.448,4.162,0.341,banana,fresh
14576321,14416,91.80,851.60,69.75,0.449,4.162,0.341,banana,fresh
14577332,14417,91.70,851.70,69.70,0.448,4.163,0.341,banana,fresh
14578343,14418,91.55,851.70,69.90,0.447,4.163,0.342,banana,fresh
14579354,14419,91.85,851.60,69.85,0.449,4.162,0.341,banana,fresh
14580366,14420,91.75,851.45,69.75,0.448,4.162,0.341,banana,fresh
14581377,14421,91.70,851.45,69.75,0.448,4.162,0.341,banana,fresh
14582388,14422,91.80,851.60,69.60,0.449,4.162,0.340,banana,fresh
14583399,14423,91.90,851.70,69.70,0.449,4.163,0.341,banana,fresh
14584410,14424,91.80,851.45,69.75,0.449,4.162,0.341,banana,fresh
14585421,14425,91.90,851.75,69.50,0.449,4.163,0.340,banana,fresh
14586432,14426,91.70,851.45,69.85,0.448,4.162,0.341,banana,fresh
14587444,14427,91.60,851.55,69.90,0.448,4.162,0.342,banana,fresh
14588454,14428,91.70,851.55,69.80,0.448,4.162,0.341,banana,fresh
14589466,14429,91.70,851.25,69.65,0.448,4.161,0.340,banana,fresh
14590477,14430,91.55,851.50,69.80,0.447,4.162,0.341,banana,fresh
14591488,14431,91.60,851.55,69.65,0.448,4.162,0.340,banana,fresh
14592499,14432,91.50,851.60,69.80,0.447,4.162,0.341,banana,fresh
14593510,14433,91.80,851.45,69.75,0.449,4.162,0.341,banana,fresh
14594522,14434,91.65,851.55,69.65,0.448,4.162,0.340,banana,fresh
14595532,14435,91.70,851.60,69.60,0.448,4.162,0.340,banana,fresh
14596544,14436,91.80,851.60,69.80,0.449,4.162,0.341,banana,fresh
14597555,14437,91.75,851.60,69.85,0.448,4.162,0.341,banana,fresh
14598566,14438,91.95,851.60,69.70,0.449,4.162,0.341,banana,fresh
14599577,14439,91.70,851.65,69.85,0.448,4.163,0.341,banana,fresh
14600588,14440,91.80,851.40,69.80,0.449,4.161,0.341,banana,fresh
14601600,14441,91.65,851.60,69.60,0.448,4.162,0.340,banana,fresh
14602610,14442,91.75,851.65,69.65,0.448,4.163,0.340,banana,fresh
14603622,14443,91.70,851.65,69.65,0.448,4.163,0.340,banana,fresh
14604633,14444,91.70,851.55,69.80,0.448,4.162,0.341,banana,fresh
14605644,14445,91.80,851.45,69.65,0.449,4.162,0.340,banana,fresh
14606655,14446,91.60,851.45,69.75,0.448,4.162,0.341,banana,fresh
14607666,14447,91.80,851.55,69.60,0.449,4.162,0.340,banana,fresh
14608677,14448,91.60,851.50,69.70,0.448,4.162,0.341,banana,fresh
14609688,14449,91.70,851.75,69.75,0.448,4.163,0.341,banana,fresh
14610700,14450,91.75,851.60,69.80,0.448,4.162,0.341,banana,fresh
14611710,14451,91.60,851.50,69.75,0.448,4.162,0.341,banana,fresh
14612722,14452,91.65,851.65,69.75,0.448,4.163,0.341,banana,fresh
14613733,14453,91.80,851.60,69.70,0.449,4.162,0.341,banana,fresh
14614744,14454,91.70,851.65,69.65,0.448,4.163,0.340,banana,fresh
14615755,14455,91.70,851.55,69.85,0.448,4.162,0.341,banana,fresh
14616766,14456,91.80,851.40,69.70,0.449,4.161,0.341,banana,fresh
14617778,14457,91.60,851.60,69.65,0.448,4.162,0.340,banana,fresh
14618788,14458,91.80,851.60,69.80,0.449,4.162,0.341,banana,fresh
14619800,14459,91.75,851.50,69.60,0.448,4.162,0.340,banana,fresh
14620811,14460,91.65,851.70,69.75,0.448,4.163,0.341,banana,fresh
14621822,14461,91.75,851.55,69.70,0.448,4.162,0.341,banana,fresh
14622833,14462,91.50,851.45,69.70,0.447,4.162,0.341,banana,fresh
14623844,14463,91.70,851.55,69.85,0.448,4.162,0.341,banana,fresh
14624856,14464,91.45,851.65,69.85,0.447,4.163,0.341,banana,fresh
14625866,14465,91.70,851.60,69.85,0.448,4.162,0.341,banana,fresh
14626878,14466,91.55,851.50,69.70,0.447,4.162,0.341,banana,fresh
14627889,14467,91.60,851.70,69.85,0.448,4.163,0.341,banana,fresh
14628900,14468,91.70,851.35,69.90,0.448,4.161,0.342,banana,fresh
14629911,14469,91.85,851.55,69.80,0.449,4.162,0.341,banana,fresh
14630923,14470,91.75,851.55,69.75,0.448,4.162,0.341,banana,fresh
14631933,14471,91.55,851.50,69.65,0.447,4.162,0.340,banana,fresh
14632944,14472,91.70,851.55,69.75,0.448,4.162,0.341,banana,fresh
14633956,14473,91.75,851.60,69.65,0.448,4.162,0.340,banana,fresh
14634967,14474,91.75,851.85,69.80,0.448,4.163,0.341,banana,fresh
14635978,14475,91.70,851.70,69.80,0.448,4.163,0.341,banana,fresh
14636989,14476,91.80,851.70,69.75,0.449,4.163,0.341,banana,fresh
14638001,14477,91.65,851.50,69.70,0.448,4.162,0.341,banana,fresh
14639011,14478,91.65,851.50,69.70,0.448,4.162,0.341,banana,fresh
14640022,14479,91.70,851.55,69.85,0.448,4.162,0.341,banana,fresh
14641034,14480,91.90,851.55,69.80,0.449,4.162,0.341,banana,fresh
14642044,14481,91.65,851.75,69.80,0.448,4.163,0.341,banana,fresh
14643056,14482,91.50,851.45,69.55,0.447,4.162,0.340,banana,fresh
14644067,14483,91.75,851.75,69.65,0.448,4.163,0.340,banana,fresh
14645079,14484,91.75,851.70,69.65,0.448,4.163,0.340,banana,fresh
14646089,14485,91.65,851.70,69.65,0.448,4.163,0.340,banana,fresh
14647100,14486,91.80,851.65,69.60,0.449,4.163,0.340,banana,fresh
14648112,14487,91.70,851.75,69.85,0.448,4.163,0.341,banana,fresh
14649122,14488,91.85,851.65,69.75,0.449,4.163,0.341,banana,fresh
14650134,14489,91.85,851.65,69.70,0.449,4.163,0.341,banana,fresh
14651145,14490,91.50,851.75,69.60,0.447,4.163,0.340,banana,fresh
14652156,14491,91.65,851.40,69.75,0.448,4.161,0.341,banana,fresh
14653167,14492,91.65,851.70,69.65,0.448,4.163,0.340,banana,fresh
14654179,14493,91.50,851.70,69.55,0.447,4.163,0.340,banana,fresh
14655190,14494,91.75,851.45,69.80,0.448,4.162,0.341,banana,fresh
14656200,14495,91.65,851.55,69.70,0.448,4.162,0.341,banana,fresh
14657212,14496,91.70,851.75,69.85,0.448,4.163,0.341,banana,fresh
14658223,14497,91.75,851.75,69.70,0.448,4.163,0.341,banana,fresh
14659234,14498,91.70,851.40,69.80,0.448,4.161,0.341,banana,fresh
14660245,14499,91.75,851.70,69.70,0.448,4.163,0.341,banana,fresh
14661257,14500,91.65,851.70,69.65,0.448,4.163,0.340,banana,fresh
14662267,14501,91.55,851.55,69.70,0.447,4.162,0.341,banana,fresh
14663278,14502,91.85,851.65,69.80,0.449,4.163,0.341,banana,fresh
14664290,14503,91.80,851.55,69.65,0.449,4.162,0.340,banana,fresh
14665300,14504,91.60,851.65,69.65,0.448,4.163,0.340,banana,fresh
14666312,14505,91.85,851.55,69.95,0.449,4.162,0.342,banana,fresh
14667323,14506,91.65,851.60,69.80,0.448,4.162,0.341,banana,fresh
14668335,14507,91.60,851.60,69.75,0.448,4.162,0.341,banana,fresh
14669345,14508,91.80,851.45,69.60,0.449,4.162,0.340,banana,fresh
14670356,14509,91.55,851.60,69.75,0.447,4.162,0.341,banana,fresh
14671368,14510,91.65,851.60,69.65,0.448,4.162,0.340,banana,fresh
14672378,14511,91.85,851.65,69.75,0.449,4.163,0.341,banana,fresh
14673390,14512,91.70,851.70,69.80,0.448,4.163,0.341,banana,fresh
14674401,14513,91.65,851.65,69.55,0.448,4.163,0.340,banana,fresh
14675412,14514,91.75,851.70,69.70,0.448,4.163,0.341,banana,fresh
14676423,14515,91.60,851.45,69.65,0.448,4.162,0.340,banana,fresh
14677435,14516,91.75,851.65,69.80,0.448,4.163,0.341,banana,fresh
14678446,14517,91.70,851.65,69.65,0.448,4.163,0.340,banana,fresh
14679456,14518,91.65,851.55,69.70,0.448,4.162,0.341,banana,fresh
14680468,14519,91.60,851.55,69.85,0.448,4.162,0.341,banana,fresh
14681479,14520,91.70,851.55,69.80,0.448,4.162,0.341,banana,fresh
14682490,14521,91.55,851.50,69.50,0.447,4.162,0.340,banana,fresh
14683501,14522,91.75,851.65,69.90,0.448,4.163,0.342,banana,fresh
14684513,14523,91.85,851.55,69.65,0.449,4.162,0.340,banana,fresh
14685523,14524,91.55,851.70,69.70,0.447,4.163,0.341,banana,fresh
14686534,14525,91.65,851.65,69.70,0.448,4.163,0.341,banana,fresh
14687546,14526,91.65,851.65,69.75,0.448,4.163,0.341,banana,fresh
14688557,14527,91.75,851.70,69.55,0.448,4.163,0.340,banana,fresh
14689568,14528,91.75,851.60,69.75,0.448,4.162,0.341,banana,fresh
14690579,14529,91.60,851.60,69.80,0.448,4.162,0.341,banana,fresh
14691591,14530,91.75,851.80,69.70,0.448,4.163,0.341,banana,fresh
14692601,14531,91.90,851.65,69.75,0.449,4.163,0.341,banana,fresh
14693613,14532,91.80,851.60,69.75,0.449,4.162,0.341,banana,fresh
14694624,14533,91.85,851.65,69.65,0.449,4.163,0.340,banana,fresh
14695634,14534,91.85,851.65,69.85,0.449,4.163,0.341,banana,fresh
14696646,14535,91.80,851.75,69.90,0.449,4.163,0.342,banana,fresh
14697657,14536,91.75,851.50,69.85,0.448,4.162,0.341,banana,fresh
14698669,14537,91.70,851.55,69.80,0.448,4.162,0.341,banana,fresh
14699679,14538,91.80,851.70,69.65,0.449,4.163,0.340,banana,fresh
14700691,14539,91.70,851.75,69.80,0.448,4.163,0.341,banana,fresh
14701702,14540,91.80,851.75,69.75,0.449,4.163,0.341,banana,fresh
14702713,14541,91.65,851.70,69.65,0.448,4.163,0.340,banana,fresh
14703724,14542,91.65,851.60,69.65,0.448,4.162,0.340,banana,fresh
14704735,14543,91.80,851.70,69.80,0.449,4.163,0.341,banana,fresh
14705746,14544,91.75,851.55,69.90,0.448,4.162,0.342,banana,fresh
14706757,14545,91.55,851.50,69.70,0.447,4.162,0.341,banana,fresh
14707769,14546,91.90,851.50,69.70,0.449,4.162,0.341,banana,fresh
14708780,14547,91.80,851.85,69.75,0.449,4.163,0.341,banana,fresh
14709791,14548,91.70,851.55,69.70,0.448,4.162,0.341,banana,fresh
14710802,14549,91.60,851.60,69.60,0.448,4.162,0.340,banana,fresh
14711813,14550,91.90,851.75,69.85,0.449,4.163,0.341,banana,fresh
14712824,14551,91.85,851.60,69.85,0.449,4.162,0.341,banana,fresh
14713835,14552,91.80,851.55,69.80,0.449,4.162,0.341,banana,fresh
14714847,14553,91.75,851.65,69.70,0.448,4.163,0.341,banana,fresh
14715857,14554,91.60,851.50,69.70,0.448,4.162,0.341,banana,fresh
14716869,14555,91.75,851.80,69.70,0.448,4.163,0.341,banana,fresh
14717880,14556,91.65,851.70,69.55,0.448,4.163,0.340,banana,fresh
14718891,14557,91.80,851.50,69.75,0.449,4.162,0.341,banana,fresh
14719902,14558,91.90,851.75,69.75,0.449,4.163,0.341,banana,fresh
14720913,14559,91.85,851.70,69.80,0.449,4.163,0.341,banana,fresh
14721925,14560,91.85,851.75,69.70,0.449,4.163,0.341,banana,fresh
14722935,14561,91.90,851.75,69.90,0.449,4.163,0.342,banana,fresh
14723947,14562,91.75,851.65,69.75,0.448,4.163,0.341,banana,fresh
14724958,14563,91.90,851.90,69.50,0.449,4.164,0.340,banana,fresh
14725969,14564,91.65,851.75,69.95,0.448,4.163,0.342,banana,fresh
14726980,14565,91.70,851.75,69.65,0.448,4.163,0.340,banana,fresh
14727991,14566,91.85,851.90,69.65,0.449,4.164,0.340,banana,fresh
14729003,14567,91.60,851.75,69.60,0.448,4.163,0.340,banana,fresh
14730013,14568,91.70,851.70,69.70,0.448,4.163,0.341,banana,fresh
14731025,14569,91.80,851.75,69.85,0.449,4.163,0.341,banana,fresh
14732036,14570,91.70,851.65,69.70,0.448,4.163,0.341,banana,fresh
14733047,14571,91.85,851.70,69.80,0.449,4.163,0.341,banana,fresh
14734058,14572,91.80,851.60,69.75,0.449,4.162,0.341,banana,fresh
14735069,14573,91.80,851.70,69.60,0.449,4.163,0.340,banana,fresh
14736080,14574,91.75,851.75,69.85,0.448,4.163,0.341,banana,fresh
14737091,14575,91.65,851.70,69.85,0.448,4.163,0.341,banana,fresh
14738103,14576,91.65,851.70,69.85,0.448,4.163,0.341,banana,fresh
14739113,14577,91.65,851.60,69.95,0.448,4.162,0.342,banana,fresh
14740125,14578,91.75,851.75,69.65,0.448,4.163,0.340,banana,fresh
14741136,14579,91.70,851.55,69.70,0.448,4.162,0.341,banana,fresh
14742148,14580,91.75,851.90,69.85,0.448,4.164,0.341,banana,fresh
14743158,14581,91.75,851.80,69.85,0.448,4.163,0.341,banana,fresh
14744169,14582,91.75,851.70,69.80,0.448,4.163,0.341,banana,fresh
14745181,14583,91.75,851.65,69.75,0.448,4.163,0.341,banana,fresh
14746191,14584,91.75,851.65,69.80,0.448,4.163,0.341,banana,fresh
14747203,14585,91.65,851.75,69.65,0.448,4.163,0.340,banana,fresh
14748214,14586,91.65,851.85,69.90,0.448,4.163,0.342,banana,fresh
14749225,14587,91.55,851.80,69.65,0.447,4.163,0.340,banana,fresh
14750236,14588,91.70,851.60,69.80,0.448,4.162,0.341,banana,fresh
14751247,14589,91.75,851.75,69.75,0.448,4.163,0.341,banana,fresh
14752259,14590,91.90,851.75,69.80,0.449,4.163,0.341,banana,fresh
14753269,14591,91.95,851.70,69.70,0.449,4.163,0.341,banana,fresh
14754281,14592,91.70,851.75,69.80,0.448,4.163,0.341,banana,fresh
14755292,14593,91.85,851.90,69.65,0.449,4.164,0.340,banana,fresh
14756303,14594,91.75,851.80,69.85,0.448,4.163,0.341,banana,fresh
14757314,14595,91.95,851.80,69.75,0.449,4.163,0.341,banana,fresh
14758326,14596,91.80,851.65,69.80,0.449,4.163,0.341,banana,fresh
14759336,14597,91.95,851.70,69.60,0.449,4.163,0.340,banana,fresh
14760347,14598,91.85,851.60,69.80,0.449,4.162,0.341,banana,fresh
14761359,14599,91.65,851.85,69.85,0.448,4.163,0.341,banana,fresh
14762370,14600,91.85,851.60,69.75,0.449,4.162,0.341,banana,fresh
14763381,14601,91.65,851.80,69.65,0.448,4.163,0.340,banana,fresh
14764392,14602,91.60,851.65,69.70,0.448,4.163,0.341,banana,fresh
14765404,14603,91.65,851.85,69.75,0.448,4.163,0.341,banana,fresh
14766414,14604,91.75,851.80,69.80,0.448,4.163,0.341,banana,fresh
14767425,14605,91.70,851.85,69.85,0.448,4.163,0.341,banana,fresh
14768437,14606,91.60,851.80,69.85,0.448,4.163,0.341,banana,fresh
14769447,14607,91.65,851.75,69.85,0.448,4.163,0.341,banana,fresh
14770459,14608,91.95,851.65,69.95,0.449,4.163,0.342,banana,fresh
14771470,14609,91.65,851.65,69.85,0.448,4.163,0.341,banana,fresh
14772482,14610,91.90,851.70,69.80,0.449,4.163,0.341,banana,fresh
14773492,14611,91.85,851.60,69.95,0.449,4.162,0.342,banana,fresh
14774504,14612,91.90,851.70,69.90,0.449,4.163,0.342,banana,fresh
14775515,14613,91.65,851.65,69.70,0.448,4.163,0.341,banana,fresh
14776525,14614,91.85,851.80,69.75,0.449,4.163,0.341,banana,fresh
14777537,14615,91.75,851.90,69.75,0.448,4.164,0.341,banana,fresh
14778548,14616,91.70,851.60,69.90,0.448,4.162,0.342,banana,fresh
14779559,14617,91.85,851.80,69.70,0.449,4.163,0.341,banana,fresh
14780570,14618,91.85,851.65,69.80,0.449,4.163,0.341,banana,fresh
14781582,14619,91.85,851.80,69.80,0.449,4.163,0.341,banana,fresh
14782593,14620,91.75,851.80,69.75,0.448,4.163,0.341,banana,fresh
14783603,14621,91.75,851.85,69.60,0.448,4.163,0.340,banana,fresh
14784615,14622,91.65,851.90,69.70,0.448,4.164,0.341,banana,fresh
14785626,14623,91.85,851.85,69.80,0.449,4.163,0.341,banana,fresh
14786637,14624,91.75,851.75,69.95,0.448,4.163,0.342,banana,fresh
14787648,14625,91.90,851.80,69.85,0.449,4.163,0.341,banana,fresh
14788660,14626,91.75,851.90,69.90,0.448,4.164,0.342,banana,fresh
14789670,14627,91.90,851.80,69.85,0.449,4.163,0.341,banana,fresh
14790681,14628,91.75,851.80,69.65,0.448,4.163,0.340,banana,fresh
14791693,14629,91.80,851.80,69.95,0.449,4.163,0.342,banana,fresh
14792704,14630,91.80,851.80,69.75,0.449,4.163,0.341,banana,fresh
14793715,14631,91.80,851.80,69.80,0.449,4.163,0.341,banana,fresh
14794726,14632,91.75,851.70,69.75,0.448,4.163,0.341,banana,fresh
14795738,14633,91.65,851.60,69.85,0.448,4.162,0.341,banana,fresh
14796748,14634,91.80,851.75,69.55,0.449,4.163,0.340,banana,fresh
14797760,14635,91.80,851.80,69.75,0.449,4.163,0.341,banana,fresh
14798771,14636,91.90,851.70,69.65,0.449,4.163,0.340,banana,fresh
14799781,14637,91.75,851.85,69.70,0.448,4.163,0.341,banana,fresh
14800793,14638,91.95,851.90,69.75,0.449,4.164,0.341,banana,fresh
14801804,14639,91.75,851.75,69.65,0.448,4.163,0.340,banana,fresh
14802816,14640,91.85,851.95,69.50,0.449,4.164,0.340,banana,fresh
14803826,14641,91.80,851.90,69.85,0.449,4.164,0.341,banana,fresh
14804838,14642,91.90,851.70,69.80,0.449,4.163,0.341,banana,fresh
14805849,14643,91.85,851.80,69.80,0.449,4.163,0.341,banana,fresh
14806859,14644,91.75,851.65,69.85,0.448,4.163,0.341,banana,fresh
14807871,14645,91.90,851.80,69.80,0.449,4.163,0.341,banana,fresh
14808882,14646,91.80,851.85,69.60,0.449,4.163,0.340,banana,fresh
14809893,14647,91.70,851.70,69.80,0.448,4.163,0.341,banana,fresh
14810904,14648,91.70,851.85,69.70,0.448,4.163,0.341,banana,fresh
14811916,14649,91.75,851.65,69.85,0.448,4.163,0.341,banana,fresh
14812926,14650,91.80,851.85,69.80,0.449,4.163,0.341,banana,fresh
14813937,14651,91.85,851.70,69.95,0.449,4.163,0.342,banana,fresh
14814949,14652,91.60,851.55,69.65,0.448,4.162,0.340,banana,fresh
14815960,14653,91.75,851.75,69.80,0.448,4.163,0.341,banana,fresh
14816971,14654,91.55,851.95,69.80,0.447,4.164,0.341,banana,fresh
14817982,14655,91.55,851.85,69.75,0.447,4.163,0.341,banana,fresh
14818994,14656,91.80,851.70,69.80,0.449,4.163,0.341,banana,fresh
14820004,14657,91.70,851.90,69.80,0.448,4.164,0.341,banana,fresh
14821016,14658,91.85,851.90,69.70,0.449,4.164,0.341,banana,fresh
14822027,14659,91.75,851.70,69.85,0.448,4.163,0.341,banana,fresh
14823037,14660,91.75,851.70,69.60,0.448,4.163,0.340,banana,fresh
14824049,14661,91.75,851.90,69.75,0.448,4.164,0.341,banana,fresh
14825060,14662,91.75,851.70,69.55,0.448,4.163,0.340,banana,fresh
14826072,14663,91.75,851.85,69.80,0.448,4.163,0.341,banana,fresh
14827082,14664,91.85,851.65,69.70,0.449,4.163,0.341,banana,fresh
14828094,14665,91.80,851.80,69.65,0.449,4.163,0.340,banana,fresh
14829105,14666,91.70,851.75,69.70,0.448,4.163,0.341,banana,fresh
14830116,14667,91.95,851.75,69.70,0.449,4.163,0.341,banana,fresh
14831127,14668,91.85,851.85,69.70,0.449,4.163,0.341,banana,fresh
14832138,14669,91.80,851.65,69.70,0.449,4.163,0.341,banana,fresh
14833149,14670,91.75,851.75,69.70,0.448,4.163,0.341,banana,fresh
14834160,14671,91.80,851.75,69.75,0.449,4.163,0.341,banana,fresh
14835172,14672,91.85,851.95,69.75,0.449,4.164,0.341,banana,fresh
14836183,14673,91.90,851.75,69.75,0.449,4.163,0.341,banana,fresh
14837194,14674,91.85,851.75,69.65,0.449,4.163,0.340,banana,fresh
14838205,14675,91.70,851.85,69.80,0.448,4.163,0.341,banana,fresh
14839216,14676,91.85,851.80,69.75,0.449,4.163,0.341,banana,fresh
14840227,14677,91.70,851.60,69.90,0.448,4.162,0.342,banana,fresh
14841238,14678,91.75,851.85,69.75,0.448,4.163,0.341,banana,fresh
14842250,14679,91.65,851.90,69.80,0.448,4.164,0.341,banana,fresh
14843260,14680,91.90,851.75,69.65,0.449,4.163,0.340,banana,fresh
14844272,14681,91.65,851.55,69.85,0.448,4.162,0.341,banana,fresh
14845283,14682,91.65,851.60,69.65,0.448,4.162,0.340,banana,fresh
14846294,14683,91.80,851.70,69.75,0.449,4.163,0.341,banana,fresh
14847305,14684,91.65,851.90,69.75,0.448,4.164,0.341,banana,fresh
14848316,14685,91.80,851.85,69.45,0.449,4.163,0.339,banana,fresh
14849328,14686,91.75,851.65,69.80,0.448,4.163,0.341,banana,fresh
14850338,14687,91.75,851.75,69.70,0.448,4.163,0.341,banana,fresh
14851350,14688,91.80,851.90,69.70,0.449,4.164,0.341,banana,fresh
14852361,14689,91.75,851.95,69.75,0.448,4.164,0.341,banana,fresh
14853372,14690,91.70,851.90,69.75,0.448,4.164,0.341,banana,fresh
14854383,14691,91.70,852.00,69.70,0.448,4.164,0.341,banana,fresh
14855394,14692,91.70,851.85,69.70,0.448,4.163,0.341,banana,fresh
14856406,14693,91.65,851.80,69.80,0.448,4.163,0.341,banana,fresh
14857416,14694,91.90,851.80,69.75,0.449,4.163,0.341,banana,fresh
14858428,14695,91.85,851.70,69.85,0.449,4.163,0.341,banana,fresh
14859439,14696,91.85,851.85,69.85,0.449,4.163,0.341,banana,fresh
14860450,14697,91.70,851.80,69.75,0.448,4.163,0.341,banana,fresh
14861461,14698,91.85,851.75,69.60,0.449,4.163,0.340,banana,fresh
14862472,14699,91.75,851.70,69.75,0.448,4.163,0.341,banana,fresh
14863483,14700,91.65,851.90,69.85,0.448,4.164,0.341,banana,fresh
14864494,14701,91.80,851.85,69.95,0.449,4.163,0.342,banana,fresh
14865506,14702,91.90,851.80,69.70,0.449,4.163,0.341,banana,fresh
14866516,14703,91.75,851.85,69.75,0.448,4.163,0.341,banana,fresh
14867528,14704,91.85,851.80,69.65,0.449,4.163,0.340,banana,fresh
14868539,14705,91.75,851.70,69.85,0.448,4.163,0.341,banana,fresh
14869551,14706,91.55,851.85,69.80,0.447,4.163,0.341,banana,fresh
14870561,14707,91.65,851.90,69.85,0.448,4.164,0.341,banana,fresh
14871572,14708,91.65,851.80,69.80,0.448,4.163,0.341,banana,fresh
14872584,14709,91.85,851.75,69.70,0.449,4.163,0.341,banana,fresh
14873594,14710,91.60,851.75,69.75,0.448,4.163,0.341,banana,fresh
14874606,14711,91.90,851.70,69.80,0.449,4.163,0.341,banana,fresh
14875617,14712,91.90,851.95,69.90,0.449,4.164,0.342,banana,fresh
14876628,14713,91.85,851.95,69.75,0.449,4.164,0.341,banana,fresh
14877639,14714,91.65,851.85,69.70,0.448,4.163,0.341,banana,fresh
14878651,14715,91.65,851.80,69.70,0.448,4.163,0.341,banana,fresh
14879662,14716,91.80,851.85,69.85,0.449,4.163,0.341,banana,fresh
14880672,14717,91.80,851.80,69.65,0.449,4.163,0.340,banana,fresh
14881684,14718,91.65,851.80,69.80,0.448,4.163,0.341,banana,fresh
14882695,14719,91.65,851.90,69.55,0.448,4.164,0.340,banana,fresh
14883706,14720,91.70,851.90,69.70,0.448,4.164,0.341,banana,fresh
14884717,14721,91.70,851.70,69.85,0.448,4.163,0.341,banana,fresh
14885729,14722,91.75,851.90,69.80,0.448,4.164,0.341,banana,fresh
14886739,14723,91.65,851.90,69.80,0.448,4.164,0.341,banana,fresh
14887750,14724,91.80,851.85,69.70,0.449,4.163,0.341,banana,fresh
14888762,14725,91.80,851.85,69.65,0.449,4.163,0.340,banana,fresh
14889773,14726,91.85,851.75,69.60,0.449,4.163,0.340,banana,fresh
14890784,14727,91.80,851.85,69.80,0.449,4.163,0.341,banana,fresh
14891795,14728,91.70,852.00,69.90,0.448,4.164,0.342,banana,fresh
14892807,14729,91.70,851.85,69.70,0.448,4.163,0.341,banana,fresh
14893817,14730,91.80,851.65,69.70,0.449,4.163,0.341,banana,fresh
14894828,14731,91.65,851.90,69.65,0.448,4.164,0.340,banana,fresh
14895840,14732,91.65,852.00,69.70,0.448,4.164,0.341,banana,fresh
14896850,14733,91.90,851.95,69.75,0.449,4.164,0.341,banana,fresh
14897862,14734,91.80,851.85,69.75,0.449,4.163,0.341,banana,fresh
14898873,14735,91.85,851.90,69.80,0.449,4.164,0.341,banana,fresh
14899885,14736,91.70,851.85,69.65,0.448,4.163,0.340,banana,fresh
14900895,14737,91.85,851.90,69.55,0.449,4.164,0.340,banana,fresh
14901906,14738,91.80,851.85,69.80,0.449,4.163,0.341,banana,fresh
14902918,14739,91.80,851.95,69.85,0.449,4.164,0.341,banana,fresh
14903928,14740,91.65,851.90,69.65,0.448,4.164,0.340,banana,fresh
14904940,14741,91.70,851.90,69.85,0.448,4.164,0.341,banana,fresh
14905951,14742,91.85,851.80,69.70,0.449,4.163,0.341,banana,fresh
14906962,14743,91.80,851.95,69.75,0.449,4.164,0.341,banana,fresh
14907973,14744,91.70,851.95,69.60,0.448,4.164,0.340,banana,fresh
14908984,14745,91.70,852.00,69.80,0.448,4.164,0.341,banana,fresh
14909996,14746,91.65,851.95,69.80,0.448,4.164,0.341,banana,fresh
14911006,14747,91.90,851.80,69.70,0.449,4.163,0.341,banana,fresh
14912018,14748,91.60,851.90,69.70,0.448,4.164,0.341,banana,fresh
14913029,14749,91.55,851.85,69.90,0.447,4.163,0.342,banana,fresh
14914040,14750,91.70,851.80,69.90,0.448,4.163,0.342,banana,fresh
14915051,14751,91.75,851.90,69.90,0.448,4.164,0.342,banana,fresh
14916063,14752,91.55,851.85,69.75,0.447,4.163,0.341,banana,fresh
14917073,14753,91.70,851.80,69.70,0.448,4.163,0.341,banana,fresh
14918084,14754,91.75,851.80,69.90,0.448,4.163,0.342,banana,fresh
14919096,14755,91.75,851.90,69.90,0.448,4.164,0.342,banana,fresh
14920107,14756,91.85,851.85,69.85,0.449,4.163,0.341,banana,fresh
14921118,14757,91.70,851.85,69.90,0.448,4.163,0.342,banana,fresh
14922129,14758,91.85,851.85,69.90,0.449,4.163,0.342,banana,fresh
14923141,14759,91.55,851.80,69.50,0.447,4.163,0.340,banana,fresh
14924151,14760,91.75,851.95,69.80,0.448,4.164,0.341,banana,fresh
14925163,14761,91.60,851.85,69.80,0.448,4.163,0.341,banana,fresh
14926174,14762,91.75,851.95,69.65,0.448,4.164,0.340,banana,fresh
14927184,14763,91.95,851.95,69.70,0.449,4.164,0.341,banana,fresh
14928196,14764,91.60,851.90,69.70,0.448,4.164,0.341,banana,fresh
14929207,14765,91.70,851.95,69.55,0.448,4.164,0.340,banana,fresh
14930219,14766,91.80,851.70,69.60,0.449,4.163,0.340,banana,fresh
14931229,14767,91.65,851.90,69.60,0.448,4.164,0.340,banana,fresh
14932241,14768,91.75,851.90,69.55,0.448,4.164,0.340,banana,fresh
14933252,14769,91.60,851.90,69.70,0.448,4.164,0.341,banana,fresh
14934262,14770,91.90,851.85,69.70,0.449,4.163,0.341,banana,fresh
14935274,14771,91.65,851.95,69.50,0.448,4.164,0.340,banana,fresh
14936285,14772,91.55,851.75,69.85,0.447,4.163,0.341,banana,fresh
14937296,14773,91.70,851.85,69.75,0.448,4.163,0.341,banana,fresh
14938307,14774,91.65,851.90,69.90,0.448,4.164,0.342,banana,fresh
14939319,14775,91.75,851.80,69.90,0.448,4.163,0.342,banana,fresh
14940329,14776,91.55,851.90,69.65,0.447,4.164,0.340,banana,fresh
14941340,14777,91.60,851.90,69.75,0.448,4.164,0.341,banana,fresh
14942352,14778,91.75,851.80,69.70,0.448,4.163,0.341,banana,fresh
14943363,14779,91.95,851.80,69.70,0.449,4.163,0.341,banana,fresh
14944374,14780,91.85,851.80,69.70,0.449,4.163,0.341,banana,fresh
14945385,14781,91.50,851.90,69.75,0.447,4.164,0.341,banana,fresh
14946397,14782,91.70,851.90,69.85,0.448,4.164,0.341,banana,fresh
14947407,14783,91.60,851.90,69.60,0.448,4.164,0.340,banana,fresh
14948418,14784,91.70,851.80,69.75,0.448,4.163,0.341,banana,fresh
14949430,14785,91.75,851.90,69.65,0.448,4.164,0.340,banana,fresh
14950440,14786,91.55,852.00,69.80,0.447,4.164,0.341,banana,fresh
14951452,14787,91.60,851.85,69.80,0.448,4.163,0.341,banana,fresh
14952463,14788,91.80,851.95,69.75,0.449,4.164,0.341,banana,fresh
14953475,14789,91.75,851.95,69.70,0.448,4.164,0.341,banana,fresh
14954485,14790,91.75,851.90,69.75,0.448,4.164,0.341,banana,fresh
14955497,14791,91.75,851.85,69.50,0.448,4.163,0.340,banana,fresh
14956508,14792,91.70,851.75,69.75,0.448,4.163,0.341,banana,fresh
14957518,14793,91.70,851.80,69.70,0.448,4.163,0.341,banana,fresh
14958530,14794,91.65,851.95,69.85,0.448,4.164,0.341,banana,fresh
14959541,14795,91.75,851.70,69.55,0.448,4.163,0.340,banana,fresh
14960552,14796,91.70,851.80,69.75,0.448,4.163,0.341,banana,fresh
14961563,14797,91.60,851.70,69.70,0.448,4.163,0.341,banana,fresh
14962575,14798,91.70,851.95,69.65,0.448,4.164,0.340,banana,fresh
14963586,14799,91.75,851.90,69.65,0.448,4.164,0.340,banana,fresh
14964596,14800,91.80,851.80,69.75,0.449,4.163,0.341,banana,fresh
14965608,14801,91.70,852.00,69.75,0.448,4.164,0.341,banana,fresh
14966619,14802,91.60,852.00,69.75,0.448,4.164,0.341,banana,fresh
14967630,14803,91.60,851.80,69.75,0.448,4.163,0.341,banana,fresh
14968641,14804,91.85,851.80,69.85,0.449,4.163,0.341,banana,fresh
14969653,14805,91.65,851.90,69.75,0.448,4.164,0.341,banana,fresh
14970663,14806,91.65,851.90,69.85,0.448,4.164,0.341,banana,fresh
14971674,14807,91.70,851.90,69.80,0.448,4.164,0.341,banana,fresh
14972686,14808,91.55,851.80,69.65,0.447,4.163,0.340,banana,fresh
14973697,14809,91.70,851.80,69.85,0.448,4.163,0.341,banana,fresh
14974708,14810,91.90,851.95,69.70,0.449,4.164,0.341,banana,fresh
14975719,14811,91.55,851.80,69.70,0.447,4.163,0.341,banana,fresh
14976731,14812,91.50,851.90,69.95,0.447,4.164,0.342,banana,fresh
14977741,14813,91.60,851.90,69.60,0.448,4.164,0.340,banana,fresh
14978753,14814,91.75,851.90,69.85,0.448,4.164,0.341,banana,fresh
14979764,14815,91.55,851.85,69.70,0.447,4.163,0.341,banana,fresh
14980774,14816,91.75,851.90,69.45,0.448,4.164,0.339,banana,fresh
14981786,14817,91.60,851.95,69.60,0.448,4.164,0.340,banana,fresh
14982797,14818,91.65,851.90,69.75,0.448,4.164,0.341,banana,fresh
14983809,14819,91.70,851.90,69.65,0.448,4.164,0.340,banana,fresh
14984819,14820,91.90,851.80,69.75,0.449,4.163,0.341,banana,fresh
14985831,14821,91.65,851.85,69.65,0.448,4.163,0.340,banana,fresh
14986842,14822,91.75,851.95,69.85,0.448,4.164,0.341,banana,fresh
14987852,14823,91.70,851.90,69.70,0.448,4.164,0.341,banana,fresh
14988864,14824,91.90,851.90,69.90,0.449,4.164,0.342,banana,fresh
14989875,14825,91.85,851.90,69.75,0.449,4.164,0.341,banana,fresh
14990886,14826,91.85,851.80,69.75,0.449,4.163,0.341,banana,fresh
14991897,14827,91.70,851.95,69.75,0.448,4.164,0.341,banana,fresh
14992909,14828,91.65,851.90,69.85,0.448,4.164,0.341,banana,fresh
14993920,14829,91.70,851.90,69.75,0.448,4.164,0.341,banana,fresh
14994930,14830,91.75,851.80,69.80,0.448,4.163,0.341,banana,fresh
14995942,14831,91.65,851.95,69.80,0.448,4.164,0.341,banana,fresh
14996953,14832,91.75,851.95,69.70,0.448,4.164,0.341,banana,fresh
14997964,14833,91.60,851.95,69.65,0.448,4.164,0.340,banana,fresh
14998975,14834,91.50,852.00,69.75,0.447,4.164,0.341,banana,fresh
14999987,14835,91.70,851.80,69.70,0.448,4.163,0.341,banana,fresh
15000997,14836,91.75,851.95,69.80,0.448,4.164,0.341,banana,fresh
15002009,14837,91.75,851.95,69.50,0.448,4.164,0.340,banana,fresh
15003020,14838,91.65,851.85,69.75,0.448,4.163,0.341,banana,fresh
15004030,14839,91.70,851.90,69.75,0.448,4.164,0.341,banana,fresh
15005042,14840,91.85,851.95,69.75,0.449,4.164,0.341,banana,fresh
15006053,14841,91.80,851.80,69.65,0.449,4.163,0.340,banana,fresh
15007065,14842,91.65,851.95,69.80,0.448,4.164,0.341,banana,fresh
15008075,14843,91.75,851.85,69.70,0.448,4.163,0.341,banana,fresh
15009087,14844,91.70,851.85,69.75,0.448,4.163,0.341,banana,fresh
15010098,14845,91.65,851.85,69.45,0.448,4.163,0.339,banana,fresh
15011109,14846,91.85,851.95,69.65,0.449,4.164,0.340,banana,fresh
15012120,14847,91.65,851.95,69.90,0.448,4.164,0.342,banana,fresh
15013131,14848,91.80,852.00,69.65,0.449,4.164,0.340,banana,fresh
15014142,14849,91.85,851.90,69.75,0.449,4.164,0.341,banana,fresh
15015153,14850,91.60,851.95,69.50,0.448,4.164,0.340,banana,fresh
15016165,14851,91.55,851.95,69.70,0.447,4.164,0.341,banana,fresh
15017176,14852,91.45,851.85,69.75,0.447,4.163,0.341,banana,fresh
15018187,14853,91.65,852.00,69.65,0.448,4.164,0.340,banana,fresh
15019198,14854,91.75,851.95,69.75,0.448,4.164,0.341,banana,fresh
15020209,14855,91.80,851.95,69.65,0.449,4.164,0.340,banana,fresh
15021220,14856,91.75,851.95,69.70,0.448,4.164,0.341,banana,fresh
15022231,14857,91.70,851.95,69.80,0.448,4.164,0.341,banana,fresh
15023243,14858,91.75,851.90,69.70,0.448,4.164,0.341,banana,fresh
15024253,14859,91.90,851.95,69.70,0.449,4.164,0.341,banana,fresh
15025265,14860,91.80,851.95,69.85,0.449,4.164,0.341,banana,fresh
15026276,14861,91.70,852.00,69.70,0.448,4.164,0.341,banana,fresh
15027287,14862,91.65,851.85,69.70,0.448,4.163,0.341,banana,fresh
15028298,14863,91.75,851.90,69.60,0.448,4.164,0.340,banana,fresh
15029309,14864,91.65,851.95,69.55,0.448,4.164,0.340,banana,fresh
15030321,14865,91.80,851.95,69.70,0.449,4.164,0.341,banana,fresh
15031331,14866,91.80,851.85,69.50,0.449,4.163,0.340,banana,fresh
15032343,14867,91.65,852.00,69.75,0.448,4.164,0.341,banana,fresh
15033354,14868,91.65,851.95,69.70,0.448,4.164,0.341,banana,fresh
15034365,14869,91.65,851.85,69.70,0.448,4.163,0.341,banana,fresh
15035376,14870,91.70,851.95,69.80,0.448,4.164,0.341,banana,fresh
15036387,14871,91.65,852.00,69.75,0.448,4.164,0.341,banana,fresh
15037399,14872,91.65,852.05,69.85,0.448,4.164,0.341,banana,fresh
15038409,14873,91.60,852.00,69.70,0.448,4.164,0.341,banana,fresh
15039421,14874,91.60,851.85,69.80,0.448,4.163,0.341,banana,fresh
15040432,14875,91.75,851.90,69.75,0.448,4.164,0.341,banana,fresh
15041443,14876,91.45,852.00,69.80,0.447,4.164,0.341,banana,fresh
15042454,14877,91.75,852.00,69.85,0.448,4.164,0.341,banana,fresh
15043465,14878,91.55,852.00,69.70,0.447,4.164,0.341,banana,fresh
15044476,14879,91.60,851.85,69.75,0.448,4.163,0.341,banana,fresh
15045487,14880,91.80,851.95,69.65,0.449,4.164,0.340,banana,fresh
15046499,14881,91.65,851.95,69.75,0.448,4.164,0.341,banana,fresh
15047510,14882,91.75,851.95,69.65,0.448,4.164,0.340,banana,fresh
15048521,14883,91.70,852.00,69.60,0.448,4.164,0.340,banana,fresh
15049532,14884,91.75,852.00,69.70,0.448,4.164,0.341,banana,fresh
15050544,14885,91.80,851.95,69.75,0.449,4.164,0.341,banana,fresh
15051554,14886,91.70,851.95,69.65,0.448,4.164,0.340,banana,fresh
15052565,14887,91.60,851.95,69.65,0.448,4.164,0.340,banana,fresh
15053577,14888,91.75,852.00,69.80,0.448,4.164,0.341,banana,fresh
15054587,14889,91.65,851.90,69.55,0.448,4.164,0.340,banana,fresh
15055599,14890,91.80,851.90,69.55,0.449,4.164,0.340,banana,fresh
15056610,14891,91.65,851.95,69.85,0.448,4.164,0.341,banana,fresh
15057622,14892,91.65,851.90,69.75,0.448,4.164,0.341,banana,fresh
15058632,14893,91.75,852.00,69.70,0.448,4.164,0.341,banana,fresh
15059643,14894,91.80,852.00,69.60,0.449,4.164,0.340,banana,fresh
15060655,14895,91.65,852.00,69.85,0.448,4.164,0.341,banana,fresh
15061665,14896,91.85,851.95,69.90,0.449,4.164,0.342,banana,fresh
15062677,14897,91.50,851.95,69.60,0.447,4.164,0.340,banana,fresh
15063688,14898,91.75,851.95,69.75,0.448,4.164,0.341,banana,fresh
15064699,14899,91.70,852.00,69.70,0.448,4.164,0.341,banana,fresh
15065710,14900,91.60,851.90,69.65,0.448,4.164,0.340,banana,fresh
15066721,14901,91.85,852.00,69.85,0.449,4.164,0.341,banana,fresh
15067732,14902,91.65,851.95,69.70,0.448,4.164,0.341,banana,fresh
15068743,14903,91.60,852.00,69.75,0.448,4.164,0.341,banana,fresh
15069755,14904,91.75,851.95,69.80,0.448,4.164,0.341,banana,fresh
15070766,14905,91.60,852.00,69.80,0.448,4.164,0.341,banana,fresh
15071777,14906,91.65,852.00,69.65,0.448,4.164,0.340,banana,fresh
15072788,14907,91.75,851.95,69.65,0.448,4.164,0.340,banana,fresh
15073799,14908,91.70,852.00,69.70,0.448,4.164,0.341,banana,fresh
15074810,14909,91.65,851.95,69.75,0.448,4.164,0.341,banana,fresh
15075821,14910,91.85,851.95,69.80,0.449,4.164,0.341,banana,fresh
15076833,14911,91.60,852.00,69.80,0.448,4.164,0.341,banana,fresh
15077843,14912,91.70,851.95,69.85,0.448,4.164,0.341,banana,fresh
15078855,14913,91.65,852.00,69.50,0.448,4.164,0.340,banana,fresh
15079866,14914,91.60,851.95,69.75,0.448,4.164,0.341,banana,fresh
15080878,14915,91.70,851.95,69.80,0.448,4.164,0.341,banana,fresh
15081888,14916,91.70,851.95,69.95,0.448,4.164,0.342,banana,fresh
15082899,14917,91.85,852.00,69.75,0.449,4.164,0.341,banana,fresh
15083911,14918,91.80,852.00,69.75,0.449,4.164,0.341,banana,fresh
15084921,14919,91.70,852.00,69.60,0.448,4.164,0.340,banana,fresh
15085933,14920,91.65,852.00,69.70,0.448,4.164,0.341,banana,fresh
15086944,14921,91.75,851.95,69.70,0.448,4.164,0.341,banana,fresh
15087955,14922,91.85,852.00,69.85,0.449,4.164,0.341,banana,fresh
15088966,14923,91.85,852.00,69.80,0.449,4.164,0.341,banana,fresh
15089977,14924,91.75,852.00,69.80,0.448,4.164,0.341,banana,fresh
15090989,14925,91.60,851.90,69.75,0.448,4.164,0.341,banana,fresh
15091999,14926,91.55,851.95,69.65,0.447,4.164,0.340,banana,fresh
15093011,14927,91.60,852.00,69.75,0.448,4.164,0.341,banana,fresh
15094022,14928,91.50,852.00,69.60,0.447,4.164,0.340,banana,fresh
15095033,14929,91.65,851.90,69.60,0.448,4.164,0.340,banana,fresh
15096044,14930,91.80,852.00,69.75,0.449,4.164,0.341,banana,fresh
15097055,14931,91.80,851.95,69.85,0.449,4.164,0.341,banana,fresh
15098066,14932,91.75,851.95,69.85,0.448,4.164,0.341,banana,fresh
15099077,14933,91.80,852.00,69.70,0.449,4.164,0.341,banana,fresh
15100089,14934,91.80,851.95,69.70,0.449,4.164,0.341,banana,fresh
15101100,14935,91.75,852.00,69.80,0.448,4.164,0.341,banana,fresh
15102111,14936,91.75,851.95,69.95,0.448,4.164,0.342,banana,fresh
15103122,14937,91.75,852.00,69.65,0.448,4.164,0.340,banana,fresh
15104133,14938,91.50,852.00,69.95,0.447,4.164,0.342,banana,fresh
15105144,14939,91.60,852.00,69.65,0.448,4.164,0.340,banana,fresh
15106155,14940,91.75,851.95,69.65,0.448,4.164,0.340,banana,fresh
15107167,14941,91.75,851.95,69.70,0.448,4.164,0.341,banana,fresh
15108177,14942,91.55,851.90,69.65,0.447,4.164,0.340,banana,fresh
15109189,14943,91.60,852.00,69.60,0.448,4.164,0.340,banana,fresh
15110200,14944,91.75,852.00,69.85,0.448,4.164,0.341,banana,fresh
15111211,14945,91.65,851.95,69.80,0.448,4.164,0.341,banana,fresh
15112222,14946,91.60,851.95,69.75,0.448,4.164,0.341,banana,fresh
15113233,14947,91.50,852.00,69.80,0.447,4.164,0.341,banana,fresh
15114245,14948,91.70,851.90,69.65,0.448,4.164,0.340,banana,fresh
15115255,14949,91.80,852.00,69.65,0.449,4.164,0.340,banana,fresh
15116267,14950,91.70,852.00,69.80,0.448,4.164,0.341,banana,fresh
15117278,14951,91.70,851.95,69.75,0.448,4.164,0.341,banana,fresh
15118289,14952,91.90,851.90,69.80,0.449,4.164,0.341,banana,fresh
15119300,14953,91.65,851.95,69.85,0.448,4.164,0.341,banana,fresh
15120311,14954,91.95,851.90,69.90,0.449,4.164,0.342,banana,fresh
15121323,14955,91.75,852.00,69.85,0.448,4.164,0.341,banana,fresh
15122333,14956,91.85,852.00,69.60,0.449,4.164,0.340,banana,fresh
15123345,14957,91.80,852.00,69.60,0.449,4.164,0.340,banana,fresh
15124356,14958,91.65,852.00,69.65,0.448,4.164,0.340,banana,fresh
15125367,14959,91.85,851.95,69.75,0.449,4.164,0.341,banana,fresh
15126378,14960,91.90,851.95,69.65,0.449,4.164,0.340,banana,fresh
15127389,14961,91.80,851.90,69.75,0.449,4.164,0.341,banana,fresh
15128400,14962,91.65,852.00,69.70,0.448,4.164,0.341,banana,fresh
15129411,14963,91.85,851.95,69.70,0.449,4.164,0.341,banana,fresh
15130423,14964,91.75,851.85,69.65,0.448,4.163,0.340,banana,fresh
15131433,14965,91.80,851.95,69.75,0.449,4.164,0.341,banana,fresh
15132445,14966,91.75,852.00,69.60,0.448,4.164,0.340,banana,fresh
15133456,14967,91.80,851.95,69.70,0.449,4.164,0.341,banana,fresh
15134467,14968,91.80,851.80,69.85,0.449,4.163,0.341,banana,fresh
15135478,14969,91.55,851.90,69.80,0.447,4.164,0.341,banana,fresh
15136489,14970,91.70,851.95,69.70,0.448,4.164,0.341,banana,fresh
15137501,14971,91.95,852.00,69.65,0.449,4.164,0.340,banana,fresh
15138511,14972,91.80,851.95,69.55,0.449,4.164,0.340,banana,fresh
15139523,14973,91.65,851.95,69.75,0.448,4.164,0.341,banana,fresh
15140534,14974,91.85,851.95,69.75,0.449,4.164,0.341,banana,fresh
15141545,14975,91.75,852.00,69.70,0.448,4.164,0.341,banana,fresh
15142556,14976,91.65,851.90,69.60,0.448,4.164,0.340,banana,fresh
15143567,14977,91.80,851.95,69.70,0.449,4.164,0.341,banana,fresh
15144579,14978,91.70,852.00,69.80,0.448,4.164,0.341,banana,fresh
15145589,14979,91.90,851.95,69.90,0.449,4.164,0.342,banana,fresh
15146601,14980,91.65,851.85,69.85,0.448,4.163,0.341,banana,fresh
15147612,14981,91.70,851.90,69.70,0.448,4.164,0.341,banana,fresh
15148623,14982,91.75,851.90,69.80,0.448,4.164,0.341,banana,fresh
15149634,14983,91.50,852.00,69.80,0.447,4.164,0.341,banana,fresh
15150645,14984,91.90,852.00,69.75,0.449,4.164,0.341,banana,fresh
15151656,14985,91.75,852.00,69.80,0.448,4.164,0.341,banana,fresh
15152667,14986,91.65,852.00,69.85,0.448,4.164,0.341,banana,fresh
15153679,14987,91.75,852.00,69.85,0.448,4.164,0.341,banana,fresh
15154690,14988,91.70,851.95,69.75,0.448,4.164,0.341,banana,fresh
15155701,14989,91.60,852.00,69.75,0.448,4.164,0.341,banana,fresh
15156712,14990,91.65,851.90,69.75,0.448,4.164,0.341,banana,fresh
15157723,14991,91.80,852.00,69.75,0.449,4.164,0.341,banana,fresh
15158734,14992,91.70,852.00,69.70,0.448,4.164,0.341,banana,fresh
15159745,14993,91.75,852.00,69.90,0.448,4.164,0.342,banana,fresh
15160757,14994,91.75,852.00,69.65,0.448,4.164,0.340,banana,fresh
15161767,14995,91.80,852.00,69.85,0.449,4.164,0.341,banana,fresh
15162779,14996,91.70,851.95,69.90,0.448,4.164,0.342,banana,fresh
15163790,14997,91.75,851.95,69.70,0.448,4.164,0.341,banana,fresh
15164801,14998,91.75,852.00,69.70,0.448,4.164,0.341,banana,fresh
15165812,14999,91.70,851.95,69.60,0.448,4.164,0.340,banana,fresh
15166823,15000,91.75,852.00,69.70,0.448,4.164,0.341,banana,fresh
15167835,15001,91.55,852.00,69.75,0.447,4.164,0.341,banana,fresh
15168845,15002,91.65,852.00,69.70,0.448,4.164,0.341,banana,fresh
15169857,15003,91.85,852.00,69.65,0.449,4.164,0.340,banana,fresh
15170868,15004,91.65,852.00,69.80,0.448,4.164,0.341,banana,fresh
15171878,15005,91.60,851.95,69.60,0.448,4.164,0.340,banana,fresh
15172890,15006,91.60,852.00,69.70,0.448,4.164,0.341,banana,fresh
15173901,15007,91.85,852.00,69.75,0.449,4.164,0.341,banana,fresh
15174913,15008,91.70,852.00,69.80,0.448,4.164,0.341,banana,fresh
15175923,15009,91.60,852.00,69.80,0.448,4.164,0.341,banana,fresh
15176935,15010,91.65,851.95,69.65,0.448,4.164,0.340,banana,fresh
15177946,15011,91.65,851.95,69.85,0.448,4.164,0.341,banana,fresh
15178956,15012,91.75,851.95,69.95,0.448,4.164,0.342,banana,fresh
15179968,15013,91.70,851.95,69.75,0.448,4.164,0.341,banana,fresh
15180979,15014,91.90,852.00,69.65,0.449,4.164,0.340,banana,fresh
15181990,15015,91.70,852.00,69.85,0.448,4.164,0.341,banana,fresh
15183001,15016,91.70,852.00,69.85,0.448,4.164,0.341,banana,fresh
15184013,15017,91.70,851.95,69.80,0.448,4.164,0.341,banana,fresh
15185024,15018,91.50,851.95,69.80,0.447,4.164,0.341,banana,fresh
15186035,15019,91.85,852.00,69.75,0.449,4.164,0.341,banana,fresh
15187046,15020,91.75,852.00,69.60,0.448,4.164,0.340,banana,fresh
15188057,15021,91.75,851.95,69.65,0.448,4.164,0.340,banana,fresh
15189068,15022,91.70,851.95,69.90,0.448,4.164,0.342,banana,fresh
15190079,15023,91.70,852.00,69.50,0.448,4.164,0.340,banana,fresh
15191091,15024,91.60,852.00,69.65,0.448,4.164,0.340,banana,fresh
15192101,15025,91.65,852.00,69.80,0.448,4.164,0.341,banana,fresh
15193113,15026,91.85,852.00,69.75,0.449,4.164,0.341,banana,fresh
15194124,15027,91.85,851.90,69.65,0.449,4.164,0.340,banana,fresh
15195134,15028,91.65,851.85,69.85,0.448,4.163,0.341,banana,fresh
15196146,15029,91.70,852.00,69.85,0.448,4.164,0.341,banana,fresh
15197157,15030,91.55,852.00,69.65,0.447,4.164,0.340,banana,fresh
15198169,15031,91.70,852.00,69.70,0.448,4.164,0.341,banana,fresh
15199179,15032,91.70,851.90,69.70,0.448,4.164,0.341,banana,fresh
15200191,15033,91.85,852.00,69.85,0.449,4.164,0.341,banana,fresh
15201202,15034,91.55,852.00,69.75,0.447,4.164,0.341,banana,fresh
15202212,15035,91.55,852.00,69.60,0.447,4.164,0.340,banana,fresh
15203224,15036,91.85,851.95,69.80,0.449,4.164,0.341,banana,fresh
15204235,15037,91.65,851.95,69.65,0.448,4.164,0.340,banana,fresh
15205246,15038,91.80,852.00,69.70,0.449,4.164,0.341,banana,fresh
15206257,15039,91.65,851.95,69.50,0.448,4.164,0.340,banana,fresh
15207269,15040,91.70,852.00,69.75,0.448,4.164,0.341,banana,fresh
15208280,15041,91.65,851.95,69.75,0.448,4.164,0.341,banana,fresh
15209291,15042,91.75,851.95,69.95,0.448,4.164,0.342,banana,fresh
15210302,15043,91.80,851.95,69.75,0.449,4.164,0.341,banana,fresh
15211313,15044,91.60,851.95,69.80,0.448,4.164,0.341,banana,fresh
15212324,15045,91.65,851.95,69.70,0.448,4.164,0.341,banana,fresh
15213335,15046,91.60,852.00,69.65,0.448,4.164,0.340,banana,fresh
15214347,15047,91.75,852.00,69.55,0.448,4.164,0.340,banana,fresh
15215357,15048,91.80,852.00,69.75,0.449,4.164,0.341,banana,fresh
15216369,15049,91.65,852.00,69.85,0.448,4.164,0.341,banana,fresh
15217380,15050,91.85,851.90,69.70,0.449,4.164,0.341,banana,fresh
15218391,15051,91.70,852.00,69.80,0.448,4.164,0.341,banana,fresh
15219402,15052,91.65,852.00,69.70,0.448,4.164,0.341,banana,fresh
15220413,15053,91.70,852.00,69.70,0.448,4.164,0.341,banana,fresh
15221425,15054,91.85,852.00,69.75,0.449,4.164,0.341,banana,fresh
15222435,15055,91.65,852.00,69.65,0.448,4.164,0.340,banana,fresh
15223446,15056,91.70,851.95,69.80,0.448,4.164,0.341,banana,fresh
15224458,15057,91.60,851.95,69.80,0.448,4.164,0.341,banana,fresh
15225468,15058,91.70,852.00,69.75,0.448,4.164,0.341,banana,fresh
15226480,15059,91.65,851.95,69.75,0.448,4.164,0.341,banana,fresh
15227491,15060,91.75,852.00,69.80,0.448,4.164,0.341,banana,fresh
15228503,15061,91.70,852.00,69.85,0.448,4.164,0.341,banana,fresh
15229513,15062,91.75,852.00,69.85,0.448,4.164,0.341,banana,fresh
15230524,15063,91.55,852.00,69.80,0.447,4.164,0.341,banana,fresh
15231536,15064,91.85,852.00,69.55,0.449,4.164,0.340,banana,fresh
15232546,15065,91.60,852.00,69.60,0.448,4.164,0.340,banana,fresh
15233558,15066,91.65,851.95,69.70,0.448,4.164,0.341,banana,fresh
15234569,15067,91.75,852.00,69.70,0.448,4.164,0.341,banana,fresh
15235580,15068,91.50,852.00,69.90,0.447,4.164,0.342,banana,fresh
15236591,15069,91.70,851.95,69.75,0.448,4.164,0.341,banana,fresh
15237603,15070,91.80,851.95,69.80,0.449,4.164,0.341,banana,fresh
15238614,15071,91.45,852.00,69.65,0.447,4.164,0.340,banana,fresh
15239624,15072,91.80,851.90,69.70,0.449,4.164,0.341,banana,fresh
15240636,15073,91.70,852.00,69.95,0.448,4.164,0.342,banana,fresh
15241647,15074,91.60,852.00,69.75,0.448,4.164,0.341,banana,fresh
15242658,15075,91.75,852.00,69.75,0.448,4.164,0.341,banana,fresh
15243669,15076,91.60,852.00,69.80,0.448,4.164,0.341,banana,fresh
15244681,15077,91.75,852.00,69.75,0.448,4.164,0.341,banana,fresh
15245691,15078,91.80,852.00,69.75,0.449,4.164,0.341,banana,fresh
15246702,15079,91.80,851.95,69.75,0.449,4.164,0.341,banana,fresh
15247714,15080,91.55,852.05,69.55,0.447,4.164,0.340,banana,fresh
15248724,15081,91.60,852.00,69.80,0.448,4.164,0.341,banana,fresh
15249736,15082,91.80,852.00,69.80,0.449,4.164,0.341,banana,fresh
15250747,15083,91.70,852.00,69.75,0.448,4.164,0.341,banana,fresh
15251759,15084,91.85,852.00,69.85,0.449,4.164,0.341,banana,fresh
15252769,15085,91.75,852.00,69.85,0.448,4.164,0.341,banana,fresh
15253780,15086,91.65,852.00,69.75,0.448,4.164,0.341,banana,fresh
15254792,15087,91.60,852.00,69.80,0.448,4.164,0.341,banana,fresh
15255802,15088,91.55,852.00,69.70,0.447,4.164,0.341,banana,fresh
15256814,15089,91.70,852.00,69.85,0.448,4.164,0.341,banana,fresh
15257825,15090,91.85,852.00,69.70,0.449,4.164,0.341,banana,fresh
15258836,15091,91.75,851.95,69.90,0.448,4.164,0.342,banana,fresh
15259847,15092,91.80,851.95,69.85,0.449,4.164,0.341,banana,fresh
15260858,15093,91.85,852.00,69.65,0.449,4.164,0.340,banana,fresh
15261870,15094,91.80,851.95,69.90,0.449,4.164,0.342,banana,fresh
15262880,15095,91.60,852.00,69.85,0.448,4.164,0.341,banana,fresh
15263892,15096,91.65,852.00,69.65,0.448,4.164,0.340,banana,fresh
15264903,15097,91.80,852.00,69.65,0.449,4.164,0.340,banana,fresh
15265914,15098,91.80,852.00,69.85,0.449,4.164,0.341,banana,fresh
15266925,15099,91.55,852.05,69.55,0.447,4.164,0.340,banana,fresh
15267936,15100,91.90,851.95,69.70,0.449,4.164,0.341,banana,fresh
15268947,15101,91.70,852.00,69.85,0.448,4.164,0.341,banana,fresh
15269958,15102,91.70,852.00,69.85,0.448,4.164,0.341,banana,fresh
15270970,15103,91.60,852.00,69.80,0.448,4.164,0.341,banana,fresh
15271981,15104,91.60,852.00,69.75,0.448,4.164,0.341,banana,fresh
15272992,15105,91.80,852.00,69.90,0.449,4.164,0.342,banana,fresh
15274003,15106,91.75,852.00,69.75,0.448,4.164,0.341,banana,fresh
15275014,15107,91.70,851.95,69.75,0.448,4.164,0.341,banana,fresh
15276025,15108,91.80,852.00,69.70,0.449,4.164,0.341,banana,fresh
15277036,15109,91.65,851.95,69.65,0.448,4.164,0.340,banana,fresh
15278048,15110,91.45,852.00,69.75,0.447,4.164,0.341,banana,fresh
15279058,15111,91.80,852.00,69.75,0.449,4.164,0.341,banana,fresh
15280070,15112,91.60,852.00,69.85,0.448,4.164,0.341,banana,fresh
15281081,15113,91.70,852.00,69.85,0.448,4.164,0.341,banana,fresh
15282092,15114,91.75,851.95,69.70,0.448,4.164,0.341,banana,fresh
15283103,15115,91.85,852.00,69.75,0.449,4.164,0.341,banana,fresh
15284114,15116,91.65,852.00,69.90,0.448,4.164,0.342,banana,fresh
15285126,15117,91.65,852.00,69.75,0.448,4.164,0.341,banana,fresh
15286136,15118,91.70,852.00,69.85,0.448,4.164,0.341,banana,fresh
15287148,15119,91.85,852.00,69.75,0.449,4.164,0.341,banana,fresh
15288159,15120,91.65,852.00,69.85,0.448,4.164,0.341,banana,fresh
15289169,15121,91.65,852.00,69.70,0.448,4.164,0.341,banana,fresh
15290181,15122,91.75,852.00,69.80,0.448,4.164,0.341,banana,fresh
15291192,15123,91.65,852.00,69.60,0.448,4.164,0.340,banana,fresh
15292204,15124,91.65,852.00,69.75,0.448,4.164,0.341,banana,fresh
15293214,15125,91.70,851.95,69.70,0.448,4.164,0.341,banana,fresh
15294226,15126,91.55,852.00,69.75,0.447,4.164,0.341,banana,fresh
15295237,15127,91.85,852.00,69.70,0.449,4.164,0.341,banana,fresh
15296247,15128,91.75,852.05,69.65,0.448,4.164,0.340,banana,fresh
15297259,15129,91.70,852.00,69.75,0.448,4.164,0.341,banana,fresh
15298270,15130,91.80,852.00,69.60,0.449,4.164,0.340,banana,fresh
15299281,15131,91.55,852.00,69.75,0.447,4.164,0.341,banana,fresh
15300292,15132,91.60,852.00,69.80,0.448,4.164,0.341,banana,fresh
15301304,15133,91.75,852.00,69.70,0.448,4.164,0.341,banana,fresh
15302315,15134,91.65,852.00,69.70,0.448,4.164,0.341,banana,fresh
15303326,15135,91.60,852.00,69.70,0.448,4.164,0.341,banana,fresh
15304337,15136,91.75,852.00,69.70,0.448,4.164,0.341,banana,fresh
15305348,15137,91.70,852.00,69.80,0.448,4.164,0.341,banana,fresh
15306359,15138,91.60,851.95,69.75,0.448,4.164,0.341,banana,fresh
15307370,15139,91.55,852.00,69.75,0.447,4.164,0.341,banana,fresh
15308382,15140,91.65,852.00,69.85,0.448,4.164,0.341,banana,fresh
15309392,15141,91.65,852.00,69.60,0.448,4.164,0.340,banana,fresh
15310404,15142,91.85,852.00,69.55,0.449,4.164,0.340,banana,fresh
15311415,15143,91.70,852.00,69.80,0.448,4.164,0.341,banana,fresh
15312425,15144,91.55,852.00,69.75,0.447,4.164,0.341,banana,fresh
15313437,15145,91.50,852.00,69.75,0.447,4.164,0.341,banana,fresh
15314448,15146,91.60,852.00,69.90,0.448,4.164,0.342,banana,fresh
15315460,15147,91.60,852.00,69.80,0.448,4.164,0.341,banana,fresh
15316470,15148,91.70,852.00,69.75,0.448,4.164,0.341,banana,fresh
15317482,15149,91.65,852.00,69.80,0.448,4.164,0.341,banana,fresh
15318493,15150,91.75,852.00,69.60,0.448,4.164,0.340,banana,fresh
15319503,15151,91.75,851.95,69.80,0.448,4.164,0.341,banana,fresh
15320515,15152,91.70,852.00,69.75,0.448,4.164,0.341,banana,fresh
15321526,15153,91.55,852.00,69.70,0.447,4.164,0.341,banana,fresh
15322537,15154,91.65,851.95,69.70,0.448,4.164,0.341,banana,fresh
15323548,15155,91.65,852.00,69.75,0.448,4.164,0.341,banana,fresh
15324560,15156,91.70,852.00,69.55,0.448,4.164,0.340,banana,fresh
15325571,15157,91.75,851.95,69.70,0.448,4.164,0.341,banana,fresh
15326581,15158,91.75,852.00,69.75,0.448,4.164,0.341,banana,fresh
15327593,15159,91.80,852.00,69.90,0.449,4.164,0.342,banana,fresh
15328604,15160,91.70,851.95,69.80,0.448,4.164,0.341,banana,fresh
15329615,15161,91.60,852.00,69.70,0.448,4.164,0.341,banana,fresh
15330626,15162,91.65,852.00,69.75,0.448,4.164,0.341,banana,fresh
15331638,15163,91.60,852.00,69.65,0.448,4.164,0.340,banana,fresh
15332648,15164,91.75,852.00,69.80,0.448,4.164,0.341,banana,fresh
15333659,15165,91.75,852.00,69.80,0.448,4.164,0.341,banana,fresh
15334671,15166,91.65,852.00,69.70,0.448,4.164,0.341,banana,fresh
15335682,15167,91.70,852.00,69.70,0.448,4.164,0.341,banana,fresh
15336693,15168,91.75,852.00,69.75,0.448,4.164,0.341,banana,fresh
15337704,15169,91.75,852.00,69.90,0.448,4.164,0.342,banana,fresh
15338716,15170,91.70,852.00,69.80,0.448,4.164,0.341,banana,fresh
15339726,15171,91.55,852.00,69.70,0.447,4.164,0.341,banana,fresh
15340738,15172,91.50,852.00,69.75,0.447,4.164,0.341,banana,fresh
15341749,15173,91.50,852.00,69.95,0.447,4.164,0.342,banana,fresh
15342759,15174,91.60,851.95,69.90,0.448,4.164,0.342,banana,fresh
15343771,15175,91.70,852.00,69.85,0.448,4.164,0.341,banana,fresh
15344782,15176,91.70,851.95,69.85,0.448,4.164,0.341,banana,fresh
15345794,15177,91.65,852.05,69.65,0.448,4.164,0.340,banana,fresh
15346804,15178,91.80,852.00,69.70,0.449,4.164,0.341,banana,fresh
15347815,15179,91.55,852.00,69.90,0.447,4.164,0.342,banana,fresh
15348827,15180,91.60,851.95,69.75,0.448,4.164,0.341,banana,fresh
15349837,15181,91.80,852.00,69.75,0.449,4.164,0.341,banana,fresh
15350849,15182,91.65,852.00,69.70,0.448,4.164,0.341,banana,fresh
15351860,15183,91.95,851.95,69.65,0.449,4.164,0.340,banana,fresh
15352871,15184,91.60,852.05,69.70,0.448,4.164,0.341,banana,fresh
15353882,15185,91.65,852.00,69.75,0.448,4.164,0.341,banana,fresh
15354894,15186,91.65,852.00,69.80,0.448,4.164,0.341,banana,fresh
15355905,15187,91.70,852.00,69.70,0.448,4.164,0.341,banana,fresh
15356915,15188,91.65,852.00,69.80,0.448,4.164,0.341,banana,fresh
15357927,15189,91.70,852.00,69.75,0.448,4.164,0.341,banana,fresh
15358938,15190,91.60,852.05,69.55,0.448,4.164,0.340,banana,fresh
15359949,15191,91.60,852.00,69.75,0.448,4.164,0.341,banana,fresh
15360960,15192,91.75,852.05,69.80,0.448,4.164,0.341,banana,fresh
15361972,15193,91.70,852.00,69.75,0.448,4.164,0.341,banana,fresh
15362982,15194,91.75,851.90,69.75,0.448,4.164,0.341,banana,fresh
15363993,15195,91.80,852.00,69.70,0.449,4.164,0.341,banana,fresh
15365005,15196,91.85,852.00,69.75,0.449,4.164,0.341,banana,fresh
15366016,15197,91.70,851.95,69.85,0.448,4.164,0.341,banana,fresh
15367027,15198,91.75,852.00,69.80,0.448,4.164,0.341,banana,fresh
15368038,15199,91.60,852.00,69.75,0.448,4.164,0.341,banana,fresh
15369050,15200,91.75,852.00,69.70,0.448,4.164,0.341,banana,fresh
15370060,15201,91.70,852.00,69.85,0.448,4.164,0.341,banana,fresh
15371071,15202,91.60,852.00,69.80,0.448,4.164,0.341,banana,fresh
15372083,15203,91.75,852.00,69.75,0.448,4.164,0.341,banana,fresh
15373093,15204,91.70,852.00,69.80,0.448,4.164,0.341,banana,fresh
15374105,15205,91.55,852.00,69.75,0.447,4.164,0.341,banana,fresh
15375116,15206,91.55,852.00,69.85,0.447,4.164,0.341,banana,fresh
15376128,15207,91.70,852.00,69.70,0.448,4.164,0.341,banana,fresh
15377138,15208,91.85,852.00,69.95,0.449,4.164,0.342,banana,fresh
15378149,15209,91.60,852.00,69.70,0.448,4.164,0.341,banana,fresh
15379161,15210,91.80,852.00,70.00,0.449,4.164,0.342,banana,fresh
15380171,15211,91.70,852.00,69.75,0.448,4.164,0.341,banana,fresh
15381183,15212,91.75,852.00,69.85,0.448,4.164,0.341,banana,fresh
15382194,15213,91.75,852.00,69.80,0.448,4.164,0.341,banana,fresh
15383205,15214,91.85,852.00,69.80,0.449,4.164,0.341,banana,fresh
15384216,15215,91.65,852.00,69.85,0.448,4.164,0.341,banana,fresh
15385227,15216,91.80,851.95,69.75,0.449,4.164,0.341,banana,fresh
15386238,15217,91.70,852.00,69.60,0.448,4.164,0.340,banana,fresh
15387249,15218,91.90,852.00,69.65,0.449,4.164,0.340,banana,fresh
15388261,15219,91.80,852.00,69.85,0.449,4.164,0.341,banana,fresh
15389272,15220,91.65,852.00,69.75,0.448,4.164,0.341,banana,fresh
15390283,15221,91.75,852.00,69.80,0.448,4.164,0.341,banana,fresh
15391294,15222,91.85,852.00,69.75,0.449,4.164,0.341,banana,fresh
15392305,15223,91.70,852.00,69.85,0.448,4.164,0.341,banana,fresh
15393316,15224,91.60,852.00,69.90,0.448,4.164,0.342,banana,fresh
15394327,15225,91.70,852.00,69.75,0.448,4.164,0.341,banana,fresh
15395339,15226,91.65,851.90,69.80,0.448,4.164,0.341,banana,fresh
15396349,15227,91.75,852.00,69.80,0.448,4.164,0.341,banana,fresh
15397361,15228,91.70,852.00,69.75,0.448,4.164,0.341,banana,fresh
15398372,15229,91.70,852.00,69.75,0.448,4.164,0.341,banana,fresh
15399383,15230,91.65,852.00,69.80,0.448,4.164,0.341,banana,fresh
15400394,15231,91.80,851.95,69.80,0.449,4.164,0.341,banana,fresh
15401405,15232,91.80,852.00,69.85,0.449,4.164,0.341,banana,fresh
15402417,15233,91.90,852.00,69.60,0.449,4.164,0.340,banana,fresh
15403427,15234,91.80,852.00,69.85,0.449,4.164,0.341,banana,fresh
15404439,15235,91.70,852.00,69.70,0.448,4.164,0.341,banana,fresh
15405450,15236,91.90,852.00,69.70,0.449,4.164,0.341,banana,fresh
15406460,15237,91.60,852.00,69.75,0.448,4.164,0.341,banana,fresh
15407472,15238,91.65,852.00,69.85,0.448,4.164,0.341,banana,fresh
15408483,15239,91.65,852.00,69.80,0.448,4.164,0.341,banana,fresh
15409495,15240,91.70,852.00,69.70,0.448,4.164,0.341,banana,fresh
15410505,15241,91.60,852.00,69.85,0.448,4.164,0.341,banana,fresh
15411516,15242,91.65,852.00,69.85,0.448,4.164,0.341,banana,fresh
15412528,15243,91.70,852.00,69.75,0.448,4.164,0.341,banana,fresh
15413538,15244,91.70,852.00,69.70,0.448,4.164,0.341,banana,fresh
15414550,15245,91.80,852.00,69.90,0.449,4.164,0.342,banana,fresh
15415561,15246,91.85,852.00,69.90,0.449,4.164,0.342,banana,fresh
15416572,15247,91.65,852.00,69.80,0.448,4.164,0.341,banana,fresh
15417583,15248,91.75,852.00,69.85,0.448,4.164,0.341,banana,fresh
15418594,15249,91.85,852.00,69.80,0.449,4.164,0.341,banana,fresh
15419606,15250,91.60,852.00,69.85,0.448,4.164,0.341,banana,fresh
15420616,15251,91.60,852.00,69.80,0.448,4.164,0.341,banana,fresh
15421628,15252,91.65,852.00,69.70,0.448,4.164,0.341,banana,fresh
15422639,15253,91.60,852.00,69.90,0.448,4.164,0.342,banana,fresh
15423650,15254,91.75,852.00,69.85,0.448,4.164,0.341,banana,fresh
15424661,15255,91.90,852.05,69.85,0.449,4.164,0.341,banana,fresh
15425672,15256,91.75,852.05,69.90,0.448,4.164,0.342,banana,fresh
15426683,15257,91.90,852.00,69.70,0.449,4.164,0.341,banana,fresh
15427694,15258,91.80,852.00,69.90,0.449,4.164,0.342,banana,fresh
15428706,15259,91.80,852.00,69.90,0.449,4.164,0.342,banana,fresh
15429716,15260,91.75,851.95,69.80,0.448,4.164,0.341,banana,fresh
15430728,15261,91.65,852.00,69.80,0.448,4.164,0.341,banana,fresh
15431739,15262,91.60,852.00,69.80,0.448,4.164,0.341,banana,fresh
15432750,15263,91.90,852.00,69.65,0.449,4.164,0.340,banana,fresh
15433761,15264,91.60,852.00,69.90,0.448,4.164,0.342,banana,fresh
15434772,15265,91.70,852.05,69.75,0.448,4.164,0.341,banana,fresh
15435784,15266,91.85,852.05,69.70,0.449,4.164,0.341,banana,fresh
15436794,15267,91.50,852.00,69.70,0.447,4.164,0.341,banana,fresh
15437806,15268,91.55,852.05,69.85,0.447,4.164,0.341,banana,fresh
15438817,15269,91.95,852.00,69.65,0.449,4.164,0.340,banana,fresh
15439827,15270,91.80,852.00,69.75,0.449,4.164,0.341,banana,fresh
15440839,15271,91.75,852.00,69.80,0.448,4.164,0.341,banana,fresh
15441850,15272,91.75,852.00,69.90,0.448,4.164,0.342,banana,fresh
15442862,15273,91.75,852.00,69.75,0.448,4.164,0.341,banana,fresh
15443872,15274,91.60,852.00,70.00,0.448,4.164,0.342,banana,fresh
15444884,15275,91.70,852.00,69.65,0.448,4.164,0.340,banana,fresh
15445895,15276,91.75,852.00,69.95,0.448,4.164,0.342,banana,fresh
15446905,15277,91.80,852.00,69.65,0.449,4.164,0.340,banana,fresh
15447917,15278,91.80,852.00,69.85,0.449,4.164,0.341,banana,fresh
15448928,15279,91.65,852.00,69.85,0.448,4.164,0.341,banana,fresh
15449939,15280,91.65,852.00,69.90,0.448,4.164,0.342,banana,fresh
15450950,15281,91.85,852.00,69.75,0.449,4.164,0.341,banana,fresh
15451962,15282,91.75,852.00,69.65,0.448,4.164,0.340,banana,fresh
15452973,15283,91.75,852.00,69.80,0.448,4.164,0.341,banana,fresh
15453983,15284,91.70,851.95,69.90,0.448,4.164,0.342,banana,fresh
15454995,15285,91.60,852.00,69.65,0.448,4.164,0.340,banana,fresh
15456006,15286,91.75,852.05,69.90,0.448,4.164,0.342,banana,fresh
15457017,15287,91.75,852.00,69.80,0.448,4.164,0.341,banana,fresh
15458028,15288,91.70,851.95,69.75,0.448,4.164,0.341,banana,fresh
15459040,15289,91.75,852.00,69.80,0.448,4.164,0.341,banana,fresh
15460050,15290,91.70,852.05,69.70,0.448,4.164,0.341,banana,fresh
15461061,15291,91.70,852.00,69.75,0.448,4.164,0.341,banana,fresh
15462073,15292,91.80,852.00,69.85,0.449,4.164,0.341,banana,fresh
15463084,15293,91.85,851.95,69.70,0.449,4.164,0.341,banana,fresh
15464095,15294,91.65,852.00,69.90,0.448,4.164,0.342,banana,fresh
15465106,15295,91.80,852.00,69.65,0.449,4.164,0.340,banana,fresh
15466118,15296,91.60,852.05,69.70,0.448,4.164,0.341,banana,fresh
15467128,15297,91.85,852.00,69.80,0.449,4.164,0.341,banana,fresh
15468139,15298,91.80,852.00,69.95,0.449,4.164,0.342,banana,fresh
15469151,15299,91.70,851.95,69.65,0.448,4.164,0.340,banana,fresh
15470161,15300,91.65,852.00,69.85,0.448,4.164,0.341,banana,fresh
15471173,15301,91.85,852.00,69.75,0.449,4.164,0.341,banana,fresh
15472184,15302,91.90,852.00,69.90,0.449,4.164,0.342,banana,fresh
15473196,15303,91.80,852.00,69.90,0.449,4.164,0.342,banana,fresh
15474206,15304,91.65,852.00,69.80,0.448,4.164,0.341,banana,fresh
15475217,15305,91.70,852.00,69.85,0.448,4.164,0.341,banana,fresh
15476229,15306,91.60,852.00,69.70,0.448,4.164,0.341,banana,fresh
15477239,15307,91.50,852.00,69.75,0.447,4.164,0.341,banana,fresh
15478251,15308,91.90,852.00,69.90,0.449,4.164,0.342,banana,fresh
15479262,15309,91.70,852.00,69.65,0.448,4.164,0.340,banana,fresh
15480273,15310,91.70,852.05,69.90,0.448,4.164,0.342,banana,fresh
15481284,15311,91.75,852.00,69.70,0.448,4.164,0.341,banana,fresh
15482295,15312,91.90,852.00,69.90,0.449,4.164,0.342,banana,fresh
15483307,15313,91.75,852.00,69.90,0.448,4.164,0.342,banana,fresh
15484317,15314,91.75,852.00,69.75,0.448,4.164,0.341,banana,fresh
15485329,15315,91.70,852.05,69.65,0.448,4.164,0.340,banana,fresh
15486340,15316,91.65,852.00,69.80,0.448,4.164,0.341,banana,fresh
15487351,15317,91.80,852.00,69.70,0.449,4.164,0.341,banana,fresh
15488362,15318,91.70,852.00,69.85,0.448,4.164,0.341,banana,fresh
15489373,15319,91.60,852.00,69.65,0.448,4.164,0.340,banana,fresh
15490384,15320,91.80,852.00,69.85,0.449,4.164,0.341,banana,fresh
15491395,15321,91.80,852.00,69.70,0.449,4.164,0.341,banana,fresh
15492407,15322,91.60,852.00,69.70,0.448,4.164,0.341,banana,fresh
15493417,15323,91.70,852.00,69.60,0.448,4.164,0.340,banana,fresh
15494429,15324,91.75,852.00,69.85,0.448,4.164,0.341,banana,fresh
15495440,15325,91.80,852.00,69.75,0.449,4.164,0.341,banana,fresh
15496451,15326,91.70,852.00,69.80,0.448,4.164,0.341,banana,fresh
15497462,15327,91.80,852.00,69.80,0.449,4.164,0.341,banana,fresh
15498473,15328,91.70,852.00,69.60,0.448,4.164,0.340,banana,fresh
15499485,15329,91.70,852.00,69.85,0.448,4.164,0.341,banana,fresh
15500495,15330,91.80,852.00,69.70,0.449,4.164,0.341,banana,fresh
15501507,15331,91.90,852.00,69.75,0.449,4.164,0.341,banana,fresh
15502518,15332,91.70,852.00,69.80,0.448,4.164,0.341,banana,fresh
15503528,15333,91.75,852.00,69.80,0.448,4.164,0.341,banana,fresh
15504540,15334,91.70,852.05,69.85,0.448,4.164,0.341,banana,fresh
15505551,15335,91.80,852.05,69.70,0.449,4.164,0.341,banana,fresh
15506563,15336,91.90,852.00,69.50,0.449,4.164,0.340,banana,fresh
15507573,15337,91.65,852.05,69.60,0.448,4.164,0.340,banana,fresh
15508585,15338,91.95,852.00,69.70,0.449,4.164,0.341,banana,fresh
15509596,15339,91.70,852.00,69.80,0.448,4.164,0.341,banana,fresh
15510606,15340,91.70,852.00,69.75,0.448,4.164,0.341,banana,fresh
15511618,15341,91.75,852.00,69.70,0.448,4.164,0.341,banana,fresh
15512629,15342,91.75,852.00,69.60,0.448,4.164,0.340,banana,fresh
15513640,15343,91.65,852.00,69.90,0.448,4.164,0.342,banana,fresh
15514651,15344,91.75,852.00,69.55,0.448,4.164,0.340,banana,fresh
15515663,15345,91.65,852.00,69.70,0.448,4.164,0.341,banana,fresh
15516674,15346,91.60,852.00,69.80,0.448,4.164,0.341,banana,fresh
15517684,15347,91.80,852.00,69.85,0.449,4.164,0.341,banana,fresh
15518696,15348,91.70,852.00,69.70,0.448,4.164,0.341,banana,fresh
15519707,15349,91.60,852.00,69.50,0.448,4.164,0.340,banana,fresh
15520718,15350,91.75,852.00,69.55,0.448,4.164,0.340,banana,fresh
15521729,15351,91.75,852.00,69.55,0.448,4.164,0.340,banana,fresh
15522741,15352,91.90,852.00,69.60,0.449,4.164,0.340,banana,fresh
15523751,15353,91.70,852.05,69.65,0.448,4.164,0.340,banana,fresh
15524762,15354,91.80,852.00,69.60,0.449,4.164,0.340,banana,fresh
15525774,15355,91.75,852.00,69.80,0.448,4.164,0.341,banana,fresh
15526785,15356,91.60,852.00,69.75,0.448,4.164,0.341,banana,fresh
15527796,15357,91.70,852.00,69.60,0.448,4.164,0.340,banana,fresh
15528807,15358,91.90,852.00,69.50,0.449,4.164,0.340,banana,fresh
15529818,15359,91.75,852.00,69.90,0.448,4.164,0.342,banana,fresh
15530829,15360,91.85,852.00,69.75,0.449,4.164,0.341,banana,fresh
15531840,15361,91.80,852.00,69.75,0.449,4.164,0.341,banana,fresh
15532852,15362,91.65,852.00,69.75,0.448,4.164,0.341,banana,fresh
15533862,15363,91.70,852.00,69.75,0.448,4.164,0.341,banana,fresh
15534874,15364,91.80,852.00,69.55,0.449,4.164,0.340,banana,fresh
15535885,15365,91.75,852.00,69.75,0.448,4.164,0.341,banana,fresh
15536896,15366,91.85,852.00,69.75,0.449,4.164,0.341,banana,fresh
15537907,15367,91.70,852.00,69.80,0.448,4.164,0.341,banana,fresh
15538918,15368,91.60,852.00,69.80,0.448,4.164,0.341,banana,fresh
15539930,15369,91.75,852.00,69.60,0.448,4.164,0.340,banana,fresh
15540940,15370,91.65,852.00,69.95,0.448,4.164,0.342,banana,fresh
15541952,15371,91.70,852.00,69.70,0.448,4.164,0.341,banana,fresh
15542963,15372,91.60,852.00,69.75,0.448,4.164,0.341,banana,fresh
15543973,15373,91.75,852.00,69.85,0.448,4.164,0.341,banana,fresh
15544985,15374,91.75,852.00,69.65,0.448,4.164,0.340,banana,fresh
15545996,15375,91.50,852.00,69.70,0.447,4.164,0.341,banana,fresh
15547008,15376,91.80,852.00,69.70,0.449,4.164,0.341,banana,fresh
15548018,15377,91.90,852.00,69.75,0.449,4.164,0.341,banana,fresh
15549030,15378,91.50,852.00,69.60,0.447,4.164,0.340,banana,fresh
15550041,15379,91.80,852.00,69.75,0.449,4.164,0.341,banana,fresh
15551051,15380,91.75,852.00,69.60,0.448,4.164,0.340,banana,fresh
15552063,15381,91.50,852.00,69.70,0.447,4.164,0.341,banana,fresh
15553074,15382,91.45,852.00,69.80,0.447,4.164,0.341,banana,fresh
15554085,15383,91.80,852.00,69.80,0.449,4.164,0.341,banana,fresh
15555096,15384,91.75,852.00,69.75,0.448,4.164,0.341,banana,fresh
15556108,15385,91.80,852.00,69.85,0.449,4.164,0.341,banana,fresh
15557118,15386,91.80,852.00,69.55,0.449,4.164,0.340,banana,fresh
15558129,15387,91.80,852.00,69.75,0.449,4.164,0.341,banana,fresh
15559141,15388,91.65,852.00,69.70,0.448,4.164,0.341,banana,fresh
15560152,15389,91.60,852.00,69.70,0.448,4.164,0.341,banana,fresh
15561163,15390,91.70,852.00,69.65,0.448,4.164,0.340,banana,fresh
15562174,15391,91.75,851.95,69.75,0.448,4.164,0.341,banana,fresh
15563186,15392,91.75,852.00,69.70,0.448,4.164,0.341,banana,fresh
15564196,15393,91.75,852.00,69.75,0.448,4.164,0.341,banana,fresh
15565207,15394,91.70,852.00,69.60,0.448,4.164,0.340,banana,fresh
15566219,15395,91.65,852.00,69.80,0.448,4.164,0.341,banana,fresh
15567229,15396,91.60,852.00,69.70,0.448,4.164,0.341,banana,fresh
15568241,15397,91.65,852.00,69.75,0.448,4.164,0.341,banana,fresh
15569252,15398,91.75,852.05,69.70,0.448,4.164,0.341,banana,fresh
15570264,15399,91.75,852.00,69.65,0.448,4.164,0.340,banana,fresh
15571274,15400,91.80,852.00,69.70,0.449,4.164,0.341,banana,fresh
15572285,15401,91.70,852.00,69.95,0.448,4.164,0.342,banana,fresh
15573297,15402,91.80,852.00,69.60,0.449,4.164,0.340,banana,fresh
15574307,15403,91.80,852.00,69.60,0.449,4.164,0.340,banana,fresh
15575319,15404,91.75,852.00,69.70,0.448,4.164,0.341,banana,fresh
15576330,15405,91.75,852.05,69.65,0.448,4.164,0.340,banana,fresh
15577340,15406,91.80,852.00,69.65,0.449,4.164,0.340,banana,fresh
15578352,15407,91.50,852.00,69.65,0.447,4.164,0.340,banana,fresh
15579363,15408,91.55,852.00,69.75,0.447,4.164,0.341,banana,fresh
15580375,15409,91.75,852.00,69.60,0.448,4.164,0.340,banana,fresh
15581385,15410,91.85,852.05,69.75,0.449,4.164,0.341,banana,fresh
15582397,15411,91.60,852.00,69.70,0.448,4.164,0.341,banana,fresh
15583408,15412,91.75,852.00,69.75,0.448,4.164,0.341,banana,fresh
15584418,15413,91.70,852.00,69.80,0.448,4.164,0.341,banana,fresh
15585430,15414,91.65,852.00,69.70,0.448,4.164,0.341,banana,fresh
15586441,15415,91.90,852.00,69.65,0.449,4.164,0.340,banana,fresh
15587452,15416,91.95,852.00,69.55,0.449,4.164,0.340,banana,fresh
15588463,15417,91.55,852.00,69.55,0.447,4.164,0.340,banana,fresh
15589475,15418,91.90,852.05,69.75,0.449,4.164,0.341,banana,fresh
15590486,15419,91.75,852.00,69.65,0.448,4.164,0.340,banana,fresh
15591496,15420,91.65,852.00,69.65,0.448,4.164,0.340,banana,fresh
15592508,15421,91.90,852.00,69.70,0.449,4.164,0.341,banana,fresh
15593519,15422,91.65,852.00,69.70,0.448,4.164,0.341,banana,fresh
15594530,15423,91.60,852.05,69.85,0.448,4.164,0.341,banana,fresh
15595541,15424,91.65,852.05,69.65,0.448,4.164,0.340,banana,fresh
15596553,15425,91.55,852.00,69.45,0.447,4.164,0.339,banana,fresh
15597563,15426,91.85,852.00,69.75,0.449,4.164,0.341,banana,fresh
15598574,15427,91.60,852.00,69.75,0.448,4.164,0.341,banana,fresh
15599586,15428,91.70,852.00,69.70,0.448,4.164,0.341,banana,fresh
15600596,15429,91.65,852.00,69.50,0.448,4.164,0.340,banana,fresh
15601608,15430,91.55,852.00,69.60,0.447,4.164,0.340,banana,fresh
15602619,15431,91.70,852.00,69.75,0.448,4.164,0.341,banana,fresh
15603631,15432,91.80,852.00,69.70,0.449,4.164,0.341,banana,fresh
15604641,15433,91.55,852.00,69.65,0.447,4.164,0.340,banana,fresh
15605652,15434,91.60,852.00,69.60,0.448,4.164,0.340,banana,fresh
15606664,15435,91.65,852.00,69.70,0.448,4.164,0.341,banana,fresh
15607674,15436,91.65,852.00,69.60,0.448,4.164,0.340,banana,fresh
15608686,15437,91.55,852.00,69.65,0.447,4.164,0.340,banana,fresh
15609697,15438,91.70,852.00,69.55,0.448,4.164,0.340,banana,fresh
15610708,15439,91.50,852.00,69.45,0.447,4.164,0.339,banana,fresh
15611719,15440,91.60,852.00,69.80,0.448,4.164,0.341,banana,fresh
15612730,15441,91.70,852.00,69.70,0.448,4.164,0.341,banana,fresh
15613742,15442,91.80,852.00,69.45,0.449,4.164,0.339,banana,fresh
15614752,15443,91.60,852.00,69.70,0.448,4.164,0.341,banana,fresh
15615764,15444,91.60,851.95,69.80,0.448,4.164,0.341,banana,fresh
15616775,15445,91.85,852.05,69.60,0.449,4.164,0.340,banana,fresh
15617786,15446,91.70,852.00,69.65,0.448,4.164,0.340,banana,fresh
15618797,15447,91.65,852.00,69.65,0.448,4.164,0.340,banana,fresh
15619808,15448,91.75,852.00,69.70,0.448,4.164,0.341,banana,fresh
15620819,15449,91.80,852.00,69.75,0.449,4.164,0.341,banana,fresh
15621830,15450,91.60,852.00,69.65,0.448,4.164,0.340,banana,fresh
15622842,15451,91.80,852.00,69.65,0.449,4.164,0.340,banana,fresh
15623853,15452,91.85,852.00,69.65,0.449,4.164,0.340,banana,fresh
15624864,15453,91.70,852.00,69.70,0.448,4.164,0.341,banana,fresh
15625875,15454,91.85,852.00,69.55,0.449,4.164,0.340,banana,fresh
15626886,15455,91.60,852.00,69.50,0.448,4.164,0.340,banana,fresh
15627897,15456,91.80,852.05,69.45,0.449,4.164,0.339,banana,fresh
15628908,15457,91.60,852.00,69.55,0.448,4.164,0.340,banana,fresh
15629920,15458,91.80,852.00,69.60,0.449,4.164,0.340,banana,fresh
15630930,15459,91.50,852.00,69.70,0.447,4.164,0.341,banana,fresh
15631942,15460,91.45,852.05,69.65,0.447,4.164,0.340,banana,fresh
15632953,15461,91.50,852.00,69.50,0.447,4.164,0.340,banana,fresh
15633964,15462,91.85,852.00,69.65,0.449,4.164,0.340,banana,fresh
15634975,15463,91.80,852.00,69.50,0.449,4.164,0.340,banana,fresh
15635986,15464,91.70,852.00,69.65,0.448,4.164,0.340,banana,fresh
15636998,15465,91.65,852.00,69.50,0.448,4.164,0.340,banana,fresh
15638008,15466,91.70,852.00,69.55,0.448,4.164,0.340,banana,fresh
15639020,15467,91.40,852.05,69.70,0.447,4.164,0.341,banana,fresh
15640031,15468,91.65,851.95,69.60,0.448,4.164,0.340,banana,fresh
15641041,15469,91.80,852.05,69.55,0.449,4.164,0.340,banana,fresh
15642053,15470,91.60,852.00,69.40,0.448,4.164,0.339,banana,fresh
15643064,15471,91.55,852.00,69.65,0.447,4.164,0.340,banana,fresh
15644076,15472,91.80,852.00,69.65,0.449,4.164,0.340,banana,fresh
15645086,15473,91.65,852.00,69.60,0.448,4.164,0.340,banana,fresh
15646098,15474,91.60,852.05,69.80,0.448,4.164,0.341,banana,fresh
15647109,15475,91.65,852.00,69.60,0.448,4.164,0.340,banana,fresh
15648119,15476,91.80,852.00,69.65,0.449,4.164,0.340,banana,fresh
15649131,15477,91.65,852.05,69.45,0.448,4.164,0.339,banana,fresh
15650142,15478,91.60,852.00,69.65,0.448,4.164,0.340,banana,fresh
15651153,15479,91.60,852.00,69.70,0.448,4.164,0.341,banana,fresh
15652164,15480,91.75,852.00,69.60,0.448,4.164,0.340,banana,fresh
15653175,15481,91.75,851.95,69.70,0.448,4.164,0.341,banana,fresh
15654187,15482,91.75,852.00,69.60,0.448,4.164,0.340,banana,fresh
15655197,15483,91.65,852.05,69.65,0.448,4.164,0.340,banana,fresh
15656209,15484,91.70,852.10,69.60,0.448,4.165,0.340,banana,fresh
15657220,15485,91.75,852.00,69.65,0.448,4.164,0.340,banana,fresh
15658231,15486,91.65,852.00,69.90,0.448,4.164,0.342,banana,fresh
15659242,15487,91.75,852.00,69.80,0.448,4.164,0.341,banana,fresh
15660254,15488,91.50,852.00,69.60,0.447,4.164,0.340,banana,fresh
15661264,15489,91.90,852.00,69.55,0.449,4.164,0.340,banana,fresh
15662275,15490,91.80,852.05,69.70,0.449,4.164,0.341,banana,fresh
15663287,15491,91.55,852.00,69.40,0.447,4.164,0.339,banana,fresh
15664297,15492,91.70,852.00,69.55,0.448,4.164,0.340,banana,fresh
15665309,15493,91.75,852.00,69.55,0.448,4.164,0.340,banana,fresh
15666320,15494,91.75,852.00,69.55,0.448,4.164,0.340,banana,fresh
15667332,15495,91.60,852.05,69.70,0.448,4.164,0.341,banana,fresh
15668342,15496,91.80,852.00,69.50,0.449,4.164,0.340,banana,fresh
15669353,15497,91.60,852.00,69.65,0.448,4.164,0.340,banana,fresh
15670365,15498,91.85,852.00,69.55,0.449,4.164,0.340,banana,fresh
15671375,15499,91.80,852.00,69.50,0.449,4.164,0.340,banana,fresh
15672387,15500,91.60,852.00,69.50,0.448,4.164,0.340,banana,fresh
15673398,15501,91.55,852.10,69.65,0.447,4.165,0.340,banana,fresh
15674408,15502,91.75,852.00,69.55,0.448,4.164,0.340,banana,fresh
15675420,15503,91.70,852.00,69.60,0.448,4.164,0.340,banana,fresh
15676431,15504,91.65,852.05,69.45,0.448,4.164,0.339,banana,fresh
15677443,15505,91.70,852.00,69.55,0.448,4.164,0.340,banana,fresh
15678453,15506,91.60,852.00,69.55,0.448,4.164,0.340,banana,fresh
15679465,15507,91.55,852.00,69.50,0.447,4.164,0.340,banana,fresh
15680476,15508,91.75,852.00,69.60,0.448,4.164,0.340,banana,fresh
15681486,15509,91.55,852.00,69.50,0.447,4.164,0.340,banana,fresh
15682498,15510,91.35,852.00,69.70,0.446,4.164,0.341,banana,fresh
15683509,15511,91.65,852.00,69.45,0.448,4.164,0.339,banana,fresh
15684520,15512,91.60,852.00,69.65,0.448,4.164,0.340,banana,fresh
15685531,15513,91.80,852.00,69.60,0.449,4.164,0.340,banana,fresh
15686543,15514,91.60,852.00,69.45,0.448,4.164,0.339,banana,fresh
15687554,15515,91.65,852.00,69.75,0.448,4.164,0.341,banana,fresh
15688564,15516,91.75,852.00,69.55,0.448,4.164,0.340,banana,fresh
15689576,15517,91.75,852.00,69.40,0.448,4.164,0.339,banana,fresh
15690587,15518,91.70,852.00,69.40,0.448,4.164,0.339,banana,fresh
15691598,15519,91.75,852.00,69.60,0.448,4.164,0.340,banana,fresh
15692609,15520,91.65,852.00,69.40,0.448,4.164,0.339,banana,fresh
15693620,15521,91.60,852.05,69.35,0.448,4.164,0.339,banana,fresh
15694631,15522,91.75,852.00,69.65,0.448,4.164,0.340,banana,fresh
15695642,15523,91.60,852.00,69.55,0.448,4.164,0.340,banana,fresh
15696654,15524,91.65,852.00,69.65,0.448,4.164,0.340,banana,fresh
15697665,15525,91.75,852.00,69.65,0.448,4.164,0.340,banana,fresh
15698676,15526,91.60,852.00,69.60,0.448,4.164,0.340,banana,fresh
15699687,15527,91.60,852.00,69.45,0.448,4.164,0.339,banana,fresh
15700698,15528,91.75,852.00,69.35,0.448,4.164,0.339,banana,fresh
15701709,15529,91.70,852.00,69.45,0.448,4.164,0.339,banana,fresh
15702720,15530,91.70,852.00,69.50,0.448,4.164,0.340,banana,fresh
15703732,15531,91.70,852.00,69.40,0.448,4.164,0.339,banana,fresh
15704742,15532,91.75,852.00,69.75,0.448,4.164,0.341,banana,fresh
15705754,15533,91.80,852.00,69.45,0.449,4.164,0.339,banana,fresh
15706765,15534,91.70,852.00,69.50,0.448,4.164,0.340,banana,fresh
15707776,15535,91.90,852.00,69.45,0.449,4.164,0.339,banana,fresh
15708787,15536,91.75,852.05,69.55,0.448,4.164,0.340,banana,fresh
15709798,15537,91.85,852.00,69.55,0.449,4.164,0.340,banana,fresh
15710810,15538,91.80,852.00,69.50,0.449,4.164,0.340,banana,fresh
15711820,15539,91.55,852.00,69.50,0.447,4.164,0.340,banana,fresh
15712832,15540,91.85,852.00,69.70,0.449,4.164,0.341,banana,fresh
15713843,15541,91.70,852.00,69.55,0.448,4.164,0.340,banana,fresh
15714853,15542,91.55,852.05,69.60,0.447,4.164,0.340,banana,fresh
15715865,15543,91.70,852.00,69.60,0.448,4.164,0.340,banana,fresh
15716876,15544,91.45,852.00,69.95,0.447,4.164,0.342,banana,fresh
15717888,15545,91.75,852.00,69.55,0.448,4.164,0.340,banana,fresh
15718898,15546,91.80,852.00,69.70,0.449,4.164,0.341,banana,fresh
15719910,15547,91.60,852.00,69.55,0.448,4.164,0.340,banana,fresh
15720921,15548,91.80,852.00,69.40,0.449,4.164,0.339,banana,fresh
15721931,15549,91.80,852.00,69.60,0.449,4.164,0.340,banana,fresh
15722943,15550,91.65,852.05,69.50,0.448,4.164,0.340,banana,fresh
15723954,15551,91.70,852.00,69.55,0.448,4.164,0.340,banana,fresh
15724965,15552,91.80,852.10,69.45,0.449,4.165,0.339,banana,fresh
15725976,15553,91.80,852.05,69.65,0.449,4.164,0.340,banana,fresh
15726988,15554,91.80,852.05,69.55,0.449,4.164,0.340,banana,fresh
15727998,15555,91.75,852.05,69.45,0.448,4.164,0.339,banana,fresh
15729010,15556,91.75,852.00,69.45,0.448,4.164,0.339,banana,fresh
15730021,15557,91.65,852.00,69.55,0.448,4.164,0.340,banana,fresh
15731032,15558,91.50,852.00,69.35,0.447,4.164,0.339,banana,fresh
15732043,15559,91.80,852.00,69.50,0.449,4.164,0.340,banana,fresh
15733054,15560,91.75,852.00,69.60,0.448,4.164,0.340,banana,fresh
15734066,15561,91.65,852.00,69.55,0.448,4.164,0.340,banana,fresh
15735076,15562,91.75,852.00,69.25,0.448,4.164,0.338,banana,fresh
15736087,15563,91.70,852.00,69.35,0.448,4.164,0.339,banana,fresh
15737099,15564,91.80,852.00,69.55,0.449,4.164,0.340,banana,fresh
15738109,15565,91.75,852.00,69.45,0.448,4.164,0.339,banana,fresh
15739121,15566,91.70,852.05,69.40,0.448,4.164,0.339,banana,fresh
15740132,15567,91.60,852.00,69.80,0.448,4.164,0.341,banana,fresh
15741144,15568,91.65,852.00,69.45,0.448,4.164,0.339,banana,fresh
15742154,15569,91.65,852.00,69.45,0.448,4.164,0.339,banana,fresh
15743165,15570,91.70,852.00,69.35,0.448,4.164,0.339,banana,fresh
15744177,15571,91.80,852.00,69.55,0.449,4.164,0.340,banana,fresh
15745187,15572,91.65,852.00,69.75,0.448,4.164,0.341,banana,fresh
15746199,15573,91.50,852.00,69.55,0.447,4.164,0.340,banana,fresh
15747210,15574,91.55,852.00,69.45,0.447,4.164,0.339,banana,fresh
15748221,15575,91.85,852.00,69.50,0.449,4.164,0.340,banana,fresh
15749232,15576,91.70,852.00,69.55,0.448,4.164,0.340,banana,fresh
15750243,15577,91.75,852.00,69.55,0.448,4.164,0.340,banana,fresh
15751255,15578,91.50,852.10,69.45,0.447,4.165,0.339,banana,fresh
15752265,15579,91.55,852.00,69.55,0.447,4.164,0.340,banana,fresh
15753277,15580,91.50,852.00,69.35,0.447,4.164,0.339,banana,fresh
15754288,15581,91.75,852.00,69.35,0.448,4.164,0.339,banana,fresh
15755299,15582,91.70,852.05,69.40,0.448,4.164,0.339,banana,fresh
15756310,15583,91.55,852.00,69.35,0.447,4.164,0.339,banana,fresh
15757321,15584,91.70,852.00,69.55,0.448,4.164,0.340,banana,fresh
15758332,15585,91.65,852.00,69.35,0.448,4.164,0.339,banana,fresh
15759343,15586,91.70,852.00,69.50,0.448,4.164,0.340,banana,fresh
15760355,15587,91.70,852.00,69.40,0.448,4.164,0.339,banana,fresh
15761366,15588,91.65,852.00,69.45,0.448,4.164,0.339,banana,fresh
15762377,15589,91.55,852.00,69.55,0.447,4.164,0.340,banana,fresh
15763388,15590,91.70,852.05,69.50,0.448,4.164,0.340,banana,fresh
15764399,15591,91.65,852.05,69.45,0.448,4.164,0.339,banana,fresh
15765410,15592,91.50,852.00,69.50,0.447,4.164,0.340,banana,fresh
15766421,15593,91.65,852.00,69.55,0.448,4.164,0.340,banana,fresh
15767433,15594,91.75,852.10,69.35,0.448,4.165,0.339,banana,fresh
15768443,15595,91.65,852.05,69.55,0.448,4.164,0.340,banana,fresh
15769454,15596,91.65,852.00,69.40,0.448,4.164,0.339,banana,fresh
15770466,15597,91.55,852.00,69.50,0.447,4.164,0.340,banana,fresh
15771476,15598,91.75,852.00,69.40,0.448,4.164,0.339,banana,fresh
15772488,15599,91.65,852.00,69.40,0.448,4.164,0.339,banana,fresh
15773499,15600,91.70,852.00,69.50,0.448,4.164,0.340,banana,fresh
15774511,15601,91.50,851.95,69.40,0.447,4.164,0.339,banana,fresh
15775521,15602,91.40,852.00,69.55,0.447,4.164,0.340,banana,fresh
15776532,15603,91.65,852.00,69.20,0.448,4.164,0.338,banana,fresh
15777544,15604,91.55,852.00,69.40,0.447,4.164,0.339,banana,fresh
15778554,15605,91.45,852.00,69.60,0.447,4.164,0.340,banana,fresh
15779566,15606,91.55,852.00,69.60,0.447,4.164,0.340,banana,fresh
15780577,15607,91.80,852.00,69.65,0.449,4.164,0.340,banana,fresh
15781588,15608,91.60,852.00,69.55,0.448,4.164,0.340,banana,fresh
15782599,15609,91.75,852.05,69.45,0.448,4.164,0.339,banana,fresh
15783610,15610,91.65,852.00,69.35,0.448,4.164,0.339,banana,fresh
15784622,15611,91.45,852.00,69.60,0.447,4.164,0.340,banana,fresh
15785632,15612,91.60,852.00,69.55,0.448,4.164,0.340,banana,fresh
15786644,15613,91.80,852.00,69.60,0.449,4.164,0.340,banana,fresh
15787655,15614,91.35,852.00,69.50,0.446,4.164,0.340,banana,fresh
15788666,15615,91.55,852.00,69.50,0.447,4.164,0.340,banana,fresh
15789677,15616,91.75,852.05,69.50,0.448,4.164,0.340,banana,fresh
15790688,15617,91.65,852.10,69.50,0.448,4.165,0.340,banana,fresh
15791699,15618,91.60,852.00,69.30,0.448,4.164,0.339,banana,fresh
15792710,15619,91.75,852.00,69.70,0.448,4.164,0.341,banana,fresh
15793722,15620,91.40,852.00,69.35,0.447,4.164,0.339,banana,fresh
15794733,15621,91.70,852.00,69.60,0.448,4.164,0.340,banana,fresh
15795744,15622,91.60,852.00,69.55,0.448,4.164,0.340,banana,fresh
15796755,15623,91.65,852.05,69.25,0.448,4.164,0.338,banana,fresh
15797766,15624,91.70,852.05,69.30,0.448,4.164,0.339,banana,fresh
15798777,15625,91.70,852.10,69.35,0.448,4.165,0.339,banana,fresh
15799788,15626,91.60,852.05,69.50,0.448,4.164,0.340,banana,fresh
15800800,15627,91.75,852.00,69.45,0.448,4.164,0.339,banana,fresh
15801810,15628,91.60,852.00,69.50,0.448,4.164,0.340,banana,fresh
15802822,15629,91.70,851.95,69.45,0.448,4.164,0.339,banana,fresh
15803833,15630,91.80,852.00,69.40,0.449,4.164,0.339,banana,fresh
15804844,15631,91.75,852.05,69.45,0.448,4.164,0.339,banana,fresh
15805855,15632,91.60,852.05,69.60,0.448,4.164,0.340,banana,fresh
15806866,15633,91.75,852.00,69.35,0.448,4.164,0.339,banana,fresh
15807878,15634,91.60,852.00,69.45,0.448,4.164,0.339,banana,fresh
15808888,15635,91.55,852.00,69.65,0.447,4.164,0.340,banana,fresh
15809900,15636,91.85,852.00,69.35,0.449,4.164,0.339,banana,fresh
15810911,15637,91.45,852.00,69.50,0.447,4.164,0.340,banana,fresh
15811921,15638,91.75,852.00,69.55,0.448,4.164,0.340,banana,fresh
15812933,15639,91.60,852.00,69.45,0.448,4.164,0.339,banana,fresh
15813944,15640,91.55,852.00,69.50,0.447,4.164,0.340,banana,fresh
15814956,15641,91.50,852.00,69.60,0.447,4.164,0.340,banana,fresh
15815966,15642,91.60,852.05,69.45,0.448,4.164,0.339,banana,fresh
15816978,15643,91.70,852.10,69.30,0.448,4.165,0.339,banana,fresh
15817989,15644,91.50,852.00,69.40,0.447,4.164,0.339,banana,fresh
15818999,15645,91.75,852.00,69.35,0.448,4.164,0.339,banana,fresh
15820011,15646,91.60,852.00,69.30,0.448,4.164,0.339,banana,fresh
15821022,15647,91.85,852.00,69.60,0.449,4.164,0.340,banana,fresh
15822033,15648,91.85,852.00,69.35,0.449,4.164,0.339,banana,fresh
15823044,15649,91.70,852.00,69.45,0.448,4.164,0.339,banana,fresh
15824056,15650,91.60,852.00,69.30,0.448,4.164,0.339,banana,fresh
15825067,15651,91.80,852.00,69.35,0.449,4.164,0.339,banana,fresh
15826078,15652,91.60,852.00,69.35,0.448,4.164,0.339,banana,fresh
15827089,15653,91.55,852.10,69.45,0.447,4.165,0.339,banana,fresh
15828100,15654,91.60,852.00,69.60,0.448,4.164,0.340,banana,fresh
15829111,15655,91.80,852.05,69.55,0.449,4.164,0.340,banana,fresh
15830122,15656,91.70,852.00,69.50,0.448,4.164,0.340,banana,fresh
15831134,15657,91.55,852.00,69.50,0.447,4.164,0.340,banana,fresh
15832144,15658,91.75,852.00,69.35,0.448,4.164,0.339,banana,fresh
15833156,15659,91.55,852.00,69.35,0.447,4.164,0.339,banana,fresh
15834167,15660,91.80,852.05,69.60,0.449,4.164,0.340,banana,fresh
15835177,15661,91.60,852.00,69.45,0.448,4.164,0.339,banana,fresh
15836189,15662,91.80,852.00,69.55,0.449,4.164,0.340,banana,fresh
15837200,15663,91.60,852.00,69.50,0.448,4.164,0.340,banana,fresh
15838212,15664,91.80,852.00,69.45,0.449,4.164,0.339,banana,fresh
15839222,15665,91.60,852.00,69.40,0.448,4.164,0.339,banana,fresh
15840234,15666,91.65,852.00,69.45,0.448,4.164,0.339,banana,fresh
15841245,15667,91.70,852.00,69.60,0.448,4.164,0.340,banana,fresh
15842255,15668,91.60,852.00,69.35,0.448,4.164,0.339,banana,fresh
15843267,15669,91.75,852.00,69.30,0.448,4.164,0.339,banana,fresh
15844278,15670,91.70,852.00,69.50,0.448,4.164,0.340,banana,fresh
15845289,15671,91.70,852.05,69.40,0.448,4.164,0.339,banana,fresh
15846300,15672,91.70,852.05,69.55,0.448,4.164,0.340,banana,fresh
15847311,15673,91.70,852.00,69.60,0.448,4.164,0.340,banana,fresh
15848323,15674,91.70,852.05,69.70,0.448,4.164,0.341,banana,fresh
15849333,15675,91.75,852.00,69.40,0.448,4.164,0.339,banana,fresh
15850345,15676,91.60,852.05,69.50,0.448,4.164,0.340,banana,fresh
15851356,15677,91.60,852.00,69.50,0.448,4.164,0.340,banana,fresh
15852367,15678,91.80,852.00,69.35,0.449,4.164,0.339,banana,fresh
15853378,15679,91.75,852.05,69.45,0.448,4.164,0.339,banana,fresh
15854390,15680,91.85,852.00,69.50,0.449,4.164,0.340,banana,fresh
15855400,15681,91.60,852.00,69.35,0.448,4.164,0.339,banana,fresh
15856411,15682,91.90,852.05,69.30,0.449,4.164,0.339,banana,fresh
15857423,15683,91.85,852.10,69.45,0.449,4.165,0.339,banana,fresh
15858434,15684,91.90,852.00,69.45,0.449,4.164,0.339,banana,fresh
15859445,15685,91.80,852.00,69.25,0.449,4.164,0.338,banana,fresh
15860456,15686,91.80,852.00,69.50,0.449,4.164,0.340,banana,fresh
15861468,15687,91.75,852.00,69.45,0.448,4.164,0.339,banana,fresh
15862478,15688,91.70,852.05,69.40,0.448,4.164,0.339,banana,fresh
15863489,15689,91.70,852.00,69.25,0.448,4.164,0.338,banana,fresh
15864501,15690,91.65,852.00,69.35,0.448,4.164,0.339,banana,fresh
15865511,15691,91.70,852.05,69.45,0.448,4.164,0.339,banana,fresh
15866523,15692,91.80,852.00,69.35,0.449,4.164,0.339,banana,fresh
15867534,15693,91.70,852.00,69.60,0.448,4.164,0.340,banana,fresh
15868545,15694,91.70,852.00,69.65,0.448,4.164,0.340,banana,fresh
15869556,15695,91.65,852.00,69.55,0.448,4.164,0.340,banana,fresh
15870567,15696,91.75,852.05,69.50,0.448,4.164,0.340,banana,fresh
15871579,15697,91.65,852.05,69.40,0.448,4.164,0.339,banana,fresh
15872589,15698,91.70,852.10,69.50,0.448,4.165,0.340,banana,fresh
15873601,15699,91.75,852.00,69.45,0.448,4.164,0.339,banana,fresh
15874612,15700,91.80,852.00,69.80,0.449,4.164,0.341,banana,fresh
15875622,15701,91.80,852.00,69.60,0.449,4.164,0.340,banana,fresh
15876634,15702,91.75,852.00,69.40,0.448,4.164,0.339,banana,fresh
15877645,15703,91.75,852.15,69.40,0.448,4.165,0.339,banana,fresh
15878657,15704,91.65,852.00,69.40,0.448,4.164,0.339,banana,fresh
15879667,15705,91.70,852.00,69.55,0.448,4.164,0.340,banana,fresh
15880679,15706,91.80,851.95,69.60,0.449,4.164,0.340,banana,fresh
15881690,15707,91.70,852.05,69.55,0.448,4.164,0.340,banana,fresh
15882700,15708,91.80,852.00,69.25,0.449,4.164,0.338,banana,fresh
15883712,15709,91.65,852.00,69.55,0.448,4.164,0.340,banana,fresh
15884723,15710,91.60,852.05,69.40,0.448,4.164,0.339,banana,fresh
15885734,15711,91.60,852.00,69.50,0.448,4.164,0.340,banana,fresh
15886745,15712,91.45,852.05,69.50,0.447,4.164,0.340,banana,fresh
15887757,15713,91.75,852.05,69.70,0.448,4.164,0.341,banana,fresh
15888768,15714,91.50,852.05,69.40,0.447,4.164,0.339,banana,fresh
15889778,15715,91.80,852.05,69.55,0.449,4.164,0.340,banana,fresh
15890790,15716,91.70,852.10,69.25,0.448,4.165,0.338,banana,fresh
15891801,15717,91.80,852.10,69.50,0.449,4.165,0.340,banana,fresh
15892812,15718,91.70,852.00,69.40,0.448,4.164,0.339,banana,fresh
15893823,15719,91.85,852.05,69.45,0.449,4.164,0.339,banana,fresh
15894835,15720,91.95,852.00,69.60,0.449,4.164,0.340,banana,fresh
15895845,15721,91.65,852.05,69.55,0.448,4.164,0.340,banana,fresh
15896856,15722,91.75,852.05,69.55,0.448,4.164,0.340,banana,fresh
15897868,15723,91.65,852.00,69.60,0.448,4.164,0.340,banana,fresh
15898878,15724,91.75,852.05,69.30,0.448,4.164,0.339,banana,fresh
15899890,15725,91.60,852.00,69.60,0.448,4.164,0.340,banana,fresh
15900901,15726,91.70,852.10,69.35,0.448,4.165,0.339,banana,fresh
15901913,15727,91.75,852.05,69.40,0.448,4.164,0.339,banana,fresh
15902923,15728,91.85,852.00,69.50,0.449,4.164,0.340,banana,fresh
15903934,15729,91.85,852.00,69.75,0.449,4.164,0.341,banana,fresh
15904946,15730,91.60,852.05,69.60,0.448,4.164,0.340,banana,fresh
15905956,15731,91.65,852.10,69.30,0.448,4.165,0.339,banana,fresh
15906968,15732,91.50,852.15,69.40,0.447,4.165,0.339,banana,fresh
15907979,15733,91.85,852.00,69.65,0.449,4.164,0.340,banana,fresh
15908990,15734,91.80,852.05,69.50,0.449,4.164,0.340,banana,fresh
15910001,15735,91.85,852.05,69.80,0.449,4.164,0.341,banana,fresh
15911013,15736,91.75,852.00,69.60,0.448,4.164,0.340,banana,fresh
15912024,15737,91.75,852.10,69.60,0.448,4.165,0.340,banana,fresh
15913034,15738,91.90,852.00,69.50,0.449,4.164,0.340,banana,fresh
15914046,15739,91.75,852.05,69.50,0.448,4.164,0.340,banana,fresh
15915057,15740,91.85,852.05,69.60,0.449,4.164,0.340,banana,fresh
15916068,15741,91.65,852.00,69.60,0.448,4.164,0.340,banana,fresh
15917079,15742,91.80,852.00,69.45,0.449,4.164,0.339,banana,fresh
15918091,15743,91.90,852.20,69.25,0.449,4.165,0.338,banana,fresh
15919101,15744,91.75,852.15,69.75,0.448,4.165,0.341,banana,fresh
15920112,15745,91.75,852.05,69.45,0.448,4.164,0.339,banana,fresh
15921124,15746,91.80,852.05,69.45,0.449,4.164,0.339,banana,fresh
15922135,15747,91.70,852.10,69.55,0.448,4.165,0.340,banana,fresh
15923146,15748,91.75,852.15,69.70,0.448,4.165,0.341,banana,fresh
15924157,15749,91.75,852.10,69.55,0.448,4.165,0.340,banana,fresh
15925169,15750,91.95,852.05,69.60,0.449,4.164,0.340,banana,fresh
15926179,15751,91.85,852.20,69.70,0.449,4.165,0.341,banana,fresh
15927190,15752,91.85,852.10,69.45,0.449,4.165,0.339,banana,fresh
15928202,15753,91.75,852.15,69.65,0.448,4.165,0.340,banana,fresh
15929212,15754,91.70,852.15,69.70,0.448,4.165,0.341,banana,fresh
15930224,15755,91.60,852.10,69.55,0.448,4.165,0.340,banana,fresh
15931235,15756,91.60,852.15,69.55,0.448,4.165,0.340,banana,fresh
15932247,15757,91.70,852.10,69.55,0.448,4.165,0.340,banana,fresh
15933257,15758,91.80,852.00,69.70,0.449,4.164,0.341,banana,fresh
15934269,15759,91.90,852.15,69.55,0.449,4.165,0.340,banana,fresh
15935280,15760,91.80,852.10,69.65,0.449,4.165,0.340,banana,fresh
15936290,15761,91.85,852.20,69.40,0.449,4.165,0.339,banana,fresh
15937302,15762,91.65,852.05,69.60,0.448,4.164,0.340,banana,fresh
15938313,15763,91.75,852.05,69.65,0.448,4.164,0.340,banana,fresh
15939324,15764,91.85,852.00,69.65,0.449,4.164,0.340,banana,fresh
15940335,15765,91.70,852.15,69.55,0.448,4.165,0.340,banana,fresh
15941347,15766,91.85,852.05,69.65,0.449,4.164,0.340,banana,fresh
15942358,15767,91.60,852.05,69.55,0.448,4.164,0.340,banana,fresh
15943368,15768,91.80,852.10,69.55,0.449,4.165,0.340,banana,fresh
15944380,15769,92.00,852.00,69.75,0.450,4.164,0.341,banana,fresh
15945391,15770,91.75,852.10,69.65,0.448,4.165,0.340,banana,fresh
15946402,15771,91.75,852.10,69.70,0.448,4.165,0.341,banana,fresh
15947413,15772,91.70,852.00,69.75,0.448,4.164,0.341,banana,fresh
15948425,15773,91.75,852.05,69.40,0.448,4.164,0.339,banana,fresh
15949435,15774,91.65,852.30,69.60,0.448,4.166,0.340,banana,fresh
15950446,15775,91.80,852.30,69.55,0.449,4.166,0.340,banana,fresh
15951458,15776,91.85,852.20,69.50,0.449,4.165,0.340,banana,fresh
15952468,15777,91.80,852.10,69.55,0.449,4.165,0.340,banana,fresh
15953480,15778,91.80,852.05,69.65,0.449,4.164,0.340,banana,fresh
15954491,15779,91.75,852.00,69.65,0.448,4.164,0.340,banana,fresh
15955503,15780,91.75,852.00,69.60,0.448,4.164,0.340,banana,fresh
15956513,15781,91.85,852.10,69.50,0.449,4.165,0.340,banana,fresh
15957524,15782,91.75,852.15,69.55,0.448,4.165,0.340,banana,fresh
15958536,15783,91.75,852.20,69.65,0.448,4.165,0.340,banana,fresh
15959546,15784,91.70,852.05,69.70,0.448,4.164,0.341,banana,fresh
15960558,15785,91.80,852.10,69.65,0.449,4.165,0.340,banana,fresh
15961569,15786,91.95,852.15,69.65,0.449,4.165,0.340,banana,fresh
15962580,15787,91.95,852.15,69.50,0.449,4.165,0.340,banana,fresh
15963591,15788,91.60,852.10,69.70,0.448,4.165,0.341,banana,fresh
15964603,15789,91.65,852.05,69.65,0.448,4.164,0.340,banana,fresh
15965614,15790,91.75,852.15,69.60,0.448,4.165,0.340,banana,fresh
15966624,15791,91.85,852.25,69.45,0.449,4.165,0.339,banana,fresh
15967636,15792,91.80,852.15,69.60,0.449,4.165,0.340,banana,fresh
15968647,15793,91.90,852.10,69.70,0.449,4.165,0.341,banana,fresh
15969658,15794,91.85,852.10,69.65,0.449,4.165,0.340,banana,fresh
15970669,15795,91.75,852.20,69.65,0.448,4.165,0.340,banana,fresh
15971681,15796,91.75,852.10,69.60,0.448,4.165,0.340,banana,fresh
15972691,15797,91.80,852.20,69.55,0.449,4.165,0.340,banana,fresh
15973702,15798,91.55,852.05,69.80,0.447,4.164,0.341,banana,fresh
15974714,15799,91.80,852.10,69.75,0.449,4.165,0.341,banana,fresh
15975725,15800,91.75,852.15,69.60,0.448,4.165,0.340,banana,fresh
15976736,15801,91.85,852.10,69.75,0.449,4.165,0.341,banana,fresh
15977747,15802,91.85,852.15,69.65,0.449,4.165,0.340,banana,fresh
15978759,15803,91.75,852.05,69.65,0.448,4.164,0.340,banana,fresh
15979769,15804,91.80,852.00,69.70,0.449,4.164,0.341,banana,fresh
15980780,15805,91.75,852.10,69.50,0.448,4.165,0.340,banana,fresh
15981792,15806,91.65,852.05,69.65,0.448,4.164,0.340,banana,fresh
15982802,15807,91.70,852.05,69.45,0.448,4.164,0.339,banana,fresh
15983814,15808,91.95,852.15,69.45,0.449,4.165,0.339,banana,fresh
15984825,15809,91.75,852.05,69.65,0.448,4.164,0.340,banana,fresh
15985837,15810,91.90,852.05,69.65,0.449,4.164,0.340,banana,fresh
15986847,15811,91.75,852.20,69.70,0.448,4.165,0.341,banana,fresh
15987859,15812,91.75,852.25,69.65,0.448,4.165,0.340,banana,fresh
15988870,15813,91.70,852.15,69.40,0.448,4.165,0.339,banana,fresh
15989880,15814,91.95,852.10,69.70,0.449,4.165,0.341,banana,fresh
15990892,15815,91.75,852.15,69.60,0.448,4.165,0.340,banana,fresh
15991903,15816,91.80,852.15,69.55,0.449,4.165,0.340,banana,fresh
15992914,15817,91.80,852.15,69.70,0.449,4.165,0.341,banana,fresh
15993925,15818,91.85,852.15,69.50,0.449,4.165,0.340,banana,fresh
15994937,15819,91.75,852.05,69.50,0.448,4.164,0.340,banana,fresh
15995948,15820,91.70,852.15,69.50,0.448,4.165,0.340,banana,fresh
15996958,15821,91.80,852.05,69.55,0.449,4.164,0.340,banana,fresh
15997970,15822,91.85,852.15,69.55,0.449,4.165,0.340,banana,fresh
15998981,15823,91.85,852.20,69.65,0.449,4.165,0.340,banana,fresh
15999992,15824,91.80,852.05,69.55,0.449,4.164,0.340,banana,fresh
16001003,15825,91.80,852.10,69.75,0.449,4.165,0.341,banana,fresh
16002015,15826,91.80,852.25,69.60,0.449,4.165,0.340,banana,fresh
16003025,15827,91.85,852.05,69.65,0.449,4.164,0.340,banana,fresh
16004037,15828,91.90,852.25,69.90,0.449,4.165,0.342,banana,fresh
16005048,15829,91.85,852.10,69.55,0.449,4.165,0.340,banana,fresh
16006059,15830,91.60,852.20,69.60,0.448,4.165,0.340,banana,fresh
16007070,15831,91.90,852.05,69.85,0.449,4.164,0.341,banana,fresh
16008081,15832,91.85,852.15,69.60,0.449,4.165,0.340,banana,fresh
16009093,15833,91.90,852.15,69.55,0.449,4.165,0.340,banana,fresh
16010103,15834,91.80,852.05,69.50,0.449,4.164,0.340,banana,fresh
16011115,15835,91.95,852.10,69.50,0.449,4.165,0.340,banana,fresh
16012126,15836,91.80,852.10,69.35,0.449,4.165,0.339,banana,fresh
16013136,15837,91.70,852.05,69.40,0.448,4.164,0.339,banana,fresh
16014148,15838,91.60,852.10,69.60,0.448,4.165,0.340,banana,fresh
16015159,15839,91.80,852.05,69.75,0.449,4.164,0.341,banana,fresh
16016171,15840,91.85,852.30,69.70,0.449,4.166,0.341,banana,fresh
16017181,15841,91.80,852.15,69.60,0.449,4.165,0.340,banana,fresh
16018193,15842,91.85,852.30,69.40,0.449,4.166,0.339,banana,fresh
16019204,15843,91.75,852.15,69.55,0.448,4.165,0.340,banana,fresh
16020214,15844,91.80,852.25,69.55,0.449,4.165,0.340,banana,fresh
16021226,15845,91.90,852.25,69.65,0.449,4.165,0.340,banana,fresh
16022237,15846,91.75,852.15,69.55,0.448,4.165,0.340,banana,fresh
16023248,15847,91.85,852.20,69.70,0.449,4.165,0.341,banana,fresh
16024259,15848,91.80,852.15,69.60,0.449,4.165,0.340,banana,fresh
16025271,15849,91.85,852.10,69.65,0.449,4.165,0.340,banana,fresh
16026281,15850,91.90,852.20,69.65,0.449,4.165,0.340,banana,fresh
16027292,15851,92.00,852.05,69.65,0.450,4.164,0.340,banana,fresh
16028304,15852,91.85,852.15,69.80,0.449,4.165,0.341,banana,fresh
16029315,15853,91.75,852.10,69.85,0.448,4.165,0.341,banana,fresh
16030326,15854,91.80,852.10,69.55,0.449,4.165,0.340,banana,fresh
16031337,15855,91.80,852.20,69.60,0.449,4.165,0.340,banana,fresh
16032349,15856,91.75,852.25,69.45,0.448,4.165,0.339,banana,fresh
16033359,15857,91.95,852.10,69.45,0.449,4.165,0.339,banana,fresh
16034371,15858,91.80,852.40,69.55,0.449,4.166,0.340,banana,fresh
16035382,15859,91.95,852.20,69.60,0.449,4.165,0.340,banana,fresh
16036392,15860,91.75,852.15,69.60,0.448,4.165,0.340,banana,fresh
16037404,15861,91.85,852.30,69.55,0.449,4.166,0.340,banana,fresh
16038415,15862,91.80,852.15,69.60,0.449,4.165,0.340,banana,fresh
16039427,15863,91.75,852.05,69.55,0.448,4.164,0.340,banana,fresh
16040437,15864,91.95,852.15,69.65,0.449,4.165,0.340,banana,fresh
16041449,15865,91.60,852.25,69.60,0.448,4.165,0.340,banana,fresh
16042460,15866,91.75,852.25,69.65,0.448,4.165,0.340,banana,fresh
16043470,15867,91.75,852.10,69.45,0.448,4.165,0.339,banana,fresh
16044482,15868,91.80,852.05,69.60,0.449,4.164,0.340,banana,fresh
16045493,15869,91.60,852.20,69.70,0.448,4.165,0.341,banana,fresh
16046504,15870,91.90,852.15,69.65,0.449,4.165,0.340,banana,fresh
16047515,15871,91.75,852.20,69.55,0.448,4.165,0.340,banana,fresh
16048527,15872,91.85,852.10,69.55,0.449,4.165,0.340,banana,fresh
16049538,15873,91.80,852.10,69.70,0.449,4.165,0.341,banana,fresh
16050549,15874,91.80,852.25,69.50,0.449,4.165,0.340,banana,fresh
16051560,15875,91.70,852.00,69.65,0.448,4.164,0.340,banana,fresh
16052571,15876,91.95,852.10,69.70,0.449,4.165,0.341,banana,fresh
16053582,15877,91.90,852.15,69.65,0.449,4.165,0.340,banana,fresh
16054593,15878,91.75,852.15,69.60,0.448,4.165,0.340,banana,fresh
16055605,15879,91.60,852.15,69.60,0.448,4.165,0.340,banana,fresh
16056615,15880,91.70,852.15,69.60,0.448,4.165,0.340,banana,fresh
16057627,15881,91.75,852.30,69.55,0.448,4.166,0.340,banana,fresh
16058638,15882,91.95,852.20,69.60,0.449,4.165,0.340,banana,fresh
16059649,15883,91.60,852.10,69.50,0.448,4.165,0.340,banana,fresh
16060660,15884,91.70,852.15,69.60,0.448,4.165,0.340,banana,fresh
16061671,15885,91.65,852.20,69.60,0.448,4.165,0.340,banana,fresh
16062683,15886,91.75,852.20,69.65,0.448,4.165,0.340,banana,fresh
16063693,15887,91.70,852.25,69.35,0.448,4.165,0.339,banana,fresh
16064705,15888,91.85,852.10,69.60,0.449,4.165,0.340,banana,fresh
16065716,15889,91.85,852.30,69.65,0.449,4.166,0.340,banana,fresh
16066726,15890,91.75,852.20,69.55,0.448,4.165,0.340,banana,fresh
16067738,15891,91.75,852.10,69.65,0.448,4.165,0.340,banana,fresh
16068749,15892,92.00,852.05,69.70,0.450,4.164,0.341,banana,fresh
16069761,15893,91.85,852.15,69.85,0.449,4.165,0.341,banana,fresh
16070771,15894,91.75,852.20,69.65,0.448,4.165,0.340,banana,fresh
16071783,15895,91.85,852.20,69.75,0.449,4.165,0.341,banana,fresh
16072794,15896,91.80,852.15,69.75,0.449,4.165,0.341,banana,fresh
16073805,15897,91.60,852.20,69.70,0.448,4.165,0.341,banana,fresh
16074816,15898,91.80,852.25,69.65,0.449,4.165,0.340,banana,fresh
16075827,15899,91.75,852.10,69.45,0.448,4.165,0.339,banana,fresh
16076838,15900,91.85,852.05,69.60,0.449,4.164,0.340,banana,fresh
16077849,15901,91.80,852.05,69.75,0.449,4.164,0.341,banana,fresh
16078861,15902,91.75,852.10,69.60,0.448,4.165,0.340,banana,fresh
16079872,15903,91.95,852.20,69.70,0.449,4.165,0.341,banana,fresh
16080883,15904,91.85,852.15,69.65,0.449,4.165,0.340,banana,fresh
16081894,15905,91.70,852.05,69.55,0.448,4.164,0.340,banana,fresh
16082905,15906,91.85,852.15,69.55,0.449,4.165,0.340,banana,fresh
16083916,15907,91.75,852.15,69.65,0.448,4.165,0.340,banana,fresh
16084927,15908,91.85,852.15,69.60,0.449,4.165,0.340,banana,fresh
16085939,15909,91.85,852.15,69.65,0.449,4.165,0.340,banana,fresh
16086949,15910,91.80,852.15,69.50,0.449,4.165,0.340,banana,fresh
16087961,15911,91.80,852.20,69.60,0.449,4.165,0.340,banana,fresh
16088972,15912,91.90,852.15,69.45,0.449,4.165,0.339,banana,fresh
16089982,15913,91.80,852.15,69.65,0.449,4.165,0.340,banana,fresh
16090994,15914,91.75,852.10,69.75,0.448,4.165,0.341,banana,fresh
16092005,15915,91.85,852.20,69.65,0.449,4.165,0.340,banana,fresh
16093017,15916,91.75,852.25,69.70,0.448,4.165,0.341,banana,fresh
16094027,15917,91.70,852.30,69.70,0.448,4.166,0.341,banana,fresh
16095039,15918,91.75,852.25,69.55,0.448,4.165,0.340,banana,fresh
16096050,15919,91.70,852.10,69.70,0.448,4.165,0.341,banana,fresh
16097060,15920,91.80,852.15,69.45,0.449,4.165,0.339,banana,fresh
16098072,15921,91.80,852.15,69.50,0.449,4.165,0.340,banana,fresh
16099083,15922,91.85,852.15,69.45,0.449,4.165,0.339,banana,fresh
16100094,15923,91.90,852.20,69.50,0.449,4.165,0.340,banana,fresh
16101105,15924,91.65,852.05,69.65,0.448,4.164,0.340,banana,fresh
16102117,15925,91.90,852.05,69.55,0.449,4.164,0.340,banana,fresh
16103128,15926,91.80,852.10,69.45,0.449,4.165,0.339,banana,fresh
16104139,15927,91.90,852.10,69.50,0.449,4.165,0.340,banana,fresh
16105150,15928,91.80,852.25,69.75,0.449,4.165,0.341,banana,fresh
16106161,15929,91.95,852.20,69.60,0.449,4.165,0.340,banana,fresh
16107172,15930,91.85,852.30,69.65,0.449,4.166,0.340,banana,fresh
16108183,15931,91.80,852.30,69.65,0.449,4.166,0.340,banana,fresh
16109195,15932,91.75,852.30,69.65,0.448,4.166,0.340,banana,fresh
16110205,15933,91.85,852.10,69.75,0.449,4.165,0.341,banana,fresh
16111217,15934,91.75,852.20,69.65,0.448,4.165,0.340,banana,fresh
16112228,15935,91.80,852.20,69.60,0.449,4.165,0.340,banana,fresh
16113239,15936,91.80,852.20,69.65,0.449,4.165,0.340,banana,fresh
16114250,15937,91.75,852.25,69.65,0.448,4.165,0.340,banana,fresh
16115261,15938,91.80,852.20,69.65,0.449,4.165,0.340,banana,fresh
16116273,15939,91.75,852.10,69.60,0.448,4.165,0.340,banana,fresh
16117283,15940,91.65,852.20,69.80,0.448,4.165,0.341,banana,fresh
16118295,15941,91.90,852.05,69.50,0.449,4.164,0.340,banana,fresh
16119306,15942,91.80,852.20,69.65,0.449,4.165,0.340,banana,fresh
16120316,15943,91.95,852.10,69.60,0.449,4.165,0.340,banana,fresh
16121328,15944,91.70,852.40,69.55,0.448,4.166,0.340,banana,fresh
16122339,15945,91.95,852.20,69.60,0.449,4.165,0.340,banana,fresh
16123351,15946,91.75,852.15,69.50,0.448,4.165,0.340,banana,fresh
16124361,15947,91.85,852.25,69.65,0.449,4.165,0.340,banana,fresh
16125373,15948,91.95,852.15,69.65,0.449,4.165,0.340,banana,fresh
16126384,15949,91.90,852.20,69.75,0.449,4.165,0.341,banana,fresh
16127395,15950,91.85,852.10,69.80,0.449,4.165,0.341,banana,fresh
16128406,15951,91.80,852.20,69.65,0.449,4.165,0.340,banana,fresh
16129417,15952,91.75,852.05,69.75,0.448,4.164,0.341,banana,fresh
16130428,15953,91.75,852.15,69.70,0.448,4.165,0.341,banana,fresh
16131439,15954,91.85,852.20,69.70,0.449,4.165,0.341,banana,fresh
16132451,15955,91.80,852.25,69.60,0.449,4.165,0.340,banana,fresh
16133462,15956,91.80,852.15,69.55,0.449,4.165,0.340,banana,fresh
16134473,15957,91.65,852.20,69.70,0.448,4.165,0.341,banana,fresh
16135484,15958,91.90,852.30,69.65,0.449,4.166,0.340,banana,fresh
16136495,15959,91.85,852.20,69.55,0.449,4.165,0.340,banana,fresh
16137506,15960,91.80,852.10,69.85,0.449,4.165,0.341,banana,fresh
16138517,15961,91.80,852.10,69.65,0.449,4.165,0.340,banana,fresh
16139529,15962,91.70,852.20,69.60,0.448,4.165,0.340,banana,fresh
16140539,15963,91.70,852.20,69.65,0.448,4.165,0.340,banana,fresh
16141551,15964,91.90,852.15,69.70,0.449,4.165,0.341,banana,fresh
16142562,15965,91.90,852.25,69.65,0.449,4.165,0.340,banana,fresh
16143572,15966,91.80,852.30,69.75,0.449,4.166,0.341,banana,fresh
16144584,15967,91.65,852.25,69.90,0.448,4.165,0.342,banana,fresh
16145595,15968,91.85,852.25,69.75,0.449,4.165,0.341,banana,fresh
16146607,15969,91.60,852.15,69.80,0.448,4.165,0.341,banana,fresh
16147617,15970,91.80,852.20,69.45,0.449,4.165,0.339,banana,fresh
16148629,15971,91.80,852.30,69.55,0.449,4.166,0.340,banana,fresh
16149640,15972,91.90,852.10,69.70,0.449,4.165,0.341,banana,fresh
16150651,15973,91.95,852.25,69.75,0.449,4.165,0.341,banana,fresh
16151662,15974,91.75,852.15,69.50,0.448,4.165,0.340,banana,fresh
16152673,15975,91.80,852.20,69.65,0.449,4.165,0.340,banana,fresh
16153684,15976,91.75,852.20,69.70,0.448,4.165,0.341,banana,fresh
16154695,15977,91.80,852.10,69.45,0.449,4.165,0.339,banana,fresh
16155707,15978,91.75,852.20,69.65,0.448,4.165,0.340,banana,fresh
16156718,15979,91.85,852.15,69.45,0.449,4.165,0.339,banana,fresh
16157729,15980,91.65,852.25,69.55,0.448,4.165,0.340,banana,fresh
16158740,15981,91.75,852.10,69.95,0.448,4.165,0.342,banana,fresh
16159752,15982,91.80,852.15,69.75,0.449,4.165,0.341,banana,fresh
16160762,15983,91.95,852.20,69.65,0.449,4.165,0.340,banana,fresh
16161773,15984,91.60,852.15,69.65,0.448,4.165,0.340,banana,fresh
16162785,15985,91.70,852.15,69.65,0.448,4.165,0.340,banana,fresh
16163795,15986,91.65,852.20,69.70,0.448,4.165,0.341,banana,fresh
16164807,15987,91.65,852.25,69.60,0.448,4.165,0.340,banana,fresh
16165818,15988,91.80,852.05,69.40,0.449,4.164,0.339,banana,fresh
16166830,15989,91.85,852.10,69.70,0.449,4.165,0.341,banana,fresh
16167840,15990,91.75,852.05,69.70,0.448,4.164,0.341,banana,fresh
16168851,15991,91.55,852.25,69.80,0.447,4.165,0.341,banana,fresh
16169863,15992,91.70,852.25,69.70,0.448,4.165,0.341,banana,fresh
16170873,15993,91.85,852.30,69.55,0.449,4.166,0.340,banana,fresh
16171885,15994,91.70,852.10,69.55,0.448,4.165,0.340,banana,fresh
16172896,15995,91.90,852.25,69.55,0.449,4.165,0.340,banana,fresh
16173907,15996,91.90,852.15,69.80,0.449,4.165,0.341,banana,fresh
16174918,15997,91.90,852.30,69.50,0.449,4.166,0.340,banana,fresh
16175929,15998,91.70,852.10,69.50,0.448,4.165,0.340,banana,fresh
16176941,15999,91.75,852.20,69.60,0.448,4.165,0.340,banana,fresh
16177951,16000,91.75,852.15,69.75,0.448,4.165,0.341,banana,fresh
16178963,16001,91.60,852.25,69.70,0.448,4.165,0.341,banana,fresh
16179974,16002,91.70,852.15,69.65,0.448,4.165,0.340,banana,fresh
16180985,16003,91.85,852.10,69.65,0.449,4.165,0.340,banana,fresh
16181996,16004,91.50,852.25,69.65,0.447,4.165,0.340,banana,fresh
16183007,16005,91.75,852.15,69.75,0.448,4.165,0.341,banana,fresh
16184018,16006,91.85,852.15,69.70,0.449,4.165,0.341,banana,fresh
16185029,16007,91.75,852.25,69.75,0.448,4.165,0.341,banana,fresh
16186041,16008,91.75,852.10,69.70,0.448,4.165,0.341,banana,fresh
16187052,16009,91.85,852.20,69.75,0.449,4.165,0.341,banana,fresh
16188063,16010,91.70,852.10,69.50,0.448,4.165,0.340,banana,fresh
16189074,16011,91.75,852.20,69.60,0.448,4.165,0.340,banana,fresh
16190086,16012,91.75,852.35,69.50,0.448,4.166,0.340,banana,fresh
16191096,16013,91.75,852.25,69.45,0.448,4.165,0.339,banana,fresh
16192107,16014,91.70,852.15,69.65,0.448,4.165,0.340,banana,fresh
16193119,16015,91.65,852.10,69.50,0.448,4.165,0.340,banana,fresh
16194129,16016,91.75,852.10,69.65,0.448,4.165,0.340,banana,fresh
16195141,16017,91.85,852.20,69.80,0.449,4.165,0.341,banana,fresh
16196152,16018,91.70,852.20,69.70,0.448,4.165,0.341,banana,fresh
16197164,16019,91.80,852.20,69.70,0.449,4.165,0.341,banana,fresh
16198174,16020,91.85,852.15,69.45,0.449,4.165,0.339,banana,fresh
16199185,16021,91.90,852.10,69.60,0.449,4.165,0.340,banana,fresh
16200197,16022,91.90,852.10,69.65,0.449,4.165,0.340,banana,fresh
16201207,16023,91.70,852.05,69.65,0.448,4.164,0.340,banana,fresh
16202219,16024,91.95,852.15,69.70,0.449,4.165,0.341,banana,fresh
16203230,16025,91.70,852.30,69.60,0.448,4.166,0.340,banana,fresh
16204241,16026,91.90,852.15,69.65,0.449,4.165,0.340,banana,fresh
16205252,16027,91.80,852.05,69.60,0.449,4.164,0.340,banana,fresh
16206263,16028,91.80,852.35,69.80,0.449,4.166,0.341,banana,fresh
16207275,16029,91.75,852.20,69.65,0.448,4.165,0.340,banana,fresh
16208285,16030,91.75,852.20,69.70,0.448,4.165,0.341,banana,fresh
16209297,16031,91.85,852.25,69.65,0.449,4.165,0.340,banana,fresh
16210308,16032,91.85,852.10,69.70,0.449,4.165,0.341,banana,fresh
16211319,16033,91.75,852.25,69.55,0.448,4.165,0.340,banana,fresh
16212330,16034,92.00,852.10,69.60,0.450,4.165,0.340,banana,fresh
16213341,16035,91.70,852.10,69.60,0.448,4.165,0.340,banana,fresh
16214352,16036,91.95,852.20,69.60,0.449,4.165,0.340,banana,fresh
16215363,16037,91.90,852.20,69.70,0.449,4.165,0.341,banana,fresh
16216375,16038,91.85,852.35,69.50,0.449,4.166,0.340,banana,fresh
16217385,16039,91.85,852.10,69.70,0.449,4.165,0.341,banana,fresh
16218397,16040,91.80,852.30,69.70,0.449,4.166,0.341,banana,fresh
16219408,16041,91.70,852.15,69.60,0.448,4.165,0.340,banana,fresh
16220419,16042,91.80,852.15,69.70,0.449,4.165,0.341,banana,fresh
16221430,16043,91.95,852.20,69.60,0.449,4.165,0.340,banana,fresh
16222441,16044,91.80,852.30,69.70,0.449,4.166,0.341,banana,fresh
16223453,16045,91.75,852.05,69.60,0.448,4.164,0.340,banana,fresh
16224463,16046,91.85,852.25,69.55,0.449,4.165,0.340,banana,fresh
16225475,16047,91.90,852.10,69.85,0.449,4.165,0.341,banana,fresh
16226486,16048,92.00,852.25,69.60,0.450,4.165,0.340,banana,fresh
16227497,16049,91.90,852.35,69.65,0.449,4.166,0.340,banana,fresh
16228508,16050,91.85,852.40,69.75,0.449,4.166,0.341,banana,fresh
16229519,16051,91.90,852.15,69.50,0.449,4.165,0.340,banana,fresh
16230531,16052,91.80,852.25,69.70,0.449,4.165,0.341,banana,fresh
16231541,16053,92.00,852.20,69.65,0.450,4.165,0.340,banana,fresh
16232553,16054,91.90,852.15,69.65,0.449,4.165,0.340,banana,fresh
16233564,16055,91.95,852.20,69.65,0.449,4.165,0.340,banana,fresh
16234575,16056,92.00,852.15,69.55,0.450,4.165,0.340,banana,fresh
16235586,16057,91.95,852.10,69.75,0.449,4.165,0.341,banana,fresh
16236597,16058,91.75,852.10,69.45,0.448,4.165,0.339,banana,fresh
16237608,16059,91.85,852.25,69.75,0.449,4.165,0.341,banana,fresh
16238619,16060,91.90,852.25,69.60,0.449,4.165,0.340,banana,fresh
16239631,16061,91.95,852.15,69.75,0.449,4.165,0.341,banana,fresh
16240642,16062,91.80,852.20,69.75,0.449,4.165,0.341,banana,fresh
16241653,16063,91.85,852.05,69.80,0.449,4.164,0.341,banana,fresh
16242664,16064,91.85,852.25,69.60,0.449,4.165,0.340,banana,fresh
16243675,16065,91.90,852.30,69.70,0.449,4.166,0.341,banana,fresh
16244686,16066,91.80,852.15,69.70,0.449,4.165,0.341,banana,fresh
16245697,16067,91.70,852.25,69.50,0.448,4.165,0.340,banana,fresh
16246709,16068,91.90,852.15,69.55,0.449,4.165,0.340,banana,fresh
16247719,16069,91.75,852.15,69.75,0.448,4.165,0.341,banana,fresh
16248731,16070,91.80,852.30,69.75,0.449,4.166,0.341,banana,fresh
16249742,16071,91.80,852.20,69.80,0.449,4.165,0.341,banana,fresh
16250753,16072,91.80,852.10,69.55,0.449,4.165,0.340,banana,fresh
16251764,16073,91.90,852.15,69.85,0.449,4.165,0.341,banana,fresh
16252775,16074,91.90,852.15,69.75,0.449,4.165,0.341,banana,fresh
16253787,16075,91.95,852.15,69.75,0.449,4.165,0.341,banana,fresh
16254797,16076,91.80,852.25,69.55,0.449,4.165,0.340,banana,fresh
16255809,16077,91.85,852.30,69.60,0.449,4.166,0.340,banana,fresh
16256820,16078,91.75,852.15,69.50,0.448,4.165,0.340,banana,fresh
16257831,16079,91.85,852.40,69.80,0.449,4.166,0.341,banana,fresh
16258842,16080,91.95,852.25,69.65,0.449,4.165,0.340,banana,fresh
16259853,16081,92.00,852.25,69.85,0.450,4.165,0.341,banana,fresh
16260865,16082,91.75,852.25,69.70,0.448,4.165,0.341,banana,fresh
16261875,16083,91.70,852.40,69.65,0.448,4.166,0.340,banana,fresh
16262887,16084,91.85,852.35,69.55,0.449,4.166,0.340,banana,fresh
16263898,16085,91.85,852.30,69.60,0.449,4.166,0.340,banana,fresh
16264909,16086,92.00,852.30,69.85,0.450,4.166,0.341,banana,fresh
16265920,16087,91.80,852.35,69.65,0.449,4.166,0.340,banana,fresh
16266931,16088,91.80,852.15,69.80,0.449,4.165,0.341,banana,fresh
16267942,16089,91.80,852.35,69.75,0.449,4.166,0.341,banana,fresh
16268953,16090,91.90,852.10,69.75,0.449,4.165,0.341,banana,fresh
16269965,16091,91.80,852.20,69.65,0.449,4.165,0.340,banana,fresh
16270976,16092,91.90,852.10,69.75,0.449,4.165,0.341,banana,fresh
16271987,16093,91.60,852.20,69.65,0.448,4.165,0.340,banana,fresh
16272998,16094,91.90,852.10,69.85,0.449,4.165,0.341,banana,fresh
16274009,16095,91.75,852.15,69.80,0.448,4.165,0.341,banana,fresh
16275020,16096,91.75,852.30,69.70,0.448,4.166,0.341,banana,fresh
16276031,16097,91.90,852.25,69.55,0.449,4.165,0.340,banana,fresh
16277043,16098,91.95,852.30,69.75,0.449,4.166,0.341,banana,fresh
16278053,16099,91.85,852.25,69.70,0.449,4.165,0.341,banana,fresh
16279065,16100,91.85,852.20,69.70,0.449,4.165,0.341,banana,fresh
16280076,16101,91.70,852.10,69.65,0.448,4.165,0.340,banana,fresh
16281088,16102,91.80,852.15,69.75,0.449,4.165,0.341,banana,fresh
16282098,16103,91.90,852.20,69.60,0.449,4.165,0.340,banana,fresh
16283109,16104,91.80,852.15,69.75,0.449,4.165,0.341,banana,fresh
16284121,16105,91.90,852.25,69.80,0.449,4.165,0.341,banana,fresh
16285131,16106,91.75,852.20,69.60,0.448,4.165,0.340,banana,fresh
16286143,16107,91.90,852.25,69.70,0.449,4.165,0.341,banana,fresh
16287154,16108,91.90,852.40,69.75,0.449,4.166,0.341,banana,fresh
16288165,16109,91.75,852.35,69.75,0.448,4.166,0.341,banana,fresh
16289176,16110,91.85,852.05,69.45,0.449,4.164,0.339,banana,fresh
16290187,16111,91.90,852.15,69.55,0.449,4.165,0.340,banana,fresh
16291198,16112,92.00,852.25,69.40,0.450,4.165,0.339,banana,fresh
16292209,16113,91.95,852.10,69.70,0.449,4.165,0.341,banana,fresh
16293221,16114,91.85,852.50,69.70,0.449,4.167,0.341,banana,fresh
16294232,16115,91.95,852.35,69.75,0.449,4.166,0.341,banana,fresh
16295243,16116,91.85,852.35,69.70,0.449,4.166,0.341,banana,fresh
16296254,16117,91.90,852.15,69.80,0.449,4.165,0.341,banana,fresh
16297265,16118,91.85,852.20,69.75,0.449,4.165,0.341,banana,fresh
16298276,16119,91.85,852.30,69.70,0.449,4.166,0.341,banana,fresh
16299287,16120,91.85,852.25,69.50,0.449,4.165,0.340,banana,fresh
16300299,16121,91.75,852.25,69.65,0.448,4.165,0.340,banana,fresh
16301309,16122,91.95,852.25,69.55,0.449,4.165,0.340,banana,fresh
16302321,16123,91.85,852.30,69.70,0.449,4.166,0.341,banana,fresh
16303332,16124,91.70,852.30,69.60,0.448,4.166,0.340,banana,fresh
16304344,16125,91.75,852.25,69.65,0.448,4.165,0.340,banana,fresh
16305354,16126,91.80,852.20,69.70,0.449,4.165,0.341,banana,fresh
16306365,16127,91.80,852.10,69.80,0.449,4.165,0.341,banana,fresh
16307377,16128,91.90,852.40,69.65,0.449,4.166,0.340,banana,fresh
16308387,16129,91.95,852.10,69.85,0.449,4.165,0.341,banana,fresh
16309399,16130,91.75,852.10,69.70,0.448,4.165,0.341,banana,fresh
16310410,16131,91.75,852.25,69.80,0.448,4.165,0.341,banana,fresh
16311421,16132,91.80,852.10,69.65,0.449,4.165,0.340,banana,fresh
16312432,16133,91.85,852.25,69.75,0.449,4.165,0.341,banana,fresh
16313443,16134,91.80,852.25,69.80,0.449,4.165,0.341,banana,fresh
16314455,16135,91.95,852.10,69.75,0.449,4.165,0.341,banana,fresh
16315465,16136,91.85,852.30,69.75,0.449,4.166,0.341,banana,fresh
16316477,16137,91.85,852.15,69.90,0.449,4.165,0.342,banana,fresh
16317488,16138,91.85,852.15,69.55,0.449,4.165,0.340,banana,fresh
16318499,16139,91.85,852.15,69.65,0.449,4.165,0.340,banana,fresh
16319510,16140,91.70,852.30,69.75,0.448,4.166,0.341,banana,fresh
16320522,16141,92.00,852.20,69.70,0.450,4.165,0.341,banana,fresh
16321532,16142,91.75,852.20,69.80,0.448,4.165,0.341,banana,fresh
16322543,16143,91.85,852.25,69.70,0.449,4.165,0.341,banana,fresh
16323555,16144,91.80,852.20,69.65,0.449,4.165,0.340,banana,fresh
16324566,16145,91.80,852.35,69.50,0.449,4.166,0.340,banana,fresh
16325577,16146,91.95,852.25,69.70,0.449,4.165,0.341,banana,fresh
16326588,16147,91.65,852.25,69.40,0.448,4.165,0.339,banana,fresh
16327600,16148,91.75,852.25,69.65,0.448,4.165,0.340,banana,fresh
16328610,16149,91.75,852.25,69.80,0.448,4.165,0.341,banana,fresh
16329621,16150,91.75,852.25,69.65,0.448,4.165,0.340,banana,fresh
16330633,16151,91.85,852.35,69.65,0.449,4.166,0.340,banana,fresh
16331643,16152,91.80,852.25,69.40,0.449,4.165,0.339,banana,fresh
16332655,16153,91.75,852.25,69.75,0.448,4.165,0.341,banana,fresh
16333666,16154,91.95,852.35,69.85,0.449,4.166,0.341,banana,fresh
16334678,16155,91.80,852.20,69.85,0.449,4.165,0.341,banana,fresh
16335688,16156,91.80,852.25,69.85,0.449,4.165,0.341,banana,fresh
16336700,16157,91.95,852.20,69.75,0.449,4.165,0.341,banana,fresh
16337711,16158,91.90,852.35,69.80,0.449,4.166,0.341,banana,fresh
16338721,16159,91.80,852.15,69.55,0.449,4.165,0.340,banana,fresh
16339733,16160,91.90,852.30,69.80,0.449,4.166,0.341,banana,fresh
16340744,16161,91.90,852.25,69.65,0.449,4.165,0.340,banana,fresh
16341755,16162,91.90,852.30,69.75,0.449,4.166,0.341,banana,fresh
16342766,16163,91.85,852.40,69.80,0.449,4.166,0.341,banana,fresh
16343778,16164,91.85,852.35,69.80,0.449,4.166,0.341,banana,fresh
16344788,16165,91.85,852.30,69.80,0.449,4.166,0.341,banana,fresh
16345799,16166,91.95,852.15,69.80,0.449,4.165,0.341,banana,fresh
16346811,16167,91.70,852.15,69.45,0.448,4.165,0.339,banana,fresh
16347822,16168,91.85,852.25,69.60,0.449,4.165,0.340,banana,fresh
16348833,16169,91.90,852.35,69.85,0.449,4.166,0.341,banana,fresh
16349844,16170,91.80,852.15,69.70,0.449,4.165,0.341,banana,fresh
16350856,16171,91.90,852.15,69.65,0.449,4.165,0.340,banana,fresh
16351866,16172,91.60,852.30,69.75,0.448,4.166,0.341,banana,fresh
16352878,16173,91.75,852.30,69.65,0.448,4.166,0.340,banana,fresh
16353889,16174,91.75,852.35,69.80,0.448,4.166,0.341,banana,fresh
16354899,16175,92.00,852.35,69.70,0.450,4.166,0.341,banana,fresh
16355911,16176,91.80,852.10,69.70,0.449,4.165,0.341,banana,fresh
16356922,16177,91.80,852.35,69.75,0.449,4.166,0.341,banana,fresh
16357934,16178,91.80,852.30,69.80,0.449,4.166,0.341,banana,fresh
16358944,16179,91.80,852.20,69.65,0.449,4.165,0.340,banana,fresh
16359956,16180,91.80,852.40,69.70,0.449,4.166,0.341,banana,fresh
16360967,16181,91.85,852.35,69.70,0.449,4.166,0.341,banana,fresh
16361977,16182,91.95,852.45,69.60,0.449,4.166,0.340,banana,fresh
16362989,16183,92.00,852.40,69.50,0.450,4.166,0.340,banana,fresh
16364000,16184,91.70,852.30,69.60,0.448,4.166,0.340,banana,fresh
16365011,16185,91.70,852.30,69.70,0.448,4.166,0.341,banana,fresh
16366022,16186,91.85,852.30,69.60,0.449,4.166,0.340,banana,fresh
16367034,16187,91.90,852.20,69.75,0.449,4.165,0.341,banana,fresh
16368045,16188,91.70,852.30,69.65,0.448,4.166,0.340,banana,fresh
16369055,16189,91.80,852.20,69.65,0.449,4.165,0.340,banana,fresh
16370067,16190,91.85,852.45,69.70,0.449,4.166,0.341,banana,fresh
16371078,16191,91.90,852.35,69.75,0.449,4.166,0.341,banana,fresh
16372089,16192,91.90,852.25,69.70,0.449,4.165,0.341,banana,fresh
16373100,16193,91.85,852.25,69.70,0.449,4.165,0.341,banana,fresh
16374112,16194,91.95,852.30,69.85,0.449,4.166,0.341,banana,fresh
16375122,16195,91.80,852.50,69.70,0.449,4.167,0.341,banana,fresh
16376134,16196,91.90,852.40,69.80,0.449,4.166,0.341,banana,fresh
16377145,16197,91.80,852.25,69.80,0.449,4.165,0.341,banana,fresh
16378156,16198,91.90,852.35,69.70,0.449,4.166,0.341,banana,fresh
16379167,16199,91.80,852.30,69.60,0.449,4.166,0.340,banana,fresh
16380178,16200,91.65,852.40,69.70,0.448,4.166,0.341,banana,fresh
16381190,16201,91.85,852.35,69.75,0.449,4.166,0.341,banana,fresh
16382200,16202,91.90,852.45,69.70,0.449,4.166,0.341,banana,fresh
16383212,16203,91.85,852.40,69.65,0.449,4.166,0.340,banana,fresh
16384223,16204,91.85,852.25,69.60,0.449,4.165,0.340,banana,fresh
16385233,16205,91.90,852.40,69.55,0.449,4.166,0.340,banana,fresh
16386245,16206,91.65,852.35,69.80,0.448,4.166,0.341,banana,fresh
16387256,16207,91.95,852.35,69.70,0.449,4.166,0.341,banana,fresh
16388268,16208,91.85,852.40,69.70,0.449,4.166,0.341,banana,fresh
16389278,16209,91.75,852.20,69.50,0.448,4.165,0.340,banana,fresh
16390290,16210,91.90,852.25,69.70,0.449,4.165,0.341,banana,fresh
16391301,16211,91.70,852.30,69.70,0.448,4.166,0.341,banana,fresh
16392312,16212,91.90,852.15,69.60,0.449,4.165,0.340,banana,fresh
16393323,16213,92.00,852.30,69.40,0.450,4.166,0.339,banana,fresh
16394334,16214,91.85,852.45,69.65,0.449,4.166,0.340,banana,fresh
16395345,16215,91.80,852.30,69.85,0.449,4.166,0.341,banana,fresh
16396356,16216,91.70,852.15,69.70,0.448,4.165,0.341,banana,fresh
16397368,16217,91.85,852.30,69.75,0.449,4.166,0.341,banana,fresh
16398379,16218,91.75,852.35,69.70,0.448,4.166,0.341,banana,fresh
16399390,16219,91.85,852.20,69.60,0.449,4.165,0.340,banana,fresh
16400401,16220,91.80,852.35,69.70,0.449,4.166,0.341,banana,fresh
16401412,16221,91.90,852.25,69.55,0.449,4.165,0.340,banana,fresh
16402423,16222,91.90,852.30,69.75,0.449,4.166,0.341,banana,fresh
16403434,16223,91.65,852.25,69.75,0.448,4.165,0.341,banana,fresh
16404446,16224,91.70,852.15,69.70,0.448,4.165,0.341,banana,fresh
16405456,16225,91.80,852.35,69.75,0.449,4.166,0.341,banana,fresh
16406468,16226,91.80,852.30,69.70,0.449,4.166,0.341,banana,fresh
16407479,16227,91.85,852.15,69.65,0.449,4.165,0.340,banana,fresh
16408491,16228,91.75,852.25,69.50,0.448,4.165,0.340,banana,fresh
16409501,16229,91.80,852.20,69.75,0.449,4.165,0.341,banana,fresh
16410512,16230,91.90,852.25,69.65,0.449,4.165,0.340,banana,fresh
16411524,16231,91.85,852.20,69.65,0.449,4.165,0.340,banana,fresh
16412534,16232,91.85,852.30,69.70,0.449,4.166,0.341,banana,fresh
16413546,16233,91.80,852.30,69.70,0.449,4.166,0.341,banana,fresh
16414557,16234,91.75,852.30,69.75,0.448,4.166,0.341,banana,fresh
16415568,16235,91.90,852.35,69.80,0.449,4.166,0.341,banana,fresh
16416579,16236,91.80,852.25,69.75,0.449,4.165,0.341,banana,fresh
16417590,16237,91.55,852.35,69.55,0.447,4.166,0.340,banana,fresh
16418601,16238,91.95,852.25,69.70,0.449,4.165,0.341,banana,fresh
16419612,16239,91.50,852.40,69.60,0.447,4.166,0.340,banana,fresh
16420624,16240,91.85,852.25,69.90,0.449,4.165,0.342,banana,fresh
16421635,16241,91.85,852.30,69.70,0.449,4.166,0.341,banana,fresh
16422646,16242,91.70,852.35,69.90,0.448,4.166,0.342,banana,fresh
16423657,16243,91.85,852.20,69.55,0.449,4.165,0.340,banana,fresh
16424668,16244,91.85,852.25,69.65,0.449,4.165,0.340,banana,fresh
16425679,16245,91.85,852.40,69.70,0.449,4.166,0.341,banana,fresh
16426690,16246,91.80,852.25,69.70,0.449,4.165,0.341,banana,fresh
16427702,16247,91.80,852.20,69.65,0.449,4.165,0.340,banana,fresh
16428712,16248,91.75,852.35,69.65,0.448,4.166,0.340,banana,fresh
16429724,16249,91.80,852.35,69.75,0.449,4.166,0.341,banana,fresh
16430735,16250,91.90,852.40,69.90,0.449,4.166,0.342,banana,fresh
16431747,16251,91.75,852.25,69.60,0.448,4.165,0.340,banana,fresh
16432757,16252,91.70,852.25,69.65,0.448,4.165,0.340,banana,fresh
16433768,16253,91.70,852.40,69.75,0.448,4.166,0.341,banana,fresh
16434780,16254,91.70,852.25,69.70,0.448,4.165,0.341,banana,fresh
16435790,16255,91.60,852.30,69.45,0.448,4.166,0.339,banana,fresh
16436802,16256,91.70,852.30,69.60,0.448,4.166,0.340,banana,fresh
16437813,16257,91.65,852.35,69.65,0.448,4.166,0.340,banana,fresh
16438824,16258,91.80,852.15,69.80,0.449,4.165,0.341,banana,fresh
16439835,16259,91.65,852.25,69.70,0.448,4.165,0.341,banana,fresh
16440846,16260,91.85,852.35,69.60,0.449,4.166,0.340,banana,fresh
16441858,16261,91.90,852.30,69.85,0.449,4.166,0.341,banana,fresh
16442868,16262,91.60,852.25,69.85,0.448,4.165,0.341,banana,fresh
16443880,16263,91.70,852.15,69.85,0.448,4.165,0.341,banana,fresh
16444891,16264,91.70,852.55,69.50,0.448,4.167,0.340,banana,fresh
16445902,16265,91.70,852.25,69.80,0.448,4.165,0.341,banana,fresh
16446913,16266,91.70,852.25,69.85,0.448,4.165,0.341,banana,fresh
16447924,16267,91.70,852.50,69.60,0.448,4.167,0.340,banana,fresh
16448935,16268,91.80,852.25,69.75,0.449,4.165,0.341,banana,fresh
16449946,16269,91.75,852.50,69.70,0.448,4.167,0.341,banana,fresh
16450958,16270,91.60,852.25,69.70,0.448,4.165,0.341,banana,fresh
16451969,16271,91.70,852.20,69.70,0.448,4.165,0.341,banana,fresh
16452980,16272,91.60,852.30,69.65,0.448,4.166,0.340,banana,fresh
16453991,16273,91.75,852.40,69.85,0.448,4.166,0.341,banana,fresh
16455002,16274,91.80,852.55,69.85,0.449,4.167,0.341,banana,fresh
16456013,16275,91.75,852.30,69.85,0.448,4.166,0.341,banana,fresh
16457024,16276,91.75,852.30,69.65,0.448,4.166,0.340,banana,fresh
16458036,16277,91.80,852.35,69.75,0.449,4.166,0.341,banana,fresh
16459046,16278,91.75,852.30,69.55,0.448,4.166,0.340,banana,fresh
16460058,16279,91.80,852.55,69.75,0.449,4.167,0.341,banana,fresh
16461069,16280,91.70,852.35,69.60,0.448,4.166,0.340,banana,fresh
16462081,16281,91.65,852.40,69.55,0.448,4.166,0.340,banana,fresh
16463091,16282,91.75,852.50,69.80,0.448,4.167,0.341,banana,fresh
16464102,16283,91.70,852.50,69.75,0.448,4.167,0.341,banana,fresh
16465114,16284,91.60,852.25,69.80,0.448,4.165,0.341,banana,fresh
16466124,16285,91.50,852.25,69.80,0.447,4.165,0.341,banana,fresh
16467136,16286,91.70,852.40,69.75,0.448,4.166,0.341,banana,fresh
16468147,16287,91.65,852.50,69.70,0.448,4.167,0.341,banana,fresh
16469158,16288,91.75,852.30,69.75,0.448,4.166,0.341,banana,fresh
16470169,16289,91.90,852.45,69.75,0.449,4.166,0.341,banana,fresh
16471180,16290,91.80,852.15,69.75,0.449,4.165,0.341,banana,fresh
16472192,16291,91.65,852.50,69.80,0.448,4.167,0.341,banana,fresh
16473202,16292,91.80,852.25,69.80,0.449,4.165,0.341,banana,fresh
16474214,16293,91.60,852.45,69.75,0.448,4.166,0.341,banana,fresh
16475225,16294,91.70,852.30,69.70,0.448,4.166,0.341,banana,fresh
16476236,16295,91.70,852.40,69.70,0.448,4.166,0.341,banana,fresh
16477247,16296,91.90,852.30,69.80,0.449,4.166,0.341,banana,fresh
16478258,16297,91.70,852.40,69.85,0.448,4.166,0.341,banana,fresh
16479269,16298,91.80,852.30,69.65,0.449,4.166,0.340,banana,fresh
16480280,16299,91.65,852.40,69.55,0.448,4.166,0.340,banana,fresh
16481292,16300,91.70,852.30,69.65,0.448,4.166,0.340,banana,fresh
16482302,16301,91.60,852.30,69.75,0.448,4.166,0.341,banana,fresh
16483314,16302,91.40,852.45,69.55,0.447,4.166,0.340,banana,fresh
16484325,16303,91.70,852.35,69.90,0.448,4.166,0.342,banana,fresh
16485337,16304,91.75,852.35,69.70,0.448,4.166,0.341,banana,fresh
16486347,16305,91.60,852.40,69.80,0.448,4.166,0.341,banana,fresh
16487358,16306,91.45,852.25,69.80,0.447,4.165,0.341,banana,fresh
16488370,16307,91.70,852.20,69.70,0.448,4.165,0.341,banana,fresh
16489380,16308,91.80,852.25,69.50,0.449,4.165,0.340,banana,fresh
16490392,16309,91.60,852.35,69.80,0.448,4.166,0.341,banana,fresh
16491403,16310,91.80,852.35,69.80,0.449,4.166,0.341,banana,fresh
16492414,16311,91.85,852.50,69.65,0.449,4.167,0.340,banana,fresh
16493425,16312,91.85,852.15,69.65,0.449,4.165,0.340,banana,fresh
16494437,16313,91.60,852.50,69.80,0.448,4.167,0.341,banana,fresh
16495448,16314,91.75,852.50,69.85,0.448,4.167,0.341,banana,fresh
16496458,16315,91.65,852.40,69.75,0.448,4.166,0.341,banana,fresh
16497470,16316,91.75,852.60,69.90,0.448,4.167,0.342,banana,fresh
16498481,16317,91.65,852.25,69.80,0.448,4.165,0.341,banana,fresh
16499492,16318,91.60,852.45,69.65,0.448,4.166,0.340,banana,fresh
16500503,16319,91.60,852.30,69.70,0.448,4.166,0.341,banana,fresh
16501515,16320,91.70,852.55,69.70,0.448,4.167,0.341,banana,fresh
16502525,16321,91.80,852.40,69.75,0.449,4.166,0.341,banana,fresh
16503536,16322,91.75,852.55,69.50,0.448,4.167,0.340,banana,fresh
16504548,16323,91.65,852.30,69.70,0.448,4.166,0.341,banana,fresh
16505559,16324,91.75,852.45,69.60,0.448,4.166,0.340,banana,fresh
16506570,16325,91.85,852.20,69.70,0.449,4.165,0.341,banana,fresh
16507581,16326,91.80,852.40,69.70,0.449,4.166,0.341,banana,fresh
16508593,16327,91.75,852.20,69.65,0.448,4.165,0.340,banana,fresh
16509603,16328,91.75,852.50,70.00,0.448,4.167,0.342,banana,fresh
16510614,16329,91.80,852.35,69.55,0.449,4.166,0.340,banana,fresh
16511626,16330,91.70,852.45,69.75,0.448,4.166,0.341,banana,fresh
16512636,16331,91.70,852.50,69.75,0.448,4.167,0.341,banana,fresh
16513648,16332,91.65,852.45,69.60,0.448,4.166,0.340,banana,fresh
16514659,16333,91.65,852.30,69.60,0.448,4.166,0.340,banana,fresh
16515671,16334,91.85,852.30,69.80,0.449,4.166,0.341,banana,fresh
16516681,16335,91.55,852.45,69.65,0.447,4.166,0.340,banana,fresh
16517693,16336,91.75,852.40,69.90,0.448,4.166,0.342,banana,fresh
16518704,16337,91.55,852.30,69.80,0.447,4.166,0.341,banana,fresh
16519714,16338,91.60,852.20,69.70,0.448,4.165,0.341,banana,fresh
16520726,16339,91.65,852.35,69.55,0.448,4.166,0.340,banana,fresh
16521737,16340,91.50,852.25,69.60,0.447,4.165,0.340,banana,fresh
16522748,16341,91.65,852.30,69.55,0.448,4.166,0.340,banana,fresh
16523759,16342,91.60,852.40,70.00,0.448,4.166,0.342,banana,fresh
16524771,16343,91.60,852.40,69.80,0.448,4.166,0.341,banana,fresh
16525782,16344,91.70,852.15,69.80,0.448,4.165,0.341,banana,fresh
16526792,16345,91.70,852.45,69.75,0.448,4.166,0.341,banana,fresh
16527804,16346,91.55,852.60,69.70,0.447,4.167,0.341,banana,fresh
16528815,16347,91.70,852.40,69.80,0.448,4.166,0.341,banana,fresh
16529826,16348,91.60,852.40,69.70,0.448,4.166,0.341,banana,fresh
16530837,16349,91.55,852.40,69.70,0.447,4.166,0.341,banana,fresh
16531849,16350,91.70,852.20,69.75,0.448,4.165,0.341,banana,fresh
16532859,16351,91.55,852.15,69.75,0.447,4.165,0.341,banana,fresh
16533870,16352,91.70,852.35,69.70,0.448,4.166,0.341,banana,fresh
16534882,16353,91.75,852.40,69.75,0.448,4.166,0.341,banana,fresh
16535892,16354,91.55,852.40,69.75,0.447,4.166,0.341,banana,fresh
16536904,16355,91.60,852.25,69.60,0.448,4.165,0.340,banana,fresh
16537915,16356,91.65,852.45,69.85,0.448,4.166,0.341,banana,fresh
16538927,16357,91.50,852.55,69.70,0.447,4.167,0.341,banana,fresh
16539937,16358,91.55,852.55,69.80,0.447,4.167,0.341,banana,fresh
16540948,16359,91.85,852.35,69.65,0.449,4.166,0.340,banana,fresh
16541960,16360,91.90,852.40,69.70,0.449,4.166,0.341,banana,fresh
16542970,16361,91.50,852.50,69.80,0.447,4.167,0.341,banana,fresh
16543982,16362,91.80,852.55,69.70,0.449,4.167,0.341,banana,fresh
16544993,16363,91.55,852.50,69.65,0.447,4.167,0.340,banana,fresh
16546004,16364,91.70,852.35,69.75,0.448,4.166,0.341,banana,fresh
16547015,16365,91.50,852.50,69.65,0.447,4.167,0.340,banana,fresh
16548027,16366,91.75,852.45,69.90,0.448,4.166,0.342,banana,fresh
16549038,16367,91.90,852.60,69.70,0.449,4.167,0.341,banana,fresh
16550048,16368,91.60,852.45,69.85,0.448,4.166,0.341,banana,fresh
16551060,16369,91.60,852.45,69.70,0.448,4.166,0.341,banana,fresh
16552071,16370,91.45,852.65,69.75,0.447,4.167,0.341,banana,fresh
16553082,16371,91.80,852.35,69.70,0.449,4.166,0.341,banana,fresh
16554093,16372,91.75,852.30,69.90,0.448,4.166,0.342,banana,fresh
16555105,16373,91.60,852.50,69.95,0.448,4.167,0.342,banana,fresh
16556115,16374,91.65,852.50,69.65,0.448,4.167,0.340,banana,fresh
16557126,16375,91.55,852.40,69.70,0.447,4.166,0.341,banana,fresh
16558138,16376,91.80,852.65,69.75,0.449,4.167,0.341,banana,fresh
16559149,16377,91.55,852.35,69.65,0.447,4.166,0.340,banana,fresh
16560160,16378,91.60,852.35,69.75,0.448,4.166,0.341,banana,fresh
16561171,16379,91.80,852.50,69.75,0.449,4.167,0.341,banana,fresh
16562183,16380,91.65,852.45,69.80,0.448,4.166,0.341,banana,fresh
16563193,16381,91.60,852.55,69.75,0.448,4.167,0.341,banana,fresh
16564205,16382,91.65,852.40,69.75,0.448,4.166,0.341,banana,fresh
16565216,16383,91.90,852.55,69.95,0.449,4.167,0.342,banana,fresh
16566226,16384,91.70,852.35,69.65,0.448,4.166,0.340,banana,fresh
16567238,16385,91.65,852.40,69.90,0.448,4.166,0.342,banana,fresh
16568249,16386,91.50,852.30,69.70,0.447,4.166,0.341,banana,fresh
16569261,16387,91.40,852.45,69.75,0.447,4.166,0.341,banana,fresh
16570271,16388,91.85,852.45,69.85,0.449,4.166,0.341,banana,fresh
16571283,16389,91.55,852.40,69.70,0.447,4.166,0.341,banana,fresh
16572294,16390,91.70,852.55,69.80,0.448,4.167,0.341,banana,fresh
16573304,16391,91.50,852.45,69.75,0.447,4.166,0.341,banana,fresh
16574316,16392,91.80,852.45,69.75,0.449,4.166,0.341,banana,fresh
16575327,16393,91.55,852.40,69.85,0.447,4.166,0.341,banana,fresh
16576338,16394,91.70,852.60,69.80,0.448,4.167,0.341,banana,fresh
16577349,16395,91.60,852.25,69.80,0.448,4.165,0.341,banana,fresh
16578361,16396,91.65,852.60,69.75,0.448,4.167,0.341,banana,fresh
16579372,16397,91.50,852.50,69.75,0.447,4.167,0.341,banana,fresh
16580382,16398,91.60,852.25,69.75,0.448,4.165,0.341,banana,fresh
16581394,16399,91.65,852.40,69.70,0.448,4.166,0.341,banana,fresh
16582405,16400,91.55,852.45,69.75,0.447,4.166,0.341,banana,fresh
16583416,16401,91.65,852.55,69.75,0.448,4.167,0.341,banana,fresh
16584427,16402,91.75,852.60,69.60,0.448,4.167,0.340,banana,fresh
16585439,16403,91.60,852.35,69.85,0.448,4.166,0.341,banana,fresh
16586449,16404,91.65,852.40,69.65,0.448,4.166,0.340,banana,fresh
16587460,16405,91.65,852.55,69.75,0.448,4.167,0.341,banana,fresh
16588472,16406,91.60,852.45,69.70,0.448,4.166,0.341,banana,fresh
16589483,16407,91.60,852.35,69.75,0.448,4.166,0.341,banana,fresh
16590494,16408,91.50,852.35,69.65,0.447,4.166,0.340,banana,fresh
16591505,16409,91.60,852.50,69.75,0.448,4.167,0.341,banana,fresh
16592517,16410,91.65,852.45,69.75,0.448,4.166,0.341,banana,fresh
16593527,16411,91.55,852.65,69.70,0.447,4.167,0.341,banana,fresh
16594539,16412,91.60,852.50,69.70,0.448,4.167,0.341,banana,fresh
16595550,16413,91.55,852.35,69.70,0.447,4.166,0.341,banana,fresh
16596560,16414,91.75,852.50,69.80,0.448,4.167,0.341,banana,fresh
16597572,16415,91.60,852.45,69.80,0.448,4.166,0.341,banana,fresh
16598583,16416,91.60,852.35,69.90,0.448,4.166,0.342,banana,fresh
16599595,16417,91.55,852.40,69.60,0.447,4.166,0.340,banana,fresh
16600605,16418,91.55,852.40,69.85,0.447,4.166,0.341,banana,fresh
16601617,16419,91.50,852.35,69.80,0.447,4.166,0.341,banana,fresh
16602628,16420,91.80,852.35,69.80,0.449,4.166,0.341,banana,fresh
16603638,16421,91.50,852.35,69.70,0.447,4.166,0.341,banana,fresh
16604650,16422,91.75,852.45,69.65,0.448,4.166,0.340,banana,fresh
16605661,16423,91.70,852.50,69.60,0.448,4.167,0.340,banana,fresh
16606672,16424,91.65,852.30,69.80,0.448,4.166,0.341,banana,fresh
16607683,16425,91.60,852.60,69.90,0.448,4.167,0.342,banana,fresh
16608695,16426,91.60,852.35,69.50,0.448,4.166,0.340,banana,fresh
16609705,16427,91.55,852.60,69.90,0.447,4.167,0.342,banana,fresh
16610717,16428,91.50,852.35,69.80,0.447,4.166,0.341,banana,fresh
16611728,16429,91.65,852.55,69.70,0.448,4.167,0.341,banana,fresh
16612739,16430,91.70,852.55,69.65,0.448,4.167,0.340,banana,fresh
16613750,16431,91.60,852.50,69.60,0.448,4.167,0.340,banana,fresh
16614761,16432,91.55,852.35,69.75,0.447,4.166,0.341,banana,fresh
16615773,16433,91.50,852.55,69.70,0.447,4.167,0.341,banana,fresh
16616783,16434,91.75,852.30,69.90,0.448,4.166,0.342,banana,fresh
16617795,16435,91.65,852.35,69.60,0.448,4.166,0.340,banana,fresh
16618806,16436,91.60,852.45,69.75,0.448,4.166,0.341,banana,fresh
16619816,16437,91.50,852.35,69.75,0.447,4.166,0.341,banana,fresh
16620828,16438,91.60,852.25,69.75,0.448,4.165,0.341,banana,fresh
16621839,16439,91.40,852.25,69.60,0.447,4.165,0.340,banana,fresh
16622851,16440,91.65,852.40,69.90,0.448,4.166,0.342,banana,fresh
16623861,16441,91.75,852.50,69.65,0.448,4.167,0.340,banana,fresh
16624873,16442,91.70,852.45,69.75,0.448,4.166,0.341,banana,fresh
16625884,16443,91.65,852.45,69.60,0.448,4.166,0.340,banana,fresh
16626894,16444,91.70,852.30,69.70,0.448,4.166,0.341,banana,fresh
16627906,16445,91.75,852.45,69.85,0.448,4.166,0.341,banana,fresh
16628917,16446,91.55,852.45,69.75,0.447,4.166,0.341,banana,fresh
16629928,16447,91.40,852.70,69.85,0.447,4.168,0.341,banana,fresh
16630939,16448,91.55,852.45,69.95,0.447,4.166,0.342,banana,fresh
16631951,16449,91.50,852.50,69.65,0.447,4.167,0.340,banana,fresh
16632962,16450,91.65,852.45,69.80,0.448,4.166,0.341,banana,fresh
16633973,16451,91.55,852.25,69.65,0.447,4.165,0.340,banana,fresh
16634984,16452,91.60,852.50,69.70,0.448,4.167,0.341,banana,fresh
16635995,16453,91.80,852.60,69.80,0.449,4.167,0.341,banana,fresh
16637006,16454,91.50,852.45,69.80,0.447,4.166,0.341,banana,fresh
16638017,16455,91.60,852.50,69.70,0.448,4.167,0.341,banana,fresh
16639029,16456,91.85,852.40,69.70,0.449,4.166,0.341,banana,fresh
16640039,16457,91.60,852.35,69.80,0.448,4.166,0.341,banana,fresh
16641051,16458,91.75,852.50,69.75,0.448,4.167,0.341,banana,fresh
16642062,16459,91.65,852.55,69.70,0.448,4.167,0.341,banana,fresh
16643073,16460,91.50,852.65,69.65,0.447,4.167,0.340,banana,fresh
16644084,16461,91.55,852.40,69.65,0.447,4.166,0.340,banana,fresh
16645095,16462,91.75,852.55,69.90,0.448,4.167,0.342,banana,fresh
16646107,16463,91.65,852.45,69.70,0.448,4.166,0.341,banana,fresh
16647117,16464,91.45,852.40,69.75,0.447,4.166,0.341,banana,fresh
16648129,16465,91.50,852.45,69.65,0.447,4.166,0.340,banana,fresh
16649140,16466,91.60,852.50,69.70,0.448,4.167,0.341,banana,fresh
16650150,16467,91.80,852.30,69.75,0.449,4.166,0.341,banana,fresh
16651162,16468,91.60,852.60,69.70,0.448,4.167,0.341,banana,fresh
16652173,16469,91.55,852.30,69.75,0.447,4.166,0.341,banana,fresh
16653185,16470,91.50,852.55,69.85,0.447,4.167,0.341,banana,fresh
16654195,16471,91.65,852.40,69.85,0.448,4.166,0.341,banana,fresh
16655207,16472,91.55,852.65,69.70,0.447,4.167,0.341,banana,fresh
16656218,16473,91.50,852.40,69.70,0.447,4.166,0.341,banana,fresh
16657228,16474,91.55,852.70,69.45,0.447,4.168,0.339,banana,fresh
16658240,16475,91.75,852.50,69.55,0.448,4.167,0.340,banana,fresh
16659251,16476,91.75,852.30,69.80,0.448,4.166,0.341,banana,fresh
16660262,16477,91.65,852.55,69.80,0.448,4.167,0.341,banana,fresh
16661273,16478,91.55,852.60,69.75,0.447,4.167,0.341,banana,fresh
16662285,16479,91.60,852.50,69.70,0.448,4.167,0.341,banana,fresh
16663296,16480,91.60,852.30,69.95,0.448,4.166,0.342,banana,fresh
16664307,16481,91.65,852.30,69.65,0.448,4.166,0.340,banana,fresh
16665318,16482,91.75,852.45,69.70,0.448,4.166,0.341,banana,fresh
16666329,16483,91.75,852.65,69.80,0.448,4.167,0.341,banana,fresh
16667340,16484,91.50,852.45,69.65,0.447,4.166,0.340,banana,fresh
16668351,16485,91.65,852.45,69.70,0.448,4.166,0.341,banana,fresh
16669363,16486,91.70,852.40,69.70,0.448,4.166,0.341,banana,fresh
16670373,16487,91.55,852.45,69.75,0.447,4.166,0.341,banana,fresh
16671385,16488,91.75,852.70,69.80,0.448,4.168,0.341,banana,fresh
16672396,16489,91.90,852.45,69.75,0.449,4.166,0.341,banana,fresh
16673406,16490,91.65,852.60,69.65,0.448,4.167,0.340,banana,fresh
16674418,16491,91.65,852.55,69.70,0.448,4.167,0.341,banana,fresh
16675429,16492,91.40,852.50,69.55,0.447,4.167,0.340,banana,fresh
16676441,16493,91.60,852.20,69.65,0.448,4.165,0.340,banana,fresh
16677451,16494,91.55,852.40,69.70,0.447,4.166,0.341,banana,fresh
16678463,16495,91.55,852.45,69.50,0.447,4.166,0.340,banana,fresh
16679474,16496,91.45,852.50,69.65,0.447,4.167,0.340,banana,fresh
16680484,16497,91.60,852.40,69.85,0.448,4.166,0.341,banana,fresh
16681496,16498,91.50,852.70,69.90,0.447,4.168,0.342,banana,fresh
16682507,16499,91.65,852.50,69.65,0.448,4.167,0.340,banana,fresh
16683518,16500,91.65,852.60,69.75,0.448,4.167,0.341,banana,fresh
16684529,16501,91.70,852.55,69.85,0.448,4.167,0.341,banana,fresh
16685541,16502,91.50,852.50,69.75,0.447,4.167,0.341,banana,fresh
16686552,16503,91.65,852.40,69.70,0.448,4.166,0.341,banana,fresh
16687562,16504,91.70,852.45,69.50,0.448,4.166,0.340,banana,fresh
16688574,16505,91.70,852.45,69.85,0.448,4.166,0.341,banana,fresh
16689585,16506,91.65,852.40,69.55,0.448,4.166,0.340,banana,fresh
16690596,16507,91.65,852.30,69.75,0.448,4.166,0.341,banana,fresh
16691607,16508,91.60,852.55,69.65,0.448,4.167,0.340,banana,fresh
16692619,16509,91.45,852.50,69.80,0.447,4.167,0.341,banana,fresh
16693629,16510,91.80,852.55,69.60,0.449,4.167,0.340,banana,fresh
16694641,16511,91.40,852.40,69.70,0.447,4.166,0.341,banana,fresh
16695652,16512,91.55,852.55,69.75,0.447,4.167,0.341,banana,fresh
16696663,16513,91.50,852.55,69.85,0.447,4.167,0.341,banana,fresh
16697674,16514,91.50,852.35,69.75,0.447,4.166,0.341,banana,fresh
16698685,16515,91.55,852.50,69.75,0.447,4.167,0.341,banana,fresh
16699697,16516,91.50,852.60,69.65,0.447,4.167,0.340,banana,fresh
16700707,16517,91.65,852.45,69.65,0.448,4.166,0.340,banana,fresh
16701719,16518,91.60,852.45,69.70,0.448,4.166,0.341,banana,fresh
16702730,16519,91.70,852.50,69.60,0.448,4.167,0.340,banana,fresh
16703740,16520,91.50,852.45,69.75,0.447,4.166,0.341,banana,fresh
16704752,16521,91.55,852.40,69.70,0.447,4.166,0.341,banana,fresh
16705763,16522,91.60,852.65,69.60,0.448,4.167,0.340,banana,fresh
16706775,16523,91.60,852.60,69.70,0.448,4.167,0.341,banana,fresh
16707785,16524,91.45,852.70,69.70,0.447,4.168,0.341,banana,fresh
16708797,16525,91.55,852.45,69.60,0.447,4.166,0.340,banana,fresh
16709808,16526,91.50,852.40,69.65,0.447,4.166,0.340,banana,fresh
16710818,16527,91.45,852.60,69.70,0.447,4.167,0.341,banana,fresh
16711830,16528,91.55,852.50,69.70,0.447,4.167,0.341,banana,fresh
16712841,16529,91.55,852.60,69.75,0.447,4.167,0.341,banana,fresh
16713852,16530,91.50,852.30,69.75,0.447,4.166,0.341,banana,fresh
16714863,16531,91.45,852.50,69.65,0.447,4.167,0.340,banana,fresh
16715875,16532,91.65,852.30,69.65,0.448,4.166,0.340,banana,fresh
16716886,16533,91.45,852.50,69.75,0.447,4.167,0.341,banana,fresh
16717896,16534,91.45,852.55,69.75,0.447,4.167,0.341,banana,fresh
16718908,16535,91.50,852.60,69.75,0.447,4.167,0.341,banana,fresh
16719919,16536,91.60,852.65,69.70,0.448,4.167,0.341,banana,fresh
16720930,16537,91.45,852.65,69.65,0.447,4.167,0.340,banana,fresh
16721941,16538,91.55,852.65,69.70,0.447,4.167,0.341,banana,fresh
16722953,16539,91.75,852.60,69.55,0.448,4.167,0.340,banana,fresh
16723963,16540,91.55,852.60,69.60,0.447,4.167,0.340,banana,fresh
16724974,16541,91.45,852.55,69.55,0.447,4.167,0.340,banana,fresh
16725986,16542,91.30,852.60,69.70,0.446,4.167,0.341,banana,fresh
16726996,16543,91.40,852.50,69.65,0.447,4.167,0.340,banana,fresh
16728008,16544,91.55,852.60,69.75,0.447,4.167,0.341,banana,fresh
16729019,16545,91.40,852.65,69.70,0.447,4.167,0.341,banana,fresh
16730031,16546,91.65,852.55,69.65,0.448,4.167,0.340,banana,fresh
16731041,16547,91.55,852.50,69.65,0.447,4.167,0.340,banana,fresh
16732053,16548,91.55,852.55,69.85,0.447,4.167,0.341,banana,fresh
16733064,16549,91.35,852.40,69.80,0.446,4.166,0.341,banana,fresh
16734074,16550,91.25,852.45,69.65,0.446,4.166,0.340,banana,fresh
16735086,16551,91.40,852.55,69.80,0.447,4.167,0.341,banana,fresh
16736097,16552,91.50,852.45,69.65,0.447,4.166,0.340,banana,fresh
16737108,16553,91.50,852.45,69.60,0.447,4.166,0.340,banana,fresh
16738119,16554,91.65,852.50,69.55,0.448,4.167,0.340,banana,fresh
16739131,16555,91.30,852.45,69.70,0.446,4.166,0.341,banana,fresh
16740142,16556,91.45,852.35,69.85,0.447,4.166,0.341,banana,fresh
16741152,16557,91.55,852.50,69.70,0.447,4.167,0.341,banana,fresh
16742164,16558,91.60,852.50,69.65,0.448,4.167,0.340,banana,fresh
16743175,16559,91.45,852.55,69.85,0.447,4.167,0.341,banana,fresh
16744186,16560,91.45,852.65,69.70,0.447,4.167,0.341,banana,fresh
16745197,16561,91.40,852.65,69.70,0.447,4.167,0.341,banana,fresh
16746209,16562,91.70,852.40,69.55,0.448,4.166,0.340,banana,fresh
16747219,16563,91.50,852.60,69.65,0.447,4.167,0.340,banana,fresh
16748230,16564,91.60,852.35,69.75,0.448,4.166,0.341,banana,fresh
16749242,16565,91.55,852.65,69.75,0.447,4.167,0.341,banana,fresh
16750253,16566,91.50,852.65,69.75,0.447,4.167,0.341,banana,fresh
16751264,16567,91.40,852.45,69.65,0.447,4.166,0.340,banana,fresh
16752275,16568,91.80,852.60,69.80,0.449,4.167,0.341,banana,fresh
16753287,16569,91.60,852.45,69.85,0.448,4.166,0.341,banana,fresh
16754297,16570,91.65,852.45,69.90,0.448,4.166,0.342,banana,fresh
16755309,16571,91.45,852.45,69.80,0.447,4.166,0.341,banana,fresh
16756320,16572,91.20,852.65,69.75,0.446,4.167,0.341,banana,fresh
16757330,16573,91.45,852.55,69.75,0.447,4.167,0.341,banana,fresh
16758342,16574,91.55,852.60,69.70,0.447,4.167,0.341,banana,fresh
16759353,16575,91.50,852.70,69.60,0.447,4.168,0.340,banana,fresh
16760365,16576,91.55,852.60,69.70,0.447,4.167,0.341,banana,fresh
16761375,16577,91.60,852.65,69.70,0.448,4.167,0.341,banana,fresh
16762387,16578,91.60,852.30,69.75,0.448,4.166,0.341,banana,fresh
16763398,16579,91.75,852.50,69.65,0.448,4.167,0.340,banana,fresh
16764408,16580,91.40,852.50,69.75,0.447,4.167,0.341,banana,fresh
16765420,16581,91.60,852.70,69.65,0.448,4.168,0.340,banana,fresh
16766431,16582,91.55,852.55,69.75,0.447,4.167,0.341,banana,fresh
16767442,16583,91.35,852.55,69.70,0.446,4.167,0.341,banana,fresh
16768453,16584,91.55,852.50,69.70,0.447,4.167,0.341,banana,fresh
16769465,16585,91.50,852.70,69.60,0.447,4.168,0.340,banana,fresh
16770476,16586,91.65,852.30,69.85,0.448,4.166,0.341,banana,fresh
16771486,16587,91.50,852.50,69.70,0.447,4.167,0.341,banana,fresh
16772498,16588,91.55,852.65,69.65,0.447,4.167,0.340,banana,fresh
16773509,16589,91.65,852.80,69.55,0.448,4.168,0.340,banana,fresh
16774520,16590,91.60,852.55,69.70,0.448,4.167,0.341,banana,fresh
16775531,16591,91.45,852.80,69.65,0.447,4.168,0.340,banana,fresh
16776543,16592,91.75,852.65,69.65,0.448,4.167,0.340,banana,fresh
16777553,16593,91.50,852.50,69.85,0.447,4.167,0.341,banana,fresh
16778565,16594,91.45,852.60,69.70,0.447,4.167,0.341,banana,fresh
16779576,16595,91.70,852.55,69.65,0.448,4.167,0.340,banana,fresh
16780587,16596,91.60,852.45,69.60,0.448,4.166,0.340,banana,fresh
16781598,16597,91.45,852.45,69.75,0.447,4.166,0.341,banana,fresh
16782609,16598,91.50,852.50,69.85,0.447,4.167,0.341,banana,fresh
16783621,16599,91.50,852.70,69.75,0.447,4.168,0.341,banana,fresh
16784631,16600,91.45,852.60,69.90,0.447,4.167,0.342,banana,fresh
16785643,16601,91.45,852.55,69.70,0.447,4.167,0.341,banana,fresh
16786654,16602,91.55,852.45,69.65,0.447,4.166,0.340,banana,fresh
16787665,16603,91.55,852.50,69.80,0.447,4.167,0.341,banana,fresh
16788676,16604,91.70,852.50,69.65,0.448,4.167,0.340,banana,fresh
16789687,16605,91.50,852.45,69.65,0.447,4.166,0.340,banana,fresh
16790699,16606,91.45,852.40,69.75,0.447,4.166,0.341,banana,fresh
16791709,16607,91.50,852.60,69.90,0.447,4.167,0.342,banana,fresh
16792721,16608,91.60,852.50,69.75,0.448,4.167,0.341,banana,fresh
16793732,16609,91.55,852.60,69.60,0.447,4.167,0.340,banana,fresh
16794743,16610,91.55,852.45,69.90,0.447,4.166,0.342,banana,fresh
16795754,16611,91.60,852.50,69.65,0.448,4.167,0.340,banana,fresh
16796765,16612,91.40,852.75,69.70,0.447,4.168,0.341,banana,fresh
16797776,16613,91.70,852.65,69.70,0.448,4.167,0.341,banana,fresh
16798787,16614,91.20,852.55,69.80,0.446,4.167,0.341,banana,fresh
16799799,16615,91.50,852.45,69.90,0.447,4.166,0.342,banana,fresh
16800809,16616,91.50,852.35,69.75,0.447,4.166,0.341,banana,fresh
16801821,16617,91.35,852.55,69.60,0.446,4.167,0.340,banana,fresh
16802832,16618,91.65,852.65,69.80,0.448,4.167,0.341,banana,fresh
16803843,16619,91.60,852.45,69.75,0.448,4.166,0.341,banana,fresh
16804854,16620,91.55,852.70,69.80,0.447,4.168,0.341,banana,fresh
16805865,16621,91.60,852.70,69.80,0.448,4.168,0.341,banana,fresh
16806877,16622,91.55,852.55,69.85,0.447,4.167,0.341,banana,fresh
16807887,16623,91.65,852.35,69.70,0.448,4.166,0.341,banana,fresh
16808899,16624,91.55,852.45,69.80,0.447,4.166,0.341,banana,fresh
16809910,16625,91.55,852.55,69.70,0.447,4.167,0.341,banana,fresh
16810921,16626,91.35,852.55,69.55,0.446,4.167,0.340,banana,fresh
16811932,16627,91.80,852.60,69.45,0.449,4.167,0.339,banana,fresh
16812943,16628,91.55,852.70,69.75,0.447,4.168,0.341,banana,fresh
16813955,16629,91.45,852.75,69.75,0.447,4.168,0.341,banana,fresh
16814965,16630,91.60,852.50,69.70,0.448,4.167,0.341,banana,fresh
16815977,16631,91.50,852.55,69.70,0.447,4.167,0.341,banana,fresh
16816988,16632,91.40,852.55,69.80,0.447,4.167,0.341,banana,fresh
16817999,16633,91.50,852.85,69.75,0.447,4.168,0.341,banana,fresh
16819010,16634,91.35,852.80,69.75,0.446,4.168,0.341,banana,fresh
16820021,16635,91.60,852.50,69.80,0.448,4.167,0.341,banana,fresh
16821032,16636,91.40,852.70,69.65,0.447,4.168,0.340,banana,fresh
16822043,16637,91.60,852.60,69.65,0.448,4.167,0.340,banana,fresh
16823055,16638,91.50,852.70,69.55,0.447,4.168,0.340,banana,fresh
16824066,16639,91.75,852.60,69.90,0.448,4.167,0.342,banana,fresh
16825077,16640,91.70,852.75,69.70,0.448,4.168,0.341,banana,fresh
16826088,16641,91.55,852.60,69.65,0.447,4.167,0.340,banana,fresh
16827099,16642,91.55,852.40,69.80,0.447,4.166,0.341,banana,fresh
16828110,16643,91.50,852.50,69.70,0.447,4.167,0.341,banana,fresh
16829121,16644,91.55,852.60,69.75,0.447,4.167,0.341,banana,fresh
16830133,16645,91.35,852.45,69.80,0.446,4.166,0.341,banana,fresh
16831143,16646,91.55,852.60,69.65,0.447,4.167,0.340,banana,fresh
16832155,16647,91.70,852.55,69.75,0.448,4.167,0.341,banana,fresh
16833166,16648,91.60,852.80,69.65,0.448,4.168,0.340,banana,fresh
16834177,16649,91.65,852.85,69.75,0.448,4.168,0.341,banana,fresh
16835188,16650,91.55,852.60,69.55,0.447,4.167,0.340,banana,fresh
16836199,16651,91.60,852.60,69.75,0.448,4.167,0.341,banana,fresh
16837211,16652,91.40,852.65,69.85,0.447,4.167,0.341,banana,fresh
16838221,16653,91.55,852.40,69.55,0.447,4.166,0.340,banana,fresh
16839233,16654,91.50,852.70,69.70,0.447,4.168,0.341,banana,fresh
16840244,16655,91.55,852.65,69.65,0.447,4.167,0.340,banana,fresh
16841254,16656,91.45,852.60,69.85,0.447,4.167,0.341,banana,fresh
16842266,16657,91.65,852.65,69.65,0.448,4.167,0.340,banana,fresh
16843277,16658,91.55,852.60,69.70,0.447,4.167,0.341,banana,fresh
16844289,16659,91.40,852.45,69.85,0.447,4.166,0.341,banana,fresh
16845299,16660,91.40,852.50,69.65,0.447,4.167,0.340,banana,fresh
16846311,16661,91.25,852.40,69.85,0.446,4.166,0.341,banana,fresh
16847322,16662,91.55,852.50,69.75,0.447,4.167,0.341,banana,fresh
16848333,16663,91.45,852.75,69.75,0.447,4.168,0.341,banana,fresh
16849344,16664,91.50,852.60,69.85,0.447,4.167,0.341,banana,fresh
16850355,16665,91.60,852.60,69.70,0.448,4.167,0.341,banana,fresh
16851366,16666,91.65,852.70,69.60,0.448,4.168,0.340,banana,fresh
16852377,16667,91.50,852.45,69.75,0.447,4.166,0.341,banana,fresh
16853389,16668,91.50,852.65,69.65,0.447,4.167,0.340,banana,fresh
16854400,16669,91.30,852.40,69.60,0.446,4.166,0.340,banana,fresh
16855411,16670,91.75,852.55,69.70,0.448,4.167,0.341,banana,fresh
16856422,16671,91.50,852.60,69.60,0.447,4.167,0.340,banana,fresh
16857433,16672,91.60,852.50,69.75,0.448,4.167,0.341,banana,fresh
16858444,16673,91.60,852.70,69.70,0.448,4.168,0.341,banana,fresh
16859455,16674,91.50,852.70,69.80,0.447,4.168,0.341,banana,fresh
16860467,16675,91.50,852.50,69.60,0.447,4.167,0.340,banana,fresh
16861477,16676,91.45,852.65,69.75,0.447,4.167,0.341,banana,fresh
16862489,16677,91.65,852.35,69.75,0.448,4.166,0.341,banana,fresh
16863500,16678,91.45,852.70,69.90,0.447,4.168,0.342,banana,fresh
16864510,16679,91.60,852.75,69.70,0.448,4.168,0.341,banana,fresh
16865522,16680,91.40,852.55,69.65,0.447,4.167,0.340,banana,fresh
16866533,16681,91.55,852.55,69.65,0.447,4.167,0.340,banana,fresh
16867545,16682,91.55,852.75,69.65,0.447,4.168,0.340,banana,fresh
16868555,16683,91.60,852.50,69.80,0.448,4.167,0.341,banana,fresh
16869567,16684,91.40,852.50,69.55,0.447,4.167,0.340,banana,fresh
16870578,16685,91.60,852.55,69.70,0.448,4.167,0.341,banana,fresh
16871589,16686,91.50,852.60,69.50,0.447,4.167,0.340,banana,fresh
16872600,16687,91.75,852.65,69.50,0.448,4.167,0.340,banana,fresh
16873611,16688,91.35,852.75,69.55,0.446,4.168,0.340,banana,fresh
16874622,16689,91.40,852.55,69.75,0.447,4.167,0.341,banana,fresh
16875633,16690,91.65,852.45,69.85,0.448,4.166,0.341,banana,fresh
16876645,16691,91.50,852.70,69.65,0.447,4.168,0.340,banana,fresh
16877656,16692,91.60,852.50,69.85,0.448,4.167,0.341,banana,fresh
16878667,16693,91.40,852.75,69.65,0.447,4.168,0.340,banana,fresh
16879678,16694,91.55,852.65,69.55,0.447,4.167,0.340,banana,fresh
16880689,16695,91.75,852.55,69.60,0.448,4.167,0.340,banana,fresh
16881700,16696,91.60,852.65,69.85,0.448,4.167,0.341,banana,fresh
16882711,16697,91.45,852.65,69.65,0.447,4.167,0.340,banana,fresh
16883723,16698,91.80,852.55,69.45,0.449,4.167,0.339,banana,fresh
16884733,16699,91.50,852.70,69.60,0.447,4.168,0.340,banana,fresh
16885745,16700,91.60,852.70,69.75,0.448,4.168,0.341,banana,fresh
16886756,16701,91.60,852.65,69.75,0.448,4.167,0.341,banana,fresh
16887768,16702,91.55,852.45,69.70,0.447,4.166,0.341,banana,fresh
16888778,16703,91.55,852.70,69.65,0.447,4.168,0.340,banana,fresh
16889789,16704,91.40,852.65,69.80,0.447,4.167,0.341,banana,fresh
16890801,16705,91.60,852.55,69.70,0.448,4.167,0.341,banana,fresh
16891811,16706,91.50,852.60,69.65,0.447,4.167,0.340,banana,fresh
16892823,16707,91.35,852.55,69.75,0.446,4.167,0.341,banana,fresh
16893834,16708,91.80,852.60,69.75,0.449,4.167,0.341,banana,fresh
16894845,16709,91.45,852.65,69.60,0.447,4.167,0.340,banana,fresh
16895856,16710,91.60,852.70,69.60,0.448,4.168,0.340,banana,fresh
16896867,16711,91.40,852.55,69.90,0.447,4.167,0.342,banana,fresh
16897879,16712,91.60,852.55,69.80,0.448,4.167,0.341,banana,fresh
16898889,16713,91.75,852.65,69.65,0.448,4.167,0.340,banana,fresh
16899901,16714,91.50,852.65,69.70,0.447,4.167,0.341,banana,fresh
16900912,16715,91.45,852.55,69.70,0.447,4.167,0.341,banana,fresh
16901923,16716,91.65,852.60,69.85,0.448,4.167,0.341,banana,fresh
16902934,16717,91.65,852.75,69.70,0.448,4.168,0.341,banana,fresh
16903945,16718,91.50,852.60,69.70,0.447,4.167,0.341,banana,fresh
16904956,16719,91.65,852.65,69.70,0.448,4.167,0.341,banana,fresh
16905967,16720,91.55,852.65,69.70,0.447,4.167,0.341,banana,fresh
16906979,16721,91.50,852.60,69.75,0.447,4.167,0.341,banana,fresh
16907990,16722,91.60,852.60,69.70,0.448,4.167,0.341,banana,fresh
16909001,16723,91.50,852.45,69.65,0.447,4.166,0.340,banana,fresh
16910012,16724,91.60,852.55,69.75,0.448,4.167,0.341,banana,fresh
16911024,16725,91.55,852.70,69.75,0.447,4.168,0.341,banana,fresh
16912034,16726,91.50,852.55,69.80,0.447,4.167,0.341,banana,fresh
16913045,16727,91.65,852.60,69.55,0.448,4.167,0.340,banana,fresh
16914057,16728,91.55,852.60,69.80,0.447,4.167,0.341,banana,fresh
16915067,16729,91.50,852.60,69.95,0.447,4.167,0.342,banana,fresh
16916079,16730,91.60,852.75,69.60,0.448,4.168,0.340,banana,fresh
16917090,16731,91.50,852.75,69.60,0.447,4.168,0.340,banana,fresh
16918102,16732,91.50,852.75,69.55,0.447,4.168,0.340,banana,fresh
16919112,16733,91.70,852.75,69.60,0.448,4.168,0.340,banana,fresh
16920123,16734,91.55,852.55,69.70,0.447,4.167,0.341,banana,fresh
16921135,16735,91.45,852.65,69.80,0.447,4.167,0.341,banana,fresh
16922145,16736,91.60,852.65,69.85,0.448,4.167,0.341,banana,fresh
16923157,16737,91.60,852.90,69.80,0.448,4.169,0.341,banana,fresh
16924168,16738,91.50,852.55,69.70,0.447,4.167,0.341,banana,fresh
16925179,16739,91.55,852.75,69.40,0.447,4.168,0.339,banana,fresh
16926190,16740,91.55,852.55,69.70,0.447,4.167,0.341,banana,fresh
16927202,16741,91.40,852.65,69.75,0.447,4.167,0.341,banana,fresh
16928212,16742,91.35,852.70,69.70,0.446,4.168,0.341,banana,fresh
16929223,16743,91.55,852.50,69.60,0.447,4.167,0.340,banana,fresh
16930235,16744,91.75,852.60,69.70,0.448,4.167,0.341,banana,fresh
16931246,16745,91.55,852.60,69.70,0.447,4.167,0.341,banana,fresh
16932257,16746,91.65,852.55,69.75,0.448,4.167,0.341,banana,fresh
16933268,16747,91.60,852.55,69.75,0.448,4.167,0.341,banana,fresh
16934280,16748,91.60,852.65,69.40,0.448,4.167,0.339,banana,fresh
16935290,16749,91.55,852.50,69.55,0.447,4.167,0.340,banana,fresh
16936301,16750,91.45,852.70,69.55,0.447,4.168,0.340,banana,fresh
16937313,16751,91.50,852.70,69.85,0.447,4.168,0.341,banana,fresh
16938323,16752,91.50,852.65,69.60,0.447,4.167,0.340,banana,fresh
16939335,16753,91.70,852.80,69.95,0.448,4.168,0.342,banana,fresh
16940346,16754,91.65,852.55,69.55,0.448,4.167,0.340,banana,fresh
16941358,16755,91.70,852.65,69.70,0.448,4.167,0.341,banana,fresh
16942368,16756,91.65,852.70,69.85,0.448,4.168,0.341,banana,fresh
16943380,16757,91.60,852.75,69.50,0.448,4.168,0.340,banana,fresh
16944391,16758,91.65,852.70,69.50,0.448,4.168,0.340,banana,fresh
16945401,16759,91.50,852.65,69.75,0.447,4.167,0.341,banana,fresh
16946413,16760,91.65,852.55,69.50,0.448,4.167,0.340,banana,fresh
16947424,16761,91.60,852.70,69.60,0.448,4.168,0.340,banana,fresh
16948435,16762,91.55,852.50,69.60,0.447,4.167,0.340,banana,fresh
16949446,16763,91.45,852.50,69.60,0.447,4.167,0.340,banana,fresh
16950458,16764,91.65,852.55,69.70,0.448,4.167,0.341,banana,fresh
16951469,16765,91.65,852.80,69.65,0.448,4.168,0.340,banana,fresh
16952479,16766,91.50,852.70,69.55,0.447,4.168,0.340,banana,fresh
16953491,16767,91.70,852.70,69.70,0.448,4.168,0.341,banana,fresh
16954502,16768,91.55,852.80,69.80,0.447,4.168,0.341,banana,fresh
16955513,16769,91.55,852.70,69.80,0.447,4.168,0.341,banana,fresh
16956524,16770,91.50,852.50,69.70,0.447,4.167,0.341,banana,fresh
16957536,16771,91.75,852.55,69.60,0.448,4.167,0.340,banana,fresh
16958546,16772,91.45,852.75,69.75,0.447,4.168,0.341,banana,fresh
16959558,16773,91.55,852.70,69.60,0.447,4.168,0.340,banana,fresh
16960569,16774,91.75,852.55,69.60,0.448,4.167,0.340,banana,fresh
16961580,16775,91.40,852.80,69.65,0.447,4.168,0.340,banana,fresh
16962591,16776,91.55,852.65,69.65,0.447,4.167,0.340,banana,fresh
16963602,16777,91.70,852.70,69.55,0.448,4.168,0.340,banana,fresh
16964614,16778,91.45,852.70,69.70,0.447,4.168,0.341,banana,fresh
16965624,16779,91.50,852.55,69.75,0.447,4.167,0.341,banana,fresh
16966636,16780,91.55,852.75,69.70,0.447,4.168,0.341,banana,fresh
16967647,16781,91.50,852.75,69.80,0.447,4.168,0.341,banana,fresh
16968657,16782,91.60,852.70,69.65,0.448,4.168,0.340,banana,fresh
16969669,16783,91.45,852.55,69.80,0.447,4.167,0.341,banana,fresh
16970680,16784,91.55,852.75,69.55,0.447,4.168,0.340,banana,fresh
16971692,16785,91.55,852.65,69.70,0.447,4.167,0.341,banana,fresh
16972702,16786,91.55,852.75,69.50,0.447,4.168,0.340,banana,fresh
16973714,16787,91.75,852.60,69.75,0.448,4.167,0.341,banana,fresh
16974725,16788,91.40,852.65,69.60,0.447,4.167,0.340,banana,fresh
16975735,16789,91.60,852.75,69.75,0.448,4.168,0.341,banana,fresh
16976747,16790,91.60,852.75,69.60,0.448,4.168,0.340,banana,fresh
16977758,16791,91.60,852.60,69.80,0.448,4.167,0.341,banana,fresh
16978769,16792,91.50,852.65,69.70,0.447,4.167,0.341,banana,fresh
16979780,16793,91.60,852.75,69.70,0.448,4.168,0.341,banana,fresh
16980792,16794,91.40,852.70,69.50,0.447,4.168,0.340,banana,fresh
16981803,16795,91.55,852.65,69.50,0.447,4.167,0.340,banana,fresh
16982814,16796,91.50,852.70,69.65,0.447,4.168,0.340,banana,fresh
16983825,16797,91.65,852.70,69.75,0.448,4.168,0.341,banana,fresh
16984836,16798,91.70,852.70,69.85,0.448,4.168,0.341,banana,fresh
16985847,16799,91.55,852.70,69.75,0.447,4.168,0.341,banana,fresh
16986858,16800,91.40,852.70,69.60,0.447,4.168,0.340,banana,fresh
16987870,16801,91.60,852.55,69.70,0.448,4.167,0.341,banana,fresh
16988880,16802,91.70,852.75,69.50,0.448,4.168,0.340,banana,fresh
16989892,16803,91.60,852.65,69.65,0.448,4.167,0.340,banana,fresh
16990903,16804,91.70,852.70,69.65,0.448,4.168,0.340,banana,fresh
16991913,16805,91.60,852.55,69.80,0.448,4.167,0.341,banana,fresh
16992925,16806,91.65,852.60,69.75,0.448,4.167,0.341,banana,fresh
16993936,16807,91.65,852.85,69.70,0.448,4.168,0.341,banana,fresh
16994948,16808,91.70,852.70,69.70,0.448,4.168,0.341,banana,fresh
16995958,16809,91.45,852.70,69.75,0.447,4.168,0.341,banana,fresh
16996970,16810,91.45,852.75,69.80,0.447,4.168,0.341,banana,fresh
16997981,16811,91.60,852.80,69.65,0.448,4.168,0.340,banana,fresh
16998991,16812,91.70,852.65,69.75,0.448,4.167,0.341,banana,fresh
17000003,16813,91.55,852.60,69.65,0.447,4.167,0.340,banana,fresh
17001014,16814,91.55,852.80,69.75,0.447,4.168,0.341,banana,fresh
17002025,16815,91.75,852.70,69.90,0.448,4.168,0.342,banana,fresh
17003036,16816,91.55,852.70,69.65,0.447,4.168,0.340,banana,fresh
17004048,16817,91.55,852.80,69.65,0.447,4.168,0.340,banana,fresh
17005059,16818,91.45,852.55,69.75,0.447,4.167,0.341,banana,fresh
17006069,16819,91.45,852.85,69.75,0.447,4.168,0.341,banana,fresh
17007081,16820,91.50,852.60,69.75,0.447,4.167,0.341,banana,fresh
17008092,16821,91.40,852.80,69.80,0.447,4.168,0.341,banana,fresh
17009103,16822,91.60,852.75,69.75,0.448,4.168,0.341,banana,fresh
17010114,16823,91.65,852.60,69.65,0.448,4.167,0.340,banana,fresh
17011126,16824,91.45,852.75,69.75,0.447,4.168,0.341,banana,fresh
17012136,16825,91.60,852.65,69.80,0.448,4.167,0.341,banana,fresh
17013147,16826,91.70,852.80,69.65,0.448,4.168,0.340,banana,fresh
17014159,16827,91.55,852.65,69.70,0.447,4.167,0.341,banana,fresh
17015170,16828,91.60,852.65,69.75,0.448,4.167,0.341,banana,fresh
17016181,16829,91.55,852.60,69.80,0.447,4.167,0.341,banana,fresh
17017192,16830,91.50,852.70,69.70,0.447,4.168,0.341,banana,fresh
17018204,16831,91.60,852.55,69.75,0.448,4.167,0.341,banana,fresh
17019214,16832,91.50,852.80,69.75,0.447,4.168,0.341,banana,fresh
17020225,16833,91.75,852.70,69.85,0.448,4.168,0.341,banana,fresh
17021237,16834,91.60,852.65,69.75,0.448,4.167,0.341,banana,fresh
17022247,16835,91.55,852.90,69.65,0.447,4.169,0.340,banana,fresh
17023259,16836,91.55,852.70,69.75,0.447,4.168,0.341,banana,fresh
17024270,16837,91.50,852.90,69.70,0.447,4.169,0.341,banana,fresh
17025282,16838,91.35,852.75,69.80,0.446,4.168,0.341,banana,fresh
17026292,16839,91.50,852.80,69.45,0.447,4.168,0.339,banana,fresh
17027304,16840,91.55,852.85,69.70,0.447,4.168,0.341,banana,fresh
17028315,16841,91.50,852.70,69.65,0.447,4.168,0.340,banana,fresh
17029325,16842,91.55,852.85,69.70,0.447,4.168,0.341,banana,fresh
17030337,16843,91.90,852.80,69.70,0.449,4.168,0.341,banana,fresh
17031348,16844,91.60,852.70,69.60,0.448,4.168,0.340,banana,fresh
17032359,16845,91.50,852.75,69.75,0.447,4.168,0.341,banana,fresh
17033370,16846,91.65,852.75,69.70,0.448,4.168,0.341,banana,fresh
17034382,16847,91.60,852.65,69.55,0.448,4.167,0.340,banana,fresh
17035393,16848,91.75,852.75,69.65,0.448,4.168,0.340,banana,fresh
17036403,16849,91.60,852.50,69.70,0.448,4.167,0.341,banana,fresh
17037415,16850,91.55,852.50,69.70,0.447,4.167,0.341,banana,fresh
17038426,16851,91.55,852.70,69.60,0.447,4.168,0.340,banana,fresh
17039437,16852,91.65,852.65,69.70,0.448,4.167,0.341,banana,fresh
17040448,16853,91.55,852.70,69.60,0.447,4.168,0.340,banana,fresh
17041460,16854,91.35,852.80,69.65,0.446,4.168,0.340,banana,fresh
17042470,16855,91.55,852.70,69.65,0.447,4.168,0.340,banana,fresh
17043482,16856,91.55,852.70,69.75,0.447,4.168,0.341,banana,fresh
17044493,16857,91.55,852.80,69.85,0.447,4.168,0.341,banana,fresh
17045504,16858,91.35,852.65,69.60,0.446,4.167,0.340,banana,fresh
17046515,16859,91.60,852.55,69.85,0.448,4.167,0.341,banana,fresh
17047526,16860,91.55,852.70,69.70,0.447,4.168,0.341,banana,fresh
17048538,16861,91.60,852.75,69.75,0.448,4.168,0.341,banana,fresh
17049548,16862,91.45,852.55,69.70,0.447,4.167,0.341,banana,fresh
17050560,16863,91.55,852.75,69.75,0.447,4.168,0.341,banana,fresh
17051571,16864,91.75,852.55,69.70,0.448,4.167,0.341,banana,fresh
17052581,16865,91.45,852.95,69.60,0.447,4.169,0.340,banana,fresh
17053593,16866,91.60,852.65,69.65,0.448,4.167,0.340,banana,fresh
17054604,16867,91.55,852.70,69.75,0.447,4.168,0.341,banana,fresh
17055616,16868,91.75,852.65,69.65,0.448,4.167,0.340,banana,fresh
17056626,16869,91.55,852.70,69.80,0.447,4.168,0.341,banana,fresh
17057638,16870,91.60,852.65,69.70,0.448,4.167,0.341,banana,fresh
17058649,16871,91.55,852.85,69.40,0.447,4.168,0.339,banana,fresh
17059659,16872,91.45,852.65,69.70,0.447,4.167,0.341,banana,fresh
17060671,16873,91.65,852.70,69.70,0.448,4.168,0.341,banana,fresh
17061682,16874,91.50,852.70,69.50,0.447,4.168,0.340,banana,fresh
17062693,16875,91.55,852.65,69.75,0.447,4.167,0.341,banana,fresh
17063704,16876,91.60,852.75,69.85,0.448,4.168,0.341,banana,fresh
17064716,16877,91.60,852.65,69.90,0.448,4.167,0.342,banana,fresh
17065726,16878,91.80,852.60,69.75,0.449,4.167,0.341,banana,fresh
17066738,16879,91.45,852.75,69.55,0.447,4.168,0.340,banana,fresh
17067749,16880,91.55,852.85,69.55,0.447,4.168,0.340,banana,fresh
17068760,16881,91.40,852.90,69.75,0.447,4.169,0.341,banana,fresh
17069771,16882,91.55,852.85,69.80,0.447,4.168,0.341,banana,fresh
17070782,16883,91.40,852.60,69.80,0.447,4.167,0.341,banana,fresh
17071794,16884,91.40,852.70,69.60,0.447,4.168,0.340,banana,fresh
17072804,16885,91.40,852.65,69.90,0.447,4.167,0.342,banana,fresh
17073816,16886,91.50,852.75,69.60,0.447,4.168,0.340,banana,fresh
17074827,16887,91.65,852.65,69.55,0.448,4.167,0.340,banana,fresh
17075838,16888,91.35,852.85,69.55,0.446,4.168,0.340,banana,fresh
17076849,16889,91.55,852.80,69.60,0.447,4.168,0.340,banana,fresh
17077860,16890,91.70,852.80,69.75,0.448,4.168,0.341,banana,fresh
17078872,16891,91.60,852.85,69.90,0.448,4.168,0.342,banana,fresh
17079882,16892,91.55,852.90,69.60,0.447,4.169,0.340,banana,fresh
17080894,16893,91.50,852.55,69.60,0.447,4.167,0.340,banana,fresh
17081905,16894,91.50,852.75,69.60,0.447,4.168,0.340,banana,fresh
17082915,16895,91.55,852.80,69.80,0.447,4.168,0.341,banana,fresh
17083927,16896,91.45,852.85,69.65,0.447,4.168,0.340,banana,fresh
17084938,16897,91.70,852.80,69.60,0.448,4.168,0.340,banana,fresh
17085949,16898,91.70,852.80,69.70,0.448,4.168,0.341,banana,fresh
17086960,16899,91.50,852.75,69.70,0.447,4.168,0.341,banana,fresh
17087972,16900,91.55,852.65,69.65,0.447,4.167,0.340,banana,fresh
17088983,16901,91.65,852.90,69.45,0.448,4.169,0.339,banana,fresh
17089994,16902,91.65,852.80,69.80,0.448,4.168,0.341,banana,fresh
17091005,16903,91.60,852.75,69.60,0.448,4.168,0.340,banana,fresh
17092016,16904,91.45,852.75,69.70,0.447,4.168,0.341,banana,fresh
17093027,16905,91.45,852.80,69.60,0.447,4.168,0.340,banana,fresh
17094038,16906,91.75,852.80,69.70,0.448,4.168,0.341,banana,fresh
17095050,16907,91.55,852.65,69.85,0.447,4.167,0.341,banana,fresh
17096060,16908,91.55,852.85,69.80,0.447,4.168,0.341,banana,fresh
17097072,16909,91.40,852.80,69.60,0.447,4.168,0.340,banana,fresh
17098083,16910,91.35,852.65,69.50,0.446,4.167,0.340,banana,fresh
17099094,16911,91.70,852.90,69.70,0.448,4.169,0.341,banana,fresh
17100105,16912,91.50,852.65,69.95,0.447,4.167,0.342,banana,fresh
17101116,16913,91.65,852.75,69.70,0.448,4.168,0.341,banana,fresh
17102128,16914,91.45,852.80,69.65,0.447,4.168,0.340,banana,fresh
17103138,16915,91.60,852.80,69.65,0.448,4.168,0.340,banana,fresh
17104150,16916,91.60,852.80,69.80,0.448,4.168,0.341,banana,fresh
17105161,16917,91.60,852.70,69.70,0.448,4.168,0.341,banana,fresh
17106172,16918,91.50,852.75,69.75,0.447,4.168,0.341,banana,fresh
17107183,16919,91.50,852.70,69.75,0.447,4.168,0.341,banana,fresh
17108194,16920,91.50,852.85,69.45,0.447,4.168,0.339,banana,fresh
17109206,16921,91.55,852.90,69.90,0.447,4.169,0.342,banana,fresh
17110216,16922,91.60,852.75,69.90,0.448,4.168,0.342,banana,fresh
17111228,16923,91.40,852.75,69.75,0.447,4.168,0.341,banana,fresh
17112239,16924,91.60,852.80,69.55,0.448,4.168,0.340,banana,fresh
17113250,16925,91.45,852.75,69.80,0.447,4.168,0.341,banana,fresh
17114261,16926,91.60,852.70,69.75,0.448,4.168,0.341,banana,fresh
17115272,16927,91.60,853.00,69.75,0.448,4.169,0.341,banana,fresh
17116283,16928,91.55,852.75,69.75,0.447,4.168,0.341,banana,fresh
17117294,16929,91.45,852.70,69.55,0.447,4.168,0.340,banana,fresh
17118306,16930,91.60,852.85,69.65,0.448,4.168,0.340,banana,fresh
17119316,16931,91.45,852.85,69.55,0.447,4.168,0.340,banana,fresh
17120328,16932,91.65,852.85,69.75,0.448,4.168,0.341,banana,fresh
17121339,16933,91.65,852.60,69.70,0.448,4.167,0.341,banana,fresh
17122350,16934,91.65,852.85,69.55,0.448,4.168,0.340,banana,fresh
17123361,16935,91.45,852.80,69.55,0.447,4.168,0.340,banana,fresh
17124372,16936,91.45,852.65,69.65,0.447,4.167,0.340,banana,fresh
17125384,16937,91.40,852.85,69.75,0.447,4.168,0.341,banana,fresh
17126394,16938,91.50,852.80,69.65,0.447,4.168,0.340,banana,fresh
17127406,16939,91.65,852.70,69.80,0.448,4.168,0.341,banana,fresh
17128417,16940,91.50,852.70,69.75,0.447,4.168,0.341,banana,fresh
17129428,16941,91.60,852.75,69.70,0.448,4.168,0.341,banana,fresh
17130439,16942,91.70,852.70,69.90,0.448,4.168,0.342,banana,fresh
17131450,16943,91.30,852.85,69.75,0.446,4.168,0.341,banana,fresh
17132462,16944,91.55,852.90,69.60,0.447,4.169,0.340,banana,fresh
17133472,16945,91.40,852.85,69.75,0.447,4.168,0.341,banana,fresh
17134484,16946,91.45,852.55,69.60,0.447,4.167,0.340,banana,fresh
17135495,16947,91.55,852.85,69.70,0.447,4.168,0.341,banana,fresh
17136506,16948,91.65,852.95,69.70,0.448,4.169,0.341,banana,fresh
17137517,16949,91.50,852.85,69.60,0.447,4.168,0.340,banana,fresh
17138528,16950,91.45,852.85,69.75,0.447,4.168,0.341,banana,fresh
17139539,16951,91.45,852.75,69.65,0.447,4.168,0.340,banana,fresh
17140550,16952,91.55,852.95,69.45,0.447,4.169,0.339,banana,fresh
17141562,16953,91.65,852.65,69.65,0.448,4.167,0.340,banana,fresh
17142573,16954,91.55,852.75,69.70,0.447,4.168,0.341,banana,fresh
17143584,16955,91.45,852.80,69.60,0.447,4.168,0.340,banana,fresh
17144595,16956,91.40,852.80,69.80,0.447,4.168,0.341,banana,fresh
17145606,16957,91.40,852.80,69.55,0.447,4.168,0.340,banana,fresh
17146617,16958,91.40,852.90,69.80,0.447,4.169,0.341,banana,fresh
17147628,16959,91.45,852.85,69.70,0.447,4.168,0.341,banana,fresh
17148640,16960,91.50,852.95,69.65,0.447,4.169,0.340,banana,fresh
17149650,16961,91.65,852.85,69.80,0.448,4.168,0.341,banana,fresh
17150662,16962,91.75,852.95,69.70,0.448,4.169,0.341,banana,fresh
17151673,16963,91.50,852.80,69.80,0.447,4.168,0.341,banana,fresh
17152685,16964,91.50,852.80,69.85,0.447,4.168,0.341,banana,fresh
17153695,16965,91.60,852.85,69.65,0.448,4.168,0.340,banana,fresh
17154706,16966,91.50,852.80,69.85,0.447,4.168,0.341,banana,fresh
17155718,16967,91.35,852.90,69.70,0.446,4.169,0.341,banana,fresh
17156728,16968,91.50,852.75,69.75,0.447,4.168,0.341,banana,fresh
17157740,16969,91.80,852.75,69.55,0.449,4.168,0.340,banana,fresh
17158751,16970,91.55,852.80,69.75,0.447,4.168,0.341,banana,fresh
17159762,16971,91.45,852.75,69.80,0.447,4.168,0.341,banana,fresh
17160773,16972,91.65,852.85,69.85,0.448,4.168,0.341,banana,fresh
17161784,16973,91.40,852.65,69.80,0.447,4.167,0.341,banana,fresh
17162796,16974,91.50,852.85,69.70,0.447,4.168,0.341,banana,fresh
17163806,16975,91.55,852.70,69.80,0.447,4.168,0.341,banana,fresh
17164818,16976,91.55,852.80,69.60,0.447,4.168,0.340,banana,fresh
17165829,16977,91.55,852.70,69.80,0.447,4.168,0.341,banana,fresh
17166840,16978,91.45,852.70,69.90,0.447,4.168,0.342,banana,fresh
17167851,16979,91.40,852.80,69.60,0.447,4.168,0.340,banana,fresh
17168862,16980,91.70,852.85,69.75,0.448,4.168,0.341,banana,fresh
17169873,16981,91.45,852.95,69.70,0.447,4.169,0.341,banana,fresh
17170884,16982,91.45,852.85,69.85,0.447,4.168,0.341,banana,fresh
17171896,16983,91.50,852.90,69.65,0.447,4.169,0.340,banana,fresh
17172907,16984,91.60,852.80,69.70,0.448,4.168,0.341,banana,fresh
17173918,16985,91.50,852.70,69.70,0.447,4.168,0.341,banana,fresh
17174929,16986,91.65,852.85,69.65,0.448,4.168,0.340,banana,fresh
17175940,16987,91.55,852.80,69.70,0.447,4.168,0.341,banana,fresh
17176951,16988,91.65,852.95,69.75,0.448,4.169,0.341,banana,fresh
17177962,16989,91.55,852.90,69.65,0.447,4.169,0.340,banana,fresh
17178974,16990,91.55,852.80,69.70,0.447,4.168,0.341,banana,fresh
17179984,16991,91.40,852.90,69.80,0.447,4.169,0.341,banana,fresh
17180996,16992,91.55,852.85,69.70,0.447,4.168,0.341,banana,fresh
17182007,16993,91.65,852.95,69.80,0.448,4.169,0.341,banana,fresh
17183019,16994,91.50,853.00,69.75,0.447,4.169,0.341,banana,fresh
17184029,16995,91.45,852.95,69.75,0.447,4.169,0.341,banana,fresh
17185040,16996,91.60,852.90,69.80,0.448,4.169,0.341,banana,fresh
17186052,16997,91.40,852.75,69.75,0.447,4.168,0.341,banana,fresh
17187062,16998,91.50,852.95,69.70,0.447,4.169,0.341,banana,fresh
17188074,16999,91.65,852.75,69.75,0.448,4.168,0.341,banana,fresh
17189085,17000,91.50,852.80,69.70,0.447,4.168,0.341,banana,fresh
17190096,17001,91.65,852.80,69.60,0.448,4.168,0.340,banana,fresh
17191107,17002,91.45,852.70,69.65,0.447,4.168,0.340,banana,fresh
17192118,17003,91.35,852.95,69.55,0.446,4.169,0.340,banana,fresh
17193129,17004,91.55,852.95,69.90,0.447,4.169,0.342,banana,fresh
17194140,17005,91.60,852.95,69.85,0.448,4.169,0.341,banana,fresh
17195152,17006,91.50,852.95,69.70,0.447,4.169,0.341,banana,fresh
17196163,17007,91.35,852.90,69.65,0.446,4.169,0.340,banana,fresh
17197174,17008,91.65,852.75,69.90,0.448,4.168,0.342,banana,fresh
17198185,17009,91.50,852.80,69.55,0.447,4.168,0.340,banana,fresh
17199196,17010,91.55,852.85,69.85,0.447,4.168,0.341,banana,fresh
17200207,17011,91.45,852.85,69.70,0.447,4.168,0.341,banana,fresh
17201218,17012,91.50,853.00,69.75,0.447,4.169,0.341,banana,fresh
17202230,17013,91.45,852.85,69.55,0.447,4.168,0.340,banana,fresh
17203240,17014,91.75,852.95,69.50,0.448,4.169,0.340,banana,fresh
17204252,17015,91.40,852.95,69.75,0.447,4.169,0.341,banana,fresh
17205263,17016,91.55,852.95,69.70,0.447,4.169,0.341,banana,fresh
17206275,17017,91.45,852.90,69.80,0.447,4.169,0.341,banana,fresh
17207285,17018,91.30,852.90,69.70,0.446,4.169,0.341,banana,fresh
17208296,17019,91.55,853.00,69.80,0.447,4.169,0.341,banana,fresh
17209308,17020,91.50,852.75,69.65,0.447,4.168,0.340,banana,fresh
17210318,17021,91.65,852.90,69.60,0.448,4.169,0.340,banana,fresh
17211330,17022,91.60,852.95,69.70,0.448,4.169,0.341,banana,fresh
17212341,17023,91.50,852.70,69.60,0.447,4.168,0.340,banana,fresh
17213352,17024,91.60,852.90,69.65,0.448,4.169,0.340,banana,fresh
17214363,17025,91.30,853.00,69.65,0.446,4.169,0.340,banana,fresh
17215374,17026,91.35,852.95,69.70,0.446,4.169,0.341,banana,fresh
17216386,17027,91.50,852.90,69.90,0.447,4.169,0.342,banana,fresh
17217396,17028,91.60,852.75,69.80,0.448,4.168,0.341,banana,fresh
17218408,17029,91.70,852.95,69.70,0.448,4.169,0.341,banana,fresh
17219419,17030,91.70,852.90,69.50,0.448,4.169,0.340,banana,fresh
17220430,17031,91.50,852.70,69.75,0.447,4.168,0.341,banana,fresh
17221441,17032,91.55,852.85,69.60,0.447,4.168,0.340,banana,fresh
17222452,17033,91.45,853.00,69.50,0.447,4.169,0.340,banana,fresh
17223463,17034,91.75,853.00,69.65,0.448,4.169,0.340,banana,fresh
17224474,17035,91.55,852.85,69.60,0.447,4.168,0.340,banana,fresh
17225486,17036,91.65,852.95,69.50,0.448,4.169,0.340,banana,fresh
17226497,17037,91.45,852.70,69.75,0.447,4.168,0.341,banana,fresh
17227508,17038,91.60,852.90,69.65,0.448,4.169,0.340,banana,fresh
17228519,17039,91.60,852.95,69.70,0.448,4.169,0.341,banana,fresh
17229530,17040,91.55,852.80,69.60,0.447,4.168,0.340,banana,fresh
17230541,17041,91.50,852.90,69.45,0.447,4.169,0.339,banana,fresh
17231552,17042,91.45,852.95,69.80,0.447,4.169,0.341,banana,fresh
17232564,17043,91.55,852.90,69.45,0.447,4.169,0.339,banana,fresh
17233574,17044,91.55,852.95,69.70,0.447,4.169,0.341,banana,fresh
17234586,17045,91.40,852.90,69.75,0.447,4.169,0.341,banana,fresh
17235597,17046,91.45,853.00,69.65,0.447,4.169,0.340,banana,fresh
17236608,17047,91.50,852.85,69.70,0.447,4.168,0.341,banana,fresh
17237619,17048,91.60,853.00,69.75,0.448,4.169,0.341,banana,fresh
17238630,17049,91.55,852.95,69.65,0.447,4.169,0.340,banana,fresh
17239642,17050,91.55,853.00,69.80,0.447,4.169,0.341,banana,fresh
17240652,17051,91.40,853.00,69.60,0.447,4.169,0.340,banana,fresh
17241664,17052,91.75,852.75,69.70,0.448,4.168,0.341,banana,fresh
17242675,17053,91.60,852.90,69.60,0.448,4.169,0.340,banana,fresh
17243685,17054,91.45,852.95,69.60,0.447,4.169,0.340,banana,fresh
17244697,17055,91.60,852.80,69.75,0.448,4.168,0.341,banana,fresh
17245708,17056,91.50,852.90,69.70,0.447,4.169,0.341,banana,fresh
17246720,17057,91.40,852.90,69.50,0.447,4.169,0.340,banana,fresh
17247730,17058,91.70,852.95,69.65,0.448,4.169,0.340,banana,fresh
17248742,17059,91.60,852.95,69.75,0.448,4.169,0.341,banana,fresh
17249753,17060,91.65,852.95,69.55,0.448,4.169,0.340,banana,fresh
17250763,17061,91.35,853.00,69.70,0.446,4.169,0.341,banana,fresh
17251775,17062,91.55,852.80,69.85,0.447,4.168,0.341,banana,fresh
17252786,17063,91.50,852.75,69.70,0.447,4.168,0.341,banana,fresh
17253797,17064,91.40,853.00,69.60,0.447,4.169,0.340,banana,fresh
17254808,17065,91.60,852.90,69.65,0.448,4.169,0.340,banana,fresh
17255820,17066,91.65,852.95,69.65,0.448,4.169,0.340,banana,fresh
17256830,17067,91.40,852.95,69.70,0.447,4.169,0.341,banana,fresh
17257841,17068,91.65,852.75,69.70,0.448,4.168,0.341,banana,fresh
17258853,17069,91.55,852.90,69.75,0.447,4.169,0.341,banana,fresh
17259864,17070,91.30,852.85,69.45,0.446,4.168,0.339,banana,fresh
17260875,17071,91.65,852.80,69.60,0.448,4.168,0.340,banana,fresh
17261886,17072,91.35,852.95,69.80,0.446,4.169,0.341,banana,fresh
17262898,17073,91.50,853.00,69.70,0.447,4.169,0.341,banana,fresh
17263908,17074,91.35,853.00,69.65,0.446,4.169,0.340,banana,fresh
17264919,17075,91.70,852.90,69.80,0.448,4.169,0.341,banana,fresh
17265931,17076,91.55,852.80,69.85,0.447,4.168,0.341,banana,fresh
17266941,17077,91.45,852.95,69.60,0.447,4.169,0.340,banana,fresh
17267953,17078,91.35,852.95,69.60,0.446,4.169,0.340,banana,fresh
17268964,17079,91.55,852.95,69.65,0.447,4.169,0.340,banana,fresh
17269976,17080,91.55,852.85,69.45,0.447,4.168,0.339,banana,fresh
17270986,17081,91.65,853.00,69.80,0.448,4.169,0.341,banana,fresh
17271998,17082,91.60,852.85,69.70,0.448,4.168,0.341,banana,fresh
17273009,17083,91.75,852.95,69.65,0.448,4.169,0.340,banana,fresh
17274019,17084,91.45,852.90,69.75,0.447,4.169,0.341,banana,fresh
17275031,17085,91.35,852.90,69.65,0.446,4.169,0.340,banana,fresh
17276042,17086,91.70,852.95,69.80,0.448,4.169,0.341,banana,fresh
17277053,17087,91.50,852.85,69.60,0.447,4.168,0.340,banana,fresh
17278064,17088,91.50,852.95,69.65,0.447,4.169,0.340,banana,fresh
17279076,17089,91.35,852.80,69.70,0.446,4.168,0.341,banana,fresh
17280087,17090,91.55,853.00,69.70,0.447,4.169,0.341,banana,fresh
17281097,17091,91.35,852.90,69.60,0.446,4.169,0.340,banana,fresh
17282109,17092,91.55,852.90,69.60,0.447,4.169,0.340,banana,fresh
17283120,17093,91.70,852.90,69.50,0.448,4.169,0.340,banana,fresh
17284131,17094,91.65,852.75,69.75,0.448,4.168,0.341,banana,fresh
17285142,17095,91.85,853.00,69.65,0.449,4.169,0.340,banana,fresh
17286154,17096,91.55,852.95,69.65,0.447,4.169,0.340,banana,fresh
17287164,17097,91.40,853.00,69.65,0.447,4.169,0.340,banana,fresh
17288175,17098,91.70,852.80,69.50,0.448,4.168,0.340,banana,fresh
17289187,17099,91.45,852.90,69.70,0.447,4.169,0.341,banana,fresh
17290198,17100,91.55,852.95,69.60,0.447,4.169,0.340,banana,fresh
17291209,17101,91.75,852.85,69.70,0.448,4.168,0.341,banana,fresh
17292220,17102,91.45,852.80,69.50,0.447,4.168,0.340,banana,fresh
17293232,17103,91.55,852.85,69.65,0.447,4.168,0.340,banana,fresh
17294242,17104,91.45,852.85,69.75,0.447,4.168,0.341,banana,fresh
17295254,17105,91.50,852.85,69.55,0.447,4.168,0.340,banana,fresh
17296265,17106,91.55,852.90,69.60,0.447,4.169,0.340,banana,fresh
17297275,17107,91.45,852.80,69.55,0.447,4.168,0.340,banana,fresh
17298287,17108,91.60,852.95,69.60,0.448,4.169,0.340,banana,fresh
17299298,17109,91.55,852.90,69.60,0.447,4.169,0.340,banana,fresh
17300310,17110,91.45,853.00,69.80,0.447,4.169,0.341,banana,fresh
17301320,17111,91.65,852.95,69.40,0.448,4.169,0.339,banana,fresh
17302332,17112,91.40,853.05,69.70,0.447,4.169,0.341,banana,fresh
17303343,17113,91.45,853.00,69.75,0.447,4.169,0.341,banana,fresh
17304353,17114,91.50,852.90,69.60,0.447,4.169,0.340,banana,fresh
17305365,17115,91.30,852.90,69.75,0.446,4.169,0.341,banana,fresh
17306376,17116,91.50,852.90,69.85,0.447,4.169,0.341,banana,fresh
17307387,17117,91.60,852.95,69.50,0.448,4.169,0.340,banana,fresh
17308398,17118,91.55,853.00,69.70,0.447,4.169,0.341,banana,fresh
17309410,17119,91.55,852.90,69.55,0.447,4.169,0.340,banana,fresh
17310420,17120,91.70,852.90,69.75,0.448,4.169,0.341,banana,fresh
17311431,17121,91.45,853.00,69.70,0.447,4.169,0.341,banana,fresh
17312443,17122,91.80,852.95,69.75,0.449,4.169,0.341,banana,fresh
17313454,17123,91.45,852.90,69.55,0.447,4.169,0.340,banana,fresh
17314465,17124,91.55,852.90,69.65,0.447,4.169,0.340,banana,fresh
17315476,17125,91.60,853.00,69.70,0.448,4.169,0.341,banana,fresh
17316488,17126,91.50,852.95,69.60,0.447,4.169,0.340,banana,fresh
17317498,17127,91.70,853.00,69.90,0.448,4.169,0.342,banana,fresh
17318509,17128,91.60,853.00,69.55,0.448,4.169,0.340,banana,fresh
17319521,17129,91.70,852.90,69.70,0.448,4.169,0.341,banana,fresh
17320531,17130,91.60,853.00,69.60,0.448,4.169,0.340,banana,fresh
17321543,17131,91.60,852.95,69.60,0.448,4.169,0.340,banana,fresh
17322554,17132,91.45,852.90,69.60,0.447,4.169,0.340,banana,fresh
17323566,17133,91.70,853.00,69.90,0.448,4.169,0.342,banana,fresh
17324576,17134,91.55,853.00,69.60,0.447,4.169,0.340,banana,fresh
17325587,17135,91.80,853.00,69.75,0.449,4.169,0.341,banana,fresh
17326599,17136,91.65,852.80,69.70,0.448,4.168,0.341,banana,fresh
17327609,17137,91.65,853.00,69.65,0.448,4.169,0.340,banana,fresh
17328621,17138,91.60,852.95,69.75,0.448,4.169,0.341,banana,fresh
17329632,17139,91.55,852.90,69.70,0.447,4.169,0.341,banana,fresh
17330643,17140,91.50,852.85,69.65,0.447,4.168,0.340,banana,fresh
17331654,17141,91.60,853.00,69.70,0.448,4.169,0.341,banana,fresh
17332665,17142,91.75,852.90,69.60,0.448,4.169,0.340,banana,fresh
17333677,17143,91.45,852.90,69.70,0.447,4.169,0.341,banana,fresh
17334687,17144,91.70,852.95,69.50,0.448,4.169,0.340,banana,fresh
17335699,17145,91.65,852.90,69.75,0.448,4.169,0.341,banana,fresh
17336710,17146,91.60,853.00,69.70,0.448,4.169,0.341,banana,fresh
17337721,17147,91.70,852.95,69.65,0.448,4.169,0.340,banana,fresh
17338732,17148,91.65,853.00,69.60,0.448,4.169,0.340,banana,fresh
17339743,17149,91.45,853.00,69.65,0.447,4.169,0.340,banana,fresh
17340754,17150,91.60,852.95,69.85,0.448,4.169,0.341,banana,fresh
17341765,17151,91.55,853.00,69.55,0.447,4.169,0.340,banana,fresh
17342777,17152,91.60,853.00,69.65,0.448,4.169,0.340,banana,fresh
17343788,17153,91.45,852.90,69.55,0.447,4.169,0.340,banana,fresh
17344799,17154,91.60,853.00,69.80,0.448,4.169,0.341,banana,fresh
17345810,17155,91.45,852.90,69.75,0.447,4.169,0.341,banana,fresh
17346821,17156,91.55,852.95,69.65,0.447,4.169,0.340,banana,fresh
17347832,17157,91.60,853.00,69.75,0.448,4.169,0.341,banana,fresh
17348843,17158,91.60,853.00,69.60,0.448,4.169,0.340,banana,fresh
17349855,17159,91.25,853.00,69.80,0.446,4.169,0.341,banana,fresh
17350865,17160,91.60,853.00,69.70,0.448,4.169,0.341,banana,fresh
17351877,17161,91.55,852.85,69.65,0.447,4.168,0.340,banana,fresh
17352888,17162,91.55,852.95,69.50,0.447,4.169,0.340,banana,fresh
17353900,17163,91.45,853.00,69.75,0.447,4.169,0.341,banana,fresh
17354910,17164,91.65,853.00,69.80,0.448,4.169,0.341,banana,fresh
17355921,17165,91.60,852.90,69.85,0.448,4.169,0.341,banana,fresh
17356933,17166,91.45,853.00,69.80,0.447,4.169,0.341,banana,fresh
17357943,17167,91.45,853.00,69.75,0.447,4.169,0.341,banana,fresh
17358955,17168,91.50,852.95,69.55,0.447,4.169,0.340,banana,fresh
17359966,17169,91.55,852.95,69.65,0.447,4.169,0.340,banana,fresh
17360977,17170,91.50,852.90,69.85,0.447,4.169,0.341,banana,fresh
17361988,17171,91.55,852.95,69.50,0.447,4.169,0.340,banana,fresh
17362999,17172,91.55,852.95,69.70,0.447,4.169,0.341,banana,fresh
17364011,17173,91.50,852.90,69.80,0.447,4.169,0.341,banana,fresh
17365021,17174,91.70,852.95,69.60,0.448,4.169,0.340,banana,fresh
17366033,17175,91.55,852.95,69.60,0.447,4.169,0.340,banana,fresh
17367044,17176,91.65,852.95,69.65,0.448,4.169,0.340,banana,fresh
17368055,17177,91.55,852.90,69.60,0.447,4.169,0.340,banana,fresh
17369066,17178,91.45,853.00,69.70,0.447,4.169,0.341,banana,fresh
17370077,17179,91.50,853.00,69.60,0.447,4.169,0.340,banana,fresh
17371088,17180,91.65,852.95,69.70,0.448,4.169,0.341,banana,fresh
17372099,17181,91.60,852.95,69.70,0.448,4.169,0.341,banana,fresh
17373111,17182,91.55,852.90,69.70,0.447,4.169,0.341,banana,fresh
17374121,17183,91.70,853.00,69.70,0.448,4.169,0.341,banana,fresh
17375133,17184,91.60,853.00,69.70,0.448,4.169,0.341,banana,fresh
17376144,17185,91.50,852.85,69.75,0.447,4.168,0.341,banana,fresh
17377156,17186,91.55,853.00,69.55,0.447,4.169,0.340,banana,fresh
17378166,17187,91.45,852.95,69.65,0.447,4.169,0.340,banana,fresh
17379177,17188,91.45,852.95,69.85,0.447,4.169,0.341,banana,fresh
17380189,17189,91.50,852.95,69.80,0.447,4.169,0.341,banana,fresh
17381199,17190,91.35,852.95,69.85,0.446,4.169,0.341,banana,fresh
17382211,17191,91.65,853.00,69.70,0.448,4.169,0.341,banana,fresh
17383222,17192,91.60,853.00,69.75,0.448,4.169,0.341,banana,fresh
17384233,17193,91.50,853.00,69.65,0.447,4.169,0.340,banana,fresh
17385244,17194,91.65,852.95,69.70,0.448,4.169,0.341,banana,fresh
17386256,17195,91.55,853.00,69.75,0.447,4.169,0.341,banana,fresh
17387267,17196,91.65,853.00,69.75,0.448,4.169,0.341,banana,fresh
17388277,17197,91.70,852.95,69.55,0.448,4.169,0.340,banana,fresh
17389289,17198,91.65,852.90,69.70,0.448,4.169,0.341,banana,fresh
17390300,17199,91.35,853.00,69.75,0.446,4.169,0.341,banana,fresh
17391311,17200,91.60,852.95,69.60,0.448,4.169,0.340,banana,fresh
17392322,17201,91.70,852.95,69.75,0.448,4.169,0.341,banana,fresh
17393334,17202,91.35,852.95,69.65,0.446,4.169,0.340,banana,fresh
17394344,17203,91.35,853.00,69.80,0.446,4.169,0.341,banana,fresh
17395355,17204,91.65,852.95,69.70,0.448,4.169,0.341,banana,fresh
17396367,17205,91.75,852.90,69.70,0.448,4.169,0.341,banana,fresh
17397378,17206,91.60,852.95,69.60,0.448,4.169,0.340,banana,fresh
17398389,17207,91.45,853.00,69.65,0.447,4.169,0.340,banana,fresh
17399400,17208,91.75,852.90,69.75,0.448,4.169,0.341,banana,fresh
17400412,17209,91.60,852.95,69.80,0.448,4.169,0.341,banana,fresh
17401422,17210,91.35,852.95,69.75,0.446,4.169,0.341,banana,fresh
17402434,17211,91.55,852.95,69.70,0.447,4.169,0.341,banana,fresh
17403445,17212,91.55,852.95,69.65,0.447,4.169,0.340,banana,fresh
17404455,17213,91.55,853.00,69.75,0.447,4.169,0.341,banana,fresh
17405467,17214,91.45,853.00,69.75,0.447,4.169,0.341,banana,fresh
17406478,17215,91.60,852.95,69.60,0.448,4.169,0.340,banana,fresh
17407490,17216,91.80,853.00,69.75,0.449,4.169,0.341,banana,fresh
17408500,17217,91.55,853.00,69.75,0.447,4.169,0.341,banana,fresh
17409512,17218,91.60,852.95,69.75,0.448,4.169,0.341,banana,fresh
17410523,17219,91.45,852.95,69.55,0.447,4.169,0.340,banana,fresh
17411533,17220,91.70,852.95,69.70,0.448,4.169,0.341,banana,fresh
17412545,17221,91.60,853.00,69.80,0.448,4.169,0.341,banana,fresh
17413556,17222,91.65,853.00,69.65,0.448,4.169,0.340,banana,fresh
17414567,17223,91.50,853.00,69.60,0.447,4.169,0.340,banana,fresh
17415578,17224,91.55,852.95,69.65,0.447,4.169,0.340,banana,fresh
17416590,17225,91.45,853.00,69.65,0.447,4.169,0.340,banana,fresh
17417601,17226,91.70,852.90,69.65,0.448,4.169,0.340,banana,fresh
17418611,17227,91.70,852.95,69.60,0.448,4.169,0.340,banana,fresh
17419623,17228,91.55,852.90,69.60,0.447,4.169,0.340,banana,fresh
17420634,17229,91.75,852.95,69.50,0.448,4.169,0.340,banana,fresh
17421645,17230,91.55,852.95,69.55,0.447,4.169,0.340,banana,fresh
17422656,17231,91.60,852.95,69.90,0.448,4.169,0.342,banana,fresh
17423668,17232,91.50,853.00,69.80,0.447,4.169,0.341,banana,fresh
17424678,17233,91.40,853.00,69.75,0.447,4.169,0.341,banana,fresh
17425689,17234,91.65,853.00,69.80,0.448,4.169,0.341,banana,fresh
17426701,17235,91.65,853.00,69.65,0.448,4.169,0.340,banana,fresh
17427712,17236,91.45,853.00,69.75,0.447,4.169,0.341,banana,fresh
17428723,17237,91.50,853.00,69.85,0.447,4.169,0.341,banana,fresh
17429734,17238,91.60,852.95,69.80,0.448,4.169,0.341,banana,fresh
17430746,17239,91.65,853.00,69.80,0.448,4.169,0.341,banana,fresh
17431756,17240,91.70,853.00,69.75,0.448,4.169,0.341,banana,fresh
17432767,17241,91.50,852.90,69.75,0.447,4.169,0.341,banana,fresh
17433779,17242,91.65,852.95,69.75,0.448,4.169,0.341,banana,fresh
17434789,17243,91.60,852.90,69.70,0.448,4.169,0.341,banana,fresh
17435801,17244,91.70,852.95,69.90,0.448,4.169,0.342,banana,fresh
17436812,17245,91.60,853.00,69.65,0.448,4.169,0.340,banana,fresh
17437824,17246,91.50,852.95,69.75,0.447,4.169,0.341,banana,fresh
17438834,17247,91.50,853.00,69.75,0.447,4.169,0.341,banana,fresh
17439845,17248,91.50,853.00,69.75,0.447,4.169,0.341,banana,fresh
17440857,17249,91.70,853.00,69.65,0.448,4.169,0.340,banana,fresh
17441867,17250,91.80,853.00,69.75,0.449,4.169,0.341,banana,fresh
17442879,17251,91.65,852.95,69.80,0.448,4.169,0.341,banana,fresh
17443890,17252,91.60,852.95,69.75,0.448,4.169,0.341,banana,fresh
17444901,17253,91.75,853.00,69.70,0.448,4.169,0.341,banana,fresh
17445912,17254,91.55,852.95,69.90,0.447,4.169,0.342,banana,fresh
17446923,17255,91.50,852.95,69.60,0.447,4.169,0.340,banana,fresh
17447934,17256,91.75,852.90,69.85,0.448,4.169,0.341,banana,fresh
17448945,17257,91.60,853.00,69.75,0.448,4.169,0.341,banana,fresh
17449957,17258,91.40,852.95,69.70,0.447,4.169,0.341,banana,fresh
17450968,17259,91.50,853.00,69.70,0.447,4.169,0.341,banana,fresh
17451979,17260,91.60,852.90,69.70,0.448,4.169,0.341,banana,fresh
17452990,17261,91.75,852.95,69.65,0.448,4.169,0.340,banana,fresh
17454001,17262,91.65,853.00,69.60,0.448,4.169,0.340,banana,fresh
17455012,17263,91.45,852.95,69.65,0.447,4.169,0.340,banana,fresh
17456023,17264,91.55,853.00,69.80,0.447,4.169,0.341,banana,fresh
17457035,17265,91.55,853.00,69.85,0.447,4.169,0.341,banana,fresh
17458045,17266,91.60,853.05,69.80,0.448,4.169,0.341,banana,fresh
17459057,17267,91.55,852.95,69.75,0.447,4.169,0.341,banana,fresh
17460068,17268,91.55,853.00,69.70,0.447,4.169,0.341,banana,fresh
17461079,17269,91.55,853.00,69.85,0.447,4.169,0.341,banana,fresh
17462090,17270,91.45,853.00,69.75,0.447,4.169,0.341,banana,fresh
17463101,17271,91.60,852.90,69.90,0.448,4.169,0.342,banana,fresh
17464113,17272,91.55,853.00,69.80,0.447,4.169,0.341,banana,fresh
17465123,17273,91.55,853.00,69.65,0.447,4.169,0.340,banana,fresh
17466135,17274,91.60,852.95,69.75,0.448,4.169,0.341,banana,fresh
17467146,17275,91.65,853.00,69.75,0.448,4.169,0.341,banana,fresh
17468156,17276,91.70,853.00,69.65,0.448,4.169,0.340,banana,fresh
17469168,17277,91.65,852.95,69.60,0.448,4.169,0.340,banana,fresh
17470179,17278,91.65,853.00,69.80,0.448,4.169,0.341,banana,fresh
17471191,17279,91.50,852.90,69.70,0.447,4.169,0.341,banana,fresh
17472201,17280,91.75,852.90,69.70,0.448,4.169,0.341,banana,fresh
17473213,17281,91.50,853.00,69.75,0.447,4.169,0.341,banana,fresh
17474224,17282,91.60,853.00,69.75,0.448,4.169,0.341,banana,fresh
17475235,17283,91.50,853.00,69.85,0.447,4.169,0.341,banana,fresh
17476246,17284,91.75,853.00,69.85,0.448,4.169,0.341,banana,fresh
17477257,17285,91.55,852.95,69.75,0.447,4.169,0.341,banana,fresh
17478268,17286,91.50,853.00,69.85,0.447,4.169,0.341,banana,fresh
17479279,17287,91.60,852.95,69.80,0.448,4.169,0.341,banana,fresh
17480291,17288,91.60,852.95,69.75,0.448,4.169,0.341,banana,fresh
17481302,17289,91.65,853.00,69.85,0.448,4.169,0.341,banana,fresh
17482313,17290,91.55,853.00,69.70,0.447,4.169,0.341,banana,fresh
17483324,17291,91.55,852.95,69.60,0.447,4.169,0.340,banana,fresh
17484335,17292,91.40,853.00,69.55,0.447,4.169,0.340,banana,fresh
17485346,17293,91.75,853.00,69.70,0.448,4.169,0.341,banana,fresh
17486357,17294,91.65,853.00,69.80,0.448,4.169,0.341,banana,fresh
17487369,17295,91.65,853.00,69.80,0.448,4.169,0.341,banana,fresh
17488379,17296,91.70,853.00,69.60,0.448,4.169,0.340,banana,fresh
17489391,17297,91.70,853.00,69.60,0.448,4.169,0.340,banana,fresh
17490402,17298,91.60,853.00,69.80,0.448,4.169,0.341,banana,fresh
17491412,17299,91.65,853.00,69.80,0.448,4.169,0.341,banana,fresh
17492424,17300,91.50,853.00,69.70,0.447,4.169,0.341,banana,fresh
17493435,17301,91.65,853.00,69.95,0.448,4.169,0.342,banana,fresh
17494447,17302,91.70,853.00,69.70,0.448,4.169,0.341,banana,fresh
17495457,17303,91.70,853.00,69.65,0.448,4.169,0.340,banana,fresh
17496469,17304,91.80,852.90,69.70,0.449,4.169,0.341,banana,fresh
17497480,17305,91.50,853.05,69.95,0.447,4.169,0.342,banana,fresh
17498490,17306,91.55,852.95,69.90,0.447,4.169,0.342,banana,fresh
17499502,17307,91.70,853.00,69.75,0.448,4.169,0.341,banana,fresh
17500513,17308,91.55,853.00,69.80,0.447,4.169,0.341,banana,fresh
17501524,17309,91.65,853.00,69.80,0.448,4.169,0.341,banana,fresh
17502535,17310,91.65,853.00,69.85,0.448,4.169,0.341,banana,fresh
17503547,17311,91.45,853.00,69.90,0.447,4.169,0.342,banana,fresh
17504558,17312,91.40,853.00,69.80,0.447,4.169,0.341,banana,fresh
17505568,17313,91.50,853.00,69.70,0.447,4.169,0.341,banana,fresh
17506580,17314,91.65,852.95,69.70,0.448,4.169,0.341,banana,fresh
17507591,17315,91.60,853.00,69.80,0.448,4.169,0.341,banana,fresh
17508602,17316,91.55,853.00,69.90,0.447,4.169,0.342,banana,fresh
17509613,17317,91.55,853.00,69.70,0.447,4.169,0.341,banana,fresh
17510625,17318,91.60,853.00,69.85,0.448,4.169,0.341,banana,fresh
17511635,17319,91.55,852.95,69.75,0.447,4.169,0.341,banana,fresh
17512646,17320,91.70,853.00,69.70,0.448,4.169,0.341,banana,fresh
17513658,17321,91.50,853.00,69.85,0.447,4.169,0.341,banana,fresh
17514669,17322,91.50,853.00,69.70,0.447,4.169,0.341,banana,fresh
17515680,17323,91.80,853.00,69.90,0.449,4.169,0.342,banana,fresh
17516691,17324,91.45,853.00,69.80,0.447,4.169,0.341,banana,fresh
17517703,17325,91.50,853.00,69.75,0.447,4.169,0.341,banana,fresh
17518713,17326,91.55,853.00,69.80,0.447,4.169,0.341,banana,fresh
17519724,17327,91.30,853.00,69.85,0.446,4.169,0.341,banana,fresh
17520736,17328,91.55,853.00,69.80,0.447,4.169,0.341,banana,fresh
17521746,17329,91.70,853.00,69.85,0.448,4.169,0.341,banana,fresh
17522758,17330,91.55,853.00,69.85,0.447,4.169,0.341,banana,fresh
17523769,17331,91.60,853.00,69.80,0.448,4.169,0.341,banana,fresh
17524781,17332,91.60,853.00,69.85,0.448,4.169,0.341,banana,fresh
17525791,17333,91.55,852.95,69.65,0.447,4.169,0.340,banana,fresh
17526802,17334,91.60,853.00,69.75,0.448,4.169,0.341,banana,fresh
17527814,17335,91.50,853.00,69.75,0.447,4.169,0.341,banana,fresh
17528824,17336,91.70,852.95,69.85,0.448,4.169,0.341,banana,fresh
17529836,17337,91.50,853.00,69.75,0.447,4.169,0.341,banana,fresh
17530847,17338,91.70,853.00,69.65,0.448,4.169,0.340,banana,fresh
17531858,17339,91.55,853.00,69.75,0.447,4.169,0.341,banana,fresh
17532869,17340,91.70,853.00,69.65,0.448,4.169,0.340,banana,fresh
17533880,17341,91.60,853.00,69.75,0.448,4.169,0.341,banana,fresh
17534892,17342,91.65,853.00,69.75,0.448,4.169,0.341,banana,fresh
17535902,17343,91.50,853.00,69.80,0.447,4.169,0.341,banana,fresh
17536914,17344,91.50,853.00,69.75,0.447,4.169,0.341,banana,fresh
17537925,17345,91.65,853.05,69.80,0.448,4.169,0.341,banana,fresh
17538936,17346,91.50,853.00,69.70,0.447,4.169,0.341,banana,fresh
17539947,17347,91.55,853.00,69.60,0.447,4.169,0.340,banana,fresh
17540958,17348,91.65,853.05,69.75,0.448,4.169,0.341,banana,fresh
17541969,17349,91.45,853.00,69.90,0.447,4.169,0.342,banana,fresh
17542980,17350,91.70,852.95,69.65,0.448,4.169,0.340,banana,fresh
17543992,17351,91.55,853.00,69.70,0.447,4.169,0.341,banana,fresh
17545003,17352,91.60,853.00,69.85,0.448,4.169,0.341,banana,fresh
17546014,17353,91.50,853.00,69.80,0.447,4.169,0.341,banana,fresh
17547025,17354,91.70,853.00,69.80,0.448,4.169,0.341,banana,fresh
17548036,17355,91.50,852.95,69.95,0.447,4.169,0.342,banana,fresh
17549047,17356,91.75,853.00,69.95,0.448,4.169,0.342,banana,fresh
17550058,17357,91.65,853.05,69.80,0.448,4.169,0.341,banana,fresh
17551070,17358,91.45,852.95,69.90,0.447,4.169,0.342,banana,fresh
17552080,17359,91.65,853.00,69.65,0.448,4.169,0.340,banana,fresh
17553091,17360,91.65,853.00,69.80,0.448,4.169,0.341,banana,fresh
17554103,17361,91.50,853.00,69.90,0.447,4.169,0.342,banana,fresh
17555113,17362,91.80,853.00,69.75,0.449,4.169,0.341,banana,fresh
17556125,17363,91.55,853.00,69.80,0.447,4.169,0.341,banana,fresh
17557136,17364,91.65,853.00,69.80,0.448,4.169,0.341,banana,fresh
17558148,17365,91.65,853.00,69.80,0.448,4.169,0.341,banana,fresh
17559158,17366,91.65,853.00,69.70,0.448,4.169,0.341,banana,fresh
17560169,17367,91.70,853.00,69.85,0.448,4.169,0.341,banana,fresh
17561181,17368,91.70,853.00,69.95,0.448,4.169,0.342,banana,fresh
17562191,17369,91.65,853.00,69.90,0.448,4.169,0.342,banana,fresh
17563203,17370,91.60,853.00,69.85,0.448,4.169,0.341,banana,fresh
17564214,17371,91.60,852.95,69.70,0.448,4.169,0.341,banana,fresh
17565225,17372,91.55,853.00,69.80,0.447,4.169,0.341,banana,fresh
17566236,17373,91.65,853.00,69.70,0.448,4.169,0.341,banana,fresh
17567247,17374,91.55,853.00,69.60,0.447,4.169,0.340,banana,fresh
17568259,17375,91.50,853.00,69.85,0.447,4.169,0.341,banana,fresh
17569269,17376,91.65,853.00,69.80,0.448,4.169,0.341,banana,fresh
17570281,17377,91.55,853.00,69.85,0.447,4.169,0.341,banana,fresh
17571292,17378,91.60,853.00,69.75,0.448,4.169,0.341,banana,fresh
17572303,17379,91.55,852.95,69.80,0.447,4.169,0.341,banana,fresh
17573314,17380,91.60,853.00,69.80,0.448,4.169,0.341,banana,fresh
17574325,17381,91.55,853.00,69.80,0.447,4.169,0.341,banana,fresh
17575336,17382,91.70,853.00,69.85,0.448,4.169,0.341,banana,fresh
17576347,17383,91.65,852.95,69.90,0.448,4.169,0.342,banana,fresh
17577359,17384,91.65,853.00,69.75,0.448,4.169,0.341,banana,fresh
17578370,17385,91.30,853.00,69.85,0.446,4.169,0.341,banana,fresh
17579381,17386,91.65,853.00,69.85,0.448,4.169,0.341,banana,fresh
17580392,17387,91.75,853.00,69.70,0.448,4.169,0.341,banana,fresh
17581403,17388,91.45,853.00,69.85,0.447,4.169,0.341,banana,fresh
17582414,17389,91.55,852.95,69.85,0.447,4.169,0.341,banana,fresh
17583425,17390,91.65,853.00,69.80,0.448,4.169,0.341,banana,fresh
17584437,17391,91.65,852.95,69.75,0.448,4.169,0.341,banana,fresh
17585447,17392,91.65,853.00,69.75,0.448,4.169,0.341,banana,fresh
17586459,17393,91.65,853.00,69.70,0.448,4.169,0.341,banana,fresh
17587470,17394,91.60,853.00,69.75,0.448,4.169,0.341,banana,fresh
17588481,17395,91.65,853.00,69.80,0.448,4.169,0.341,banana,fresh
17589492,17396,91.60,853.00,69.75,0.448,4.169,0.341,banana,fresh
17590503,17397,91.65,853.00,69.85,0.448,4.169,0.341,banana,fresh
17591515,17398,91.65,852.95,69.85,0.448,4.169,0.341,banana,fresh
17592525,17399,91.55,853.00,69.75,0.447,4.169,0.341,banana,fresh
17593537,17400,91.65,853.00,69.85,0.448,4.169,0.341,banana,fresh
17594548,17401,91.70,853.00,69.75,0.448,4.169,0.341,banana,fresh
17595558,17402,91.70,853.00,69.60,0.448,4.169,0.340,banana,fresh
17596570,17403,91.55,853.00,69.80,0.447,4.169,0.341,banana,fresh
17597581,17404,91.35,853.00,69.70,0.446,4.169,0.341,banana,fresh
17598593,17405,91.75,853.00,69.85,0.448,4.169,0.341,banana,fresh
17599603,17406,91.50,853.05,69.70,0.447,4.169,0.341,banana,fresh
17600615,17407,91.60,853.00,69.70,0.448,4.169,0.341,banana,fresh
17601626,17408,91.70,853.05,69.70,0.448,4.169,0.341,banana,fresh
17602636,17409,91.55,853.00,69.85,0.447,4.169,0.341,banana,fresh
17603648,17410,91.65,853.00,69.80,0.448,4.169,0.341,banana,fresh
17604659,17411,91.70,853.00,69.70,0.448,4.169,0.341,banana,fresh
17605670,17412,91.70,853.00,69.70,0.448,4.169,0.341,banana,fresh
17606681,17413,91.55,853.00,69.75,0.447,4.169,0.341,banana,fresh
17607693,17414,91.55,853.00,69.80,0.447,4.169,0.341,banana,fresh
17608704,17415,91.55,853.00,69.75,0.447,4.169,0.341,banana,fresh
17609714,17416,91.65,853.00,69.85,0.448,4.169,0.341,banana,fresh
17610726,17417,91.70,853.00,69.80,0.448,4.169,0.341,banana,fresh
17611737,17418,91.50,853.00,69.85,0.447,4.169,0.341,banana,fresh
17612748,17419,91.70,853.00,69.85,0.448,4.169,0.341,banana,fresh
17613759,17420,91.70,853.00,69.75,0.448,4.169,0.341,banana,fresh
17614771,17421,91.80,853.00,69.80,0.449,4.169,0.341,banana,fresh
17615781,17422,91.80,853.00,69.80,0.449,4.169,0.341,banana,fresh
17616792,17423,91.65,853.00,69.90,0.448,4.169,0.342,banana,fresh
17617804,17424,91.65,853.00,69.80,0.448,4.169,0.341,banana,fresh
17618814,17425,91.55,853.00,69.85,0.447,4.169,0.341,banana,fresh
17619826,17426,91.50,853.00,69.90,0.447,4.169,0.342,banana,fresh
17620837,17427,91.85,853.00,69.80,0.449,4.169,0.341,banana,fresh
17621849,17428,91.65,853.00,69.85,0.448,4.169,0.341,banana,fresh
17622859,17429,91.60,853.00,69.85,0.448,4.169,0.341,banana,fresh
17623870,17430,91.95,853.00,69.90,0.449,4.169,0.342,banana,fresh
17624882,17431,91.75,853.00,69.60,0.448,4.169,0.340,banana,fresh
17625892,17432,91.65,853.00,69.70,0.448,4.169,0.341,banana,fresh
17626904,17433,91.55,853.00,69.80,0.447,4.169,0.341,banana,fresh
17627915,17434,91.65,853.05,69.80,0.448,4.169,0.341,banana,fresh
17628925,17435,91.45,853.00,69.90,0.447,4.169,0.342,banana,fresh
17629937,17436,91.70,852.95,69.85,0.448,4.169,0.341,banana,fresh
17630948,17437,91.85,853.00,69.85,0.449,4.169,0.341,banana,fresh
17631960,17438,91.60,853.00,70.00,0.448,4.169,0.342,banana,fresh
17632970,17439,91.80,853.00,69.75,0.449,4.169,0.341,banana,fresh
17633982,17440,91.75,853.00,69.70,0.448,4.169,0.341,banana,fresh
17634993,17441,91.80,852.95,69.90,0.449,4.169,0.342,banana,fresh
17636004,17442,91.55,853.05,69.90,0.447,4.169,0.342,banana,fresh
17637015,17443,91.90,853.00,69.85,0.449,4.169,0.341,banana,fresh
17638026,17444,91.75,853.00,69.90,0.448,4.169,0.342,banana,fresh
17639037,17445,91.65,853.00,69.80,0.448,4.169,0.341,banana,fresh
17640048,17446,91.75,853.00,69.80,0.448,4.169,0.341,banana,fresh
17641060,17447,91.70,852.95,69.80,0.448,4.169,0.341,banana,fresh
17642071,17448,91.60,853.00,69.85,0.448,4.169,0.341,banana,fresh
17643081,17449,91.65,852.95,69.90,0.448,4.169,0.342,banana,fresh
17644093,17450,91.75,853.00,69.80,0.448,4.169,0.341,banana,fresh
17645104,17451,91.70,853.00,69.80,0.448,4.169,0.341,banana,fresh
17646115,17452,91.80,853.00,69.80,0.449,4.169,0.341,banana,fresh
17647126,17453,91.60,853.05,69.85,0.448,4.169,0.341,banana,fresh
17648138,17454,91.75,853.00,69.80,0.448,4.169,0.341,banana,fresh
17649148,17455,91.80,853.00,70.00,0.449,4.169,0.342,banana,fresh
17650159,17456,91.85,853.00,69.95,0.449,4.169,0.342,banana,fresh
17651171,17457,91.70,853.05,69.90,0.448,4.169,0.342,banana,fresh
17652182,17458,91.85,853.00,69.90,0.449,4.169,0.342,banana,fresh
17653193,17459,91.65,853.00,69.75,0.448,4.169,0.341,banana,fresh
17654204,17460,91.65,853.00,69.80,0.448,4.169,0.341,banana,fresh
17655216,17461,91.70,853.00,69.90,0.448,4.169,0.342,banana,fresh
17656226,17462,91.75,853.00,69.90,0.448,4.169,0.342,banana,fresh
17657237,17463,91.85,853.00,69.95,0.449,4.169,0.342,banana,fresh
17658249,17464,91.75,853.00,69.90,0.448,4.169,0.342,banana,fresh
17659259,17465,91.85,853.00,69.95,0.449,4.169,0.342,banana,fresh
17660271,17466,91.65,853.00,70.00,0.448,4.169,0.342,banana,fresh
17661282,17467,91.80,853.00,69.80,0.449,4.169,0.341,banana,fresh
17662294,17468,91.85,853.00,69.75,0.449,4.169,0.341,banana,fresh
17663304,17469,91.90,853.00,69.95,0.449,4.169,0.342,banana,fresh
17664315,17470,91.90,853.00,69.85,0.449,4.169,0.341,banana,fresh
17665327,17471,91.85,853.00,69.80,0.449,4.169,0.341,banana,fresh
17666337,17472,91.75,853.00,69.95,0.448,4.169,0.342,banana,fresh
17667349,17473,91.65,853.00,69.90,0.448,4.169,0.342,banana,fresh
17668360,17474,91.85,853.05,69.95,0.449,4.169,0.342,banana,fresh
17669371,17475,91.85,853.00,69.85,0.449,4.169,0.341,banana,fresh
17670382,17476,91.60,853.00,69.80,0.448,4.169,0.341,banana,fresh
17671393,17477,91.70,852.95,70.00,0.448,4.169,0.342,banana,fresh
17672404,17478,91.75,853.00,69.85,0.448,4.169,0.341,banana,fresh
17673415,17479,91.75,853.00,69.90,0.448,4.169,0.342,banana,fresh
17674427,17480,91.75,853.00,69.80,0.448,4.169,0.341,banana,fresh
17675438,17481,91.75,853.00,69.85,0.448,4.169,0.341,banana,fresh
17676449,17482,91.80,853.00,69.95,0.449,4.169,0.342,banana,fresh
17677460,17483,91.85,853.05,70.00,0.449,4.169,0.342,banana,fresh
17678471,17484,91.75,853.00,69.70,0.448,4.169,0.341,banana,fresh
17679482,17485,91.80,853.00,69.80,0.449,4.169,0.341,banana,fresh
17680493,17486,91.80,853.05,69.85,0.449,4.169,0.341,banana,fresh
17681505,17487,91.80,853.05,69.95,0.449,4.169,0.342,banana,fresh
17682515,17488,91.70,853.00,69.90,0.448,4.169,0.342,banana,fresh
17683527,17489,91.75,853.00,69.75,0.448,4.169,0.341,banana,fresh
17684538,17490,91.75,853.00,69.90,0.448,4.169,0.342,banana,fresh
17685549,17491,91.85,853.00,69.95,0.449,4.169,0.342,banana,fresh
17686560,17492,91.80,853.00,69.85,0.449,4.169,0.341,banana,fresh
17687571,17493,91.80,853.00,69.90,0.449,4.169,0.342,banana,fresh
17688583,17494,91.80,853.00,69.80,0.449,4.169,0.341,banana,fresh
17689593,17495,91.80,853.05,69.80,0.449,4.169,0.341,banana,fresh
17690605,17496,91.50,853.05,69.95,0.447,4.169,0.342,banana,fresh
17691616,17497,91.90,853.00,69.95,0.449,4.169,0.342,banana,fresh
17692626,17498,91.80,853.00,70.00,0.449,4.169,0.342,banana,fresh
17693638,17499,91.75,853.00,70.00,0.448,4.169,0.342,banana,fresh
17694649,17500,91.65,853.00,69.90,0.448,4.169,0.342,banana,fresh
17695661,17501,91.80,853.00,69.95,0.449,4.169,0.342,banana,fresh
17696671,17502,91.80,853.00,69.95,0.449,4.169,0.342,banana,fresh
17697683,17503,91.85,853.00,69.75,0.449,4.169,0.341,banana,fresh
17698694,17504,91.80,853.00,69.90,0.449,4.169,0.342,banana,fresh
17699704,17505,91.90,853.00,69.90,0.449,4.169,0.342,banana,fresh
17700716,17506,91.95,853.00,69.90,0.449,4.169,0.342,banana,fresh
17701727,17507,91.75,852.95,69.90,0.448,4.169,0.342,banana,fresh
17702738,17508,91.80,853.05,69.90,0.449,4.169,0.342,banana,fresh
17703749,17509,91.85,853.00,69.95,0.449,4.169,0.342,banana,fresh
17704761,17510,91.65,853.00,69.90,0.448,4.169,0.342,banana,fresh
17705772,17511,91.75,853.00,69.90,0.448,4.169,0.342,banana,fresh
17706782,17512,91.80,853.00,69.90,0.449,4.169,0.342,banana,fresh
17707794,17513,91.75,853.00,69.85,0.448,4.169,0.341,banana,fresh
17708805,17514,91.90,853.00,69.85,0.449,4.169,0.341,banana,fresh
17709816,17515,91.75,853.00,70.00,0.448,4.169,0.342,banana,fresh
17710827,17516,91.85,853.00,69.95,0.449,4.169,0.342,banana,fresh
17711839,17517,91.80,853.00,69.90,0.449,4.169,0.342,banana,fresh
17712849,17518,91.85,853.00,69.80,0.449,4.169,0.341,banana,fresh
17713860,17519,91.70,853.00,69.75,0.448,4.169,0.341,banana,fresh
17714872,17520,91.85,853.00,69.85,0.449,4.169,0.341,banana,fresh
17715883,17521,91.85,853.05,69.90,0.449,4.169,0.342,banana,fresh
17716894,17522,91.80,853.05,69.85,0.449,4.169,0.341,banana,fresh
17717905,17523,91.80,853.00,69.90,0.449,4.169,0.342,banana,fresh
17718917,17524,91.85,853.00,69.90,0.449,4.169,0.342,banana,fresh
17719927,17525,91.80,853.00,69.95,0.449,4.169,0.342,banana,fresh
17720938,17526,91.80,853.00,69.90,0.449,4.169,0.342,banana,fresh
17721950,17527,91.85,852.95,69.80,0.449,4.169,0.341,banana,fresh
17722960,17528,91.80,852.95,69.80,0.449,4.169,0.341,banana,fresh
17723972,17529,91.85,852.95,69.90,0.449,4.169,0.342,banana,fresh
17724983,17530,91.60,853.00,69.90,0.448,4.169,0.342,banana,fresh
17725995,17531,91.90,852.95,69.90,0.449,4.169,0.342,banana,fresh
17727005,17532,91.85,853.00,69.90,0.449,4.169,0.342,banana,fresh
17728016,17533,91.85,853.00,69.95,0.449,4.169,0.342,banana,fresh
17729028,17534,91.70,853.05,70.00,0.448,4.169,0.342,banana,fresh
17730038,17535,91.85,853.00,70.00,0.449,4.169,0.342,banana,fresh
17731050,17536,91.80,853.05,69.90,0.449,4.169,0.342,banana,fresh
17732061,17537,91.85,853.00,70.00,0.449,4.169,0.342,banana,fresh
17733071,17538,91.80,853.00,69.90,0.449,4.169,0.342,banana,fresh
17734083,17539,91.90,852.95,69.90,0.449,4.169,0.342,banana,fresh
17735094,17540,91.80,853.00,70.00,0.449,4.169,0.342,banana,fresh
17736105,17541,91.95,853.00,69.90,0.449,4.169,0.342,banana,fresh
17737116,17542,91.75,853.00,70.00,0.448,4.169,0.342,banana,fresh
17738128,17543,91.75,853.00,69.90,0.448,4.169,0.342,banana,fresh
17739139,17544,91.90,853.00,69.95,0.449,4.169,0.342,banana,fresh
17740149,17545,91.70,853.00,70.00,0.448,4.169,0.342,banana,fresh
17741161,17546,92.00,853.00,69.90,0.450,4.169,0.342,banana,fresh
17742172,17547,91.75,853.05,69.85,0.448,4.169,0.341,banana,fresh
17743183,17548,91.95,853.00,69.85,0.449,4.169,0.341,banana,fresh
17744194,17549,91.85,853.00,69.95,0.449,4.169,0.342,banana,fresh
17745206,17550,91.80,853.00,69.80,0.449,4.169,0.341,banana,fresh
17746216,17551,91.80,853.00,70.00,0.449,4.169,0.342,banana,fresh
17747227,17552,91.80,853.00,69.95,0.449,4.169,0.342,banana,fresh
17748239,17553,91.90,853.00,69.85,0.449,4.169,0.341,banana,fresh
17749250,17554,91.75,853.00,69.90,0.448,4.169,0.342,banana,fresh
17750261,17555,91.90,853.00,69.90,0.449,4.169,0.342,banana,fresh
17751272,17556,91.75,853.00,69.80,0.448,4.169,0.341,banana,fresh
17752284,17557,91.75,853.10,69.95,0.448,4.170,0.342,banana,fresh
17753294,17558,91.80,853.00,69.90,0.449,4.169,0.342,banana,fresh
17754305,17559,91.90,853.00,69.95,0.449,4.169,0.342,banana,fresh
17755317,17560,91.90,853.00,70.00,0.449,4.169,0.342,banana,fresh
17756327,17561,91.80,853.00,70.00,0.449,4.169,0.342,banana,fresh
17757339,17562,91.80,853.00,69.90,0.449,4.169,0.342,banana,fresh
17758350,17563,91.90,853.00,69.95,0.449,4.169,0.342,banana,fresh
17759362,17564,92.00,853.05,70.00,0.450,4.169,0.342,banana,fresh
17760372,17565,92.00,853.00,69.90,0.450,4.169,0.342,banana,fresh
17761383,17566,91.90,853.00,69.90,0.449,4.169,0.342,banana,fresh
17762395,17567,91.85,853.00,69.85,0.449,4.169,0.341,banana,fresh
17763405,17568,91.85,853.00,69.85,0.449,4.169,0.341,banana,fresh
17764417,17569,91.90,853.00,69.95,0.449,4.169,0.342,banana,fresh
17765428,17570,91.85,853.00,70.00,0.449,4.169,0.342,banana,fresh
17766439,17571,91.95,853.00,70.00,0.449,4.169,0.342,banana,fresh
17767450,17572,91.85,853.00,69.95,0.449,4.169,0.342,banana,fresh
17768461,17573,91.90,853.00,69.95,0.449,4.169,0.342,banana,fresh
17769473,17574,91.85,853.00,69.85,0.449,4.169,0.341,banana,fresh
17770483,17575,91.75,853.00,69.95,0.448,4.169,0.342,banana,fresh
17771495,17576,91.75,853.00,69.95,0.448,4.169,0.342,banana,fresh
17772506,17577,91.95,853.00,69.90,0.449,4.169,0.342,banana,fresh
17773517,17578,91.85,853.00,69.95,0.449,4.169,0.342,banana,fresh
17774528,17579,91.75,852.95,70.00,0.448,4.169,0.342,banana,fresh
17775539,17580,91.95,853.00,69.90,0.449,4.169,0.342,banana,fresh
17776550,17581,91.75,853.00,69.85,0.448,4.169,0.341,banana,fresh
17777561,17582,91.75,853.00,69.95,0.448,4.169,0.342,banana,fresh
17778573,17583,91.95,853.05,69.90,0.449,4.169,0.342,banana,fresh
17779584,17584,91.90,853.05,69.90,0.449,4.169,0.342,banana,fresh
17780595,17585,91.85,853.00,69.90,0.449,4.169,0.342,banana,fresh
17781606,17586,92.00,853.00,69.90,0.450,4.169,0.342,banana,fresh
17782617,17587,91.75,853.00,69.95,0.448,4.169,0.342,banana,fresh
17783628,17588,91.80,853.00,70.00,0.449,4.169,0.342,banana,fresh
17784639,17589,91.80,853.00,69.85,0.449,4.169,0.341,banana,fresh
17785651,17590,91.90,853.00,69.95,0.449,4.169,0.342,banana,fresh
17786661,17591,91.75,853.00,69.95,0.448,4.169,0.342,banana,fresh
17787672,17592,91.90,853.00,69.85,0.449,4.169,0.341,banana,fresh
17788684,17593,91.90,852.95,70.00,0.449,4.169,0.342,banana,fresh
17789694,17594,91.95,853.00,70.00,0.449,4.169,0.342,banana,fresh
17790706,17595,91.95,853.00,69.90,0.449,4.169,0.342,banana,fresh
17791717,17596,91.70,853.05,69.90,0.448,4.169,0.342,banana,fresh
17792729,17597,91.95,853.05,69.95,0.449,4.169,0.342,banana,fresh
17793739,17598,91.90,853.00,70.00,0.449,4.169,0.342,banana,fresh
17794750,17599,91.75,853.00,69.95,0.448,4.169,0.342,banana,fresh
17795762,17600,91.95,853.00,69.90,0.449,4.169,0.342,banana,fresh
17796772,17601,91.75,853.00,69.90,0.448,4.169,0.342,banana,fresh
17797784,17602,91.75,852.95,70.00,0.448,4.169,0.342,banana,fresh
17798795,17603,91.85,853.00,70.00,0.449,4.169,0.342,banana,fresh
17799806,17604,91.80,853.00,69.90,0.449,4.169,0.342,banana,fresh
17800817,17605,91.90,853.00,70.00,0.449,4.169,0.342,banana,fresh
17801828,17606,91.80,853.00,69.80,0.449,4.169,0.341,banana,fresh
17802840,17607,91.90,853.00,69.90,0.449,4.169,0.342,banana,fresh
17803850,17608,91.85,853.00,69.90,0.449,4.169,0.342,banana,fresh
17804862,17609,91.85,852.95,69.90,0.449,4.169,0.342,banana,fresh
17805873,17610,91.85,853.00,69.90,0.449,4.169,0.342,banana,fresh
17806884,17611,91.80,853.05,69.95,0.449,4.169,0.342,banana,fresh
17807895,17612,91.70,853.00,70.00,0.448,4.169,0.342,banana,fresh
17808906,17613,91.85,853.00,70.00,0.449,4.169,0.342,banana,fresh
17809917,17614,91.90,853.00,69.95,0.449,4.169,0.342,banana,fresh
17810928,17615,91.95,853.00,70.00,0.449,4.169,0.342,banana,fresh
17811940,17616,91.80,853.00,69.75,0.449,4.169,0.341,banana,fresh
17812951,17617,91.90,853.00,69.95,0.449,4.169,0.342,banana,fresh
17813962,17618,91.90,853.00,70.00,0.449,4.169,0.342,banana,fresh
17814973,17619,91.70,853.00,69.90,0.448,4.169,0.342,banana,fresh
17815984,17620,91.90,853.00,69.90,0.449,4.169,0.342,banana,fresh
17816995,17621,91.80,853.00,69.90,0.449,4.169,0.342,banana,fresh
17818006,17622,91.85,853.00,69.90,0.449,4.169,0.342,banana,fresh
17819018,17623,91.80,853.00,69.90,0.449,4.169,0.342,banana,fresh
17820028,17624,91.95,853.00,69.85,0.449,4.169,0.341,banana,fresh
17821039,17625,91.85,853.00,69.95,0.449,4.169,0.342,banana,fresh
17822051,17626,91.85,853.00,69.95,0.449,4.169,0.342,banana,fresh
17823062,17627,91.90,853.00,69.95,0.449,4.169,0.342,banana,fresh
17824073,17628,91.90,853.00,69.95,0.449,4.169,0.342,banana,fresh
17825084,17629,91.90,853.00,69.95,0.449,4.169,0.342,banana,fresh
17826096,17630,92.00,853.00,69.95,0.450,4.169,0.342,banana,fresh
17827106,17631,91.90,853.00,69.95,0.449,4.169,0.342,banana,fresh
17828117,17632,91.85,852.95,69.95,0.449,4.169,0.342,banana,fresh
17829129,17633,91.90,853.00,69.90,0.449,4.169,0.342,banana,fresh
17830139,17634,91.85,853.00,69.95,0.449,4.169,0.342,banana,fresh
17831151,17635,91.95,853.00,69.95,0.449,4.169,0.342,banana,fresh
17832162,17636,91.95,853.00,70.00,0.449,4.169,0.342,banana,fresh
17833174,17637,91.90,853.00,70.00,0.449,4.169,0.342,banana,fresh
17834184,17638,91.95,853.00,69.85,0.449,4.169,0.341,banana,fresh
17835195,17639,91.90,853.05,70.00,0.449,4.169,0.342,banana,fresh
17836207,17640,91.90,853.00,69.90,0.449,4.169,0.342,banana,fresh
17837217,17641,91.95,853.00,69.95,0.449,4.169,0.342,banana,fresh
17838229,17642,92.00,853.05,69.95,0.450,4.169,0.342,banana,fresh
17839240,17643,91.90,852.95,70.00,0.449,4.169,0.342,banana,fresh
17840251,17644,91.95,853.00,70.00,0.449,4.169,0.342,banana,fresh
17841262,17645,92.00,852.95,70.00,0.450,4.169,0.342,banana,fresh
17842273,17646,91.95,853.00,69.90,0.449,4.169,0.342,banana,fresh
17843284,17647,91.90,853.00,70.00,0.449,4.169,0.342,banana,fresh
17844295,17648,91.90,853.05,69.95,0.449,4.169,0.342,banana,fresh
17845307,17649,91.90,853.00,70.00,0.449,4.169,0.342,banana,fresh
17846318,17650,91.95,853.05,70.00,0.449,4.169,0.342,banana,fresh
17847329,17651,91.85,853.00,70.00,0.449,4.169,0.342,banana,fresh
17848340,17652,91.75,853.00,70.00,0.448,4.169,0.342,banana,fresh
17849351,17653,91.95,853.00,69.95,0.449,4.169,0.342,banana,fresh
17850362,17654,91.85,853.10,70.00,0.449,4.170,0.342,banana,fresh
17851373,17655,92.00,853.00,70.00,0.450,4.169,0.342,banana,fresh
17852385,17656,91.85,853.00,69.95,0.449,4.169,0.342,banana,fresh
17853395,17657,91.90,853.00,69.85,0.449,4.169,0.341,banana,fresh
17854407,17658,91.95,853.00,70.00,0.449,4.169,0.342,banana,fresh
17855418,17659,91.90,853.00,69.85,0.449,4.169,0.341,banana,fresh
17856429,17660,91.90,853.00,69.95,0.449,4.169,0.342,banana,fresh
17857440,17661,91.95,853.00,70.00,0.449,4.169,0.342,banana,fresh
17858451,17662,92.00,853.00,69.90,0.450,4.169,0.342,banana,fresh
17859463,17663,91.90,853.00,69.95,0.449,4.169,0.342,banana,fresh
17860473,17664,91.90,853.00,70.00,0.449,4.169,0.342,banana,fresh
17861485,17665,91.85,853.00,70.00,0.449,4.169,0.342,banana,fresh
17862496,17666,91.95,853.00,69.85,0.449,4.169,0.341,banana,fresh
17863506,17667,91.90,853.00,70.00,0.449,4.169,0.342,banana,fresh
17864518,17668,91.90,853.00,70.00,0.449,4.169,0.342,banana,fresh
17865529,17669,91.95,853.00,70.00,0.449,4.169,0.342,banana,fresh
17866541,17670,91.85,853.00,70.00,0.449,4.169,0.342,banana,fresh
17867551,17671,91.75,853.00,70.00,0.448,4.169,0.342,banana,fresh
17868562,17672,91.95,853.00,70.00,0.449,4.169,0.342,banana,fresh
17869574,17673,91.80,853.00,70.00,0.449,4.169,0.342,banana,fresh
17870584,17674,92.00,853.05,69.90,0.450,4.169,0.342,banana,fresh
17871596,17675,92.00,853.05,69.90,0.450,4.169,0.342,banana,fresh
17872607,17676,91.90,853.05,69.95,0.449,4.169,0.342,banana,fresh
17873618,17677,91.85,853.00,70.00,0.449,4.169,0.342,banana,fresh
17874629,17678,92.00,853.00,70.00,0.450,4.169,0.342,banana,fresh
17875640,17679,92.00,853.00,70.00,0.450,4.169,0.342,banana,fresh
17876652,17680,91.85,853.00,69.95,0.449,4.169,0.342,banana,fresh
17877662,17681,91.95,853.00,69.95,0.449,4.169,0.342,banana,fresh
17878674,17682,91.90,853.00,69.95,0.449,4.169,0.342,banana,fresh
17879685,17683,92.00,853.05,69.90,0.450,4.169,0.342,banana,fresh
17880696,17684,91.90,853.00,69.95,0.449,4.169,0.342,banana,fresh
17881707,17685,92.00,853.00,69.95,0.450,4.169,0.342,banana,fresh
17882718,17686,91.95,853.00,69.95,0.449,4.169,0.342,banana,fresh
17883729,17687,92.00,853.00,70.00,0.450,4.169,0.342,banana,fresh
17884740,17688,92.00,853.00,69.95,0.450,4.169,0.342,banana,fresh
17885752,17689,92.00,853.00,70.00,0.450,4.169,0.342,banana,fresh
17886763,17690,91.85,853.05,70.00,0.449,4.169,0.342,banana,fresh
17887773,17691,92.00,853.00,69.90,0.450,4.169,0.342,banana,fresh
17888785,17692,91.90,853.00,69.95,0.449,4.169,0.342,banana,fresh
17889796,17693,91.85,853.00,69.95,0.449,4.169,0.342,banana,fresh
17890807,17694,91.95,853.00,70.00,0.449,4.169,0.342,banana,fresh
17891818,17695,91.95,853.05,70.00,0.449,4.169,0.342,banana,fresh
17892830,17696,91.90,853.00,70.00,0.449,4.169,0.342,banana,fresh
17893840,17697,91.95,853.00,69.95,0.449,4.169,0.342,banana,fresh
17894851,17698,92.00,853.00,69.95,0.450,4.169,0.342,banana,fresh
17895863,17699,91.85,853.00,70.00,0.449,4.169,0.342,banana,fresh
17896873,17700,91.90,853.00,70.00,0.449,4.169,0.342,banana,fresh
17897885,17701,91.95,853.00,70.00,0.449,4.169,0.342,banana,fresh
17898896,17702,92.05,853.05,70.00,0.450,4.169,0.342,banana,fresh
17899908,17703,91.95,853.00,69.95,0.449,4.169,0.342,banana,fresh
17900918,17704,91.95,853.05,70.05,0.449,4.169,0.342,banana,fresh
17901929,17705,91.95,853.00,69.95,0.449,4.169,0.342,banana,fresh
17902941,17706,92.00,853.10,70.00,0.450,4.170,0.342,banana,fresh
17903951,17707,91.95,853.00,70.00,0.449,4.169,0.342,banana,fresh
17904963,17708,91.90,852.95,69.95,0.449,4.169,0.342,banana,fresh
17905974,17709,91.95,853.05,70.00,0.449,4.169,0.342,banana,fresh
17906985,17710,91.90,853.00,69.95,0.449,4.169,0.342,banana,fresh
17907996,17711,91.90,853.00,70.00,0.449,4.169,0.342,banana,fresh
17909007,17712,92.00,853.00,70.00,0.450,4.169,0.342,banana,fresh
17910019,17713,91.95,853.00,69.85,0.449,4.169,0.341,banana,fresh
17911029,17714,92.00,853.00,70.00,0.450,4.169,0.342,banana,fresh
17912041,17715,92.00,853.00,70.00,0.450,4.169,0.342,banana,fresh
17913052,17716,92.00,853.00,70.00,0.450,4.169,0.342,banana,fresh
17914062,17717,92.00,853.00,70.00,0.450,4.169,0.342,banana,fresh
17915074,17718,91.90,853.05,70.00,0.449,4.169,0.342,banana,fresh
17916085,17719,91.95,853.00,70.00,0.449,4.169,0.342,banana,fresh
17917096,17720,92.00,853.00,70.00,0.450,4.169,0.342,banana,fresh
17918107,17721,92.00,853.00,70.00,0.450,4.169,0.342,banana,fresh
17919119,17722,91.95,853.00,70.00,0.449,4.169,0.342,banana,fresh
17920130,17723,92.00,853.00,70.00,0.450,4.169,0.342,banana,fresh
17921140,17724,91.95,853.00,69.95,0.449,4.169,0.342,banana,fresh
17922152,17725,92.00,853.00,70.00,0.450,4.169,0.342,banana,fresh
17923163,17726,91.95,852.95,69.95,0.449,4.169,0.342,banana,fresh
17924174,17727,91.95,853.05,70.00,0.449,4.169,0.342,banana,fresh
17925185,17728,91.95,853.00,70.00,0.449,4.169,0.342,banana,fresh
17926196,17729,91.95,853.00,70.00,0.449,4.169,0.342,banana,fresh
17927207,17730,92.00,853.00,70.00,0.450,4.169,0.342,banana,fresh
17928218,17731,92.00,853.00,70.00,0.450,4.169,0.342,banana,fresh
17929230,17732,91.95,853.00,70.05,0.449,4.169,0.342,banana,fresh
17930241,17733,91.95,853.00,70.00,0.449,4.169,0.342,banana,fresh
17931252,17734,92.00,853.00,70.00,0.450,4.169,0.342,banana,fresh
17932263,17735,91.95,853.00,70.05,0.449,4.169,0.342,banana,fresh
17933274,17736,92.00,853.00,70.00,0.450,4.169,0.342,banana,fresh
17934285,17737,92.00,853.05,70.00,0.450,4.169,0.342,banana,fresh
17935296,17738,92.00,853.00,70.00,0.450,4.169,0.342,banana,fresh
17936308,17739,92.00,853.00,70.00,0.450,4.169,0.342,banana,fresh
17937318,17740,91.90,853.00,70.00,0.449,4.169,0.342,banana,fresh
17938329,17741,92.00,853.00,70.00,0.450,4.169,0.342,banana,fresh
17939341,17742,91.90,853.00,70.00,0.449,4.169,0.342,banana,fresh
17940352,17743,92.00,853.00,70.00,0.450,4.169,0.342,banana,fresh
17941363,17744,91.95,853.00,69.95,0.449,4.169,0.342,banana,fresh
17942374,17745,91.95,853.00,70.05,0.449,4.169,0.342,banana,fresh
17943386,17746,91.95,853.00,70.00,0.449,4.169,0.342,banana,fresh
17944396,17747,91.95,852.95,70.00,0.449,4.169,0.342,banana,fresh
17945407,17748,92.00,853.00,70.00,0.450,4.169,0.342,banana,fresh
17946419,17749,92.00,853.00,70.00,0.450,4.169,0.342,banana,fresh
17947429,17750,91.90,853.00,70.00,0.449,4.169,0.342,banana,fresh
17948441,17751,92.05,853.00,70.00,0.450,4.169,0.342,banana,fresh
17949452,17752,92.00,853.00,69.95,0.450,4.169,0.342,banana,fresh
17950462,17753,91.95,853.00,69.95,0.449,4.169,0.342,banana,fresh
17951474,17754,92.05,853.00,70.00,0.450,4.169,0.342,banana,fresh
17952485,17755,91.95,853.00,70.05,0.449,4.169,0.342,banana,fresh
17953497,17756,92.00,853.00,70.00,0.450,4.169,0.342,banana,fresh
17954507,17757,91.95,853.00,70.00,0.449,4.169,0.342,banana,fresh
17955519,17758,92.00,853.00,70.00,0.450,4.169,0.342,banana,fresh
17956530,17759,92.00,853.00,69.95,0.450,4.169,0.342,banana,fresh
17957540,17760,92.00,853.00,70.00,0.450,4.169,0.342,banana,fresh
17958552,17761,92.00,853.00,70.00,0.450,4.169,0.342,banana,fresh
17959563,17762,91.95,853.00,70.00,0.449,4.169,0.342,banana,fresh
17960574,17763,92.00,853.00,70.00,0.450,4.169,0.342,banana,fresh
17961585,17764,92.00,853.00,70.00,0.450,4.169,0.342,banana,fresh
17962596,17765,91.95,853.00,70.00,0.449,4.169,0.342,banana,fresh
17963608,17766,92.00,853.00,69.95,0.450,4.169,0.342,banana,fresh
17964618,17767,92.05,853.05,70.00,0.450,4.169,0.342,banana,fresh
17965630,17768,91.95,853.00,70.00,0.449,4.169,0.342,banana,fresh
17966641,17769,92.00,853.00,70.00,0.450,4.169,0.342,banana,fresh
17967652,17770,91.95,853.00,69.95,0.449,4.169,0.342,banana,fresh
17968663,17771,92.00,853.00,70.00,0.450,4.169,0.342,banana,fresh
17969674,17772,92.00,853.05,70.00,0.450,4.169,0.342,banana,fresh
17970685,17773,91.95,853.00,70.10,0.449,4.169,0.343,banana,fresh
17971696,17774,92.00,853.00,70.00,0.450,4.169,0.342,banana,fresh
17972708,17775,91.95,853.00,70.00,0.449,4.169,0.342,banana,fresh
17973719,17776,92.00,853.00,70.00,0.450,4.169,0.342,banana,fresh
17974729,17777,91.95,853.00,70.00,0.449,4.169,0.342,banana,fresh
17975741,17778,92.00,853.00,69.95,0.450,4.169,0.342,banana,fresh
17976752,17779,92.00,853.05,70.05,0.450,4.169,0.342,banana,fresh
17977763,17780,92.05,853.00,70.10,0.450,4.169,0.343,banana,fresh
17978774,17781,92.00,853.00,70.00,0.450,4.169,0.342,banana,fresh
17979786,17782,92.00,853.00,70.00,0.450,4.169,0.342,banana,fresh
17980796,17783,92.00,853.00,70.00,0.450,4.169,0.342,banana,fresh
17981807,17784,91.95,853.00,70.00,0.449,4.169,0.342,banana,fresh
17982819,17785,92.00,853.00,69.95,0.450,4.169,0.342,banana,fresh
17983830,17786,92.05,853.00,70.00,0.450,4.169,0.342,banana,fresh
17984841,17787,92.00,853.00,70.00,0.450,4.169,0.342,banana,fresh
17985852,17788,91.95,853.05,69.95,0.449,4.169,0.342,banana,fresh
17986863,17789,92.00,853.00,70.00,0.450,4.169,0.342,banana,fresh
17987874,17790,92.00,853.00,70.00,0.450,4.169,0.342,banana,fresh
17988885,17791,92.00,853.05,70.00,0.450,4.169,0.342,banana,fresh
17989897,17792,92.00,853.00,70.00,0.450,4.169,0.342,banana,fresh
17990907,17793,92.05,853.05,70.00,0.450,4.169,0.342,banana,fresh
17991918,17794,92.00,853.05,70.05,0.450,4.169,0.342,banana,fresh
17992930,17795,92.00,853.00,70.00,0.450,4.169,0.342,banana,fresh
17993940,17796,92.00,853.00,70.00,0.450,4.169,0.342,banana,fresh
17994952,17797,92.00,853.00,70.05,0.450,4.169,0.342,banana,fresh
17995963,17798,91.95,853.00,69.95,0.449,4.169,0.342,banana,fresh
17996975,17799,92.05,853.05,70.00,0.450,4.169,0.342,banana,fresh
17997985,17800,92.00,853.00,70.00,0.450,4.169,0.342,banana,fresh
17998996,17801,92.00,853.05,70.05,0.450,4.169,0.342,banana,fresh
18000008,17802,91.90,853.05,70.05,0.449,4.169,0.342,banana,fresh
18001018,17803,92.00,853.00,70.00,0.450,4.169,0.342,banana,fresh
18002030,17804,92.05,853.00,70.00,0.450,4.169,0.342,banana,fresh
18003041,17805,92.00,853.00,70.00,0.450,4.169,0.342,banana,fresh
18004052,17806,92.00,853.10,70.00,0.450,4.170,0.342,banana,fresh
18005063,17807,92.00,853.00,70.00,0.450,4.169,0.342,banana,fresh
18006074,17808,92.05,853.00,70.05,0.450,4.169,0.342,banana,fresh
18007086,17809,92.05,853.00,70.00,0.450,4.169,0.342,banana,fresh
18008096,17810,92.05,853.00,70.00,0.450,4.169,0.342,banana,fresh
18009108,17811,92.15,853.00,70.00,0.450,4.169,0.342,banana,fresh
18010119,17812,91.90,853.00,70.00,0.449,4.169,0.342,banana,fresh
18011129,17813,91.95,853.00,70.00,0.449,4.169,0.342,banana,fresh
18012141,17814,92.00,853.00,70.00,0.450,4.169,0.342,banana,fresh
18013152,17815,91.95,853.05,70.00,0.449,4.169,0.342,banana,fresh
18014163,17816,92.05,853.00,70.05,0.450,4.169,0.342,banana,fresh
18015174,17817,92.00,853.00,70.00,0.450,4.169,0.342,banana,fresh
18016185,17818,92.00,853.05,70.00,0.450,4.169,0.342,banana,fresh
18017197,17819,92.05,853.05,70.00,0.450,4.169,0.342,banana,fresh
18018207,17820,92.00,853.00,70.00,0.450,4.169,0.342,banana,fresh
18019219,17821,92.00,853.00,70.00,0.450,4.169,0.342,banana,fresh
18020230,17822,92.05,853.00,70.00,0.450,4.169,0.342,banana,fresh
18021241,17823,92.00,853.05,70.00,0.450,4.169,0.342,banana,fresh
18022252,17824,92.00,853.00,70.00,0.450,4.169,0.342,banana,fresh
18023263,17825,92.05,853.00,70.00,0.450,4.169,0.342,banana,fresh
18024274,17826,92.05,853.05,70.00,0.450,4.169,0.342,banana,fresh
18025285,17827,92.00,853.00,69.95,0.450,4.169,0.342,banana,fresh
18026297,17828,92.05,853.00,70.05,0.450,4.169,0.342,banana,fresh
18027308,17829,91.95,853.00,70.05,0.449,4.169,0.342,banana,fresh
18028318,17830,92.05,853.00,70.00,0.450,4.169,0.342,banana,fresh
18029330,17831,91.90,853.10,70.00,0.449,4.170,0.342,banana,fresh
18030341,17832,92.00,853.00,69.95,0.450,4.169,0.342,banana,fresh
18031352,17833,92.00,853.00,70.05,0.450,4.169,0.342,banana,fresh
18032363,17834,92.00,853.00,70.00,0.450,4.169,0.342,banana,fresh
18033375,17835,92.05,853.00,70.00,0.450,4.169,0.342,banana,fresh
18034385,17836,92.00,853.00,70.05,0.450,4.169,0.342,banana,fresh
18035396,17837,92.00,853.00,70.00,0.450,4.169,0.342,banana,fresh
18036408,17838,91.95,853.05,70.00,0.449,4.169,0.342,banana,fresh
18037419,17839,92.05,853.00,70.00,0.450,4.169,0.342,banana,fresh
18038430,17840,91.95,853.00,70.00,0.449,4.169,0.342,banana,fresh
18039441,17841,92.10,853.05,69.95,0.450,4.169,0.342,banana,fresh
18040452,17842,91.95,853.00,70.00,0.449,4.169,0.342,banana,fresh
18041463,17843,92.05,853.00,70.05,0.450,4.169,0.342,banana,fresh
18042474,17844,92.00,853.00,70.00,0.450,4.169,0.342,banana,fresh
18043486,17845,92.00,853.00,70.00,0.450,4.169,0.342,banana,fresh
18044496,17846,92.00,853.00,70.00,0.450,4.169,0.342,banana,fresh
18045508,17847,92.00,853.00,70.00,0.450,4.169,0.342,banana,fresh
18046519,17848,92.05,853.00,70.00,0.450,4.169,0.342,banana,fresh
18047529,17849,92.00,853.00,70.00,0.450,4.169,0.342,banana,fresh
18048541,17850,92.05,853.00,70.05,0.450,4.169,0.342,banana,fresh
18049552,17851,92.00,853.00,70.00,0.450,4.169,0.342,banana,fresh
18050564,17852,92.00,853.00,70.00,0.450,4.169,0.342,banana,fresh
18051574,17853,92.10,853.00,70.00,0.450,4.169,0.342,banana,fresh
18052585,17854,92.05,853.00,69.95,0.450,4.169,0.342,banana,fresh
18053597,17855,92.05,853.00,70.00,0.450,4.169,0.342,banana,fresh
18054607,17856,92.05,853.00,70.00,0.450,4.169,0.342,banana,fresh
18055619,17857,92.00,853.00,70.00,0.450,4.169,0.342,banana,fresh
18056630,17858,92.00,853.00,70.00,0.450,4.169,0.342,banana,fresh
18057641,17859,92.05,853.00,70.00,0.450,4.169,0.342,banana,fresh
18058652,17860,92.00,853.00,70.05,0.450,4.169,0.342,banana,fresh
18059663,17861,91.90,853.05,70.10,0.449,4.169,0.343,banana,fresh
18060675,17862,92.00,853.00,70.00,0.450,4.169,0.342,banana,fresh
18061685,17863,92.05,853.00,70.00,0.450,4.169,0.342,banana,fresh
18062697,17864,92.10,853.05,70.00,0.450,4.169,0.342,banana,fresh
18063708,17865,92.00,853.00,70.05,0.450,4.169,0.342,banana,fresh
18064718,17866,92.05,853.00,70.00,0.450,4.169,0.342,banana,fresh
18065730,17867,92.05,853.00,70.00,0.450,4.169,0.342,banana,fresh
18066741,17868,92.00,853.00,70.05,0.450,4.169,0.342,banana,fresh
18067752,17869,92.05,853.00,70.00,0.450,4.169,0.342,banana,fresh
18068763,17870,92.00,853.00,70.05,0.450,4.169,0.342,banana,fresh
18069775,17871,92.00,853.00,70.05,0.450,4.169,0.342,banana,fresh
18070786,17872,92.10,853.00,70.05,0.450,4.169,0.342,banana,fresh
18071796,17873,92.10,853.00,70.00,0.450,4.169,0.342,banana,fresh
18072808,17874,92.05,853.00,70.00,0.450,4.169,0.342,banana,fresh
18073819,17875,92.00,853.00,70.05,0.450,4.169,0.342,banana,fresh
18074830,17876,91.95,853.00,70.00,0.449,4.169,0.342,banana,fresh
18075841,17877,92.05,853.05,70.05,0.450,4.169,0.342,banana,fresh
18076852,17878,92.00,853.00,70.05,0.450,4.169,0.342,banana,fresh
18077863,17879,92.05,853.00,69.95,0.450,4.169,0.342,banana,fresh
18078874,17880,92.05,853.00,70.15,0.450,4.169,0.343,banana,fresh
18079886,17881,92.00,853.00,70.00,0.450,4.169,0.342,banana,fresh
18080897,17882,92.05,853.00,70.05,0.450,4.169,0.342,banana,fresh
18081908,17883,92.00,853.00,70.00,0.450,4.169,0.342,banana,fresh
18082919,17884,92.10,853.05,70.00,0.450,4.169,0.342,banana,fresh
18083930,17885,92.10,853.00,70.10,0.450,4.169,0.343,banana,fresh
18084941,17886,92.05,853.00,70.10,0.450,4.169,0.343,banana,fresh
18085952,17887,92.05,853.00,70.00,0.450,4.169,0.342,banana,fresh
18086964,17888,92.00,853.00,70.00,0.450,4.169,0.342,banana,fresh
18087974,17889,92.05,853.00,70.05,0.450,4.169,0.342,banana,fresh
18088985,17890,92.05,853.05,70.05,0.450,4.169,0.342,banana,fresh
18089997,17891,92.10,853.05,70.00,0.450,4.169,0.342,banana,fresh
18091008,17892,92.05,853.00,70.05,0.450,4.169,0.342,banana,fresh
18092019,17893,92.10,853.00,70.00,0.450,4.169,0.342,banana,fresh
18093030,17894,92.15,853.05,70.10,0.450,4.169,0.343,banana,fresh
18094042,17895,92.10,853.05,70.05,0.450,4.169,0.342,banana,fresh
18095052,17896,92.00,853.00,70.00,0.450,4.169,0.342,banana,fresh
18096063,17897,92.05,853.00,70.05,0.450,4.169,0.342,banana,fresh
18097075,17898,92.00,853.00,70.10,0.450,4.169,0.343,banana,fresh
18098085,17899,92.10,853.10,70.00,0.450,4.170,0.342,banana,fresh
18099097,17900,92.00,853.00,70.00,0.450,4.169,0.342,banana,fresh
18100108,17901,92.00,853.00,70.00,0.450,4.169,0.342,banana,fresh
18101118,17902,92.00,853.00,70.05,0.450,4.169,0.342,banana,fresh
18102130,17903,92.10,853.00,70.05,0.450,4.169,0.342,banana,fresh
18103141,17904,92.05,853.00,70.00,0.450,4.169,0.342,banana,fresh
18104153,17905,92.15,853.00,70.05,0.450,4.169,0.342,banana,fresh
18105163,17906,92.15,853.00,70.05,0.450,4.169,0.342,banana,fresh
18106175,17907,92.20,853.05,70.15,0.451,4.169,0.343,banana,fresh
18107186,17908,92.15,853.10,70.05,0.450,4.170,0.342,banana,fresh
18108196,17909,92.10,853.00,70.10,0.450,4.169,0.343,banana,fresh
18109208,17910,92.05,853.00,70.15,0.450,4.169,0.343,banana,fresh
18110219,17911,92.05,853.00,70.10,0.450,4.169,0.343,banana,fresh
18111230,17912,92.10,853.00,70.05,0.450,4.169,0.342,banana,fresh
18112241,17913,92.10,853.00,70.05,0.450,4.169,0.342,banana,fresh
18113253,17914,92.00,853.00,70.05,0.450,4.169,0.342,banana,fresh
18114264,17915,92.10,853.05,70.10,0.450,4.169,0.343,banana,fresh
18115274,17916,92.15,853.00,70.00,0.450,4.169,0.342,banana,fresh
18116286,17917,92.05,853.00,70.05,0.450,4.169,0.342,banana,fresh
18117297,17918,92.05,853.00,70.00,0.450,4.169,0.342,banana,fresh
18118308,17919,92.20,853.00,70.10,0.451,4.169,0.343,banana,fresh
18119319,17920,92.10,853.00,70.05,0.450,4.169,0.342,banana,fresh
18120331,17921,92.20,853.00,70.00,0.451,4.169,0.342,banana,fresh
18121341,17922,92.15,853.05,70.10,0.450,4.169,0.343,banana,fresh
18122352,17923,92.05,853.05,70.05,0.450,4.169,0.342,banana,fresh
18123364,17924,92.05,853.05,70.10,0.450,4.169,0.343,banana,fresh
18124375,17925,92.05,853.00,70.00,0.450,4.169,0.342,banana,fresh
18125386,17926,92.05,853.05,70.00,0.450,4.169,0.342,banana,fresh
18126397,17927,92.10,853.10,70.20,0.450,4.170,0.343,banana,fresh
18127408,17928,92.00,853.05,70.00,0.450,4.169,0.342,banana,fresh
18128419,17929,92.05,853.00,70.05,0.450,4.169,0.342,banana,fresh
18129430,17930,92.15,853.05,70.05,0.450,4.169,0.342,banana,fresh
18130442,17931,92.15,853.05,70.00,0.450,4.169,0.342,banana,fresh
18131452,17932,92.10,853.00,70.00,0.450,4.169,0.342,banana,fresh
18132464,17933,92.00,853.00,70.00,0.450,4.169,0.342,banana,fresh
18133475,17934,92.05,853.05,70.00,0.450,4.169,0.342,banana,fresh
18134486,17935,92.05,853.00,70.10,0.450,4.169,0.343,banana,fresh
18135497,17936,92.05,853.00,70.10,0.450,4.169,0.343,banana,fresh
18136508,17937,92.10,853.00,70.05,0.450,4.169,0.342,banana,fresh
18137520,17938,92.20,853.00,70.10,0.451,4.169,0.343,banana,fresh
18138530,17939,92.15,853.00,70.00,0.450,4.169,0.342,banana,fresh
18139541,17940,92.10,853.00,70.10,0.450,4.169,0.343,banana,fresh
18140553,17941,92.20,853.00,70.00,0.451,4.169,0.342,banana,fresh
18141563,17942,92.05,853.00,70.10,0.450,4.169,0.343,banana,fresh
18142575,17943,92.05,853.05,70.00,0.450,4.169,0.342,banana,fresh
18143586,17944,92.30,853.00,70.05,0.451,4.169,0.342,banana,fresh
18144598,17945,92.15,853.10,70.00,0.450,4.170,0.342,banana,fresh
18145608,17946,92.25,853.05,70.00,0.451,4.169,0.342,banana,fresh
18146619,17947,92.10,853.05,70.05,0.450,4.169,0.342,banana,fresh
18147631,17948,92.10,853.00,70.10,0.450,4.169,0.343,banana,fresh
18148641,17949,92.15,853.05,70.05,0.450,4.169,0.342,banana,fresh
18149653,17950,92.05,853.00,70.10,0.450,4.169,0.343,banana,fresh
18150664,17951,92.05,853.00,70.15,0.450,4.169,0.343,banana,fresh
18151675,17952,92.20,853.00,70.05,0.451,4.169,0.342,banana,fresh
18152686,17953,92.25,853.10,70.10,0.451,4.170,0.343,banana,fresh
18153697,17954,92.15,853.00,70.00,0.450,4.169,0.342,banana,fresh
18154708,17955,92.20,853.00,69.95,0.451,4.169,0.342,banana,fresh
18155719,17956,92.30,853.00,70.15,0.451,4.169,0.343,banana,fresh
18156731,17957,92.15,853.20,70.15,0.450,4.170,0.343,banana,fresh
18157742,17958,92.05,853.00,70.15,0.450,4.169,0.343,banana,fresh
18158753,17959,92.10,853.05,70.20,0.450,4.169,0.343,banana,fresh
18159764,17960,92.10,853.05,70.15,0.450,4.169,0.343,banana,fresh
18160775,17961,92.05,853.00,70.10,0.450,4.169,0.343,banana,fresh
18161786,17962,92.05,853.00,70.05,0.450,4.169,0.342,banana,fresh
18162797,17963,92.05,853.10,70.00,0.450,4.170,0.342,banana,fresh
18163809,17964,92.10,853.00,70.05,0.450,4.169,0.342,banana,fresh
18164819,17965,92.10,853.00,70.20,0.450,4.169,0.343,banana,fresh
18165831,17966,92.05,853.05,70.05,0.450,4.169,0.342,banana,fresh
18166842,17967,92.15,853.00,70.10,0.450,4.169,0.343,banana,fresh
18167853,17968,92.05,853.00,70.05,0.450,4.169,0.342,banana,fresh
18168864,17969,92.20,853.05,70.00,0.451,4.169,0.342,banana,fresh
18169875,17970,92.20,853.05,70.00,0.451,4.169,0.342,banana,fresh
18170887,17971,92.10,853.05,70.10,0.450,4.169,0.343,banana,fresh
18171897,17972,92.00,853.05,70.05,0.450,4.169,0.342,banana,fresh
18172908,17973,92.15,853.00,70.05,0.450,4.169,0.342,banana,fresh
18173920,17974,92.15,853.00,70.00,0.450,4.169,0.342,banana,fresh
18174930,17975,92.25,853.05,70.05,0.451,4.169,0.342,banana,fresh
18175942,17976,92.15,853.05,70.10,0.450,4.169,0.343,banana,fresh
18176953,17977,92.20,853.00,70.00,0.451,4.169,0.342,banana,fresh
18177965,17978,92.05,853.10,70.05,0.450,4.170,0.342,banana,fresh
18178975,17979,92.15,853.00,70.30,0.450,4.169,0.344,banana,fresh
18179986,17980,92.25,853.10,70.10,0.451,4.170,0.343,banana,fresh
18180998,17981,92.15,853.10,70.10,0.450,4.170,0.343,banana,fresh
18182008,17982,92.05,853.00,70.00,0.450,4.169,0.342,banana,fresh
18183020,17983,92.05,853.05,70.00,0.450,4.169,0.342,banana,fresh
18184031,17984,92.25,853.00,70.05,0.451,4.169,0.342,banana,fresh
18185042,17985,92.10,853.00,70.15,0.450,4.169,0.343,banana,fresh
18186053,17986,92.15,853.00,70.00,0.450,4.169,0.342,banana,fresh
18187064,17987,92.05,853.00,70.15,0.450,4.169,0.343,banana,fresh
18188076,17988,92.10,853.00,70.00,0.450,4.169,0.342,banana,fresh
18189086,17989,92.10,853.05,70.05,0.450,4.169,0.342,banana,fresh
18190098,17990,92.10,853.10,70.10,0.450,4.170,0.343,banana,fresh
18191109,17991,92.20,853.10,70.00,0.451,4.170,0.342,banana,fresh
18192120,17992,92.10,853.05,70.10,0.450,4.169,0.343,banana,fresh
18193131,17993,92.00,853.00,70.05,0.450,4.169,0.342,banana,fresh
18194142,17994,92.30,853.05,70.10,0.451,4.169,0.343,banana,fresh
18195153,17995,92.40,853.00,70.15,0.452,4.169,0.343,banana,fresh
18196164,17996,92.15,853.00,70.05,0.450,4.169,0.342,banana,fresh
18197176,17997,92.10,853.00,70.10,0.450,4.169,0.343,banana,fresh
18198187,17998,92.10,853.05,70.15,0.450,4.169,0.343,banana,fresh
18199197,17999,92.10,853.10,70.10,0.450,4.170,0.343,banana,fresh
18200209,18000,92.35,853.05,70.25,0.451,4.169,0.343,banana,fresh
18201220,18001,92.20,853.00,70.15,0.451,4.169,0.343,banana,fresh
18202231,18002,92.15,853.05,70.10,0.450,4.169,0.343,banana,fresh
18203242,18003,92.25,853.00,70.00,0.451,4.169,0.342,banana,fresh
18204254,18004,92.20,853.05,70.05,0.451,4.169,0.342,banana,fresh
18205264,18005,92.15,853.00,70.15,0.450,4.169,0.343,banana,fresh
18206276,18006,92.35,853.05,70.10,0.451,4.169,0.343,banana,fresh
18207287,18007,92.20,853.10,70.05,0.451,4.170,0.342,banana,fresh
18208297,18008,92.15,853.05,70.05,0.450,4.169,0.342,banana,fresh
18209309,18009,92.25,853.00,70.20,0.451,4.169,0.343,banana,fresh
18210320,18010,92.25,853.00,70.25,0.451,4.169,0.343,banana,fresh
18211332,18011,92.15,853.00,70.15,0.450,4.169,0.343,banana,fresh
18212342,18012,92.25,853.00,70.10,0.451,4.169,0.343,banana,fresh
18213354,18013,92.30,853.05,70.15,0.451,4.169,0.343,banana,fresh
18214365,18014,92.20,853.00,70.00,0.451,4.169,0.342,banana,fresh
18215375,18015,92.35,853.05,70.10,0.451,4.169,0.343,banana,fresh
18216387,18016,92.05,853.00,70.10,0.450,4.169,0.343,banana,fresh
18217398,18017,92.35,853.05,70.25,0.451,4.169,0.343,banana,fresh
18218409,18018,92.15,853.05,70.10,0.450,4.169,0.343,banana,fresh
18219420,18019,92.20,853.05,70.05,0.451,4.169,0.342,banana,fresh
18220432,18020,92.15,853.15,70.15,0.450,4.170,0.343,banana,fresh
18221443,18021,92.15,853.00,70.05,0.450,4.169,0.342,banana,fresh
18222453,18022,92.15,853.05,70.10,0.450,4.169,0.343,banana,fresh
18223465,18023,92.35,853.00,70.25,0.451,4.169,0.343,banana,fresh
18224476,18024,92.05,853.00,70.05,0.450,4.169,0.342,banana,fresh
18225487,18025,92.25,853.05,70.20,0.451,4.169,0.343,banana,fresh
18226498,18026,92.15,853.05,70.10,0.450,4.169,0.343,banana,fresh
18227510,18027,92.25,853.00,70.15,0.451,4.169,0.343,banana,fresh
18228520,18028,92.25,853.05,70.15,0.451,4.169,0.343,banana,fresh
18229532,18029,92.30,853.00,70.15,0.451,4.169,0.343,banana,fresh
18230543,18030,92.30,853.00,70.15,0.451,4.169,0.343,banana,fresh
18231554,18031,92.25,853.05,70.05,0.451,4.169,0.342,banana,fresh
18232565,18032,92.30,853.05,70.20,0.451,4.169,0.343,banana,fresh
18233576,18033,92.20,853.00,70.25,0.451,4.169,0.343,banana,fresh
18234588,18034,92.25,853.00,70.10,0.451,4.169,0.343,banana,fresh
18235598,18035,92.25,853.05,70.25,0.451,4.169,0.343,banana,fresh
18236610,18036,92.25,853.00,70.25,0.451,4.169,0.343,banana,fresh
18237621,18037,92.35,853.05,70.10,0.451,4.169,0.343,banana,fresh
18238631,18038,92.30,853.00,70.20,0.451,4.169,0.343,banana,fresh
18239643,18039,92.20,853.00,70.15,0.451,4.169,0.343,banana,fresh
18240654,18040,92.15,853.00,70.35,0.450,4.169,0.344,banana,fresh
18241666,18041,92.15,853.00,70.10,0.450,4.169,0.343,banana,fresh
18242676,18042,92.30,853.05,70.15,0.451,4.169,0.343,banana,fresh
18243688,18043,92.25,853.00,70.15,0.451,4.169,0.343,banana,fresh
18244699,18044,92.30,853.10,70.10,0.451,4.170,0.343,banana,fresh
18245709,18045,92.30,853.10,70.00,0.451,4.170,0.342,banana,fresh
18246721,18046,92.35,853.10,70.20,0.451,4.170,0.343,banana,fresh
18247732,18047,92.15,853.05,70.05,0.450,4.169,0.342,banana,fresh
18248743,18048,92.20,853.10,70.20,0.451,4.170,0.343,banana,fresh
18249754,18049,92.30,853.10,70.10,0.451,4.170,0.343,banana,fresh
18250766,18050,92.30,853.10,70.45,0.451,4.170,0.344,banana,fresh
18251777,18051,92.60,853.00,70.30,0.453,4.169,0.344,banana,fresh
18252787,18052,92.10,853.05,70.25,0.450,4.169,0.343,banana,fresh
18253799,18053,92.15,853.05,70.20,0.450,4.169,0.343,banana,fresh
18254810,18054,92.35,853.00,70.20,0.451,4.169,0.343,banana,fresh
18255821,18055,92.15,853.10,70.30,0.450,4.170,0.344,banana,fresh
18256832,18056,92.25,853.00,70.30,0.451,4.169,0.344,banana,fresh
18257844,18057,92.30,853.10,70.10,0.451,4.170,0.343,banana,fresh
18258854,18058,92.20,853.10,70.10,0.451,4.170,0.343,banana,fresh
18259865,18059,92.40,853.10,70.15,0.452,4.170,0.343,banana,fresh
18260877,18060,92.15,853.15,70.40,0.450,4.170,0.344,banana,fresh
18261888,18061,92.30,853.00,70.20,0.451,4.169,0.343,banana,fresh
18262899,18062,92.35,853.00,70.30,0.451,4.169,0.344,banana,fresh
18263910,18063,92.30,853.00,70.25,0.451,4.169,0.343,banana,fresh
18264922,18064,92.40,853.00,70.30,0.452,4.169,0.344,banana,fresh
18265932,18065,92.20,853.10,70.20,0.451,4.170,0.343,banana,fresh
18266944,18066,92.35,853.05,70.20,0.451,4.169,0.343,banana,fresh
18267955,18067,92.45,853.05,70.10,0.452,4.169,0.343,banana,fresh
18268965,18068,92.35,853.05,70.15,0.451,4.169,0.343,banana,fresh
18269977,18069,92.25,853.00,70.30,0.451,4.169,0.344,banana,fresh
18270988,18070,92.25,853.00,70.10,0.451,4.169,0.343,banana,fresh
18272000,18071,92.40,853.00,70.30,0.452,4.169,0.344,banana,fresh
18273010,18072,92.40,853.00,70.20,0.452,4.169,0.343,banana,fresh
18274022,18073,92.30,853.00,70.15,0.451,4.169,0.343,banana,fresh
18275033,18074,92.25,853.15,70.05,0.451,4.170,0.342,banana,fresh
18276043,18075,92.35,853.05,70.20,0.451,4.169,0.343,banana,fresh
18277055,18076,92.20,853.15,70.20,0.451,4.170,0.343,banana,fresh
18278066,18077,92.40,853.05,70.10,0.452,4.169,0.343,banana,fresh
18279077,18078,92.50,853.15,70.25,0.452,4.170,0.343,banana,fresh
18280088,18079,92.35,853.05,70.10,0.451,4.169,0.343,banana,fresh
18281100,18080,92.45,853.20,70.30,0.452,4.170,0.344,banana,fresh
18282110,18081,92.35,853.10,70.15,0.451,4.170,0.343,banana,fresh
18283122,18082,92.35,853.10,70.25,0.451,4.170,0.343,banana,fresh
18284133,18083,92.35,853.10,70.10,0.451,4.170,0.343,banana,fresh
18285144,18084,92.35,853.05,70.20,0.451,4.169,0.343,banana,fresh
18286155,18085,92.35,853.00,70.10,0.451,4.169,0.343,banana,fresh
18287166,18086,92.15,853.00,70.30,0.450,4.169,0.344,banana,fresh
18288178,18087,92.55,853.10,70.05,0.452,4.170,0.342,banana,fresh
18289188,18088,92.20,853.15,70.15,0.451,4.170,0.343,banana,fresh
18290200,18089,92.45,853.00,70.30,0.452,4.169,0.344,banana,fresh
18291211,18090,92.30,853.05,70.30,0.451,4.169,0.344,banana,fresh
18292221,18091,92.30,853.10,70.20,0.451,4.170,0.343,banana,fresh
18293233,18092,92.45,853.10,70.20,0.452,4.170,0.343,banana,fresh
18294244,18093,92.35,853.05,70.30,0.451,4.169,0.344,banana,fresh
18295256,18094,92.25,853.05,70.20,0.451,4.169,0.343,banana,fresh
18296266,18095,92.45,853.05,70.20,0.452,4.169,0.343,banana,fresh
18297278,18096,92.25,853.10,70.25,0.451,4.170,0.343,banana,fresh
18298289,18097,92.30,853.00,70.30,0.451,4.169,0.344,banana,fresh
18299299,18098,92.30,853.00,70.10,0.451,4.169,0.343,banana,fresh
18300311,18099,92.30,853.10,70.10,0.451,4.170,0.343,banana,fresh
18301322,18100,92.40,853.05,70.15,0.452,4.169,0.343,banana,fresh
18302333,18101,92.40,853.05,70.15,0.452,4.169,0.343,banana,fresh
18303344,18102,92.45,853.05,70.15,0.452,4.169,0.343,banana,fresh
18304356,18103,92.50,853.15,70.25,0.452,4.170,0.343,banana,fresh
18305367,18104,92.35,853.10,70.15,0.451,4.170,0.343,banana,fresh
18306377,18105,92.35,853.05,70.25,0.451,4.169,0.343,banana,fresh
18307389,18106,92.45,853.20,70.30,0.452,4.170,0.344,banana,fresh
18308400,18107,92.40,853.10,70.30,0.452,4.170,0.344,banana,fresh
18309411,18108,92.20,853.15,70.25,0.451,4.170,0.343,banana,fresh
18310422,18109,92.45,853.10,70.25,0.452,4.170,0.343,banana,fresh
18311434,18110,92.35,853.10,70.40,0.451,4.170,0.344,banana,fresh
18312444,18111,92.35,853.05,70.30,0.451,4.169,0.344,banana,fresh
18313456,18112,92.20,853.05,70.30,0.451,4.169,0.344,banana,fresh
18314467,18113,92.35,853.00,70.25,0.451,4.169,0.343,banana,fresh
18315478,18114,92.50,853.05,70.10,0.452,4.169,0.343,banana,fresh
18316489,18115,92.15,853.15,70.15,0.450,4.170,0.343,banana,fresh
18317500,18116,92.30,853.10,70.35,0.451,4.170,0.344,banana,fresh
18318512,18117,92.25,853.10,70.05,0.451,4.170,0.342,banana,fresh
18319522,18118,92.40,853.00,70.40,0.452,4.169,0.344,banana,fresh
18320534,18119,92.50,853.15,70.15,0.452,4.170,0.343,banana,fresh
18321545,18120,92.20,853.20,70.25,0.451,4.170,0.343,banana,fresh
18322555,18121,92.35,853.10,70.20,0.451,4.170,0.343,banana,fresh
18323567,18122,92.40,853.10,70.20,0.452,4.170,0.343,banana,fresh
18324578,18123,92.35,853.10,70.30,0.451,4.170,0.344,banana,fresh
18325590,18124,92.55,853.20,70.25,0.452,4.170,0.343,banana,fresh
18326600,18125,92.45,853.10,70.20,0.452,4.170,0.343,banana,fresh
18327612,18126,92.35,853.10,70.15,0.451,4.170,0.343,banana,fresh
18328623,18127,92.40,853.15,70.20,0.452,4.170,0.343,banana,fresh
18329633,18128,92.45,853.10,70.15,0.452,4.170,0.343,banana,fresh
18330645,18129,92.35,853.05,70.30,0.451,4.169,0.344,banana,fresh
18331656,18130,92.45,853.10,70.40,0.452,4.170,0.344,banana,fresh
18332667,18131,92.45,853.10,70.30,0.452,4.170,0.344,banana,fresh
18333678,18132,92.15,853.15,70.15,0.450,4.170,0.343,banana,fresh
18334690,18133,92.30,853.10,70.40,0.451,4.170,0.344,banana,fresh
18335700,18134,92.50,853.15,70.25,0.452,4.170,0.343,banana,fresh
18336712,18135,92.40,853.15,70.25,0.452,4.170,0.343,banana,fresh
18337723,18136,92.55,853.10,70.15,0.452,4.170,0.343,banana,fresh
18338734,18137,92.50,853.10,70.25,0.452,4.170,0.343,banana,fresh
18339745,18138,92.30,853.15,70.15,0.451,4.170,0.343,banana,fresh
18340756,18139,92.40,853.10,70.20,0.452,4.170,0.343,banana,fresh
18341768,18140,92.30,853.05,70.15,0.451,4.169,0.343,banana,fresh
18342778,18141,92.55,853.15,70.20,0.452,4.170,0.343,banana,fresh
18343790,18142,92.45,853.00,70.25,0.452,4.169,0.343,banana,fresh
18344801,18143,92.45,853.05,70.15,0.452,4.169,0.343,banana,fresh
18345812,18144,92.40,853.15,70.20,0.452,4.170,0.343,banana,fresh
18346823,18145,92.30,853.10,70.35,0.451,4.170,0.344,banana,fresh
18347834,18146,92.45,853.10,70.35,0.452,4.170,0.344,banana,fresh
18348846,18147,92.35,853.10,70.20,0.451,4.170,0.343,banana,fresh
18349856,18148,92.30,853.00,70.20,0.451,4.169,0.343,banana,fresh
18350868,18149,92.55,853.05,70.20,0.452,4.169,0.343,banana,fresh
18351879,18150,92.25,853.20,70.25,0.451,4.170,0.343,banana,fresh
18352890,18151,92.30,853.10,70.20,0.451,4.170,0.343,banana,fresh
18353901,18152,92.45,853.10,70.25,0.452,4.170,0.343,banana,fresh
18354912,18153,92.45,853.05,70.30,0.452,4.169,0.344,banana,fresh
18355923,18154,92.45,853.05,70.30,0.452,4.169,0.344,banana,fresh
18356934,18155,92.35,853.15,70.40,0.451,4.170,0.344,banana,fresh
18357946,18156,92.30,853.05,70.30,0.451,4.169,0.344,banana,fresh
18358957,18157,92.50,853.10,70.10,0.452,4.170,0.343,banana,fresh
18359968,18158,92.45,853.05,70.30,0.452,4.169,0.344,banana,fresh
18360979,18159,92.35,853.05,70.10,0.451,4.169,0.343,banana,fresh
18361991,18160,92.45,853.00,70.15,0.452,4.169,0.343,banana,fresh
18363001,18161,92.25,853.10,70.25,0.451,4.170,0.343,banana,fresh
18364012,18162,92.35,853.05,70.30,0.451,4.169,0.344,banana,fresh
18365024,18163,92.40,853.05,70.30,0.452,4.169,0.344,banana,fresh
18366034,18164,92.40,853.10,70.35,0.452,4.170,0.344,banana,fresh
18367046,18165,92.35,853.10,70.15,0.451,4.170,0.343,banana,fresh
18368057,18166,92.35,853.05,70.30,0.451,4.169,0.344,banana,fresh
18369069,18167,92.30,853.10,70.35,0.451,4.170,0.344,banana,fresh
18370079,18168,92.35,853.05,70.45,0.451,4.169,0.344,banana,fresh
18371090,18169,92.40,853.10,70.30,0.452,4.170,0.344,banana,fresh
18372102,18170,92.30,853.05,70.25,0.451,4.169,0.343,banana,fresh
18373112,18171,92.50,853.10,70.25,0.452,4.170,0.343,banana,fresh
18374124,18172,92.40,853.05,70.40,0.452,4.169,0.344,banana,fresh
18375135,18173,92.60,853.05,70.20,0.453,4.169,0.343,banana,fresh
18376146,18174,92.30,853.10,70.35,0.451,4.170,0.344,banana,fresh
18377157,18175,92.55,853.05,70.15,0.452,4.169,0.343,banana,fresh
18378168,18176,92.35,853.05,70.15,0.451,4.169,0.343,banana,fresh
18379180,18177,92.35,853.10,70.20,0.451,4.170,0.343,banana,fresh
18380190,18178,92.50,853.10,70.20,0.452,4.170,0.343,banana,fresh
18381202,18179,92.20,853.20,70.25,0.451,4.170,0.343,banana,fresh
18382213,18180,92.35,853.25,70.45,0.451,4.170,0.344,banana,fresh
18383224,18181,92.35,853.05,70.20,0.451,4.169,0.343,banana,fresh
18384235,18182,92.45,853.10,70.25,0.452,4.170,0.343,banana,fresh
18385247,18183,92.45,853.05,70.40,0.452,4.169,0.344,banana,fresh
18386257,18184,92.40,853.00,70.35,0.452,4.169,0.344,banana,fresh
18387268,18185,92.35,853.15,70.20,0.451,4.170,0.343,banana,fresh
18388280,18186,92.50,853.00,70.20,0.452,4.169,0.343,banana,fresh
18389291,18187,92.45,853.15,70.50,0.452,4.170,0.345,banana,fresh
18390302,18188,92.45,853.20,70.30,0.452,4.170,0.344,banana,fresh
18391313,18189,92.30,853.15,70.20,0.451,4.170,0.343,banana,fresh
18392325,18190,92.75,853.10,70.20,0.453,4.170,0.343,banana,fresh
18393335,18191,92.50,853.00,70.45,0.452,4.169,0.344,banana,fresh
18394346,18192,92.40,853.15,70.25,0.452,4.170,0.343,banana,fresh
18395358,18193,92.35,853.15,70.30,0.451,4.170,0.344,banana,fresh
18396368,18194,92.50,853.10,70.15,0.452,4.170,0.343,banana,fresh
18397380,18195,92.15,853.10,70.20,0.450,4.170,0.343,banana,fresh
18398391,18196,92.40,853.10,70.10,0.452,4.170,0.343,banana,fresh
18399403,18197,92.40,853.05,70.20,0.452,4.169,0.343,banana,fresh
18400413,18198,92.25,853.00,70.20,0.451,4.169,0.343,banana,fresh
18401425,18199,92.40,853.10,70.25,0.452,4.170,0.343,banana,fresh
18402436,18200,92.45,853.20,70.30,0.452,4.170,0.344,banana,fresh
18403446,18201,92.60,853.05,70.20,0.453,4.169,0.343,banana,fresh
18404458,18202,92.50,853.05,70.30,0.452,4.169,0.344,banana,fresh
18405469,18203,92.15,853.10,70.20,0.450,4.170,0.343,banana,fresh
18406480,18204,92.55,853.15,70.25,0.452,4.170,0.343,banana,fresh
18407491,18205,92.35,853.00,70.30,0.451,4.169,0.344,banana,fresh
18408503,18206,92.40,853.05,70.35,0.452,4.169,0.344,banana,fresh
18409513,18207,92.45,853.05,70.20,0.452,4.169,0.343,banana,fresh
18410525,18208,92.45,853.05,70.30,0.452,4.169,0.344,banana,fresh
18411536,18209,92.45,853.00,70.25,0.452,4.169,0.343,banana,fresh
18412547,18210,92.40,853.10,70.35,0.452,4.170,0.344,banana,fresh
18413558,18211,92.60,853.10,70.30,0.453,4.170,0.344,banana,fresh
18414569,18212,92.60,853.05,70.35,0.453,4.169,0.344,banana,fresh
18415581,18213,92.60,853.20,70.35,0.453,4.170,0.344,banana,fresh
18416591,18214,92.50,853.20,70.30,0.452,4.170,0.344,banana,fresh
18417603,18215,92.30,853.10,70.30,0.451,4.170,0.344,banana,fresh
18418614,18216,92.55,853.05,70.30,0.452,4.169,0.344,banana,fresh
18419624,18217,92.45,853.00,70.30,0.452,4.169,0.344,banana,fresh
18420636,18218,92.35,853.05,70.40,0.451,4.169,0.344,banana,fresh
18421647,18219,92.60,853.15,70.50,0.453,4.170,0.345,banana,fresh
18422659,18220,92.30,853.10,70.35,0.451,4.170,0.344,banana,fresh
18423669,18221,92.25,853.15,70.30,0.451,4.170,0.344,banana,fresh
18424681,18222,92.20,853.05,70.30,0.451,4.169,0.344,banana,fresh
18425692,18223,92.50,853.00,70.25,0.452,4.169,0.343,banana,fresh
18426702,18224,92.30,853.05,70.30,0.451,4.169,0.344,banana,fresh
18427714,18225,92.30,853.00,70.25,0.451,4.169,0.343,banana,fresh
18428725,18226,92.45,853.05,70.45,0.452,4.169,0.344,banana,fresh
18429736,18227,92.50,853.10,70.20,0.452,4.170,0.343,banana,fresh
18430747,18228,92.50,853.10,70.40,0.452,4.170,0.344,banana,fresh
18431759,18229,92.55,853.00,70.30,0.452,4.169,0.344,banana,fresh
18432770,18230,92.40,853.05,70.30,0.452,4.169,0.344,banana,fresh
18433781,18231,92.40,853.00,70.15,0.452,4.169,0.343,banana,fresh
18434792,18232,92.55,853.10,70.35,0.452,4.170,0.344,banana,fresh
18435803,18233,92.45,853.15,70.30,0.452,4.170,0.344,banana,fresh
18436814,18234,92.35,853.00,70.35,0.451,4.169,0.344,banana,fresh
18437825,18235,92.55,853.05,70.30,0.452,4.169,0.344,banana,fresh
18438837,18236,92.35,853.00,70.25,0.451,4.169,0.343,banana,fresh
18439847,18237,92.35,853.10,70.20,0.451,4.170,0.343,banana,fresh
18440859,18238,92.55,853.10,70.20,0.452,4.170,0.343,banana,fresh
18441870,18239,92.45,853.25,70.40,0.452,4.170,0.344,banana,fresh
18442881,18240,92.45,853.20,70.40,0.452,4.170,0.344,banana,fresh
18443892,18241,92.40,853.10,70.25,0.452,4.170,0.343,banana,fresh
18444903,18242,92.55,853.10,70.30,0.452,4.170,0.344,banana,fresh
18445915,18243,92.25,853.10,70.40,0.451,4.170,0.344,banana,fresh
18446925,18244,92.35,853.00,70.20,0.451,4.169,0.343,banana,fresh
18447937,18245,92.60,853.05,70.35,0.453,4.169,0.344,banana,fresh
18448948,18246,92.45,853.05,70.30,0.452,4.169,0.344,banana,fresh
18449958,18247,92.30,853.10,70.35,0.451,4.170,0.344,banana,fresh
18450970,18248,92.50,853.15,70.25,0.452,4.170,0.343,banana,fresh
18451981,18249,92.50,853.10,70.20,0.452,4.170,0.343,banana,fresh
18452993,18250,92.40,853.10,70.35,0.452,4.170,0.344,banana,fresh
18454003,18251,92.45,853.15,70.40,0.452,4.170,0.344,banana,fresh
18455015,18252,92.45,853.10,70.25,0.452,4.170,0.343,banana,fresh
18456026,18253,92.45,853.10,70.55,0.452,4.170,0.345,banana,fresh
18457037,18254,92.30,853.10,70.40,0.451,4.170,0.344,banana,fresh
18458048,18255,92.45,853.05,70.20,0.452,4.169,0.343,banana,fresh
18459059,18256,92.30,853.10,70.40,0.451,4.170,0.344,banana,fresh
18460070,18257,92.35,853.10,70.25,0.451,4.170,0.343,banana,fresh
18461081,18258,92.50,853.10,70.40,0.452,4.170,0.344,banana,fresh
18462093,18259,92.40,853.15,70.35,0.452,4.170,0.344,banana,fresh
18463104,18260,92.50,853.15,70.40,0.452,4.170,0.344,banana,fresh
18464115,18261,92.40,853.15,70.40,0.452,4.170,0.344,banana,fresh
18465126,18262,92.55,853.20,70.15,0.452,4.170,0.343,banana,fresh
18466137,18263,92.45,853.20,70.35,0.452,4.170,0.344,banana,fresh
18467148,18264,92.40,853.05,70.15,0.452,4.169,0.343,banana,fresh
18468159,18265,92.40,853.05,70.40,0.452,4.169,0.344,banana,fresh
18469171,18266,92.60,853.20,70.30,0.453,4.170,0.344,banana,fresh
18470181,18267,92.35,853.15,70.35,0.451,4.170,0.344,banana,fresh
18471193,18268,92.40,853.20,70.35,0.452,4.170,0.344,banana,fresh
18472204,18269,92.50,853.05,70.20,0.452,4.169,0.343,banana,fresh
18473214,18270,92.45,853.05,70.40,0.452,4.169,0.344,banana,fresh
18474226,18271,92.35,853.05,70.25,0.451,4.169,0.343,banana,fresh
18475237,18272,92.55,853.10,70.55,0.452,4.170,0.345,banana,fresh
18476249,18273,92.45,853.05,70.25,0.452,4.169,0.343,banana,fresh
18477259,18274,92.50,853.05,70.20,0.452,4.169,0.343,banana,fresh
18478271,18275,92.45,853.00,70.45,0.452,4.169,0.344,banana,fresh
18479282,18276,92.40,853.10,70.20,0.452,4.170,0.343,banana,fresh
18480293,18277,92.40,853.10,70.35,0.452,4.170,0.344,banana,fresh
18481304,18278,92.45,853.30,70.45,0.452,4.171,0.344,banana,fresh
18482315,18279,92.20,853.10,70.40,0.451,4.170,0.344,banana,fresh
18483326,18280,92.55,853.15,70.35,0.452,4.170,0.344,banana,fresh
18484337,18281,92.35,853.15,70.25,0.451,4.170,0.343,banana,fresh
18485349,18282,92.50,853.00,70.35,0.452,4.169,0.344,banana,fresh
18486360,18283,92.60,853.20,70.30,0.453,4.170,0.344,banana,fresh
18487371,18284,92.50,853.20,70.35,0.452,4.170,0.344,banana,fresh
18488382,18285,92.30,853.15,70.45,0.451,4.170,0.344,banana,fresh
18489393,18286,92.55,853.20,70.45,0.452,4.170,0.344,banana,fresh
18490404,18287,92.45,853.20,70.25,0.452,4.170,0.343,banana,fresh
18491415,18288,92.35,853.20,70.35,0.451,4.170,0.344,banana,fresh
18492427,18289,92.45,853.05,70.20,0.452,4.169,0.343,banana,fresh
18493437,18290,92.55,853.10,70.40,0.452,4.170,0.344,banana,fresh
18494449,18291,92.55,853.10,70.50,0.452,4.170,0.345,banana,fresh
18495460,18292,92.25,853.10,70.50,0.451,4.170,0.345,banana,fresh
18496471,18293,92.35,853.20,70.30,0.451,4.170,0.344,banana,fresh
18497482,18294,92.35,853.10,70.45,0.451,4.170,0.344,banana,fresh
18498493,18295,92.70,853.00,70.30,0.453,4.169,0.344,banana,fresh
18499505,18296,92.40,853.10,70.20,0.452,4.170,0.343,banana,fresh
18500515,18297,92.50,853.15,70.30,0.452,4.170,0.344,banana,fresh
18501527,18298,92.30,853.00,70.35,0.451,4.169,0.344,banana,fresh
18502538,18299,92.55,853.05,70.10,0.452,4.169,0.343,banana,fresh
18503549,18300,92.50,853.20,70.45,0.452,4.170,0.344,banana,fresh
18504560,18301,92.25,853.20,70.50,0.451,4.170,0.345,banana,fresh
18505571,18302,92.45,853.15,70.40,0.452,4.170,0.344,banana,fresh
18506583,18303,92.40,853.15,70.30,0.452,4.170,0.344,banana,fresh
18507593,18304,92.55,853.05,70.40,0.452,4.169,0.344,banana,fresh
18508605,18305,92.40,853.10,70.40,0.452,4.170,0.344,banana,fresh
18509616,18306,92.45,853.00,70.30,0.452,4.169,0.344,banana,fresh
18510627,18307,92.35,853.20,70.35,0.451,4.170,0.344,banana,fresh
18511638,18308,92.45,853.05,70.40,0.452,4.169,0.344,banana,fresh
18512649,18309,92.35,853.30,70.25,0.451,4.171,0.343,banana,fresh
18513660,18310,92.35,853.25,70.30,0.451,4.170,0.344,banana,fresh
18514671,18311,92.55,853.10,70.60,0.452,4.170,0.345,banana,fresh
18515683,18312,92.45,853.15,70.55,0.452,4.170,0.345,banana,fresh
18516694,18313,92.45,853.10,70.65,0.452,4.170,0.345,banana,fresh
18517705,18314,92.50,853.25,70.35,0.452,4.170,0.344,banana,fresh
18518716,18315,92.50,853.10,70.35,0.452,4.170,0.344,banana,fresh
18519728,18316,92.35,853.05,70.15,0.451,4.169,0.343,banana,fresh
18520738,18317,92.35,853.05,70.30,0.451,4.169,0.344,banana,fresh
18521749,18318,92.55,853.00,70.45,0.452,4.169,0.344,banana,fresh
18522761,18319,92.60,853.10,70.35,0.453,4.170,0.344,banana,fresh
18523771,18320,92.50,853.05,70.40,0.452,4.169,0.344,banana,fresh
18524783,18321,92.45,853.15,70.45,0.452,4.170,0.344,banana,fresh
18525794,18322,92.45,853.05,70.45,0.452,4.169,0.344,banana,fresh
18526806,18323,92.50,853.10,70.30,0.452,4.170,0.344,banana,fresh
18527816,18324,92.50,853.10,70.35,0.452,4.170,0.344,banana,fresh
18528827,18325,92.55,853.15,70.20,0.452,4.170,0.343,banana,fresh
18529839,18326,92.35,853.20,70.35,0.451,4.170,0.344,banana,fresh
18530849,18327,92.45,853.15,70.35,0.452,4.170,0.344,banana,fresh
18531861,18328,92.35,853.25,70.45,0.451,4.170,0.344,banana,fresh
18532872,18329,92.55,853.15,70.40,0.452,4.170,0.344,banana,fresh
18533883,18330,92.80,853.00,70.40,0.454,4.169,0.344,banana,fresh
18534894,18331,92.30,853.00,70.45,0.451,4.169,0.344,banana,fresh
18535906,18332,92.40,853.20,70.45,0.452,4.170,0.344,banana,fresh
18536916,18333,92.45,853.05,70.40,0.452,4.169,0.344,banana,fresh
18537927,18334,92.50,853.05,70.50,0.452,4.169,0.345,banana,fresh
18538939,18335,92.55,853.15,70.55,0.452,4.170,0.345,banana,fresh
18539950,18336,92.60,853.25,70.55,0.453,4.170,0.345,banana,fresh
18540961,18337,92.55,853.05,70.30,0.452,4.169,0.344,banana,fresh
18541972,18338,92.40,853.05,70.40,0.452,4.169,0.344,banana,fresh
18542984,18339,92.65,853.25,70.50,0.453,4.170,0.345,banana,fresh
18543994,18340,92.45,853.20,70.45,0.452,4.170,0.344,banana,fresh
18545005,18341,92.50,853.15,70.65,0.452,4.170,0.345,banana,fresh
18546017,18342,92.55,853.05,70.25,0.452,4.169,0.343,banana,fresh
18547027,18343,92.55,853.15,70.15,0.452,4.170,0.343,banana,fresh
18548039,18344,92.55,853.15,70.25,0.452,4.170,0.343,banana,fresh
18549050,18345,92.50,853.15,70.25,0.452,4.170,0.343,banana,fresh
18550062,18346,92.45,853.10,70.35,0.452,4.170,0.344,banana,fresh
18551072,18347,92.15,853.15,70.25,0.450,4.170,0.343,banana,fresh
18552084,18348,92.55,853.10,70.40,0.452,4.170,0.344,banana,fresh
18553095,18349,92.35,853.15,70.50,0.451,4.170,0.345,banana,fresh
18554105,18350,92.45,853.00,70.60,0.452,4.169,0.345,banana,fresh
18555117,18351,92.35,853.10,70.35,0.451,4.170,0.344,banana,fresh
18556128,18352,92.45,853.20,70.25,0.452,4.170,0.343,banana,fresh
18557139,18353,92.45,853.05,70.60,0.452,4.169,0.345,banana,fresh
18558150,18354,92.30,853.25,70.20,0.451,4.170,0.343,banana,fresh
18559162,18355,92.55,853.15,70.35,0.452,4.170,0.344,banana,fresh
18560173,18356,92.35,853.20,70.45,0.451,4.170,0.344,banana,fresh
18561183,18357,92.70,853.20,70.40,0.453,4.170,0.344,banana,fresh
18562195,18358,92.45,853.10,70.40,0.452,4.170,0.344,banana,fresh
18563206,18359,92.20,853.20,70.45,0.451,4.170,0.344,banana,fresh
18564217,18360,92.55,853.05,70.65,0.452,4.169,0.345,banana,fresh
18565228,18361,92.25,853.30,70.40,0.451,4.171,0.344,banana,fresh
18566240,18362,92.50,853.20,70.35,0.452,4.170,0.344,banana,fresh
18567250,18363,92.50,853.25,70.50,0.452,4.170,0.345,banana,fresh
18568261,18364,92.30,853.25,70.45,0.451,4.170,0.344,banana,fresh
18569273,18365,92.50,853.25,70.40,0.452,4.170,0.344,banana,fresh
18570284,18366,92.55,853.25,70.45,0.452,4.170,0.344,banana,fresh
18571295,18367,92.60,853.30,70.20,0.453,4.171,0.343,banana,fresh
18572306,18368,92.40,853.15,70.20,0.452,4.170,0.343,banana,fresh
18573318,18369,92.40,853.15,70.30,0.452,4.170,0.344,banana,fresh
18574328,18370,92.55,853.20,70.55,0.452,4.170,0.345,banana,fresh
18575340,18371,92.45,853.10,70.45,0.452,4.170,0.344,banana,fresh
18576351,18372,92.70,853.25,70.50,0.453,4.170,0.345,banana,fresh
18577361,18373,92.60,853.20,70.45,0.453,4.170,0.344,banana,fresh
18578373,18374,92.50,853.05,70.45,0.452,4.169,0.344,banana,fresh
18579384,18375,92.40,853.20,70.40,0.452,4.170,0.344,banana,fresh
18580396,18376,92.65,853.15,70.45,0.453,4.170,0.344,banana,fresh
18581406,18377,92.60,853.25,70.65,0.453,4.170,0.345,banana,fresh
18582418,18378,92.50,853.10,70.50,0.452,4.170,0.345,banana,fresh
18583429,18379,92.45,853.30,70.45,0.452,4.171,0.344,banana,fresh
18584440,18380,92.55,853.15,70.50,0.452,4.170,0.345,banana,fresh
18585451,18381,92.45,853.25,70.45,0.452,4.170,0.344,banana,fresh
18586462,18382,92.35,853.05,70.55,0.451,4.169,0.345,banana,fresh
18587473,18383,92.25,853.10,70.50,0.451,4.170,0.345,banana,fresh
18588484,18384,92.50,853.20,70.30,0.452,4.170,0.344,banana,fresh
18589496,18385,92.55,853.00,70.45,0.452,4.169,0.344,banana,fresh
18590507,18386,92.50,853.30,70.40,0.452,4.171,0.344,banana,fresh
18591518,18387,92.45,853.05,70.50,0.452,4.169,0.345,banana,fresh
18592529,18388,92.40,853.25,70.45,0.452,4.170,0.344,banana,fresh
18593540,18389,92.45,853.25,70.40,0.452,4.170,0.344,banana,fresh
18594551,18390,92.55,853.15,70.50,0.452,4.170,0.345,banana,fresh
18595562,18391,92.45,853.15,70.45,0.452,4.170,0.344,banana,fresh
18596574,18392,92.50,853.00,70.55,0.452,4.169,0.345,banana,fresh
18597584,18393,92.40,853.20,70.65,0.452,4.170,0.345,banana,fresh
18598596,18394,92.60,853.10,70.30,0.453,4.170,0.344,banana,fresh
18599607,18395,92.50,853.30,70.45,0.452,4.171,0.344,banana,fresh
18600619,18396,92.65,853.20,70.30,0.453,4.170,0.344,banana,fresh
18601629,18397,92.60,853.20,70.40,0.453,4.170,0.344,banana,fresh
18602640,18398,92.30,853.20,70.30,0.451,4.170,0.344,banana,fresh
18603652,18399,92.30,853.35,70.50,0.451,4.171,0.345,banana,fresh
18604662,18400,92.45,853.20,70.35,0.452,4.170,0.344,banana,fresh
18605674,18401,92.60,853.20,70.50,0.453,4.170,0.345,banana,fresh
18606685,18402,92.60,853.15,70.70,0.453,4.170,0.346,banana,fresh
18607696,18403,92.45,853.25,70.50,0.452,4.170,0.345,banana,fresh
18608707,18404,92.45,853.20,70.65,0.452,4.170,0.345,banana,fresh
18609718,18405,92.55,853.15,70.50,0.452,4.170,0.345,banana,fresh
18610729,18406,92.45,853.05,70.35,0.452,4.169,0.344,banana,fresh
18611740,18407,92.55,853.25,70.45,0.452,4.170,0.344,banana,fresh
18612752,18408,92.55,853.35,70.45,0.452,4.171,0.344,banana,fresh
18613763,18409,92.40,853.15,70.45,0.452,4.170,0.344,banana,fresh
18614774,18410,92.50,853.30,70.50,0.452,4.171,0.345,banana,fresh
18615785,18411,92.55,853.05,70.55,0.452,4.169,0.345,banana,fresh
18616796,18412,92.45,853.20,70.45,0.452,4.170,0.344,banana,fresh
18617807,18413,92.45,853.15,70.45,0.452,4.170,0.344,banana,fresh
18618818,18414,92.65,853.25,70.50,0.453,4.170,0.345,banana,fresh
18619830,18415,92.70,853.10,70.50,0.453,4.170,0.345,banana,fresh
18620840,18416,92.50,853.15,70.65,0.452,4.170,0.345,banana,fresh
18621852,18417,92.60,853.25,70.45,0.453,4.170,0.344,banana,fresh
18622863,18418,92.65,853.10,70.35,0.453,4.170,0.344,banana,fresh
18623875,18419,92.45,853.20,70.35,0.452,4.170,0.344,banana,fresh
18624885,18420,92.60,853.10,70.20,0.453,4.170,0.343,banana,fresh
18625896,18421,92.35,853.15,70.55,0.451,4.170,0.345,banana,fresh
18626908,18422,92.45,853.05,70.55,0.452,4.169,0.345,banana,fresh
18627918,18423,92.35,853.30,70.45,0.451,4.171,0.344,banana,fresh
18628930,18424,92.75,853.25,70.65,0.453,4.170,0.345,banana,fresh
18629941,18425,92.45,853.05,70.55,0.452,4.169,0.345,banana,fresh
18630952,18426,92.50,853.15,70.30,0.452,4.170,0.344,banana,fresh
18631963,18427,92.40,853.20,70.30,0.452,4.170,0.344,banana,fresh
18632974,18428,92.65,853.15,70.65,0.453,4.170,0.345,banana,fresh
18633986,18429,92.55,853.15,70.45,0.452,4.170,0.344,banana,fresh
18634996,18430,92.40,853.25,70.85,0.452,4.170,0.346,banana,fresh
18636008,18431,92.60,853.25,70.55,0.453,4.170,0.345,banana,fresh
18637019,18432,92.45,853.10,70.60,0.452,4.170,0.345,banana,fresh
18638030,18433,92.60,853.10,70.50,0.453,4.170,0.345,banana,fresh
18639041,18434,92.45,853.10,70.50,0.452,4.170,0.345,banana,fresh
18640053,18435,92.50,853.25,70.45,0.452,4.170,0.344,banana,fresh
18641063,18436,92.40,853.45,70.55,0.452,4.171,0.345,banana,fresh
18642074,18437,92.40,853.20,70.60,0.452,4.170,0.345,banana,fresh
18643086,18438,92.50,853.20,70.40,0.452,4.170,0.344,banana,fresh
18644097,18439,92.60,853.05,70.50,0.453,4.169,0.345,banana,fresh
18645108,18440,92.60,853.30,70.50,0.453,4.171,0.345,banana,fresh
18646119,18441,92.55,853.35,70.65,0.452,4.171,0.345,banana,fresh
18647131,18442,92.55,853.05,70.45,0.452,4.169,0.344,banana,fresh
18648141,18443,92.70,853.30,70.50,0.453,4.171,0.345,banana,fresh
18649152,18444,92.65,853.25,70.40,0.453,4.170,0.344,banana,fresh
18650164,18445,92.30,853.10,70.60,0.451,4.170,0.345,banana,fresh
18651174,18446,92.55,853.25,70.35,0.452,4.170,0.344,banana,fresh
18652186,18447,92.25,853.20,70.40,0.451,4.170,0.344,banana,fresh
18653197,18448,92.60,853.05,70.50,0.453,4.169,0.345,banana,fresh
18654209,18449,92.40,853.25,70.30,0.452,4.170,0.344,banana,fresh
18655219,18450,92.50,853.20,70.45,0.452,4.170,0.344,banana,fresh
18656230,18451,92.70,853.15,70.25,0.453,4.170,0.343,banana,fresh
18657242,18452,92.40,853.40,70.40,0.452,4.171,0.344,banana,fresh
18658252,18453,92.45,853.20,70.50,0.452,4.170,0.345,banana,fresh
18659264,18454,92.50,853.10,70.50,0.452,4.170,0.345,banana,fresh
18660275,18455,92.40,853.00,70.55,0.452,4.169,0.345,banana,fresh
18661286,18456,92.40,853.10,70.45,0.452,4.170,0.344,banana,fresh
18662297,18457,92.25,853.20,70.55,0.451,4.170,0.345,banana,fresh
18663309,18458,92.45,853.10,70.55,0.452,4.170,0.345,banana,fresh
18664320,18459,92.50,853.25,70.40,0.452,4.170,0.344,banana,fresh
18665330,18460,92.40,853.10,70.50,0.452,4.170,0.345,banana,fresh
18666342,18461,92.75,853.15,70.50,0.453,4.170,0.345,banana,fresh
18667353,18462,92.55,853.15,70.45,0.452,4.170,0.344,banana,fresh
18668364,18463,92.65,853.15,70.50,0.453,4.170,0.345,banana,fresh
18669375,18464,92.45,853.15,70.65,0.452,4.170,0.345,banana,fresh
18670387,18465,92.65,853.20,70.25,0.453,4.170,0.343,banana,fresh
18671397,18466,92.55,853.15,70.40,0.452,4.170,0.344,banana,fresh
18672409,18467,92.25,853.20,70.50,0.451,4.170,0.345,banana,fresh
18673420,18468,92.70,853.25,70.40,0.453,4.170,0.344,banana,fresh
18674430,18469,92.40,853.20,70.55,0.452,4.170,0.345,banana,fresh
18675442,18470,92.35,853.25,70.50,0.451,4.170,0.345,banana,fresh
18676453,18471,92.65,853.20,70.55,0.453,4.170,0.345,banana,fresh
18677465,18472,92.60,853.20,70.50,0.453,4.170,0.345,banana,fresh
18678475,18473,92.45,853.25,70.60,0.452,4.170,0.345,banana,fresh
18679487,18474,92.55,853.15,70.50,0.452,4.170,0.345,banana,fresh
18680498,18475,92.50,853.05,70.40,0.452,4.169,0.344,banana,fresh
18681508,18476,92.40,853.20,70.50,0.452,4.170,0.345,banana,fresh
18682520,18477,92.45,853.25,70.35,0.452,4.170,0.344,banana,fresh
18683531,18478,92.50,853.25,70.40,0.452,4.170,0.344,banana,fresh
18684542,18479,92.50,853.35,70.55,0.452,4.171,0.345,banana,fresh
18685553,18480,92.35,853.15,70.60,0.451,4.170,0.345,banana,fresh
18686565,18481,92.60,853.15,70.45,0.453,4.170,0.344,banana,fresh
18687576,18482,92.55,853.35,70.25,0.452,4.171,0.343,banana,fresh
18688587,18483,92.45,853.10,70.45,0.452,4.170,0.344,banana,fresh
18689598,18484,92.60,853.30,70.30,0.453,4.171,0.344,banana,fresh
18690609,18485,92.75,853.15,70.40,0.453,4.170,0.344,banana,fresh
18691620,18486,92.65,853.20,70.45,0.453,4.170,0.344,banana,fresh
18692631,18487,92.50,853.30,70.50,0.452,4.171,0.345,banana,fresh
18693643,18488,92.40,853.10,70.50,0.452,4.170,0.345,banana,fresh
18694653,18489,92.65,853.30,70.60,0.453,4.171,0.345,banana,fresh
18695665,18490,92.50,853.25,70.50,0.452,4.170,0.345,banana,fresh
18696676,18491,92.35,853.05,70.35,0.451,4.169,0.344,banana,fresh
18697687,18492,92.40,853.05,70.55,0.452,4.169,0.345,banana,fresh
18698698,18493,92.50,853.30,70.50,0.452,4.171,0.345,banana,fresh
18699709,18494,92.45,853.25,70.40,0.452,4.170,0.344,banana,fresh
18700721,18495,92.30,853.30,70.50,0.451,4.171,0.345,banana,fresh
18701731,18496,92.35,853.20,70.40,0.451,4.170,0.344,banana,fresh
18702743,18497,92.35,853.20,70.50,0.451,4.170,0.345,banana,fresh
18703754,18498,92.35,853.10,70.70,0.451,4.170,0.346,banana,fresh
18704765,18499,92.60,853.20,70.40,0.453,4.170,0.344,banana,fresh
18705776,18500,92.70,853.20,70.85,0.453,4.170,0.346,banana,fresh
18706787,18501,92.40,853.30,70.60,0.452,4.171,0.345,banana,fresh
18707799,18502,92.55,853.15,70.50,0.452,4.170,0.345,banana,fresh
18708809,18503,92.50,853.05,70.45,0.452,4.169,0.344,banana,fresh
18709821,18504,92.50,853.25,70.40,0.452,4.170,0.344,banana,fresh
18710832,18505,92.55,853.25,70.55,0.452,4.170,0.345,banana,fresh
18711843,18506,92.50,853.10,70.60,0.452,4.170,0.345,banana,fresh
18712854,18507,92.60,853.15,70.60,0.453,4.170,0.345,banana,fresh
18713865,18508,92.75,853.25,70.50,0.453,4.170,0.345,banana,fresh
18714876,18509,92.50,853.15,70.45,0.452,4.170,0.344,banana,fresh
18715887,18510,92.40,853.05,70.70,0.452,4.169,0.346,banana,fresh
18716899,18511,92.50,853.20,70.50,0.452,4.170,0.345,banana,fresh
18717910,18512,92.65,853.15,70.55,0.453,4.170,0.345,banana,fresh
18718921,18513,92.50,853.00,70.45,0.452,4.169,0.344,banana,fresh
18719932,18514,92.45,853.05,70.45,0.452,4.169,0.344,banana,fresh
18720943,18515,92.45,853.20,70.60,0.452,4.170,0.345,banana,fresh
18721954,18516,92.55,853.10,70.50,0.452,4.170,0.345,banana,fresh
18722965,18517,92.50,853.20,70.60,0.452,4.170,0.345,banana,fresh
18723977,18518,92.50,853.15,70.55,0.452,4.170,0.345,banana,fresh
18724987,18519,92.70,853.30,70.65,0.453,4.171,0.345,banana,fresh
18725999,18520,92.55,853.30,70.30,0.452,4.171,0.344,banana,fresh
18727010,18521,92.60,853.35,70.50,0.453,4.171,0.345,banana,fresh
18728022,18522,92.45,853.25,70.65,0.452,4.170,0.345,banana,fresh
18729032,18523,92.45,853.05,70.50,0.452,4.169,0.345,banana,fresh
18730043,18524,92.50,853.15,70.50,0.452,4.170,0.345,banana,fresh
18731055,18525,92.60,853.20,70.65,0.453,4.170,0.345,banana,fresh
18732065,18526,92.50,853.30,70.45,0.452,4.171,0.344,banana,fresh
18733077,18527,92.70,853.40,70.50,0.453,4.171,0.345,banana,fresh
18734088,18528,92.55,853.40,70.55,0.452,4.171,0.345,banana,fresh
18735099,18529,92.45,853.20,70.60,0.452,4.170,0.345,banana,fresh
18736110,18530,92.50,853.20,70.40,0.452,4.170,0.344,banana,fresh
18737121,18531,92.40,853.25,70.45,0.452,4.170,0.344,banana,fresh
18738132,18532,92.45,853.15,70.45,0.452,4.170,0.344,banana,fresh
18739143,18533,92.60,853.25,70.65,0.453,4.170,0.345,banana,fresh
18740155,18534,92.75,853.35,70.50,0.453,4.171,0.345,banana,fresh
18741166,18535,92.60,853.20,70.55,0.453,4.170,0.345,banana,fresh
18742177,18536,92.50,853.20,70.45,0.452,4.170,0.344,banana,fresh
18743188,18537,92.40,853.20,70.40,0.452,4.170,0.344,banana,fresh
18744199,18538,92.50,853.30,70.60,0.452,4.171,0.345,banana,fresh
18745210,18539,92.50,853.40,70.60,0.452,4.171,0.345,banana,fresh
18746221,18540,92.40,853.45,70.55,0.452,4.171,0.345,banana,fresh
18747233,18541,92.40,853.15,70.50,0.452,4.170,0.345,banana,fresh
18748243,18542,92.65,853.25,70.55,0.453,4.170,0.345,banana,fresh
18749255,18543,92.60,853.20,70.60,0.453,4.170,0.345,banana,fresh
18750266,18544,92.45,853.10,70.75,0.452,4.170,0.346,banana,fresh
18751278,18545,92.60,853.10,70.55,0.453,4.170,0.345,banana,fresh
18752288,18546,92.50,853.20,70.55,0.452,4.170,0.345,banana,fresh
18753299,18547,92.65,853.10,70.50,0.453,4.170,0.345,banana,fresh
18754311,18548,92.60,853.35,70.75,0.453,4.171,0.346,banana,fresh
18755321,18549,92.65,853.35,70.60,0.453,4.171,0.345,banana,fresh
18756333,18550,92.55,853.30,70.50,0.452,4.171,0.345,banana,fresh
18757344,18551,92.50,853.10,70.40,0.452,4.170,0.344,banana,fresh
18758355,18552,92.70,853.15,70.60,0.453,4.170,0.345,banana,fresh
18759366,18553,92.50,853.30,70.55,0.452,4.171,0.345,banana,fresh
18760377,18554,92.55,853.15,70.50,0.452,4.170,0.345,banana,fresh
18761389,18555,92.60,853.15,70.60,0.453,4.170,0.345,banana,fresh
18762399,18556,92.55,853.30,70.55,0.452,4.171,0.345,banana,fresh
18763411,18557,92.45,853.35,70.55,0.452,4.171,0.345,banana,fresh
18764422,18558,92.65,853.25,70.65,0.453,4.170,0.345,banana,fresh
18765433,18559,92.40,853.20,70.55,0.452,4.170,0.345,banana,fresh
18766444,18560,92.40,853.10,70.60,0.452,4.170,0.345,banana,fresh
18767455,18561,92.45,853.20,70.60,0.452,4.170,0.345,banana,fresh
18768466,18562,92.65,853.25,70.55,0.453,4.170,0.345,banana,fresh
18769477,18563,92.50,853.15,70.60,0.452,4.170,0.345,banana,fresh
18770489,18564,92.55,853.20,70.65,0.452,4.170,0.345,banana,fresh
18771500,18565,92.50,853.20,70.55,0.452,4.170,0.345,banana,fresh
18772511,18566,92.75,853.25,70.55,0.453,4.170,0.345,banana,fresh
18773522,18567,92.50,853.15,70.45,0.452,4.170,0.344,banana,fresh
18774534,18568,92.40,853.10,70.55,0.452,4.170,0.345,banana,fresh
18775544,18569,92.60,853.30,70.60,0.453,4.171,0.345,banana,fresh
18776555,18570,92.45,853.10,70.60,0.452,4.170,0.345,banana,fresh
18777567,18571,92.35,853.25,70.60,0.451,4.170,0.345,banana,fresh
18778577,18572,92.55,853.20,70.50,0.452,4.170,0.345,banana,fresh
18779589,18573,92.35,853.35,70.50,0.451,4.171,0.345,banana,fresh
18780600,18574,92.55,853.20,70.60,0.452,4.170,0.345,banana,fresh
18781612,18575,92.60,853.10,70.40,0.453,4.170,0.344,banana,fresh
18782622,18576,92.70,853.20,70.55,0.453,4.170,0.345,banana,fresh
18783633,18577,92.35,853.35,70.55,0.451,4.171,0.345,banana,fresh
18784645,18578,92.65,853.30,70.55,0.453,4.171,0.345,banana,fresh
18785655,18579,92.55,853.20,70.30,0.452,4.170,0.344,banana,fresh
18786667,18580,92.40,853.05,70.75,0.452,4.169,0.346,banana,fresh
18787678,18581,92.60,853.30,70.75,0.453,4.171,0.346,banana,fresh
18788689,18582,92.55,853.20,70.60,0.452,4.170,0.345,banana,fresh
18789700,18583,92.60,853.25,70.55,0.453,4.170,0.345,banana,fresh
18790712,18584,92.55,853.35,70.75,0.452,4.171,0.346,banana,fresh
18791723,18585,92.55,853.30,70.45,0.452,4.171,0.344,banana,fresh
18792733,18586,92.75,853.20,70.65,0.453,4.170,0.345,banana,fresh
18793745,18587,92.50,853.30,70.55,0.452,4.171,0.345,banana,fresh
18794756,18588,92.85,853.45,70.75,0.454,4.171,0.346,banana,fresh
18795767,18589,92.65,853.50,70.50,0.453,4.172,0.345,banana,fresh
18796778,18590,92.45,853.20,70.60,0.452,4.170,0.345,banana,fresh
18797790,18591,92.35,853.20,70.60,0.451,4.170,0.345,banana,fresh
18798800,18592,92.60,853.25,70.75,0.453,4.170,0.346,banana,fresh
18799812,18593,92.35,853.20,70.40,0.451,4.170,0.344,banana,fresh
18800823,18594,92.45,853.20,70.45,0.452,4.170,0.344,banana,fresh
18801833,18595,92.55,853.15,70.40,0.452,4.170,0.344,banana,fresh
18802845,18596,92.45,853.20,70.55,0.452,4.170,0.345,banana,fresh
18803856,18597,92.60,853.35,70.50,0.453,4.171,0.345,banana,fresh
18804868,18598,92.60,853.40,70.45,0.453,4.171,0.344,banana,fresh
18805878,18599,92.45,853.35,70.45,0.452,4.171,0.344,banana,fresh
18806890,18600,92.55,853.35,70.65,0.452,4.171,0.345,banana,fresh
18807901,18601,92.50,853.15,70.50,0.452,4.170,0.345,banana,fresh
18808911,18602,92.55,853.40,70.30,0.452,4.171,0.344,banana,fresh
18809923,18603,92.80,853.15,70.45,0.454,4.170,0.344,banana,fresh
18810934,18604,92.45,853.35,70.50,0.452,4.171,0.345,banana,fresh
18811945,18605,92.25,853.30,70.60,0.451,4.171,0.345,banana,fresh
18812956,18606,92.55,853.10,70.60,0.452,4.170,0.345,banana,fresh
18813968,18607,92.60,853.20,70.60,0.453,4.170,0.345,banana,fresh
18814979,18608,92.45,853.15,70.55,0.452,4.170,0.345,banana,fresh
18815990,18609,92.45,853.40,70.60,0.452,4.171,0.345,banana,fresh
18817001,18610,92.45,853.15,70.70,0.452,4.170,0.346,banana,fresh
18818012,18611,92.70,853.45,70.50,0.453,4.171,0.345,banana,fresh
18819023,18612,92.65,853.20,70.50,0.453,4.170,0.345,banana,fresh
18820034,18613,92.50,853.20,70.55,0.452,4.170,0.345,banana,fresh
18821046,18614,92.55,853.15,70.45,0.452,4.170,0.344,banana,fresh
18822056,18615,92.70,853.25,70.60,0.453,4.170,0.345,banana,fresh
18823067,18616,92.45,853.25,70.55,0.452,4.170,0.345,banana,fresh
18824079,18617,92.45,853.30,70.75,0.452,4.171,0.346,banana,fresh
18825090,18618,92.50,853.20,70.35,0.452,4.170,0.344,banana,fresh
18826101,18619,92.45,853.40,70.45,0.452,4.171,0.344,banana,fresh
18827112,18620,92.70,853.40,70.40,0.453,4.171,0.344,banana,fresh
18828124,18621,92.55,853.20,70.70,0.452,4.170,0.346,banana,fresh
18829134,18622,92.65,853.30,70.70,0.453,4.171,0.346,banana,fresh
18830146,18623,92.45,853.20,70.70,0.452,4.170,0.346,banana,fresh
18831157,18624,92.50,853.20,70.65,0.452,4.170,0.345,banana,fresh
18832167,18625,92.55,853.35,70.60,0.452,4.171,0.345,banana,fresh
18833179,18626,92.55,853.30,70.50,0.452,4.171,0.345,banana,fresh
18834190,18627,92.60,853.30,70.55,0.453,4.171,0.345,banana,fresh
18835202,18628,92.60,853.25,70.40,0.453,4.170,0.344,banana,fresh
18836212,18629,92.60,853.40,70.60,0.453,4.171,0.345,banana,fresh
18837224,18630,92.70,853.25,70.55,0.453,4.170,0.345,banana,fresh
18838235,18631,92.45,853.25,70.45,0.452,4.170,0.344,banana,fresh
18839246,18632,92.40,853.10,70.65,0.452,4.170,0.345,banana,fresh
18840257,18633,92.45,853.30,70.55,0.452,4.171,0.345,banana,fresh
18841268,18634,92.40,853.15,70.55,0.452,4.170,0.345,banana,fresh
18842279,18635,92.60,853.20,70.50,0.453,4.170,0.345,banana,fresh
18843290,18636,92.60,853.15,70.75,0.453,4.170,0.346,banana,fresh
18844302,18637,92.50,853.30,70.65,0.452,4.171,0.345,banana,fresh
18845313,18638,92.45,853.25,70.70,0.452,4.170,0.346,banana,fresh
18846324,18639,92.55,853.30,70.60,0.452,4.171,0.345,banana,fresh
18847335,18640,92.65,853.10,70.35,0.453,4.170,0.344,banana,fresh
18848346,18641,92.45,853.15,70.45,0.452,4.170,0.344,banana,fresh
18849357,18642,92.65,853.35,70.70,0.453,4.171,0.346,banana,fresh
18850368,18643,92.45,853.25,70.65,0.452,4.170,0.345,banana,fresh
18851380,18644,92.50,853.30,70.40,0.452,4.171,0.344,banana,fresh
18852390,18645,92.55,853.25,70.45,0.452,4.170,0.344,banana,fresh
18853402,18646,92.40,853.35,70.55,0.452,4.171,0.345,banana,fresh
18854413,18647,92.55,853.40,70.65,0.452,4.171,0.345,banana,fresh
18855425,18648,92.60,853.25,70.60,0.453,4.170,0.345,banana,fresh
18856435,18649,92.55,853.40,70.50,0.452,4.171,0.345,banana,fresh
18857446,18650,92.45,853.35,70.65,0.452,4.171,0.345,banana,fresh
18858458,18651,92.60,853.35,70.60,0.453,4.171,0.345,banana,fresh
18859468,18652,92.50,853.20,70.70,0.452,4.170,0.346,banana,fresh
18860480,18653,92.50,853.20,70.80,0.452,4.170,0.346,banana,fresh
18861491,18654,92.50,853.40,70.75,0.452,4.171,0.346,banana,fresh
18862502,18655,92.65,853.40,70.45,0.453,4.171,0.344,banana,fresh
18863513,18656,92.75,853.50,70.65,0.453,4.172,0.345,banana,fresh
18864524,18657,92.45,853.10,70.65,0.452,4.170,0.345,banana,fresh
18865536,18658,92.50,853.45,70.60,0.452,4.171,0.345,banana,fresh
18866546,18659,92.60,853.30,70.40,0.453,4.171,0.344,banana,fresh
18867558,18660,92.50,853.25,70.45,0.452,4.170,0.344,banana,fresh
18868569,18661,92.55,853.25,70.60,0.452,4.170,0.345,banana,fresh
18869580,18662,92.60,853.35,70.40,0.453,4.171,0.344,banana,fresh
18870591,18663,92.70,853.25,70.40,0.453,4.170,0.344,banana,fresh
18871602,18664,92.60,853.30,70.70,0.453,4.171,0.346,banana,fresh
18872613,18665,92.60,853.30,70.75,0.453,4.171,0.346,banana,fresh
18873624,18666,92.50,853.40,70.60,0.452,4.171,0.345,banana,fresh
18874636,18667,92.35,853.30,70.50,0.451,4.171,0.345,banana,fresh
18875646,18668,92.55,853.30,70.70,0.452,4.171,0.346,banana,fresh
18876658,18669,92.60,853.20,70.55,0.453,4.170,0.345,banana,fresh
18877669,18670,92.50,853.40,70.65,0.452,4.171,0.345,banana,fresh
18878680,18671,92.45,853.20,70.55,0.452,4.170,0.345,banana,fresh
18879691,18672,92.65,853.15,70.60,0.453,4.170,0.345,banana,fresh
18880702,18673,92.70,853.40,70.50,0.453,4.171,0.345,banana,fresh
18881714,18674,92.55,853.25,70.85,0.452,4.170,0.346,banana,fresh
18882724,18675,92.45,853.25,70.65,0.452,4.170,0.345,banana,fresh
18883736,18676,92.30,853.35,70.65,0.451,4.171,0.345,banana,fresh
18884747,18677,92.55,853.45,70.65,0.452,4.171,0.345,banana,fresh
18885758,18678,92.65,853.30,70.55,0.453,4.171,0.345,banana,fresh
18886769,18679,92.45,853.35,70.60,0.452,4.171,0.345,banana,fresh
18887780,18680,92.45,853.60,70.60,0.452,4.172,0.345,banana,fresh
18888792,18681,92.45,853.25,70.40,0.452,4.170,0.344,banana,fresh
18889802,18682,92.65,853.45,70.50,0.453,4.171,0.345,banana,fresh
18890814,18683,92.55,853.35,70.50,0.452,4.171,0.345,banana,fresh
18891825,18684,92.40,853.40,70.55,0.452,4.171,0.345,banana,fresh
18892836,18685,92.80,853.35,70.45,0.454,4.171,0.344,banana,fresh
18893847,18686,92.65,853.55,70.75,0.453,4.172,0.346,banana,fresh
18894859,18687,92.55,853.40,70.65,0.452,4.171,0.345,banana,fresh
18895869,18688,92.55,853.25,70.50,0.452,4.170,0.345,banana,fresh
18896880,18689,92.65,853.35,70.60,0.453,4.171,0.345,banana,fresh
18897892,18690,92.65,853.40,70.40,0.453,4.171,0.344,banana,fresh
18898903,18691,92.55,853.30,70.80,0.452,4.171,0.346,banana,fresh
18899914,18692,92.40,853.35,70.60,0.452,4.171,0.345,banana,fresh
18900925,18693,92.55,853.10,70.65,0.452,4.170,0.345,banana,fresh
18901937,18694,92.45,853.30,70.40,0.452,4.171,0.344,banana,fresh
18902947,18695,92.85,853.25,70.60,0.454,4.170,0.345,banana,fresh
18903959,18696,92.70,853.25,70.45,0.453,4.170,0.344,banana,fresh
18904970,18697,92.55,853.35,70.65,0.452,4.171,0.345,banana,fresh
18905980,18698,92.45,853.20,70.70,0.452,4.170,0.346,banana,fresh
18906992,18699,92.65,853.25,70.60,0.453,4.170,0.345,banana,fresh
18908003,18700,92.60,853.20,70.75,0.453,4.170,0.346,banana,fresh
18909015,18701,92.30,853.20,70.70,0.451,4.170,0.346,banana,fresh
18910025,18702,92.40,853.30,70.70,0.452,4.171,0.346,banana,fresh
18911037,18703,92.45,853.25,70.40,0.452,4.170,0.344,banana,fresh
18912048,18704,92.60,853.35,70.50,0.453,4.171,0.345,banana,fresh
18913058,18705,92.65,853.25,70.80,0.453,4.170,0.346,banana,fresh
18914070,18706,92.80,853.30,70.70,0.454,4.171,0.346,banana,fresh
18915081,18707,92.55,853.50,70.60,0.452,4.172,0.345,banana,fresh
18916092,18708,92.35,853.35,70.70,0.451,4.171,0.346,banana,fresh
18917103,18709,92.65,853.20,70.55,0.453,4.170,0.345,banana,fresh
18918115,18710,92.55,853.40,70.45,0.452,4.171,0.344,banana,fresh
18919126,18711,92.65,853.30,70.65,0.453,4.171,0.345,banana,fresh
18920137,18712,92.65,853.55,70.65,0.453,4.172,0.345,banana,fresh
18921148,18713,92.70,853.35,70.80,0.453,4.171,0.346,banana,fresh
18922159,18714,92.60,853.30,70.55,0.453,4.171,0.345,banana,fresh
18923170,18715,92.70,853.15,70.70,0.453,4.170,0.346,banana,fresh
18924181,18716,92.55,853.35,70.55,0.452,4.171,0.345,banana,fresh
18925193,18717,92.65,853.20,70.70,0.453,4.170,0.346,banana,fresh
18926203,18718,92.65,853.15,70.50,0.453,4.170,0.345,banana,fresh
18927215,18719,92.40,853.30,70.55,0.452,4.171,0.345,banana,fresh
18928226,18720,92.50,853.40,70.55,0.452,4.171,0.345,banana,fresh
18929236,18721,92.70,853.50,70.55,0.453,4.172,0.345,banana,fresh
18930248,18722,92.70,853.35,70.65,0.453,4.171,0.345,banana,fresh
18931259,18723,92.55,853.20,70.55,0.452,4.170,0.345,banana,fresh
18932271,18724,92.50,853.25,70.75,0.452,4.170,0.346,banana,fresh
18933281,18725,92.60,853.40,70.85,0.453,4.171,0.346,banana,fresh
18934293,18726,92.70,853.50,70.55,0.453,4.172,0.345,banana,fresh
18935304,18727,92.40,853.35,70.70,0.452,4.171,0.346,banana,fresh
18936315,18728,92.50,853.45,70.55,0.452,4.171,0.345,banana,fresh
18937326,18729,92.60,853.40,70.55,0.453,4.171,0.345,banana,fresh
18938337,18730,92.60,853.35,70.50,0.453,4.171,0.345,banana,fresh
18939348,18731,92.60,853.30,70.75,0.453,4.171,0.346,banana,fresh
18940359,18732,92.70,853.30,70.55,0.453,4.171,0.345,banana,fresh
18941371,18733,92.65,853.35,70.55,0.453,4.171,0.345,banana,fresh
18942382,18734,92.70,853.30,70.55,0.453,4.171,0.345,banana,fresh
18943393,18735,92.65,853.30,70.65,0.453,4.171,0.345,banana,fresh
18944404,18736,92.50,853.15,70.75,0.452,4.170,0.346,banana,fresh
18945416,18737,92.55,853.35,70.60,0.452,4.171,0.345,banana,fresh
18946426,18738,92.60,853.35,70.50,0.453,4.171,0.345,banana,fresh
18947437,18739,92.55,853.10,70.60,0.452,4.170,0.345,banana,fresh
18948449,18740,92.50,853.35,70.50,0.452,4.171,0.345,banana,fresh
18949459,18741,92.60,853.20,70.65,0.453,4.170,0.345,banana,fresh
18950471,18742,92.55,853.35,70.70,0.452,4.171,0.346,banana,fresh
18951482,18743,92.55,853.35,70.75,0.452,4.171,0.346,banana,fresh
18952494,18744,92.45,853.25,70.55,0.452,4.170,0.345,banana,fresh
18953504,18745,92.75,853.30,70.45,0.453,4.171,0.344,banana,fresh
18954516,18746,92.65,853.40,70.75,0.453,4.171,0.346,banana,fresh
18955527,18747,92.50,853.25,70.60,0.452,4.170,0.345,banana,fresh
18956537,18748,92.55,853.45,70.60,0.452,4.171,0.345,banana,fresh
18957549,18749,92.70,853.40,70.65,0.453,4.171,0.345,banana,fresh
18958560,18750,92.60,853.30,70.60,0.453,4.171,0.345,banana,fresh
18959571,18751,92.60,853.35,70.45,0.453,4.171,0.344,banana,fresh
18960582,18752,92.55,853.40,70.65,0.452,4.171,0.345,banana,fresh
18961594,18753,92.70,853.30,70.70,0.453,4.171,0.346,banana,fresh
18962605,18754,92.70,853.60,70.65,0.453,4.172,0.345,banana,fresh
18963615,18755,92.75,853.40,70.80,0.453,4.171,0.346,banana,fresh
18964627,18756,92.70,853.40,70.60,0.453,4.171,0.345,banana,fresh
18965638,18757,92.55,853.45,70.50,0.452,4.171,0.345,banana,fresh
18966649,18758,92.65,853.30,70.60,0.453,4.171,0.345,banana,fresh
18967660,18759,92.60,853.45,70.65,0.453,4.171,0.345,banana,fresh
18968672,18760,92.65,853.15,70.60,0.453,4.170,0.345,banana,fresh
18969682,18761,92.55,853.50,70.60,0.452,4.172,0.345,banana,fresh
18970693,18762,92.45,853.25,70.70,0.452,4.170,0.346,banana,fresh
18971705,18763,92.65,853.20,70.50,0.453,4.170,0.345,banana,fresh
18972716,18764,92.45,853.40,70.80,0.452,4.171,0.346,banana,fresh
18973727,18765,92.75,853.35,70.60,0.453,4.171,0.345,banana,fresh
18974738,18766,92.65,853.35,70.70,0.453,4.171,0.346,banana,fresh
18975750,18767,92.60,853.55,70.60,0.453,4.172,0.345,banana,fresh
18976760,18768,92.75,853.30,70.65,0.453,4.171,0.345,banana,fresh
18977772,18769,92.70,853.40,70.65,0.453,4.171,0.345,banana,fresh
18978783,18770,92.75,853.35,70.30,0.453,4.171,0.344,banana,fresh
18979793,18771,92.75,853.30,70.65,0.453,4.171,0.345,banana,fresh
18980805,18772,92.85,853.30,70.55,0.454,4.171,0.345,banana,fresh
18981816,18773,92.55,853.50,70.60,0.452,4.172,0.345,banana,fresh
18982828,18774,92.60,853.30,70.70,0.453,4.171,0.346,banana,fresh
18983838,18775,92.95,853.30,70.50,0.454,4.171,0.345,banana,fresh
18984850,18776,92.55,853.40,70.95,0.452,4.171,0.347,banana,fresh
18985861,18777,92.65,853.35,70.60,0.453,4.171,0.345,banana,fresh
18986872,18778,92.60,853.30,70.70,0.453,4.171,0.346,banana,fresh
18987883,18779,92.55,853.20,70.70,0.452,4.170,0.346,banana,fresh
18988894,18780,92.65,853.35,70.75,0.453,4.171,0.346,banana,fresh
18989905,18781,92.70,853.35,70.65,0.453,4.171,0.345,banana,fresh
18990916,18782,92.55,853.20,70.55,0.452,4.170,0.345,banana,fresh
18991928,18783,92.70,853.40,70.75,0.453,4.171,0.346,banana,fresh
18992939,18784,92.75,853.15,70.35,0.453,4.170,0.344,banana,fresh
18993950,18785,92.45,853.25,70.60,0.452,4.170,0.345,banana,fresh
18994961,18786,92.65,853.25,70.55,0.453,4.170,0.345,banana,fresh
18995972,18787,92.70,853.55,70.70,0.453,4.172,0.346,banana,fresh
18996983,18788,92.75,853.45,70.70,0.453,4.171,0.346,banana,fresh
18997994,18789,92.60,853.20,70.60,0.453,4.170,0.345,banana,fresh
18999006,18790,92.60,853.35,70.70,0.453,4.171,0.346,banana,fresh
19000016,18791,92.80,853.45,70.80,0.454,4.171,0.346,banana,fresh
19001028,18792,92.50,853.45,70.70,0.452,4.171,0.346,banana,fresh
19002039,18793,92.60,853.20,70.45,0.453,4.170,0.344,banana,fresh
19003049,18794,92.60,853.40,70.55,0.453,4.171,0.345,banana,fresh
19004061,18795,92.80,853.30,70.65,0.454,4.171,0.345,banana,fresh
19005072,18796,92.80,853.40,70.65,0.454,4.171,0.345,banana,fresh
19006084,18797,92.55,853.30,70.75,0.452,4.171,0.346,banana,fresh
19007094,18798,92.65,853.25,70.70,0.453,4.170,0.346,banana,fresh
19008106,18799,92.75,853.35,70.70,0.453,4.171,0.346,banana,fresh
19009117,18800,92.50,853.15,70.70,0.452,4.170,0.346,banana,fresh
19010128,18801,92.60,853.35,70.60,0.453,4.171,0.345,banana,fresh
19011139,18802,92.65,853.30,70.50,0.453,4.171,0.345,banana,fresh
19012150,18803,92.50,853.45,70.85,0.452,4.171,0.346,banana,fresh
19013161,18804,92.70,853.30,70.45,0.453,4.171,0.344,banana,fresh
19014172,18805,92.40,853.30,70.55,0.452,4.171,0.345,banana,fresh
19015184,18806,92.50,853.25,70.55,0.452,4.170,0.345,banana,fresh
19016195,18807,92.60,853.35,70.55,0.453,4.171,0.345,banana,fresh
19017206,18808,92.65,853.45,70.60,0.453,4.171,0.345,banana,fresh
19018217,18809,92.75,853.35,70.50,0.453,4.171,0.345,banana,fresh
19019229,18810,92.85,853.45,70.60,0.454,4.171,0.345,banana,fresh
19020239,18811,92.55,853.30,70.55,0.452,4.171,0.345,banana,fresh
19021250,18812,92.85,853.25,70.55,0.454,4.170,0.345,banana,fresh
19022262,18813,92.60,853.55,70.70,0.453,4.172,0.346,banana,fresh
19023272,18814,92.60,853.30,70.70,0.453,4.171,0.346,banana,fresh
19024284,18815,92.60,853.50,70.55,0.453,4.172,0.345,banana,fresh
19025295,18816,92.70,853.60,70.80,0.453,4.172,0.346,banana,fresh
19026307,18817,92.70,853.65,70.80,0.453,4.172,0.346,banana,fresh
19027317,18818,92.65,853.40,70.65,0.453,4.171,0.345,banana,fresh
19028329,18819,92.60,853.50,70.65,0.453,4.172,0.345,banana,fresh
19029340,18820,92.65,853.30,70.75,0.453,4.171,0.346,banana,fresh
19030350,18821,92.65,853.45,70.70,0.453,4.171,0.346,banana,fresh
19031362,18822,92.60,853.25,70.60,0.453,4.170,0.345,banana,fresh
19032373,18823,92.65,853.70,70.90,0.453,4.173,0.347,banana,fresh
19033384,18824,92.45,853.50,70.45,0.452,4.172,0.344,banana,fresh
19034395,18825,92.60,853.40,70.55,0.453,4.171,0.345,banana,fresh
19035407,18826,92.75,853.40,70.60,0.453,4.171,0.345,banana,fresh
19036418,18827,92.65,853.35,70.65,0.453,4.171,0.345,banana,fresh
19037428,18828,92.70,853.35,70.75,0.453,4.171,0.346,banana,fresh
19038440,18829,92.80,853.35,70.85,0.454,4.171,0.346,banana,fresh
19039451,18830,92.65,853.65,70.70,0.453,4.172,0.346,banana,fresh
19040462,18831,92.55,853.25,70.70,0.452,4.170,0.346,banana,fresh
19041473,18832,92.60,853.35,70.80,0.453,4.171,0.346,banana,fresh
19042485,18833,92.65,853.50,70.55,0.453,4.172,0.345,banana,fresh
19043495,18834,92.55,853.40,70.60,0.452,4.171,0.345,banana,fresh
19044507,18835,92.50,853.45,70.75,0.452,4.171,0.346,banana,fresh
19045518,18836,92.70,853.65,70.65,0.453,4.172,0.345,banana,fresh
19046529,18837,92.70,853.50,70.80,0.453,4.172,0.346,banana,fresh
19047540,18838,92.65,853.60,70.65,0.453,4.172,0.345,banana,fresh
19048551,18839,92.65,853.40,70.55,0.453,4.171,0.345,banana,fresh
19049563,18840,92.55,853.55,70.45,0.452,4.172,0.344,banana,fresh
19050573,18841,92.60,853.30,70.70,0.453,4.171,0.346,banana,fresh
19051585,18842,92.55,853.40,70.65,0.452,4.171,0.345,banana,fresh
19052596,18843,92.75,853.45,70.45,0.453,4.171,0.344,banana,fresh
19053606,18844,92.50,853.50,70.50,0.452,4.172,0.345,banana,fresh
19054618,18845,92.60,853.40,70.60,0.453,4.171,0.345,banana,fresh
19055629,18846,92.65,853.40,70.70,0.453,4.171,0.346,banana,fresh
19056641,18847,92.80,853.45,70.70,0.454,4.171,0.346,banana,fresh
19057651,18848,92.55,853.45,70.65,0.452,4.171,0.345,banana,fresh
19058663,18849,92.50,853.45,70.75,0.452,4.171,0.346,banana,fresh
19059674,18850,92.70,853.60,70.65,0.453,4.172,0.345,banana,fresh
19060685,18851,92.70,853.50,70.60,0.453,4.172,0.345,banana,fresh
19061696,18852,92.40,853.25,70.65,0.452,4.170,0.345,banana,fresh
19062707,18853,92.60,853.50,70.80,0.453,4.172,0.346,banana,fresh
19063718,18854,92.70,853.35,70.55,0.453,4.171,0.345,banana,fresh
19064729,18855,92.65,853.45,70.75,0.453,4.171,0.346,banana,fresh
19065741,18856,92.60,853.30,70.70,0.453,4.171,0.346,banana,fresh
19066752,18857,92.65,853.45,70.55,0.453,4.171,0.345,banana,fresh
19067763,18858,92.65,853.60,70.65,0.453,4.172,0.345,banana,fresh
19068774,18859,92.60,853.20,70.65,0.453,4.170,0.345,banana,fresh
19069785,18860,92.75,853.40,70.70,0.453,4.171,0.346,banana,fresh
19070796,18861,92.40,853.20,70.70,0.452,4.170,0.346,banana,fresh
19071807,18862,92.65,853.40,70.70,0.453,4.171,0.346,banana,fresh
19072819,18863,92.55,853.55,70.70,0.452,4.172,0.346,banana,fresh
19073829,18864,92.60,853.40,70.65,0.453,4.171,0.345,banana,fresh
19074841,18865,92.45,853.40,70.75,0.452,4.171,0.346,banana,fresh
19075852,18866,92.60,853.45,70.70,0.453,4.171,0.346,banana,fresh
19076864,18867,92.85,853.35,70.85,0.454,4.171,0.346,banana,fresh
19077874,18868,92.80,853.75,70.75,0.454,4.173,0.346,banana,fresh
19078885,18869,92.50,853.30,70.75,0.452,4.171,0.346,banana,fresh
19079897,18870,92.70,853.55,70.75,0.453,4.172,0.346,banana,fresh
19080907,18871,92.60,853.25,70.80,0.453,4.170,0.346,banana,fresh
19081919,18872,92.20,853.40,70.70,0.451,4.171,0.346,banana,fresh
19082930,18873,92.70,853.45,70.45,0.453,4.171,0.344,banana,fresh
19083941,18874,92.40,853.35,70.65,0.452,4.171,0.345,banana,fresh
19084952,18875,92.60,853.55,70.65,0.453,4.172,0.345,banana,fresh
19085964,18876,92.75,853.70,70.75,0.453,4.173,0.346,banana,fresh
19086974,18877,92.60,853.50,70.75,0.453,4.172,0.346,banana,fresh
19087985,18878,92.55,853.45,70.60,0.452,4.171,0.345,banana,fresh
19088997,18879,92.80,853.40,70.55,0.454,4.171,0.345,banana,fresh
19090008,18880,92.70,853.35,70.55,0.453,4.171,0.345,banana,fresh
19091019,18881,92.50,853.20,70.60,0.452,4.170,0.345,banana,fresh
19092030,18882,92.70,853.55,70.65,0.453,4.172,0.345,banana,fresh
19093042,18883,92.65,853.40,70.65,0.453,4.171,0.345,banana,fresh
19094052,18884,92.70,853.40,70.50,0.453,4.171,0.345,banana,fresh
19095063,18885,92.65,853.70,70.70,0.453,4.173,0.346,banana,fresh
19096075,18886,92.60,853.45,70.60,0.453,4.171,0.345,banana,fresh
19097085,18887,92.60,853.40,70.55,0.453,4.171,0.345,banana,fresh
19098097,18888,92.60,853.45,70.60,0.453,4.171,0.345,banana,fresh
19099108,18889,92.65,853.55,70.65,0.453,4.172,0.345,banana,fresh
19100120,18890,92.60,853.25,70.65,0.453,4.170,0.345,banana,fresh
19101130,18891,92.65,853.20,70.70,0.453,4.170,0.346,banana,fresh
19102141,18892,92.80,853.45,70.55,0.454,4.171,0.345,banana,fresh
19103153,18893,92.80,853.45,70.60,0.454,4.171,0.345,banana,fresh
19104163,18894,92.60,853.40,70.60,0.453,4.171,0.345,banana,fresh
19105175,18895,92.85,853.45,70.70,0.454,4.171,0.346,banana,fresh
19106186,18896,92.60,853.40,70.60,0.453,4.171,0.345,banana,fresh
19107197,18897,92.65,853.35,70.75,0.453,4.171,0.346,banana,fresh
19108208,18898,92.55,853.45,70.60,0.452,4.171,0.345,banana,fresh
19109220,18899,92.80,853.30,70.60,0.454,4.171,0.345,banana,fresh
19110231,18900,92.60,853.40,70.40,0.453,4.171,0.344,banana,fresh
19111241,18901,92.65,853.45,70.70,0.453,4.171,0.346,banana,fresh
19112253,18902,92.70,853.40,70.55,0.453,4.171,0.345,banana,fresh
19113264,18903,92.75,853.40,70.50,0.453,4.171,0.345,banana,fresh
19114275,18904,92.60,853.60,70.55,0.453,4.172,0.345,banana,fresh
19115286,18905,92.50,853.30,70.70,0.452,4.171,0.346,banana,fresh
19116298,18906,92.65,853.55,70.70,0.453,4.172,0.346,banana,fresh
19117308,18907,92.65,853.55,70.55,0.453,4.172,0.345,banana,fresh
19118320,18908,92.70,853.45,70.65,0.453,4.171,0.345,banana,fresh
19119331,18909,92.80,853.45,70.50,0.454,4.171,0.345,banana,fresh
19120342,18910,92.60,853.45,70.65,0.453,4.171,0.345,banana,fresh
19121353,18911,92.50,853.40,70.65,0.452,4.171,0.345,banana,fresh
19122364,18912,92.55,853.35,70.60,0.452,4.171,0.345,banana,fresh
19123376,18913,92.80,853.40,70.65,0.454,4.171,0.345,banana,fresh
19124386,18914,92.45,853.50,70.55,0.452,4.172,0.345,banana,fresh
19125398,18915,92.60,853.50,70.70,0.453,4.172,0.346,banana,fresh
19126409,18916,92.55,853.35,70.65,0.452,4.171,0.345,banana,fresh
19127419,18917,92.70,853.50,70.50,0.453,4.172,0.345,banana,fresh
19128431,18918,92.75,853.40,70.55,0.453,4.171,0.345,banana,fresh
19129442,18919,92.60,853.50,70.35,0.453,4.172,0.344,banana,fresh
19130454,18920,92.65,853.40,70.60,0.453,4.171,0.345,banana,fresh
19131464,18921,92.65,853.55,70.40,0.453,4.172,0.344,banana,fresh
19132476,18922,92.60,853.35,70.60,0.453,4.171,0.345,banana,fresh
19133487,18923,92.70,853.40,70.70,0.453,4.171,0.346,banana,fresh
19134498,18924,92.70,853.60,70.55,0.453,4.172,0.345,banana,fresh
19135509,18925,92.70,853.25,70.55,0.453,4.170,0.345,banana,fresh
19136520,18926,92.60,853.45,70.50,0.453,4.171,0.345,banana,fresh
19137531,18927,92.65,853.45,70.50,0.453,4.171,0.345,banana,fresh
19138542,18928,92.70,853.40,70.65,0.453,4.171,0.345,banana,fresh
19139554,18929,92.75,853.55,70.50,0.453,4.172,0.345,banana,fresh
19140564,18930,92.55,853.50,70.60,0.452,4.172,0.345,banana,fresh
19141576,18931,92.70,853.60,70.65,0.453,4.172,0.345,banana,fresh
19142587,18932,92.70,853.60,70.55,0.453,4.172,0.345,banana,fresh
19143598,18933,92.65,853.45,70.55,0.453,4.171,0.345,banana,fresh
19144609,18934,92.55,853.45,70.50,0.452,4.171,0.345,banana,fresh
19145620,18935,92.70,853.50,70.40,0.453,4.172,0.344,banana,fresh
19146632,18936,92.80,853.40,70.60,0.454,4.171,0.345,banana,fresh
19147642,18937,92.60,853.55,70.55,0.453,4.172,0.345,banana,fresh
19148654,18938,92.65,853.50,70.80,0.453,4.172,0.346,banana,fresh
19149665,18939,92.65,853.35,70.55,0.453,4.171,0.345,banana,fresh
19150676,18940,92.55,853.50,70.35,0.452,4.172,0.344,banana,fresh
19151687,18941,92.65,853.60,70.65,0.453,4.172,0.345,banana,fresh
19152698,18942,92.65,853.45,70.60,0.453,4.171,0.345,banana,fresh
19153710,18943,92.65,853.30,70.70,0.453,4.171,0.346,banana,fresh
19154720,18944,92.70,853.65,70.65,0.453,4.172,0.345,banana,fresh
19155732,18945,92.65,853.60,70.60,0.453,4.172,0.345,banana,fresh
19156743,18946,92.80,853.65,70.55,0.454,4.172,0.345,banana,fresh
19157754,18947,92.70,853.45,70.80,0.453,4.171,0.346,banana,fresh
19158765,18948,92.80,853.45,70.65,0.454,4.171,0.345,banana,fresh
19159777,18949,92.65,853.45,70.60,0.453,4.171,0.345,banana,fresh
19160787,18950,92.75,853.45,70.65,0.453,4.171,0.345,banana,fresh
19161798,18951,92.65,853.25,70.60,0.453,4.170,0.345,banana,fresh
19162810,18952,92.50,853.25,70.60,0.452,4.170,0.345,banana,fresh
19163821,18953,92.70,853.65,70.70,0.453,4.172,0.346,banana,fresh
19164832,18954,92.75,853.50,70.50,0.453,4.172,0.345,banana,fresh
19165843,18955,92.60,853.50,70.70,0.453,4.172,0.346,banana,fresh
19166855,18956,92.60,853.30,70.55,0.453,4.171,0.345,banana,fresh
19167865,18957,92.55,853.35,70.55,0.452,4.171,0.345,banana,fresh
19168876,18958,92.70,853.45,70.70,0.453,4.171,0.346,banana,fresh
19169888,18959,92.50,853.25,70.50,0.452,4.170,0.345,banana,fresh
19170898,18960,92.70,853.40,70.70,0.453,4.171,0.346,banana,fresh
19171910,18961,92.55,853.40,70.65,0.452,4.171,0.345,banana,fresh
19172921,18962,92.50,853.35,70.55,0.452,4.171,0.345,banana,fresh
19173933,18963,92.70,853.50,70.55,0.453,4.172,0.345,banana,fresh
19174943,18964,92.80,853.50,70.60,0.454,4.172,0.345,banana,fresh
19175954,18965,92.90,853.50,70.55,0.454,4.172,0.345,banana,fresh
19176966,18966,92.65,853.50,70.70,0.453,4.172,0.346,banana,fresh
19177976,18967,92.70,853.55,70.70,0.453,4.172,0.346,banana,fresh
19178988,18968,92.65,853.45,70.65,0.453,4.171,0.345,banana,fresh
19179999,18969,92.60,853.45,70.65,0.453,4.171,0.345,banana,fresh
19181010,18970,92.65,853.50,70.85,0.453,4.172,0.346,banana,fresh
19182021,18971,92.50,853.40,70.65,0.452,4.171,0.345,banana,fresh
19183033,18972,92.70,853.55,70.60,0.453,4.172,0.345,banana,fresh
19184044,18973,92.55,853.75,70.60,0.452,4.173,0.345,banana,fresh
19185054,18974,92.50,853.60,70.75,0.452,4.172,0.346,banana,fresh
19186066,18975,92.50,853.65,70.65,0.452,4.172,0.345,banana,fresh
19187077,18976,92.65,853.45,70.60,0.453,4.171,0.345,banana,fresh
19188088,18977,92.60,853.45,70.60,0.453,4.171,0.345,banana,fresh
19189099,18978,92.55,853.50,70.60,0.452,4.172,0.345,banana,fresh
19190111,18979,92.70,853.60,70.65,0.453,4.172,0.345,banana,fresh
19191121,18980,92.60,853.50,70.75,0.453,4.172,0.346,banana,fresh
19192133,18981,92.60,853.50,70.65,0.453,4.172,0.345,banana,fresh
19193144,18982,92.65,853.55,70.75,0.453,4.172,0.346,banana,fresh
19194155,18983,92.80,853.55,70.50,0.454,4.172,0.345,banana,fresh
19195166,18984,92.75,853.65,70.55,0.453,4.172,0.345,banana,fresh
19196177,18985,92.70,853.55,70.55,0.453,4.172,0.345,banana,fresh
19197189,18986,92.75,853.45,70.55,0.453,4.171,0.345,banana,fresh
19198199,18987,92.75,853.55,70.65,0.453,4.172,0.345,banana,fresh
19199211,18988,92.55,853.40,70.65,0.452,4.171,0.345,banana,fresh
19200222,18989,92.55,853.50,70.95,0.452,4.172,0.347,banana,fresh
19201233,18990,92.80,853.50,70.80,0.454,4.172,0.346,banana,fresh
19202244,18991,92.55,853.70,70.70,0.452,4.173,0.346,banana,fresh
19203255,18992,92.70,853.65,70.80,0.453,4.172,0.346,banana,fresh
19204267,18993,92.65,853.50,70.85,0.453,4.172,0.346,banana,fresh
19205277,18994,92.45,853.50,70.60,0.452,4.172,0.345,banana,fresh
19206289,18995,92.80,853.50,70.80,0.454,4.172,0.346,banana,fresh
19207300,18996,92.65,853.55,70.55,0.453,4.172,0.345,banana,fresh
19208311,18997,92.85,853.60,70.65,0.454,4.172,0.345,banana,fresh
19209322,18998,92.70,853.40,70.70,0.453,4.171,0.346,banana,fresh
19210333,18999,92.70,853.55,70.70,0.453,4.172,0.346,banana,fresh
19211344,19000,92.65,853.40,70.75,0.453,4.171,0.346,banana,fresh
19212355,19001,92.75,853.65,70.55,0.453,4.172,0.345,banana,fresh
19213367,19002,92.55,853.65,70.75,0.452,4.172,0.346,banana,fresh
19214377,19003,92.75,853.55,70.65,0.453,4.172,0.345,banana,fresh
19215389,19004,92.85,853.65,70.70,0.454,4.172,0.346,banana,fresh
19216400,19005,92.90,853.50,70.60,0.454,4.172,0.345,banana,fresh
19217411,19006,92.75,853.70,70.70,0.453,4.173,0.346,banana,fresh
19218422,19007,92.65,853.75,70.65,0.453,4.173,0.345,banana,fresh
19219433,19008,92.60,853.60,70.50,0.453,4.172,0.345,banana,fresh
19220445,19009,92.55,853.45,70.60,0.452,4.171,0.345,banana,fresh
19221455,19010,92.80,853.55,70.80,0.454,4.172,0.346,banana,fresh
19222467,19011,92.50,853.35,70.75,0.452,4.171,0.346,banana,fresh
19223478,19012,92.65,853.40,70.60,0.453,4.171,0.345,banana,fresh
19224489,19013,92.75,853.45,70.60,0.453,4.171,0.345,banana,fresh
19225500,19014,92.80,853.35,70.70,0.454,4.171,0.346,banana,fresh
19226511,19015,92.85,853.60,70.65,0.454,4.172,0.345,banana,fresh
19227523,19016,92.60,853.45,70.70,0.453,4.171,0.346,banana,fresh
19228533,19017,92.50,853.45,70.60,0.452,4.171,0.345,banana,fresh
19229545,19018,92.85,853.45,70.70,0.454,4.171,0.346,banana,fresh
19230556,19019,92.60,853.50,70.50,0.453,4.172,0.345,banana,fresh
19231567,19020,92.70,853.60,70.65,0.453,4.172,0.345,banana,fresh
19232578,19021,92.65,853.60,70.70,0.453,4.172,0.346,banana,fresh
19233590,19022,92.60,853.40,70.65,0.453,4.171,0.345,banana,fresh
19234600,19023,92.70,853.70,70.55,0.453,4.173,0.345,banana,fresh
19235611,19024,92.65,853.50,70.55,0.453,4.172,0.345,banana,fresh
19236623,19025,92.75,853.65,70.60,0.453,4.172,0.345,banana,fresh
19237634,19026,92.65,853.70,70.75,0.453,4.173,0.346,banana,fresh
19238645,19027,92.80,853.70,70.70,0.454,4.173,0.346,banana,fresh
19239656,19028,92.65,853.70,70.65,0.453,4.173,0.345,banana,fresh
19240668,19029,92.70,853.40,70.80,0.453,4.171,0.346,banana,fresh
19241678,19030,92.65,853.55,70.60,0.453,4.172,0.345,banana,fresh
19242689,19031,92.70,853.55,70.75,0.453,4.172,0.346,banana,fresh
19243701,19032,92.70,853.45,70.65,0.453,4.171,0.345,banana,fresh
19244711,19033,92.65,853.65,70.65,0.453,4.172,0.345,banana,fresh
19245723,19034,92.50,853.65,70.80,0.452,4.172,0.346,banana,fresh
19246734,19035,92.70,853.55,70.70,0.453,4.172,0.346,banana,fresh
19247746,19036,92.85,853.50,70.80,0.454,4.172,0.346,banana,fresh
19248756,19037,92.45,853.55,70.65,0.452,4.172,0.345,banana,fresh
19249768,19038,92.65,853.60,70.65,0.453,4.172,0.345,banana,fresh
19250779,19039,92.50,853.45,70.50,0.452,4.171,0.345,banana,fresh
19251789,19040,92.85,853.50,70.80,0.454,4.172,0.346,banana,fresh
19252801,19041,92.60,853.50,70.50,0.453,4.172,0.345,banana,fresh
19253812,19042,92.80,853.65,70.80,0.454,4.172,0.346,banana,fresh
19254823,19043,92.60,853.50,70.75,0.453,4.172,0.346,banana,fresh
19255834,19044,92.75,853.65,70.65,0.453,4.172,0.345,banana,fresh
19256846,19045,92.85,853.65,70.60,0.454,4.172,0.345,banana,fresh
19257857,19046,92.75,853.65,70.80,0.453,4.172,0.346,banana,fresh
19258868,19047,92.60,853.55,70.85,0.453,4.172,0.346,banana,fresh
19259879,19048,92.60,853.75,70.65,0.453,4.173,0.345,banana,fresh
19260890,19049,92.75,853.60,70.65,0.453,4.172,0.345,banana,fresh
19261901,19050,92.55,853.60,70.90,0.452,4.172,0.347,banana,fresh
19262912,19051,92.65,853.70,70.70,0.453,4.173,0.346,banana,fresh
19263924,19052,92.75,853.70,70.65,0.453,4.173,0.345,banana,fresh
19264934,19053,92.60,853.65,70.60,0.453,4.172,0.345,banana,fresh
19265946,19054,92.65,853.55,70.70,0.453,4.172,0.346,banana,fresh
19266957,19055,92.60,853.70,70.60,0.453,4.173,0.345,banana,fresh
19267968,19056,92.80,853.70,70.85,0.454,4.173,0.346,banana,fresh
19268979,19057,92.85,853.45,70.75,0.454,4.171,0.346,banana,fresh
19269990,19058,92.75,853.60,70.80,0.453,4.172,0.346,banana,fresh
19271002,19059,92.65,853.50,70.75,0.453,4.172,0.346,banana,fresh
19272012,19060,92.65,853.50,70.65,0.453,4.172,0.345,banana,fresh
19273024,19061,92.70,853.70,70.70,0.453,4.173,0.346,banana,fresh
19274035,19062,92.70,853.55,70.60,0.453,4.172,0.345,banana,fresh
19275046,19063,92.75,853.70,70.80,0.453,4.173,0.346,banana,fresh
19276057,19064,92.75,853.70,70.65,0.453,4.173,0.345,banana,fresh
19277068,19065,92.50,853.75,70.80,0.452,4.173,0.346,banana,fresh
19278080,19066,92.65,853.80,70.60,0.453,4.173,0.345,banana,fresh
19279090,19067,92.55,853.70,70.75,0.452,4.173,0.346,banana,fresh
19280102,19068,92.80,853.80,70.55,0.454,4.173,0.345,banana,fresh
19281113,19069,92.65,853.60,70.80,0.453,4.172,0.346,banana,fresh
19282124,19070,92.50,853.55,70.65,0.452,4.172,0.345,banana,fresh
19283135,19071,92.55,853.60,70.60,0.452,4.172,0.345,banana,fresh
19284146,19072,92.40,853.70,70.65,0.452,4.173,0.345,banana,fresh
19285157,19073,92.65,853.50,70.75,0.453,4.172,0.346,banana,fresh
19286168,19074,92.60,853.40,70.45,0.453,4.171,0.344,banana,fresh
19287180,19075,92.70,853.50,70.60,0.453,4.172,0.345,banana,fresh
19288190,19076,92.75,853.45,70.85,0.453,4.171,0.346,banana,fresh
19289202,19077,92.85,853.45,70.70,0.454,4.171,0.346,banana,fresh
19290213,19078,92.75,853.65,70.60,0.453,4.172,0.345,banana,fresh
19291225,19079,92.55,853.60,70.80,0.452,4.172,0.346,banana,fresh
19292235,19080,92.70,853.60,70.75,0.453,4.172,0.346,banana,fresh
19293246,19081,92.65,853.60,70.65,0.453,4.172,0.345,banana,fresh
19294258,19082,92.50,853.60,70.65,0.452,4.172,0.345,banana,fresh
19295268,19083,92.60,853.55,70.80,0.453,4.172,0.346,banana,fresh
19296280,19084,92.65,853.70,70.65,0.453,4.173,0.345,banana,fresh
19297291,19085,92.50,853.65,70.65,0.452,4.172,0.345,banana,fresh
19298302,19086,92.80,853.85,70.95,0.454,4.173,0.347,banana,fresh
19299313,19087,92.70,853.75,70.60,0.453,4.173,0.345,banana,fresh
19300324,19088,92.75,853.55,70.45,0.453,4.172,0.344,banana,fresh
19301336,19089,92.65,853.60,70.80,0.453,4.172,0.346,banana,fresh
19302346,19090,92.70,853.60,70.85,0.453,4.172,0.346,banana,fresh
19303358,19091,92.55,853.60,70.40,0.452,4.172,0.344,banana,fresh
19304369,19092,92.55,853.35,70.65,0.452,4.171,0.345,banana,fresh
19305380,19093,92.75,853.45,70.70,0.453,4.171,0.346,banana,fresh
19306391,19094,92.50,853.50,70.75,0.452,4.172,0.346,banana,fresh
19307403,19095,92.70,853.70,70.50,0.453,4.173,0.345,banana,fresh
19308413,19096,92.80,853.50,70.80,0.454,4.172,0.346,banana,fresh
19309424,19097,92.80,853.80,70.55,0.454,4.173,0.345,banana,fresh
19310436,19098,92.60,853.80,70.65,0.453,4.173,0.345,banana,fresh
19311447,19099,92.60,853.50,70.75,0.453,4.172,0.346,banana,fresh
19312458,19100,92.60,853.65,70.80,0.453,4.172,0.346,banana,fresh
19313469,19101,92.75,853.70,70.75,0.453,4.173,0.346,banana,fresh
19314481,19102,92.70,853.70,70.60,0.453,4.173,0.345,banana,fresh
19315491,19103,92.75,853.65,70.95,0.453,4.172,0.347,banana,fresh
19316502,19104,92.70,853.65,70.65,0.453,4.172,0.345,banana,fresh
19317514,19105,92.85,853.65,70.75,0.454,4.172,0.346,banana,fresh
19318524,19106,92.70,853.55,70.90,0.453,4.172,0.347,banana,fresh
19319536,19107,92.55,853.65,70.85,0.452,4.172,0.346,banana,fresh
19320547,19108,92.70,853.75,70.70,0.453,4.173,0.346,banana,fresh
19321559,19109,92.80,853.60,70.65,0.454,4.172,0.345,banana,fresh
19322569,19110,92.60,853.80,70.75,0.453,4.173,0.346,banana,fresh
19323581,19111,92.70,853.60,70.85,0.453,4.172,0.346,banana,fresh
19324592,19112,92.65,853.70,70.80,0.453,4.173,0.346,banana,fresh
19325602,19113,92.65,853.70,70.70,0.453,4.173,0.346,banana,fresh
19326614,19114,92.70,853.85,70.65,0.453,4.173,0.345,banana,fresh
19327625,19115,92.55,853.65,70.70,0.452,4.172,0.346,banana,fresh
19328636,19116,92.70,853.70,70.65,0.453,4.173,0.345,banana,fresh
19329647,19117,92.55,853.65,70.60,0.452,4.172,0.345,banana,fresh
19330659,19118,92.75,853.90,70.75,0.453,4.174,0.346,banana,fresh
19331670,19119,92.80,853.70,70.70,0.454,4.173,0.346,banana,fresh
19332681,19120,92.55,853.70,70.70,0.452,4.173,0.346,banana,fresh
19333692,19121,92.75,853.85,70.70,0.453,4.173,0.346,banana,fresh
19334703,19122,92.65,853.50,70.65,0.453,4.172,0.345,banana,fresh
19335714,19123,92.80,853.75,70.50,0.454,4.173,0.345,banana,fresh
19336725,19124,92.70,853.85,70.65,0.453,4.173,0.345,banana,fresh
19337737,19125,92.65,853.65,70.60,0.453,4.172,0.345,banana,fresh
19338747,19126,92.80,853.75,70.70,0.454,4.173,0.346,banana,fresh
19339759,19127,92.70,853.55,70.70,0.453,4.172,0.346,banana,fresh
19340770,19128,92.75,853.75,70.90,0.453,4.173,0.347,banana,fresh
19341780,19129,92.85,853.70,70.90,0.454,4.173,0.347,banana,fresh
19342792,19130,92.65,853.85,70.75,0.453,4.173,0.346,banana,fresh
19343803,19131,92.75,853.70,70.70,0.453,4.173,0.346,banana,fresh
19344815,19132,92.75,853.75,70.65,0.453,4.173,0.345,banana,fresh
19345825,19133,92.95,853.75,70.75,0.454,4.173,0.346,banana,fresh
19346837,19134,92.75,853.70,70.75,0.453,4.173,0.346,banana,fresh
19347848,19135,92.75,853.75,70.50,0.453,4.173,0.345,banana,fresh
19348859,19136,92.70,853.80,70.65,0.453,4.173,0.345,banana,fresh
19349870,19137,92.65,853.80,70.65,0.453,4.173,0.345,banana,fresh
19350881,19138,92.65,853.60,70.80,0.453,4.172,0.346,banana,fresh
19351892,19139,92.70,853.50,70.65,0.453,4.172,0.345,banana,fresh
19352903,19140,92.60,853.55,70.80,0.453,4.172,0.346,banana,fresh
19353915,19141,92.60,853.40,70.70,0.453,4.171,0.346,banana,fresh
19354926,19142,92.75,853.70,70.90,0.453,4.173,0.347,banana,fresh
19355937,19143,92.80,853.80,70.80,0.454,4.173,0.346,banana,fresh
19356948,19144,92.75,853.75,70.75,0.453,4.173,0.346,banana,fresh
19357959,19145,92.80,853.65,70.75,0.454,4.172,0.346,banana,fresh
19358970,19146,92.65,853.65,70.85,0.453,4.172,0.346,banana,fresh
19359981,19147,92.60,853.60,70.70,0.453,4.172,0.346,banana,fresh
19360993,19148,92.40,853.65,70.75,0.452,4.172,0.346,banana,fresh
19362003,19149,92.75,853.70,70.70,0.453,4.173,0.346,banana,fresh
19363015,19150,92.70,853.80,70.80,0.453,4.173,0.346,banana,fresh
19364026,19151,92.70,853.75,70.60,0.453,4.173,0.345,banana,fresh
19365038,19152,92.65,853.80,70.80,0.453,4.173,0.346,banana,fresh
19366048,19153,92.80,853.85,70.70,0.454,4.173,0.346,banana,fresh
19367059,19154,92.65,853.65,70.75,0.453,4.172,0.346,banana,fresh
19368071,19155,92.75,853.70,70.75,0.453,4.173,0.346,banana,fresh
19369081,19156,92.75,853.75,70.60,0.453,4.173,0.345,banana,fresh
19370093,19157,92.60,853.80,70.70,0.453,4.173,0.346,banana,fresh
19371104,19158,92.80,853.80,70.90,0.454,4.173,0.347,banana,fresh
19372115,19159,92.90,853.75,70.75,0.454,4.173,0.346,banana,fresh
19373126,19160,92.75,853.65,70.70,0.453,4.172,0.346,banana,fresh
19374137,19161,92.60,853.85,70.70,0.453,4.173,0.346,banana,fresh
19375149,19162,92.90,853.70,70.75,0.454,4.173,0.346,banana,fresh
19376159,19163,92.55,853.80,70.55,0.452,4.173,0.345,banana,fresh
19377171,19164,92.65,853.75,70.75,0.453,4.173,0.346,banana,fresh
19378182,19165,92.45,853.65,70.90,0.452,4.172,0.347,banana,fresh
19379193,19166,92.70,853.70,70.55,0.453,4.173,0.345,banana,fresh
19380204,19167,92.70,853.85,70.70,0.453,4.173,0.346,banana,fresh
19381216,19168,92.75,853.65,70.80,0.453,4.172,0.346,banana,fresh
19382226,19169,92.65,853.80,70.60,0.453,4.173,0.345,banana,fresh
19383237,19170,92.85,853.90,70.65,0.454,4.174,0.345,banana,fresh
19384249,19171,92.75,853.80,70.55,0.453,4.173,0.345,banana,fresh
19385260,19172,92.70,853.70,70.70,0.453,4.173,0.346,banana,fresh
19386271,19173,92.65,853.85,70.85,0.453,4.173,0.346,banana,fresh
19387282,19174,92.60,853.75,70.85,0.453,4.173,0.346,banana,fresh
19388294,19175,92.80,853.70,70.75,0.454,4.173,0.346,banana,fresh
19389304,19176,92.65,853.75,70.70,0.453,4.173,0.346,banana,fresh
19390315,19177,92.70,853.85,70.95,0.453,4.173,0.347,banana,fresh
19391327,19178,92.65,853.70,70.70,0.453,4.173,0.346,banana,fresh
19392337,19179,92.45,853.80,70.80,0.452,4.173,0.346,banana,fresh
19393349,19180,92.45,853.65,70.70,0.452,4.172,0.346,banana,fresh
19394360,19181,92.60,853.85,70.75,0.453,4.173,0.346,banana,fresh
19395372,19182,92.70,853.70,70.70,0.453,4.173,0.346,banana,fresh
19396382,19183,92.65,853.55,70.70,0.453,4.172,0.346,banana,fresh
19397394,19184,92.60,853.65,70.65,0.453,4.172,0.345,banana,fresh
19398405,19185,92.65,853.70,70.75,0.453,4.173,0.346,banana,fresh
19399415,19186,92.55,853.55,70.75,0.452,4.172,0.346,banana,fresh
19400427,19187,92.65,853.70,70.60,0.453,4.173,0.345,banana,fresh
19401438,19188,92.60,853.65,70.85,0.453,4.172,0.346,banana,fresh
19402449,19189,92.80,853.65,70.75,0.454,4.172,0.346,banana,fresh
19403460,19190,92.85,853.65,70.60,0.454,4.172,0.345,banana,fresh
19404472,19191,92.70,853.70,70.65,0.453,4.173,0.345,banana,fresh
19405483,19192,92.75,853.75,70.80,0.453,4.173,0.346,banana,fresh
19406494,19193,92.55,853.70,70.60,0.452,4.173,0.345,banana,fresh
19407505,19194,92.65,853.70,70.80,0.453,4.173,0.346,banana,fresh
19408516,19195,92.60,853.70,70.75,0.453,4.173,0.346,banana,fresh
19409527,19196,92.65,853.65,70.65,0.453,4.172,0.345,banana,fresh
19410538,19197,92.45,853.60,70.60,0.452,4.172,0.345,banana,fresh
19411550,19198,92.70,853.80,70.85,0.453,4.173,0.346,banana,fresh
19412560,19199,92.55,853.70,70.75,0.452,4.173,0.346,banana,fresh
19413572,19200,92.85,853.65,70.55,0.454,4.172,0.345,banana,fresh
19414583,19201,92.70,853.80,70.65,0.453,4.173,0.345,banana,fresh
19415593,19202,92.60,853.70,70.70,0.453,4.173,0.346,banana,fresh
19416605,19203,92.70,853.75,70.70,0.453,4.173,0.346,banana,fresh
19417616,19204,92.70,853.75,70.65,0.453,4.173,0.345,banana,fresh
19418628,19205,92.70,853.75,70.50,0.453,4.173,0.345,banana,fresh
19419638,19206,92.75,853.85,70.70,0.453,4.173,0.346,banana,fresh
19420650,19207,92.85,853.55,70.65,0.454,4.172,0.345,banana,fresh
19421661,19208,92.70,853.75,70.85,0.453,4.173,0.346,banana,fresh
19422672,19209,92.65,853.70,70.65,0.453,4.173,0.345,banana,fresh
19423683,19210,92.80,853.85,70.65,0.454,4.173,0.345,banana,fresh
19424694,19211,92.75,853.90,70.80,0.453,4.174,0.346,banana,fresh
19425705,19212,92.75,853.75,70.85,0.453,4.173,0.346,banana,fresh
19426716,19213,92.70,853.55,70.70,0.453,4.172,0.346,banana,fresh
19427728,19214,92.75,853.65,70.65,0.453,4.172,0.345,banana,fresh
19428739,19215,92.60,853.70,70.85,0.453,4.173,0.346,banana,fresh
19429750,19216,92.60,853.70,70.60,0.453,4.173,0.345,banana,fresh
19430761,19217,92.50,853.70,70.65,0.452,4.173,0.345,banana,fresh
19431772,19218,92.75,853.85,70.75,0.453,4.173,0.346,banana,fresh
19432783,19219,92.65,853.75,70.80,0.453,4.173,0.346,banana,fresh
19433794,19220,92.65,853.75,70.75,0.453,4.173,0.346,banana,fresh
19434806,19221,92.70,853.75,70.75,0.453,4.173,0.346,banana,fresh
19435816,19222,92.50,853.70,70.85,0.452,4.173,0.346,banana,fresh
19436828,19223,92.65,853.90,70.65,0.453,4.174,0.345,banana,fresh
19437839,19224,92.70,853.75,70.65,0.453,4.173,0.345,banana,fresh
19438851,19225,92.55,853.70,70.75,0.452,4.173,0.346,banana,fresh
19439861,19226,92.45,853.65,70.80,0.452,4.172,0.346,banana,fresh
19440872,19227,92.70,853.75,70.75,0.453,4.173,0.346,banana,fresh
19441884,19228,92.55,853.70,70.70,0.452,4.173,0.346,banana,fresh
19442894,19229,92.45,853.85,70.80,0.452,4.173,0.346,banana,fresh
19443906,19230,92.55,853.75,70.70,0.452,4.173,0.346,banana,fresh
19444917,19231,92.75,853.75,70.65,0.453,4.173,0.345,banana,fresh
19445928,19232,92.70,854.00,70.70,0.453,4.174,0.346,banana,fresh
19446939,19233,92.60,853.85,70.60,0.453,4.173,0.345,banana,fresh
19447951,19234,92.60,853.80,70.80,0.453,4.173,0.346,banana,fresh
19448962,19235,92.80,853.80,70.80,0.454,4.173,0.346,banana,fresh
19449972,19236,92.65,853.90,70.55,0.453,4.174,0.345,banana,fresh
19450984,19237,92.65,853.75,70.60,0.453,4.173,0.345,banana,fresh
19451995,19238,92.65,853.70,70.60,0.453,4.173,0.345,banana,fresh
19453006,19239,92.55,853.70,70.60,0.452,4.173,0.345,banana,fresh
19454017,19240,92.80,853.75,70.75,0.454,4.173,0.346,banana,fresh
19455029,19241,92.45,853.95,70.65,0.452,4.174,0.345,banana,fresh
19456039,19242,92.60,853.60,70.80,0.453,4.172,0.346,banana,fresh
19457050,19243,92.65,853.80,70.75,0.453,4.173,0.346,banana,fresh
19458062,19244,92.55,853.75,70.75,0.452,4.173,0.346,banana,fresh
19459073,19245,92.80,853.90,70.65,0.454,4.174,0.345,banana,fresh
19460084,19246,92.80,853.80,70.65,0.454,4.173,0.345,banana,fresh
19461095,19247,92.70,853.80,70.55,0.453,4.173,0.345,banana,fresh
19462107,19248,92.85,853.75,70.65,0.454,4.173,0.345,banana,fresh
19463117,19249,92.65,853.70,70.80,0.453,4.173,0.346,banana,fresh
19464129,19250,92.70,853.65,70.80,0.453,4.172,0.346,banana,fresh
19465140,19251,92.75,853.85,70.70,0.453,4.173,0.346,banana,fresh
19466150,19252,92.65,853.70,70.55,0.453,4.173,0.345,banana,fresh
19467162,19253,92.75,853.75,70.75,0.453,4.173,0.346,banana,fresh
19468173,19254,92.70,853.80,70.60,0.453,4.173,0.345,banana,fresh
19469185,19255,92.80,853.85,70.80,0.454,4.173,0.346,banana,fresh
19470195,19256,92.60,853.80,70.70,0.453,4.173,0.346,banana,fresh
19471207,19257,92.70,853.80,70.85,0.453,4.173,0.346,banana,fresh
19472218,19258,92.40,853.85,70.75,0.452,4.173,0.346,banana,fresh
19473228,19259,92.65,853.70,70.75,0.453,4.173,0.346,banana,fresh
19474240,19260,92.80,854.00,70.75,0.454,4.174,0.346,banana,fresh
19475251,19261,92.65,853.90,70.75,0.453,4.174,0.346,banana,fresh
19476262,19262,92.65,853.75,70.75,0.453,4.173,0.346,banana,fresh
19477273,19263,92.60,853.80,70.65,0.453,4.173,0.345,banana,fresh
19478285,19264,92.50,853.70,70.80,0.452,4.173,0.346,banana,fresh
19479296,19265,92.45,853.65,70.70,0.452,4.172,0.346,banana,fresh
19480306,19266,92.75,853.70,70.70,0.453,4.173,0.346,banana,fresh
19481318,19267,92.80,853.95,70.85,0.454,4.174,0.346,banana,fresh
19482329,19268,92.85,853.70,70.70,0.454,4.173,0.346,banana,fresh
19483340,19269,92.70,853.80,70.65,0.453,4.173,0.345,banana,fresh
19484351,19270,92.80,853.75,70.65,0.454,4.173,0.345,banana,fresh
19485363,19271,92.80,853.95,70.70,0.454,4.174,0.346,banana,fresh
19486373,19272,92.85,853.85,70.65,0.454,4.173,0.345,banana,fresh
19487385,19273,92.65,853.80,70.65,0.453,4.173,0.345,banana,fresh
19488396,19274,92.75,853.80,70.70,0.453,4.173,0.346,banana,fresh
19489406,19275,92.75,853.85,70.65,0.453,4.173,0.345,banana,fresh
19490418,19276,92.70,853.85,70.60,0.453,4.173,0.345,banana,fresh
19491429,19277,92.90,853.95,70.65,0.454,4.174,0.345,banana,fresh
19492441,19278,92.75,853.90,70.75,0.453,4.174,0.346,banana,fresh
19493451,19279,92.60,853.80,70.80,0.453,4.173,0.346,banana,fresh
19494463,19280,92.55,853.90,70.90,0.452,4.174,0.347,banana,fresh
19495474,19281,92.60,853.90,70.70,0.453,4.174,0.346,banana,fresh
19496484,19282,92.70,853.70,70.85,0.453,4.173,0.346,banana,fresh
19497496,19283,92.70,853.95,70.60,0.453,4.174,0.345,banana,fresh
19498507,19284,92.75,853.80,70.80,0.453,4.173,0.346,banana,fresh
19499518,19285,92.75,853.95,70.70,0.453,4.174,0.346,banana,fresh
19500529,19286,92.80,853.70,70.70,0.454,4.173,0.346,banana,fresh
19501541,19287,92.65,853.65,70.60,0.453,4.172,0.345,banana,fresh
19502552,19288,92.60,853.70,70.75,0.453,4.173,0.346,banana,fresh
19503563,19289,92.70,853.75,70.55,0.453,4.173,0.345,banana,fresh
19504574,19290,92.65,853.90,70.60,0.453,4.174,0.345,banana,fresh
19505585,19291,92.70,853.75,70.50,0.453,4.173,0.345,banana,fresh
19506596,19292,92.80,853.95,70.75,0.454,4.174,0.346,banana,fresh
19507607,19293,92.55,853.85,70.80,0.452,4.173,0.346,banana,fresh
19508619,19294,92.60,853.75,70.70,0.453,4.173,0.346,banana,fresh
19509629,19295,92.85,853.90,70.70,0.454,4.174,0.346,banana,fresh
19510641,19296,92.70,853.80,70.70,0.453,4.173,0.346,banana,fresh
19511652,19297,92.70,853.80,70.65,0.453,4.173,0.345,banana,fresh
19512663,19298,92.70,853.80,70.75,0.453,4.173,0.346,banana,fresh
19513674,19299,92.65,853.85,70.85,0.453,4.173,0.346,banana,fresh
19514685,19300,92.75,853.85,70.60,0.453,4.173,0.345,banana,fresh
19515697,19301,92.65,853.75,70.70,0.453,4.173,0.346,banana,fresh
19516707,19302,92.70,853.90,70.75,0.453,4.174,0.346,banana,fresh
19517719,19303,92.75,853.85,70.65,0.453,4.173,0.345,banana,fresh
19518730,19304,92.60,853.90,70.70,0.453,4.174,0.346,banana,fresh
19519741,19305,92.65,853.80,70.75,0.453,4.173,0.346,banana,fresh
19520752,19306,92.60,853.95,70.85,0.453,4.174,0.346,banana,fresh
19521763,19307,92.70,853.80,70.70,0.453,4.173,0.346,banana,fresh
19522775,19308,92.75,853.85,70.75,0.453,4.173,0.346,banana,fresh
19523785,19309,92.75,853.85,70.80,0.453,4.173,0.346,banana,fresh
19524797,19310,92.90,853.90,70.55,0.454,4.174,0.345,banana,fresh
19525808,19311,92.75,853.95,70.70,0.453,4.174,0.346,banana,fresh
19526819,19312,92.70,853.90,70.75,0.453,4.174,0.346,banana,fresh
19527830,19313,92.60,853.75,70.60,0.453,4.173,0.345,banana,fresh
19528841,19314,92.90,853.95,70.60,0.454,4.174,0.345,banana,fresh
19529852,19315,92.75,853.95,70.80,0.453,4.174,0.346,banana,fresh
19530863,19316,92.80,853.85,70.75,0.454,4.173,0.346,banana,fresh
19531875,19317,92.50,853.75,70.75,0.452,4.173,0.346,banana,fresh
19532886,19318,92.65,853.85,70.75,0.453,4.173,0.346,banana,fresh
19533897,19319,92.65,853.80,70.75,0.453,4.173,0.346,banana,fresh
19534908,19320,92.70,853.75,70.60,0.453,4.173,0.345,banana,fresh
19535919,19321,92.80,853.90,70.75,0.454,4.174,0.346,banana,fresh
19536930,19322,92.55,853.90,70.60,0.452,4.174,0.345,banana,fresh
19537941,19323,92.70,853.75,70.65,0.453,4.173,0.345,banana,fresh
19538953,19324,92.80,853.85,70.65,0.454,4.173,0.345,banana,fresh
19539963,19325,92.70,853.90,70.45,0.453,4.174,0.344,banana,fresh
19540975,19326,92.65,853.90,70.55,0.453,4.174,0.345,banana,fresh
19541986,19327,92.75,853.95,70.70,0.453,4.174,0.346,banana,fresh
19542998,19328,92.70,853.90,70.75,0.453,4.174,0.346,banana,fresh
19544008,19329,92.70,853.95,70.50,0.453,4.174,0.345,banana,fresh
19545019,19330,92.85,853.85,70.70,0.454,4.173,0.346,banana,fresh
19546031,19331,92.60,853.65,70.60,0.453,4.172,0.345,banana,fresh
19547041,19332,92.75,853.95,70.70,0.453,4.174,0.346,banana,fresh
19548053,19333,92.80,853.95,70.80,0.454,4.174,0.346,banana,fresh
19549064,19334,92.85,853.95,70.75,0.454,4.174,0.346,banana,fresh
19550075,19335,92.55,853.75,70.75,0.452,4.173,0.346,banana,fresh
19551086,19336,92.70,853.95,70.75,0.453,4.174,0.346,banana,fresh
19552098,19337,92.55,853.85,70.60,0.452,4.173,0.345,banana,fresh
19553108,19338,92.90,853.95,70.80,0.454,4.174,0.346,banana,fresh
19554119,19339,92.75,853.90,70.75,0.453,4.174,0.346,banana,fresh
19555131,19340,92.80,853.90,70.80,0.454,4.174,0.346,banana,fresh
19556142,19341,92.60,853.75,70.90,0.453,4.173,0.347,banana,fresh
19557153,19342,92.85,854.00,70.65,0.454,4.174,0.345,banana,fresh
19558164,19343,92.85,853.85,70.75,0.454,4.173,0.346,banana,fresh
19559176,19344,92.75,853.85,70.80,0.453,4.173,0.346,banana,fresh
19560186,19345,92.75,853.90,70.75,0.453,4.174,0.346,banana,fresh
19561197,19346,92.85,853.65,70.70,0.454,4.172,0.346,banana,fresh
19562209,19347,92.80,853.90,70.60,0.454,4.174,0.345,banana,fresh
19563219,19348,92.60,853.95,70.85,0.453,4.174,0.346,banana,fresh
19564231,19349,92.50,854.00,70.70,0.452,4.174,0.346,banana,fresh
19565242,19350,92.70,853.80,70.70,0.453,4.173,0.346,banana,fresh
19566254,19351,92.70,853.95,70.65,0.453,4.174,0.345,banana,fresh
19567264,19352,92.55,853.90,70.60,0.452,4.174,0.345,banana,fresh
19568276,19353,92.80,853.95,70.70,0.454,4.174,0.346,banana,fresh
19569287,19354,92.75,853.85,71.00,0.453,4.173,0.347,banana,fresh
19570297,19355,92.85,853.80,70.65,0.454,4.173,0.345,banana,fresh
19571309,19356,92.60,853.90,70.75,0.453,4.174,0.346,banana,fresh
19572320,19357,92.75,853.95,70.60,0.453,4.174,0.345,banana,fresh
19573331,19358,92.80,853.90,70.60,0.454,4.174,0.345,banana,fresh
19574342,19359,92.65,853.90,70.60,0.453,4.174,0.345,banana,fresh
19575354,19360,92.75,853.95,70.75,0.453,4.174,0.346,banana,fresh
19576365,19361,92.70,853.90,70.55,0.453,4.174,0.345,banana,fresh
19577375,19362,92.60,853.95,70.65,0.453,4.174,0.345,banana,fresh
19578387,19363,92.70,853.90,70.85,0.453,4.174,0.346,banana,fresh
19579398,19364,92.75,853.95,70.80,0.453,4.174,0.346,banana,fresh
19580409,19365,92.90,853.95,70.80,0.454,4.174,0.346,banana,fresh
19581420,19366,92.60,853.95,70.85,0.453,4.174,0.346,banana,fresh
19582432,19367,92.60,853.95,70.70,0.453,4.174,0.346,banana,fresh
19583442,19368,92.95,853.90,70.70,0.454,4.174,0.346,banana,fresh
19584453,19369,92.85,854.00,70.80,0.454,4.174,0.346,banana,fresh
19585465,19370,92.60,854.00,70.70,0.453,4.174,0.346,banana,fresh
19586476,19371,92.70,854.00,70.80,0.453,4.174,0.346,banana,fresh
19587487,19372,92.75,854.00,70.70,0.453,4.174,0.346,banana,fresh
19588498,19373,92.80,853.95,70.55,0.454,4.174,0.345,banana,fresh
19589510,19374,92.70,853.75,70.90,0.453,4.173,0.347,banana,fresh
19590520,19375,92.85,854.00,70.55,0.454,4.174,0.345,banana,fresh
19591531,19376,92.80,853.95,70.85,0.454,4.174,0.346,banana,fresh
19592543,19377,92.65,854.00,70.75,0.453,4.174,0.346,banana,fresh
19593553,19378,92.85,853.95,70.80,0.454,4.174,0.346,banana,fresh
19594565,19379,92.85,853.95,70.80,0.454,4.174,0.346,banana,fresh
19595576,19380,92.80,853.85,70.85,0.454,4.173,0.346,banana,fresh
19596588,19381,92.75,853.90,70.75,0.453,4.174,0.346,banana,fresh
19597598,19382,92.75,854.00,70.80,0.453,4.174,0.346,banana,fresh
19598610,19383,92.65,853.95,70.85,0.453,4.174,0.346,banana,fresh
19599621,19384,92.75,853.85,70.85,0.453,4.173,0.346,banana,fresh
19600631,19385,92.85,854.00,70.75,0.454,4.174,0.346,banana,fresh
19601643,19386,92.80,853.95,70.75,0.454,4.174,0.346,banana,fresh
19602654,19387,92.65,853.95,70.70,0.453,4.174,0.346,banana,fresh
19603665,19388,92.80,853.90,70.75,0.454,4.174,0.346,banana,fresh
19604676,19389,92.70,853.95,70.80,0.453,4.174,0.346,banana,fresh
19605688,19390,92.75,854.00,70.80,0.453,4.174,0.346,banana,fresh
19606699,19391,92.70,853.90,70.60,0.453,4.174,0.345,banana,fresh
19607709,19392,92.70,854.00,70.60,0.453,4.174,0.345,banana,fresh
19608721,19393,92.80,853.90,70.50,0.454,4.174,0.345,banana,fresh
19609732,19394,92.60,853.90,70.70,0.453,4.174,0.346,banana,fresh
19610743,19395,92.65,853.95,70.75,0.453,4.174,0.346,banana,fresh
19611754,19396,92.75,853.90,70.75,0.453,4.174,0.346,banana,fresh
19612766,19397,92.65,853.95,70.75,0.453,4.174,0.346,banana,fresh
19613776,19398,92.65,853.90,70.80,0.453,4.174,0.346,banana,fresh
19614788,19399,92.65,854.00,70.65,0.453,4.174,0.345,banana,fresh
19615799,19400,92.80,853.90,70.80,0.454,4.174,0.346,banana,fresh
19616809,19401,92.70,854.00,70.75,0.453,4.174,0.346,banana,fresh
19617821,19402,92.85,854.00,70.65,0.454,4.174,0.345,banana,fresh
19618832,19403,92.65,853.90,70.55,0.453,4.174,0.345,banana,fresh
19619844,19404,92.75,853.95,70.90,0.453,4.174,0.347,banana,fresh
19620854,19405,92.70,853.90,70.65,0.453,4.174,0.345,banana,fresh
19621866,19406,92.70,854.00,70.85,0.453,4.174,0.346,banana,fresh
19622877,19407,92.70,854.00,70.85,0.453,4.174,0.346,banana,fresh
19623887,19408,92.55,853.95,70.90,0.452,4.174,0.347,banana,fresh
19624899,19409,92.75,853.95,70.90,0.453,4.174,0.347,banana,fresh
19625910,19410,92.80,853.95,70.65,0.454,4.174,0.345,banana,fresh
19626921,19411,92.80,853.85,70.75,0.454,4.173,0.346,banana,fresh
19627932,19412,92.75,853.80,70.80,0.453,4.173,0.346,banana,fresh
19628944,19413,92.65,853.80,70.65,0.453,4.173,0.345,banana,fresh
19629955,19414,92.60,854.00,70.55,0.453,4.174,0.345,banana,fresh
19630966,19415,92.80,853.85,70.65,0.454,4.173,0.345,banana,fresh
19631977,19416,92.80,853.95,70.70,0.454,4.174,0.346,banana,fresh
19632988,19417,92.60,853.90,70.65,0.453,4.174,0.345,banana,fresh
19633999,19418,92.70,853.80,70.70,0.453,4.173,0.346,banana,fresh
19635010,19419,92.65,853.95,70.60,0.453,4.174,0.345,banana,fresh
19636022,19420,92.75,854.00,70.75,0.453,4.174,0.346,banana,fresh
19637032,19421,92.75,853.95,70.75,0.453,4.174,0.346,banana,fresh
19638044,19422,92.70,853.85,70.65,0.453,4.173,0.345,banana,fresh
19639055,19423,92.55,853.90,70.60,0.452,4.174,0.345,banana,fresh
19640067,19424,92.85,853.90,70.80,0.454,4.174,0.346,banana,fresh
19641077,19425,92.65,853.85,70.65,0.453,4.173,0.345,banana,fresh
19642088,19426,92.50,853.85,70.65,0.452,4.173,0.345,banana,fresh
19643100,19427,92.70,854.00,70.75,0.453,4.174,0.346,banana,fresh
19644110,19428,92.65,853.80,70.90,0.453,4.173,0.347,banana,fresh
19645122,19429,92.70,853.80,70.50,0.453,4.173,0.345,banana,fresh
19646133,19430,92.70,853.90,70.50,0.453,4.174,0.345,banana,fresh
19647144,19431,92.80,853.90,70.70,0.454,4.174,0.346,banana,fresh
19648155,19432,92.60,854.00,70.55,0.453,4.174,0.345,banana,fresh
19649166,19433,92.75,854.00,70.65,0.453,4.174,0.345,banana,fresh
19650178,19434,92.75,853.90,70.70,0.453,4.174,0.346,banana,fresh
19651188,19435,92.70,854.00,70.65,0.453,4.174,0.345,banana,fresh
19652200,19436,92.80,854.00,70.65,0.454,4.174,0.345,banana,fresh
19653211,19437,92.90,853.90,70.80,0.454,4.174,0.346,banana,fresh
19654222,19438,92.60,854.00,70.70,0.453,4.174,0.346,banana,fresh
19655233,19439,92.95,853.90,70.70,0.454,4.174,0.346,banana,fresh
19656244,19440,92.70,853.90,70.70,0.453,4.174,0.346,banana,fresh
19657255,19441,92.85,853.85,70.60,0.454,4.173,0.345,banana,fresh
19658266,19442,92.85,853.85,70.65,0.454,4.173,0.345,banana,fresh
19659278,19443,92.70,853.90,70.70,0.453,4.174,0.346,banana,fresh
19660289,19444,92.65,853.95,70.75,0.453,4.174,0.346,banana,fresh
19661300,19445,92.90,853.90,70.75,0.454,4.174,0.346,banana,fresh
19662311,19446,92.70,853.90,70.65,0.453,4.174,0.345,banana,fresh
19663323,19447,92.65,853.85,70.55,0.453,4.173,0.345,banana,fresh
19664333,19448,92.90,854.00,70.80,0.454,4.174,0.346,banana,fresh
19665344,19449,92.80,853.95,70.65,0.454,4.174,0.345,banana,fresh
19666356,19450,92.70,853.95,70.75,0.453,4.174,0.346,banana,fresh
19667366,19451,92.70,853.95,70.70,0.453,4.174,0.346,banana,fresh
19668378,19452,92.75,853.95,70.65,0.453,4.174,0.345,banana,fresh
19669389,19453,92.80,854.00,70.65,0.454,4.174,0.345,banana,fresh
19670401,19454,92.85,853.95,70.80,0.454,4.174,0.346,banana,fresh
19671411,19455,92.65,853.95,70.65,0.453,4.174,0.345,banana,fresh
19672422,19456,92.70,853.85,70.80,0.453,4.173,0.346,banana,fresh
19673434,19457,92.75,853.85,70.80,0.453,4.173,0.346,banana,fresh
19674444,19458,92.70,853.85,70.55,0.453,4.173,0.345,banana,fresh
19675456,19459,92.55,853.95,70.55,0.452,4.174,0.345,banana,fresh
19676467,19460,92.50,853.95,70.50,0.452,4.174,0.345,banana,fresh
19677478,19461,92.75,854.00,70.45,0.453,4.174,0.344,banana,fresh
19678489,19462,92.55,854.00,70.70,0.452,4.174,0.346,banana,fresh
19679500,19463,92.75,853.95,70.65,0.453,4.174,0.345,banana,fresh
19680512,19464,92.80,853.90,70.55,0.454,4.174,0.345,banana,fresh
19681522,19465,92.85,853.95,70.55,0.454,4.174,0.345,banana,fresh
19682534,19466,92.85,853.95,70.65,0.454,4.174,0.345,banana,fresh
19683545,19467,92.80,853.90,70.85,0.454,4.174,0.346,banana,fresh
19684556,19468,92.70,853.90,70.55,0.453,4.174,0.345,banana,fresh
19685567,19469,92.75,853.90,70.80,0.453,4.174,0.346,banana,fresh
19686579,19470,92.55,853.95,70.60,0.452,4.174,0.345,banana,fresh
19687589,19471,92.75,854.00,70.60,0.453,4.174,0.345,banana,fresh
19688600,19472,92.65,854.00,70.60,0.453,4.174,0.345,banana,fresh
19689612,19473,92.65,853.85,70.75,0.453,4.173,0.346,banana,fresh
19690622,19474,92.60,853.95,70.65,0.453,4.174,0.345,banana,fresh
19691634,19475,92.65,853.90,70.70,0.453,4.174,0.346,banana,fresh
19692645,19476,92.80,853.95,70.50,0.454,4.174,0.345,banana,fresh
19693657,19477,92.55,853.95,70.55,0.452,4.174,0.345,banana,fresh
19694667,19478,92.85,853.90,70.90,0.454,4.174,0.347,banana,fresh
19695679,19479,92.70,853.85,70.80,0.453,4.173,0.346,banana,fresh
19696690,19480,92.70,853.90,70.80,0.453,4.174,0.346,banana,fresh
19697700,19481,92.65,853.90,70.75,0.453,4.174,0.346,banana,fresh
19698712,19482,92.85,853.95,70.50,0.454,4.174,0.345,banana,fresh
19699723,19483,92.70,853.95,70.65,0.453,4.174,0.345,banana,fresh
19700734,19484,92.85,853.95,70.70,0.454,4.174,0.346,banana,fresh
19701745,19485,92.85,853.90,70.75,0.454,4.174,0.346,banana,fresh
19702757,19486,92.90,853.85,70.65,0.454,4.173,0.345,banana,fresh
19703768,19487,92.65,853.90,70.65,0.453,4.174,0.345,banana,fresh
19704778,19488,92.85,853.95,70.80,0.454,4.174,0.346,banana,fresh
19705790,19489,92.60,853.90,70.55,0.453,4.174,0.345,banana,fresh
19706801,19490,92.65,853.90,70.70,0.453,4.174,0.346,banana,fresh
19707812,19491,92.60,854.00,70.60,0.453,4.174,0.345,banana,fresh
19708823,19492,92.55,854.00,70.55,0.452,4.174,0.345,banana,fresh
19709835,19493,92.70,854.00,70.80,0.453,4.174,0.346,banana,fresh
19710845,19494,92.65,853.90,70.80,0.453,4.174,0.346,banana,fresh
19711857,19495,92.75,853.85,70.75,0.453,4.173,0.346,banana,fresh
19712868,19496,92.70,854.00,70.70,0.453,4.174,0.346,banana,fresh
19713879,19497,92.75,854.00,70.75,0.453,4.174,0.346,banana,fresh
19714890,19498,92.65,854.00,70.85,0.453,4.174,0.346,banana,fresh
19715901,19499,92.75,853.95,70.70,0.453,4.174,0.346,banana,fresh
19716913,19500,92.75,854.00,70.55,0.453,4.174,0.345,banana,fresh
19717923,19501,92.75,853.90,70.70,0.453,4.174,0.346,banana,fresh
19718935,19502,92.75,853.95,70.70,0.453,4.174,0.346,banana,fresh
19719946,19503,92.60,854.00,70.70,0.453,4.174,0.346,banana,fresh
19720956,19504,92.50,853.95,70.60,0.452,4.174,0.345,banana,fresh
19721968,19505,92.75,854.00,70.75,0.453,4.174,0.346,banana,fresh
19722979,19506,92.65,854.00,70.75,0.453,4.174,0.346,banana,fresh
19723991,19507,92.75,853.95,70.50,0.453,4.174,0.345,banana,fresh
19725001,19508,92.75,853.95,70.70,0.453,4.174,0.346,banana,fresh
19726013,19509,92.85,853.95,70.60,0.454,4.174,0.345,banana,fresh
19727024,19510,92.75,853.95,70.50,0.453,4.174,0.345,banana,fresh
19728035,19511,92.50,854.00,70.65,0.452,4.174,0.345,banana,fresh
19729046,19512,92.70,854.00,70.75,0.453,4.174,0.346,banana,fresh
19730057,19513,92.50,854.00,70.70,0.452,4.174,0.346,banana,fresh
19731068,19514,92.75,853.95,70.60,0.453,4.174,0.345,banana,fresh
19732079,19515,92.80,853.95,70.45,0.454,4.174,0.344,banana,fresh
19733091,19516,92.55,853.95,70.55,0.452,4.174,0.345,banana,fresh
19734102,19517,92.80,853.90,70.80,0.454,4.174,0.346,banana,fresh
19735113,19518,92.75,854.00,70.45,0.453,4.174,0.344,banana,fresh
19736124,19519,92.85,853.95,70.55,0.454,4.174,0.345,banana,fresh
19737135,19520,92.70,853.95,70.55,0.453,4.174,0.345,banana,fresh
19738146,19521,92.70,853.80,70.65,0.453,4.173,0.345,banana,fresh
19739157,19522,92.65,853.90,70.70,0.453,4.174,0.346,banana,fresh
19740169,19523,92.60,854.00,70.70,0.453,4.174,0.346,banana,fresh
19741179,19524,92.80,853.95,70.75,0.454,4.174,0.346,banana,fresh
19742191,19525,92.70,854.00,70.65,0.453,4.174,0.345,banana,fresh
19743202,19526,92.55,853.95,70.75,0.452,4.174,0.346,banana,fresh
19744214,19527,92.90,853.95,70.70,0.454,4.174,0.346,banana,fresh
19745224,19528,92.65,853.95,70.75,0.453,4.174,0.346,banana,fresh
19746235,19529,92.80,853.95,70.45,0.454,4.174,0.344,banana,fresh
19747247,19530,92.75,854.00,70.55,0.453,4.174,0.345,banana,fresh
19748257,19531,92.75,854.00,70.75,0.453,4.174,0.346,banana,fresh
19749269,19532,92.75,853.95,70.55,0.453,4.174,0.345,banana,fresh
19750280,19533,92.60,853.90,70.70,0.453,4.174,0.346,banana,fresh
19751291,19534,92.70,853.95,70.70,0.453,4.174,0.346,banana,fresh
19752302,19535,92.50,853.95,70.65,0.452,4.174,0.345,banana,fresh
19753313,19536,92.80,853.95,70.75,0.454,4.174,0.346,banana,fresh
19754324,19537,92.75,854.00,70.75,0.453,4.174,0.346,banana,fresh
19755335,19538,92.45,853.95,70.65,0.452,4.174,0.345,banana,fresh
19756347,19539,92.75,853.95,70.65,0.453,4.174,0.345,banana,fresh
19757358,19540,92.60,853.95,70.65,0.453,4.174,0.345,banana,fresh
19758369,19541,92.75,854.00,70.70,0.453,4.174,0.346,banana,fresh
19759380,19542,92.75,853.90,70.80,0.453,4.174,0.346,banana,fresh
19760391,19543,92.80,853.90,70.60,0.454,4.174,0.345,banana,fresh
19761402,19544,92.80,853.95,70.65,0.454,4.174,0.345,banana,fresh
19762413,19545,92.85,853.95,70.70,0.454,4.174,0.346,banana,fresh
19763425,19546,92.70,853.95,70.70,0.453,4.174,0.346,banana,fresh
19764435,19547,92.75,853.95,70.65,0.453,4.174,0.345,banana,fresh
19765447,19548,92.55,854.00,70.50,0.452,4.174,0.345,banana,fresh
19766458,19549,92.65,854.00,70.60,0.453,4.174,0.345,banana,fresh
19767470,19550,92.75,854.00,70.60,0.453,4.174,0.345,banana,fresh
19768480,19551,92.75,854.00,70.65,0.453,4.174,0.345,banana,fresh
19769491,19552,92.70,854.00,70.70,0.453,4.174,0.346,banana,fresh
19770503,19553,92.60,853.95,70.70,0.453,4.174,0.346,banana,fresh
19771513,19554,92.70,854.00,70.55,0.453,4.174,0.345,banana,fresh
19772525,19555,92.75,853.95,70.60,0.453,4.174,0.345,banana,fresh
19773536,19556,92.85,854.00,70.65,0.454,4.174,0.345,banana,fresh
19774547,19557,92.60,853.90,70.60,0.453,4.174,0.345,banana,fresh
19775558,19558,92.75,854.00,70.70,0.453,4.174,0.346,banana,fresh
19776569,19559,92.65,853.95,70.65,0.453,4.174,0.345,banana,fresh
19777581,19560,92.75,853.85,70.55,0.453,4.173,0.345,banana,fresh
19778591,19561,92.70,853.95,70.55,0.453,4.174,0.345,banana,fresh
19779603,19562,92.70,853.90,70.60,0.453,4.174,0.345,banana,fresh
19780614,19563,92.75,853.95,70.80,0.453,4.174,0.346,banana,fresh
19781625,19564,92.75,854.00,70.75,0.453,4.174,0.346,banana,fresh
19782636,19565,92.60,854.00,70.75,0.453,4.174,0.346,banana,fresh
19783647,19566,92.70,854.00,70.90,0.453,4.174,0.347,banana,fresh
19784658,19567,92.75,854.00,70.75,0.453,4.174,0.346,banana,fresh
19785669,19568,92.85,853.95,70.65,0.454,4.174,0.345,banana,fresh
19786681,19569,92.60,854.00,70.60,0.453,4.174,0.345,banana,fresh
19787692,19570,92.85,853.90,70.60,0.454,4.174,0.345,banana,fresh
19788703,19571,92.75,854.00,70.55,0.453,4.174,0.345,banana,fresh
19789714,19572,92.70,853.90,70.70,0.453,4.174,0.346,banana,fresh
19790726,19573,92.65,854.00,70.65,0.453,4.174,0.345,banana,fresh
19791736,19574,92.50,853.90,70.65,0.452,4.174,0.345,banana,fresh
19792747,19575,92.75,854.00,70.55,0.453,4.174,0.345,banana,fresh
19793759,19576,92.65,853.95,70.70,0.453,4.174,0.346,banana,fresh
19794769,19577,92.60,853.95,70.55,0.453,4.174,0.345,banana,fresh
19795781,19578,92.60,854.00,70.55,0.453,4.174,0.345,banana,fresh
19796792,19579,92.80,854.00,70.70,0.454,4.174,0.346,banana,fresh
19797804,19580,92.65,853.95,70.70,0.453,4.174,0.346,banana,fresh
19798814,19581,92.75,853.95,70.80,0.453,4.174,0.346,banana,fresh
19799826,19582,92.70,854.00,70.75,0.453,4.174,0.346,banana,fresh
19800837,19583,92.80,854.00,70.55,0.454,4.174,0.345,banana,fresh
19801847,19584,92.65,854.00,70.65,0.453,4.174,0.345,banana,fresh
19802859,19585,92.75,853.95,70.60,0.453,4.174,0.345,banana,fresh
19803870,19586,92.70,854.00,70.65,0.453,4.174,0.345,banana,fresh
19804881,19587,92.70,854.00,70.70,0.453,4.174,0.346,banana,fresh
19805892,19588,92.70,854.00,70.75,0.453,4.174,0.346,banana,fresh
19806904,19589,92.70,853.95,70.80,0.453,4.174,0.346,banana,fresh
19807915,19590,92.55,854.00,70.55,0.452,4.174,0.345,banana,fresh
19808925,19591,92.80,854.00,70.55,0.454,4.174,0.345,banana,fresh
19809937,19592,92.70,854.00,70.75,0.453,4.174,0.346,banana,fresh
19810948,19593,92.75,854.00,70.90,0.453,4.174,0.347,banana,fresh
19811959,19594,92.70,854.00,70.70,0.453,4.174,0.346,banana,fresh
19812970,19595,92.70,854.00,70.70,0.453,4.174,0.346,banana,fresh
19813982,19596,92.65,854.00,70.65,0.453,4.174,0.345,banana,fresh
19814992,19597,92.65,854.00,70.45,0.453,4.174,0.344,banana,fresh
19816003,19598,92.65,854.00,70.60,0.453,4.174,0.345,banana,fresh
19817015,19599,92.60,853.95,70.70,0.453,4.174,0.346,banana,fresh
19818025,19600,92.65,854.00,70.70,0.453,4.174,0.346,banana,fresh
19819037,19601,92.70,853.95,70.60,0.453,4.174,0.345,banana,fresh
19820048,19602,92.75,853.95,70.65,0.453,4.174,0.345,banana,fresh
19821060,19603,92.70,853.85,70.50,0.453,4.173,0.345,banana,fresh
19822070,19604,92.90,853.95,70.55,0.454,4.174,0.345,banana,fresh
19823082,19605,92.45,854.00,70.60,0.452,4.174,0.345,banana,fresh
19824093,19606,92.80,853.95,70.55,0.454,4.174,0.345,banana,fresh
19825103,19607,92.80,853.95,70.85,0.454,4.174,0.346,banana,fresh
19826115,19608,92.55,854.00,70.70,0.452,4.174,0.346,banana,fresh
19827126,19609,92.75,854.00,70.75,0.453,4.174,0.346,banana,fresh
19828137,19610,92.60,854.00,70.85,0.453,4.174,0.346,banana,fresh
19829148,19611,92.70,854.00,70.75,0.453,4.174,0.346,banana,fresh
19830160,19612,92.90,853.95,70.65,0.454,4.174,0.345,banana,fresh
19831171,19613,92.65,853.85,70.80,0.453,4.173,0.346,banana,fresh
19832181,19614,92.65,854.00,70.60,0.453,4.174,0.345,banana,fresh
19833193,19615,92.50,854.00,70.60,0.452,4.174,0.345,banana,fresh
19834204,19616,92.75,853.90,70.70,0.453,4.174,0.346,banana,fresh
19835215,19617,92.85,853.95,70.65,0.454,4.174,0.345,banana,fresh
19836226,19618,92.50,854.00,70.70,0.452,4.174,0.346,banana,fresh
19837238,19619,92.70,854.00,70.75,0.453,4.174,0.346,banana,fresh
19838248,19620,92.60,853.95,70.65,0.453,4.174,0.345,banana,fresh
19839259,19621,92.70,853.90,70.80,0.453,4.174,0.346,banana,fresh
19840271,19622,92.70,853.90,70.75,0.453,4.174,0.346,banana,fresh
19841282,19623,92.85,853.90,70.55,0.454,4.174,0.345,banana,fresh
19842293,19624,92.65,854.00,70.65,0.453,4.174,0.345,banana,fresh
19843304,19625,92.60,853.85,70.65,0.453,4.173,0.345,banana,fresh
19844316,19626,92.40,854.00,70.55,0.452,4.174,0.345,banana,fresh
19845326,19627,92.65,854.00,70.80,0.453,4.174,0.346,banana,fresh
19846337,19628,92.70,854.00,70.60,0.453,4.174,0.345,banana,fresh
19847349,19629,92.85,854.00,70.35,0.454,4.174,0.344,banana,fresh
19848359,19630,92.70,854.00,70.75,0.453,4.174,0.346,banana,fresh
19849371,19631,92.65,853.95,70.65,0.453,4.174,0.345,banana,fresh
19850382,19632,92.60,854.00,70.85,0.453,4.174,0.346,banana,fresh
19851394,19633,92.75,853.95,70.60,0.453,4.174,0.345,banana,fresh
19852404,19634,92.45,853.95,70.70,0.452,4.174,0.346,banana,fresh
19853416,19635,92.50,853.90,70.75,0.452,4.174,0.346,banana,fresh
19854427,19636,92.75,854.00,70.65,0.453,4.174,0.345,banana,fresh
19855437,19637,92.75,853.95,70.60,0.453,4.174,0.345,banana,fresh
19856449,19638,92.55,853.95,70.75,0.452,4.174,0.346,banana,fresh
19857460,19639,92.80,854.00,70.85,0.454,4.174,0.346,banana,fresh
19858471,19640,92.50,854.00,70.70,0.452,4.174,0.346,banana,fresh
19859482,19641,92.55,854.00,70.55,0.452,4.174,0.345,banana,fresh
19860494,19642,92.70,854.00,70.75,0.453,4.174,0.346,banana,fresh
19861505,19643,92.60,854.00,70.85,0.453,4.174,0.346,banana,fresh
19862515,19644,92.60,854.00,70.70,0.453,4.174,0.346,banana,fresh
19863527,19645,92.55,853.90,70.55,0.452,4.174,0.345,banana,fresh
19864538,19646,92.65,854.00,70.65,0.453,4.174,0.345,banana,fresh
19865549,19647,92.70,853.95,70.60,0.453,4.174,0.345,banana,fresh
19866560,19648,92.55,853.95,70.65,0.452,4.174,0.345,banana,fresh
19867572,19649,92.50,853.95,70.75,0.452,4.174,0.346,banana,fresh
19868582,19650,92.60,854.00,70.55,0.453,4.174,0.345,banana,fresh
19869593,19651,92.45,854.00,70.70,0.452,4.174,0.346,banana,fresh
19870605,19652,92.65,854.00,70.75,0.453,4.174,0.346,banana,fresh
19871616,19653,92.80,854.00,70.60,0.454,4.174,0.345,banana,fresh
19872627,19654,92.65,854.00,70.65,0.453,4.174,0.345,banana,fresh
19873638,19655,92.65,854.00,70.70,0.453,4.174,0.346,banana,fresh
19874650,19656,92.65,854.00,70.35,0.453,4.174,0.344,banana,fresh
19875660,19657,92.55,853.95,70.70,0.452,4.174,0.346,banana,fresh
19876671,19658,92.55,854.00,70.80,0.452,4.174,0.346,banana,fresh
19877683,19659,92.65,853.95,70.50,0.453,4.174,0.345,banana,fresh
19878693,19660,92.70,854.00,70.60,0.453,4.174,0.345,banana,fresh
19879705,19661,92.55,854.00,70.65,0.452,4.174,0.345,banana,fresh
19880716,19662,92.55,854.00,70.60,0.452,4.174,0.345,banana,fresh
19881728,19663,92.75,854.00,70.70,0.453,4.174,0.346,banana,fresh
19882738,19664,92.60,854.00,70.65,0.453,4.174,0.345,banana,fresh
19883749,19665,92.60,854.00,70.75,0.453,4.174,0.346,banana,fresh
19884761,19666,92.50,853.95,70.55,0.452,4.174,0.345,banana,fresh
19885771,19667,92.45,853.95,70.65,0.452,4.174,0.345,banana,fresh
19886783,19668,92.60,853.95,70.55,0.453,4.174,0.345,banana,fresh
19887794,19669,92.70,854.00,70.60,0.453,4.174,0.345,banana,fresh
19888805,19670,92.55,853.95,70.60,0.452,4.174,0.345,banana,fresh
19889816,19671,92.50,854.00,70.60,0.452,4.174,0.345,banana,fresh
19890828,19672,92.65,854.00,70.45,0.453,4.174,0.344,banana,fresh
19891838,19673,92.60,854.05,70.75,0.453,4.174,0.346,banana,fresh
19892849,19674,92.65,853.95,70.65,0.453,4.174,0.345,banana,fresh
19893861,19675,92.60,853.90,70.70,0.453,4.174,0.346,banana,fresh
19894872,19676,92.75,854.00,70.60,0.453,4.174,0.345,banana,fresh
19895883,19677,92.60,854.00,70.65,0.453,4.174,0.345,banana,fresh
19896894,19678,92.70,854.00,70.70,0.453,4.174,0.346,banana,fresh
19897906,19679,92.40,854.00,70.70,0.452,4.174,0.346,banana,fresh
19898916,19680,92.75,854.00,70.45,0.453,4.174,0.344,banana,fresh
19899927,19681,92.70,854.00,70.65,0.453,4.174,0.345,banana,fresh
19900939,19682,92.65,853.95,70.60,0.453,4.174,0.345,banana,fresh
19901949,19683,92.60,854.00,70.65,0.453,4.174,0.345,banana,fresh
19902961,19684,92.60,854.00,70.75,0.453,4.174,0.346,banana,fresh
19903972,19685,92.55,853.95,70.55,0.452,4.174,0.345,banana,fresh
19904984,19686,92.55,854.00,70.60,0.452,4.174,0.345,banana,fresh
19905994,19687,92.55,854.00,70.60,0.452,4.174,0.345,banana,fresh
19907005,19688,92.50,854.00,70.60,0.452,4.174,0.345,banana,fresh
19908017,19689,92.50,854.00,70.60,0.452,4.174,0.345,banana,fresh
19909027,19690,92.60,854.00,70.70,0.453,4.174,0.346,banana,fresh
19910039,19691,92.50,854.00,70.65,0.452,4.174,0.345,banana,fresh
19911050,19692,92.40,853.95,70.55,0.452,4.174,0.345,banana,fresh
19912061,19693,92.80,854.00,70.80,0.454,4.174,0.346,banana,fresh
19913072,19694,92.45,854.00,70.65,0.452,4.174,0.345,banana,fresh
19914083,19695,92.60,854.00,70.75,0.453,4.174,0.346,banana,fresh
19915095,19696,92.50,854.00,70.60,0.452,4.174,0.345,banana,fresh
19916105,19697,92.50,854.00,70.80,0.452,4.174,0.346,banana,fresh
19917117,19698,92.50,854.00,70.75,0.452,4.174,0.346,banana,fresh
19918128,19699,92.45,854.00,70.70,0.452,4.174,0.346,banana,fresh
19919139,19700,92.60,854.00,70.60,0.453,4.174,0.345,banana,fresh
19920150,19701,92.35,854.00,70.85,0.451,4.174,0.346,banana,fresh
19921161,19702,92.65,853.95,70.50,0.453,4.174,0.345,banana,fresh
19922172,19703,92.50,853.85,70.75,0.452,4.173,0.346,banana,fresh
19923183,19704,92.75,853.95,70.70,0.453,4.174,0.346,banana,fresh
19924195,19705,92.70,854.00,70.65,0.453,4.174,0.345,banana,fresh
19925206,19706,92.60,854.00,70.65,0.453,4.174,0.345,banana,fresh
19926217,19707,92.65,854.00,70.55,0.453,4.174,0.345,banana,fresh
19927228,19708,92.55,854.00,70.60,0.452,4.174,0.345,banana,fresh
19928240,19709,92.40,854.00,70.45,0.452,4.174,0.344,banana,fresh
19929250,19710,92.65,853.95,70.60,0.453,4.174,0.345,banana,fresh
19930261,19711,92.65,854.00,70.80,0.453,4.174,0.346,banana,fresh
19931273,19712,92.60,854.00,70.80,0.453,4.174,0.346,banana,fresh
19932283,19713,92.40,854.00,70.55,0.452,4.174,0.345,banana,fresh
19933295,19714,92.40,854.00,70.75,0.452,4.174,0.346,banana,fresh
19934306,19715,92.75,854.00,70.50,0.453,4.174,0.345,banana,fresh
19935318,19716,92.60,854.00,70.65,0.453,4.174,0.345,banana,fresh
19936328,19717,92.40,853.95,70.60,0.452,4.174,0.345,banana,fresh
19937339,19718,92.55,854.00,70.75,0.452,4.174,0.346,banana,fresh
19938351,19719,92.55,854.00,70.45,0.452,4.174,0.344,banana,fresh
19939361,19720,92.45,854.00,70.60,0.452,4.174,0.345,banana,fresh
19940373,19721,92.45,854.00,70.50,0.452,4.174,0.345,banana,fresh
19941384,19722,92.70,854.00,70.75,0.453,4.174,0.346,banana,fresh
19942395,19723,92.65,854.05,70.55,0.453,4.174,0.345,banana,fresh
19943406,19724,92.70,853.95,70.70,0.453,4.174,0.346,banana,fresh
19944417,19725,92.50,854.00,70.50,0.452,4.174,0.345,banana,fresh
19945428,19726,92.70,854.00,70.60,0.453,4.174,0.345,banana,fresh
19946439,19727,92.60,854.00,70.80,0.453,4.174,0.346,banana,fresh
19947451,19728,92.60,854.00,70.50,0.453,4.174,0.345,banana,fresh
19948462,19729,92.85,853.95,70.65,0.454,4.174,0.345,banana,fresh
19949473,19730,92.60,854.00,70.55,0.453,4.174,0.345,banana,fresh
19950484,19731,92.65,854.00,70.65,0.453,4.174,0.345,banana,fresh
19951495,19732,92.30,853.95,70.60,0.451,4.174,0.345,banana,fresh
19952506,19733,92.55,854.00,70.75,0.452,4.174,0.346,banana,fresh
19953517,19734,92.60,854.00,70.65,0.453,4.174,0.345,banana,fresh
19954529,19735,92.45,854.00,70.65,0.452,4.174,0.345,banana,fresh
19955539,19736,92.60,854.00,70.65,0.453,4.174,0.345,banana,fresh
19956551,19737,92.50,854.00,70.55,0.452,4.174,0.345,banana,fresh
19957562,19738,92.55,854.00,70.75,0.452,4.174,0.346,banana,fresh
19958573,19739,92.55,854.00,70.40,0.452,4.174,0.344,banana,fresh
19959584,19740,92.55,854.00,70.60,0.452,4.174,0.345,banana,fresh
19960595,19741,92.80,854.00,70.55,0.454,4.174,0.345,banana,fresh
19961607,19742,92.55,854.00,70.60,0.452,4.174,0.345,banana,fresh
19962617,19743,92.60,854.00,70.65,0.453,4.174,0.345,banana,fresh
19963629,19744,92.75,854.05,70.70,0.453,4.174,0.346,banana,fresh
19964640,19745,92.60,854.00,70.65,0.453,4.174,0.345,banana,fresh
19965650,19746,92.55,854.00,70.40,0.452,4.174,0.344,banana,fresh
19966662,19747,92.55,854.00,70.60,0.452,4.174,0.345,banana,fresh
19967673,19748,92.40,854.00,70.45,0.452,4.174,0.344,banana,fresh
19968685,19749,92.75,854.00,70.55,0.453,4.174,0.345,banana,fresh
19969695,19750,92.75,854.00,70.50,0.453,4.174,0.345,banana,fresh
19970707,19751,92.35,854.00,70.70,0.451,4.174,0.346,banana,fresh
19971718,19752,92.65,854.00,70.80,0.453,4.174,0.346,banana,fresh
19972729,19753,92.50,854.00,70.40,0.452,4.174,0.344,banana,fresh
19973740,19754,92.45,854.00,70.60,0.452,4.174,0.345,banana,fresh
19974751,19755,92.60,854.00,70.70,0.453,4.174,0.346,banana,fresh
19975762,19756,92.50,854.00,70.60,0.452,4.174,0.345,banana,fresh
19976773,19757,92.70,854.00,70.65,0.453,4.174,0.345,banana,fresh
19977785,19758,92.70,854.00,70.80,0.453,4.174,0.346,banana,fresh
19978796,19759,92.35,854.00,70.75,0.451,4.174,0.346,banana,fresh
19979807,19760,92.55,854.00,70.60,0.452,4.174,0.345,banana,fresh
19980818,19761,92.50,854.00,70.70,0.452,4.174,0.346,banana,fresh
19981829,19762,92.45,854.00,70.70,0.452,4.174,0.346,banana,fresh
19982840,19763,92.65,853.95,70.60,0.453,4.174,0.345,banana,fresh
19983851,19764,92.50,853.95,70.80,0.452,4.174,0.346,banana,fresh
19984863,19765,92.60,854.00,70.60,0.453,4.174,0.345,banana,fresh
19985873,19766,92.45,853.95,70.80,0.452,4.174,0.346,banana,fresh
19986885,19767,92.50,854.00,70.60,0.452,4.174,0.345,banana,fresh
19987896,19768,92.50,854.00,70.65,0.452,4.174,0.345,banana,fresh
19988907,19769,92.60,854.00,70.30,0.453,4.174,0.344,banana,fresh
19989918,19770,92.65,854.00,70.85,0.453,4.174,0.346,banana,fresh
19990929,19771,92.60,853.95,70.60,0.453,4.174,0.345,banana,fresh
19991941,19772,92.55,854.00,70.65,0.452,4.174,0.345,banana,fresh
19992951,19773,92.75,854.00,70.60,0.453,4.174,0.345,banana,fresh
19993963,19774,92.55,854.00,70.75,0.452,4.174,0.346,banana,fresh
19994974,19775,92.60,854.00,70.65,0.453,4.174,0.345,banana,fresh
19995984,19776,92.60,854.00,70.65,0.453,4.174,0.345,banana,fresh
19996996,19777,92.45,854.00,70.75,0.452,4.174,0.346,banana,fresh
19998007,19778,92.60,854.00,70.65,0.453,4.174,0.345,banana,fresh
19999019,19779,92.60,854.00,70.70,0.453,4.174,0.346,banana,fresh
20000029,19780,92.45,854.00,70.85,0.452,4.174,0.346,banana,fresh
20001041,19781,92.75,854.00,70.85,0.453,4.174,0.346,banana,fresh
20002052,19782,92.65,854.00,70.65,0.453,4.174,0.345,banana,fresh
20003062,19783,92.50,854.00,70.65,0.452,4.174,0.345,banana,fresh
20004074,19784,92.50,854.00,70.60,0.452,4.174,0.345,banana,fresh
20005085,19785,92.50,854.00,70.65,0.452,4.174,0.345,banana,fresh
20006096,19786,92.50,854.00,70.75,0.452,4.174,0.346,banana,fresh
20007107,19787,92.60,854.00,70.65,0.453,4.174,0.345,banana,fresh
20008119,19788,92.65,854.00,70.65,0.453,4.174,0.345,banana,fresh
20009129,19789,92.55,854.05,70.75,0.452,4.174,0.346,banana,fresh
20010141,19790,92.60,854.00,70.70,0.453,4.174,0.346,banana,fresh
20011152,19791,92.60,854.00,70.80,0.453,4.174,0.346,banana,fresh
20012163,19792,92.65,854.00,70.60,0.453,4.174,0.345,banana,fresh
20013174,19793,92.70,854.05,70.55,0.453,4.174,0.345,banana,fresh
20014185,19794,92.65,854.00,70.65,0.453,4.174,0.345,banana,fresh
20015197,19795,92.75,854.00,70.70,0.453,4.174,0.346,banana,fresh
20016207,19796,92.60,854.00,70.75,0.453,4.174,0.346,banana,fresh
20017219,19797,92.65,854.00,70.55,0.453,4.174,0.345,banana,fresh
20018230,19798,92.45,854.00,70.55,0.452,4.174,0.345,banana,fresh
20019240,19799,92.50,854.00,70.65,0.452,4.174,0.345,banana,fresh
20020252,19800,92.45,854.00,70.65,0.452,4.174,0.345,banana,fresh
20021263,19801,92.50,853.95,70.75,0.452,4.174,0.346,banana,fresh
20022275,19802,92.60,854.00,70.90,0.453,4.174,0.347,banana,fresh
20023285,19803,92.55,854.00,70.60,0.452,4.174,0.345,banana,fresh
20024297,19804,92.40,854.00,70.65,0.452,4.174,0.345,banana,fresh
20025308,19805,92.55,854.00,70.60,0.452,4.174,0.345,banana,fresh
20026318,19806,92.75,854.00,70.65,0.453,4.174,0.345,banana,fresh
20027330,19807,92.70,854.00,70.55,0.453,4.174,0.345,banana,fresh
20028341,19808,92.55,854.00,70.80,0.452,4.174,0.346,banana,fresh
20029352,19809,92.55,854.00,70.75,0.452,4.174,0.346,banana,fresh
20030363,19810,92.75,854.00,70.65,0.453,4.174,0.345,banana,fresh
20031375,19811,92.60,854.00,70.55,0.453,4.174,0.345,banana,fresh
20032386,19812,92.30,854.05,70.80,0.451,4.174,0.346,banana,fresh
20033396,19813,92.50,854.00,70.60,0.452,4.174,0.345,banana,fresh
20034408,19814,92.40,854.00,70.75,0.452,4.174,0.346,banana,fresh
20035419,19815,92.60,854.00,70.75,0.453,4.174,0.346,banana,fresh
20036430,19816,92.55,854.00,70.50,0.452,4.174,0.345,banana,fresh
20037441,19817,92.70,854.00,70.85,0.453,4.174,0.346,banana,fresh
20038453,19818,92.55,854.00,70.45,0.452,4.174,0.344,banana,fresh
20039463,19819,92.55,854.00,70.75,0.452,4.174,0.346,banana,fresh
20040474,19820,92.50,854.00,70.60,0.452,4.174,0.345,banana,fresh
20041486,19821,92.70,854.00,70.60,0.453,4.174,0.345,banana,fresh
20042497,19822,92.60,854.05,70.70,0.453,4.174,0.346,banana,fresh
20043508,19823,92.50,854.00,70.70,0.452,4.174,0.346,banana,fresh
20044519,19824,92.55,854.00,70.70,0.452,4.174,0.346,banana,fresh
20045531,19825,92.45,854.00,70.55,0.452,4.174,0.345,banana,fresh
20046541,19826,92.45,854.00,70.75,0.452,4.174,0.346,banana,fresh
20047552,19827,92.75,854.00,70.75,0.453,4.174,0.346,banana,fresh
20048564,19828,92.40,854.00,70.75,0.452,4.174,0.346,banana,fresh
20049574,19829,92.65,854.00,70.80,0.453,4.174,0.346,banana,fresh
20050586,19830,92.55,853.95,70.80,0.452,4.174,0.346,banana,fresh
20051597,19831,92.70,854.00,70.65,0.453,4.174,0.345,banana,fresh
20052609,19832,92.65,854.00,70.65,0.453,4.174,0.345,banana,fresh
20053619,19833,92.75,853.95,70.70,0.453,4.174,0.346,banana,fresh
20054631,19834,92.75,854.00,70.75,0.453,4.174,0.346,banana,fresh
20055642,19835,92.50,854.00,70.75,0.452,4.174,0.346,banana,fresh
20056652,19836,92.65,854.00,70.70,0.453,4.174,0.346,banana,fresh
20057664,19837,92.60,854.05,70.75,0.453,4.174,0.346,banana,fresh
20058675,19838,92.50,854.00,70.75,0.452,4.174,0.346,banana,fresh
20059686,19839,92.60,854.05,70.60,0.453,4.174,0.345,banana,fresh
20060697,19840,92.70,854.00,70.65,0.453,4.174,0.345,banana,fresh
20061709,19841,92.45,854.00,70.85,0.452,4.174,0.346,banana,fresh
20062720,19842,92.70,854.00,70.70,0.453,4.174,0.346,banana,fresh
20063730,19843,92.75,854.00,70.80,0.453,4.174,0.346,banana,fresh
20064742,19844,92.70,854.05,70.60,0.453,4.174,0.345,banana,fresh
20065753,19845,92.50,854.00,70.85,0.452,4.174,0.346,banana,fresh
20066764,19846,92.65,854.05,70.80,0.453,4.174,0.346,banana,fresh
20067775,19847,92.40,854.00,70.75,0.452,4.174,0.346,banana,fresh
20068787,19848,92.70,854.00,70.60,0.453,4.174,0.345,banana,fresh
20069797,19849,92.60,854.00,70.70,0.453,4.174,0.346,banana,fresh
20070808,19850,92.55,854.00,70.70,0.452,4.174,0.346,banana,fresh
20071820,19851,92.60,854.00,70.55,0.453,4.174,0.345,banana,fresh
20072830,19852,92.50,854.00,70.80,0.452,4.174,0.346,banana,fresh
20073842,19853,92.40,854.00,70.90,0.452,4.174,0.347,banana,fresh
20074853,19854,92.50,854.00,70.85,0.452,4.174,0.346,banana,fresh
20075865,19855,92.45,854.00,70.65,0.452,4.174,0.345,banana,fresh
20076875,19856,92.75,854.00,70.75,0.453,4.174,0.346,banana,fresh
20077886,19857,92.55,854.00,70.60,0.452,4.174,0.345,banana,fresh
20078898,19858,92.60,854.05,70.80,0.453,4.174,0.346,banana,fresh
20079908,19859,92.45,854.00,70.75,0.452,4.174,0.346,banana,fresh
20080920,19860,92.70,854.00,70.50,0.453,4.174,0.345,banana,fresh
20081931,19861,92.55,853.95,70.65,0.452,4.174,0.345,banana,fresh
20082942,19862,92.60,854.05,70.75,0.453,4.174,0.346,banana,fresh
20083953,19863,92.70,854.00,70.60,0.453,4.174,0.345,banana,fresh
20084964,19864,92.60,854.00,70.75,0.453,4.174,0.346,banana,fresh
20085976,19865,92.80,854.00,70.75,0.454,4.174,0.346,banana,fresh
20086986,19866,92.55,854.00,70.75,0.452,4.174,0.346,banana,fresh
20087998,19867,92.70,854.00,70.85,0.453,4.174,0.346,banana,fresh
20089009,19868,92.40,854.00,70.75,0.452,4.174,0.346,banana,fresh
20090020,19869,92.60,854.00,70.55,0.453,4.174,0.345,banana,fresh
20091031,19870,92.60,854.00,70.80,0.453,4.174,0.346,banana,fresh
20092042,19871,92.65,854.00,70.70,0.453,4.174,0.346,banana,fresh
20093053,19872,92.55,854.00,70.80,0.452,4.174,0.346,banana,fresh
20094064,19873,92.45,854.05,70.80,0.452,4.174,0.346,banana,fresh
20095076,19874,92.70,854.00,70.80,0.453,4.174,0.346,banana,fresh
20096087,19875,92.50,854.00,70.80,0.452,4.174,0.346,banana,fresh
20097098,19876,92.55,854.00,70.65,0.452,4.174,0.345,banana,fresh
20098109,19877,92.60,854.00,70.85,0.453,4.174,0.346,banana,fresh
20099120,19878,92.55,854.00,70.60,0.452,4.174,0.345,banana,fresh
20100131,19879,92.80,854.00,70.90,0.454,4.174,0.347,banana,fresh
20101142,19880,92.60,854.00,70.80,0.453,4.174,0.346,banana,fresh
20102154,19881,92.65,854.00,70.85,0.453,4.174,0.346,banana,fresh
20103164,19882,92.70,854.00,70.65,0.453,4.174,0.345,banana,fresh
20104176,19883,92.60,854.00,70.65,0.453,4.174,0.345,banana,fresh
20105187,19884,92.70,854.00,70.60,0.453,4.174,0.345,banana,fresh
20106198,19885,92.55,854.00,70.70,0.452,4.174,0.346,banana,fresh
20107209,19886,92.70,854.00,70.65,0.453,4.174,0.345,banana,fresh
20108220,19887,92.55,854.00,70.70,0.452,4.174,0.346,banana,fresh
20109232,19888,92.55,854.00,70.90,0.452,4.174,0.347,banana,fresh
20110242,19889,92.50,854.00,70.90,0.452,4.174,0.347,banana,fresh
20111253,19890,92.55,854.00,70.65,0.452,4.174,0.345,banana,fresh
20112265,19891,92.80,854.00,70.70,0.454,4.174,0.346,banana,fresh
20113275,19892,92.65,854.00,70.80,0.453,4.174,0.346,banana,fresh
20114287,19893,92.50,854.00,70.85,0.452,4.174,0.346,banana,fresh
20115298,19894,92.50,854.00,70.85,0.452,4.174,0.346,banana,fresh
20116310,19895,92.60,854.00,70.85,0.453,4.174,0.346,banana,fresh
20117320,19896,92.60,854.00,70.80,0.453,4.174,0.346,banana,fresh
20118331,19897,92.60,854.00,70.75,0.453,4.174,0.346,banana,fresh
20119343,19898,92.55,854.00,70.85,0.452,4.174,0.346,banana,fresh
20120353,19899,92.70,854.00,70.75,0.453,4.174,0.346,banana,fresh
20121365,19900,92.60,854.05,70.60,0.453,4.174,0.345,banana,fresh
20122376,19901,92.60,854.00,70.60,0.453,4.174,0.345,banana,fresh
20123387,19902,92.65,854.00,70.85,0.453,4.174,0.346,banana,fresh
20124398,19903,92.60,854.00,70.50,0.453,4.174,0.345,banana,fresh
20125409,19904,92.60,854.05,70.75,0.453,4.174,0.346,banana,fresh
20126420,19905,92.55,854.00,70.80,0.452,4.174,0.346,banana,fresh
20127431,19906,92.50,854.00,70.85,0.452,4.174,0.346,banana,fresh
20128443,19907,92.65,854.00,70.80,0.453,4.174,0.346,banana,fresh
20129454,19908,92.85,854.00,70.75,0.454,4.174,0.346,banana,fresh
20130465,19909,92.65,854.00,70.75,0.453,4.174,0.346,banana,fresh
20131476,19910,92.65,854.05,70.80,0.453,4.174,0.346,banana,fresh
20132487,19911,92.35,854.00,70.55,0.451,4.174,0.345,banana,fresh
20133498,19912,92.60,854.00,70.60,0.453,4.174,0.345,banana,fresh
20134509,19913,92.75,854.05,70.75,0.453,4.174,0.346,banana,fresh
20135521,19914,92.60,854.00,70.70,0.453,4.174,0.346,banana,fresh
20136531,19915,92.75,854.00,70.65,0.453,4.174,0.345,banana,fresh
20137543,19916,92.65,854.10,70.80,0.453,4.174,0.346,banana,fresh
20138554,19917,92.50,854.00,70.75,0.452,4.174,0.346,banana,fresh
20139566,19918,92.65,854.00,70.70,0.453,4.174,0.346,banana,fresh
20140576,19919,92.70,854.05,70.65,0.453,4.174,0.345,banana,fresh
20141587,19920,92.70,854.00,70.90,0.453,4.174,0.347,banana,fresh
20142599,19921,92.80,854.00,70.65,0.454,4.174,0.345,banana,fresh
20143609,19922,92.75,854.00,70.70,0.453,4.174,0.346,banana,fresh
20144621,19923,92.50,854.00,70.90,0.452,4.174,0.347,banana,fresh
20145632,19924,92.60,854.05,70.85,0.453,4.174,0.346,banana,fresh
20146643,19925,92.55,854.00,70.75,0.452,4.174,0.346,banana,fresh
20147654,19926,92.60,854.05,70.65,0.453,4.174,0.345,banana,fresh
20148666,19927,92.50,854.00,70.90,0.452,4.174,0.347,banana,fresh
20149677,19928,92.60,854.00,70.80,0.453,4.174,0.346,banana,fresh
20150687,19929,92.70,854.00,70.90,0.453,4.174,0.347,banana,fresh
20151699,19930,92.45,853.95,70.85,0.452,4.174,0.346,banana,fresh
20152710,19931,92.60,854.00,70.90,0.453,4.174,0.347,banana,fresh
20153721,19932,92.45,854.00,70.65,0.452,4.174,0.345,banana,fresh
20154732,19933,92.70,854.00,70.75,0.453,4.174,0.346,banana,fresh
20155744,19934,92.55,854.00,70.85,0.452,4.174,0.346,banana,fresh
20156754,19935,92.60,854.00,70.65,0.453,4.174,0.345,banana,fresh
20157765,19936,92.55,854.00,70.65,0.452,4.174,0.345,banana,fresh
20158777,19937,92.65,854.00,70.70,0.453,4.174,0.346,banana,fresh
20159788,19938,92.50,854.00,70.75,0.452,4.174,0.346,banana,fresh
20160799,19939,92.55,854.00,70.70,0.452,4.174,0.346,banana,fresh
20161810,19940,92.45,854.00,70.65,0.452,4.174,0.345,banana,fresh
20162822,19941,92.65,854.00,70.75,0.453,4.174,0.346,banana,fresh
20163832,19942,92.80,854.00,70.70,0.454,4.174,0.346,banana,fresh
20164843,19943,92.70,854.00,70.65,0.453,4.174,0.345,banana,fresh
20165855,19944,92.65,854.00,70.70,0.453,4.174,0.346,banana,fresh
20166865,19945,92.55,854.00,70.85,0.452,4.174,0.346,banana,fresh
20167877,19946,92.50,854.00,70.65,0.452,4.174,0.345,banana,fresh
20168888,19947,92.75,854.00,70.95,0.453,4.174,0.347,banana,fresh
20169900,19948,92.65,854.00,70.90,0.453,4.174,0.347,banana,fresh
20170910,19949,92.55,854.00,70.75,0.452,4.174,0.346,banana,fresh
20171921,19950,92.65,854.00,70.80,0.453,4.174,0.346,banana,fresh
20172933,19951,92.50,854.00,70.75,0.452,4.174,0.346,banana,fresh
20173943,19952,92.45,853.95,70.90,0.452,4.174,0.347,banana,fresh
20174955,19953,92.75,854.00,70.75,0.453,4.174,0.346,banana,fresh
20175966,19954,92.60,854.00,70.80,0.453,4.174,0.346,banana,fresh
20176977,19955,92.55,854.00,70.85,0.452,4.174,0.346,banana,fresh
20177988,19956,92.60,854.05,70.60,0.453,4.174,0.345,banana,fresh
20178999,19957,92.70,854.00,70.95,0.453,4.174,0.347,banana,fresh
20180011,19958,92.70,854.00,70.80,0.453,4.174,0.346,banana,fresh
20181021,19959,92.60,854.00,70.85,0.453,4.174,0.346,banana,fresh
20182033,19960,92.65,854.05,70.80,0.453,4.174,0.346,banana,fresh
20183044,19961,92.60,854.00,70.55,0.453,4.174,0.345,banana,fresh
20184055,19962,92.70,854.00,70.65,0.453,4.174,0.345,banana,fresh
20185066,19963,92.60,854.00,70.60,0.453,4.174,0.345,banana,fresh
20186077,19964,92.60,854.00,70.80,0.453,4.174,0.346,banana,fresh
20187088,19965,92.70,854.00,70.80,0.453,4.174,0.346,banana,fresh
20188099,19966,92.75,854.00,70.85,0.453,4.174,0.346,banana,fresh
20189111,19967,92.75,854.05,70.85,0.453,4.174,0.346,banana,fresh
20190121,19968,92.70,854.05,70.85,0.453,4.174,0.346,banana,fresh
20191133,19969,92.65,854.05,70.65,0.453,4.174,0.345,banana,fresh
20192144,19970,92.65,854.00,70.85,0.453,4.174,0.346,banana,fresh
20193155,19971,92.75,854.00,70.80,0.453,4.174,0.346,banana,fresh
20194166,19972,92.65,854.00,70.70,0.453,4.174,0.346,banana,fresh
20195177,19973,92.60,854.00,70.65,0.453,4.174,0.345,banana,fresh
20196189,19974,92.55,854.00,70.90,0.452,4.174,0.347,banana,fresh
20197199,19975,92.60,854.00,70.80,0.453,4.174,0.346,banana,fresh
20198211,19976,92.65,854.10,70.85,0.453,4.174,0.346,banana,fresh
20199222,19977,92.70,854.00,70.75,0.453,4.174,0.346,banana,fresh
20200233,19978,92.65,854.05,70.80,0.453,4.174,0.346,banana,fresh
20201244,19979,92.75,854.00,70.70,0.453,4.174,0.346,banana,fresh
20202255,19980,92.80,854.00,70.80,0.454,4.174,0.346,banana,fresh
20203267,19981,92.70,854.00,70.80,0.453,4.174,0.346,banana,fresh
20204277,19982,92.80,854.00,70.75,0.454,4.174,0.346,banana,fresh
20205289,19983,92.70,854.05,70.60,0.453,4.174,0.345,banana,fresh
20206300,19984,92.55,854.00,70.85,0.452,4.174,0.346,banana,fresh
20207311,19985,92.70,854.00,70.85,0.453,4.174,0.346,banana,fresh
20208322,19986,92.70,854.00,70.80,0.453,4.174,0.346,banana,fresh
20209333,19987,92.70,854.00,70.85,0.453,4.174,0.346,banana,fresh
20210344,19988,92.60,854.00,70.80,0.453,4.174,0.346,banana,fresh
20211355,19989,92.60,854.00,70.85,0.453,4.174,0.346,banana,fresh
20212367,19990,92.70,854.00,70.60,0.453,4.174,0.345,banana,fresh
20213378,19991,92.60,854.00,70.80,0.453,4.174,0.346,banana,fresh
20214389,19992,92.70,854.05,70.70,0.453,4.174,0.346,banana,fresh
20215400,19993,92.65,854.05,70.50,0.453,4.174,0.345,banana,fresh
20216411,19994,92.60,854.00,70.90,0.453,4.174,0.347,banana,fresh
20217422,19995,92.70,854.00,70.80,0.453,4.174,0.346,banana,fresh
20218433,19996,92.65,854.05,70.95,0.453,4.174,0.347,banana,fresh
20219445,19997,92.75,854.05,70.65,0.453,4.174,0.345,banana,fresh
20220455,19998,92.65,854.00,70.65,0.453,4.174,0.345,banana,fresh
20221467,19999,92.85,854.00,70.70,0.454,4.174,0.346,banana,fresh
20222478,20000,92.50,854.00,70.70,0.452,4.174,0.346,banana,fresh
20223489,20001,92.70,854.00,70.95,0.453,4.174,0.347,banana,fresh
20224500,20002,92.65,854.00,70.85,0.453,4.174,0.346,banana,fresh
20225511,20003,92.70,853.95,70.85,0.453,4.174,0.346,banana,fresh
20226523,20004,92.70,854.00,70.95,0.453,4.174,0.347,banana,fresh
20227533,20005,92.45,854.00,70.85,0.452,4.174,0.346,banana,fresh
20228545,20006,92.65,854.05,70.90,0.453,4.174,0.347,banana,fresh
20229556,20007,92.65,854.05,70.85,0.453,4.174,0.346,banana,fresh
20230567,20008,92.80,854.00,70.75,0.454,4.174,0.346,banana,fresh
20231578,20009,92.65,854.00,70.85,0.453,4.174,0.346,banana,fresh
20232589,20010,92.60,854.00,70.90,0.453,4.174,0.347,banana,fresh
20233601,20011,92.65,854.00,70.70,0.453,4.174,0.346,banana,fresh
20234611,20012,92.75,854.00,70.85,0.453,4.174,0.346,banana,fresh
20235623,20013,92.55,854.00,70.85,0.452,4.174,0.346,banana,fresh
20236634,20014,92.75,854.00,70.65,0.453,4.174,0.345,banana,fresh
20237645,20015,92.90,854.00,70.90,0.454,4.174,0.347,banana,fresh
20238656,20016,92.65,854.05,70.85,0.453,4.174,0.346,banana,fresh
20239667,20017,92.50,854.05,70.85,0.452,4.174,0.346,banana,fresh
20240678,20018,92.60,854.00,70.95,0.453,4.174,0.347,banana,fresh
20241689,20019,92.80,854.00,70.90,0.454,4.174,0.347,banana,fresh
20242701,20020,92.75,854.00,70.85,0.453,4.174,0.346,banana,fresh
20243712,20021,92.85,854.10,70.85,0.454,4.174,0.346,banana,fresh
20244723,20022,92.65,854.00,70.90,0.453,4.174,0.347,banana,fresh
20245734,20023,92.60,854.00,70.80,0.453,4.174,0.346,banana,fresh
20246745,20024,92.65,854.00,70.80,0.453,4.174,0.346,banana,fresh
20247756,20025,92.45,854.00,70.90,0.452,4.174,0.347,banana,fresh
20248767,20026,92.80,854.00,70.80,0.454,4.174,0.346,banana,fresh
20249779,20027,92.75,854.05,70.75,0.453,4.174,0.346,banana,fresh
20250789,20028,92.75,854.00,70.90,0.453,4.174,0.347,banana,fresh
20251801,20029,92.80,854.00,70.75,0.454,4.174,0.346,banana,fresh
20252812,20030,92.65,854.10,70.90,0.453,4.174,0.347,banana,fresh
20253822,20031,92.70,854.05,70.75,0.453,4.174,0.346,banana,fresh
20254834,20032,92.80,854.05,70.75,0.454,4.174,0.346,banana,fresh
20255845,20033,92.90,854.05,70.90,0.454,4.174,0.347,banana,fresh
20256857,20034,92.70,854.00,71.00,0.453,4.174,0.347,banana,fresh
20257867,20035,92.60,854.05,70.90,0.453,4.174,0.347,banana,fresh
20258879,20036,92.75,854.05,70.85,0.453,4.174,0.346,banana,fresh
20259890,20037,92.80,854.05,70.85,0.454,4.174,0.346,banana,fresh
20260900,20038,92.60,854.00,70.85,0.453,4.174,0.346,banana,fresh
20261912,20039,92.70,854.00,70.85,0.453,4.174,0.346,banana,fresh
20262923,20040,92.65,854.05,70.85,0.453,4.174,0.346,banana,fresh
20263934,20041,92.70,854.00,70.90,0.453,4.174,0.347,banana,fresh
20264945,20042,92.80,854.00,70.85,0.454,4.174,0.346,banana,fresh
20265957,20043,92.65,854.05,70.90,0.453,4.174,0.347,banana,fresh
20266968,20044,92.85,854.00,70.80,0.454,4.174,0.346,banana,fresh
20267978,20045,92.60,854.05,70.90,0.453,4.174,0.347,banana,fresh
20268990,20046,92.70,854.05,70.90,0.453,4.174,0.347,banana,fresh
20270001,20047,92.85,854.00,70.85,0.454,4.174,0.346,banana,fresh
20271012,20048,92.75,854.00,70.90,0.453,4.174,0.347,banana,fresh
20272023,20049,92.65,854.00,70.85,0.453,4.174,0.346,banana,fresh
20273035,20050,92.85,854.00,70.85,0.454,4.174,0.346,banana,fresh
20274045,20051,92.65,854.00,70.80,0.453,4.174,0.346,banana,fresh
20275056,20052,92.85,854.05,70.95,0.454,4.174,0.347,banana,fresh
20276068,20053,92.75,854.00,70.95,0.453,4.174,0.347,banana,fresh
20277079,20054,92.85,854.00,70.85,0.454,4.174,0.346,banana,fresh
20278090,20055,92.80,854.00,70.80,0.454,4.174,0.346,banana,fresh
20279101,20056,92.85,854.05,70.95,0.454,4.174,0.347,banana,fresh
20280113,20057,92.85,854.00,70.85,0.454,4.174,0.346,banana,fresh
20281123,20058,92.70,854.00,70.85,0.453,4.174,0.346,banana,fresh
20282134,20059,92.75,854.05,70.85,0.453,4.174,0.346,banana,fresh
20283146,20060,92.85,854.05,70.80,0.454,4.174,0.346,banana,fresh
20284156,20061,92.80,854.05,70.80,0.454,4.174,0.346,banana,fresh
20285168,20062,92.80,854.00,70.85,0.454,4.174,0.346,banana,fresh
20286179,20063,92.95,854.00,70.80,0.454,4.174,0.346,banana,fresh
20287191,20064,92.85,854.00,70.85,0.454,4.174,0.346,banana,fresh
20288201,20065,92.80,854.00,71.00,0.454,4.174,0.347,banana,fresh
20289213,20066,92.90,854.00,70.90,0.454,4.174,0.347,banana,fresh
20290224,20067,92.80,854.00,70.95,0.454,4.174,0.347,banana,fresh
20291234,20068,92.90,854.15,71.00,0.454,4.175,0.347,banana,fresh
20292246,20069,92.85,854.05,70.80,0.454,4.174,0.346,banana,fresh
20293257,20070,92.75,854.00,70.80,0.453,4.174,0.346,banana,fresh
20294268,20071,92.75,854.05,71.00,0.453,4.174,0.347,banana,fresh
20295279,20072,92.80,854.00,70.95,0.454,4.174,0.347,banana,fresh
20296291,20073,92.90,854.10,70.95,0.454,4.174,0.347,banana,fresh
20297302,20074,92.95,854.10,70.90,0.454,4.174,0.347,banana,fresh
20298312,20075,92.75,854.05,70.75,0.453,4.174,0.346,banana,fresh
20299324,20076,92.70,854.00,70.85,0.453,4.174,0.346,banana,fresh
20300335,20077,92.75,854.00,70.95,0.453,4.174,0.347,banana,fresh
20301346,20078,92.75,854.00,70.85,0.453,4.174,0.346,banana,fresh
20302357,20079,92.70,854.05,70.95,0.453,4.174,0.347,banana,fresh
20303369,20080,92.85,854.00,70.85,0.454,4.174,0.346,banana,fresh
20304379,20081,92.80,854.00,70.75,0.454,4.174,0.346,banana,fresh
20305390,20082,92.70,854.00,70.90,0.453,4.174,0.347,banana,fresh
20306402,20083,92.90,854.00,70.90,0.454,4.174,0.347,banana,fresh
20307412,20084,92.75,854.00,70.90,0.453,4.174,0.347,banana,fresh
20308424,20085,92.85,854.05,70.85,0.454,4.174,0.346,banana,fresh
20309435,20086,92.75,854.00,71.00,0.453,4.174,0.347,banana,fresh
20310447,20087,92.95,854.05,70.90,0.454,4.174,0.347,banana,fresh
20311457,20088,92.70,854.00,70.95,0.453,4.174,0.347,banana,fresh
20312468,20089,92.90,854.10,70.95,0.454,4.174,0.347,banana,fresh
20313480,20090,92.80,854.00,70.80,0.454,4.174,0.346,banana,fresh
20314490,20091,92.90,854.05,70.85,0.454,4.174,0.346,banana,fresh
20315502,20092,92.80,854.00,70.90,0.454,4.174,0.347,banana,fresh
20316513,20093,92.90,854.15,70.95,0.454,4.175,0.347,banana,fresh
20317524,20094,92.80,854.00,70.80,0.454,4.174,0.346,banana,fresh
20318535,20095,92.70,854.05,70.95,0.453,4.174,0.347,banana,fresh
20319547,20096,92.85,854.00,70.95,0.454,4.174,0.347,banana,fresh
20320558,20097,92.85,854.10,70.85,0.454,4.174,0.346,banana,fresh
20321568,20098,92.75,854.00,70.90,0.453,4.174,0.347,banana,fresh
20322580,20099,92.60,854.05,70.95,0.453,4.174,0.347,banana,fresh
20323591,20100,92.85,854.00,70.90,0.454,4.174,0.347,banana,fresh
20324602,20101,92.90,854.00,70.85,0.454,4.174,0.346,banana,fresh
20325613,20102,92.60,854.05,71.00,0.453,4.174,0.347,banana,fresh
20326625,20103,92.80,854.00,71.00,0.454,4.174,0.347,banana,fresh
20327635,20104,92.70,854.00,71.00,0.453,4.174,0.347,banana,fresh
20328646,20105,92.75,854.10,70.95,0.453,4.174,0.347,banana,fresh
20329658,20106,92.80,854.00,70.85,0.454,4.174,0.346,banana,fresh
20330669,20107,92.85,854.05,70.80,0.454,4.174,0.346,banana,fresh
20331680,20108,92.75,854.00,70.85,0.453,4.174,0.346,banana,fresh
20332691,20109,92.85,854.00,70.95,0.454,4.174,0.347,banana,fresh
20333703,20110,92.85,854.00,70.90,0.454,4.174,0.347,banana,fresh
20334713,20111,92.95,854.00,70.90,0.454,4.174,0.347,banana,fresh
20335724,20112,92.80,854.00,70.90,0.454,4.174,0.347,banana,fresh
20336736,20113,92.75,854.05,70.95,0.453,4.174,0.347,banana,fresh
20337746,20114,92.95,854.05,70.90,0.454,4.174,0.347,banana,fresh
20338758,20115,92.80,854.00,70.90,0.454,4.174,0.347,banana,fresh
20339769,20116,92.90,854.00,70.85,0.454,4.174,0.346,banana,fresh
20340781,20117,92.80,854.00,70.95,0.454,4.174,0.347,banana,fresh
20341791,20118,92.80,854.15,70.90,0.454,4.175,0.347,banana,fresh
20342802,20119,92.80,854.05,70.65,0.454,4.174,0.345,banana,fresh
20343814,20120,92.85,854.05,70.85,0.454,4.174,0.346,banana,fresh
20344824,20121,92.80,854.10,70.80,0.454,4.174,0.346,banana,fresh
20345836,20122,93.00,854.10,70.85,0.455,4.174,0.346,banana,fresh
20346847,20123,92.85,854.05,70.90,0.454,4.174,0.347,banana,fresh
20347858,20124,92.85,854.10,70.75,0.454,4.174,0.346,banana,fresh
20348869,20125,92.95,854.00,70.95,0.454,4.174,0.347,banana,fresh
20349880,20126,92.80,854.00,70.90,0.454,4.174,0.347,banana,fresh
20350892,20127,92.75,854.10,71.00,0.453,4.174,0.347,banana,fresh
20351902,20128,92.80,854.05,70.95,0.454,4.174,0.347,banana,fresh
20352914,20129,92.90,854.05,70.85,0.454,4.174,0.346,banana,fresh
20353925,20130,92.90,854.10,70.80,0.454,4.174,0.346,banana,fresh
20354936,20131,92.85,854.00,70.80,0.454,4.174,0.346,banana,fresh
20355947,20132,92.65,854.00,70.90,0.453,4.174,0.347,banana,fresh
20356958,20133,92.95,854.05,70.90,0.454,4.174,0.347,banana,fresh
20357969,20134,92.90,854.00,70.90,0.454,4.174,0.347,banana,fresh
20358980,20135,92.85,854.00,70.95,0.454,4.174,0.347,banana,fresh
20359992,20136,92.95,854.00,70.95,0.454,4.174,0.347,banana,fresh
20361003,20137,92.85,854.00,70.95,0.454,4.174,0.347,banana,fresh
20362014,20138,93.00,854.05,70.95,0.455,4.174,0.347,banana,fresh
20363025,20139,92.95,854.00,70.90,0.454,4.174,0.347,banana,fresh
20364036,20140,92.95,854.00,70.95,0.454,4.174,0.347,banana,fresh
20365047,20141,92.85,854.00,71.00,0.454,4.174,0.347,banana,fresh
20366058,20142,92.85,854.00,70.90,0.454,4.174,0.347,banana,fresh
20367070,20143,92.80,854.00,70.95,0.454,4.174,0.347,banana,fresh
20368080,20144,92.90,854.00,70.90,0.454,4.174,0.347,banana,fresh
20369092,20145,92.95,854.05,70.90,0.454,4.174,0.347,banana,fresh
20370103,20146,92.90,854.00,70.85,0.454,4.174,0.346,banana,fresh
20371115,20147,92.95,854.10,71.00,0.454,4.174,0.347,banana,fresh
20372125,20148,92.65,854.00,71.00,0.453,4.174,0.347,banana,fresh
20373136,20149,92.95,854.05,71.00,0.454,4.174,0.347,banana,fresh
20374148,20150,92.90,854.00,71.00,0.454,4.174,0.347,banana,fresh
20375158,20151,93.00,854.00,70.95,0.455,4.174,0.347,banana,fresh
20376170,20152,92.95,854.00,70.95,0.454,4.174,0.347,banana,fresh
20377181,20153,92.90,854.00,70.95,0.454,4.174,0.347,banana,fresh
20378192,20154,93.00,854.10,70.80,0.455,4.174,0.346,banana,fresh
20379203,20155,92.90,854.00,71.00,0.454,4.174,0.347,banana,fresh
20380214,20156,92.95,854.05,70.90,0.454,4.174,0.347,banana,fresh
20381225,20157,92.95,854.00,70.95,0.454,4.174,0.347,banana,fresh
20382236,20158,92.90,854.00,70.95,0.454,4.174,0.347,banana,fresh
20383248,20159,93.00,854.00,70.90,0.455,4.174,0.347,banana,fresh
20384259,20160,92.90,854.05,70.80,0.454,4.174,0.346,banana,fresh
20385269,20161,93.00,854.10,71.00,0.455,4.174,0.347,banana,fresh
20386281,20162,92.90,854.05,70.85,0.454,4.174,0.346,banana,fresh
20387292,20163,92.90,854.05,70.95,0.454,4.174,0.347,banana,fresh
20388303,20164,93.00,854.00,71.00,0.455,4.174,0.347,banana,fresh
20389314,20165,92.85,854.05,70.85,0.454,4.174,0.346,banana,fresh
20390326,20166,92.95,854.05,70.95,0.454,4.174,0.347,banana,fresh
20391336,20167,92.90,854.05,70.95,0.454,4.174,0.347,banana,fresh
20392347,20168,93.00,854.00,71.00,0.455,4.174,0.347,banana,fresh
20393359,20169,92.75,854.05,71.00,0.453,4.174,0.347,banana,fresh
20394370,20170,93.00,854.00,70.95,0.455,4.174,0.347,banana,fresh
20395381,20171,92.80,854.00,70.95,0.454,4.174,0.347,banana,fresh
20396392,20172,92.95,854.05,70.95,0.454,4.174,0.347,banana,fresh
20397404,20173,92.95,854.05,70.90,0.454,4.174,0.347,banana,fresh
20398414,20174,92.90,854.05,70.95,0.454,4.174,0.347,banana,fresh
20399425,20175,92.90,854.00,70.95,0.454,4.174,0.347,banana,fresh
20400437,20176,92.95,854.00,71.00,0.454,4.174,0.347,banana,fresh
20401447,20177,92.95,854.00,70.90,0.454,4.174,0.347,banana,fresh
20402459,20178,92.90,854.05,71.00,0.454,4.174,0.347,banana,fresh
20403470,20179,92.90,854.10,70.90,0.454,4.174,0.347,banana,fresh
20404482,20180,93.00,854.05,70.95,0.455,4.174,0.347,banana,fresh
20405492,20181,92.95,854.00,70.90,0.454,4.174,0.347,banana,fresh
20406503,20182,92.95,854.05,70.95,0.454,4.174,0.347,banana,fresh
20407515,20183,93.00,854.00,70.85,0.455,4.174,0.346,banana,fresh
20408525,20184,93.00,854.10,70.90,0.455,4.174,0.347,banana,fresh
20409537,20185,92.95,854.05,70.95,0.454,4.174,0.347,banana,fresh
20410548,20186,92.85,854.00,70.95,0.454,4.174,0.347,banana,fresh
20411559,20187,92.90,854.00,70.90,0.454,4.174,0.347,banana,fresh
20412570,20188,93.00,854.05,71.00,0.455,4.174,0.347,banana,fresh
20413581,20189,92.95,854.15,70.95,0.454,4.175,0.347,banana,fresh
20414593,20190,93.00,854.00,70.95,0.455,4.174,0.347,banana,fresh
20415603,20191,92.95,854.15,70.95,0.454,4.175,0.347,banana,fresh
20416615,20192,92.95,854.00,71.00,0.454,4.174,0.347,banana,fresh
20417626,20193,93.00,854.00,70.95,0.455,4.174,0.347,banana,fresh
20418637,20194,93.00,854.00,71.00,0.455,4.174,0.347,banana,fresh
20419648,20195,92.95,854.05,71.00,0.454,4.174,0.347,banana,fresh
20420659,20196,92.95,854.00,70.90,0.454,4.174,0.347,banana,fresh
20421670,20197,93.00,854.05,70.95,0.455,4.174,0.347,banana,fresh
20422681,20198,93.00,854.00,70.95,0.455,4.174,0.347,banana,fresh
20423693,20199,92.95,854.00,70.95,0.454,4.174,0.347,banana,fresh
20424704,20200,93.00,854.00,70.90,0.455,4.174,0.347,banana,fresh
20425715,20201,93.00,854.05,70.95,0.455,4.174,0.347,banana,fresh
20426726,20202,93.00,854.00,70.90,0.455,4.174,0.347,banana,fresh
20427737,20203,92.95,854.00,70.95,0.454,4.174,0.347,banana,fresh
20428748,20204,93.00,854.05,70.95,0.455,4.174,0.347,banana,fresh
20429759,20205,93.00,854.00,71.00,0.455,4.174,0.347,banana,fresh
20430771,20206,92.95,854.10,71.00,0.454,4.174,0.347,banana,fresh
20431781,20207,93.00,854.00,71.00,0.455,4.174,0.347,banana,fresh
20432792,20208,92.95,854.00,70.95,0.454,4.174,0.347,banana,fresh
20433804,20209,92.95,854.05,71.00,0.454,4.174,0.347,banana,fresh
20434814,20210,93.00,854.05,70.90,0.455,4.174,0.347,banana,fresh
20435826,20211,92.95,854.05,71.00,0.454,4.174,0.347,banana,fresh
20436837,20212,93.00,854.10,71.00,0.455,4.174,0.347,banana,fresh
20437849,20213,92.95,854.05,71.00,0.454,4.174,0.347,banana,fresh
20438859,20214,93.00,854.00,70.95,0.455,4.174,0.347,banana,fresh
20439870,20215,92.95,854.00,71.00,0.454,4.174,0.347,banana,fresh
20440882,20216,92.90,854.00,70.95,0.454,4.174,0.347,banana,fresh
20441892,20217,93.00,854.00,71.00,0.455,4.174,0.347,banana,fresh
20442904,20218,92.90,854.05,70.85,0.454,4.174,0.346,banana,fresh
20443915,20219,92.95,854.00,71.00,0.454,4.174,0.347,banana,fresh
20444926,20220,92.95,854.00,71.00,0.454,4.174,0.347,banana,fresh
20445937,20221,92.95,854.20,71.00,0.454,4.175,0.347,banana,fresh
20446948,20222,92.95,854.05,70.95,0.454,4.174,0.347,banana,fresh
20447960,20223,92.90,854.10,71.00,0.454,4.174,0.347,banana,fresh
20448970,20224,93.00,854.00,71.00,0.455,4.174,0.347,banana,fresh
20449982,20225,93.00,854.00,70.95,0.455,4.174,0.347,banana,fresh
20450993,20226,93.00,854.00,70.95,0.455,4.174,0.347,banana,fresh
20452004,20227,93.00,854.05,70.90,0.455,4.174,0.347,banana,fresh
20453015,20228,93.00,854.00,71.00,0.455,4.174,0.347,banana,fresh
20454026,20229,93.00,854.00,71.00,0.455,4.174,0.347,banana,fresh
20455037,20230,93.00,854.05,70.95,0.455,4.174,0.347,banana,fresh
20456048,20231,93.00,854.10,71.00,0.455,4.174,0.347,banana,fresh
20457060,20232,92.90,854.00,71.00,0.454,4.174,0.347,banana,fresh
20458071,20233,92.95,854.05,71.00,0.454,4.174,0.347,banana,fresh
20459082,20234,93.00,854.00,71.00,0.455,4.174,0.347,banana,fresh
20460093,20235,93.00,854.00,71.00,0.455,4.174,0.347,banana,fresh
20461104,20236,93.00,854.00,71.00,0.455,4.174,0.347,banana,fresh
20462115,20237,92.95,854.05,71.00,0.454,4.174,0.347,banana,fresh
20463126,20238,93.00,854.00,71.00,0.455,4.174,0.347,banana,fresh
20464138,20239,93.00,854.00,71.00,0.455,4.174,0.347,banana,fresh
20465148,20240,92.95,854.00,71.00,0.454,4.174,0.347,banana,fresh
20466159,20241,93.00,854.00,70.95,0.455,4.174,0.347,banana,fresh
20467171,20242,92.95,854.10,71.00,0.454,4.174,0.347,banana,fresh
20468182,20243,93.00,854.05,70.90,0.455,4.174,0.347,banana,fresh
20469193,20244,93.00,854.00,71.00,0.455,4.174,0.347,banana,fresh
20470204,20245,92.95,854.10,71.00,0.454,4.174,0.347,banana,fresh
20471216,20246,93.00,854.00,70.95,0.455,4.174,0.347,banana,fresh
20472226,20247,93.00,854.00,71.00,0.455,4.174,0.347,banana,fresh
20473237,20248,92.95,854.05,71.00,0.454,4.174,0.347,banana,fresh
20474249,20249,93.00,854.00,71.00,0.455,4.174,0.347,banana,fresh
20475259,20250,93.00,854.00,71.00,0.455,4.174,0.347,banana,fresh
20476271,20251,93.00,854.05,70.95,0.455,4.174,0.347,banana,fresh
20477282,20252,93.00,854.00,70.95,0.455,4.174,0.347,banana,fresh
20478294,20253,93.00,854.00,70.95,0.455,4.174,0.347,banana,fresh
20479304,20254,93.00,854.05,70.95,0.455,4.174,0.347,banana,fresh
20480315,20255,92.95,854.05,71.00,0.454,4.174,0.347,banana,fresh
20481327,20256,92.95,854.00,70.95,0.454,4.174,0.347,banana,fresh
20482337,20257,93.00,854.10,70.90,0.455,4.174,0.347,banana,fresh
20483349,20258,93.00,854.05,70.95,0.455,4.174,0.347,banana,fresh
20484360,20259,93.00,854.00,71.00,0.455,4.174,0.347,banana,fresh
20485371,20260,92.95,854.05,70.95,0.454,4.174,0.347,banana,fresh
20486382,20261,93.00,854.00,70.95,0.455,4.174,0.347,banana,fresh
20487393,20262,93.00,854.05,71.00,0.455,4.174,0.347,banana,fresh
20488404,20263,93.00,854.00,71.00,0.455,4.174,0.347,banana,fresh
20489415,20264,93.00,854.00,71.00,0.455,4.174,0.347,banana,fresh
20490427,20265,92.90,854.05,71.00,0.454,4.174,0.347,banana,fresh
20491438,20266,92.95,854.05,70.95,0.454,4.174,0.347,banana,fresh
20492448,20267,92.95,854.05,70.90,0.454,4.174,0.347,banana,fresh
20493460,20268,93.05,854.00,71.00,0.455,4.174,0.347,banana,fresh
20494471,20269,93.00,854.00,70.95,0.455,4.174,0.347,banana,fresh
20495482,20270,93.00,854.05,71.00,0.455,4.174,0.347,banana,fresh
20496493,20271,93.00,854.00,70.95,0.455,4.174,0.347,banana,fresh
20497505,20272,93.00,854.10,71.00,0.455,4.174,0.347,banana,fresh
20498515,20273,93.00,854.05,70.95,0.455,4.174,0.347,banana,fresh
20499526,20274,92.95,854.05,71.00,0.454,4.174,0.347,banana,fresh
20500538,20275,93.00,854.05,70.95,0.455,4.174,0.347,banana,fresh
20501549,20276,93.05,854.00,70.95,0.455,4.174,0.347,banana,fresh
20502560,20277,93.00,854.00,70.95,0.455,4.174,0.347,banana,fresh
20503571,20278,93.00,854.00,71.00,0.455,4.174,0.347,banana,fresh
20504583,20279,93.05,854.00,70.95,0.455,4.174,0.347,banana,fresh
20505593,20280,93.00,854.00,70.95,0.455,4.174,0.347,banana,fresh
20506604,20281,93.00,854.05,71.00,0.455,4.174,0.347,banana,fresh
20507616,20282,92.95,854.00,70.95,0.454,4.174,0.347,banana,fresh
20508626,20283,93.00,854.00,70.95,0.455,4.174,0.347,banana,fresh
20509638,20284,93.00,854.05,71.00,0.455,4.174,0.347,banana,fresh
20510649,20285,93.00,854.05,70.95,0.455,4.174,0.347,banana,fresh
20511661,20286,93.00,854.05,71.00,0.455,4.174,0.347,banana,fresh
20512671,20287,92.95,854.00,70.95,0.454,4.174,0.347,banana,fresh
20513682,20288,93.05,854.00,71.00,0.455,4.174,0.347,banana,fresh
20514694,20289,93.00,854.05,70.95,0.455,4.174,0.347,banana,fresh
20515704,20290,93.00,854.00,71.00,0.455,4.174,0.347,banana,fresh
20516716,20291,92.95,854.15,71.00,0.454,4.175,0.347,banana,fresh
20517727,20292,93.00,854.00,70.95,0.455,4.174,0.347,banana,fresh
20518738,20293,93.00,854.00,71.00,0.455,4.174,0.347,banana,fresh
20519749,20294,92.95,854.00,71.00,0.454,4.174,0.347,banana,fresh
20520760,20295,93.00,854.10,71.00,0.455,4.174,0.347,banana,fresh
20521772,20296,93.05,854.10,71.00,0.455,4.174,0.347,banana,fresh
20522782,20297,93.00,854.10,70.95,0.455,4.174,0.347,banana,fresh
20523794,20298,93.00,854.00,71.00,0.455,4.174,0.347,banana,fresh
20524805,20299,93.00,854.00,71.00,0.455,4.174,0.347,banana,fresh
20525815,20300,93.00,854.00,71.00,0.455,4.174,0.347,banana,fresh
20526827,20301,93.00,854.00,70.95,0.455,4.174,0.347,banana,fresh
20527838,20302,93.00,854.05,71.00,0.455,4.174,0.347,banana,fresh
20528849,20303,93.00,854.00,71.00,0.455,4.174,0.347,banana,fresh
20529860,20304,93.10,854.20,71.00,0.455,4.175,0.347,banana,fresh
20530872,20305,93.00,854.00,71.00,0.455,4.174,0.347,banana,fresh
20531883,20306,93.00,854.00,70.95,0.455,4.174,0.347,banana,fresh
20532893,20307,93.00,854.05,71.05,0.455,4.174,0.347,banana,fresh
20533905,20308,93.00,854.00,70.95,0.455,4.174,0.347,banana,fresh
20534916,20309,93.00,854.00,70.90,0.455,4.174,0.347,banana,fresh
20535927,20310,93.00,854.10,71.00,0.455,4.174,0.347,banana,fresh
20536938,20311,93.05,854.00,71.00,0.455,4.174,0.347,banana,fresh
20537949,20312,93.00,854.10,70.95,0.455,4.174,0.347,banana,fresh
20538960,20313,93.00,854.05,70.95,0.455,4.174,0.347,banana,fresh
20539971,20314,93.05,854.00,70.95,0.455,4.174,0.347,banana,fresh
20540983,20315,93.00,854.00,70.95,0.455,4.174,0.347,banana,fresh
20541993,20316,93.00,854.00,71.00,0.455,4.174,0.347,banana,fresh
20543005,20317,93.10,854.00,71.00,0.455,4.174,0.347,banana,fresh
20544016,20318,93.00,854.10,71.00,0.455,4.174,0.347,banana,fresh
20545027,20319,93.00,854.05,71.00,0.455,4.174,0.347,banana,fresh
20546038,20320,93.00,854.15,71.00,0.455,4.175,0.347,banana,fresh
20547049,20321,93.00,854.05,71.00,0.455,4.174,0.347,banana,fresh
20548061,20322,93.00,854.05,71.00,0.455,4.174,0.347,banana,fresh
20549071,20323,93.00,854.05,70.95,0.455,4.174,0.347,banana,fresh
20550083,20324,93.05,854.00,71.00,0.455,4.174,0.347,banana,fresh
20551094,20325,93.00,854.05,70.95,0.455,4.174,0.347,banana,fresh
20552104,20326,92.95,854.00,71.00,0.454,4.174,0.347,banana,fresh
20553116,20327,93.05,854.05,70.95,0.455,4.174,0.347,banana,fresh
20554127,20328,93.00,854.00,71.00,0.455,4.174,0.347,banana,fresh
20555139,20329,93.05,854.00,71.00,0.455,4.174,0.347,banana,fresh
20556149,20330,93.00,854.15,70.95,0.455,4.175,0.347,banana,fresh
20557161,20331,93.00,854.00,70.90,0.455,4.174,0.347,banana,fresh
20558172,20332,93.00,854.10,70.90,0.455,4.174,0.347,banana,fresh
20559182,20333,93.00,854.00,71.00,0.455,4.174,0.347,banana,fresh
20560194,20334,93.00,854.00,71.00,0.455,4.174,0.347,banana,fresh
20561205,20335,93.00,854.05,70.95,0.455,4.174,0.347,banana,fresh
20562216,20336,93.05,854.00,71.00,0.455,4.174,0.347,banana,fresh
20563227,20337,93.05,854.05,71.05,0.455,4.174,0.347,banana,fresh
20564239,20338,93.05,854.05,71.00,0.455,4.174,0.347,banana,fresh
20565250,20339,93.00,854.05,70.95,0.455,4.174,0.347,banana,fresh
20566260,20340,93.00,854.10,71.00,0.455,4.174,0.347,banana,fresh
20567272,20341,93.00,854.00,71.00,0.455,4.174,0.347,banana,fresh
20568283,20342,93.00,854.10,70.95,0.455,4.174,0.347,banana,fresh
20569294,20343,93.05,854.10,70.95,0.455,4.174,0.347,banana,fresh
20570305,20344,93.00,854.15,70.95,0.455,4.175,0.347,banana,fresh
20571317,20345,93.05,854.10,71.00,0.455,4.174,0.347,banana,fresh
20572327,20346,93.00,854.00,71.05,0.455,4.174,0.347,banana,fresh
20573338,20347,92.90,854.05,70.95,0.454,4.174,0.347,banana,fresh
20574350,20348,93.00,854.10,71.00,0.455,4.174,0.347,banana,fresh
20575361,20349,93.00,854.10,70.95,0.455,4.174,0.347,banana,fresh
20576372,20350,93.00,854.05,71.05,0.455,4.174,0.347,banana,fresh
20577383,20351,93.00,854.05,71.00,0.455,4.174,0.347,banana,fresh
20578394,20352,93.05,854.00,71.00,0.455,4.174,0.347,banana,fresh
20579405,20353,93.00,854.05,71.00,0.455,4.174,0.347,banana,fresh
20580416,20354,93.00,854.05,70.95,0.455,4.174,0.347,banana,fresh
20581428,20355,93.00,854.00,71.00,0.455,4.174,0.347,banana,fresh
20582438,20356,93.05,854.10,70.95,0.455,4.174,0.347,banana,fresh
20583450,20357,93.00,854.10,71.00,0.455,4.174,0.347,banana,fresh
20584461,20358,93.00,854.05,71.00,0.455,4.174,0.347,banana,fresh
20585472,20359,93.00,854.10,71.00,0.455,4.174,0.347,banana,fresh
20586483,20360,93.00,854.00,70.95,0.455,4.174,0.347,banana,fresh
20587494,20361,93.05,854.10,71.00,0.455,4.174,0.347,banana,fresh
20588506,20362,93.05,854.10,71.00,0.455,4.174,0.347,banana,fresh
20589516,20363,93.05,854.00,71.00,0.455,4.174,0.347,banana,fresh
20590528,20364,93.00,854.00,71.05,0.455,4.174,0.347,banana,fresh
20591539,20365,93.00,854.05,71.00,0.455,4.174,0.347,banana,fresh
20592549,20366,93.00,854.10,71.00,0.455,4.174,0.347,banana,fresh
20593561,20367,93.00,854.20,71.00,0.455,4.175,0.347,banana,fresh
20594572,20368,93.10,854.05,71.00,0.455,4.174,0.347,banana,fresh
20595584,20369,93.05,854.05,71.00,0.455,4.174,0.347,banana,fresh
20596594,20370,93.00,854.10,71.00,0.455,4.174,0.347,banana,fresh
20597605,20371,93.00,854.10,71.00,0.455,4.174,0.347,banana,fresh
20598617,20372,93.00,854.10,70.95,0.455,4.174,0.347,banana,fresh
20599627,20373,93.05,854.15,71.00,0.455,4.175,0.347,banana,fresh
20600639,20374,93.00,854.05,71.05,0.455,4.174,0.347,banana,fresh
20601650,20375,92.90,854.10,71.00,0.454,4.174,0.347,banana,fresh
20602661,20376,93.00,854.00,71.00,0.455,4.174,0.347,banana,fresh
20603672,20377,93.00,854.05,71.00,0.455,4.174,0.347,banana,fresh
20604683,20378,93.05,854.00,70.95,0.455,4.174,0.347,banana,fresh
20605694,20379,93.00,854.10,71.00,0.455,4.174,0.347,banana,fresh
20606705,20380,93.00,854.15,71.00,0.455,4.175,0.347,banana,fresh
20607717,20381,93.00,854.05,71.00,0.455,4.174,0.347,banana,fresh
20608728,20382,92.90,854.05,71.00,0.454,4.174,0.347,banana,fresh
20609739,20383,93.05,854.15,71.00,0.455,4.175,0.347,banana,fresh
20610750,20384,93.00,854.10,71.00,0.455,4.174,0.347,banana,fresh
20611761,20385,93.05,854.00,71.00,0.455,4.174,0.347,banana,fresh
20612772,20386,93.15,854.10,71.00,0.455,4.174,0.347,banana,fresh
20613783,20387,93.00,854.10,71.00,0.455,4.174,0.347,banana,fresh
20614795,20388,93.05,854.15,71.00,0.455,4.175,0.347,banana,fresh
20615805,20389,93.05,854.05,71.00,0.455,4.174,0.347,banana,fresh
20616816,20390,93.10,854.10,71.00,0.455,4.174,0.347,banana,fresh
20617828,20391,93.00,854.10,71.00,0.455,4.174,0.347,banana,fresh
20618839,20392,93.05,854.20,71.00,0.455,4.175,0.347,banana,fresh
20619850,20393,93.00,854.05,71.00,0.455,4.174,0.347,banana,fresh
20620861,20394,92.95,854.00,70.95,0.454,4.174,0.347,banana,fresh
20621873,20395,93.00,854.10,71.00,0.455,4.174,0.347,banana,fresh
20622883,20396,93.00,854.15,71.00,0.455,4.175,0.347,banana,fresh
20623894,20397,93.15,854.00,70.95,0.455,4.174,0.347,banana,fresh
20624906,20398,93.10,854.05,70.95,0.455,4.174,0.347,banana,fresh
20625916,20399,93.05,854.10,71.00,0.455,4.174,0.347,banana,fresh
20626928,20400,93.00,854.10,71.00,0.455,4.174,0.347,banana,fresh
20627939,20401,93.05,854.10,71.00,0.455,4.174,0.347,banana,fresh
20628951,20402,93.00,854.00,71.00,0.455,4.174,0.347,banana,fresh
20629961,20403,93.00,854.05,71.05,0.455,4.174,0.347,banana,fresh
20630972,20404,93.00,854.00,71.00,0.455,4.174,0.347,banana,fresh
20631984,20405,93.05,854.10,70.95,0.455,4.174,0.347,banana,fresh
20632994,20406,93.10,854.05,71.00,0.455,4.174,0.347,banana,fresh
20634006,20407,93.00,854.05,71.00,0.455,4.174,0.347,banana,fresh
20635017,20408,92.95,854.05,71.00,0.454,4.174,0.347,banana,fresh
20636028,20409,93.05,854.05,71.00,0.455,4.174,0.347,banana,fresh
20637039,20410,93.00,854.00,71.00,0.455,4.174,0.347,banana,fresh
20638050,20411,93.05,854.05,71.00,0.455,4.174,0.347,banana,fresh
20639062,20412,93.05,854.05,71.00,0.455,4.174,0.347,banana,fresh
20640072,20413,93.10,854.10,71.00,0.455,4.174,0.347,banana,fresh
20641084,20414,93.00,854.05,71.00,0.455,4.174,0.347,banana,fresh
20642095,20415,93.05,854.10,71.00,0.455,4.174,0.347,banana,fresh
20643106,20416,93.05,854.10,71.00,0.455,4.174,0.347,banana,fresh
20644117,20417,93.05,854.10,70.95,0.455,4.174,0.347,banana,fresh
20645128,20418,93.05,854.15,71.00,0.455,4.175,0.347,banana,fresh
20646139,20419,92.95,854.05,70.95,0.454,4.174,0.347,banana,fresh
20647150,20420,93.00,854.05,71.00,0.455,4.174,0.347,banana,fresh
20648162,20421,93.00,854.00,70.95,0.455,4.174,0.347,banana,fresh
20649172,20422,93.00,854.10,71.00,0.455,4.174,0.347,banana,fresh
20650184,20423,93.00,854.10,71.00,0.455,4.174,0.347,banana,fresh
20651195,20424,93.05,854.10,71.00,0.455,4.174,0.347,banana,fresh
20652206,20425,93.10,854.05,71.05,0.455,4.174,0.347,banana,fresh
20653217,20426,93.05,854.10,71.05,0.455,4.174,0.347,banana,fresh
20654228,20427,93.00,854.10,71.00,0.455,4.174,0.347,banana,fresh
20655240,20428,93.05,854.05,70.95,0.455,4.174,0.347,banana,fresh
20656250,20429,93.10,854.10,70.95,0.455,4.174,0.347,banana,fresh
20657262,20430,93.00,854.10,70.95,0.455,4.174,0.347,banana,fresh
20658273,20431,93.00,854.10,71.00,0.455,4.174,0.347,banana,fresh
20659283,20432,93.05,854.00,71.00,0.455,4.174,0.347,banana,fresh
20660295,20433,93.00,854.05,70.95,0.455,4.174,0.347,banana,fresh
20661306,20434,93.00,854.00,70.95,0.455,4.174,0.347,banana,fresh
20662318,20435,93.05,854.05,71.00,0.455,4.174,0.347,banana,fresh
20663328,20436,93.05,854.05,71.00,0.455,4.174,0.347,banana,fresh
20664340,20437,93.05,854.00,70.95,0.455,4.174,0.347,banana,fresh
20665351,20438,93.05,854.00,70.95,0.455,4.174,0.347,banana,fresh
20666361,20439,93.10,854.05,71.00,0.455,4.174,0.347,banana,fresh
20667373,20440,93.10,854.05,70.95,0.455,4.174,0.347,banana,fresh
20668384,20441,93.05,854.15,71.00,0.455,4.175,0.347,banana,fresh
20669395,20442,93.00,854.00,71.00,0.455,4.174,0.347,banana,fresh
20670406,20443,93.05,854.10,71.00,0.455,4.174,0.347,banana,fresh
20671418,20444,93.10,854.05,71.00,0.455,4.174,0.347,banana,fresh
20672429,20445,93.05,854.05,71.00,0.455,4.174,0.347,banana,fresh
20673439,20446,93.10,854.05,70.95,0.455,4.174,0.347,banana,fresh
20674451,20447,93.10,854.20,71.10,0.455,4.175,0.348,banana,fresh
20675462,20448,93.10,854.20,70.90,0.455,4.175,0.347,banana,fresh
20676473,20449,93.05,854.05,71.00,0.455,4.174,0.347,banana,fresh
20677484,20450,93.15,854.00,70.95,0.455,4.174,0.347,banana,fresh
20678496,20451,93.15,854.15,71.00,0.455,4.175,0.347,banana,fresh
20679506,20452,93.05,854.20,71.00,0.455,4.175,0.347,banana,fresh
20680517,20453,93.00,854.05,70.90,0.455,4.174,0.347,banana,fresh
20681529,20454,93.00,854.20,70.95,0.455,4.175,0.347,banana,fresh
20682540,20455,93.05,854.05,71.00,0.455,4.174,0.347,banana,fresh
20683551,20456,93.00,854.05,71.00,0.455,4.174,0.347,banana,fresh
20684562,20457,93.00,854.20,71.00,0.455,4.175,0.347,banana,fresh
20685573,20458,93.05,854.00,71.05,0.455,4.174,0.347,banana,fresh
20686584,20459,93.05,854.10,71.00,0.455,4.174,0.347,banana,fresh
20687595,20460,93.15,854.25,70.95,0.455,4.175,0.347,banana,fresh
20688607,20461,93.10,854.15,71.00,0.455,4.175,0.347,banana,fresh
20689617,20462,93.05,854.15,71.00,0.455,4.175,0.347,banana,fresh
20690629,20463,93.10,854.10,71.00,0.455,4.174,0.347,banana,fresh
20691640,20464,93.00,854.05,70.95,0.455,4.174,0.347,banana,fresh
20692651,20465,93.05,854.05,71.05,0.455,4.174,0.347,banana,fresh
20693662,20466,93.00,854.05,71.00,0.455,4.174,0.347,banana,fresh
20694673,20467,93.00,854.05,70.95,0.455,4.174,0.347,banana,fresh
20695685,20468,93.05,854.15,71.00,0.455,4.175,0.347,banana,fresh
20696695,20469,93.05,854.05,71.00,0.455,4.174,0.347,banana,fresh
20697707,20470,93.00,854.05,71.00,0.455,4.174,0.347,banana,fresh
20698718,20471,93.00,854.00,71.00,0.455,4.174,0.347,banana,fresh
20699728,20472,93.10,854.00,71.00,0.455,4.174,0.347,banana,fresh
20700740,20473,93.00,854.05,71.00,0.455,4.174,0.347,banana,fresh
20701751,20474,93.15,854.20,71.00,0.455,4.175,0.347,banana,fresh
20702763,20475,93.10,854.30,71.00,0.455,4.175,0.347,banana,fresh
20703773,20476,93.00,854.05,70.95,0.455,4.174,0.347,banana,fresh
20704785,20477,93.00,854.10,71.00,0.455,4.174,0.347,banana,fresh
20705796,20478,93.10,854.15,71.00,0.455,4.175,0.347,banana,fresh
20706806,20479,93.15,854.05,71.00,0.455,4.174,0.347,banana,fresh
20707818,20480,93.10,854.10,71.00,0.455,4.174,0.347,banana,fresh
20708829,20481,93.05,854.20,70.95,0.455,4.175,0.347,banana,fresh
20709840,20482,93.10,854.30,71.00,0.455,4.175,0.347,banana,fresh
20710851,20483,93.00,854.10,71.00,0.455,4.174,0.347,banana,fresh
20711863,20484,93.10,854.00,71.00,0.455,4.174,0.347,banana,fresh
20712873,20485,93.00,854.05,71.00,0.455,4.174,0.347,banana,fresh
20713884,20486,93.05,854.15,71.05,0.455,4.175,0.347,banana,fresh
20714896,20487,93.05,854.15,71.05,0.455,4.175,0.347,banana,fresh
20715907,20488,93.05,854.10,71.00,0.455,4.174,0.347,banana,fresh
20716918,20489,93.20,854.15,71.00,0.456,4.175,0.347,banana,fresh
20717929,20490,93.05,854.05,71.00,0.455,4.174,0.347,banana,fresh
20718941,20491,93.05,854.05,71.00,0.455,4.174,0.347,banana,fresh
20719951,20492,93.05,854.15,71.00,0.455,4.175,0.347,banana,fresh
20720962,20493,93.10,854.05,71.00,0.455,4.174,0.347,banana,fresh
20721974,20494,93.10,854.10,71.00,0.455,4.174,0.347,banana,fresh
20722984,20495,93.10,854.25,71.00,0.455,4.175,0.347,banana,fresh
20723996,20496,93.00,854.10,71.05,0.455,4.174,0.347,banana,fresh
20725007,20497,93.05,854.05,71.00,0.455,4.174,0.347,banana,fresh
20726019,20498,93.10,854.15,71.00,0.455,4.175,0.347,banana,fresh
20727029,20499,93.00,854.15,71.00,0.455,4.175,0.347,banana,fresh
20728040,20500,93.05,854.05,71.05,0.455,4.174,0.347,banana,fresh
20729052,20501,93.25,854.15,71.00,0.456,4.175,0.347,banana,fresh
20730062,20502,93.15,854.10,70.95,0.455,4.174,0.347,banana,fresh
20731074,20503,93.05,854.25,70.95,0.455,4.175,0.347,banana,fresh
20732085,20504,93.05,854.05,71.00,0.455,4.174,0.347,banana,fresh
20733096,20505,93.10,854.25,71.05,0.455,4.175,0.347,banana,fresh
20734107,20506,93.15,854.00,71.00,0.455,4.174,0.347,banana,fresh
20735118,20507,93.05,854.10,71.00,0.455,4.174,0.347,banana,fresh
20736130,20508,93.10,854.10,71.00,0.455,4.174,0.347,banana,fresh
20737140,20509,93.15,854.15,71.00,0.455,4.175,0.347,banana,fresh
20738152,20510,93.00,854.20,71.10,0.455,4.175,0.348,banana,fresh
20739163,20511,93.10,854.05,71.10,0.455,4.174,0.348,banana,fresh
20740174,20512,93.20,854.20,71.05,0.456,4.175,0.347,banana,fresh
20741185,20513,93.15,854.10,71.05,0.455,4.174,0.347,banana,fresh
20742196,20514,93.15,854.15,71.00,0.455,4.175,0.347,banana,fresh
20743207,20515,93.15,854.10,71.00,0.455,4.174,0.347,banana,fresh
20744218,20516,93.10,854.20,71.00,0.455,4.175,0.347,banana,fresh
20745230,20517,93.00,854.35,71.00,0.455,4.176,0.347,banana,fresh
20746241,20518,93.00,854.05,71.10,0.455,4.174,0.348,banana,fresh
20747252,20519,93.10,854.05,71.00,0.455,4.174,0.347,banana,fresh
20748263,20520,93.10,854.10,71.00,0.455,4.174,0.347,banana,fresh
20749274,20521,93.20,854.30,71.00,0.456,4.175,0.347,banana,fresh
20750285,20522,93.10,854.15,71.00,0.455,4.175,0.347,banana,fresh
20751296,20523,93.15,854.00,71.05,0.455,4.174,0.347,banana,fresh
20752308,20524,93.05,854.00,71.05,0.455,4.174,0.347,banana,fresh
20753318,20525,93.10,854.10,71.00,0.455,4.174,0.347,banana,fresh
20754329,20526,93.15,854.10,71.05,0.455,4.174,0.347,banana,fresh
20755341,20527,93.05,854.15,71.05,0.455,4.175,0.347,banana,fresh
20756352,20528,93.10,854.20,70.95,0.455,4.175,0.347,banana,fresh
20757363,20529,93.05,854.10,71.00,0.455,4.174,0.347,banana,fresh
20758374,20530,93.00,854.05,71.05,0.455,4.174,0.347,banana,fresh
20759386,20531,93.00,854.05,71.00,0.455,4.174,0.347,banana,fresh
20760396,20532,93.10,854.15,71.00,0.455,4.175,0.347,banana,fresh
20761407,20533,93.15,854.15,71.00,0.455,4.175,0.347,banana,fresh
20762419,20534,93.15,854.10,71.00,0.455,4.174,0.347,banana,fresh
20763429,20535,93.00,854.15,71.00,0.455,4.175,0.347,banana,fresh
20764441,20536,93.00,854.10,71.00,0.455,4.174,0.347,banana,fresh
20765452,20537,93.05,854.10,71.00,0.455,4.174,0.347,banana,fresh
20766464,20538,93.00,854.15,71.00,0.455,4.175,0.347,banana,fresh
20767474,20539,93.05,854.10,70.95,0.455,4.174,0.347,banana,fresh
20768485,20540,93.05,854.25,71.00,0.455,4.175,0.347,banana,fresh
20769497,20541,93.20,854.05,71.00,0.456,4.174,0.347,banana,fresh
20770507,20542,93.10,854.00,71.00,0.455,4.174,0.347,banana,fresh
20771519,20543,93.05,854.10,71.05,0.455,4.174,0.347,banana,fresh
20772530,20544,93.20,854.25,71.00,0.456,4.175,0.347,banana,fresh
20773541,20545,93.15,854.10,71.05,0.455,4.174,0.347,banana,fresh
20774552,20546,93.05,854.10,71.00,0.455,4.174,0.347,banana,fresh
20775563,20547,93.10,854.20,71.00,0.455,4.175,0.347,banana,fresh
20776574,20548,93.05,854.10,71.05,0.455,4.174,0.347,banana,fresh
20777585,20549,93.00,854.20,71.00,0.455,4.175,0.347,banana,fresh
20778597,20550,93.10,854.05,71.00,0.455,4.174,0.347,banana,fresh
20779608,20551,93.10,854.00,71.05,0.455,4.174,0.347,banana,fresh
20780619,20552,93.20,854.20,70.95,0.456,4.175,0.347,banana,fresh
20781630,20553,93.10,854.20,71.00,0.455,4.175,0.347,banana,fresh
20782641,20554,93.20,854.05,71.00,0.456,4.174,0.347,banana,fresh
20783652,20555,93.20,854.05,71.00,0.456,4.174,0.347,banana,fresh
20784663,20556,93.20,854.25,71.00,0.456,4.175,0.347,banana,fresh
20785675,20557,93.05,854.00,71.00,0.455,4.174,0.347,banana,fresh
20786685,20558,93.15,854.10,71.00,0.455,4.174,0.347,banana,fresh
20787697,20559,93.05,854.10,71.05,0.455,4.174,0.347,banana,fresh
20788708,20560,93.15,854.25,71.05,0.455,4.175,0.347,banana,fresh
20789719,20561,93.20,854.20,71.00,0.456,4.175,0.347,banana,fresh
20790730,20562,93.25,854.10,71.05,0.456,4.174,0.347,banana,fresh
20791741,20563,93.00,854.00,71.00,0.455,4.174,0.347,banana,fresh
20792753,20564,93.20,854.10,71.05,0.456,4.174,0.347,banana,fresh
20793763,20565,93.05,854.10,71.00,0.455,4.174,0.347,banana,fresh
20794775,20566,93.10,854.20,71.00,0.455,4.175,0.347,banana,fresh
20795786,20567,93.10,854.30,70.95,0.455,4.175,0.347,banana,fresh
20796796,20568,93.10,854.25,71.05,0.455,4.175,0.347,banana,fresh
20797808,20569,93.10,854.15,71.00,0.455,4.175,0.347,banana,fresh
20798819,20570,93.10,854.10,71.05,0.455,4.174,0.347,banana,fresh
20799831,20571,93.20,854.10,71.10,0.456,4.174,0.348,banana,fresh
20800841,20572,93.10,854.10,71.05,0.455,4.174,0.347,banana,fresh
20801853,20573,93.10,854.05,71.05,0.455,4.174,0.347,banana,fresh
20802864,20574,93.05,854.10,71.05,0.455,4.174,0.347,banana,fresh
20803874,20575,93.15,854.05,70.95,0.455,4.174,0.347,banana,fresh
20804886,20576,93.00,854.20,70.95,0.455,4.175,0.347,banana,fresh
20805897,20577,93.10,854.15,71.00,0.455,4.175,0.347,banana,fresh
20806908,20578,93.10,854.10,71.00,0.455,4.174,0.347,banana,fresh
20807919,20579,93.10,854.10,71.00,0.455,4.174,0.347,banana,fresh
20808931,20580,93.15,854.20,71.00,0.455,4.175,0.347,banana,fresh
20809942,20581,93.10,854.20,71.05,0.455,4.175,0.347,banana,fresh
20810952,20582,93.15,854.30,71.00,0.455,4.175,0.347,banana,fresh
20811964,20583,93.05,854.20,71.10,0.455,4.175,0.348,banana,fresh
20812975,20584,93.15,854.15,71.00,0.455,4.175,0.347,banana,fresh
20813986,20585,93.25,854.20,71.00,0.456,4.175,0.347,banana,fresh
20814997,20586,93.20,854.10,71.00,0.456,4.174,0.347,banana,fresh
20816009,20587,93.10,854.05,71.00,0.455,4.174,0.347,banana,fresh
20817019,20588,93.15,854.00,70.95,0.455,4.174,0.347,banana,fresh
20818030,20589,93.05,854.15,71.05,0.455,4.175,0.347,banana,fresh
20819042,20590,93.15,854.25,71.00,0.455,4.175,0.347,banana,fresh
20820052,20591,93.15,854.25,71.05,0.455,4.175,0.347,banana,fresh
20821064,20592,93.15,854.20,71.10,0.455,4.175,0.348,banana,fresh
20822075,20593,93.05,854.05,71.00,0.455,4.174,0.347,banana,fresh
20823087,20594,93.10,854.15,71.10,0.455,4.175,0.348,banana,fresh
20824097,20595,93.25,854.15,71.05,0.456,4.175,0.347,banana,fresh
20825109,20596,93.30,854.10,71.00,0.456,4.174,0.347,banana,fresh
20826120,20597,93.15,854.30,71.00,0.455,4.175,0.347,banana,fresh
20827130,20598,93.15,854.20,71.05,0.455,4.175,0.347,banana,fresh
20828142,20599,93.20,854.10,71.05,0.456,4.174,0.347,banana,fresh
20829153,20600,93.20,854.20,71.00,0.456,4.175,0.347,banana,fresh
20830164,20601,93.10,854.05,71.00,0.455,4.174,0.347,banana,fresh
20831175,20602,93.20,854.05,71.00,0.456,4.174,0.347,banana,fresh
20832187,20603,93.10,854.20,70.95,0.455,4.175,0.347,banana,fresh
20833198,20604,93.15,854.20,71.00,0.455,4.175,0.347,banana,fresh
20834208,20605,93.20,854.15,71.00,0.456,4.175,0.347,banana,fresh
20835220,20606,93.15,854.15,71.00,0.455,4.175,0.347,banana,fresh
20836231,20607,93.15,854.20,71.00,0.455,4.175,0.347,banana,fresh
20837242,20608,93.15,854.15,71.05,0.455,4.175,0.347,banana,fresh
20838253,20609,93.15,854.20,71.00,0.455,4.175,0.347,banana,fresh
20839265,20610,93.00,854.20,71.05,0.455,4.175,0.347,banana,fresh
20840275,20611,93.35,854.05,71.05,0.456,4.174,0.347,banana,fresh
20841286,20612,93.25,854.50,71.00,0.456,4.176,0.347,banana,fresh
20842298,20613,93.05,854.05,71.00,0.455,4.174,0.347,banana,fresh
20843309,20614,93.10,854.20,71.10,0.455,4.175,0.348,banana,fresh
20844320,20615,93.30,854.40,71.05,0.456,4.176,0.347,banana,fresh
20845331,20616,93.00,854.25,71.05,0.455,4.175,0.347,banana,fresh
20846343,20617,93.05,854.20,71.00,0.455,4.175,0.347,banana,fresh
20847353,20618,93.10,854.10,71.00,0.455,4.174,0.347,banana,fresh
20848364,20619,93.15,854.05,71.10,0.455,4.174,0.348,banana,fresh
20849376,20620,93.00,854.20,71.00,0.455,4.175,0.347,banana,fresh
20850386,20621,93.15,854.20,71.05,0.455,4.175,0.347,banana,fresh
20851398,20622,93.15,854.15,71.00,0.455,4.175,0.347,banana,fresh
20852409,20623,93.10,854.10,71.05,0.455,4.174,0.347,banana,fresh
20853421,20624,93.35,854.10,71.05,0.456,4.174,0.347,banana,fresh
20854431,20625,93.15,854.20,71.05,0.455,4.175,0.347,banana,fresh
20855442,20626,93.20,854.35,71.05,0.456,4.176,0.347,banana,fresh
20856454,20627,93.15,854.20,71.00,0.455,4.175,0.347,banana,fresh
20857464,20628,93.30,854.15,71.00,0.456,4.175,0.347,banana,fresh
20858476,20629,93.10,854.20,71.00,0.455,4.175,0.347,banana,fresh
20859487,20630,93.20,854.10,71.00,0.456,4.174,0.347,banana,fresh
20860498,20631,93.20,854.30,71.00,0.456,4.175,0.347,banana,fresh
20861509,20632,93.15,854.10,71.05,0.455,4.174,0.347,banana,fresh
20862521,20633,93.05,854.40,71.00,0.455,4.176,0.347,banana,fresh
20863532,20634,93.15,854.10,71.00,0.455,4.174,0.347,banana,fresh
20864542,20635,93.25,854.35,71.00,0.456,4.176,0.347,banana,fresh
20865554,20636,93.10,854.15,71.00,0.455,4.175,0.347,banana,fresh
20866565,20637,93.30,854.20,71.00,0.456,4.175,0.347,banana,fresh
20867576,20638,93.10,854.25,71.05,0.455,4.175,0.347,banana,fresh
20868587,20639,93.15,854.25,71.00,0.455,4.175,0.347,banana,fresh
20869599,20640,93.10,854.35,71.10,0.455,4.176,0.348,banana,fresh
20870609,20641,93.30,854.20,71.05,0.456,4.175,0.347,banana,fresh
20871620,20642,93.15,854.10,71.00,0.455,4.174,0.347,banana,fresh
20872632,20643,93.20,854.25,71.00,0.456,4.175,0.347,banana,fresh
20873643,20644,93.10,854.20,71.05,0.455,4.175,0.347,banana,fresh
20874654,20645,93.00,854.25,71.05,0.455,4.175,0.347,banana,fresh
20875665,20646,93.25,854.30,71.10,0.456,4.175,0.348,banana,fresh
20876677,20647,93.20,854.15,71.00,0.456,4.175,0.347,banana,fresh
20877687,20648,93.30,854.25,71.05,0.456,4.175,0.347,banana,fresh
20878698,20649,93.10,854.25,71.05,0.455,4.175,0.347,banana,fresh
20879710,20650,93.15,854.30,71.10,0.455,4.175,0.348,banana,fresh
20880720,20651,93.15,854.30,71.10,0.455,4.175,0.348,banana,fresh
20881732,20652,93.30,854.25,70.95,0.456,4.175,0.347,banana,fresh
20882743,20653,93.10,854.50,71.10,0.455,4.176,0.348,banana,fresh
20883755,20654,93.00,854.20,71.00,0.455,4.175,0.347,banana,fresh
20884765,20655,93.05,854.15,71.00,0.455,4.175,0.347,banana,fresh
20885776,20656,93.40,854.20,71.05,0.457,4.175,0.347,banana,fresh
20886788,20657,93.30,854.20,71.00,0.456,4.175,0.347,banana,fresh
20887798,20658,93.15,854.35,71.00,0.455,4.176,0.347,banana,fresh
20888810,20659,93.10,854.25,70.95,0.455,4.175,0.347,banana,fresh
20889821,20660,93.40,854.25,70.90,0.457,4.175,0.347,banana,fresh
20890832,20661,93.10,854.25,71.05,0.455,4.175,0.347,banana,fresh
20891843,20662,93.20,854.15,71.05,0.456,4.175,0.347,banana,fresh
20892855,20663,93.20,854.30,71.10,0.456,4.175,0.348,banana,fresh
20893865,20664,93.15,854.25,71.00,0.455,4.175,0.347,banana,fresh
20894876,20665,93.15,854.25,71.10,0.455,4.175,0.348,banana,fresh
20895888,20666,93.15,854.10,71.05,0.455,4.174,0.347,banana,fresh
20896899,20667,93.15,854.20,71.05,0.455,4.175,0.347,banana,fresh
20897910,20668,93.10,854.15,71.05,0.455,4.175,0.347,banana,fresh
20898921,20669,93.25,854.20,71.05,0.456,4.175,0.347,banana,fresh
20899933,20670,93.30,854.05,71.15,0.456,4.174,0.348,banana,fresh
20900943,20671,93.20,854.40,71.05,0.456,4.176,0.347,banana,fresh
20901954,20672,93.15,854.15,71.00,0.455,4.175,0.347,banana,fresh
20902966,20673,93.10,854.35,71.00,0.455,4.176,0.347,banana,fresh
20903976,20674,93.45,854.10,71.05,0.457,4.174,0.347,banana,fresh
20904988,20675,93.25,854.20,71.05,0.456,4.175,0.347,banana,fresh
20905999,20676,93.25,854.20,71.00,0.456,4.175,0.347,banana,fresh
20907011,20677,93.20,854.20,71.05,0.456,4.175,0.347,banana,fresh
20908021,20678,93.15,854.20,71.05,0.455,4.175,0.347,banana,fresh
20909032,20679,93.10,854.15,71.00,0.455,4.175,0.347,banana,fresh
20910044,20680,93.20,854.25,71.10,0.456,4.175,0.348,banana,fresh
20911054,20681,93.20,854.20,71.05,0.456,4.175,0.347,banana,fresh
20912066,20682,93.10,854.30,71.10,0.455,4.175,0.348,banana,fresh
20913077,20683,93.15,854.25,71.10,0.455,4.175,0.348,banana,fresh
20914088,20684,93.30,854.10,71.00,0.456,4.174,0.347,banana,fresh
20915099,20685,93.20,854.20,71.10,0.456,4.175,0.348,banana,fresh
20916111,20686,93.20,854.25,71.05,0.456,4.175,0.347,banana,fresh
20917122,20687,93.10,854.35,71.05,0.455,4.176,0.347,banana,fresh
20918132,20688,93.25,854.40,70.95,0.456,4.176,0.347,banana,fresh
20919144,20689,93.25,854.20,71.05,0.456,4.175,0.347,banana,fresh
20920155,20690,93.15,854.25,71.05,0.455,4.175,0.347,banana,fresh
20921166,20691,93.15,854.50,71.15,0.455,4.176,0.348,banana,fresh
20922177,20692,93.05,854.20,71.05,0.455,4.175,0.347,banana,fresh
20923189,20693,93.35,854.30,71.10,0.456,4.175,0.348,banana,fresh
20924199,20694,93.20,854.25,71.05,0.456,4.175,0.347,banana,fresh
20925210,20695,93.40,854.25,71.00,0.457,4.175,0.347,banana,fresh
20926222,20696,93.30,854.30,71.05,0.456,4.175,0.347,banana,fresh
20927233,20697,93.30,854.25,70.95,0.456,4.175,0.347,banana,fresh
20928244,20698,93.35,854.10,71.20,0.456,4.174,0.348,banana,fresh
20929255,20699,93.15,854.25,71.00,0.455,4.175,0.347,banana,fresh
20930267,20700,93.20,854.15,71.00,0.456,4.175,0.347,banana,fresh
20931277,20701,93.25,854.30,71.10,0.456,4.175,0.348,banana,fresh
20932289,20702,93.25,854.10,71.10,0.456,4.174,0.348,banana,fresh
20933300,20703,93.15,854.15,71.10,0.455,4.175,0.348,banana,fresh
20934310,20704,93.15,854.25,71.10,0.455,4.175,0.348,banana,fresh
20935322,20705,93.20,854.20,71.15,0.456,4.175,0.348,banana,fresh
20936333,20706,93.30,854.40,71.00,0.456,4.176,0.347,banana,fresh
20937345,20707,93.20,854.15,71.05,0.456,4.175,0.347,banana,fresh
20938355,20708,93.15,854.25,71.25,0.455,4.175,0.348,banana,fresh
20939367,20709,93.25,854.45,71.10,0.456,4.176,0.348,banana,fresh
20940378,20710,93.15,854.20,71.10,0.455,4.175,0.348,banana,fresh
20941389,20711,93.30,854.25,71.10,0.456,4.175,0.348,banana,fresh
20942400,20712,93.20,854.35,71.10,0.456,4.176,0.348,banana,fresh
20943411,20713,93.15,854.50,71.15,0.455,4.176,0.348,banana,fresh
20944422,20714,93.25,854.45,71.05,0.456,4.176,0.347,banana,fresh
20945433,20715,93.35,854.40,71.10,0.456,4.176,0.348,banana,fresh
20946445,20716,93.30,854.15,71.10,0.456,4.175,0.348,banana,fresh
20947456,20717,93.30,854.20,71.15,0.456,4.175,0.348,banana,fresh
20948467,20718,93.30,854.25,71.05,0.456,4.175,0.347,banana,fresh
20949478,20719,93.30,854.15,71.05,0.456,4.175,0.347,banana,fresh
20950489,20720,93.30,854.20,71.10,0.456,4.175,0.348,banana,fresh
20951500,20721,93.10,854.35,71.20,0.455,4.176,0.348,banana,fresh
20952511,20722,93.25,854.30,71.15,0.456,4.175,0.348,banana,fresh
20953523,20723,93.15,854.15,71.05,0.455,4.175,0.347,banana,fresh
20954533,20724,93.35,854.25,71.10,0.456,4.175,0.348,banana,fresh
20955545,20725,93.05,854.25,71.05,0.455,4.175,0.347,banana,fresh
20956556,20726,93.20,854.45,71.05,0.456,4.176,0.347,banana,fresh
20957568,20727,93.25,854.25,71.05,0.456,4.175,0.347,banana,fresh
20958578,20728,93.35,854.25,71.10,0.456,4.175,0.348,banana,fresh
20959589,20729,93.10,854.30,71.15,0.455,4.175,0.348,banana,fresh
20960601,20730,93.35,854.45,71.00,0.456,4.176,0.347,banana,fresh
20961611,20731,93.35,854.40,71.10,0.456,4.176,0.348,banana,fresh
20962623,20732,93.25,854.25,71.10,0.456,4.175,0.348,banana,fresh
20963634,20733,93.25,854.25,71.05,0.456,4.175,0.347,banana,fresh
20964645,20734,93.15,854.30,71.10,0.455,4.175,0.348,banana,fresh
20965656,20735,93.25,854.10,71.05,0.456,4.174,0.347,banana,fresh
20966667,20736,93.25,854.10,71.00,0.456,4.174,0.347,banana,fresh
20967678,20737,93.30,854.35,71.00,0.456,4.176,0.347,banana,fresh
20968689,20738,93.25,854.15,71.15,0.456,4.175,0.348,banana,fresh
20969701,20739,93.25,854.45,71.05,0.456,4.176,0.347,banana,fresh
20970712,20740,93.30,854.15,71.10,0.456,4.175,0.348,banana,fresh
20971723,20741,93.25,854.35,71.15,0.456,4.176,0.348,banana,fresh
20972734,20742,93.35,854.30,71.10,0.456,4.175,0.348,banana,fresh
20973746,20743,93.35,854.20,71.10,0.456,4.175,0.348,banana,fresh
20974756,20744,93.20,854.20,71.05,0.456,4.175,0.347,banana,fresh
20975767,20745,93.10,854.35,71.15,0.455,4.176,0.348,banana,fresh
20976779,20746,93.25,854.30,71.00,0.456,4.175,0.347,banana,fresh
20977789,20747,93.25,854.35,71.15,0.456,4.176,0.348,banana,fresh
20978801,20748,93.15,854.35,71.05,0.455,4.176,0.347,banana,fresh
20979812,20749,93.15,854.35,71.10,0.455,4.176,0.348,banana,fresh
20980824,20750,93.10,854.30,71.15,0.455,4.175,0.348,banana,fresh
20981834,20751,93.15,854.25,71.15,0.455,4.175,0.348,banana,fresh
20982845,20752,93.05,854.35,71.20,0.455,4.176,0.348,banana,fresh
20983857,20753,93.25,854.25,71.30,0.456,4.175,0.348,banana,fresh
20984867,20754,93.20,854.35,71.05,0.456,4.176,0.347,banana,fresh
20985879,20755,93.30,854.45,71.05,0.456,4.176,0.347,banana,fresh
20986890,20756,93.10,854.20,71.15,0.455,4.175,0.348,banana,fresh
20987901,20757,93.35,854.10,71.05,0.456,4.174,0.347,banana,fresh
20988912,20758,93.25,854.25,71.00,0.456,4.175,0.347,banana,fresh
20989923,20759,93.25,854.50,71.05,0.456,4.176,0.347,banana,fresh
20990935,20760,93.20,854.25,71.05,0.456,4.175,0.347,banana,fresh
20991945,20761,93.30,854.25,71.05,0.456,4.175,0.347,banana,fresh
20992957,20762,93.30,854.30,71.10,0.456,4.175,0.348,banana,fresh
20993968,20763,93.15,854.15,71.05,0.455,4.175,0.347,banana,fresh
20994979,20764,93.20,854.25,71.10,0.456,4.175,0.348,banana,fresh
20995990,20765,93.30,854.25,71.05,0.456,4.175,0.347,banana,fresh
20997001,20766,93.20,854.25,71.20,0.456,4.175,0.348,banana,fresh
20998012,20767,93.05,854.25,71.25,0.455,4.175,0.348,banana,fresh
20999023,20768,93.35,854.40,71.20,0.456,4.176,0.348,banana,fresh
21000035,20769,93.15,854.35,71.05,0.455,4.176,0.347,banana,fresh
21001046,20770,93.35,854.35,71.20,0.456,4.176,0.348,banana,fresh
21002057,20771,93.30,854.30,71.05,0.456,4.175,0.347,banana,fresh
21003068,20772,93.20,854.40,71.15,0.456,4.176,0.348,banana,fresh
21004080,20773,93.20,854.20,71.05,0.456,4.175,0.347,banana,fresh
21005090,20774,93.35,854.30,71.05,0.456,4.175,0.347,banana,fresh
21006101,20775,93.30,854.20,71.20,0.456,4.175,0.348,banana,fresh
21007113,20776,93.25,854.20,71.05,0.456,4.175,0.347,banana,fresh
21008123,20777,93.20,854.40,71.10,0.456,4.176,0.348,banana,fresh
21009135,20778,93.30,854.15,71.15,0.456,4.175,0.348,banana,fresh
21010146,20779,93.30,854.25,71.15,0.456,4.175,0.348,banana,fresh
21011158,20780,93.35,854.25,71.10,0.456,4.175,0.348,banana,fresh
21012168,20781,93.30,854.45,71.00,0.456,4.176,0.347,banana,fresh
21013179,20782,93.30,854.35,71.10,0.456,4.176,0.348,banana,fresh
21014191,20783,93.20,854.50,71.15,0.456,4.176,0.348,banana,fresh
21015201,20784,93.25,854.20,71.20,0.456,4.175,0.348,banana,fresh
21016213,20785,93.25,854.55,71.10,0.456,4.177,0.348,banana,fresh
21017224,20786,93.25,854.50,71.00,0.456,4.176,0.347,banana,fresh
21018235,20787,93.25,854.25,71.10,0.456,4.175,0.348,banana,fresh
21019246,20788,93.45,854.55,71.15,0.457,4.177,0.348,banana,fresh
21020258,20789,93.20,854.35,71.05,0.456,4.176,0.347,banana,fresh
21021268,20790,93.30,854.30,71.15,0.456,4.175,0.348,banana,fresh
21022279,20791,93.30,854.10,71.10,0.456,4.174,0.348,banana,fresh
21023291,20792,93.20,854.30,71.10,0.456,4.175,0.348,banana,fresh
21024302,20793,93.20,854.45,71.20,0.456,4.176,0.348,banana,fresh
21025313,20794,93.35,854.50,71.05,0.456,4.176,0.347,banana,fresh
21026324,20795,93.25,854.25,71.10,0.456,4.175,0.348,banana,fresh
21027336,20796,93.20,854.25,71.20,0.456,4.175,0.348,banana,fresh
21028346,20797,93.30,854.15,71.15,0.456,4.175,0.348,banana,fresh
21029358,20798,93.40,854.50,71.10,0.457,4.176,0.348,banana,fresh
21030369,20799,93.25,854.30,71.15,0.456,4.175,0.348,banana,fresh
21031379,20800,93.35,854.35,71.15,0.456,4.176,0.348,banana,fresh
21032391,20801,93.40,854.60,71.25,0.457,4.177,0.348,banana,fresh
21033402,20802,93.25,854.35,71.05,0.456,4.176,0.347,banana,fresh
21034414,20803,93.25,854.45,71.10,0.456,4.176,0.348,banana,fresh
21035424,20804,93.45,854.35,71.25,0.457,4.176,0.348,banana,fresh
21036436,20805,93.45,854.25,71.10,0.457,4.175,0.348,banana,fresh
21037447,20806,93.20,854.40,71.20,0.456,4.176,0.348,banana,fresh
21038457,20807,93.15,854.30,71.10,0.455,4.175,0.348,banana,fresh
21039469,20808,93.25,854.50,71.20,0.456,4.176,0.348,banana,fresh
21040480,20809,93.30,854.60,71.10,0.456,4.177,0.348,banana,fresh
21041491,20810,93.30,854.40,71.05,0.456,4.176,0.347,banana,fresh
21042502,20811,93.30,854.35,71.25,0.456,4.176,0.348,banana,fresh
21043514,20812,93.25,854.45,71.05,0.456,4.176,0.347,banana,fresh
21044525,20813,93.25,854.35,71.10,0.456,4.176,0.348,banana,fresh
21045536,20814,93.30,854.20,71.05,0.456,4.175,0.347,banana,fresh
21046547,20815,93.30,854.45,71.10,0.456,4.176,0.348,banana,fresh
21047558,20816,93.35,854.30,71.10,0.456,4.175,0.348,banana,fresh
21048569,20817,93.20,854.20,71.15,0.456,4.175,0.348,banana,fresh
21049580,20818,93.30,854.25,71.10,0.456,4.175,0.348,banana,fresh
21050592,20819,93.15,854.30,71.10,0.455,4.175,0.348,banana,fresh
21051602,20820,93.35,854.20,71.20,0.456,4.175,0.348,banana,fresh
21052614,20821,93.15,854.30,71.05,0.455,4.175,0.347,banana,fresh
21053625,20822,93.35,854.50,71.20,0.456,4.176,0.348,banana,fresh
21054636,20823,93.25,854.30,71.15,0.456,4.175,0.348,banana,fresh
21055647,20824,93.40,854.30,71.05,0.457,4.175,0.347,banana,fresh
21056658,20825,93.20,854.35,71.15,0.456,4.176,0.348,banana,fresh
21057670,20826,93.20,854.35,71.20,0.456,4.176,0.348,banana,fresh
21058680,20827,93.20,854.40,71.05,0.456,4.176,0.347,banana,fresh
21059692,20828,93.35,854.35,71.05,0.456,4.176,0.347,banana,fresh
21060703,20829,93.15,854.40,71.10,0.455,4.176,0.348,banana,fresh
21061714,20830,93.35,854.35,71.15,0.456,4.176,0.348,banana,fresh
21062725,20831,93.30,854.20,71.05,0.456,4.175,0.347,banana,fresh
21063736,20832,93.35,854.45,71.10,0.456,4.176,0.348,banana,fresh
21064748,20833,93.40,854.40,71.15,0.457,4.176,0.348,banana,fresh
21065758,20834,93.30,854.20,71.15,0.456,4.175,0.348,banana,fresh
21066770,20835,93.25,854.35,71.25,0.456,4.176,0.348,banana,fresh
21067781,20836,93.20,854.20,71.10,0.456,4.175,0.348,banana,fresh
21068792,20837,93.40,854.35,71.05,0.457,4.176,0.347,banana,fresh
21069803,20838,93.40,854.30,71.15,0.457,4.175,0.348,banana,fresh
21070814,20839,93.35,854.35,71.25,0.456,4.176,0.348,banana,fresh
21071825,20840,93.30,854.20,71.10,0.456,4.175,0.348,banana,fresh
21072836,20841,93.15,854.35,71.10,0.455,4.176,0.348,banana,fresh
21073848,20842,93.20,854.20,71.15,0.456,4.175,0.348,banana,fresh
21074859,20843,93.30,854.30,71.25,0.456,4.175,0.348,banana,fresh
21075870,20844,93.40,854.50,71.25,0.457,4.176,0.348,banana,fresh
21076881,20845,93.25,854.35,71.15,0.456,4.176,0.348,banana,fresh
21077893,20846,93.30,854.55,71.10,0.456,4.177,0.348,banana,fresh
21078903,20847,93.30,854.45,71.25,0.456,4.176,0.348,banana,fresh
21079914,20848,93.35,854.35,71.05,0.456,4.176,0.347,banana,fresh
21080926,20849,93.40,854.45,71.20,0.457,4.176,0.348,banana,fresh
21081936,20850,93.35,854.20,71.15,0.456,4.175,0.348,banana,fresh
21082948,20851,93.15,854.50,71.15,0.455,4.176,0.348,banana,fresh
21083959,20852,93.25,854.45,71.20,0.456,4.176,0.348,banana,fresh
21084971,20853,93.30,854.50,71.10,0.456,4.176,0.348,banana,fresh
21085981,20854,93.35,854.35,71.10,0.456,4.176,0.348,banana,fresh
21086992,20855,93.30,854.50,71.20,0.456,4.176,0.348,banana,fresh
21088004,20856,93.35,854.40,71.15,0.456,4.176,0.348,banana,fresh
21089014,20857,93.15,854.35,71.10,0.455,4.176,0.348,banana,fresh
21090026,20858,93.35,854.40,71.05,0.456,4.176,0.347,banana,fresh
21091037,20859,93.25,854.30,71.10,0.456,4.175,0.348,banana,fresh
21092048,20860,93.35,854.30,71.10,0.456,4.175,0.348,banana,fresh
21093059,20861,93.30,854.20,71.15,0.456,4.175,0.348,banana,fresh
21094070,20862,93.25,854.45,71.10,0.456,4.176,0.348,banana,fresh
21095081,20863,93.20,854.40,71.10,0.456,4.176,0.348,banana,fresh
21096092,20864,93.45,854.40,71.05,0.457,4.176,0.347,banana,fresh
21097104,20865,93.20,854.45,71.05,0.456,4.176,0.347,banana,fresh
21098115,20866,93.30,854.45,71.10,0.456,4.176,0.348,banana,fresh
21099126,20867,93.20,854.60,71.15,0.456,4.177,0.348,banana,fresh
21100137,20868,93.25,854.35,71.10,0.456,4.176,0.348,banana,fresh
21101149,20869,93.30,854.45,71.05,0.456,4.176,0.347,banana,fresh
21102159,20870,93.20,854.30,71.30,0.456,4.175,0.348,banana,fresh
21103170,20871,93.25,854.40,71.30,0.456,4.176,0.348,banana,fresh
21104182,20872,93.20,854.35,71.10,0.456,4.176,0.348,banana,fresh
21105192,20873,93.40,854.60,71.10,0.457,4.177,0.348,banana,fresh
21106204,20874,93.30,854.50,71.10,0.456,4.176,0.348,banana,fresh
21107215,20875,93.25,854.40,71.20,0.456,4.176,0.348,banana,fresh
21108227,20876,93.40,854.35,71.00,0.457,4.176,0.347,banana,fresh
21109237,20877,93.30,854.35,71.05,0.456,4.176,0.347,banana,fresh
21110249,20878,93.20,854.10,71.15,0.456,4.174,0.348,banana,fresh
21111260,20879,93.40,854.45,71.15,0.457,4.176,0.348,banana,fresh
21112270,20880,93.40,854.60,71.15,0.457,4.177,0.348,banana,fresh
21113282,20881,93.10,854.25,71.20,0.455,4.175,0.348,banana,fresh
21114293,20882,93.30,854.40,71.00,0.456,4.176,0.347,banana,fresh
21115304,20883,93.50,854.45,71.15,0.457,4.176,0.348,banana,fresh
21116315,20884,93.25,854.55,71.20,0.456,4.177,0.348,banana,fresh
21117327,20885,93.25,854.55,71.30,0.456,4.177,0.348,banana,fresh
21118338,20886,93.40,854.45,71.10,0.457,4.176,0.348,banana,fresh
21119348,20887,93.25,854.45,71.10,0.456,4.176,0.348,banana,fresh
21120360,20888,93.25,854.40,71.20,0.456,4.176,0.348,banana,fresh
21121371,20889,93.35,854.45,71.10,0.456,4.176,0.348,banana,fresh
21122382,20890,93.30,854.55,71.20,0.456,4.177,0.348,banana,fresh
21123393,20891,93.30,854.55,71.15,0.456,4.177,0.348,banana,fresh
21124405,20892,93.45,854.45,71.05,0.457,4.176,0.347,banana,fresh
21125415,20893,93.45,854.35,71.20,0.457,4.176,0.348,banana,fresh
21126427,20894,93.15,854.55,71.05,0.455,4.177,0.347,banana,fresh
21127438,20895,93.35,854.50,71.05,0.456,4.176,0.347,banana,fresh
21128449,20896,93.40,854.40,71.05,0.457,4.176,0.347,banana,fresh
21129460,20897,93.40,854.35,71.20,0.457,4.176,0.348,banana,fresh
21130471,20898,93.50,854.50,71.05,0.457,4.176,0.347,banana,fresh
21131483,20899,93.35,854.55,71.15,0.456,4.177,0.348,banana,fresh
21132493,20900,93.50,854.30,71.05,0.457,4.175,0.347,banana,fresh
21133505,20901,93.25,854.50,71.10,0.456,4.176,0.348,banana,fresh
21134516,20902,93.30,854.40,71.20,0.456,4.176,0.348,banana,fresh
21135526,20903,93.25,854.55,71.25,0.456,4.177,0.348,banana,fresh
21136538,20904,93.25,854.40,71.10,0.456,4.176,0.348,banana,fresh
21137549,20905,93.40,854.40,71.10,0.457,4.176,0.348,banana,fresh
21138561,20906,93.50,854.40,71.10,0.457,4.176,0.348,banana,fresh
21139571,20907,93.40,854.50,71.15,0.457,4.176,0.348,banana,fresh
21140583,20908,93.15,854.65,71.10,0.455,4.177,0.348,banana,fresh
21141594,20909,93.35,854.45,71.10,0.456,4.176,0.348,banana,fresh
21142605,20910,93.15,854.60,71.15,0.455,4.177,0.348,banana,fresh
21143616,20911,93.30,854.25,71.15,0.456,4.175,0.348,banana,fresh
21144627,20912,93.35,854.50,71.15,0.456,4.176,0.348,banana,fresh
21145638,20913,93.30,854.55,71.25,0.456,4.177,0.348,banana,fresh
21146649,20914,93.20,854.45,71.20,0.456,4.176,0.348,banana,fresh
21147661,20915,93.30,854.65,71.00,0.456,4.177,0.347,banana,fresh
21148672,20916,93.35,854.45,71.15,0.456,4.176,0.348,banana,fresh
21149683,20917,93.30,854.30,71.20,0.456,4.175,0.348,banana,fresh
21150694,20918,93.40,854.35,71.10,0.457,4.176,0.348,banana,fresh
21151706,20919,93.20,854.35,71.15,0.456,4.176,0.348,banana,fresh
21152716,20920,93.30,854.30,71.10,0.456,4.175,0.348,banana,fresh
21153727,20921,93.35,854.45,71.10,0.456,4.176,0.348,banana,fresh
21154739,20922,93.20,854.45,71.15,0.456,4.176,0.348,banana,fresh
21155749,20923,93.30,854.50,71.20,0.456,4.176,0.348,banana,fresh
21156761,20924,93.25,854.40,71.35,0.456,4.176,0.349,banana,fresh
21157772,20925,93.35,854.50,71.05,0.456,4.176,0.347,banana,fresh
21158784,20926,93.45,854.35,71.25,0.457,4.176,0.348,banana,fresh
21159794,20927,93.20,854.35,71.15,0.456,4.176,0.348,banana,fresh
21160805,20928,93.45,854.30,71.10,0.457,4.175,0.348,banana,fresh
21161817,20929,93.45,854.45,71.00,0.457,4.176,0.347,banana,fresh
21162827,20930,93.50,854.60,71.00,0.457,4.177,0.347,banana,fresh
21163839,20931,93.15,854.45,71.20,0.455,4.176,0.348,banana,fresh
21164850,20932,93.25,854.45,71.20,0.456,4.176,0.348,banana,fresh
21165861,20933,93.55,854.40,71.25,0.457,4.176,0.348,banana,fresh
21166872,20934,93.25,854.60,71.25,0.456,4.177,0.348,banana,fresh
21167884,20935,93.50,854.60,71.25,0.457,4.177,0.348,banana,fresh
21168894,20936,93.55,854.45,71.15,0.457,4.176,0.348,banana,fresh
21169905,20937,93.25,854.45,71.15,0.456,4.176,0.348,banana,fresh
21170917,20938,93.20,854.50,71.15,0.456,4.176,0.348,banana,fresh
21171928,20939,93.35,854.55,71.15,0.456,4.177,0.348,banana,fresh
21172939,20940,93.35,854.50,71.15,0.456,4.176,0.348,banana,fresh
21173950,20941,93.45,854.60,71.30,0.457,4.177,0.348,banana,fresh
21174962,20942,93.30,854.50,71.20,0.456,4.176,0.348,banana,fresh
21175972,20943,93.25,854.65,71.35,0.456,4.177,0.349,banana,fresh
21176983,20944,93.20,854.25,71.20,0.456,4.175,0.348,banana,fresh
21177995,20945,93.20,854.30,71.30,0.456,4.175,0.348,banana,fresh
21179005,20946,93.25,854.50,71.05,0.456,4.176,0.347,banana,fresh
21180017,20947,93.35,854.45,71.05,0.456,4.176,0.347,banana,fresh
21181028,20948,93.45,854.50,71.10,0.457,4.176,0.348,banana,fresh
21182040,20949,93.35,854.40,71.00,0.456,4.176,0.347,banana,fresh
21183050,20950,93.30,854.50,71.05,0.456,4.176,0.347,banana,fresh
21184061,20951,93.15,854.55,71.20,0.455,4.177,0.348,banana,fresh
21185073,20952,93.45,854.55,71.10,0.457,4.177,0.348,banana,fresh
21186083,20953,93.15,854.40,71.25,0.455,4.176,0.348,banana,fresh
21187095,20954,93.25,854.40,71.15,0.456,4.176,0.348,banana,fresh
21188106,20955,93.35,854.25,71.20,0.456,4.175,0.348,banana,fresh
21189117,20956,93.35,854.50,71.15,0.456,4.176,0.348,banana,fresh
21190128,20957,93.25,854.55,71.10,0.456,4.177,0.348,banana,fresh
21191140,20958,93.35,854.55,71.05,0.456,4.177,0.347,banana,fresh
21192151,20959,93.45,854.45,71.35,0.457,4.176,0.349,banana,fresh
21193161,20960,93.35,854.60,71.05,0.456,4.177,0.347,banana,fresh
21194173,20961,93.25,854.65,71.15,0.456,4.177,0.348,banana,fresh
21195184,20962,93.25,854.55,71.00,0.456,4.177,0.347,banana,fresh
21196195,20963,93.50,854.40,71.10,0.457,4.176,0.348,banana,fresh
21197206,20964,93.30,854.40,71.25,0.456,4.176,0.348,banana,fresh
21198218,20965,93.35,854.40,71.20,0.456,4.176,0.348,banana,fresh
21199228,20966,93.45,854.55,71.15,0.457,4.177,0.348,banana,fresh
21200240,20967,93.30,854.20,71.10,0.456,4.175,0.348,banana,fresh
21201251,20968,93.40,854.45,71.20,0.457,4.176,0.348,banana,fresh
21202262,20969,93.30,854.45,71.05,0.456,4.176,0.347,banana,fresh
21203273,20970,93.40,854.50,71.20,0.457,4.176,0.348,banana,fresh
21204284,20971,93.35,854.30,71.15,0.456,4.175,0.348,banana,fresh
21205296,20972,93.35,854.55,71.15,0.456,4.177,0.348,banana,fresh
21206306,20973,93.30,854.50,71.15,0.456,4.176,0.348,banana,fresh
21207318,20974,93.35,854.45,71.20,0.456,4.176,0.348,banana,fresh
21208329,20975,93.35,854.40,71.05,0.456,4.176,0.347,banana,fresh
21209339,20976,93.45,854.45,71.20,0.457,4.176,0.348,banana,fresh
21210351,20977,93.45,854.45,71.10,0.457,4.176,0.348,banana,fresh
21211362,20978,93.40,854.65,71.05,0.457,4.177,0.347,banana,fresh
21212374,20979,93.15,854.35,71.10,0.455,4.176,0.348,banana,fresh
21213384,20980,93.25,854.35,71.35,0.456,4.176,0.349,banana,fresh
21214396,20981,93.55,854.60,71.10,0.457,4.177,0.348,banana,fresh
21215407,20982,93.35,854.60,71.20,0.456,4.177,0.348,banana,fresh
21216418,20983,93.30,854.70,71.30,0.456,4.177,0.348,banana,fresh
21217429,20984,93.35,854.50,71.20,0.456,4.176,0.348,banana,fresh
21218440,20985,93.50,854.60,71.15,0.457,4.177,0.348,banana,fresh
21219451,20986,93.35,854.40,71.20,0.456,4.176,0.348,banana,fresh
21220462,20987,93.35,854.40,71.15,0.456,4.176,0.348,banana,fresh
21221474,20988,93.20,854.50,71.20,0.456,4.176,0.348,banana,fresh
21222484,20989,93.35,854.60,71.10,0.456,4.177,0.348,banana,fresh
21223496,20990,93.30,854.65,71.05,0.456,4.177,0.347,banana,fresh
21224507,20991,93.25,854.50,71.25,0.456,4.176,0.348,banana,fresh
21225518,20992,93.45,854.60,71.10,0.457,4.177,0.348,banana,fresh
21226529,20993,93.30,854.70,71.20,0.456,4.177,0.348,banana,fresh
21227540,20994,93.30,854.50,71.25,0.456,4.176,0.348,banana,fresh
21228552,20995,93.35,854.60,71.15,0.456,4.177,0.348,banana,fresh
21229562,20996,93.45,854.50,71.20,0.457,4.176,0.348,banana,fresh
21230574,20997,93.50,854.55,71.15,0.457,4.177,0.348,banana,fresh
21231585,20998,93.45,854.75,71.20,0.457,4.178,0.348,banana,fresh
21232596,20999,93.40,854.35,71.20,0.457,4.176,0.348,banana,fresh
21233607,21000,93.45,854.60,71.30,0.457,4.177,0.348,banana,fresh
21234618,21001,93.45,854.65,71.15,0.457,4.177,0.348,banana,fresh
21235630,21002,93.20,854.55,71.20,0.456,4.177,0.348,banana,fresh
21236640,21003,93.20,854.50,71.25,0.456,4.176,0.348,banana,fresh
21237652,21004,93.25,854.55,71.10,0.456,4.177,0.348,banana,fresh
21238663,21005,93.40,854.45,71.15,0.457,4.176,0.348,banana,fresh
21239674,21006,93.55,854.35,71.35,0.457,4.176,0.349,banana,fresh
21240685,21007,93.30,854.45,71.15,0.456,4.176,0.348,banana,fresh
21241696,21008,93.30,854.55,71.20,0.456,4.177,0.348,banana,fresh
21242707,21009,93.30,854.65,71.10,0.456,4.177,0.348,banana,fresh
21243718,21010,93.05,854.70,71.15,0.455,4.177,0.348,banana,fresh
21244730,21011,93.25,854.45,71.20,0.456,4.176,0.348,banana,fresh
21245741,21012,93.30,854.35,71.10,0.456,4.176,0.348,banana,fresh
21246752,21013,93.40,854.55,71.10,0.457,4.177,0.348,banana,fresh
21247763,21014,93.55,854.70,71.25,0.457,4.177,0.348,banana,fresh
21248775,21015,93.40,854.65,71.05,0.457,4.177,0.347,banana,fresh
21249785,21016,93.45,854.60,71.15,0.457,4.177,0.348,banana,fresh
21250796,21017,93.35,854.60,71.15,0.456,4.177,0.348,banana,fresh
21251808,21018,93.35,854.70,71.15,0.456,4.177,0.348,banana,fresh
21252818,21019,93.40,854.65,71.05,0.457,4.177,0.347,banana,fresh
21253830,21020,93.20,854.50,71.10,0.456,4.176,0.348,banana,fresh
21254841,21021,93.40,854.45,71.30,0.457,4.176,0.348,banana,fresh
21255853,21022,93.45,854.40,71.20,0.457,4.176,0.348,banana,fresh
21256863,21023,93.20,854.45,71.15,0.456,4.176,0.348,banana,fresh
21257874,21024,93.35,854.60,71.25,0.456,4.177,0.348,banana,fresh
21258886,21025,93.40,854.55,71.00,0.457,4.177,0.347,banana,fresh
21259896,21026,93.40,854.40,71.35,0.457,4.176,0.349,banana,fresh
21260908,21027,93.50,854.50,71.20,0.457,4.176,0.348,banana,fresh
21261919,21028,93.25,854.55,71.35,0.456,4.177,0.349,banana,fresh
21262930,21029,93.50,854.55,71.00,0.457,4.177,0.347,banana,fresh
21263941,21030,93.15,854.40,71.15,0.455,4.176,0.348,banana,fresh
21264953,21031,93.25,854.45,71.10,0.456,4.176,0.348,banana,fresh
21265964,21032,93.30,854.60,71.25,0.456,4.177,0.348,banana,fresh
21266974,21033,93.30,854.50,71.15,0.456,4.176,0.348,banana,fresh
21267986,21034,93.35,854.55,71.30,0.456,4.177,0.348,banana,fresh
21268997,21035,93.25,854.50,71.20,0.456,4.176,0.348,banana,fresh
21270008,21036,93.30,854.55,71.30,0.456,4.177,0.348,banana,fresh
21271019,21037,93.40,854.65,71.05,0.457,4.177,0.347,banana,fresh
21272031,21038,93.20,854.65,71.15,0.456,4.177,0.348,banana,fresh
21273041,21039,93.50,854.60,71.20,0.457,4.177,0.348,banana,fresh
21274052,21040,93.30,854.65,71.10,0.456,4.177,0.348,banana,fresh
21275064,21041,93.40,854.65,71.15,0.457,4.177,0.348,banana,fresh
21276075,21042,93.30,854.55,71.15,0.456,4.177,0.348,banana,fresh
21277086,21043,93.35,854.60,71.20,0.456,4.177,0.348,banana,fresh
21278097,21044,93.10,854.80,71.35,0.455,4.178,0.349,banana,fresh
21279109,21045,93.40,854.65,71.05,0.457,4.177,0.347,banana,fresh
21280119,21046,93.45,854.50,71.10,0.457,4.176,0.348,banana,fresh
21281131,21047,93.40,854.50,71.25,0.457,4.176,0.348,banana,fresh
21282142,21048,93.35,854.60,71.25,0.456,4.177,0.348,banana,fresh
21283152,21049,93.25,854.35,71.15,0.456,4.176,0.348,banana,fresh
21284164,21050,93.25,854.60,71.10,0.456,4.177,0.348,banana,fresh
21285175,21051,93.20,854.80,71.10,0.456,4.178,0.348,banana,fresh
21286187,21052,93.45,854.70,71.15,0.457,4.177,0.348,banana,fresh
21287197,21053,93.25,854.60,71.10,0.456,4.177,0.348,banana,fresh
21288209,21054,93.65,854.50,71.15,0.458,4.176,0.348,banana,fresh
21289220,21055,93.20,854.50,71.10,0.456,4.176,0.348,banana,fresh
21290230,21056,93.35,854.60,71.10,0.456,4.177,0.348,banana,fresh
21291242,21057,93.30,854.55,71.15,0.456,4.177,0.348,banana,fresh
21292253,21058,93.20,854.35,71.25,0.456,4.176,0.348,banana,fresh
21293264,21059,93.25,854.65,71.25,0.456,4.177,0.348,banana,fresh
21294275,21060,93.40,854.60,71.25,0.457,4.177,0.348,banana,fresh
21295287,21061,93.20,854.65,71.15,0.456,4.177,0.348,banana,fresh
21296297,21062,93.35,854.60,71.15,0.456,4.177,0.348,banana,fresh
21297309,21063,93.30,854.45,71.15,0.456,4.176,0.348,banana,fresh
21298320,21064,93.35,854.50,71.10,0.456,4.176,0.348,banana,fresh
21299331,21065,93.40,854.55,71.05,0.457,4.177,0.347,banana,fresh
21300342,21066,93.30,854.80,71.25,0.456,4.178,0.348,banana,fresh
21301353,21067,93.25,854.65,71.10,0.456,4.177,0.348,banana,fresh
21302365,21068,93.30,854.75,71.20,0.456,4.178,0.348,banana,fresh
21303375,21069,93.35,854.50,71.25,0.456,4.176,0.348,banana,fresh
21304386,21070,93.20,854.65,71.15,0.456,4.177,0.348,banana,fresh
21305398,21071,93.50,854.65,71.20,0.457,4.177,0.348,banana,fresh
21306408,21072,93.35,854.65,71.10,0.456,4.177,0.348,banana,fresh
21307420,21073,93.45,854.55,71.15,0.457,4.177,0.348,banana,fresh
21308431,21074,93.35,854.60,71.25,0.456,4.177,0.348,banana,fresh
21309443,21075,93.45,854.50,71.10,0.457,4.176,0.348,banana,fresh
21310453,21076,93.30,854.50,71.15,0.456,4.176,0.348,banana,fresh
21311465,21077,93.30,854.55,71.05,0.456,4.177,0.347,banana,fresh
21312476,21078,93.30,854.40,71.20,0.456,4.176,0.348,banana,fresh
21313486,21079,93.30,854.60,71.30,0.456,4.177,0.348,banana,fresh
21314498,21080,93.50,854.70,71.05,0.457,4.177,0.347,banana,fresh
21315509,21081,93.35,854.60,71.20,0.456,4.177,0.348,banana,fresh
21316520,21082,93.40,854.60,71.25,0.457,4.177,0.348,banana,fresh
21317531,21083,93.55,854.75,71.15,0.457,4.178,0.348,banana,fresh
21318543,21084,93.45,854.45,71.25,0.457,4.176,0.348,banana,fresh
21319554,21085,93.35,854.55,71.30,0.456,4.177,0.348,banana,fresh
21320565,21086,93.50,854.45,71.20,0.457,4.176,0.348,banana,fresh
21321576,21087,93.35,854.70,71.35,0.456,4.177,0.349,banana,fresh
21322587,21088,93.30,854.50,71.05,0.456,4.176,0.347,banana,fresh
21323598,21089,93.40,854.60,71.25,0.457,4.177,0.348,banana,fresh
21324609,21090,93.30,854.70,71.25,0.456,4.177,0.348,banana,fresh
21325621,21091,93.40,854.60,71.20,0.457,4.177,0.348,banana,fresh
21326631,21092,93.35,854.55,71.15,0.456,4.177,0.348,banana,fresh
21327643,21093,93.40,854.50,71.10,0.457,4.176,0.348,banana,fresh
21328654,21094,93.25,854.75,71.15,0.456,4.178,0.348,banana,fresh
21329665,21095,93.15,854.65,71.20,0.455,4.177,0.348,banana,fresh
21330676,21096,93.50,854.45,71.40,0.457,4.176,0.349,banana,fresh
21331687,21097,93.20,854.45,71.30,0.456,4.176,0.348,banana,fresh
21332699,21098,93.50,854.55,71.30,0.457,4.177,0.348,banana,fresh
21333709,21099,93.35,854.40,71.25,0.456,4.176,0.348,banana,fresh
21334721,21100,93.50,854.65,71.10,0.457,4.177,0.348,banana,fresh
21335732,21101,93.45,854.70,71.10,0.457,4.177,0.348,banana,fresh
21336743,21102,93.60,854.70,71.15,0.457,4.177,0.348,banana,fresh
21337754,21103,93.55,854.75,71.10,0.457,4.178,0.348,banana,fresh
21338765,21104,93.45,854.65,71.20,0.457,4.177,0.348,banana,fresh
21339777,21105,93.50,854.60,71.15,0.457,4.177,0.348,banana,fresh
21340787,21106,93.35,854.65,71.20,0.456,4.177,0.348,banana,fresh
21341799,21107,93.40,854.70,71.25,0.457,4.177,0.348,banana,fresh
21342810,21108,93.45,854.60,71.20,0.457,4.177,0.348,banana,fresh
21343821,21109,93.20,854.75,71.30,0.456,4.178,0.348,banana,fresh
21344832,21110,93.35,854.60,71.10,0.456,4.177,0.348,banana,fresh
21345843,21111,93.30,854.60,71.40,0.456,4.177,0.349,banana,fresh
21346854,21112,93.55,854.65,71.15,0.457,4.177,0.348,banana,fresh
21347865,21113,93.35,854.55,71.20,0.456,4.177,0.348,banana,fresh
21348877,21114,93.45,854.65,71.15,0.457,4.177,0.348,banana,fresh
21349888,21115,93.45,854.70,71.05,0.457,4.177,0.347,banana,fresh
21350899,21116,93.50,854.65,71.15,0.457,4.177,0.348,banana,fresh
21351910,21117,93.45,854.70,71.20,0.457,4.177,0.348,banana,fresh
21352921,21118,93.45,854.45,71.20,0.457,4.176,0.348,banana,fresh
21353932,21119,93.45,854.65,71.20,0.457,4.177,0.348,banana,fresh
21354943,21120,93.45,854.75,71.15,0.457,4.178,0.348,banana,fresh
21355955,21121,93.40,854.65,71.20,0.457,4.177,0.348,banana,fresh
21356965,21122,93.20,854.60,71.05,0.456,4.177,0.347,banana,fresh
21357977,21123,93.50,854.35,71.30,0.457,4.176,0.348,banana,fresh
21358988,21124,93.25,854.70,71.15,0.456,4.177,0.348,banana,fresh
21360000,21125,93.40,854.50,71.45,0.457,4.176,0.349,banana,fresh
21361010,21126,93.35,854.65,71.05,0.456,4.177,0.347,banana,fresh
21362021,21127,93.45,854.45,71.10,0.457,4.176,0.348,banana,fresh
21363033,21128,93.40,854.50,71.30,0.457,4.176,0.348,banana,fresh
21364043,21129,93.35,854.55,71.30,0.456,4.177,0.348,banana,fresh
21365055,21130,93.40,854.60,71.15,0.457,4.177,0.348,banana,fresh
21366066,21131,93.30,854.60,71.15,0.456,4.177,0.348,banana,fresh
21367077,21132,93.55,854.70,71.35,0.457,4.177,0.349,banana,fresh
21368088,21133,93.30,854.60,71.30,0.456,4.177,0.348,banana,fresh
21369099,21134,93.40,854.70,71.15,0.457,4.177,0.348,banana,fresh
21370110,21135,93.35,854.45,71.15,0.456,4.176,0.348,banana,fresh
21371121,21136,93.40,854.45,71.15,0.457,4.176,0.348,banana,fresh
21372133,21137,93.30,854.65,71.15,0.456,4.177,0.348,banana,fresh
21373144,21138,93.60,854.45,71.10,0.457,4.176,0.348,banana,fresh
21374155,21139,93.40,854.70,71.15,0.457,4.177,0.348,banana,fresh
21375166,21140,93.45,854.65,71.20,0.457,4.177,0.348,banana,fresh
21376178,21141,93.35,854.50,71.15,0.456,4.176,0.348,banana,fresh
21377188,21142,93.50,854.55,71.20,0.457,4.177,0.348,banana,fresh
21378199,21143,93.25,854.70,71.05,0.456,4.177,0.347,banana,fresh
21379211,21144,93.25,854.70,71.10,0.456,4.177,0.348,banana,fresh
21380221,21145,93.50,854.50,71.00,0.457,4.176,0.347,banana,fresh
21381233,21146,93.25,854.65,71.10,0.456,4.177,0.348,banana,fresh
21382244,21147,93.15,854.65,71.25,0.455,4.177,0.348,banana,fresh
21383256,21148,93.50,854.55,71.40,0.457,4.177,0.349,banana,fresh
21384266,21149,93.50,854.60,71.15,0.457,4.177,0.348,banana,fresh
21385278,21150,93.30,854.80,71.10,0.456,4.178,0.348,banana,fresh
21386289,21151,93.20,854.60,71.15,0.456,4.177,0.348,banana,fresh
21387299,21152,93.45,854.70,71.15,0.457,4.177,0.348,banana,fresh
21388311,21153,93.30,854.75,71.15,0.456,4.178,0.348,banana,fresh
21389322,21154,93.40,854.60,71.05,0.457,4.177,0.347,banana,fresh
21390333,21155,93.45,854.75,71.10,0.457,4.178,0.348,banana,fresh
21391344,21156,93.35,854.90,71.10,0.456,4.178,0.348,banana,fresh
21392356,21157,93.45,854.45,71.15,0.457,4.176,0.348,banana,fresh
21393367,21158,93.35,854.60,71.20,0.456,4.177,0.348,banana,fresh
21394378,21159,93.35,854.50,71.25,0.456,4.176,0.348,banana,fresh
21395389,21160,93.30,854.80,71.00,0.456,4.178,0.347,banana,fresh
21396400,21161,93.35,854.45,71.05,0.456,4.176,0.347,banana,fresh
21397411,21162,93.30,854.55,71.05,0.456,4.177,0.347,banana,fresh
21398422,21163,93.60,854.55,71.20,0.457,4.177,0.348,banana,fresh
21399434,21164,93.35,854.50,71.20,0.456,4.176,0.348,banana,fresh
21400444,21165,93.40,854.60,71.00,0.457,4.177,0.347,banana,fresh
21401456,21166,93.50,854.75,71.10,0.457,4.178,0.348,banana,fresh
21402467,21167,93.45,854.55,71.10,0.457,4.177,0.348,banana,fresh
21403478,21168,93.25,854.50,71.30,0.456,4.176,0.348,banana,fresh
21404489,21169,93.50,854.70,71.15,0.457,4.177,0.348,banana,fresh
21405500,21170,93.30,854.35,71.20,0.456,4.176,0.348,banana,fresh
21406512,21171,93.40,854.60,71.10,0.457,4.177,0.348,banana,fresh
21407522,21172,93.45,854.60,71.20,0.457,4.177,0.348,banana,fresh
21408534,21173,93.55,854.70,71.10,0.457,4.177,0.348,banana,fresh
21409545,21174,93.50,854.70,71.15,0.457,4.177,0.348,banana,fresh
21410555,21175,93.20,854.60,71.35,0.456,4.177,0.349,banana,fresh
21411567,21176,93.45,854.55,71.25,0.457,4.177,0.348,banana,fresh
21412578,21177,93.35,854.75,71.15,0.456,4.178,0.348,banana,fresh
21413590,21178,93.25,854.60,71.10,0.456,4.177,0.348,banana,fresh
21414600,21179,93.30,854.75,71.20,0.456,4.178,0.348,banana,fresh
21415612,21180,93.35,854.60,71.25,0.456,4.177,0.348,banana,fresh
21416623,21181,93.55,854.70,71.25,0.457,4.177,0.348,banana,fresh
21417634,21182,93.50,854.70,71.10,0.457,4.177,0.348,banana,fresh
21418645,21183,93.40,854.70,71.15,0.457,4.177,0.348,banana,fresh
21419656,21184,93.50,854.70,71.20,0.457,4.177,0.348,banana,fresh
21420667,21185,93.40,854.80,71.15,0.457,4.178,0.348,banana,fresh
21421678,21186,93.60,854.55,71.15,0.457,4.177,0.348,banana,fresh
21422690,21187,93.35,854.70,71.30,0.456,4.177,0.348,banana,fresh
21423700,21188,93.35,854.75,71.30,0.456,4.178,0.348,banana,fresh
21424712,21189,93.35,854.70,71.30,0.456,4.177,0.348,banana,fresh
21425723,21190,93.55,854.75,71.05,0.457,4.178,0.347,banana,fresh
21426735,21191,93.40,854.65,71.15,0.457,4.177,0.348,banana,fresh
21427745,21192,93.55,854.75,71.25,0.457,4.178,0.348,banana,fresh
21428756,21193,93.40,854.60,71.30,0.457,4.177,0.348,banana,fresh
21429768,21194,93.25,854.70,71.15,0.456,4.177,0.348,banana,fresh
21430778,21195,93.40,854.60,71.15,0.457,4.177,0.348,banana,fresh
21431790,21196,93.45,854.75,71.25,0.457,4.178,0.348,banana,fresh
21432801,21197,93.50,854.80,71.20,0.457,4.178,0.348,banana,fresh
21433812,21198,93.35,854.55,71.15,0.456,4.177,0.348,banana,fresh
21434823,21199,93.50,854.60,71.15,0.457,4.177,0.348,banana,fresh
21435835,21200,93.40,854.60,71.30,0.457,4.177,0.348,banana,fresh
21436846,21201,93.20,854.75,71.20,0.456,4.178,0.348,banana,fresh
21437856,21202,93.25,854.50,71.15,0.456,4.176,0.348,banana,fresh
21438868,21203,93.35,854.65,71.30,0.456,4.177,0.348,banana,fresh
21439879,21204,93.50,854.75,71.15,0.457,4.178,0.348,banana,fresh
21440890,21205,93.45,854.75,71.15,0.457,4.178,0.348,banana,fresh
21441901,21206,93.50,854.50,71.20,0.457,4.176,0.348,banana,fresh
21442913,21207,93.40,854.70,71.10,0.457,4.177,0.348,banana,fresh
21443923,21208,93.30,854.65,71.10,0.456,4.177,0.348,banana,fresh
21444934,21209,93.35,854.50,71.30,0.456,4.176,0.348,banana,fresh
21445946,21210,93.60,854.85,71.40,0.457,4.178,0.349,banana,fresh
21446957,21211,93.55,854.70,71.20,0.457,4.177,0.348,banana,fresh
21447968,21212,93.25,854.70,71.10,0.456,4.177,0.348,banana,fresh
21448979,21213,93.30,854.85,71.15,0.456,4.178,0.348,banana,fresh
21449991,21214,93.50,854.80,71.25,0.457,4.178,0.348,banana,fresh
21451001,21215,93.20,854.70,71.20,0.456,4.177,0.348,banana,fresh
21452012,21216,93.40,854.85,71.25,0.457,4.178,0.348,banana,fresh
21453024,21217,93.45,854.75,71.10,0.457,4.178,0.348,banana,fresh
21454034,21218,93.45,854.75,71.10,0.457,4.178,0.348,banana,fresh
21455046,21219,93.45,854.50,71.05,0.457,4.176,0.347,banana,fresh
21456057,21220,93.20,854.70,71.15,0.456,4.177,0.348,banana,fresh
21457069,21221,93.65,854.75,71.10,0.458,4.178,0.348,banana,fresh
21458079,21222,93.40,854.85,71.10,0.457,4.178,0.348,banana,fresh
21459091,21223,93.40,854.90,71.20,0.457,4.178,0.348,banana,fresh
21460102,21224,93.40,854.80,71.10,0.457,4.178,0.348,banana,fresh
21461112,21225,93.45,854.70,71.15,0.457,4.177,0.348,banana,fresh
21462124,21226,93.35,854.90,71.25,0.456,4.178,0.348,banana,fresh
21463135,21227,93.35,854.60,71.05,0.456,4.177,0.347,banana,fresh
21464146,21228,93.45,854.80,71.25,0.457,4.178,0.348,banana,fresh
21465157,21229,93.55,854.70,71.05,0.457,4.177,0.347,banana,fresh
21466169,21230,93.50,854.80,71.20,0.457,4.178,0.348,banana,fresh
21467180,21231,93.60,854.60,71.05,0.457,4.177,0.347,banana,fresh
21468191,21232,93.65,854.80,71.15,0.458,4.178,0.348,banana,fresh
21469202,21233,93.30,854.75,71.05,0.456,4.178,0.347,banana,fresh
21470213,21234,93.35,854.75,71.15,0.456,4.178,0.348,banana,fresh
21471224,21235,93.75,854.70,71.15,0.458,4.177,0.348,banana,fresh
21472235,21236,93.35,854.90,71.10,0.456,4.178,0.348,banana,fresh
21473247,21237,93.50,854.75,71.15,0.457,4.178,0.348,banana,fresh
21474257,21238,93.40,854.70,71.05,0.457,4.177,0.347,banana,fresh
21475269,21239,93.25,854.80,71.15,0.456,4.178,0.348,banana,fresh
21476280,21240,93.70,854.75,71.05,0.458,4.178,0.347,banana,fresh
21477291,21241,93.40,854.75,71.10,0.457,4.178,0.348,banana,fresh
21478302,21242,93.55,854.85,71.20,0.457,4.178,0.348,banana,fresh
21479313,21243,93.30,854.75,71.15,0.456,4.178,0.348,banana,fresh
21480325,21244,93.30,854.85,71.25,0.456,4.178,0.348,banana,fresh
21481335,21245,93.40,854.85,71.30,0.457,4.178,0.348,banana,fresh
21482347,21246,93.30,854.60,71.10,0.456,4.177,0.348,banana,fresh
21483358,21247,93.40,854.75,71.05,0.457,4.178,0.347,banana,fresh
21484369,21248,93.40,854.75,71.20,0.457,4.178,0.348,banana,fresh
21485380,21249,93.55,854.60,71.30,0.457,4.177,0.348,banana,fresh
21486391,21250,93.45,854.85,71.25,0.457,4.178,0.348,banana,fresh
21487403,21251,93.35,854.90,71.20,0.456,4.178,0.348,banana,fresh
21488413,21252,93.35,854.70,71.35,0.456,4.177,0.349,banana,fresh
21489425,21253,93.45,854.65,71.20,0.457,4.177,0.348,banana,fresh
21490436,21254,93.40,854.80,71.25,0.457,4.178,0.348,banana,fresh
21491447,21255,93.50,854.80,71.10,0.457,4.178,0.348,banana,fresh
21492458,21256,93.35,854.45,71.25,0.456,4.176,0.348,banana,fresh
21493469,21257,93.45,854.70,71.30,0.457,4.177,0.348,banana,fresh
21494480,21258,93.20,854.45,71.20,0.456,4.176,0.348,banana,fresh
21495491,21259,93.25,854.85,71.25,0.456,4.178,0.348,banana,fresh
21496503,21260,93.40,854.85,71.00,0.457,4.178,0.347,banana,fresh
21497513,21261,93.35,854.60,71.25,0.456,4.177,0.348,banana,fresh
21498525,21262,93.45,855.00,71.30,0.457,4.179,0.348,banana,fresh
21499536,21263,93.40,854.80,71.15,0.457,4.178,0.348,banana,fresh
21500548,21264,93.50,854.70,71.15,0.457,4.177,0.348,banana,fresh
21501558,21265,93.55,854.85,71.35,0.457,4.178,0.349,banana,fresh
21502569,21266,93.35,854.80,71.10,0.456,4.178,0.348,banana,fresh
21503581,21267,93.30,854.85,71.25,0.456,4.178,0.348,banana,fresh
21504591,21268,93.45,854.75,71.05,0.457,4.178,0.347,banana,fresh
21505603,21269,93.55,854.85,71.15,0.457,4.178,0.348,banana,fresh
21506614,21270,93.40,854.65,71.10,0.457,4.177,0.348,banana,fresh
21507625,21271,93.65,854.75,71.20,0.458,4.178,0.348,banana,fresh
21508636,21272,93.35,854.85,71.15,0.456,4.178,0.348,banana,fresh
21509647,21273,93.50,854.70,71.15,0.457,4.177,0.348,banana,fresh
21510659,21274,93.40,854.80,71.30,0.457,4.178,0.348,banana,fresh
21511669,21275,93.35,854.75,71.20,0.456,4.178,0.348,banana,fresh
21512681,21276,93.65,854.90,71.20,0.458,4.178,0.348,banana,fresh
21513692,21277,93.40,854.65,71.15,0.457,4.177,0.348,banana,fresh
21514703,21278,93.45,854.60,71.25,0.457,4.177,0.348,banana,fresh
21515714,21279,93.40,854.70,71.25,0.457,4.177,0.348,banana,fresh
21516726,21280,93.40,854.75,71.20,0.457,4.178,0.348,banana,fresh
21517736,21281,93.65,854.65,71.25,0.458,4.177,0.348,banana,fresh
21518747,21282,93.45,854.85,71.20,0.457,4.178,0.348,banana,fresh
21519759,21283,93.45,854.60,71.10,0.457,4.177,0.348,banana,fresh
21520770,21284,93.60,854.90,71.20,0.457,4.178,0.348,banana,fresh
21521781,21285,93.45,854.85,71.10,0.457,4.178,0.348,banana,fresh
21522792,21286,93.30,854.75,71.20,0.456,4.178,0.348,banana,fresh
21523804,21287,93.50,854.75,71.20,0.457,4.178,0.348,banana,fresh
21524814,21288,93.25,854.70,71.15,0.456,4.177,0.348,banana,fresh
21525825,21289,93.45,854.70,71.20,0.457,4.177,0.348,banana,fresh
21526837,21290,93.45,854.80,71.30,0.457,4.178,0.348,banana,fresh
21527847,21291,93.40,854.70,71.30,0.457,4.177,0.348,banana,fresh
21528859,21292,93.30,854.85,71.15,0.456,4.178,0.348,banana,fresh
21529870,21293,93.30,854.75,71.20,0.456,4.178,0.348,banana,fresh
21530882,21294,93.25,854.90,71.40,0.456,4.178,0.349,banana,fresh
21531892,21295,93.45,854.75,71.25,0.457,4.178,0.348,banana,fresh
21532904,21296,93.40,854.75,71.05,0.457,4.178,0.347,banana,fresh
21533915,21297,93.25,854.70,71.20,0.456,4.177,0.348,banana,fresh
21534925,21298,93.30,854.80,71.25,0.456,4.178,0.348,banana,fresh
21535937,21299,93.30,854.75,71.25,0.456,4.178,0.348,banana,fresh
21536948,21300,93.50,854.60,71.20,0.457,4.177,0.348,banana,fresh
21537959,21301,93.35,854.85,71.30,0.456,4.178,0.348,banana,fresh
21538970,21302,93.40,854.75,71.15,0.457,4.178,0.348,banana,fresh
21539982,21303,93.45,854.85,71.10,0.457,4.178,0.348,banana,fresh
21540993,21304,93.60,854.70,71.10,0.457,4.177,0.348,banana,fresh
21542003,21305,93.45,854.80,71.25,0.457,4.178,0.348,banana,fresh
21543015,21306,93.50,854.80,71.40,0.457,4.178,0.349,banana,fresh
21544026,21307,93.40,854.85,71.30,0.457,4.178,0.348,banana,fresh
21545037,21308,93.70,854.90,71.00,0.458,4.178,0.347,banana,fresh
21546048,21309,93.50,854.75,71.05,0.457,4.178,0.347,banana,fresh
21547060,21310,93.60,854.85,71.25,0.457,4.178,0.348,banana,fresh
21548070,21311,93.50,854.90,71.15,0.457,4.178,0.348,banana,fresh
21549081,21312,93.40,854.85,71.15,0.457,4.178,0.348,banana,fresh
21550093,21313,93.35,854.65,71.20,0.456,4.177,0.348,banana,fresh
21551104,21314,93.30,854.75,71.20,0.456,4.178,0.348,banana,fresh
21552115,21315,93.60,854.85,71.20,0.457,4.178,0.348,banana,fresh
21553126,21316,93.30,854.90,71.25,0.456,4.178,0.348,banana,fresh
21554138,21317,93.30,854.85,71.20,0.456,4.178,0.348,banana,fresh
21555148,21318,93.40,854.80,71.15,0.457,4.178,0.348,banana,fresh
21556160,21319,93.40,854.80,71.10,0.457,4.178,0.348,banana,fresh
21557171,21320,93.60,854.75,71.30,0.457,4.178,0.348,banana,fresh
21558181,21321,93.50,854.85,71.15,0.457,4.178,0.348,banana,fresh
21559193,21322,93.45,854.55,71.35,0.457,4.177,0.349,banana,fresh
21560204,21323,93.30,854.80,71.10,0.456,4.178,0.348,banana,fresh
21561216,21324,93.30,854.95,71.10,0.456,4.179,0.348,banana,fresh
21562226,21325,93.40,854.85,71.25,0.457,4.178,0.348,banana,fresh
21563238,21326,93.55,854.85,71.15,0.457,4.178,0.348,banana,fresh
21564249,21327,93.60,854.90,71.20,0.457,4.178,0.348,banana,fresh
21565259,21328,93.35,854.80,71.30,0.456,4.178,0.348,banana,fresh
21566271,21329,93.30,854.75,71.20,0.456,4.178,0.348,banana,fresh
21567282,21330,93.35,854.75,71.25,0.456,4.178,0.348,banana,fresh
21568293,21331,93.40,854.75,71.15,0.457,4.178,0.348,banana,fresh
21569304,21332,93.40,854.90,71.30,0.457,4.178,0.348,banana,fresh
21570316,21333,93.35,854.75,71.35,0.456,4.178,0.349,banana,fresh
21571326,21334,93.40,854.85,71.15,0.457,4.178,0.348,banana,fresh
21572338,21335,93.65,854.90,71.35,0.458,4.178,0.349,banana,fresh
21573349,21336,93.35,854.80,71.20,0.456,4.178,0.348,banana,fresh
21574360,21337,93.35,854.75,71.20,0.456,4.178,0.348,banana,fresh
21575371,21338,93.30,854.85,71.30,0.456,4.178,0.348,banana,fresh
21576382,21339,93.45,854.85,71.15,0.457,4.178,0.348,banana,fresh
21577394,21340,93.30,854.80,71.05,0.456,4.178,0.347,banana,fresh
21578404,21341,93.35,854.85,71.15,0.456,4.178,0.348,banana,fresh
21579416,21342,93.30,854.75,71.25,0.456,4.178,0.348,banana,fresh
21580427,21343,93.45,854.70,71.10,0.457,4.177,0.348,banana,fresh
21581437,21344,93.35,854.85,71.30,0.456,4.178,0.348,banana,fresh
21582449,21345,93.45,854.80,71.30,0.457,4.178,0.348,banana,fresh
21583460,21346,93.40,854.80,71.30,0.457,4.178,0.348,banana,fresh
21584472,21347,93.45,854.95,71.20,0.457,4.179,0.348,banana,fresh
21585482,21348,93.40,854.80,71.10,0.457,4.178,0.348,banana,fresh
21586494,21349,93.40,854.65,71.25,0.457,4.177,0.348,banana,fresh
21587505,21350,93.45,854.70,71.35,0.457,4.177,0.349,banana,fresh
21588516,21351,93.55,854.95,71.20,0.457,4.179,0.348,banana,fresh
21589527,21352,93.60,854.60,71.35,0.457,4.177,0.349,banana,fresh
21590538,21353,93.40,854.75,71.25,0.457,4.178,0.348,banana,fresh
21591549,21354,93.40,854.80,71.15,0.457,4.178,0.348,banana,fresh
21592560,21355,93.40,854.80,71.15,0.457,4.178,0.348,banana,fresh
21593572,21356,93.50,854.90,71.15,0.457,4.178,0.348,banana,fresh
21594583,21357,93.45,854.75,71.20,0.457,4.178,0.348,banana,fresh
21595594,21358,93.70,854.85,71.35,0.458,4.178,0.349,banana,fresh
21596605,21359,93.65,854.85,71.25,0.458,4.178,0.348,banana,fresh
21597616,21360,93.40,854.80,71.25,0.457,4.178,0.348,banana,fresh
21598627,21361,93.40,854.80,71.15,0.457,4.178,0.348,banana,fresh
21599638,21362,93.30,854.80,71.15,0.456,4.178,0.348,banana,fresh
21600650,21363,93.45,854.95,71.15,0.457,4.179,0.348,banana,fresh
21601660,21364,93.40,854.90,71.20,0.457,4.178,0.348,banana,fresh
21602672,21365,93.55,855.00,71.30,0.457,4.179,0.348,banana,fresh
21603683,21366,93.30,854.85,71.20,0.456,4.178,0.348,banana,fresh
21604694,21367,93.45,854.85,71.25,0.457,4.178,0.348,banana,fresh
21605705,21368,93.40,854.95,71.20,0.457,4.179,0.348,banana,fresh
21606716,21369,93.35,854.80,71.15,0.456,4.178,0.348,banana,fresh
21607728,21370,93.25,854.80,71.15,0.456,4.178,0.348,banana,fresh
21608738,21371,93.40,854.90,71.10,0.457,4.178,0.348,banana,fresh
21609750,21372,93.35,854.85,71.15,0.456,4.178,0.348,banana,fresh
21610761,21373,93.35,854.75,71.25,0.456,4.178,0.348,banana,fresh
21611772,21374,93.50,854.85,71.30,0.457,4.178,0.348,banana,fresh
21612783,21375,93.40,854.95,71.10,0.457,4.179,0.348,banana,fresh
21613794,21376,93.30,854.80,71.10,0.456,4.178,0.348,banana,fresh
21614806,21377,93.20,854.85,71.40,0.456,4.178,0.349,banana,fresh
21615816,21378,93.35,854.85,71.10,0.456,4.178,0.348,banana,fresh
21616828,21379,93.50,854.80,71.20,0.457,4.178,0.348,banana,fresh
21617839,21380,93.35,854.80,71.30,0.456,4.178,0.348,banana,fresh
21618850,21381,93.35,854.85,71.35,0.456,4.178,0.349,banana,fresh
21619861,21382,93.50,854.80,71.15,0.457,4.178,0.348,banana,fresh
21620872,21383,93.50,854.95,71.35,0.457,4.179,0.349,banana,fresh
21621883,21384,93.55,854.80,71.15,0.457,4.178,0.348,banana,fresh
21622894,21385,93.40,854.85,71.20,0.457,4.178,0.348,banana,fresh
21623906,21386,93.30,854.90,71.15,0.456,4.178,0.348,banana,fresh
21624916,21387,93.50,854.90,71.20,0.457,4.178,0.348,banana,fresh
21625928,21388,93.25,854.90,71.30,0.456,4.178,0.348,banana,fresh
21626939,21389,93.45,854.85,71.15,0.457,4.178,0.348,banana,fresh
21627951,21390,93.55,854.80,71.55,0.457,4.178,0.350,banana,fresh
21628961,21391,93.55,854.95,71.40,0.457,4.179,0.349,banana,fresh
21629972,21392,93.30,854.80,71.20,0.456,4.178,0.348,banana,fresh
21630984,21393,93.30,854.70,71.30,0.456,4.177,0.348,banana,fresh
21631994,21394,93.30,854.90,71.25,0.456,4.178,0.348,banana,fresh
21633006,21395,93.30,854.85,71.15,0.456,4.178,0.348,banana,fresh
21634017,21396,93.55,854.70,71.10,0.457,4.177,0.348,banana,fresh
21635028,21397,93.55,854.75,71.20,0.457,4.178,0.348,banana,fresh
21636039,21398,93.25,854.75,71.35,0.456,4.178,0.349,banana,fresh
21637051,21399,93.45,854.80,71.10,0.457,4.178,0.348,banana,fresh
21638062,21400,93.40,854.90,71.20,0.457,4.178,0.348,banana,fresh
21639072,21401,93.50,854.90,71.10,0.457,4.178,0.348,banana,fresh
21640084,21402,93.50,854.80,71.35,0.457,4.178,0.349,banana,fresh
21641095,21403,93.45,854.90,71.15,0.457,4.178,0.348,banana,fresh
21642106,21404,93.30,854.75,71.25,0.456,4.178,0.348,banana,fresh
21643117,21405,93.50,854.85,71.20,0.457,4.178,0.348,banana,fresh
21644129,21406,93.45,854.85,71.10,0.457,4.178,0.348,banana,fresh
21645139,21407,93.35,854.90,71.20,0.456,4.178,0.348,banana,fresh
21646150,21408,93.60,854.90,71.15,0.457,4.178,0.348,banana,fresh
21647162,21409,93.45,854.70,71.20,0.457,4.177,0.348,banana,fresh
21648173,21410,93.25,854.90,71.35,0.456,4.178,0.349,banana,fresh
21649184,21411,93.50,854.95,71.20,0.457,4.179,0.348,banana,fresh
21650195,21412,93.40,854.70,71.15,0.457,4.177,0.348,banana,fresh
21651207,21413,93.35,854.85,71.10,0.456,4.178,0.348,banana,fresh
21652217,21414,93.35,854.85,71.20,0.456,4.178,0.348,banana,fresh
21653229,21415,93.55,854.90,71.20,0.457,4.178,0.348,banana,fresh
21654240,21416,93.35,854.80,71.20,0.456,4.178,0.348,banana,fresh
21655250,21417,93.55,854.65,71.30,0.457,4.177,0.348,banana,fresh
21656262,21418,93.45,854.75,71.15,0.457,4.178,0.348,banana,fresh
21657273,21419,93.20,854.75,71.25,0.456,4.178,0.348,banana,fresh
21658285,21420,93.40,854.85,71.15,0.457,4.178,0.348,banana,fresh
21659295,21421,93.50,854.85,71.25,0.457,4.178,0.348,banana,fresh
21660307,21422,93.60,854.75,71.40,0.457,4.178,0.349,banana,fresh
21661318,21423,93.30,854.85,71.05,0.456,4.178,0.347,banana,fresh
21662328,21424,93.30,854.85,71.20,0.456,4.178,0.348,banana,fresh
21663340,21425,93.45,854.75,71.20,0.457,4.178,0.348,banana,fresh
21664351,21426,93.30,854.85,71.45,0.456,4.178,0.349,banana,fresh
21665362,21427,93.45,854.75,71.25,0.457,4.178,0.348,banana,fresh
21666373,21428,93.30,854.90,71.25,0.456,4.178,0.348,banana,fresh
21667385,21429,93.30,854.80,71.25,0.456,4.178,0.348,banana,fresh
21668396,21430,93.35,854.90,71.25,0.456,4.178,0.348,banana,fresh
21669407,21431,93.45,854.90,71.05,0.457,4.178,0.347,banana,fresh
21670418,21432,93.50,854.85,71.15,0.457,4.178,0.348,banana,fresh
21671429,21433,93.35,854.85,71.05,0.456,4.178,0.347,banana,fresh
21672440,21434,93.35,855.00,71.15,0.456,4.179,0.348,banana,fresh
21673451,21435,93.25,854.85,71.20,0.456,4.178,0.348,banana,fresh
21674463,21436,93.35,854.90,71.25,0.456,4.178,0.348,banana,fresh
21675473,21437,93.35,854.90,71.20,0.456,4.178,0.348,banana,fresh
21676485,21438,93.35,854.75,71.15,0.456,4.178,0.348,banana,fresh
21677496,21439,93.20,854.90,71.25,0.456,4.178,0.348,banana,fresh
21678507,21440,93.20,854.95,71.35,0.456,4.179,0.349,banana,fresh
21679518,21441,93.40,855.00,71.30,0.457,4.179,0.348,banana,fresh
21680529,21442,93.40,854.90,71.35,0.457,4.178,0.349,banana,fresh
21681541,21443,93.45,854.90,71.25,0.457,4.178,0.348,banana,fresh
21682551,21444,93.45,854.85,71.30,0.457,4.178,0.348,banana,fresh
21683563,21445,93.50,854.95,71.10,0.457,4.179,0.348,banana,fresh
21684574,21446,93.60,854.90,71.30,0.457,4.178,0.348,banana,fresh
21685584,21447,93.35,854.95,71.20,0.456,4.179,0.348,banana,fresh
21686596,21448,93.45,854.90,71.20,0.457,4.178,0.348,banana,fresh
21687607,21449,93.30,854.85,71.20,0.456,4.178,0.348,banana,fresh
21688619,21450,93.40,854.95,71.25,0.457,4.179,0.348,banana,fresh
21689629,21451,93.40,854.80,71.15,0.457,4.178,0.348,banana,fresh
21690641,21452,93.20,854.90,71.30,0.456,4.178,0.348,banana,fresh
21691652,21453,93.40,854.95,71.40,0.457,4.179,0.349,banana,fresh
21692663,21454,93.45,854.80,71.30,0.457,4.178,0.348,banana,fresh
21693674,21455,93.50,854.90,71.20,0.457,4.178,0.348,banana,fresh
21694685,21456,93.20,854.85,71.35,0.456,4.178,0.349,banana,fresh
21695696,21457,93.25,855.00,71.15,0.456,4.179,0.348,banana,fresh
21696707,21458,93.35,855.00,71.15,0.456,4.179,0.348,banana,fresh
21697719,21459,93.50,854.80,71.35,0.457,4.178,0.349,banana,fresh
21698729,21460,93.60,854.80,71.40,0.457,4.178,0.349,banana,fresh
21699741,21461,93.40,854.90,71.50,0.457,4.178,0.349,banana,fresh
21700752,21462,93.60,854.90,71.15,0.457,4.178,0.348,banana,fresh
21701763,21463,93.25,854.75,71.25,0.456,4.178,0.348,banana,fresh
21702774,21464,93.40,854.95,71.15,0.457,4.179,0.348,banana,fresh
21703785,21465,93.25,854.95,71.10,0.456,4.179,0.348,banana,fresh
21704797,21466,93.55,854.90,71.20,0.457,4.178,0.348,banana,fresh
21705807,21467,93.45,854.75,71.15,0.457,4.178,0.348,banana,fresh
21706819,21468,93.30,854.85,71.25,0.456,4.178,0.348,banana,fresh
21707830,21469,93.50,854.85,71.30,0.457,4.178,0.348,banana,fresh
21708841,21470,93.55,854.95,71.15,0.457,4.179,0.348,banana,fresh
21709852,21471,93.35,854.85,71.20,0.456,4.178,0.348,banana,fresh
21710864,21472,93.50,854.90,71.30,0.457,4.178,0.348,banana,fresh
21711875,21473,93.30,854.95,71.30,0.456,4.179,0.348,banana,fresh
21712885,21474,93.45,854.95,71.25,0.457,4.179,0.348,banana,fresh
21713897,21475,93.50,854.90,71.25,0.457,4.178,0.348,banana,fresh
21714908,21476,93.35,854.90,71.30,0.456,4.178,0.348,banana,fresh
21715919,21477,93.20,854.85,71.25,0.456,4.178,0.348,banana,fresh
21716930,21478,93.40,855.00,71.30,0.457,4.179,0.348,banana,fresh
21717942,21479,93.25,854.90,71.30,0.456,4.178,0.348,banana,fresh
21718952,21480,93.45,854.90,71.30,0.457,4.178,0.348,banana,fresh
21719963,21481,93.35,855.00,71.40,0.456,4.179,0.349,banana,fresh
21720975,21482,93.35,854.95,71.15,0.456,4.179,0.348,banana,fresh
21721986,21483,93.45,854.90,71.20,0.457,4.178,0.348,banana,fresh
21722997,21484,93.55,854.95,71.30,0.457,4.179,0.348,banana,fresh
21724008,21485,93.35,854.90,71.25,0.456,4.178,0.348,banana,fresh
21725020,21486,93.35,854.95,71.15,0.456,4.179,0.348,banana,fresh
21726030,21487,93.50,855.00,71.20,0.457,4.179,0.348,banana,fresh
21727041,21488,93.35,854.90,71.10,0.456,4.178,0.348,banana,fresh
21728053,21489,93.20,854.80,71.25,0.456,4.178,0.348,banana,fresh
21729063,21490,93.60,854.95,71.35,0.457,4.179,0.349,banana,fresh
21730075,21491,93.40,854.90,71.20,0.457,4.178,0.348,banana,fresh
21731086,21492,93.40,854.95,71.40,0.457,4.179,0.349,banana,fresh
21732098,21493,93.35,855.00,71.20,0.456,4.179,0.348,banana,fresh
21733108,21494,93.40,854.90,71.35,0.457,4.178,0.349,banana,fresh
21734120,21495,93.40,854.95,71.15,0.457,4.179,0.348,banana,fresh
21735131,21496,93.60,855.00,71.35,0.457,4.179,0.349,banana,fresh
21736141,21497,93.50,854.90,71.20,0.457,4.178,0.348,banana,fresh
21737153,21498,93.50,854.95,71.10,0.457,4.179,0.348,banana,fresh
21738164,21499,93.35,854.95,71.15,0.456,4.179,0.348,banana,fresh
21739175,21500,93.35,854.90,71.30,0.456,4.178,0.348,banana,fresh
21740186,21501,93.60,854.95,71.20,0.457,4.179,0.348,banana,fresh
21741198,21502,93.40,854.90,71.40,0.457,4.178,0.349,banana,fresh
21742209,21503,93.60,854.80,71.20,0.457,4.178,0.348,banana,fresh
21743219,21504,93.40,854.95,71.30,0.457,4.179,0.348,banana,fresh
21744231,21505,93.55,854.85,71.25,0.457,4.178,0.348,banana,fresh
21745242,21506,93.55,854.90,71.25,0.457,4.178,0.348,banana,fresh
21746253,21507,93.20,855.00,71.15,0.456,4.179,0.348,banana,fresh
21747264,21508,93.50,854.90,71.25,0.457,4.178,0.348,banana,fresh
21748276,21509,93.35,854.90,71.30,0.456,4.178,0.348,banana,fresh
21749286,21510,93.35,854.85,71.30,0.456,4.178,0.348,banana,fresh
21750297,21511,93.35,854.90,71.30,0.456,4.178,0.348,banana,fresh
21751309,21512,93.60,854.85,71.20,0.457,4.178,0.348,banana,fresh
21752320,21513,93.40,854.90,71.05,0.457,4.178,0.347,banana,fresh
21753331,21514,93.65,854.95,71.10,0.458,4.179,0.348,banana,fresh
21754342,21515,93.50,854.80,71.35,0.457,4.178,0.349,banana,fresh
21755354,21516,93.35,854.90,71.20,0.456,4.178,0.348,banana,fresh
21756364,21517,93.45,854.80,71.15,0.457,4.178,0.348,banana,fresh
21757376,21518,93.60,854.90,71.20,0.457,4.178,0.348,banana,fresh
21758387,21519,93.20,854.90,71.15,0.456,4.178,0.348,banana,fresh
21759397,21520,93.65,854.85,71.20,0.458,4.178,0.348,banana,fresh
21760409,21521,93.30,854.95,71.20,0.456,4.179,0.348,banana,fresh
21761420,21522,93.35,854.90,71.10,0.456,4.178,0.348,banana,fresh
21762432,21523,93.40,855.00,71.10,0.457,4.179,0.348,banana,fresh
21763442,21524,93.60,855.00,71.30,0.457,4.179,0.348,banana,fresh
21764454,21525,93.45,854.95,71.35,0.457,4.179,0.349,banana,fresh
21765465,21526,93.45,854.85,71.25,0.457,4.178,0.348,banana,fresh
21766475,21527,93.45,854.90,71.15,0.457,4.178,0.348,banana,fresh
21767487,21528,93.45,854.95,71.30,0.457,4.179,0.348,banana,fresh
21768498,21529,93.45,854.95,71.40,0.457,4.179,0.349,banana,fresh
21769509,21530,93.35,855.00,71.30,0.456,4.179,0.348,banana,fresh
21770520,21531,93.35,855.00,71.30,0.456,4.179,0.348,banana,fresh
21771532,21532,93.40,854.90,71.10,0.457,4.178,0.348,banana,fresh
21772542,21533,93.50,855.00,71.25,0.457,4.179,0.348,banana,fresh
21773553,21534,93.50,854.90,71.20,0.457,4.178,0.348,banana,fresh
21774565,21535,93.25,855.00,71.30,0.456,4.179,0.348,banana,fresh
21775576,21536,93.35,854.95,71.30,0.456,4.179,0.348,banana,fresh
21776587,21537,93.35,854.85,71.15,0.456,4.178,0.348,banana,fresh
21777598,21538,93.35,854.95,71.25,0.456,4.179,0.348,banana,fresh
21778610,21539,93.60,855.00,71.35,0.457,4.179,0.349,banana,fresh
21779620,21540,93.45,854.95,71.30,0.457,4.179,0.348,banana,fresh
21780632,21541,93.60,854.95,71.25,0.457,4.179,0.348,banana,fresh
21781643,21542,93.35,854.95,71.35,0.456,4.179,0.349,banana,fresh
21782653,21543,93.35,855.00,71.30,0.456,4.179,0.348,banana,fresh
21783665,21544,93.45,855.00,71.45,0.457,4.179,0.349,banana,fresh
21784676,21545,93.35,854.95,71.25,0.456,4.179,0.348,banana,fresh
21785688,21546,93.45,854.85,71.25,0.457,4.178,0.348,banana,fresh
21786698,21547,93.70,855.00,71.20,0.458,4.179,0.348,banana,fresh
21787710,21548,93.55,854.90,71.25,0.457,4.178,0.348,banana,fresh
21788721,21549,93.40,854.90,71.15,0.457,4.178,0.348,banana,fresh
21789731,21550,93.45,854.85,71.15,0.457,4.178,0.348,banana,fresh
21790743,21551,93.40,855.00,71.15,0.457,4.179,0.348,banana,fresh
21791754,21552,93.40,854.95,71.10,0.457,4.179,0.348,banana,fresh
21792765,21553,93.35,855.00,71.25,0.456,4.179,0.348,banana,fresh
21793776,21554,93.40,855.00,71.20,0.457,4.179,0.348,banana,fresh
21794788,21555,93.30,855.00,71.25,0.456,4.179,0.348,banana,fresh
21795799,21556,93.35,854.95,71.20,0.456,4.179,0.348,banana,fresh
21796810,21557,93.40,854.95,71.20,0.457,4.179,0.348,banana,fresh
21797821,21558,93.45,854.85,71.40,0.457,4.178,0.349,banana,fresh
21798832,21559,93.35,854.95,71.30,0.456,4.179,0.348,banana,fresh
21799843,21560,93.45,855.00,71.35,0.457,4.179,0.349,banana,fresh
21800854,21561,93.45,854.85,71.10,0.457,4.178,0.348,banana,fresh
21801866,21562,93.50,854.90,71.20,0.457,4.178,0.348,banana,fresh
21802876,21563,93.30,854.90,71.20,0.456,4.178,0.348,banana,fresh
21803888,21564,93.35,854.95,71.15,0.456,4.179,0.348,banana,fresh
21804899,21565,93.30,854.90,71.05,0.456,4.178,0.347,banana,fresh
21805910,21566,93.55,854.95,71.25,0.457,4.179,0.348,banana,fresh
21806921,21567,93.30,854.90,71.30,0.456,4.178,0.348,banana,fresh
21807932,21568,93.45,854.90,71.25,0.457,4.178,0.348,banana,fresh
21808944,21569,93.50,855.00,71.30,0.457,4.179,0.348,banana,fresh
21809954,21570,93.40,854.95,71.20,0.457,4.179,0.348,banana,fresh
21810966,21571,93.50,855.00,71.30,0.457,4.179,0.348,banana,fresh
21811977,21572,93.50,854.95,71.30,0.457,4.179,0.348,banana,fresh
21812987,21573,93.35,854.85,71.25,0.456,4.178,0.348,banana,fresh
21813999,21574,93.25,854.90,71.20,0.456,4.178,0.348,banana,fresh
21815010,21575,93.50,854.90,71.20,0.457,4.178,0.348,banana,fresh
21816022,21576,93.30,854.95,71.35,0.456,4.179,0.349,banana,fresh
21817032,21577,93.45,854.75,71.05,0.457,4.178,0.347,banana,fresh
21818044,21578,93.25,855.00,71.20,0.456,4.179,0.348,banana,fresh
21819055,21579,93.55,855.00,71.40,0.457,4.179,0.349,banana,fresh
21820065,21580,93.50,855.00,71.30,0.457,4.179,0.348,banana,fresh
21821077,21581,93.45,855.00,71.25,0.457,4.179,0.348,banana,fresh
21822088,21582,93.25,854.95,71.20,0.456,4.179,0.348,banana,fresh
21823099,21583,93.40,855.00,71.30,0.457,4.179,0.348,banana,fresh
21824110,21584,93.35,855.00,71.35,0.456,4.179,0.349,banana,fresh
21825122,21585,93.55,854.90,71.35,0.457,4.178,0.349,banana,fresh
21826132,21586,93.35,854.85,71.20,0.456,4.178,0.348,banana,fresh
21827143,21587,93.55,854.90,71.15,0.457,4.178,0.348,banana,fresh
21828155,21588,93.40,855.00,71.20,0.457,4.179,0.348,banana,fresh
21829166,21589,93.25,854.80,71.35,0.456,4.178,0.349,banana,fresh
21830177,21590,93.35,855.00,71.20,0.456,4.179,0.348,banana,fresh
21831188,21591,93.60,854.85,71.05,0.457,4.178,0.347,banana,fresh
21832200,21592,93.30,854.95,71.15,0.456,4.179,0.348,banana,fresh
21833210,21593,93.40,855.00,71.10,0.457,4.179,0.348,banana,fresh
21834221,21594,93.40,854.85,71.10,0.457,4.178,0.348,banana,fresh
21835233,21595,93.40,855.00,71.20,0.457,4.179,0.348,banana,fresh
21836243,21596,93.40,854.85,71.10,0.457,4.178,0.348,banana,fresh
21837255,21597,93.40,854.80,71.10,0.457,4.178,0.348,banana,fresh
21838266,21598,93.35,854.90,71.15,0.456,4.178,0.348,banana,fresh
21839278,21599,93.30,854.90,71.25,0.456,4.178,0.348,banana,fresh
21840288,21600,93.45,854.90,71.15,0.457,4.178,0.348,banana,fresh
21841299,21601,93.40,855.00,71.10,0.457,4.179,0.348,banana,fresh
21842311,21602,93.30,855.00,71.40,0.456,4.179,0.349,banana,fresh
21843321,21603,93.55,854.95,71.25,0.457,4.179,0.348,banana,fresh
21844333,21604,93.50,854.90,71.10,0.457,4.178,0.348,banana,fresh
21845344,21605,93.35,855.00,71.10,0.456,4.179,0.348,banana,fresh
21846355,21606,93.55,854.90,71.30,0.457,4.178,0.348,banana,fresh
21847366,21607,93.45,854.90,71.15,0.457,4.178,0.348,banana,fresh
21848378,21608,93.40,854.90,71.15,0.457,4.178,0.348,banana,fresh
21849389,21609,93.50,854.95,71.10,0.457,4.179,0.348,banana,fresh
21850399,21610,93.40,854.85,71.30,0.457,4.178,0.348,banana,fresh
21851411,21611,93.35,854.90,71.25,0.456,4.178,0.348,banana,fresh
21852422,21612,93.20,854.95,71.10,0.456,4.179,0.348,banana,fresh
21853433,21613,93.40,854.90,71.35,0.457,4.178,0.349,banana,fresh
21854444,21614,93.35,854.90,71.05,0.456,4.178,0.347,banana,fresh
21855456,21615,93.35,855.00,71.40,0.456,4.179,0.349,banana,fresh
21856466,21616,93.35,854.90,71.25,0.456,4.178,0.348,banana,fresh
21857477,21617,93.40,854.85,71.20,0.457,4.178,0.348,banana,fresh
21858489,21618,93.50,854.95,71.20,0.457,4.179,0.348,banana,fresh
21859500,21619,93.40,854.90,71.15,0.457,4.178,0.348,banana,fresh
21860511,21620,93.25,855.00,71.25,0.456,4.179,0.348,banana,fresh
21861522,21621,93.35,854.95,71.20,0.456,4.179,0.348,banana,fresh
21862534,21622,93.35,854.95,71.30,0.456,4.179,0.348,banana,fresh
21863544,21623,93.35,854.95,71.30,0.456,4.179,0.348,banana,fresh
21864556,21624,93.40,855.00,71.10,0.457,4.179,0.348,banana,fresh
21865567,21625,93.50,855.00,71.25,0.457,4.179,0.348,banana,fresh
21866577,21626,93.35,855.00,71.25,0.456,4.179,0.348,banana,fresh
21867589,21627,93.55,855.00,71.30,0.457,4.179,0.348,banana,fresh
21868600,21628,93.40,854.95,71.25,0.457,4.179,0.348,banana,fresh
21869612,21629,93.40,854.95,71.25,0.457,4.179,0.348,banana,fresh
21870622,21630,93.50,855.00,71.20,0.457,4.179,0.348,banana,fresh
21871634,21631,93.25,855.00,71.20,0.456,4.179,0.348,banana,fresh
21872645,21632,93.40,855.00,71.30,0.457,4.179,0.348,banana,fresh
21873655,21633,93.20,855.00,71.20,0.456,4.179,0.348,banana,fresh
21874667,21634,93.35,855.00,71.35,0.456,4.179,0.349,banana,fresh
21875678,21635,93.45,855.00,71.35,0.457,4.179,0.349,banana,fresh
21876689,21636,93.30,854.95,71.35,0.456,4.179,0.349,banana,fresh
21877700,21637,93.50,855.00,71.15,0.457,4.179,0.348,banana,fresh
21878712,21638,93.60,854.95,71.30,0.457,4.179,0.348,banana,fresh
21879723,21639,93.50,854.90,71.25,0.457,4.178,0.348,banana,fresh
21880733,21640,93.35,854.95,71.20,0.456,4.179,0.348,banana,fresh
21881745,21641,93.40,854.95,71.15,0.457,4.179,0.348,banana,fresh
21882756,21642,93.35,855.00,71.20,0.456,4.179,0.348,banana,fresh
21883767,21643,93.50,855.00,71.15,0.457,4.179,0.348,banana,fresh
21884778,21644,93.35,855.00,71.30,0.456,4.179,0.348,banana,fresh
21885790,21645,93.40,854.95,71.15,0.457,4.179,0.348,banana,fresh
21886800,21646,93.50,854.95,71.25,0.457,4.179,0.348,banana,fresh
21887811,21647,93.45,855.00,71.25,0.457,4.179,0.348,banana,fresh
21888823,21648,93.35,855.00,71.40,0.456,4.179,0.349,banana,fresh
21889833,21649,93.50,855.00,71.25,0.457,4.179,0.348,banana,fresh
21890845,21650,93.55,855.00,71.25,0.457,4.179,0.348,banana,fresh
21891856,21651,93.20,854.95,71.35,0.456,4.179,0.349,banana,fresh
21892868,21652,93.35,855.00,71.10,0.456,4.179,0.348,banana,fresh
21893878,21653,93.45,855.00,71.20,0.457,4.179,0.348,banana,fresh
21894889,21654,93.70,854.95,71.15,0.458,4.179,0.348,banana,fresh
21895901,21655,93.45,855.00,71.35,0.457,4.179,0.349,banana,fresh
21896911,21656,93.35,854.95,71.25,0.456,4.179,0.348,banana,fresh
21897923,21657,93.60,855.00,71.20,0.457,4.179,0.348,banana,fresh
21898934,21658,93.45,855.00,71.50,0.457,4.179,0.349,banana,fresh
21899945,21659,93.25,854.95,71.15,0.456,4.179,0.348,banana,fresh
21900956,21660,93.40,855.00,71.15,0.457,4.179,0.348,banana,fresh
21901968,21661,93.40,854.95,71.15,0.457,4.179,0.348,banana,fresh
21902979,21662,93.45,855.00,71.20,0.457,4.179,0.348,banana,fresh
21903989,21663,93.35,855.00,71.20,0.456,4.179,0.348,banana,fresh
21905001,21664,93.35,854.95,71.20,0.456,4.179,0.348,banana,fresh
21906012,21665,93.45,855.00,71.35,0.457,4.179,0.349,banana,fresh
21907023,21666,93.25,855.00,71.30,0.456,4.179,0.348,banana,fresh
21908034,21667,93.35,854.95,71.20,0.456,4.179,0.348,banana,fresh
21909046,21668,93.55,854.95,71.15,0.457,4.179,0.348,banana,fresh
21910056,21669,93.60,855.00,71.45,0.457,4.179,0.349,banana,fresh
21911067,21670,93.50,854.90,71.25,0.457,4.178,0.348,banana,fresh
21912079,21671,93.50,855.00,71.40,0.457,4.179,0.349,banana,fresh
21913090,21672,93.35,855.00,71.30,0.456,4.179,0.348,banana,fresh
21914101,21673,93.50,855.00,71.25,0.457,4.179,0.348,banana,fresh
21915112,21674,93.40,854.95,71.05,0.457,4.179,0.347,banana,fresh
21916124,21675,93.30,854.90,71.10,0.456,4.178,0.348,banana,fresh
21917134,21676,93.25,854.95,71.25,0.456,4.179,0.348,banana,fresh
21918146,21677,93.45,854.95,71.30,0.457,4.179,0.348,banana,fresh
21919157,21678,93.35,855.00,71.15,0.456,4.179,0.348,banana,fresh
21920167,21679,93.50,855.05,71.15,0.457,4.179,0.348,banana,fresh
21921179,21680,93.35,855.00,71.30,0.456,4.179,0.348,banana,fresh
21922190,21681,93.45,855.00,71.50,0.457,4.179,0.349,banana,fresh
21923202,21682,93.30,855.00,71.30,0.456,4.179,0.348,banana,fresh
21924212,21683,93.50,854.95,71.30,0.457,4.179,0.348,banana,fresh
21925224,21684,93.55,854.95,71.20,0.457,4.179,0.348,banana,fresh
21926235,21685,93.30,854.95,71.25,0.456,4.179,0.348,banana,fresh
21927246,21686,93.65,854.95,71.30,0.458,4.179,0.348,banana,fresh
21928257,21687,93.30,855.00,71.20,0.456,4.179,0.348,banana,fresh
21929268,21688,93.30,854.90,71.25,0.456,4.178,0.348,banana,fresh
21930279,21689,93.60,855.00,71.10,0.457,4.179,0.348,banana,fresh
21931290,21690,93.40,854.90,71.20,0.457,4.178,0.348,banana,fresh
21932302,21691,93.20,855.00,71.30,0.456,4.179,0.348,banana,fresh
21933313,21692,93.35,855.00,71.15,0.456,4.179,0.348,banana,fresh
21934324,21693,93.35,854.95,71.20,0.456,4.179,0.348,banana,fresh
21935335,21694,93.35,854.95,71.35,0.456,4.179,0.349,banana,fresh
21936346,21695,93.50,854.90,71.20,0.457,4.178,0.348,banana,fresh
21937357,21696,93.30,854.90,71.35,0.456,4.178,0.349,banana,fresh
21938368,21697,93.45,855.00,71.15,0.457,4.179,0.348,banana,fresh
21939380,21698,93.35,855.00,71.20,0.456,4.179,0.348,banana,fresh
21940390,21699,93.40,854.95,71.30,0.457,4.179,0.348,banana,fresh
21941402,21700,93.45,854.90,71.30,0.457,4.178,0.348,banana,fresh
21942413,21701,93.25,855.00,71.20,0.456,4.179,0.348,banana,fresh
21943424,21702,93.35,855.00,71.20,0.456,4.179,0.348,banana,fresh
21944435,21703,93.25,855.00,71.15,0.456,4.179,0.348,banana,fresh
21945446,21704,93.25,855.00,71.20,0.456,4.179,0.348,banana,fresh
21946458,21705,93.40,854.90,71.20,0.457,4.178,0.348,banana,fresh
21947468,21706,93.40,855.00,71.20,0.457,4.179,0.348,banana,fresh
21948480,21707,93.30,854.95,71.15,0.456,4.179,0.348,banana,fresh
21949491,21708,93.35,855.00,71.20,0.456,4.179,0.348,banana,fresh
21950501,21709,93.35,854.95,71.25,0.456,4.179,0.348,banana,fresh
21951513,21710,93.30,855.00,71.10,0.456,4.179,0.348,banana,fresh
21952524,21711,93.30,854.90,71.05,0.456,4.178,0.347,banana,fresh
21953536,21712,93.25,855.00,71.10,0.456,4.179,0.348,banana,fresh
21954546,21713,93.35,855.00,71.15,0.456,4.179,0.348,banana,fresh
21955558,21714,93.40,855.00,71.25,0.457,4.179,0.348,banana,fresh
21956569,21715,93.55,855.00,71.25,0.457,4.179,0.348,banana,fresh
21957579,21716,93.50,854.95,71.30,0.457,4.179,0.348,banana,fresh
21958591,21717,93.40,854.95,71.25,0.457,4.179,0.348,banana,fresh
21959602,21718,93.40,855.00,71.30,0.457,4.179,0.348,banana,fresh
21960613,21719,93.25,855.00,71.20,0.456,4.179,0.348,banana,fresh
21961624,21720,93.35,855.00,71.10,0.456,4.179,0.348,banana,fresh
21962636,21721,93.40,854.95,71.40,0.457,4.179,0.349,banana,fresh
21963646,21722,93.35,855.00,71.20,0.456,4.179,0.348,banana,fresh
21964658,21723,93.40,855.00,71.10,0.457,4.179,0.348,banana,fresh
21965669,21724,93.30,855.00,71.20,0.456,4.179,0.348,banana,fresh
21966680,21725,93.35,854.95,71.10,0.456,4.179,0.348,banana,fresh
21967691,21726,93.35,855.00,71.35,0.456,4.179,0.349,banana,fresh
21968702,21727,93.40,855.00,71.10,0.457,4.179,0.348,banana,fresh
21969714,21728,93.35,855.00,71.15,0.456,4.179,0.348,banana,fresh
21970724,21729,93.15,854.90,71.15,0.455,4.178,0.348,banana,fresh
21971736,21730,93.55,855.00,71.05,0.457,4.179,0.347,banana,fresh
21972747,21731,93.40,855.00,71.20,0.457,4.179,0.348,banana,fresh
21973757,21732,93.35,855.00,71.20,0.456,4.179,0.348,banana,fresh
21974769,21733,93.35,854.80,71.25,0.456,4.178,0.348,banana,fresh
21975780,21734,93.35,855.00,71.25,0.456,4.179,0.348,banana,fresh
21976792,21735,93.30,854.95,71.20,0.456,4.179,0.348,banana,fresh
21977802,21736,93.45,855.00,71.20,0.457,4.179,0.348,banana,fresh
21978814,21737,93.35,855.05,71.20,0.456,4.179,0.348,banana,fresh
21979825,21738,93.40,855.00,71.35,0.457,4.179,0.349,banana,fresh
21980836,21739,93.30,855.00,71.10,0.456,4.179,0.348,banana,fresh
21981847,21740,93.50,854.95,71.05,0.457,4.179,0.347,banana,fresh
21982858,21741,93.65,855.00,71.20,0.458,4.179,0.348,banana,fresh
21983869,21742,93.20,854.95,71.15,0.456,4.179,0.348,banana,fresh
21984880,21743,93.40,854.95,71.10,0.457,4.179,0.348,banana,fresh
21985892,21744,93.30,855.00,71.25,0.456,4.179,0.348,banana,fresh
21986903,21745,93.50,854.95,71.20,0.457,4.179,0.348,banana,fresh
21987914,21746,93.35,854.95,71.05,0.456,4.179,0.347,banana,fresh
21988925,21747,93.45,855.00,71.10,0.457,4.179,0.348,banana,fresh
21989936,21748,93.40,855.00,71.15,0.457,4.179,0.348,banana,fresh
21990947,21749,93.30,855.00,71.05,0.456,4.179,0.347,banana,fresh
21991958,21750,93.20,854.90,71.25,0.456,4.178,0.348,banana,fresh
21992970,21751,93.35,854.90,71.35,0.456,4.178,0.349,banana,fresh
21993980,21752,93.35,855.00,71.15,0.456,4.179,0.348,banana,fresh
21994992,21753,93.15,855.00,71.15,0.455,4.179,0.348,banana,fresh
21996003,21754,93.40,855.00,71.10,0.457,4.179,0.348,banana,fresh
21997015,21755,93.30,855.00,71.25,0.456,4.179,0.348,banana,fresh
21998025,21756,93.35,855.00,71.10,0.456,4.179,0.348,banana,fresh
21999036,21757,93.35,854.90,71.20,0.456,4.178,0.348,banana,fresh
22000048,21758,93.45,855.00,71.15,0.457,4.179,0.348,banana,fresh
22001058,21759,93.55,854.90,71.15,0.457,4.178,0.348,banana,fresh
22002070,21760,93.35,855.00,71.25,0.456,4.179,0.348,banana,fresh
22003081,21761,93.55,855.00,71.15,0.457,4.179,0.348,banana,fresh
22004092,21762,93.35,855.00,71.15,0.456,4.179,0.348,banana,fresh
22005103,21763,93.50,854.90,71.15,0.457,4.178,0.348,banana,fresh
22006114,21764,93.30,854.95,71.10,0.456,4.179,0.348,banana,fresh
22007126,21765,93.35,855.00,71.10,0.456,4.179,0.348,banana,fresh
22008136,21766,93.20,855.00,71.25,0.456,4.179,0.348,banana,fresh
22009148,21767,93.30,855.00,71.20,0.456,4.179,0.348,banana,fresh
22010159,21768,93.30,855.00,71.20,0.456,4.179,0.348,banana,fresh
22011170,21769,93.55,854.95,71.15,0.457,4.179,0.348,banana,fresh
22012181,21770,93.45,855.00,71.35,0.457,4.179,0.349,banana,fresh
22013192,21771,93.40,855.00,71.25,0.457,4.179,0.348,banana,fresh
22014203,21772,93.40,855.00,71.20,0.457,4.179,0.348,banana,fresh
22015214,21773,93.45,855.00,71.25,0.457,4.179,0.348,banana,fresh
22016226,21774,93.20,855.00,71.20,0.456,4.179,0.348,banana,fresh
22017236,21775,93.50,854.95,71.25,0.457,4.179,0.348,banana,fresh
22018248,21776,93.30,854.95,71.20,0.456,4.179,0.348,banana,fresh
22019259,21777,93.25,855.00,71.20,0.456,4.179,0.348,banana,fresh
22020271,21778,93.25,855.00,71.25,0.456,4.179,0.348,banana,fresh
22021281,21779,93.30,854.95,71.20,0.456,4.179,0.348,banana,fresh
22022292,21780,93.05,855.00,71.10,0.455,4.179,0.348,banana,fresh
22023304,21781,93.55,855.00,71.20,0.457,4.179,0.348,banana,fresh
22024314,21782,93.40,854.95,71.30,0.457,4.179,0.348,banana,fresh
22025326,21783,93.30,855.00,71.20,0.456,4.179,0.348,banana,fresh
22026337,21784,93.50,855.00,71.25,0.457,4.179,0.348,banana,fresh
22027348,21785,93.40,854.90,71.05,0.457,4.178,0.347,banana,fresh
22028359,21786,93.20,855.00,71.25,0.456,4.179,0.348,banana,fresh
22029370,21787,93.30,855.00,71.20,0.456,4.179,0.348,banana,fresh
22030382,21788,93.35,854.95,71.20,0.456,4.179,0.348,banana,fresh
22031392,21789,93.40,855.00,71.20,0.457,4.179,0.348,banana,fresh
22032404,21790,93.20,854.95,71.10,0.456,4.179,0.348,banana,fresh
22033415,21791,93.40,855.00,71.25,0.457,4.179,0.348,banana,fresh
22034426,21792,93.20,855.00,71.10,0.456,4.179,0.348,banana,fresh
22035437,21793,93.45,855.00,71.15,0.457,4.179,0.348,banana,fresh
22036448,21794,93.45,855.00,71.30,0.457,4.179,0.348,banana,fresh
22037459,21795,93.35,855.00,71.25,0.456,4.179,0.348,banana,fresh
22038470,21796,93.35,855.00,71.30,0.456,4.179,0.348,banana,fresh
22039482,21797,93.20,855.00,71.10,0.456,4.179,0.348,banana,fresh
22040493,21798,93.30,855.00,71.20,0.456,4.179,0.348,banana,fresh
22041504,21799,93.15,854.95,71.10,0.455,4.179,0.348,banana,fresh
22042515,21800,93.45,855.00,71.20,0.457,4.179,0.348,banana,fresh
22043526,21801,93.50,855.00,71.20,0.457,4.179,0.348,banana,fresh
22044537,21802,93.40,855.00,71.30,0.457,4.179,0.348,banana,fresh
22045548,21803,93.35,854.95,71.25,0.456,4.179,0.348,banana,fresh
22046560,21804,93.15,854.95,71.25,0.455,4.179,0.348,banana,fresh
22047570,21805,93.45,855.00,71.15,0.457,4.179,0.348,banana,fresh
22048582,21806,93.45,854.95,71.05,0.457,4.179,0.347,banana,fresh
22049593,21807,93.20,855.00,71.10,0.456,4.179,0.348,banana,fresh
22050605,21808,93.30,855.05,71.05,0.456,4.179,0.347,banana,fresh
22051615,21809,93.40,855.00,71.30,0.457,4.179,0.348,banana,fresh
22052626,21810,93.40,854.90,71.00,0.457,4.178,0.347,banana,fresh
22053638,21811,93.45,855.00,71.05,0.457,4.179,0.347,banana,fresh
22054648,21812,93.15,855.00,71.15,0.455,4.179,0.348,banana,fresh
22055660,21813,93.40,855.00,71.15,0.457,4.179,0.348,banana,fresh
22056671,21814,93.20,854.95,71.15,0.456,4.179,0.348,banana,fresh
22057682,21815,93.35,854.95,71.00,0.456,4.179,0.347,banana,fresh
22058693,21816,93.05,855.00,71.00,0.455,4.179,0.347,banana,fresh
22059704,21817,93.40,855.00,71.10,0.457,4.179,0.348,banana,fresh
22060716,21818,93.45,855.00,71.00,0.457,4.179,0.347,banana,fresh
22061726,21819,93.15,854.95,71.10,0.455,4.179,0.348,banana,fresh
22062738,21820,93.30,855.00,71.10,0.456,4.179,0.348,banana,fresh
22063749,21821,93.25,854.95,71.10,0.456,4.179,0.348,banana,fresh
22064760,21822,93.20,855.00,71.05,0.456,4.179,0.347,banana,fresh
22065771,21823,93.55,855.00,71.20,0.457,4.179,0.348,banana,fresh
22066782,21824,93.35,855.00,71.20,0.456,4.179,0.348,banana,fresh
22067793,21825,93.35,855.00,71.10,0.456,4.179,0.348,banana,fresh
22068804,21826,93.30,855.00,71.10,0.456,4.179,0.348,banana,fresh
22069816,21827,93.30,855.00,71.05,0.456,4.179,0.347,banana,fresh
22070827,21828,93.30,855.00,71.05,0.456,4.179,0.347,banana,fresh
22071838,21829,93.20,855.00,71.05,0.456,4.179,0.347,banana,fresh
22072849,21830,93.45,854.90,71.00,0.457,4.178,0.347,banana,fresh
22073860,21831,93.40,855.05,71.20,0.457,4.179,0.348,banana,fresh
22074871,21832,93.35,855.00,71.00,0.456,4.179,0.347,banana,fresh
22075882,21833,93.55,855.00,71.20,0.457,4.179,0.348,banana,fresh
22076894,21834,93.45,855.00,71.05,0.457,4.179,0.347,banana,fresh
22077904,21835,93.30,855.05,71.20,0.456,4.179,0.348,banana,fresh
22078916,21836,93.35,855.00,71.05,0.456,4.179,0.347,banana,fresh
22079927,21837,93.25,854.90,71.20,0.456,4.178,0.348,banana,fresh
22080937,21838,93.10,855.00,71.15,0.455,4.179,0.348,banana,fresh
22081949,21839,93.15,855.00,71.10,0.455,4.179,0.348,banana,fresh
22082960,21840,93.20,854.95,71.05,0.456,4.179,0.347,banana,fresh
22083972,21841,93.30,855.00,71.05,0.456,4.179,0.347,banana,fresh
22084982,21842,93.40,855.10,71.05,0.457,4.179,0.347,banana,fresh
22085994,21843,93.25,855.05,71.05,0.456,4.179,0.347,banana,fresh
22087005,21844,93.30,855.00,71.25,0.456,4.179,0.348,banana,fresh
22088015,21845,93.25,855.00,71.15,0.456,4.179,0.348,banana,fresh
22089027,21846,93.35,855.00,71.15,0.456,4.179,0.348,banana,fresh
22090038,21847,93.25,855.05,71.15,0.456,4.179,0.348,banana,fresh
22091049,21848,93.30,855.00,71.05,0.456,4.179,0.347,banana,fresh
22092060,21849,93.20,855.00,71.10,0.456,4.179,0.348,banana,fresh
22093072,21850,93.30,855.00,71.15,0.456,4.179,0.348,banana,fresh
22094083,21851,93.40,854.95,71.05,0.457,4.179,0.347,banana,fresh
22095093,21852,93.25,855.00,71.15,0.456,4.179,0.348,banana,fresh
22096105,21853,93.30,854.95,71.05,0.456,4.179,0.347,banana,fresh
22097116,21854,93.05,855.00,71.20,0.455,4.179,0.348,banana,fresh
22098127,21855,93.25,855.00,71.05,0.456,4.179,0.347,banana,fresh
22099138,21856,93.15,855.00,71.15,0.455,4.179,0.348,banana,fresh
22100150,21857,93.20,855.00,71.15,0.456,4.179,0.348,banana,fresh
22101160,21858,93.35,855.00,71.15,0.456,4.179,0.348,banana,fresh
22102171,21859,93.20,855.00,71.00,0.456,4.179,0.347,banana,fresh
22103183,21860,93.35,855.00,71.15,0.456,4.179,0.348,banana,fresh
22104194,21861,93.30,855.00,71.00,0.456,4.179,0.347,banana,fresh
22105205,21862,93.35,855.00,71.15,0.456,4.179,0.348,banana,fresh
22106216,21863,93.30,855.00,71.05,0.456,4.179,0.347,banana,fresh
22107228,21864,93.35,855.00,71.10,0.456,4.179,0.348,banana,fresh
22108238,21865,93.10,855.00,71.15,0.455,4.179,0.348,banana,fresh
22109249,21866,93.25,855.00,71.05,0.456,4.179,0.347,banana,fresh
22110261,21867,93.10,855.00,71.20,0.455,4.179,0.348,banana,fresh
22111271,21868,93.20,855.05,71.15,0.456,4.179,0.348,banana,fresh
22112283,21869,93.25,855.00,71.20,0.456,4.179,0.348,banana,fresh
22113294,21870,93.15,855.00,71.15,0.455,4.179,0.348,banana,fresh
22114306,21871,93.35,855.00,71.30,0.456,4.179,0.348,banana,fresh
22115316,21872,93.10,855.00,71.05,0.455,4.179,0.347,banana,fresh
22116327,21873,93.15,855.00,71.15,0.455,4.179,0.348,banana,fresh
22117339,21874,93.20,855.00,71.15,0.456,4.179,0.348,banana,fresh
22118349,21875,93.20,855.00,71.05,0.456,4.179,0.347,banana,fresh
22119361,21876,93.50,855.00,71.15,0.457,4.179,0.348,banana,fresh
22120372,21877,93.10,855.00,71.05,0.455,4.179,0.347,banana,fresh
22121383,21878,93.30,855.05,71.10,0.456,4.179,0.348,banana,fresh
22122394,21879,93.15,855.00,71.15,0.455,4.179,0.348,banana,fresh
22123405,21880,93.30,854.95,71.15,0.456,4.179,0.348,banana,fresh
22124417,21881,93.50,855.00,71.00,0.457,4.179,0.347,banana,fresh
22125427,21882,93.20,854.95,71.05,0.456,4.179,0.347,banana,fresh
22126439,21883,93.25,855.00,71.05,0.456,4.179,0.347,banana,fresh
22127450,21884,93.20,855.00,71.05,0.456,4.179,0.347,banana,fresh
22128460,21885,93.35,855.00,71.00,0.456,4.179,0.347,banana,fresh
22129472,21886,93.40,854.95,71.10,0.457,4.179,0.348,banana,fresh
22130483,21887,93.25,855.00,71.05,0.456,4.179,0.347,banana,fresh
22131494,21888,93.40,855.00,71.30,0.457,4.179,0.348,banana,fresh
22132505,21889,93.25,855.00,71.00,0.456,4.179,0.347,banana,fresh
22133517,21890,93.45,855.00,71.15,0.457,4.179,0.348,banana,fresh
22134528,21891,93.20,855.05,71.05,0.456,4.179,0.347,banana,fresh
22135539,21892,93.20,854.90,71.10,0.456,4.178,0.348,banana,fresh
22136550,21893,93.20,854.95,71.15,0.456,4.179,0.348,banana,fresh
22137561,21894,93.15,855.00,71.05,0.455,4.179,0.347,banana,fresh
22138572,21895,93.15,855.00,71.15,0.455,4.179,0.348,banana,fresh
22139583,21896,93.30,855.00,71.15,0.456,4.179,0.348,banana,fresh
22140595,21897,93.20,855.00,71.15,0.456,4.179,0.348,banana,fresh
22141605,21898,93.25,855.00,71.05,0.456,4.179,0.347,banana,fresh
22142617,21899,93.20,854.95,71.15,0.456,4.179,0.348,banana,fresh
22143628,21900,93.15,855.00,71.20,0.455,4.179,0.348,banana,fresh
22144638,21901,93.15,855.00,71.15,0.455,4.179,0.348,banana,fresh
22145650,21902,93.10,855.00,71.30,0.455,4.179,0.348,banana,fresh
22146661,21903,93.25,855.00,71.05,0.456,4.179,0.347,banana,fresh
22147673,21904,93.15,855.05,71.05,0.455,4.179,0.347,banana,fresh
22148683,21905,93.20,855.00,71.15,0.456,4.179,0.348,banana,fresh
22149695,21906,93.20,855.00,71.10,0.456,4.179,0.348,banana,fresh
22150706,21907,93.30,855.05,71.05,0.456,4.179,0.347,banana,fresh
22151717,21908,93.40,855.00,71.10,0.457,4.179,0.348,banana,fresh
22152728,21909,93.35,855.00,71.10,0.456,4.179,0.348,banana,fresh
22153739,21910,93.20,855.00,71.30,0.456,4.179,0.348,banana,fresh
22154750,21911,93.25,855.00,71.10,0.456,4.179,0.348,banana,fresh
22155761,21912,93.20,855.00,71.30,0.456,4.179,0.348,banana,fresh
22156773,21913,93.30,855.00,71.10,0.456,4.179,0.348,banana,fresh
22157784,21914,93.15,855.00,71.00,0.455,4.179,0.347,banana,fresh
22158795,21915,93.15,855.00,71.10,0.455,4.179,0.348,banana,fresh
22159806,21916,93.25,854.95,71.15,0.456,4.179,0.348,banana,fresh
22160817,21917,93.15,855.00,71.25,0.455,4.179,0.348,banana,fresh
22161828,21918,93.10,855.00,71.10,0.455,4.179,0.348,banana,fresh
22162839,21919,93.10,855.00,71.00,0.455,4.179,0.347,banana,fresh
22163851,21920,93.20,855.00,71.00,0.456,4.179,0.347,banana,fresh
22164861,21921,93.20,855.00,71.20,0.456,4.179,0.348,banana,fresh
22165873,21922,93.05,855.00,71.10,0.455,4.179,0.348,banana,fresh
22166884,21923,93.40,855.00,71.15,0.457,4.179,0.348,banana,fresh
22167895,21924,93.15,855.00,71.10,0.455,4.179,0.348,banana,fresh
22168906,21925,93.35,855.00,71.15,0.456,4.179,0.348,banana,fresh
22169917,21926,93.10,855.00,71.05,0.455,4.179,0.347,banana,fresh
22170929,21927,93.20,855.05,71.05,0.456,4.179,0.347,banana,fresh
22171939,21928,93.15,855.00,71.00,0.455,4.179,0.347,banana,fresh
22172951,21929,93.30,855.05,71.10,0.456,4.179,0.348,banana,fresh
22173962,21930,93.15,855.00,71.05,0.455,4.179,0.347,banana,fresh
22174972,21931,93.30,855.00,71.05,0.456,4.179,0.347,banana,fresh
22175984,21932,93.10,855.00,71.05,0.455,4.179,0.347,banana,fresh
22176995,21933,93.35,855.00,71.10,0.456,4.179,0.348,banana,fresh
22178007,21934,93.10,855.00,71.10,0.455,4.179,0.348,banana,fresh
22179017,21935,93.10,855.00,71.10,0.455,4.179,0.348,banana,fresh
22180029,21936,93.35,855.00,71.15,0.456,4.179,0.348,banana,fresh
22181040,21937,93.30,855.00,71.05,0.456,4.179,0.347,banana,fresh
22182050,21938,93.40,855.00,71.15,0.457,4.179,0.348,banana,fresh
22183062,21939,93.15,855.00,71.20,0.455,4.179,0.348,banana,fresh
22184073,21940,93.10,855.00,71.05,0.455,4.179,0.347,banana,fresh
22185084,21941,93.15,855.00,71.10,0.455,4.179,0.348,banana,fresh
22186095,21942,93.20,855.00,71.20,0.456,4.179,0.348,banana,fresh
22187107,21943,93.20,855.00,71.00,0.456,4.179,0.347,banana,fresh
22188118,21944,93.10,855.05,71.25,0.455,4.179,0.348,banana,fresh
22189128,21945,93.15,855.05,71.00,0.455,4.179,0.347,banana,fresh
22190140,21946,93.10,855.00,71.10,0.455,4.179,0.348,banana,fresh
22191151,21947,93.15,855.00,71.15,0.455,4.179,0.348,banana,fresh
22192162,21948,93.20,855.00,71.10,0.456,4.179,0.348,banana,fresh
22193173,21949,93.40,855.00,71.10,0.457,4.179,0.348,banana,fresh
22194185,21950,93.30,855.00,71.10,0.456,4.179,0.348,banana,fresh
22195195,21951,93.35,855.00,71.05,0.456,4.179,0.347,banana,fresh
22196206,21952,93.15,855.00,71.05,0.455,4.179,0.347,banana,fresh
22197218,21953,93.05,855.00,71.15,0.455,4.179,0.348,banana,fresh
22198228,21954,93.20,855.00,71.20,0.456,4.179,0.348,banana,fresh
22199240,21955,93.10,855.05,71.05,0.455,4.179,0.347,banana,fresh
22200251,21956,93.15,855.05,71.05,0.455,4.179,0.347,banana,fresh
22201263,21957,93.40,855.00,71.05,0.457,4.179,0.347,banana,fresh
22202273,21958,93.25,854.95,71.15,0.456,4.179,0.348,banana,fresh
22203285,21959,93.15,855.00,71.15,0.455,4.179,0.348,banana,fresh
22204296,21960,93.15,855.00,71.15,0.455,4.179,0.348,banana,fresh
22205306,21961,93.25,855.00,70.95,0.456,4.179,0.347,banana,fresh
22206318,21962,93.20,855.00,71.20,0.456,4.179,0.348,banana,fresh
22207329,21963,93.10,855.00,71.10,0.455,4.179,0.348,banana,fresh
22208340,21964,93.15,855.00,71.10,0.455,4.179,0.348,banana,fresh
22209351,21965,93.25,855.00,71.15,0.456,4.179,0.348,banana,fresh
22210363,21966,93.20,855.00,71.10,0.456,4.179,0.348,banana,fresh
22211374,21967,93.15,855.00,71.20,0.455,4.179,0.348,banana,fresh
22212384,21968,93.40,855.00,71.15,0.457,4.179,0.348,banana,fresh
22213396,21969,93.20,855.00,71.05,0.456,4.179,0.347,banana,fresh
22214407,21970,93.10,855.05,71.00,0.455,4.179,0.347,banana,fresh
22215418,21971,93.30,855.00,71.25,0.456,4.179,0.348,banana,fresh
22216429,21972,93.20,855.00,71.20,0.456,4.179,0.348,banana,fresh
22217441,21973,93.15,855.05,71.20,0.455,4.179,0.348,banana,fresh
22218451,21974,93.40,855.00,71.15,0.457,4.179,0.348,banana,fresh
22219462,21975,93.10,855.00,71.10,0.455,4.179,0.348,banana,fresh
22220474,21976,93.20,855.00,71.10,0.456,4.179,0.348,banana,fresh
22221485,21977,93.25,855.00,71.05,0.456,4.179,0.347,banana,fresh
22222496,21978,93.15,855.00,71.05,0.455,4.179,0.347,banana,fresh
22223507,21979,93.30,855.05,71.00,0.456,4.179,0.347,banana,fresh
22224519,21980,93.20,855.00,71.15,0.456,4.179,0.348,banana,fresh
22225529,21981,93.30,855.05,71.15,0.456,4.179,0.348,banana,fresh
22226540,21982,93.10,855.00,71.15,0.455,4.179,0.348,banana,fresh
22227552,21983,93.10,855.00,71.10,0.455,4.179,0.348,banana,fresh
22228562,21984,93.05,855.00,71.05,0.455,4.179,0.347,banana,fresh
22229574,21985,93.15,855.00,71.00,0.455,4.179,0.347,banana,fresh
22230585,21986,93.10,855.00,71.15,0.455,4.179,0.348,banana,fresh
22231597,21987,93.15,855.00,71.05,0.455,4.179,0.347,banana,fresh
22232607,21988,93.20,855.00,71.15,0.456,4.179,0.348,banana,fresh
22233618,21989,93.05,854.95,71.25,0.455,4.179,0.348,banana,fresh
22234630,21990,93.05,855.00,71.10,0.455,4.179,0.348,banana,fresh
22235640,21991,93.25,855.00,71.20,0.456,4.179,0.348,banana,fresh
22236652,21992,93.35,855.00,71.20,0.456,4.179,0.348,banana,fresh
22237663,21993,93.25,855.00,71.10,0.456,4.179,0.348,banana,fresh
22238674,21994,93.35,855.05,71.05,0.456,4.179,0.347,banana,fresh
22239685,21995,93.20,855.00,71.00,0.456,4.179,0.347,banana,fresh
22240696,21996,93.30,855.00,71.10,0.456,4.179,0.348,banana,fresh
22241708,21997,93.15,855.00,71.05,0.455,4.179,0.347,banana,fresh
22242718,21998,93.25,855.00,71.05,0.456,4.179,0.347,banana,fresh
22243730,21999,93.15,855.05,71.15,0.455,4.179,0.348,banana,fresh
22244741,22000,93.20,855.00,71.10,0.456,4.179,0.348,banana,fresh
22245752,22001,93.20,855.00,71.15,0.456,4.179,0.348,banana,fresh
22246763,22002,93.00,855.00,71.30,0.455,4.179,0.348,banana,fresh
22247774,22003,93.10,855.00,71.10,0.455,4.179,0.348,banana,fresh
22248785,22004,93.05,855.00,71.10,0.455,4.179,0.348,banana,fresh
22249796,22005,93.15,855.00,71.05,0.455,4.179,0.347,banana,fresh
22250808,22006,93.15,855.00,71.10,0.455,4.179,0.348,banana,fresh
22251819,22007,93.30,854.95,71.00,0.456,4.179,0.347,banana,fresh
22252830,22008,93.30,855.00,71.15,0.456,4.179,0.348,banana,fresh
22253841,22009,93.05,855.05,71.05,0.455,4.179,0.347,banana,fresh
22254852,22010,93.05,855.00,71.05,0.455,4.179,0.347,banana,fresh
22255863,22011,93.25,855.00,71.05,0.456,4.179,0.347,banana,fresh
22256874,22012,93.20,855.00,71.10,0.456,4.179,0.348,banana,fresh
22257886,22013,93.05,855.00,71.25,0.455,4.179,0.348,banana,fresh
22258896,22014,93.15,855.00,71.05,0.455,4.179,0.347,banana,fresh
22259908,22015,93.20,855.05,71.10,0.456,4.179,0.348,banana,fresh
22260919,22016,93.10,855.00,71.15,0.455,4.179,0.348,banana,fresh
22261929,22017,93.00,855.05,71.10,0.455,4.179,0.348,banana,fresh
22262941,22018,93.00,855.00,71.05,0.455,4.179,0.347,banana,fresh
22263952,22019,93.20,855.00,71.15,0.456,4.179,0.348,banana,fresh
22264964,22020,93.10,855.00,71.10,0.455,4.179,0.348,banana,fresh
22265974,22021,93.15,855.00,71.25,0.455,4.179,0.348,banana,fresh
22266986,22022,93.10,855.05,71.10,0.455,4.179,0.348,banana,fresh
22267997,22023,93.20,855.00,71.00,0.456,4.179,0.347,banana,fresh
22269008,22024,93.10,855.00,71.15,0.455,4.179,0.348,banana,fresh
22270019,22025,93.10,855.00,71.15,0.455,4.179,0.348,banana,fresh
22271030,22026,93.25,855.05,71.15,0.456,4.179,0.348,banana,fresh
22272041,22027,93.25,855.00,71.15,0.456,4.179,0.348,banana,fresh
22273052,22028,93.10,855.00,71.10,0.455,4.179,0.348,banana,fresh
22274064,22029,93.10,855.00,71.25,0.455,4.179,0.348,banana,fresh
22275075,22030,93.05,855.10,71.10,0.455,4.179,0.348,banana,fresh
22276086,22031,93.25,855.00,71.30,0.456,4.179,0.348,banana,fresh
22277097,22032,93.20,855.05,71.05,0.456,4.179,0.347,banana,fresh
22278108,22033,93.25,855.00,71.10,0.456,4.179,0.348,banana,fresh
22279119,22034,93.15,855.00,71.10,0.455,4.179,0.348,banana,fresh
22280130,22035,93.20,855.00,71.05,0.456,4.179,0.347,banana,fresh
22281142,22036,93.20,855.00,71.15,0.456,4.179,0.348,banana,fresh
22282152,22037,93.05,855.00,71.10,0.455,4.179,0.348,banana,fresh
22283164,22038,93.40,855.00,71.10,0.457,4.179,0.348,banana,fresh
22284175,22039,93.10,855.00,71.20,0.455,4.179,0.348,banana,fresh
22285186,22040,93.15,855.00,71.05,0.455,4.179,0.347,banana,fresh
22286197,22041,93.25,855.00,71.20,0.456,4.179,0.348,banana,fresh
22287208,22042,93.10,855.00,71.15,0.455,4.179,0.348,banana,fresh
22288220,22043,93.10,854.95,71.15,0.455,4.179,0.348,banana,fresh
22289230,22044,93.35,855.10,71.05,0.456,4.179,0.347,banana,fresh
22290242,22045,93.15,855.00,71.00,0.455,4.179,0.347,banana,fresh
22291253,22046,93.30,855.00,71.10,0.456,4.179,0.348,banana,fresh
22292263,22047,93.05,855.00,71.05,0.455,4.179,0.347,banana,fresh
22293275,22048,93.10,855.00,71.20,0.455,4.179,0.348,banana,fresh
22294286,22049,93.20,855.00,71.10,0.456,4.179,0.348,banana,fresh
22295298,22050,93.10,855.05,71.15,0.455,4.179,0.348,banana,fresh
22296308,22051,93.05,855.00,71.00,0.455,4.179,0.347,banana,fresh
22297320,22052,93.10,855.00,71.10,0.455,4.179,0.348,banana,fresh
22298331,22053,93.20,855.05,71.10,0.456,4.179,0.348,banana,fresh
22299341,22054,93.30,855.00,71.15,0.456,4.179,0.348,banana,fresh
22300353,22055,93.20,855.00,71.00,0.456,4.179,0.347,banana,fresh
22301364,22056,93.05,855.00,71.15,0.455,4.179,0.348,banana,fresh
22302375,22057,93.20,855.00,71.05,0.456,4.179,0.347,banana,fresh
22303386,22058,93.15,855.00,71.10,0.455,4.179,0.348,banana,fresh
22304398,22059,93.20,855.05,71.05,0.456,4.179,0.347,banana,fresh
22305409,22060,93.30,855.00,71.05,0.456,4.179,0.347,banana,fresh
22306419,22061,93.20,855.05,71.10,0.456,4.179,0.348,banana,fresh
22307431,22062,93.15,855.00,71.05,0.455,4.179,0.347,banana,fresh
22308442,22063,93.25,855.00,71.05,0.456,4.179,0.347,banana,fresh
22309453,22064,93.40,855.00,71.20,0.457,4.179,0.348,banana,fresh
22310464,22065,93.25,855.00,71.15,0.456,4.179,0.348,banana,fresh
22311476,22066,93.20,855.00,71.30,0.456,4.179,0.348,banana,fresh
22312486,22067,93.10,855.00,71.00,0.455,4.179,0.347,banana,fresh
22313497,22068,93.40,855.05,71.15,0.457,4.179,0.348,banana,fresh
22314509,22069,93.30,855.05,71.15,0.456,4.179,0.348,banana,fresh
22315520,22070,93.10,855.05,71.10,0.455,4.179,0.348,banana,fresh
22316531,22071,93.35,855.05,71.15,0.456,4.179,0.348,banana,fresh
22317542,22072,93.10,855.00,71.10,0.455,4.179,0.348,banana,fresh
22318554,22073,93.15,855.00,71.10,0.455,4.179,0.348,banana,fresh
22319564,22074,93.25,855.00,71.20,0.456,4.179,0.348,banana,fresh
22320575,22075,93.20,855.00,71.05,0.456,4.179,0.347,banana,fresh
22321587,22076,93.25,855.00,71.05,0.456,4.179,0.347,banana,fresh
22322597,22077,93.25,855.05,71.05,0.456,4.179,0.347,banana,fresh
22323609,22078,93.40,855.00,71.10,0.457,4.179,0.348,banana,fresh
22324620,22079,93.25,855.05,71.10,0.456,4.179,0.348,banana,fresh
22325632,22080,93.15,855.00,71.20,0.455,4.179,0.348,banana,fresh
22326642,22081,93.15,855.00,71.10,0.455,4.179,0.348,banana,fresh
22327653,22082,93.20,855.00,71.10,0.456,4.179,0.348,banana,fresh
22328665,22083,93.30,855.00,71.10,0.456,4.179,0.348,banana,fresh
22329675,22084,93.15,855.00,71.10,0.455,4.179,0.348,banana,fresh
22330687,22085,93.15,855.00,71.15,0.455,4.179,0.348,banana,fresh
22331698,22086,93.10,855.00,71.05,0.455,4.179,0.347,banana,fresh
22332709,22087,93.05,855.00,71.20,0.455,4.179,0.348,banana,fresh
22333720,22088,93.15,855.00,71.20,0.455,4.179,0.348,banana,fresh
22334731,22089,93.15,855.00,71.10,0.455,4.179,0.348,banana,fresh
22335742,22090,93.15,855.00,71.05,0.455,4.179,0.347,banana,fresh
22336753,22091,93.10,855.00,71.10,0.455,4.179,0.348,banana,fresh
22337765,22092,93.20,855.00,71.15,0.456,4.179,0.348,banana,fresh
22338776,22093,93.15,855.10,71.00,0.455,4.179,0.347,banana,fresh
22339787,22094,93.20,855.00,71.10,0.456,4.179,0.348,banana,fresh
22340798,22095,93.15,855.00,71.15,0.455,4.179,0.348,banana,fresh
22341809,22096,93.20,855.05,71.10,0.456,4.179,0.348,banana,fresh
22342820,22097,93.25,855.00,71.20,0.456,4.179,0.348,banana,fresh
22343831,22098,93.15,855.00,71.05,0.455,4.179,0.347,banana,fresh
22344843,22099,93.10,855.00,71.10,0.455,4.179,0.348,banana,fresh
22345853,22100,93.15,855.05,71.00,0.455,4.179,0.347,banana,fresh
22346865,22101,93.20,855.05,71.10,0.456,4.179,0.348,banana,fresh
22347876,22102,93.10,855.00,71.20,0.455,4.179,0.348,banana,fresh
22348887,22103,93.15,855.00,71.00,0.455,4.179,0.347,banana,fresh
22349898,22104,93.10,855.05,71.05,0.455,4.179,0.347,banana,fresh
22350909,22105,93.10,855.00,71.10,0.455,4.179,0.348,banana,fresh
22351921,22106,93.30,855.00,71.10,0.456,4.179,0.348,banana,fresh
22352931,22107,93.30,855.00,71.05,0.456,4.179,0.347,banana,fresh
22353943,22108,93.15,855.00,71.10,0.455,4.179,0.348,banana,fresh
22354954,22109,93.30,855.00,71.15,0.456,4.179,0.348,banana,fresh
22355964,22110,93.20,855.00,71.15,0.456,4.179,0.348,banana,fresh
22356976,22111,93.05,855.00,71.15,0.455,4.179,0.348,banana,fresh
22357987,22112,93.20,855.00,71.05,0.456,4.179,0.347,banana,fresh
22358999,22113,93.15,855.00,71.05,0.455,4.179,0.347,banana,fresh
22360009,22114,93.20,855.00,71.05,0.456,4.179,0.347,banana,fresh
22361021,22115,93.20,855.00,71.15,0.456,4.179,0.348,banana,fresh
22362032,22116,93.10,855.05,71.10,0.455,4.179,0.348,banana,fresh
22363042,22117,93.30,855.00,71.10,0.456,4.179,0.348,banana,fresh
22364054,22118,93.15,855.00,71.20,0.455,4.179,0.348,banana,fresh
22365065,22119,93.25,855.00,71.15,0.456,4.179,0.348,banana,fresh
22366076,22120,93.05,855.00,71.15,0.455,4.179,0.348,banana,fresh
22367087,22121,93.30,855.00,71.10,0.456,4.179,0.348,banana,fresh
22368099,22122,93.30,855.00,71.05,0.456,4.179,0.347,banana,fresh
22369110,22123,93.20,855.00,71.15,0.456,4.179,0.348,banana,fresh
22370120,22124,93.30,855.00,71.25,0.456,4.179,0.348,banana,fresh
22371132,22125,93.15,855.00,71.05,0.455,4.179,0.347,banana,fresh
22372143,22126,93.15,855.00,71.10,0.455,4.179,0.348,banana,fresh
22373154,22127,93.20,855.00,71.15,0.456,4.179,0.348,banana,fresh
22374165,22128,93.15,855.00,71.10,0.455,4.179,0.348,banana,fresh
22375177,22129,93.30,855.05,71.15,0.456,4.179,0.348,banana,fresh
22376187,22130,93.00,855.00,71.10,0.455,4.179,0.348,banana,fresh
22377198,22131,93.30,855.05,71.10,0.456,4.179,0.348,banana,fresh
22378210,22132,93.30,855.00,71.05,0.456,4.179,0.347,banana,fresh
22379220,22133,93.25,855.05,71.25,0.456,4.179,0.348,banana,fresh
22380232,22134,93.15,855.00,71.10,0.455,4.179,0.348,banana,fresh
22381243,22135,93.35,855.00,71.15,0.456,4.179,0.348,banana,fresh
22382255,22136,93.10,855.00,71.20,0.455,4.179,0.348,banana,fresh
22383265,22137,93.15,855.05,71.05,0.455,4.179,0.347,banana,fresh
22384277,22138,93.15,855.00,71.20,0.455,4.179,0.348,banana,fresh
22385288,22139,93.30,855.00,71.10,0.456,4.179,0.348,banana,fresh
22386298,22140,93.15,855.00,71.05,0.455,4.179,0.347,banana,fresh
22387310,22141,93.25,855.00,71.15,0.456,4.179,0.348,banana,fresh
22388321,22142,93.25,855.00,71.05,0.456,4.179,0.347,banana,fresh
22389332,22143,93.30,855.00,71.15,0.456,4.179,0.348,banana,fresh
22390343,22144,93.05,855.10,71.10,0.455,4.179,0.348,banana,fresh
22391355,22145,93.15,855.05,71.05,0.455,4.179,0.347,banana,fresh
22392366,22146,93.25,855.00,71.05,0.456,4.179,0.347,banana,fresh
22393376,22147,93.25,855.00,71.10,0.456,4.179,0.348,banana,fresh
22394388,22148,93.25,855.10,71.10,0.456,4.179,0.348,banana,fresh
22395399,22149,93.30,855.00,71.00,0.456,4.179,0.347,banana,fresh
22396410,22150,93.40,855.05,71.10,0.457,4.179,0.348,banana,fresh
22397421,22151,93.30,855.05,71.05,0.456,4.179,0.347,banana,fresh
22398433,22152,93.35,855.05,71.10,0.456,4.179,0.348,banana,fresh
22399443,22153,93.10,855.05,71.20,0.455,4.179,0.348,banana,fresh
22400454,22154,93.45,855.00,71.05,0.457,4.179,0.347,banana,fresh
22401466,22155,93.20,855.00,71.15,0.456,4.179,0.348,banana,fresh
22402477,22156,93.20,855.00,71.00,0.456,4.179,0.347,banana,fresh
22403488,22157,93.15,855.00,71.05,0.455,4.179,0.347,banana,fresh
22404499,22158,93.20,855.05,71.05,0.456,4.179,0.347,banana,fresh
22405511,22159,93.25,855.00,71.20,0.456,4.179,0.348,banana,fresh
22406521,22160,93.25,855.00,71.10,0.456,4.179,0.348,banana,fresh
22407532,22161,93.40,855.00,71.00,0.457,4.179,0.347,banana,fresh
22408544,22162,93.25,855.05,71.15,0.456,4.179,0.348,banana,fresh
22409554,22163,93.25,855.05,71.15,0.456,4.179,0.348,banana,fresh
22410566,22164,93.10,855.00,71.10,0.455,4.179,0.348,banana,fresh
22411577,22165,93.15,855.05,71.00,0.455,4.179,0.347,banana,fresh
22412589,22166,93.35,855.00,71.10,0.456,4.179,0.348,banana,fresh
22413599,22167,93.25,855.00,71.20,0.456,4.179,0.348,banana,fresh
22414610,22168,93.05,855.05,71.25,0.455,4.179,0.348,banana,fresh
22415622,22169,93.40,855.05,71.10,0.457,4.179,0.348,banana,fresh
22416632,22170,93.25,855.00,71.15,0.456,4.179,0.348,banana,fresh
22417644,22171,93.30,855.00,71.05,0.456,4.179,0.347,banana,fresh
22418655,22172,93.20,855.00,71.20,0.456,4.179,0.348,banana,fresh
22419666,22173,93.10,855.00,71.05,0.455,4.179,0.347,banana,fresh
22420677,22174,93.20,855.05,71.05,0.456,4.179,0.347,banana,fresh
22421689,22175,93.20,854.95,71.00,0.456,4.179,0.347,banana,fresh
22422700,22176,93.15,855.05,71.10,0.455,4.179,0.348,banana,fresh
22423710,22177,93.40,855.05,71.20,0.457,4.179,0.348,banana,fresh
22424722,22178,93.35,855.00,71.20,0.456,4.179,0.348,banana,fresh
22425733,22179,93.35,855.00,71.10,0.456,4.179,0.348,banana,fresh
22426744,22180,93.30,855.00,71.10,0.456,4.179,0.348,banana,fresh
22427755,22181,93.50,855.10,71.00,0.457,4.179,0.347,banana,fresh
22428767,22182,93.25,855.05,71.10,0.456,4.179,0.348,banana,fresh
22429777,22183,93.35,855.00,71.05,0.456,4.179,0.347,banana,fresh
22430788,22184,93.35,855.15,71.25,0.456,4.180,0.348,banana,fresh
22431800,22185,93.25,855.00,71.15,0.456,4.179,0.348,banana,fresh
22432811,22186,93.20,855.00,71.15,0.456,4.179,0.348,banana,fresh
22433822,22187,93.40,855.00,71.05,0.457,4.179,0.347,banana,fresh
22434833,22188,93.15,855.00,71.15,0.455,4.179,0.348,banana,fresh
22435845,22189,93.10,855.00,71.20,0.455,4.179,0.348,banana,fresh
22436855,22190,93.25,855.00,71.10,0.456,4.179,0.348,banana,fresh
22437866,22191,93.10,855.00,71.15,0.455,4.179,0.348,banana,fresh
22438878,22192,93.20,855.10,71.25,0.456,4.179,0.348,banana,fresh
22439888,22193,93.15,855.05,71.05,0.455,4.179,0.347,banana,fresh
22440900,22194,93.35,855.05,71.05,0.456,4.179,0.347,banana,fresh
22441911,22195,93.30,855.00,71.05,0.456,4.179,0.347,banana,fresh
22442923,22196,93.25,855.05,71.15,0.456,4.179,0.348,banana,fresh
22443933,22197,93.30,855.05,71.20,0.456,4.179,0.348,banana,fresh
22444944,22198,93.25,855.00,71.10,0.456,4.179,0.348,banana,fresh
22445956,22199,93.45,855.00,71.15,0.457,4.179,0.348,banana,fresh
22446966,22200,93.15,855.05,71.15,0.455,4.179,0.348,banana,fresh
22447978,22201,93.25,855.05,71.25,0.456,4.179,0.348,banana,fresh
22448989,22202,93.30,855.10,71.10,0.456,4.179,0.348,banana,fresh
22450000,22203,93.20,855.00,71.05,0.456,4.179,0.347,banana,fresh
22451011,22204,93.35,855.00,71.10,0.456,4.179,0.348,banana,fresh
22452023,22205,93.30,855.05,71.00,0.456,4.179,0.347,banana,fresh
22453033,22206,93.30,855.05,71.15,0.456,4.179,0.348,banana,fresh
22454044,22207,93.40,855.05,71.05,0.457,4.179,0.347,banana,fresh
22455056,22208,93.25,855.10,71.20,0.456,4.179,0.348,banana,fresh
22456067,22209,93.45,855.00,71.25,0.457,4.179,0.348,banana,fresh
22457078,22210,93.10,855.05,71.15,0.455,4.179,0.348,banana,fresh
22458089,22211,93.30,855.00,71.05,0.456,4.179,0.347,banana,fresh
22459101,22212,93.30,855.05,71.05,0.456,4.179,0.347,banana,fresh
22460111,22213,93.25,855.00,71.35,0.456,4.179,0.349,banana,fresh
22461122,22214,93.25,855.05,71.05,0.456,4.179,0.347,banana,fresh
22462134,22215,93.35,855.00,71.10,0.456,4.179,0.348,banana,fresh
22463144,22216,93.25,855.05,71.15,0.456,4.179,0.348,banana,fresh
22464156,22217,93.25,855.00,71.10,0.456,4.179,0.348,banana,fresh
22465167,22218,93.15,855.05,71.10,0.455,4.179,0.348,banana,fresh
22466179,22219,93.40,855.00,71.15,0.457,4.179,0.348,banana,fresh
22467189,22220,93.30,855.00,71.20,0.456,4.179,0.348,banana,fresh
22468200,22221,93.45,855.00,71.10,0.457,4.179,0.348,banana,fresh
22469212,22222,93.25,855.00,71.05,0.456,4.179,0.347,banana,fresh
22470222,22223,93.25,855.00,71.15,0.456,4.179,0.348,banana,fresh
22471234,22224,93.30,855.00,71.10,0.456,4.179,0.348,banana,fresh
22472245,22225,93.20,855.00,71.15,0.456,4.179,0.348,banana,fresh
22473256,22226,93.20,855.00,71.05,0.456,4.179,0.347,banana,fresh
22474267,22227,93.25,855.00,71.20,0.456,4.179,0.348,banana,fresh
22475278,22228,93.25,855.05,71.25,0.456,4.179,0.348,banana,fresh
22476290,22229,93.30,855.10,71.10,0.456,4.179,0.348,banana,fresh
22477300,22230,93.15,855.00,71.10,0.455,4.179,0.348,banana,fresh
22478312,22231,93.15,855.05,71.20,0.455,4.179,0.348,banana,fresh
22479323,22232,93.25,855.05,71.20,0.456,4.179,0.348,banana,fresh
22480334,22233,93.30,855.00,71.30,0.456,4.179,0.348,banana,fresh
22481345,22234,93.45,855.00,71.15,0.457,4.179,0.348,banana,fresh
22482356,22235,93.35,855.00,71.30,0.456,4.179,0.348,banana,fresh
22483367,22236,93.25,855.00,71.30,0.456,4.179,0.348,banana,fresh
22484378,22237,93.30,855.10,71.10,0.456,4.179,0.348,banana,fresh
22485390,22238,93.35,855.10,71.10,0.456,4.179,0.348,banana,fresh
22486401,22239,93.20,855.10,71.15,0.456,4.179,0.348,banana,fresh
22487412,22240,93.40,855.05,71.15,0.457,4.179,0.348,banana,fresh
22488423,22241,93.40,855.00,71.20,0.457,4.179,0.348,banana,fresh
22489434,22242,93.25,855.00,71.05,0.456,4.179,0.347,banana,fresh
22490445,22243,93.20,855.05,71.10,0.456,4.179,0.348,banana,fresh
22491456,22244,93.40,855.05,71.05,0.457,4.179,0.347,banana,fresh
22492468,22245,93.40,855.00,71.45,0.457,4.179,0.349,banana,fresh
22493478,22246,93.40,855.15,71.15,0.457,4.180,0.348,banana,fresh
22494490,22247,93.50,855.00,71.15,0.457,4.179,0.348,banana,fresh
22495501,22248,93.30,855.15,71.15,0.456,4.180,0.348,banana,fresh
22496513,22249,93.30,855.00,71.15,0.456,4.179,0.348,banana,fresh
22497523,22250,93.45,855.05,71.15,0.457,4.179,0.348,banana,fresh
22498534,22251,93.45,855.00,71.10,0.457,4.179,0.348,banana,fresh
22499546,22252,93.25,855.00,71.15,0.456,4.179,0.348,banana,fresh
22500556,22253,93.40,855.00,71.05,0.457,4.179,0.347,banana,fresh
22501568,22254,93.30,855.00,71.05,0.456,4.179,0.347,banana,fresh
22502579,22255,93.25,855.00,71.15,0.456,4.179,0.348,banana,fresh
22503590,22256,93.50,855.00,71.15,0.457,4.179,0.348,banana,fresh
22504601,22257,93.45,855.05,71.30,0.457,4.179,0.348,banana,fresh
22505613,22258,93.50,855.05,71.15,0.457,4.179,0.348,banana,fresh
22506624,22259,93.30,855.00,71.25,0.456,4.179,0.348,banana,fresh
22507634,22260,93.40,855.00,71.25,0.457,4.179,0.348,banana,fresh
22508646,22261,93.35,855.00,71.25,0.456,4.179,0.348,banana,fresh
22509657,22262,93.45,855.10,71.15,0.457,4.179,0.348,banana,fresh
22510668,22263,93.30,855.05,71.20,0.456,4.179,0.348,banana,fresh
22511679,22264,93.25,855.00,71.25,0.456,4.179,0.348,banana,fresh
22512691,22265,93.35,855.00,71.15,0.456,4.179,0.348,banana,fresh
22513701,22266,93.55,855.00,71.10,0.457,4.179,0.348,banana,fresh
22514712,22267,93.50,855.10,71.20,0.457,4.179,0.348,banana,fresh
22515724,22268,93.35,855.05,71.20,0.456,4.179,0.348,banana,fresh
22516734,22269,93.35,855.00,71.20,0.456,4.179,0.348,banana,fresh
22517746,22270,93.35,855.00,71.25,0.456,4.179,0.348,banana,fresh
22518757,22271,93.30,855.15,71.20,0.456,4.180,0.348,banana,fresh
22519769,22272,93.35,855.05,71.15,0.456,4.179,0.348,banana,fresh
22520779,22273,93.35,855.00,71.10,0.456,4.179,0.348,banana,fresh
22521790,22274,93.40,855.10,71.25,0.457,4.179,0.348,banana,fresh
22522802,22275,93.55,855.05,71.20,0.457,4.179,0.348,banana,fresh
22523812,22276,93.35,855.00,71.15,0.456,4.179,0.348,banana,fresh
22524824,22277,93.50,855.05,71.25,0.457,4.179,0.348,banana,fresh
22525835,22278,93.35,855.10,71.30,0.456,4.179,0.348,banana,fresh
22526846,22279,93.55,855.15,71.25,0.457,4.180,0.348,banana,fresh
22527857,22280,93.50,855.00,71.05,0.457,4.179,0.347,banana,fresh
22528869,22281,93.25,855.05,71.10,0.456,4.179,0.348,banana,fresh
22529880,22282,93.40,855.00,71.30,0.457,4.179,0.348,banana,fresh
22530890,22283,93.50,855.05,71.25,0.457,4.179,0.348,banana,fresh
22531902,22284,93.30,855.00,71.15,0.456,4.179,0.348,banana,fresh
22532913,22285,93.35,855.00,71.30,0.456,4.179,0.348,banana,fresh
22533924,22286,93.20,855.05,71.05,0.456,4.179,0.347,banana,fresh
22534935,22287,93.35,855.10,71.20,0.456,4.179,0.348,banana,fresh
22535947,22288,93.40,855.05,71.20,0.457,4.179,0.348,banana,fresh
22536957,22289,93.30,855.10,71.40,0.456,4.179,0.349,banana,fresh
22537968,22290,93.50,855.05,71.15,0.457,4.179,0.348,banana,fresh
22538980,22291,93.50,855.10,71.25,0.457,4.179,0.348,banana,fresh
22539991,22292,93.25,855.05,71.20,0.456,4.179,0.348,banana,fresh
22541002,22293,93.30,855.05,71.15,0.456,4.179,0.348,banana,fresh
22542013,22294,93.70,855.05,71.35,0.458,4.179,0.349,banana,fresh
22543025,22295,93.50,855.00,71.15,0.457,4.179,0.348,banana,fresh
22544035,22296,93.25,855.15,71.20,0.456,4.180,0.348,banana,fresh
22545046,22297,93.50,855.05,71.15,0.457,4.179,0.348,banana,fresh
22546058,22298,93.60,855.00,71.25,0.457,4.179,0.348,banana,fresh
22547068,22299,93.25,855.05,71.10,0.456,4.179,0.348,banana,fresh
22548080,22300,93.45,855.10,71.30,0.457,4.179,0.348,banana,fresh
22549091,22301,93.20,855.15,71.20,0.456,4.180,0.348,banana,fresh
22550103,22302,93.35,855.10,71.05,0.456,4.179,0.347,banana,fresh
22551113,22303,93.60,855.10,71.05,0.457,4.179,0.347,banana,fresh
22552125,22304,93.40,855.00,71.20,0.457,4.179,0.348,banana,fresh
22553136,22305,93.20,855.00,71.30,0.456,4.179,0.348,banana,fresh
22554146,22306,93.55,855.05,71.25,0.457,4.179,0.348,banana,fresh
22555158,22307,93.45,855.05,71.35,0.457,4.179,0.349,banana,fresh
22556169,22308,93.80,855.05,71.10,0.458,4.179,0.348,banana,fresh
22557180,22309,93.35,855.10,71.30,0.456,4.179,0.348,banana,fresh
22558191,22310,93.45,855.05,71.30,0.457,4.179,0.348,banana,fresh
22559203,22311,93.55,855.00,71.15,0.457,4.179,0.348,banana,fresh
22560214,22312,93.35,855.05,71.20,0.456,4.179,0.348,banana,fresh
22561224,22313,93.50,855.10,71.15,0.457,4.179,0.348,banana,fresh
22562236,22314,93.30,855.05,71.20,0.456,4.179,0.348,banana,fresh
22563247,22315,93.50,855.05,71.20,0.457,4.179,0.348,banana,fresh
22564258,22316,93.50,855.05,71.20,0.457,4.179,0.348,banana,fresh
22565269,22317,93.20,855.15,71.30,0.456,4.180,0.348,banana,fresh
22566281,22318,93.40,855.15,71.05,0.457,4.180,0.347,banana,fresh
22567291,22319,93.35,855.20,71.30,0.456,4.180,0.348,banana,fresh
22568303,22320,93.30,855.05,71.30,0.456,4.179,0.348,banana,fresh
22569314,22321,93.35,855.05,71.40,0.456,4.179,0.349,banana,fresh
22570324,22322,93.45,855.10,71.30,0.457,4.179,0.348,banana,fresh
22571336,22323,93.15,855.05,71.35,0.455,4.179,0.349,banana,fresh
22572347,22324,93.55,855.10,71.20,0.457,4.179,0.348,banana,fresh
22573359,22325,93.45,855.10,71.30,0.457,4.179,0.348,banana,fresh
22574369,22326,93.20,855.10,71.15,0.456,4.179,0.348,banana,fresh
22575381,22327,93.25,855.05,71.15,0.456,4.179,0.348,banana,fresh
22576392,22328,93.35,855.05,71.10,0.456,4.179,0.348,banana,fresh
22577403,22329,93.45,855.00,71.20,0.457,4.179,0.348,banana,fresh
22578414,22330,93.30,855.05,71.20,0.456,4.179,0.348,banana,fresh
22579425,22331,93.45,855.10,71.15,0.457,4.179,0.348,banana,fresh
22580436,22332,93.40,855.10,71.20,0.457,4.179,0.348,banana,fresh
22581447,22333,93.40,855.05,71.20,0.457,4.179,0.348,banana,fresh
22582459,22334,93.75,855.05,71.35,0.458,4.179,0.349,banana,fresh
22583470,22335,93.45,855.15,71.30,0.457,4.180,0.348,banana,fresh
22584481,22336,93.45,855.20,71.20,0.457,4.180,0.348,banana,fresh
22585492,22337,93.35,855.05,71.35,0.456,4.179,0.349,banana,fresh
22586503,22338,93.70,855.15,71.05,0.458,4.180,0.347,banana,fresh
22587514,22339,93.40,855.20,71.35,0.457,4.180,0.349,banana,fresh
22588525,22340,93.40,855.00,71.30,0.457,4.179,0.348,banana,fresh
22589537,22341,93.40,855.15,71.35,0.457,4.180,0.349,banana,fresh
22590547,22342,93.35,855.10,71.30,0.456,4.179,0.348,banana,fresh
22591559,22343,93.45,855.05,71.25,0.457,4.179,0.348,banana,fresh
22592570,22344,93.45,855.10,71.45,0.457,4.179,0.349,banana,fresh
22593582,22345,93.45,855.05,71.35,0.457,4.179,0.349,banana,fresh
22594592,22346,93.40,855.00,71.05,0.457,4.179,0.347,banana,fresh
22595603,22347,93.65,855.00,71.20,0.458,4.179,0.348,banana,fresh
22596615,22348,93.35,855.00,71.35,0.456,4.179,0.349,banana,fresh
22597625,22349,93.40,855.10,71.20,0.457,4.179,0.348,banana,fresh
22598637,22350,93.40,855.15,71.30,0.457,4.180,0.348,banana,fresh
22599648,22351,93.35,855.05,71.25,0.456,4.179,0.348,banana,fresh
22600659,22352,93.55,855.10,71.10,0.457,4.179,0.348,banana,fresh
22601670,22353,93.45,855.20,71.20,0.457,4.180,0.348,banana,fresh
22602681,22354,93.60,855.10,71.10,0.457,4.179,0.348,banana,fresh
22603693,22355,93.35,855.15,71.30,0.456,4.180,0.348,banana,fresh
22604703,22356,93.50,855.10,71.35,0.457,4.179,0.349,banana,fresh
22605715,22357,93.40,855.20,71.30,0.457,4.180,0.348,banana,fresh
22606726,22358,93.45,855.20,71.30,0.457,4.180,0.348,banana,fresh
22607737,22359,93.35,855.15,71.20,0.456,4.180,0.348,banana,fresh
22608748,22360,93.35,855.10,71.25,0.456,4.179,0.348,banana,fresh
22609759,22361,93.50,855.05,71.30,0.457,4.179,0.348,banana,fresh
22610770,22362,93.30,855.00,71.30,0.456,4.179,0.348,banana,fresh
22611781,22363,93.40,855.05,71.30,0.457,4.179,0.348,banana,fresh
22612793,22364,93.55,855.00,71.25,0.457,4.179,0.348,banana,fresh
22613804,22365,93.55,855.05,71.20,0.457,4.179,0.348,banana,fresh
22614815,22366,93.50,855.05,71.30,0.457,4.179,0.348,banana,fresh
22615826,22367,93.45,855.00,71.30,0.457,4.179,0.348,banana,fresh
22616838,22368,93.65,855.05,71.15,0.458,4.179,0.348,banana,fresh
22617848,22369,93.60,855.10,71.25,0.457,4.179,0.348,banana,fresh
22618859,22370,93.25,855.05,71.30,0.456,4.179,0.348,banana,fresh
22619871,22371,93.55,855.00,71.45,0.457,4.179,0.349,banana,fresh
22620881,22372,93.35,855.05,71.35,0.456,4.179,0.349,banana,fresh
22621893,22373,93.60,855.10,71.35,0.457,4.179,0.349,banana,fresh
22622904,22374,93.45,855.20,71.25,0.457,4.180,0.348,banana,fresh
22623916,22375,93.45,855.10,71.15,0.457,4.179,0.348,banana,fresh
22624926,22376,93.50,855.05,71.20,0.457,4.179,0.348,banana,fresh
22625937,22377,93.50,855.10,71.30,0.457,4.179,0.348,banana,fresh
22626949,22378,93.55,855.25,71.30,0.457,4.180,0.348,banana,fresh
22627959,22379,93.50,855.05,71.20,0.457,4.179,0.348,banana,fresh
22628971,22380,93.30,855.15,71.30,0.456,4.180,0.348,banana,fresh
22629982,22381,93.40,855.00,71.20,0.457,4.179,0.348,banana,fresh
22630993,22382,93.65,855.10,71.35,0.458,4.179,0.349,banana,fresh
22632004,22383,93.60,855.00,71.40,0.457,4.179,0.349,banana,fresh
22633016,22384,93.30,855.20,71.40,0.456,4.180,0.349,banana,fresh
22634027,22385,93.55,855.10,71.45,0.457,4.179,0.349,banana,fresh
22635037,22386,93.75,855.30,71.35,0.458,4.180,0.349,banana,fresh
22636049,22387,93.50,855.10,71.30,0.457,4.179,0.348,banana,fresh
22637060,22388,93.50,855.05,71.25,0.457,4.179,0.348,banana,fresh
22638071,22389,93.50,855.15,71.30,0.457,4.180,0.348,banana,fresh
22639082,22390,93.60,855.00,71.35,0.457,4.179,0.349,banana,fresh
22640094,22391,93.45,855.10,71.40,0.457,4.179,0.349,banana,fresh
22641104,22392,93.40,855.00,71.25,0.457,4.179,0.348,banana,fresh
22642115,22393,93.30,855.15,71.35,0.456,4.180,0.349,banana,fresh
22643127,22394,93.35,855.05,71.50,0.456,4.179,0.349,banana,fresh
22644137,22395,93.55,855.10,71.35,0.457,4.179,0.349,banana,fresh
22645149,22396,93.40,855.00,71.25,0.457,4.179,0.348,banana,fresh
22646160,22397,93.55,855.00,71.35,0.457,4.179,0.349,banana,fresh
22647172,22398,93.50,855.10,71.40,0.457,4.179,0.349,banana,fresh
22648182,22399,93.70,855.05,71.30,0.458,4.179,0.348,banana,fresh
22649193,22400,93.35,855.10,71.45,0.456,4.179,0.349,banana,fresh
22650205,22401,93.45,855.10,71.30,0.457,4.179,0.348,banana,fresh
22651215,22402,93.50,855.10,71.25,0.457,4.179,0.348,banana,fresh
22652227,22403,93.55,855.10,71.45,0.457,4.179,0.349,banana,fresh
22653238,22404,93.55,855.15,71.55,0.457,4.180,0.350,banana,fresh
22654249,22405,93.55,855.05,71.30,0.457,4.179,0.348,banana,fresh
22655260,22406,93.70,855.05,71.35,0.458,4.179,0.349,banana,fresh
22656272,22407,93.40,855.05,71.35,0.457,4.179,0.349,banana,fresh
22657283,22408,93.65,855.15,71.20,0.458,4.180,0.348,banana,fresh
22658293,22409,93.50,855.10,71.40,0.457,4.179,0.349,banana,fresh
22659305,22410,93.40,855.15,71.35,0.457,4.180,0.349,banana,fresh
22660316,22411,93.60,855.10,71.35,0.457,4.179,0.349,banana,fresh
22661327,22412,93.60,855.15,71.50,0.457,4.180,0.349,banana,fresh
22662338,22413,93.45,855.10,71.30,0.457,4.179,0.348,banana,fresh
22663350,22414,93.70,855.20,71.40,0.458,4.180,0.349,banana,fresh
22664360,22415,93.60,855.05,71.40,0.457,4.179,0.349,banana,fresh
22665371,22416,93.50,855.15,71.25,0.457,4.180,0.348,banana,fresh
22666383,22417,93.70,855.10,71.25,0.458,4.179,0.348,banana,fresh
22667394,22418,93.50,855.10,71.45,0.457,4.179,0.349,banana,fresh
22668405,22419,93.75,855.05,71.45,0.458,4.179,0.349,banana,fresh
22669416,22420,93.45,855.00,71.50,0.457,4.179,0.349,banana,fresh
22670428,22421,93.55,855.10,71.40,0.457,4.179,0.349,banana,fresh
22671438,22422,93.35,855.10,71.25,0.456,4.179,0.348,banana,fresh
22672450,22423,93.60,855.10,71.50,0.457,4.179,0.349,banana,fresh
22673461,22424,93.60,855.20,71.55,0.457,4.180,0.350,banana,fresh
22674471,22425,93.60,855.10,71.15,0.457,4.179,0.348,banana,fresh
22675483,22426,93.40,855.00,71.20,0.457,4.179,0.348,banana,fresh
22676494,22427,93.40,855.05,71.45,0.457,4.179,0.349,banana,fresh
22677506,22428,93.50,855.10,71.45,0.457,4.179,0.349,banana,fresh
22678516,22429,93.60,855.05,71.40,0.457,4.179,0.349,banana,fresh
22679528,22430,93.50,855.05,71.40,0.457,4.179,0.349,banana,fresh
22680539,22431,93.45,855.05,71.45,0.457,4.179,0.349,banana,fresh
22681550,22432,93.65,855.10,71.25,0.458,4.179,0.348,banana,fresh
22682561,22433,93.65,855.10,71.45,0.458,4.179,0.349,banana,fresh
22683572,22434,93.30,855.05,71.55,0.456,4.179,0.350,banana,fresh
22684583,22435,93.30,855.05,71.45,0.456,4.179,0.349,banana,fresh
22685594,22436,93.65,855.10,71.70,0.458,4.179,0.350,banana,fresh
22686606,22437,93.65,855.05,71.45,0.458,4.179,0.349,banana,fresh
22687617,22438,93.65,855.15,71.60,0.458,4.180,0.350,banana,fresh
22688628,22439,93.55,855.10,71.45,0.457,4.179,0.349,banana,fresh
22689639,22440,93.60,855.05,71.40,0.457,4.179,0.349,banana,fresh
22690650,22441,93.60,855.15,71.55,0.457,4.180,0.350,banana,fresh
22691661,22442,93.65,855.10,71.40,0.458,4.179,0.349,banana,fresh
22692672,22443,93.70,855.05,71.25,0.458,4.179,0.348,banana,fresh
22693684,22444,93.65,855.20,71.40,0.458,4.180,0.349,banana,fresh
22694694,22445,93.50,855.15,71.25,0.457,4.180,0.348,banana,fresh
22695706,22446,93.50,855.15,71.35,0.457,4.180,0.349,banana,fresh
22696717,22447,93.50,855.05,71.45,0.457,4.179,0.349,banana,fresh
22697728,22448,93.60,855.10,71.35,0.457,4.179,0.349,banana,fresh
22698739,22449,93.55,855.20,71.35,0.457,4.180,0.349,banana,fresh
22699750,22450,93.75,855.10,71.30,0.458,4.179,0.348,banana,fresh
22700762,22451,93.55,855.05,71.35,0.457,4.179,0.349,banana,fresh
22701772,22452,93.50,855.10,71.55,0.457,4.179,0.350,banana,fresh
22702784,22453,93.40,855.10,71.30,0.457,4.179,0.348,banana,fresh
22703795,22454,93.60,855.20,71.35,0.457,4.180,0.349,banana,fresh
22704805,22455,93.45,855.30,71.25,0.457,4.180,0.348,banana,fresh
22705817,22456,93.65,855.10,71.25,0.458,4.179,0.348,banana,fresh
22706828,22457,93.45,855.10,71.45,0.457,4.179,0.349,banana,fresh
22707840,22458,93.55,855.05,71.55,0.457,4.179,0.350,banana,fresh
22708850,22459,93.55,855.10,71.40,0.457,4.179,0.349,banana,fresh
22709862,22460,93.60,855.10,71.45,0.457,4.179,0.349,banana,fresh
22710873,22461,93.65,855.15,71.40,0.458,4.180,0.349,banana,fresh
22711884,22462,93.60,855.05,71.25,0.457,4.179,0.348,banana,fresh
22712895,22463,93.35,855.00,71.55,0.456,4.179,0.350,banana,fresh
22713906,22464,93.60,855.15,71.55,0.457,4.180,0.350,banana,fresh
22714917,22465,93.60,855.00,71.40,0.457,4.179,0.349,banana,fresh
22715928,22466,93.35,855.10,71.40,0.456,4.179,0.349,banana,fresh
22716940,22467,93.55,855.00,71.65,0.457,4.179,0.350,banana,fresh
22717950,22468,93.65,855.15,71.45,0.458,4.180,0.349,banana,fresh
22718962,22469,93.70,855.15,71.40,0.458,4.180,0.349,banana,fresh
22719973,22470,93.75,855.10,71.50,0.458,4.179,0.349,banana,fresh
22720984,22471,93.70,855.10,71.40,0.458,4.179,0.349,banana,fresh
22721995,22472,93.65,855.10,71.40,0.458,4.179,0.349,banana,fresh
22723006,22473,93.75,855.10,71.45,0.458,4.179,0.349,banana,fresh
22724018,22474,93.70,855.10,71.35,0.458,4.179,0.349,banana,fresh
22725028,22475,93.70,855.00,71.35,0.458,4.179,0.349,banana,fresh
22726040,22476,93.65,855.00,71.45,0.458,4.179,0.349,banana,fresh
22727051,22477,93.80,855.10,71.45,0.458,4.179,0.349,banana,fresh
22728061,22478,93.75,855.15,71.30,0.458,4.180,0.348,banana,fresh
22729073,22479,93.70,855.15,71.40,0.458,4.180,0.349,banana,fresh
22730084,22480,93.60,855.10,71.25,0.457,4.179,0.348,banana,fresh
22731096,22481,93.55,855.20,71.45,0.457,4.180,0.349,banana,fresh
22732106,22482,93.55,855.15,71.25,0.457,4.180,0.348,banana,fresh
22733118,22483,93.65,855.10,71.45,0.458,4.179,0.349,banana,fresh
22734129,22484,93.55,855.30,71.45,0.457,4.180,0.349,banana,fresh
22735140,22485,93.70,855.25,71.45,0.458,4.180,0.349,banana,fresh
22736151,22486,93.65,855.25,71.30,0.458,4.180,0.348,banana,fresh
22737162,22487,93.55,855.15,71.30,0.457,4.180,0.348,banana,fresh
22738173,22488,93.80,855.20,71.55,0.458,4.180,0.350,banana,fresh
22739184,22489,93.40,855.20,71.55,0.457,4.180,0.350,banana,fresh
22740196,22490,93.60,855.15,71.30,0.457,4.180,0.348,banana,fresh
22741207,22491,93.65,855.15,71.65,0.458,4.180,0.350,banana,fresh
22742218,22492,93.65,855.05,71.55,0.458,4.179,0.350,banana,fresh
22743229,22493,93.65,855.05,71.60,0.458,4.179,0.350,banana,fresh
22744240,22494,93.80,855.10,71.70,0.458,4.179,0.350,banana,fresh
22745251,22495,93.60,855.05,71.60,0.457,4.179,0.350,banana,fresh
22746262,22496,93.60,855.15,71.35,0.457,4.180,0.349,banana,fresh
22747274,22497,93.60,855.10,71.30,0.457,4.179,0.348,banana,fresh
22748284,22498,93.55,855.25,71.60,0.457,4.180,0.350,banana,fresh
22749296,22499,93.50,855.10,71.55,0.457,4.179,0.350,banana,fresh
22750307,22500,93.80,855.10,71.55,0.458,4.179,0.350,banana,fresh
22751319,22501,93.60,855.10,71.30,0.457,4.179,0.348,banana,fresh
22752329,22502,93.70,855.10,71.40,0.458,4.179,0.349,banana,fresh
22753340,22503,93.60,855.30,71.55,0.457,4.180,0.350,banana,fresh
22754352,22504,93.55,855.10,71.55,0.457,4.179,0.350,banana,fresh
22755362,22505,93.85,855.20,71.30,0.459,4.180,0.348,banana,fresh
22756374,22506,93.65,855.05,71.40,0.458,4.179,0.349,banana,fresh
22757385,22507,93.85,855.10,71.60,0.459,4.179,0.350,banana,fresh
22758396,22508,93.65,855.15,71.55,0.458,4.180,0.350,banana,fresh
22759407,22509,93.75,855.10,71.60,0.458,4.179,0.350,banana,fresh
22760418,22510,93.65,855.05,71.50,0.458,4.179,0.349,banana,fresh
22761430,22511,93.45,855.20,71.70,0.457,4.180,0.350,banana,fresh
22762440,22512,93.55,855.10,71.50,0.457,4.179,0.349,banana,fresh
22763452,22513,93.85,855.05,71.70,0.459,4.179,0.350,banana,fresh
22764463,22514,93.60,855.20,71.55,0.457,4.180,0.350,banana,fresh
22765474,22515,93.60,855.10,71.45,0.457,4.179,0.349,banana,fresh
22766485,22516,93.80,855.25,71.55,0.458,4.180,0.350,banana,fresh
22767497,22517,93.80,855.20,71.65,0.458,4.180,0.350,banana,fresh
22768507,22518,93.65,855.10,71.55,0.458,4.179,0.350,banana,fresh
22769518,22519,93.60,855.25,71.60,0.457,4.180,0.350,banana,fresh
22770530,22520,93.80,855.05,71.45,0.458,4.179,0.349,banana,fresh
22771540,22521,93.65,855.30,71.50,0.458,4.180,0.349,banana,fresh
22772552,22522,93.75,855.20,71.50,0.458,4.180,0.349,banana,fresh
22773563,22523,93.80,855.35,71.60,0.458,4.181,0.350,banana,fresh
22774575,22524,93.70,855.15,71.60,0.458,4.180,0.350,banana,fresh
22775585,22525,93.85,855.25,71.60,0.459,4.180,0.350,banana,fresh
22776596,22526,93.75,855.25,71.70,0.458,4.180,0.350,banana,fresh
22777608,22527,93.75,855.20,71.60,0.458,4.180,0.350,banana,fresh
22778618,22528,93.45,855.20,71.65,0.457,4.180,0.350,banana,fresh
22779630,22529,93.80,855.15,71.55,0.458,4.180,0.350,banana,fresh
22780641,22530,93.65,855.10,71.65,0.458,4.179,0.350,banana,fresh
22781652,22531,93.80,855.15,71.75,0.458,4.180,0.351,banana,fresh
22782663,22532,93.65,855.05,71.55,0.458,4.179,0.350,banana,fresh
22783675,22533,93.65,855.15,71.60,0.458,4.180,0.350,banana,fresh
22784686,22534,93.80,855.15,71.60,0.458,4.180,0.350,banana,fresh
22785696,22535,93.70,855.20,71.50,0.458,4.180,0.349,banana,fresh
22786708,22536,93.65,855.20,71.60,0.458,4.180,0.350,banana,fresh
22787719,22537,93.75,855.30,71.70,0.458,4.180,0.350,banana,fresh
22788730,22538,93.80,855.10,71.40,0.458,4.179,0.349,banana,fresh
22789741,22539,93.70,855.35,71.60,0.458,4.181,0.350,banana,fresh
22790753,22540,93.55,855.15,71.50,0.457,4.180,0.349,banana,fresh
22791763,22541,93.70,855.30,71.70,0.458,4.180,0.350,banana,fresh
22792774,22542,93.65,855.15,71.55,0.458,4.180,0.350,banana,fresh
22793786,22543,93.75,855.20,71.70,0.458,4.180,0.350,banana,fresh
22794797,22544,93.80,855.20,71.60,0.458,4.180,0.350,banana,fresh
22795808,22545,93.75,855.10,71.55,0.458,4.179,0.350,banana,fresh
22796819,22546,93.65,855.15,71.60,0.458,4.180,0.350,banana,fresh
22797831,22547,93.75,855.20,71.70,0.458,4.180,0.350,banana,fresh
22798841,22548,93.65,855.20,71.75,0.458,4.180,0.351,banana,fresh
22799852,22549,93.85,855.20,71.80,0.459,4.180,0.351,banana,fresh
22800864,22550,93.80,855.20,71.70,0.458,4.180,0.350,banana,fresh
22801874,22551,93.80,855.20,71.45,0.458,4.180,0.349,banana,fresh
22802886,22552,93.95,855.35,71.45,0.459,4.181,0.349,banana,fresh
22803897,22553,93.80,855.15,71.70,0.458,4.180,0.350,banana,fresh
22804909,22554,93.75,855.20,71.50,0.458,4.180,0.349,banana,fresh
22805919,22555,93.80,855.20,71.65,0.458,4.180,0.350,banana,fresh
22806931,22556,93.65,855.10,71.90,0.458,4.179,0.351,banana,fresh
22807942,22557,93.75,855.15,71.65,0.458,4.180,0.350,banana,fresh
22808952,22558,93.75,855.25,71.70,0.458,4.180,0.350,banana,fresh
22809964,22559,93.80,855.25,71.50,0.458,4.180,0.349,banana,fresh
22810975,22560,93.90,855.15,71.65,0.459,4.180,0.350,banana,fresh
22811986,22561,93.85,855.25,71.45,0.459,4.180,0.349,banana,fresh
22812997,22562,93.75,855.10,71.55,0.458,4.179,0.350,banana,fresh
22814009,22563,93.75,855.10,71.75,0.458,4.179,0.351,banana,fresh
22815020,22564,93.85,855.20,71.65,0.459,4.180,0.350,banana,fresh
22816030,22565,93.80,855.20,71.70,0.458,4.180,0.350,banana,fresh
22817042,22566,93.65,855.30,71.55,0.458,4.180,0.350,banana,fresh
22818053,22567,94.00,855.20,71.70,0.459,4.180,0.350,banana,fresh
22819064,22568,93.75,855.20,71.65,0.458,4.180,0.350,banana,fresh
22820075,22569,93.85,855.35,71.60,0.459,4.181,0.350,banana,fresh
22821087,22570,93.85,855.30,71.65,0.459,4.180,0.350,banana,fresh
22822097,22571,93.60,855.20,71.70,0.457,4.180,0.350,banana,fresh
22823108,22572,93.85,855.30,71.55,0.459,4.180,0.350,banana,fresh
22824120,22573,93.70,855.20,71.50,0.458,4.180,0.349,banana,fresh
22825131,22574,93.80,855.15,71.70,0.458,4.180,0.350,banana,fresh
22826142,22575,93.80,855.10,71.60,0.458,4.179,0.350,banana,fresh
22827153,22576,93.85,855.10,71.60,0.459,4.179,0.350,banana,fresh
22828165,22577,93.75,855.40,71.60,0.458,4.181,0.350,banana,fresh
22829175,22578,93.80,855.20,71.65,0.458,4.180,0.350,banana,fresh
22830186,22579,93.70,855.40,71.65,0.458,4.181,0.350,banana,fresh
22831198,22580,93.55,855.30,71.80,0.457,4.180,0.351,banana,fresh
22832208,22581,93.70,855.40,71.85,0.458,4.181,0.351,banana,fresh
22833220,22582,93.80,855.10,71.90,0.458,4.179,0.351,banana,fresh
22834231,22583,93.70,855.10,71.55,0.458,4.179,0.350,banana,fresh
22835243,22584,93.75,855.30,71.65,0.458,4.180,0.350,banana,fresh
22836253,22585,93.80,855.20,71.80,0.458,4.180,0.351,banana,fresh
22837265,22586,93.70,855.20,71.80,0.458,4.180,0.351,banana,fresh
22838276,22587,93.80,855.10,71.60,0.458,4.179,0.350,banana,fresh
22839286,22588,93.80,855.20,71.75,0.458,4.180,0.351,banana,fresh
22840298,22589,93.65,855.15,71.70,0.458,4.180,0.350,banana,fresh
22841309,22590,93.80,855.25,71.65,0.458,4.180,0.350,banana,fresh
22842320,22591,93.90,855.25,71.80,0.459,4.180,0.351,banana,fresh
22843331,22592,93.80,855.15,71.65,0.458,4.180,0.350,banana,fresh
22844343,22593,93.80,855.25,71.80,0.458,4.180,0.351,banana,fresh
22845353,22594,93.75,855.35,71.70,0.458,4.181,0.350,banana,fresh
22846364,22595,93.85,855.35,71.65,0.459,4.181,0.350,banana,fresh
22847376,22596,93.60,855.30,71.45,0.457,4.180,0.349,banana,fresh
22848387,22597,93.85,855.35,71.80,0.459,4.181,0.351,banana,fresh
22849398,22598,93.90,855.10,71.55,0.459,4.179,0.350,banana,fresh
22850409,22599,93.65,855.00,71.90,0.458,4.179,0.351,banana,fresh
22851421,22600,93.75,855.25,71.70,0.458,4.180,0.350,banana,fresh
22852431,22601,93.85,855.15,71.90,0.459,4.180,0.351,banana,fresh
22853442,22602,93.70,855.20,71.75,0.458,4.180,0.351,banana,fresh
22854454,22603,93.95,855.00,71.60,0.459,4.179,0.350,banana,fresh
22855464,22604,93.90,855.20,71.70,0.459,4.180,0.350,banana,fresh
22856476,22605,93.80,855.25,71.65,0.458,4.180,0.350,banana,fresh
22857487,22606,93.85,855.10,71.65,0.459,4.179,0.350,banana,fresh
22858499,22607,93.80,855.15,71.75,0.458,4.180,0.351,banana,fresh
22859509,22608,93.85,855.20,71.75,0.459,4.180,0.351,banana,fresh
22860521,22609,93.95,855.05,71.65,0.459,4.179,0.350,banana,fresh
22861532,22610,93.90,855.35,71.80,0.459,4.181,0.351,banana,fresh
22862542,22611,93.90,855.25,71.70,0.459,4.180,0.350,banana,fresh
22863554,22612,93.80,855.10,71.85,0.458,4.179,0.351,banana,fresh
22864565,22613,93.80,855.15,71.75,0.458,4.180,0.351,banana,fresh
22865576,22614,93.70,855.20,71.50,0.458,4.180,0.349,banana,fresh
22866587,22615,93.80,855.25,71.80,0.458,4.180,0.351,banana,fresh
22867599,22616,93.75,855.10,71.85,0.458,4.179,0.351,banana,fresh
22868610,22617,93.85,855.25,71.75,0.459,4.180,0.351,banana,fresh
22869620,22618,93.80,855.25,71.65,0.458,4.180,0.350,banana,fresh
22870632,22619,93.80,855.25,71.85,0.458,4.180,0.351,banana,fresh
22871643,22620,93.90,855.15,71.70,0.459,4.180,0.350,banana,fresh
22872654,22621,93.80,855.30,71.60,0.458,4.180,0.350,banana,fresh
22873665,22622,93.75,855.30,71.80,0.458,4.180,0.351,banana,fresh
22874677,22623,93.85,855.15,71.50,0.459,4.180,0.349,banana,fresh
22875687,22624,93.80,855.25,71.85,0.458,4.180,0.351,banana,fresh
22876698,22625,93.80,855.35,71.60,0.458,4.181,0.350,banana,fresh
22877710,22626,93.85,855.40,71.65,0.459,4.181,0.350,banana,fresh
22878721,22627,93.80,855.25,71.65,0.458,4.180,0.350,banana,fresh
22879732,22628,93.85,855.35,71.90,0.459,4.181,0.351,banana,fresh
22880743,22629,93.70,855.25,71.80,0.458,4.180,0.351,banana,fresh
22881755,22630,93.85,855.30,71.85,0.459,4.180,0.351,banana,fresh
22882765,22631,93.90,855.10,71.55,0.459,4.179,0.350,banana,fresh
22883776,22632,93.95,855.30,71.85,0.459,4.180,0.351,banana,fresh
22884788,22633,93.70,855.20,71.60,0.458,4.180,0.350,banana,fresh
22885798,22634,93.95,855.30,71.55,0.459,4.180,0.350,banana,fresh
22886810,22635,93.80,855.30,71.70,0.458,4.180,0.350,banana,fresh
22887821,22636,93.85,855.35,71.80,0.459,4.181,0.351,banana,fresh
22888833,22637,93.85,855.20,71.80,0.459,4.180,0.351,banana,fresh
22889843,22638,93.95,855.20,71.75,0.459,4.180,0.351,banana,fresh
22890855,22639,93.75,855.35,71.85,0.458,4.181,0.351,banana,fresh
22891866,22640,94.00,855.40,71.70,0.459,4.181,0.350,banana,fresh
22892876,22641,93.80,855.30,71.85,0.458,4.180,0.351,banana,fresh
22893888,22642,93.75,855.35,71.85,0.458,4.181,0.351,banana,fresh
22894899,22643,93.85,855.20,71.90,0.459,4.180,0.351,banana,fresh
22895910,22644,93.80,855.35,71.85,0.458,4.181,0.351,banana,fresh
22896921,22645,93.90,855.25,71.75,0.459,4.180,0.351,banana,fresh
22897933,22646,93.90,855.25,71.90,0.459,4.180,0.351,banana,fresh
22898944,22647,93.75,855.40,71.85,0.458,4.181,0.351,banana,fresh
22899955,22648,93.90,855.25,71.85,0.459,4.180,0.351,banana,fresh
22900966,22649,93.75,855.40,71.80,0.458,4.181,0.351,banana,fresh
22901977,22650,93.75,855.30,71.70,0.458,4.180,0.350,banana,fresh
22902988,22651,93.85,855.25,71.80,0.459,4.180,0.351,banana,fresh
22903999,22652,93.85,855.30,71.80,0.459,4.180,0.351,banana,fresh
22905011,22653,93.90,855.35,71.80,0.459,4.181,0.351,banana,fresh
22906021,22654,93.95,855.40,71.90,0.459,4.181,0.351,banana,fresh
22907033,22655,93.90,855.35,71.90,0.459,4.181,0.351,banana,fresh
22908044,22656,93.85,855.15,71.60,0.459,4.180,0.350,banana,fresh
22909054,22657,93.95,855.15,71.90,0.459,4.180,0.351,banana,fresh
22910066,22658,93.95,855.20,71.85,0.459,4.180,0.351,banana,fresh
22911077,22659,94.00,855.30,71.80,0.459,4.180,0.351,banana,fresh
22912089,22660,93.80,855.45,71.75,0.458,4.181,0.351,banana,fresh
22913099,22661,93.95,855.40,71.80,0.459,4.181,0.351,banana,fresh
22914111,22662,93.95,855.35,71.75,0.459,4.181,0.351,banana,fresh
22915122,22663,93.95,855.25,71.70,0.459,4.180,0.350,banana,fresh
22916133,22664,93.80,855.35,71.90,0.458,4.181,0.351,banana,fresh
22917144,22665,93.95,855.35,71.65,0.459,4.181,0.350,banana,fresh
22918155,22666,93.90,855.20,71.80,0.459,4.180,0.351,banana,fresh
22919166,22667,93.90,855.20,72.00,0.459,4.180,0.352,banana,fresh
22920177,22668,93.90,855.40,71.75,0.459,4.181,0.351,banana,fresh
22921189,22669,94.00,855.35,71.75,0.459,4.181,0.351,banana,fresh
22922200,22670,93.95,855.40,71.85,0.459,4.181,0.351,banana,fresh
22923211,22671,93.85,855.30,71.75,0.459,4.180,0.351,banana,fresh
22924222,22672,93.85,855.15,71.85,0.459,4.180,0.351,banana,fresh
22925233,22673,94.00,855.40,71.75,0.459,4.181,0.351,banana,fresh
22926244,22674,93.95,855.30,71.90,0.459,4.180,0.351,banana,fresh
22927255,22675,93.90,855.35,71.95,0.459,4.181,0.352,banana,fresh
22928267,22676,93.95,855.25,71.85,0.459,4.180,0.351,banana,fresh
22929277,22677,93.85,855.40,71.75,0.459,4.181,0.351,banana,fresh
22930289,22678,94.00,855.35,71.70,0.459,4.181,0.350,banana,fresh
22931300,22679,93.90,855.40,71.85,0.459,4.181,0.351,banana,fresh
22932312,22680,93.95,855.50,71.75,0.459,4.181,0.351,banana,fresh
22933322,22681,93.95,855.35,71.65,0.459,4.181,0.350,banana,fresh
22934333,22682,93.95,855.30,71.80,0.459,4.180,0.351,banana,fresh
22935345,22683,93.90,855.20,71.75,0.459,4.180,0.351,banana,fresh
22936355,22684,93.95,855.35,71.90,0.459,4.181,0.351,banana,fresh
22937367,22685,93.90,855.35,71.85,0.459,4.181,0.351,banana,fresh
22938378,22686,93.75,855.20,71.95,0.458,4.180,0.352,banana,fresh
22939389,22687,93.80,855.35,71.55,0.458,4.181,0.350,banana,fresh
22940400,22688,93.85,855.25,71.80,0.459,4.180,0.351,banana,fresh
22941411,22689,93.95,855.35,71.80,0.459,4.181,0.351,banana,fresh
22942423,22690,93.85,855.45,71.80,0.459,4.181,0.351,banana,fresh
22943433,22691,93.95,855.45,71.75,0.459,4.181,0.351,banana,fresh
22944445,22692,93.90,855.45,71.85,0.459,4.181,0.351,banana,fresh
22945456,22693,93.85,855.35,71.80,0.459,4.181,0.351,banana,fresh
22946467,22694,93.80,855.30,71.90,0.458,4.180,0.351,banana,fresh
22947478,22695,93.90,855.40,71.80,0.459,4.181,0.351,banana,fresh
22948489,22696,93.85,855.25,71.85,0.459,4.180,0.351,banana,fresh
22949500,22697,93.85,855.40,71.85,0.459,4.181,0.351,banana,fresh
22950511,22698,93.95,855.35,71.70,0.459,4.181,0.350,banana,fresh
22951523,22699,93.95,855.40,72.00,0.459,4.181,0.352,banana,fresh
22952534,22700,93.85,855.25,71.80,0.459,4.180,0.351,banana,fresh
22953545,22701,93.95,855.40,71.85,0.459,4.181,0.351,banana,fresh
22954556,22702,93.95,855.55,71.85,0.459,4.182,0.351,banana,fresh
22955568,22703,93.95,855.45,71.85,0.459,4.181,0.351,banana,fresh
22956578,22704,93.90,855.45,71.85,0.459,4.181,0.351,banana,fresh
22957589,22705,93.90,855.30,71.90,0.459,4.180,0.351,banana,fresh
22958601,22706,93.95,855.25,71.90,0.459,4.180,0.351,banana,fresh
22959611,22707,93.85,855.40,71.90,0.459,4.181,0.351,banana,fresh
22960623,22708,93.95,855.35,71.75,0.459,4.181,0.351,banana,fresh
22961634,22709,94.00,855.45,72.00,0.459,4.181,0.352,banana,fresh
22962646,22710,93.95,855.35,71.80,0.459,4.181,0.351,banana,fresh
22963656,22711,94.00,855.35,71.90,0.459,4.181,0.351,banana,fresh
22964668,22712,93.90,855.35,72.00,0.459,4.181,0.352,banana,fresh
22965679,22713,93.90,855.20,71.95,0.459,4.180,0.352,banana,fresh
22966689,22714,93.90,855.25,71.80,0.459,4.180,0.351,banana,fresh
22967701,22715,93.85,855.45,71.90,0.459,4.181,0.351,banana,fresh
22968712,22716,94.00,855.35,71.75,0.459,4.181,0.351,banana,fresh
22969723,22717,93.90,855.40,71.90,0.459,4.181,0.351,banana,fresh
22970734,22718,93.90,855.35,71.95,0.459,4.181,0.352,banana,fresh
22971746,22719,93.75,855.45,71.90,0.458,4.181,0.351,banana,fresh
22972756,22720,94.00,855.35,71.90,0.459,4.181,0.351,banana,fresh
22973767,22721,93.85,855.50,71.80,0.459,4.181,0.351,banana,fresh
22974779,22722,93.90,855.40,71.90,0.459,4.181,0.351,banana,fresh
22975790,22723,93.85,855.55,71.80,0.459,4.182,0.351,banana,fresh
22976801,22724,93.95,855.45,71.75,0.459,4.181,0.351,banana,fresh
22977812,22725,93.85,855.40,71.85,0.459,4.181,0.351,banana,fresh
22978824,22726,93.90,855.40,71.85,0.459,4.181,0.351,banana,fresh
22979834,22727,93.95,855.30,71.95,0.459,4.180,0.352,banana,fresh
22980845,22728,93.85,855.55,71.90,0.459,4.182,0.351,banana,fresh
22981857,22729,94.00,855.40,71.90,0.459,4.181,0.351,banana,fresh
22982867,22730,93.90,855.45,71.90,0.459,4.181,0.351,banana,fresh
22983879,22731,93.95,855.40,71.75,0.459,4.181,0.351,banana,fresh
22984890,22732,93.90,855.60,71.65,0.459,4.182,0.350,banana,fresh
22985902,22733,94.00,855.50,71.95,0.459,4.181,0.352,banana,fresh
22986912,22734,94.00,855.50,71.70,0.459,4.181,0.350,banana,fresh
22987924,22735,93.85,855.30,71.90,0.459,4.180,0.351,banana,fresh
22988935,22736,93.80,855.45,72.00,0.458,4.181,0.352,banana,fresh
22989945,22737,93.95,855.50,71.95,0.459,4.181,0.352,banana,fresh
22990957,22738,94.00,855.50,71.85,0.459,4.181,0.351,banana,fresh
22991968,22739,93.95,855.45,71.90,0.459,4.181,0.351,banana,fresh
22992979,22740,93.90,855.60,72.00,0.459,4.182,0.352,banana,fresh
22993990,22741,93.95,855.30,72.00,0.459,4.180,0.352,banana,fresh
22995002,22742,93.80,855.35,71.95,0.458,4.181,0.352,banana,fresh
22996013,22743,93.90,855.30,71.95,0.459,4.180,0.352,banana,fresh
22997023,22744,93.85,855.60,72.00,0.459,4.182,0.352,banana,fresh
22998035,22745,93.95,855.65,71.85,0.459,4.182,0.351,banana,fresh
22999046,22746,93.95,855.45,71.90,0.459,4.181,0.351,banana,fresh
23000057,22747,93.95,855.55,71.85,0.459,4.182,0.351,banana,fresh
23001068,22748,93.90,855.40,71.80,0.459,4.181,0.351,banana,fresh
23002080,22749,93.90,855.40,71.90,0.459,4.181,0.351,banana,fresh
23003090,22750,93.90,855.50,71.90,0.459,4.181,0.351,banana,fresh
23004101,22751,94.00,855.40,72.00,0.459,4.181,0.352,banana,fresh
23005113,22752,93.90,855.60,71.95,0.459,4.182,0.352,banana,fresh
23006124,22753,93.90,855.70,71.95,0.459,4.182,0.352,banana,fresh
23007135,22754,94.00,855.60,71.85,0.459,4.182,0.351,banana,fresh
23008146,22755,94.00,855.30,72.00,0.459,4.180,0.352,banana,fresh
23009158,22756,93.90,855.35,71.85,0.459,4.181,0.351,banana,fresh
23010168,22757,93.95,855.50,71.95,0.459,4.181,0.352,banana,fresh
23011180,22758,93.90,855.30,71.95,0.459,4.180,0.352,banana,fresh
23012191,22759,93.95,855.50,71.95,0.459,4.181,0.352,banana,fresh
23013201,22760,93.85,855.25,71.95,0.459,4.180,0.352,banana,fresh
23014213,22761,93.85,855.45,71.95,0.459,4.181,0.352,banana,fresh
23015224,22762,93.90,855.50,71.85,0.459,4.181,0.351,banana,fresh
23016236,22763,93.95,855.35,71.95,0.459,4.181,0.352,banana,fresh
23017246,22764,94.00,855.55,71.95,0.459,4.182,0.352,banana,fresh
23018258,22765,93.95,855.35,71.90,0.459,4.181,0.351,banana,fresh
23019269,22766,93.95,855.55,71.95,0.459,4.182,0.352,banana,fresh
23020280,22767,94.00,855.60,71.95,0.459,4.182,0.352,banana,fresh
23021291,22768,94.00,855.70,71.75,0.459,4.182,0.351,banana,fresh
23022302,22769,93.95,855.40,71.90,0.459,4.181,0.351,banana,fresh
23023313,22770,93.85,855.60,71.85,0.459,4.182,0.351,banana,fresh
23024324,22771,93.95,855.35,71.85,0.459,4.181,0.351,banana,fresh
23025336,22772,94.00,855.65,71.80,0.459,4.182,0.351,banana,fresh
23026347,22773,94.00,855.65,71.95,0.459,4.182,0.352,banana,fresh
23027358,22774,93.85,855.55,71.85,0.459,4.182,0.351,banana,fresh
23028369,22775,93.90,855.45,71.95,0.459,4.181,0.352,banana,fresh
23029380,22776,93.85,855.55,71.90,0.459,4.182,0.351,banana,fresh
23030391,22777,93.85,855.65,71.85,0.459,4.182,0.351,banana,fresh
23031402,22778,93.95,855.30,71.85,0.459,4.180,0.351,banana,fresh
23032414,22779,93.95,855.45,71.95,0.459,4.181,0.352,banana,fresh
23033424,22780,94.05,855.55,71.95,0.460,4.182,0.352,banana,fresh
23034436,22781,93.95,855.55,71.95,0.459,4.182,0.352,banana,fresh
23035447,22782,93.95,855.35,72.00,0.459,4.181,0.352,banana,fresh
23036459,22783,93.95,855.50,71.95,0.459,4.181,0.352,banana,fresh
23037469,22784,94.00,855.40,72.00,0.459,4.181,0.352,banana,fresh
23038480,22785,93.90,855.60,71.95,0.459,4.182,0.352,banana,fresh
23039492,22786,94.00,855.75,71.85,0.459,4.183,0.351,banana,fresh
23040502,22787,94.00,855.60,71.90,0.459,4.182,0.351,banana,fresh
23041514,22788,94.00,855.45,71.90,0.459,4.181,0.351,banana,fresh
23042525,22789,93.90,855.45,71.90,0.459,4.181,0.351,banana,fresh
23043536,22790,93.95,855.50,71.95,0.459,4.181,0.352,banana,fresh
23044547,22791,93.95,855.60,71.90,0.459,4.182,0.351,banana,fresh
23045558,22792,94.00,855.60,72.00,0.459,4.182,0.352,banana,fresh
23046569,22793,93.95,855.60,71.90,0.459,4.182,0.351,banana,fresh
23047580,22794,93.95,855.50,71.90,0.459,4.181,0.351,banana,fresh
23048592,22795,93.90,855.65,71.90,0.459,4.182,0.351,banana,fresh
23049603,22796,93.90,855.55,71.95,0.459,4.182,0.352,banana,fresh
23050614,22797,93.95,855.65,71.80,0.459,4.182,0.351,banana,fresh
23051625,22798,93.95,855.50,71.90,0.459,4.181,0.351,banana,fresh
23052636,22799,94.00,855.75,71.95,0.459,4.183,0.352,banana,fresh
23053647,22800,94.00,855.70,71.95,0.459,4.182,0.352,banana,fresh
23054658,22801,94.00,855.45,72.00,0.459,4.181,0.352,banana,fresh
23055670,22802,93.95,855.60,72.00,0.459,4.182,0.352,banana,fresh
23056680,22803,93.95,855.65,72.00,0.459,4.182,0.352,banana,fresh
23057692,22804,93.95,855.45,71.90,0.459,4.181,0.351,banana,fresh
23058703,22805,94.00,855.60,71.95,0.459,4.182,0.352,banana,fresh
23059714,22806,94.00,855.60,71.95,0.459,4.182,0.352,banana,fresh
23060725,22807,94.00,855.40,71.90,0.459,4.181,0.351,banana,fresh
23061736,22808,93.85,855.55,72.00,0.459,4.182,0.352,banana,fresh
23062748,22809,94.00,855.55,71.85,0.459,4.182,0.351,banana,fresh
23063758,22810,94.00,855.70,71.90,0.459,4.182,0.351,banana,fresh
23064770,22811,94.00,855.40,71.95,0.459,4.181,0.352,banana,fresh
23065781,22812,93.80,855.65,72.00,0.458,4.182,0.352,banana,fresh
23066791,22813,93.95,855.55,71.85,0.459,4.182,0.351,banana,fresh
23067803,22814,94.00,855.40,71.85,0.459,4.181,0.351,banana,fresh
23068814,22815,93.85,855.45,71.90,0.459,4.181,0.351,banana,fresh
23069826,22816,93.85,855.45,72.00,0.459,4.181,0.352,banana,fresh
23070836,22817,93.85,855.55,72.00,0.459,4.182,0.352,banana,fresh
23071848,22818,93.90,855.55,71.90,0.459,4.182,0.351,banana,fresh
23072859,22819,93.95,855.60,72.00,0.459,4.182,0.352,banana,fresh
23073869,22820,94.00,855.55,71.95,0.459,4.182,0.352,banana,fresh
23074881,22821,93.95,855.60,72.00,0.459,4.182,0.352,banana,fresh
23075892,22822,93.90,855.45,71.85,0.459,4.181,0.351,banana,fresh
23076903,22823,94.00,855.45,71.95,0.459,4.181,0.352,banana,fresh
23077914,22824,93.90,855.50,71.95,0.459,4.181,0.352,banana,fresh
23078926,22825,94.00,855.45,71.95,0.459,4.181,0.352,banana,fresh
23079937,22826,94.00,855.65,71.95,0.459,4.182,0.352,banana,fresh
23080947,22827,94.00,855.70,72.00,0.459,4.182,0.352,banana,fresh
23081959,22828,94.00,855.45,72.00,0.459,4.181,0.352,banana,fresh
23082970,22829,93.95,855.60,72.00,0.459,4.182,0.352,banana,fresh
23083981,22830,94.00,855.60,71.90,0.459,4.182,0.351,banana,fresh
23084992,22831,94.00,855.60,71.95,0.459,4.182,0.352,banana,fresh
23086004,22832,94.00,855.50,71.95,0.459,4.181,0.352,banana,fresh
23087014,22833,93.95,855.35,71.95,0.459,4.181,0.352,banana,fresh
23088025,22834,94.00,855.65,72.00,0.459,4.182,0.352,banana,fresh
23089037,22835,93.95,855.30,71.90,0.459,4.180,0.351,banana,fresh
23090048,22836,94.00,855.70,72.00,0.459,4.182,0.352,banana,fresh
23091059,22837,93.95,855.65,71.95,0.459,4.182,0.352,banana,fresh
23092070,22838,93.95,855.65,72.00,0.459,4.182,0.352,banana,fresh
23093082,22839,94.00,855.75,72.00,0.459,4.183,0.352,banana,fresh
23094092,22840,93.95,855.70,72.00,0.459,4.182,0.352,banana,fresh
23095104,22841,94.00,855.60,72.00,0.459,4.182,0.352,banana,fresh
23096115,22842,93.85,855.50,71.85,0.459,4.181,0.351,banana,fresh
23097125,22843,93.95,855.65,71.90,0.459,4.182,0.351,banana,fresh
23098137,22844,93.95,855.55,71.95,0.459,4.182,0.352,banana,fresh
23099148,22845,93.95,855.55,71.95,0.459,4.182,0.352,banana,fresh
23100160,22846,93.90,855.65,72.00,0.459,4.182,0.352,banana,fresh
23101170,22847,93.80,855.45,72.00,0.458,4.181,0.352,banana,fresh
23102182,22848,93.95,855.60,72.00,0.459,4.182,0.352,banana,fresh
23103193,22849,93.95,855.55,72.00,0.459,4.182,0.352,banana,fresh
23104203,22850,93.95,855.45,71.85,0.459,4.181,0.351,banana,fresh
23105215,22851,93.95,855.60,72.00,0.459,4.182,0.352,banana,fresh
23106226,22852,94.00,855.55,72.00,0.459,4.182,0.352,banana,fresh
23107237,22853,93.90,855.65,72.00,0.459,4.182,0.352,banana,fresh
23108248,22854,94.00,855.70,71.90,0.459,4.182,0.351,banana,fresh
23109260,22855,93.95,855.60,71.95,0.459,4.182,0.352,banana,fresh
23110270,22856,93.95,855.45,71.90,0.459,4.181,0.351,banana,fresh
23111281,22857,94.00,855.50,71.95,0.459,4.181,0.352,banana,fresh
23112293,22858,93.95,855.65,72.00,0.459,4.182,0.352,banana,fresh
23113304,22859,94.00,855.60,71.90,0.459,4.182,0.351,banana,fresh
23114315,22860,93.95,855.40,71.95,0.459,4.181,0.352,banana,fresh
23115326,22861,93.90,855.60,72.00,0.459,4.182,0.352,banana,fresh
23116338,22862,93.95,855.60,71.95,0.459,4.182,0.352,banana,fresh
23117348,22863,93.95,855.65,71.95,0.459,4.182,0.352,banana,fresh
23118359,22864,93.95,855.55,71.90,0.459,4.182,0.351,banana,fresh
23119371,22865,94.00,855.45,72.00,0.459,4.181,0.352,banana,fresh
23120381,22866,93.95,855.40,71.95,0.459,4.181,0.352,banana,fresh
23121393,22867,93.95,855.70,71.95,0.459,4.182,0.352,banana,fresh
23122404,22868,93.95,855.90,71.90,0.459,4.183,0.351,banana,fresh
23123416,22869,94.00,855.70,71.85,0.459,4.182,0.351,banana,fresh
23124426,22870,93.95,855.60,72.00,0.459,4.182,0.352,banana,fresh
23125437,22871,93.85,855.65,71.90,0.459,4.182,0.351,banana,fresh
23126449,22872,93.90,855.65,72.00,0.459,4.182,0.352,banana,fresh
23127459,22873,93.90,855.75,71.95,0.459,4.183,0.352,banana,fresh
23128471,22874,93.95,855.50,71.95,0.459,4.181,0.352,banana,fresh
23129482,22875,93.95,855.40,71.95,0.459,4.181,0.352,banana,fresh
23130493,22876,93.95,855.60,71.75,0.459,4.182,0.351,banana,fresh
23131504,22877,94.00,855.55,72.00,0.459,4.182,0.352,banana,fresh
23132515,22878,93.95,855.65,71.95,0.459,4.182,0.352,banana,fresh
23133527,22879,94.00,855.35,72.00,0.459,4.181,0.352,banana,fresh
23134537,22880,93.85,855.65,71.95,0.459,4.182,0.352,banana,fresh
23135549,22881,94.00,855.40,71.95,0.459,4.181,0.352,banana,fresh
23136560,22882,93.95,855.75,72.00,0.459,4.183,0.352,banana,fresh
23137571,22883,94.00,855.55,72.00,0.459,4.182,0.352,banana,fresh
23138582,22884,93.95,855.75,72.00,0.459,4.183,0.352,banana,fresh
23139593,22885,94.00,855.65,71.95,0.459,4.182,0.352,banana,fresh
23140604,22886,93.95,855.80,71.95,0.459,4.183,0.352,banana,fresh
23141615,22887,94.00,855.45,71.85,0.459,4.181,0.351,banana,fresh
23142627,22888,93.90,855.60,71.95,0.459,4.182,0.352,banana,fresh
23143638,22889,93.90,855.75,71.95,0.459,4.183,0.352,banana,fresh
23144649,22890,93.90,855.50,72.00,0.459,4.181,0.352,banana,fresh
23145660,22891,93.95,855.50,72.00,0.459,4.181,0.352,banana,fresh
23146671,22892,94.00,855.65,71.95,0.459,4.182,0.352,banana,fresh
23147682,22893,94.00,855.65,72.00,0.459,4.182,0.352,banana,fresh
23148693,22894,93.95,855.55,72.00,0.459,4.182,0.352,banana,fresh
23149705,22895,93.85,855.80,72.00,0.459,4.183,0.352,banana,fresh
23150715,22896,94.00,855.75,71.95,0.459,4.183,0.352,banana,fresh
23151727,22897,94.00,855.35,71.90,0.459,4.181,0.351,banana,fresh
23152738,22898,94.00,855.50,72.00,0.459,4.181,0.352,banana,fresh
23153748,22899,93.95,855.45,71.95,0.459,4.181,0.352,banana,fresh
23154760,22900,94.00,855.70,71.90,0.459,4.182,0.351,banana,fresh
23155771,22901,93.90,855.55,72.00,0.459,4.182,0.352,banana,fresh
23156783,22902,93.90,855.60,71.95,0.459,4.182,0.352,banana,fresh
23157793,22903,93.95,855.70,72.00,0.459,4.182,0.352,banana,fresh
23158805,22904,93.95,855.75,72.00,0.459,4.183,0.352,banana,fresh
23159816,22905,94.00,855.70,72.00,0.459,4.182,0.352,banana,fresh
23160827,22906,94.00,855.60,71.90,0.459,4.182,0.351,banana,fresh
23161838,22907,94.00,855.75,71.95,0.459,4.183,0.352,banana,fresh
23162849,22908,94.00,855.55,72.00,0.459,4.182,0.352,banana,fresh
23163860,22909,94.00,855.35,71.95,0.459,4.181,0.352,banana,fresh
23164871,22910,94.00,855.55,71.95,0.459,4.182,0.352,banana,fresh
23165883,22911,93.95,855.60,72.00,0.459,4.182,0.352,banana,fresh
23166894,22912,93.90,855.60,71.90,0.459,4.182,0.351,banana,fresh
23167905,22913,93.95,855.65,71.90,0.459,4.182,0.351,banana,fresh
23168916,22914,94.00,855.60,71.95,0.459,4.182,0.352,banana,fresh
23169927,22915,94.00,855.55,71.95,0.459,4.182,0.352,banana,fresh
23170938,22916,93.85,855.60,72.00,0.459,4.182,0.352,banana,fresh
23171949,22917,93.95,855.50,71.85,0.459,4.181,0.351,banana,fresh
23172961,22918,94.00,855.70,71.95,0.459,4.182,0.352,banana,fresh
23173971,22919,93.85,855.50,72.00,0.459,4.181,0.352,banana,fresh
23174983,22920,93.85,855.70,71.95,0.459,4.182,0.352,banana,fresh
23175994,22921,94.00,855.75,72.00,0.459,4.183,0.352,banana,fresh
23177005,22922,94.00,855.45,71.95,0.459,4.181,0.352,banana,fresh
23178016,22923,93.95,855.70,71.95,0.459,4.182,0.352,banana,fresh
23179027,22924,93.90,855.45,72.00,0.459,4.181,0.352,banana,fresh
23180039,22925,93.90,855.80,72.05,0.459,4.183,0.352,banana,fresh
23181049,22926,93.90,855.75,71.95,0.459,4.183,0.352,banana,fresh
23182061,22927,93.95,855.70,71.90,0.459,4.182,0.351,banana,fresh
23183072,22928,93.95,855.65,71.90,0.459,4.182,0.351,banana,fresh
23184082,22929,94.00,855.40,71.95,0.459,4.181,0.352,banana,fresh
23185094,22930,93.95,855.60,72.00,0.459,4.182,0.352,banana,fresh
23186105,22931,93.85,855.45,72.00,0.459,4.181,0.352,banana,fresh
23187117,22932,93.95,855.75,71.90,0.459,4.183,0.351,banana,fresh
23188127,22933,93.95,855.55,71.85,0.459,4.182,0.351,banana,fresh
23189139,22934,93.85,855.70,71.95,0.459,4.182,0.352,banana,fresh
23190150,22935,93.95,855.65,71.95,0.459,4.182,0.352,banana,fresh
23191161,22936,94.00,855.70,71.90,0.459,4.182,0.351,banana,fresh
23192172,22937,94.00,855.75,72.00,0.459,4.183,0.352,banana,fresh
23193183,22938,94.00,855.75,71.90,0.459,4.183,0.351,banana,fresh
23194194,22939,94.00,855.70,72.00,0.459,4.182,0.352,banana,fresh
23195205,22940,93.95,855.65,72.00,0.459,4.182,0.352,banana,fresh
23196217,22941,93.95,855.55,71.95,0.459,4.182,0.352,banana,fresh
23197228,22942,93.95,855.65,71.85,0.459,4.182,0.351,banana,fresh
23198239,22943,93.95,855.60,71.90,0.459,4.182,0.351,banana,fresh
23199250,22944,93.95,855.75,71.95,0.459,4.183,0.352,banana,fresh
23200261,22945,93.95,855.75,71.95,0.459,4.183,0.352,banana,fresh
23201272,22946,94.00,855.55,72.00,0.459,4.182,0.352,banana,fresh
23202283,22947,93.95,855.55,71.95,0.459,4.182,0.352,banana,fresh
23203295,22948,93.95,855.70,71.90,0.459,4.182,0.351,banana,fresh
23204305,22949,93.95,855.45,72.00,0.459,4.181,0.352,banana,fresh
23205317,22950,93.95,855.65,72.00,0.459,4.182,0.352,banana,fresh
23206328,22951,93.95,855.55,72.00,0.459,4.182,0.352,banana,fresh
23207339,22952,93.90,855.65,71.95,0.459,4.182,0.352,banana,fresh
23208350,22953,93.90,855.65,72.00,0.459,4.182,0.352,banana,fresh
23209361,22954,93.95,855.70,71.85,0.459,4.182,0.351,banana,fresh
23210373,22955,93.90,855.65,71.95,0.459,4.182,0.352,banana,fresh
23211383,22956,93.90,855.60,71.95,0.459,4.182,0.352,banana,fresh
23212395,22957,93.90,855.70,71.85,0.459,4.182,0.351,banana,fresh
23213406,22958,93.95,855.55,71.95,0.459,4.182,0.352,banana,fresh
23214417,22959,93.95,855.55,71.95,0.459,4.182,0.352,banana,fresh
23215428,22960,94.00,855.65,71.95,0.459,4.182,0.352,banana,fresh
23216439,22961,93.85,855.55,71.95,0.459,4.182,0.352,banana,fresh
23217451,22962,94.00,855.60,71.95,0.459,4.182,0.352,banana,fresh
23218461,22963,93.95,855.55,71.95,0.459,4.182,0.352,banana,fresh
23219473,22964,93.95,855.50,72.00,0.459,4.181,0.352,banana,fresh
23220484,22965,94.00,855.70,72.00,0.459,4.182,0.352,banana,fresh
23221495,22966,93.95,855.75,72.00,0.459,4.183,0.352,banana,fresh
23222506,22967,93.95,855.60,71.85,0.459,4.182,0.351,banana,fresh
23223517,22968,94.00,855.65,71.90,0.459,4.182,0.351,banana,fresh
23224528,22969,93.95,855.50,72.00,0.459,4.181,0.352,banana,fresh
23225539,22970,93.80,855.55,72.00,0.458,4.182,0.352,banana,fresh
23226551,22971,93.95,855.60,72.00,0.459,4.182,0.352,banana,fresh
23227561,22972,94.00,855.65,71.95,0.459,4.182,0.352,banana,fresh
23228573,22973,94.00,855.80,71.90,0.459,4.183,0.351,banana,fresh
23229584,22974,93.90,855.55,72.00,0.459,4.182,0.352,banana,fresh
23230595,22975,94.00,855.70,71.95,0.459,4.182,0.352,banana,fresh
23231606,22976,93.95,855.75,71.95,0.459,4.183,0.352,banana,fresh
23232617,22977,93.85,855.55,71.90,0.459,4.182,0.351,banana,fresh
23233629,22978,93.90,855.70,72.00,0.459,4.182,0.352,banana,fresh
23234639,22979,94.00,855.60,71.95,0.459,4.182,0.352,banana,fresh
23235651,22980,94.00,855.70,72.00,0.459,4.182,0.352,banana,fresh
23236662,22981,94.00,855.65,71.95,0.459,4.182,0.352,banana,fresh
23237672,22982,94.00,855.55,71.90,0.459,4.182,0.351,banana,fresh
23238684,22983,93.95,855.60,72.00,0.459,4.182,0.352,banana,fresh
23239695,22984,93.95,855.55,71.95,0.459,4.182,0.352,banana,fresh
23240707,22985,94.00,855.40,71.90,0.459,4.181,0.351,banana,fresh
23241717,22986,94.00,855.60,71.95,0.459,4.182,0.352,banana,fresh
23242729,22987,93.90,855.80,72.00,0.459,4.183,0.352,banana,fresh
23243740,22988,94.00,855.50,71.90,0.459,4.181,0.351,banana,fresh
23244750,22989,94.00,855.55,72.00,0.459,4.182,0.352,banana,fresh
23245762,22990,93.90,855.70,71.95,0.459,4.182,0.352,banana,fresh
23246773,22991,93.95,855.75,72.00,0.459,4.183,0.352,banana,fresh
23247784,22992,94.00,855.80,71.90,0.459,4.183,0.351,banana,fresh
23248795,22993,93.90,855.50,71.90,0.459,4.181,0.351,banana,fresh
23249807,22994,94.00,855.70,71.95,0.459,4.182,0.352,banana,fresh
23250818,22995,94.00,855.55,71.90,0.459,4.182,0.351,banana,fresh
23251829,22996,93.90,855.55,71.85,0.459,4.182,0.351,banana,fresh
23252840,22997,94.00,855.75,71.85,0.459,4.183,0.351,banana,fresh
23253851,22998,93.90,855.80,72.00,0.459,4.183,0.352,banana,fresh
23254862,22999,94.00,855.65,71.90,0.459,4.182,0.351,banana,fresh
23255873,23000,94.00,855.35,71.95,0.459,4.181,0.352,banana,fresh
23256885,23001,94.00,855.60,72.00,0.459,4.182,0.352,banana,fresh
23257895,23002,93.95,855.35,72.00,0.459,4.181,0.352,banana,fresh
23258907,23003,93.95,855.60,71.95,0.459,4.182,0.352,banana,fresh
23259918,23004,93.95,855.60,72.00,0.459,4.182,0.352,banana,fresh
23260929,23005,93.90,855.50,72.00,0.459,4.181,0.352,banana,fresh
23261940,23006,93.85,855.70,71.90,0.459,4.182,0.351,banana,fresh
23262951,23007,94.00,855.60,71.90,0.459,4.182,0.351,banana,fresh
23263963,23008,94.00,855.55,71.95,0.459,4.182,0.352,banana,fresh
23264973,23009,93.95,855.55,71.95,0.459,4.182,0.352,banana,fresh
23265985,23010,93.95,855.80,72.00,0.459,4.183,0.352,banana,fresh
23266996,23011,93.85,855.65,72.00,0.459,4.182,0.352,banana,fresh
23268006,23012,94.05,855.65,71.90,0.460,4.182,0.351,banana,fresh
23269018,23013,94.00,855.50,72.00,0.459,4.181,0.352,banana,fresh
23270029,23014,93.80,855.55,71.90,0.458,4.182,0.351,banana,fresh
23271041,23015,93.90,855.75,71.95,0.459,4.183,0.352,banana,fresh
23272051,23016,94.00,855.70,71.80,0.459,4.182,0.351,banana,fresh
23273063,23017,94.00,855.75,71.95,0.459,4.183,0.352,banana,fresh
23274074,23018,94.00,855.50,71.85,0.459,4.181,0.351,banana,fresh
23275085,23019,93.95,855.60,72.00,0.459,4.182,0.352,banana,fresh
23276096,23020,93.95,855.70,71.95,0.459,4.182,0.352,banana,fresh
23277107,23021,93.95,855.70,72.00,0.459,4.182,0.352,banana,fresh
23278118,23022,94.00,855.90,71.95,0.459,4.183,0.352,banana,fresh
23279129,23023,93.85,855.70,71.95,0.459,4.182,0.352,banana,fresh
23280141,23024,93.90,855.70,72.00,0.459,4.182,0.352,banana,fresh
23281152,23025,93.95,855.60,72.00,0.459,4.182,0.352,banana,fresh
23282163,23026,94.00,855.65,72.00,0.459,4.182,0.352,banana,fresh
23283174,23027,93.95,855.80,71.95,0.459,4.183,0.352,banana,fresh
23284185,23028,94.05,855.75,72.00,0.460,4.183,0.352,banana,fresh
23285196,23029,93.95,855.65,71.95,0.459,4.182,0.352,banana,fresh
23286207,23030,94.00,855.75,71.95,0.459,4.183,0.352,banana,fresh
23287219,23031,93.95,855.75,71.85,0.459,4.183,0.351,banana,fresh
23288229,23032,94.00,855.65,71.95,0.459,4.182,0.352,banana,fresh
23289241,23033,94.05,855.70,71.95,0.460,4.182,0.352,banana,fresh
23290252,23034,93.95,855.75,71.85,0.459,4.183,0.351,banana,fresh
23291262,23035,94.00,855.70,71.95,0.459,4.182,0.352,banana,fresh
23292274,23036,94.00,855.60,71.80,0.459,4.182,0.351,banana,fresh
23293285,23037,93.95,855.65,71.95,0.459,4.182,0.352,banana,fresh
23294297,23038,94.00,855.45,71.95,0.459,4.181,0.352,banana,fresh
23295307,23039,93.95,855.75,71.90,0.459,4.183,0.351,banana,fresh
23296319,23040,93.95,855.70,72.00,0.459,4.182,0.352,banana,fresh
23297330,23041,93.95,855.65,72.00,0.459,4.182,0.352,banana,fresh
23298340,23042,94.00,855.75,71.95,0.459,4.183,0.352,banana,fresh
23299352,23043,93.95,855.65,71.75,0.459,4.182,0.351,banana,fresh
23300363,23044,94.05,855.80,72.00,0.460,4.183,0.352,banana,fresh
23301374,23045,94.00,855.70,71.95,0.459,4.182,0.352,banana,fresh
23302385,23046,94.00,855.55,72.00,0.459,4.182,0.352,banana,fresh
23303397,23047,94.00,855.70,72.00,0.459,4.182,0.352,banana,fresh
23304408,23048,94.00,855.55,71.95,0.459,4.182,0.352,banana,fresh
23305419,23049,93.95,855.65,71.95,0.459,4.182,0.352,banana,fresh
23306430,23050,94.00,855.60,71.85,0.459,4.182,0.351,banana,fresh
23307441,23051,93.95,855.70,72.00,0.459,4.182,0.352,banana,fresh
23308452,23052,94.05,855.55,72.00,0.460,4.182,0.352,banana,fresh
23309463,23053,94.00,855.70,71.90,0.459,4.182,0.351,banana,fresh
23310475,23054,94.00,855.70,71.90,0.459,4.182,0.351,banana,fresh
23311485,23055,94.00,855.60,72.00,0.459,4.182,0.352,banana,fresh
23312496,23056,94.05,855.65,71.95,0.460,4.182,0.352,banana,fresh
23313508,23057,93.95,855.70,71.95,0.459,4.182,0.352,banana,fresh
23314519,23058,93.95,855.60,72.00,0.459,4.182,0.352,banana,fresh
23315530,23059,94.00,855.60,71.85,0.459,4.182,0.351,banana,fresh
23316541,23060,93.95,855.60,71.95,0.459,4.182,0.352,banana,fresh
23317553,23061,93.95,855.65,71.90,0.459,4.182,0.351,banana,fresh
23318563,23062,94.00,855.65,72.00,0.459,4.182,0.352,banana,fresh
23319574,23063,93.90,855.50,71.90,0.459,4.181,0.351,banana,fresh
23320586,23064,94.00,855.85,72.00,0.459,4.183,0.352,banana,fresh
23321596,23065,93.95,855.80,71.90,0.459,4.183,0.351,banana,fresh
23322608,23066,93.95,855.85,71.70,0.459,4.183,0.350,banana,fresh
23323619,23067,94.00,855.80,72.00,0.459,4.183,0.352,banana,fresh
23324631,23068,94.00,855.65,71.80,0.459,4.182,0.351,banana,fresh
23325641,23069,93.95,855.60,71.90,0.459,4.182,0.351,banana,fresh
23326653,23070,94.00,855.60,71.95,0.459,4.182,0.352,banana,fresh
23327664,23071,94.00,855.75,71.95,0.459,4.183,0.352,banana,fresh
23328674,23072,93.95,855.70,71.95,0.459,4.182,0.352,banana,fresh
23329686,23073,94.00,855.60,71.95,0.459,4.182,0.352,banana,fresh
23330697,23074,93.95,855.70,71.95,0.459,4.182,0.352,banana,fresh
23331708,23075,94.00,855.60,71.95,0.459,4.182,0.352,banana,fresh
23332719,23076,94.00,855.80,71.95,0.459,4.183,0.352,banana,fresh
23333731,23077,94.00,855.35,71.95,0.459,4.181,0.352,banana,fresh
23334742,23078,94.00,855.55,72.00,0.459,4.182,0.352,banana,fresh
23335752,23079,93.95,855.60,71.90,0.459,4.182,0.351,banana,fresh
23336764,23080,93.95,855.65,71.95,0.459,4.182,0.352,banana,fresh
23337775,23081,93.90,855.60,72.00,0.459,4.182,0.352,banana,fresh
23338786,23082,94.00,855.70,71.95,0.459,4.182,0.352,banana,fresh
23339797,23083,94.00,855.80,71.85,0.459,4.183,0.351,banana,fresh
23340809,23084,93.95,855.55,71.95,0.459,4.182,0.352,banana,fresh
23341819,23085,94.00,855.65,71.95,0.459,4.182,0.352,banana,fresh
23342830,23086,94.00,855.80,71.95,0.459,4.183,0.352,banana,fresh
23343842,23087,94.00,855.70,71.95,0.459,4.182,0.352,banana,fresh
23344852,23088,94.00,855.65,72.00,0.459,4.182,0.352,banana,fresh
23345864,23089,94.00,855.80,71.95,0.459,4.183,0.352,banana,fresh
23346875,23090,93.95,855.80,72.00,0.459,4.183,0.352,banana,fresh
23347887,23091,93.90,855.85,71.85,0.459,4.183,0.351,banana,fresh
23348897,23092,94.00,855.95,71.95,0.459,4.184,0.352,banana,fresh
23349908,23093,94.00,855.85,71.95,0.459,4.183,0.352,banana,fresh
23350920,23094,94.00,855.50,71.95,0.459,4.181,0.352,banana,fresh
23351930,23095,94.00,855.70,71.95,0.459,4.182,0.352,banana,fresh
23352942,23096,93.95,855.50,72.00,0.459,4.181,0.352,banana,fresh
23353953,23097,94.00,855.60,71.90,0.459,4.182,0.351,banana,fresh
23354964,23098,94.00,855.65,71.95,0.459,4.182,0.352,banana,fresh
23355975,23099,93.95,855.70,71.85,0.459,4.182,0.351,banana,fresh
23356987,23100,93.95,855.75,72.00,0.459,4.183,0.352,banana,fresh
23357998,23101,93.95,855.95,72.00,0.459,4.184,0.352,banana,fresh
23359008,23102,94.00,855.60,72.00,0.459,4.182,0.352,banana,fresh
23360020,23103,94.00,855.80,72.00,0.459,4.183,0.352,banana,fresh
23361031,23104,94.05,855.55,71.95,0.460,4.182,0.352,banana,fresh
23362042,23105,93.95,855.75,71.95,0.459,4.183,0.352,banana,fresh
23363053,23106,93.95,855.80,72.00,0.459,4.183,0.352,banana,fresh
23364065,23107,94.00,855.70,71.95,0.459,4.182,0.352,banana,fresh
23365075,23108,94.05,855.70,71.95,0.460,4.182,0.352,banana,fresh
23366086,23109,94.00,855.80,72.00,0.459,4.183,0.352,banana,fresh
23367098,23110,93.95,855.65,72.00,0.459,4.182,0.352,banana,fresh
23368109,23111,93.90,855.65,71.95,0.459,4.182,0.352,banana,fresh
23369120,23112,94.05,855.65,71.95,0.460,4.182,0.352,banana,fresh
23370131,23113,94.05,855.85,71.95,0.460,4.183,0.352,banana,fresh
23371143,23114,93.90,855.60,71.85,0.459,4.182,0.351,banana,fresh
23372153,23115,93.90,855.60,71.95,0.459,4.182,0.352,banana,fresh
23373164,23116,93.95,855.60,71.95,0.459,4.182,0.352,banana,fresh
23374176,23117,93.85,855.90,71.95,0.459,4.183,0.352,banana,fresh
23375186,23118,94.05,855.60,71.90,0.460,4.182,0.351,banana,fresh
23376198,23119,93.95,855.55,71.90,0.459,4.182,0.351,banana,fresh
23377209,23120,94.00,855.70,72.00,0.459,4.182,0.352,banana,fresh
23378221,23121,94.00,855.75,71.90,0.459,4.183,0.351,banana,fresh
23379231,23122,94.00,855.85,72.00,0.459,4.183,0.352,banana,fresh
23380242,23123,94.00,855.85,72.00,0.459,4.183,0.352,banana,fresh
23381254,23124,94.00,855.80,71.85,0.459,4.183,0.351,banana,fresh
23382264,23125,94.00,855.65,71.75,0.459,4.182,0.351,banana,fresh
23383276,23126,94.00,855.80,71.90,0.459,4.183,0.351,banana,fresh
23384287,23127,94.00,855.60,71.95,0.459,4.182,0.352,banana,fresh
23385298,23128,93.95,855.80,72.00,0.459,4.183,0.352,banana,fresh
23386309,23129,93.95,855.60,71.95,0.459,4.182,0.352,banana,fresh
23387321,23130,94.00,855.80,71.95,0.459,4.183,0.352,banana,fresh
23388332,23131,94.00,855.75,72.00,0.459,4.183,0.352,banana,fresh
23389342,23132,93.95,855.65,72.00,0.459,4.182,0.352,banana,fresh
23390354,23133,93.95,855.65,71.90,0.459,4.182,0.351,banana,fresh
23391365,23134,93.95,855.70,71.90,0.459,4.182,0.351,banana,fresh
23392376,23135,93.95,855.75,71.95,0.459,4.183,0.352,banana,fresh
23393387,23136,93.95,855.70,71.90,0.459,4.182,0.351,banana,fresh
23394399,23137,93.90,855.70,71.90,0.459,4.182,0.351,banana,fresh
23395409,23138,94.10,855.90,72.00,0.460,4.183,0.352,banana,fresh
23396420,23139,93.95,855.75,71.90,0.459,4.183,0.351,banana,fresh
23397432,23140,94.05,855.70,71.95,0.460,4.182,0.352,banana,fresh
23398443,23141,93.95,855.60,71.95,0.459,4.182,0.352,banana,fresh
23399454,23142,94.00,855.65,71.85,0.459,4.182,0.351,banana,fresh
23400465,23143,94.00,855.60,71.90,0.459,4.182,0.351,banana,fresh
23401477,23144,93.95,855.75,71.95,0.459,4.183,0.352,banana,fresh
23402487,23145,93.95,855.75,72.00,0.459,4.183,0.352,banana,fresh
23403498,23146,93.95,855.45,71.95,0.459,4.181,0.352,banana,fresh
23404510,23147,94.00,855.65,71.95,0.459,4.182,0.352,banana,fresh
23405520,23148,94.00,855.85,72.00,0.459,4.183,0.352,banana,fresh
23406532,23149,94.00,855.65,71.95,0.459,4.182,0.352,banana,fresh
23407543,23150,94.00,855.70,71.95,0.459,4.182,0.352,banana,fresh
23408555,23151,94.00,855.70,71.90,0.459,4.182,0.351,banana,fresh
23409565,23152,93.95,855.60,71.95,0.459,4.182,0.352,banana,fresh
23410577,23153,94.00,855.55,72.00,0.459,4.182,0.352,banana,fresh
23411588,23154,94.00,855.65,71.85,0.459,4.182,0.351,banana,fresh
23412598,23155,94.05,855.90,71.90,0.460,4.183,0.351,banana,fresh
23413610,23156,94.00,855.75,71.95,0.459,4.183,0.352,banana,fresh
23414621,23157,94.10,855.80,71.90,0.460,4.183,0.351,banana,fresh
23415632,23158,94.00,855.75,71.95,0.459,4.183,0.352,banana,fresh
23416643,23159,93.95,855.75,71.85,0.459,4.183,0.351,banana,fresh
23417655,23160,94.00,855.80,72.00,0.459,4.183,0.352,banana,fresh
23418665,23161,94.00,855.85,72.00,0.459,4.183,0.352,banana,fresh
23419676,23162,93.95,855.60,71.90,0.459,4.182,0.351,banana,fresh
23420688,23163,94.00,855.60,71.90,0.459,4.182,0.351,banana,fresh
23421699,23164,94.00,855.80,71.95,0.459,4.183,0.352,banana,fresh
23422710,23165,94.00,855.85,71.95,0.459,4.183,0.352,banana,fresh
23423721,23166,94.00,855.65,71.95,0.459,4.182,0.352,banana,fresh
23424733,23167,93.95,855.95,72.00,0.459,4.184,0.352,banana,fresh
23425743,23168,94.00,855.80,71.95,0.459,4.183,0.352,banana,fresh
23426754,23169,94.00,855.80,71.95,0.459,4.183,0.352,banana,fresh
23427766,23170,93.95,855.80,72.00,0.459,4.183,0.352,banana,fresh
23428776,23171,94.00,855.75,72.00,0.459,4.183,0.352,banana,fresh
23429788,23172,94.05,855.80,71.90,0.460,4.183,0.351,banana,fresh
23430799,23173,94.00,855.70,72.00,0.459,4.182,0.352,banana,fresh
23431811,23174,93.95,855.75,71.95,0.459,4.183,0.352,banana,fresh
23432821,23175,94.00,855.65,71.95,0.459,4.182,0.352,banana,fresh
23433832,23176,94.00,855.60,71.95,0.459,4.182,0.352,banana,fresh
23434844,23177,94.00,855.70,71.95,0.459,4.182,0.352,banana,fresh
23435854,23178,93.90,855.70,71.90,0.459,4.182,0.351,banana,fresh
23436866,23179,94.10,855.70,71.95,0.460,4.182,0.352,banana,fresh
23437877,23180,94.00,855.75,72.00,0.459,4.183,0.352,banana,fresh
23438888,23181,94.00,855.70,72.00,0.459,4.182,0.352,banana,fresh
23439899,23182,93.95,855.70,72.00,0.459,4.182,0.352,banana,fresh
23440910,23183,94.00,855.75,72.00,0.459,4.183,0.352,banana,fresh
23441922,23184,94.05,855.75,71.95,0.460,4.183,0.352,banana,fresh
23442932,23185,93.90,855.75,71.95,0.459,4.183,0.352,banana,fresh
23443944,23186,94.05,855.80,71.95,0.460,4.183,0.352,banana,fresh
23444955,23187,93.95,855.35,72.00,0.459,4.181,0.352,banana,fresh
23445966,23188,93.95,855.60,72.00,0.459,4.182,0.352,banana,fresh
23446977,23189,93.95,855.85,71.95,0.459,4.183,0.352,banana,fresh
23447988,23190,94.00,855.70,72.00,0.459,4.182,0.352,banana,fresh
23448999,23191,94.05,855.75,72.00,0.460,4.183,0.352,banana,fresh
23450010,23192,94.00,855.65,72.00,0.459,4.182,0.352,banana,fresh
23451022,23193,94.00,855.70,72.00,0.459,4.182,0.352,banana,fresh
23452033,23194,94.00,855.75,71.90,0.459,4.183,0.351,banana,fresh
23453044,23195,94.05,855.80,72.00,0.460,4.183,0.352,banana,fresh
23454055,23196,93.80,855.70,72.00,0.458,4.182,0.352,banana,fresh
23455066,23197,94.00,855.75,71.95,0.459,4.183,0.352,banana,fresh
23456077,23198,94.00,855.75,71.95,0.459,4.183,0.352,banana,fresh
23457088,23199,94.00,855.85,72.00,0.459,4.183,0.352,banana,fresh
23458100,23200,94.05,855.75,71.95,0.460,4.183,0.352,banana,fresh
23459110,23201,93.95,855.80,72.00,0.459,4.183,0.352,banana,fresh
23460122,23202,94.00,855.70,71.95,0.459,4.182,0.352,banana,fresh
23461133,23203,93.95,855.70,72.00,0.459,4.182,0.352,banana,fresh
23462144,23204,93.95,855.70,72.00,0.459,4.182,0.352,banana,fresh
23463155,23205,94.05,855.65,71.90,0.460,4.182,0.351,banana,fresh
23464166,23206,94.00,855.80,71.95,0.459,4.183,0.352,banana,fresh
23465178,23207,94.00,855.80,71.95,0.459,4.183,0.352,banana,fresh
23466188,23208,94.00,855.75,72.00,0.459,4.183,0.352,banana,fresh
23467200,23209,94.00,855.75,71.95,0.459,4.183,0.352,banana,fresh
23468211,23210,94.10,855.90,71.95,0.460,4.183,0.352,banana,fresh
23469221,23211,94.00,855.85,71.95,0.459,4.183,0.352,banana,fresh
23470233,23212,94.05,855.60,71.95,0.460,4.182,0.352,banana,fresh
23471244,23213,94.00,855.75,71.95,0.459,4.183,0.352,banana,fresh
23472256,23214,93.95,855.85,71.95,0.459,4.183,0.352,banana,fresh
23473266,23215,93.95,855.80,71.95,0.459,4.183,0.352,banana,fresh
23474278,23216,94.05,855.80,72.00,0.460,4.183,0.352,banana,fresh
23475289,23217,93.95,856.00,71.95,0.459,4.184,0.352,banana,fresh
23476299,23218,93.95,855.65,72.00,0.459,4.182,0.352,banana,fresh
23477311,23219,94.00,855.80,71.95,0.459,4.183,0.352,banana,fresh
23478322,23220,94.00,855.75,71.90,0.459,4.183,0.351,banana,fresh
23479333,23221,94.00,855.80,72.00,0.459,4.183,0.352,banana,fresh
23480344,23222,93.85,855.60,72.00,0.459,4.182,0.352,banana,fresh
23481356,23223,94.00,855.90,71.85,0.459,4.183,0.351,banana,fresh
23482366,23224,93.95,855.85,72.00,0.459,4.183,0.352,banana,fresh
23483377,23225,93.95,855.80,71.95,0.459,4.183,0.352,banana,fresh
23484389,23226,94.05,855.75,71.95,0.460,4.183,0.352,banana,fresh
23485400,23227,94.00,855.80,72.00,0.459,4.183,0.352,banana,fresh
23486411,23228,94.00,855.75,72.00,0.459,4.183,0.352,banana,fresh
23487422,23229,93.95,855.60,72.00,0.459,4.182,0.352,banana,fresh
23488434,23230,94.00,855.90,72.00,0.459,4.183,0.352,banana,fresh
23489444,23231,93.95,855.80,72.00,0.459,4.183,0.352,banana,fresh
23490455,23232,94.00,855.85,71.95,0.459,4.183,0.352,banana,fresh
23491467,23233,94.00,855.60,71.95,0.459,4.182,0.352,banana,fresh
23492477,23234,94.10,855.85,72.00,0.460,4.183,0.352,banana,fresh
23493489,23235,94.00,855.85,72.00,0.459,4.183,0.352,banana,fresh
23494500,23236,94.00,855.95,72.00,0.459,4.184,0.352,banana,fresh
23495512,23237,94.00,855.85,71.95,0.459,4.183,0.352,banana,fresh
23496522,23238,93.95,855.75,72.00,0.459,4.183,0.352,banana,fresh
23497533,23239,94.00,855.90,72.00,0.459,4.183,0.352,banana,fresh
23498545,23240,94.00,855.80,72.00,0.459,4.183,0.352,banana,fresh
23499555,23241,94.00,855.90,71.95,0.459,4.183,0.352,banana,fresh
23500567,23242,93.95,855.90,71.85,0.459,4.183,0.351,banana,fresh
23501578,23243,93.90,855.75,72.00,0.459,4.183,0.352,banana,fresh
23502589,23244,93.95,856.00,72.00,0.459,4.184,0.352,banana,fresh
23503600,23245,94.00,855.85,72.00,0.459,4.183,0.352,banana,fresh
23504611,23246,94.00,855.80,71.95,0.459,4.183,0.352,banana,fresh
23505623,23247,94.05,855.70,72.00,0.460,4.182,0.352,banana,fresh
23506633,23248,94.00,855.90,72.00,0.459,4.183,0.352,banana,fresh
23507645,23249,93.90,855.65,72.00,0.459,4.182,0.352,banana,fresh
23508656,23250,94.00,855.90,71.95,0.459,4.183,0.352,banana,fresh
23509667,23251,94.00,855.80,71.90,0.459,4.183,0.351,banana,fresh
23510678,23252,94.00,855.75,71.90,0.459,4.183,0.351,banana,fresh
23511689,23253,94.05,855.80,72.00,0.460,4.183,0.352,banana,fresh
23512700,23254,93.95,855.85,72.00,0.459,4.183,0.352,banana,fresh
23513711,23255,94.00,855.85,71.95,0.459,4.183,0.352,banana,fresh
23514723,23256,94.05,855.75,71.95,0.460,4.183,0.352,banana,fresh
23515734,23257,94.00,855.70,72.00,0.459,4.182,0.352,banana,fresh
23516745,23258,94.00,855.95,72.00,0.459,4.184,0.352,banana,fresh
23517756,23259,94.00,855.70,72.00,0.459,4.182,0.352,banana,fresh
23518767,23260,93.90,855.95,71.95,0.459,4.184,0.352,banana,fresh
23519778,23261,93.95,855.60,72.00,0.459,4.182,0.352,banana,fresh
23520789,23262,93.95,855.75,72.00,0.459,4.183,0.352,banana,fresh
23521801,23263,93.95,855.90,71.95,0.459,4.183,0.352,banana,fresh
23522811,23264,93.95,855.75,72.00,0.459,4.183,0.352,banana,fresh
23523823,23265,94.00,855.70,71.85,0.459,4.182,0.351,banana,fresh
23524834,23266,94.00,855.95,72.00,0.459,4.184,0.352,banana,fresh
23525844,23267,94.00,855.85,71.95,0.459,4.183,0.352,banana,fresh
23526856,23268,94.05,855.85,71.90,0.460,4.183,0.351,banana,fresh
23527867,23269,94.00,855.75,71.95,0.459,4.183,0.352,banana,fresh
23528879,23270,94.00,855.85,71.95,0.459,4.183,0.352,banana,fresh
23529889,23271,94.00,855.75,72.00,0.459,4.183,0.352,banana,fresh
23530901,23272,94.00,855.80,72.00,0.459,4.183,0.352,banana,fresh
23531912,23273,93.90,855.80,71.95,0.459,4.183,0.352,banana,fresh
23532922,23274,94.00,855.65,72.00,0.459,4.182,0.352,banana,fresh
23533934,23275,93.95,855.75,72.00,0.459,4.183,0.352,banana,fresh
23534945,23276,94.00,855.95,71.95,0.459,4.184,0.352,banana,fresh
23535956,23277,94.05,855.75,72.00,0.460,4.183,0.352,banana,fresh
23536967,23278,94.05,855.80,72.00,0.460,4.183,0.352,banana,fresh
23537979,23279,94.10,855.80,72.00,0.460,4.183,0.352,banana,fresh
23538990,23280,94.00,855.80,72.00,0.459,4.183,0.352,banana,fresh
23540000,23281,94.00,855.95,72.00,0.459,4.184,0.352,banana,fresh
23541012,23282,94.00,855.75,72.00,0.459,4.183,0.352,banana,fresh
23542023,23283,94.00,855.85,72.00,0.459,4.183,0.352,banana,fresh
23543034,23284,93.95,855.75,72.00,0.459,4.183,0.352,banana,fresh
23544045,23285,94.05,855.95,71.95,0.460,4.184,0.352,banana,fresh
23545057,23286,94.05,855.85,72.00,0.460,4.183,0.352,banana,fresh
23546067,23287,94.05,855.80,72.00,0.460,4.183,0.352,banana,fresh
23547078,23288,94.05,855.65,72.00,0.460,4.182,0.352,banana,fresh
23548090,23289,94.00,855.95,72.00,0.459,4.184,0.352,banana,fresh
23549101,23290,94.00,855.75,72.00,0.459,4.183,0.352,banana,fresh
23550112,23291,94.00,855.75,72.00,0.459,4.183,0.352,banana,fresh
23551123,23292,93.95,855.80,72.00,0.459,4.183,0.352,banana,fresh
23552135,23293,94.10,855.90,72.00,0.460,4.183,0.352,banana,fresh
23553145,23294,94.05,855.80,71.95,0.460,4.183,0.352,banana,fresh
23554156,23295,94.00,855.80,72.00,0.459,4.183,0.352,banana,fresh
23555168,23296,94.00,855.80,72.00,0.459,4.183,0.352,banana,fresh
23556178,23297,94.00,855.95,72.00,0.459,4.184,0.352,banana,fresh
23557190,23298,94.00,855.80,72.00,0.459,4.183,0.352,banana,fresh
23558201,23299,94.00,855.85,72.00,0.459,4.183,0.352,banana,fresh
23559213,23300,94.00,855.70,72.00,0.459,4.182,0.352,banana,fresh
23560223,23301,94.00,855.80,72.00,0.459,4.183,0.352,banana,fresh
23561234,23302,94.10,855.70,71.95,0.460,4.182,0.352,banana,fresh
23562246,23303,94.10,855.80,71.95,0.460,4.183,0.352,banana,fresh
23563256,23304,94.00,856.00,72.00,0.459,4.184,0.352,banana,fresh
23564268,23305,94.00,855.90,72.00,0.459,4.183,0.352,banana,fresh
23565279,23306,94.00,855.70,72.00,0.459,4.182,0.352,banana,fresh
23566289,23307,94.05,855.75,71.95,0.460,4.183,0.352,banana,fresh
23567301,23308,94.00,855.75,72.00,0.459,4.183,0.352,banana,fresh
23568312,23309,94.00,855.80,72.00,0.459,4.183,0.352,banana,fresh
23569324,23310,94.00,855.65,72.00,0.459,4.182,0.352,banana,fresh
23570334,23311,94.05,855.85,72.00,0.460,4.183,0.352,banana,fresh
23571346,23312,94.00,855.95,71.95,0.459,4.184,0.352,banana,fresh
23572357,23313,94.00,855.90,71.95,0.459,4.183,0.352,banana,fresh
23573367,23314,94.00,855.85,71.95,0.459,4.183,0.352,banana,fresh
23574379,23315,94.00,855.95,72.00,0.459,4.184,0.352,banana,fresh
23575390,23316,94.00,855.85,72.00,0.459,4.183,0.352,banana,fresh
23576401,23317,94.00,855.85,72.00,0.459,4.183,0.352,banana,fresh
23577412,23318,94.00,855.75,72.00,0.459,4.183,0.352,banana,fresh
23578424,23319,94.00,855.90,72.00,0.459,4.183,0.352,banana,fresh
23579435,23320,93.95,855.85,72.00,0.459,4.183,0.352,banana,fresh
23580445,23321,93.95,855.85,72.00,0.459,4.183,0.352,banana,fresh
23581457,23322,94.00,855.70,72.00,0.459,4.182,0.352,banana,fresh
23582468,23323,93.95,855.75,71.95,0.459,4.183,0.352,banana,fresh
23583479,23324,94.00,855.90,72.00,0.459,4.183,0.352,banana,fresh
23584490,23325,94.00,855.85,72.00,0.459,4.183,0.352,banana,fresh
23585502,23326,94.00,855.80,71.95,0.459,4.183,0.352,banana,fresh
23586512,23327,94.00,855.75,72.00,0.459,4.183,0.352,banana,fresh
23587523,23328,94.00,855.85,72.00,0.459,4.183,0.352,banana,fresh
23588535,23329,94.00,855.80,71.90,0.459,4.183,0.351,banana,fresh
23589545,23330,94.00,855.95,72.00,0.459,4.184,0.352,banana,fresh
23590557,23331,94.00,855.85,72.00,0.459,4.183,0.352,banana,fresh
23591568,23332,93.95,855.60,72.00,0.459,4.182,0.352,banana,fresh
23592580,23333,94.05,855.85,71.95,0.460,4.183,0.352,banana,fresh
23593590,23334,94.00,855.90,72.00,0.459,4.183,0.352,banana,fresh
23594601,23335,94.00,855.75,72.00,0.459,4.183,0.352,banana,fresh
23595613,23336,94.00,855.80,71.95,0.459,4.183,0.352,banana,fresh
23596623,23337,94.00,855.85,72.00,0.459,4.183,0.352,banana,fresh
23597635,23338,94.00,855.95,72.00,0.459,4.184,0.352,banana,fresh
23598646,23339,94.10,855.70,71.90,0.460,4.182,0.351,banana,fresh
23599657,23340,93.95,855.90,72.00,0.459,4.183,0.352,banana,fresh
23600668,23341,94.00,855.90,72.00,0.459,4.183,0.352,banana,fresh
23601679,23342,94.00,855.75,72.00,0.459,4.183,0.352,banana,fresh
23602691,23343,94.00,855.90,72.00,0.459,4.183,0.352,banana,fresh
23603701,23344,94.00,855.80,72.00,0.459,4.183,0.352,banana,fresh
23604713,23345,94.05,855.85,72.00,0.460,4.183,0.352,banana,fresh
23605724,23346,94.00,855.85,72.00,0.459,4.183,0.352,banana,fresh
23606734,23347,94.00,855.80,72.00,0.459,4.183,0.352,banana,fresh
23607746,23348,93.95,855.95,72.00,0.459,4.184,0.352,banana,fresh
23608757,23349,94.00,855.85,72.00,0.459,4.183,0.352,banana,fresh
23609768,23350,94.00,855.90,72.00,0.459,4.183,0.352,banana,fresh
23610779,23351,93.95,855.95,72.00,0.459,4.184,0.352,banana,fresh
23611791,23352,94.00,855.75,71.95,0.459,4.183,0.352,banana,fresh
23612802,23353,94.00,855.90,72.00,0.459,4.183,0.352,banana,fresh
23613812,23354,94.00,855.95,71.95,0.459,4.184,0.352,banana,fresh
23614824,23355,94.00,855.95,72.00,0.459,4.184,0.352,banana,fresh
23615835,23356,94.05,855.65,72.00,0.460,4.182,0.352,banana,fresh
23616846,23357,94.00,855.90,71.85,0.459,4.183,0.351,banana,fresh
23617857,23358,94.00,855.80,72.00,0.459,4.183,0.352,banana,fresh
23618868,23359,94.00,855.95,72.00,0.459,4.184,0.352,banana,fresh
23619879,23360,94.00,855.90,72.00,0.459,4.183,0.352,banana,fresh
23620890,23361,94.05,855.70,72.00,0.460,4.182,0.352,banana,fresh
23621902,23362,94.05,855.65,72.00,0.460,4.182,0.352,banana,fresh
23622913,23363,94.05,855.90,71.95,0.460,4.183,0.352,banana,fresh
23623924,23364,94.05,855.90,71.95,0.460,4.183,0.352,banana,fresh
23624935,23365,94.00,855.95,72.00,0.459,4.184,0.352,banana,fresh
23625946,23366,94.05,855.90,71.95,0.460,4.183,0.352,banana,fresh
23626957,23367,94.00,855.90,71.95,0.459,4.183,0.352,banana,fresh
23627968,23368,94.00,855.95,72.00,0.459,4.184,0.352,banana,fresh
23628980,23369,94.00,855.85,72.00,0.459,4.183,0.352,banana,fresh
23629990,23370,94.05,855.90,72.00,0.460,4.183,0.352,banana,fresh
23631002,23371,94.00,855.95,72.00,0.459,4.184,0.352,banana,fresh
23632013,23372,94.00,855.90,72.00,0.459,4.183,0.352,banana,fresh
23633024,23373,94.05,855.90,71.95,0.460,4.183,0.352,banana,fresh
23634035,23374,94.00,855.95,72.00,0.459,4.184,0.352,banana,fresh
23635046,23375,94.00,855.80,71.95,0.459,4.183,0.352,banana,fresh
23636058,23376,93.95,855.90,71.95,0.459,4.183,0.352,banana,fresh
23637068,23377,94.00,855.90,71.90,0.459,4.183,0.351,banana,fresh
23638080,23378,94.00,855.75,72.00,0.459,4.183,0.352,banana,fresh
23639091,23379,94.00,855.80,72.00,0.459,4.183,0.352,banana,fresh
23640101,23380,94.00,855.85,71.95,0.459,4.183,0.352,banana,fresh
23641113,23381,93.95,855.85,71.95,0.459,4.183,0.352,banana,fresh
23642124,23382,94.00,856.00,71.95,0.459,4.184,0.352,banana,fresh
23643136,23383,94.00,855.90,72.00,0.459,4.183,0.352,banana,fresh
23644146,23384,94.00,855.80,72.00,0.459,4.183,0.352,banana,fresh
23645158,23385,94.00,855.95,72.00,0.459,4.184,0.352,banana,fresh
23646169,23386,94.00,855.80,72.00,0.459,4.183,0.352,banana,fresh
23647179,23387,93.95,855.90,72.00,0.459,4.183,0.352,banana,fresh
23648191,23388,94.00,855.90,72.00,0.459,4.183,0.352,banana,fresh
23649202,23389,94.00,855.80,72.00,0.459,4.183,0.352,banana,fresh
23650213,23390,94.00,855.95,71.85,0.459,4.184,0.351,banana,fresh
23651224,23391,94.05,855.90,71.95,0.460,4.183,0.352,banana,fresh
23652236,23392,94.00,855.85,71.95,0.459,4.183,0.352,banana,fresh
23653246,23393,94.00,855.80,72.00,0.459,4.183,0.352,banana,fresh
23654257,23394,93.95,855.90,72.00,0.459,4.183,0.352,banana,fresh
23655269,23395,93.95,855.80,71.95,0.459,4.183,0.352,banana,fresh
23656280,23396,94.00,855.95,72.00,0.459,4.184,0.352,banana,fresh
23657291,23397,93.95,855.95,72.00,0.459,4.184,0.352,banana,fresh
23658302,23398,94.00,855.70,71.95,0.459,4.182,0.352,banana,fresh
23659314,23399,94.05,855.75,71.95,0.460,4.183,0.352,banana,fresh
23660324,23400,94.05,855.95,71.95,0.460,4.184,0.352,banana,fresh
23661335,23401,94.00,855.80,71.95,0.459,4.183,0.352,banana,fresh
23662347,23402,93.95,855.95,72.00,0.459,4.184,0.352,banana,fresh
23663357,23403,94.00,855.80,72.00,0.459,4.183,0.352,banana,fresh
23664369,23404,93.95,855.90,71.95,0.459,4.183,0.352,banana,fresh
23665380,23405,93.95,855.85,72.00,0.459,4.183,0.352,banana,fresh
23666392,23406,93.95,855.90,71.95,0.459,4.183,0.352,banana,fresh
23667402,23407,94.00,855.85,71.95,0.459,4.183,0.352,banana,fresh
23668413,23408,94.00,855.95,71.90,0.459,4.184,0.351,banana,fresh
23669425,23409,94.00,855.80,71.95,0.459,4.183,0.352,banana,fresh
23670435,23410,94.05,855.85,71.95,0.460,4.183,0.352,banana,fresh
23671447,23411,94.05,855.95,71.90,0.460,4.184,0.351,banana,fresh
23672458,23412,94.00,855.85,72.00,0.459,4.183,0.352,banana,fresh
23673469,23413,94.00,855.85,71.95,0.459,4.183,0.352,banana,fresh
23674480,23414,94.00,855.90,71.95,0.459,4.183,0.352,banana,fresh
23675492,23415,93.95,855.70,72.00,0.459,4.182,0.352,banana,fresh
23676503,23416,94.00,855.75,71.95,0.459,4.183,0.352,banana,fresh
23677513,23417,94.00,855.90,72.00,0.459,4.183,0.352,banana,fresh
23678525,23418,93.95,855.75,72.00,0.459,4.183,0.352,banana,fresh
23679536,23419,94.05,855.90,71.95,0.460,4.183,0.352,banana,fresh
23680547,23420,94.00,855.90,72.00,0.459,4.183,0.352,banana,fresh
23681558,23421,94.00,855.90,72.00,0.459,4.183,0.352,banana,fresh
23682570,23422,94.00,855.90,71.90,0.459,4.183,0.351,banana,fresh
23683580,23423,94.00,855.80,72.00,0.459,4.183,0.352,banana,fresh
23684591,23424,93.95,855.95,72.00,0.459,4.184,0.352,banana,fresh
23685603,23425,94.00,855.95,71.95,0.459,4.184,0.352,banana,fresh
23686614,23426,93.95,855.95,71.95,0.459,4.184,0.352,banana,fresh
23687625,23427,93.95,855.85,71.95,0.459,4.183,0.352,banana,fresh
23688636,23428,94.10,855.85,71.95,0.460,4.183,0.352,banana,fresh
23689648,23429,94.00,856.00,71.95,0.459,4.184,0.352,banana,fresh
23690658,23430,94.00,855.80,71.90,0.459,4.183,0.351,banana,fresh
23691669,23431,94.00,855.90,71.95,0.459,4.183,0.352,banana,fresh
23692681,23432,94.00,855.75,72.00,0.459,4.183,0.352,banana,fresh
23693691,23433,93.85,855.95,72.00,0.459,4.184,0.352,banana,fresh
23694703,23434,94.00,855.95,71.95,0.459,4.184,0.352,banana,fresh
23695714,23435,94.00,855.85,71.90,0.459,4.183,0.351,banana,fresh
23696726,23436,94.00,855.95,71.85,0.459,4.184,0.351,banana,fresh
23697736,23437,94.05,855.90,71.90,0.460,4.183,0.351,banana,fresh
23698747,23438,94.00,855.70,72.00,0.459,4.182,0.352,banana,fresh
23699759,23439,93.95,855.85,71.90,0.459,4.183,0.351,banana,fresh
23700769,23440,94.00,855.80,71.95,0.459,4.183,0.352,banana,fresh
23701781,23441,94.00,855.85,71.95,0.459,4.183,0.352,banana,fresh
23702792,23442,93.90,855.85,71.95,0.459,4.183,0.352,banana,fresh
23703803,23443,94.05,855.75,71.95,0.460,4.183,0.352,banana,fresh
23704814,23444,94.00,855.90,71.90,0.459,4.183,0.351,banana,fresh
23705825,23445,94.00,855.95,71.95,0.459,4.184,0.352,banana,fresh
23706836,23446,93.95,855.90,71.90,0.459,4.183,0.351,banana,fresh
23707847,23447,94.00,855.80,71.95,0.459,4.183,0.352,banana,fresh
23708859,23448,94.00,855.90,71.90,0.459,4.183,0.351,banana,fresh
23709870,23449,94.00,855.80,72.00,0.459,4.183,0.352,banana,fresh
23710881,23450,94.00,855.80,71.95,0.459,4.183,0.352,banana,fresh
23711892,23451,93.95,855.75,71.85,0.459,4.183,0.351,banana,fresh
23712903,23452,94.00,855.80,71.95,0.459,4.183,0.352,banana,fresh
23713914,23453,94.00,855.80,72.00,0.459,4.183,0.352,banana,fresh
23714925,23454,94.00,855.90,71.95,0.459,4.183,0.352,banana,fresh
23715937,23455,94.00,855.85,71.95,0.459,4.183,0.352,banana,fresh
23716947,23456,93.95,855.90,72.00,0.459,4.183,0.352,banana,fresh
23717959,23457,93.95,855.95,71.95,0.459,4.184,0.352,banana,fresh
23718970,23458,93.90,855.95,71.95,0.459,4.184,0.352,banana,fresh
23719981,23459,94.00,855.95,71.95,0.459,4.184,0.352,banana,fresh
23720992,23460,94.00,855.95,71.95,0.459,4.184,0.352,banana,fresh
23722003,23461,94.00,855.80,71.95,0.459,4.183,0.352,banana,fresh
23723015,23462,94.05,855.85,72.00,0.460,4.183,0.352,banana,fresh
23724025,23463,94.00,855.75,71.90,0.459,4.183,0.351,banana,fresh
23725037,23464,94.00,855.85,71.95,0.459,4.183,0.352,banana,fresh
23726048,23465,94.00,855.75,71.95,0.459,4.183,0.352,banana,fresh
23727059,23466,94.00,855.80,72.00,0.459,4.183,0.352,banana,fresh
23728070,23467,94.00,855.85,72.00,0.459,4.183,0.352,banana,fresh
23729081,23468,94.00,855.85,72.00,0.459,4.183,0.352,banana,fresh
23730093,23469,93.95,855.90,71.90,0.459,4.183,0.351,banana,fresh
23731103,23470,94.00,855.90,71.95,0.459,4.183,0.352,banana,fresh
23732115,23471,94.00,855.85,72.00,0.459,4.183,0.352,banana,fresh
23733126,23472,94.00,855.90,71.95,0.459,4.183,0.352,banana,fresh
23734137,23473,94.00,855.90,71.95,0.459,4.183,0.352,banana,fresh
23735148,23474,93.95,855.90,72.00,0.459,4.183,0.352,banana,fresh
23736159,23475,94.00,855.85,72.00,0.459,4.183,0.352,banana,fresh
23737170,23476,93.95,856.00,72.00,0.459,4.184,0.352,banana,fresh
23738181,23477,94.00,856.00,72.00,0.459,4.184,0.352,banana,fresh
23739193,23478,94.00,855.80,72.00,0.459,4.183,0.352,banana,fresh
23740204,23479,94.05,855.90,71.95,0.460,4.183,0.352,banana,fresh
23741215,23480,93.95,856.00,71.95,0.459,4.184,0.352,banana,fresh
23742226,23481,94.00,855.85,71.95,0.459,4.183,0.352,banana,fresh
23743237,23482,94.00,855.75,72.00,0.459,4.183,0.352,banana,fresh
23744248,23483,93.95,855.90,72.00,0.459,4.183,0.352,banana,fresh
23745259,23484,93.95,855.90,71.95,0.459,4.183,0.352,banana,fresh
23746271,23485,94.00,855.90,71.85,0.459,4.183,0.351,banana,fresh
23747281,23486,94.00,855.75,71.95,0.459,4.183,0.352,banana,fresh
23748293,23487,94.00,855.75,71.95,0.459,4.183,0.352,banana,fresh
23749304,23488,94.00,855.95,72.00,0.459,4.184,0.352,banana,fresh
23750315,23489,93.95,855.95,71.95,0.459,4.184,0.352,banana,fresh
23751326,23490,94.05,855.90,72.00,0.460,4.183,0.352,banana,fresh
23752337,23491,94.00,855.90,72.00,0.459,4.183,0.352,banana,fresh
23753349,23492,94.00,855.90,71.95,0.459,4.183,0.352,banana,fresh
23754359,23493,93.95,856.00,71.90,0.459,4.184,0.351,banana,fresh
23755371,23494,94.00,855.95,71.90,0.459,4.184,0.351,banana,fresh
23756382,23495,94.00,855.85,71.90,0.459,4.183,0.351,banana,fresh
23757393,23496,93.95,855.85,72.00,0.459,4.183,0.352,banana,fresh
23758404,23497,94.00,855.85,72.00,0.459,4.183,0.352,banana,fresh
23759415,23498,94.00,855.95,71.95,0.459,4.184,0.352,banana,fresh
23760427,23499,93.90,855.95,71.95,0.459,4.184,0.352,banana,fresh
23761437,23500,94.00,855.95,71.90,0.459,4.184,0.351,banana,fresh
23762449,23501,94.00,855.95,72.00,0.459,4.184,0.352,banana,fresh
23763460,23502,94.00,855.75,72.00,0.459,4.183,0.352,banana,fresh
23764471,23503,94.05,855.90,71.95,0.460,4.183,0.352,banana,fresh
23765482,23504,93.95,855.90,71.80,0.459,4.183,0.351,banana,fresh
23766493,23505,94.05,855.95,71.90,0.460,4.184,0.351,banana,fresh
23767504,23506,94.00,855.85,71.95,0.459,4.183,0.352,banana,fresh
23768515,23507,93.95,855.90,71.95,0.459,4.183,0.352,banana,fresh
23769527,23508,94.15,855.90,71.95,0.460,4.183,0.352,banana,fresh
23770537,23509,93.95,855.85,72.00,0.459,4.183,0.352,banana,fresh
23771549,23510,94.00,855.85,71.95,0.459,4.183,0.352,banana,fresh
23772560,23511,94.00,856.00,72.00,0.459,4.184,0.352,banana,fresh
23773571,23512,94.00,855.95,72.00,0.459,4.184,0.352,banana,fresh
23774582,23513,93.95,855.85,72.00,0.459,4.183,0.352,banana,fresh
23775593,23514,94.05,855.90,71.90,0.460,4.183,0.351,banana,fresh
23776605,23515,94.00,855.90,71.90,0.459,4.183,0.351,banana,fresh
23777615,23516,94.00,855.90,72.00,0.459,4.183,0.352,banana,fresh
23778627,23517,94.00,855.85,72.00,0.459,4.183,0.352,banana,fresh
23779638,23518,94.00,855.85,72.00,0.459,4.183,0.352,banana,fresh
23780648,23519,94.00,855.90,72.00,0.459,4.183,0.352,banana,fresh
23781660,23520,94.00,855.95,71.85,0.459,4.184,0.351,banana,fresh
23782671,23521,94.05,855.85,71.90,0.460,4.183,0.351,banana,fresh
23783683,23522,94.00,855.90,72.00,0.459,4.183,0.352,banana,fresh
23784693,23523,93.90,856.00,71.95,0.459,4.184,0.352,banana,fresh
23785705,23524,94.00,855.95,71.85,0.459,4.184,0.351,banana,fresh
23786716,23525,93.95,856.00,72.00,0.459,4.184,0.352,banana,fresh
23787726,23526,93.95,855.95,71.95,0.459,4.184,0.352,banana,fresh
23788738,23527,94.00,856.00,71.85,0.459,4.184,0.351,banana,fresh
23789749,23528,94.00,855.80,72.00,0.459,4.183,0.352,banana,fresh
23790760,23529,93.95,855.85,72.00,0.459,4.183,0.352,banana,fresh
23791771,23530,94.00,855.95,71.90,0.459,4.184,0.351,banana,fresh
23792783,23531,94.00,855.90,71.90,0.459,4.183,0.351,banana,fresh
23793794,23532,94.05,855.95,71.85,0.460,4.184,0.351,banana,fresh
23794804,23533,94.00,855.90,72.00,0.459,4.183,0.352,banana,fresh
23795816,23534,94.00,855.95,71.90,0.459,4.184,0.351,banana,fresh
23796827,23535,93.95,855.90,72.00,0.459,4.183,0.352,banana,fresh
23797838,23536,93.90,855.90,71.95,0.459,4.183,0.352,banana,fresh
23798849,23537,93.95,856.00,71.90,0.459,4.184,0.351,banana,fresh
23799861,23538,94.00,855.95,71.95,0.459,4.184,0.352,banana,fresh
23800871,23539,94.00,855.90,71.90,0.459,4.183,0.351,banana,fresh
23801882,23540,94.00,855.90,71.95,0.459,4.183,0.352,banana,fresh
23802894,23541,94.00,855.95,71.90,0.459,4.184,0.351,banana,fresh
23803905,23542,94.05,855.90,71.95,0.460,4.183,0.352,banana,fresh
23804916,23543,93.95,855.85,72.00,0.459,4.183,0.352,banana,fresh
23805927,23544,93.95,855.95,71.80,0.459,4.184,0.351,banana,fresh
23806939,23545,93.95,856.00,71.75,0.459,4.184,0.351,banana,fresh
23807949,23546,94.00,855.90,71.90,0.459,4.183,0.351,banana,fresh
23808960,23547,94.00,855.95,71.90,0.459,4.184,0.351,banana,fresh
23809972,23548,94.00,855.95,71.90,0.459,4.184,0.351,banana,fresh
23810982,23549,94.00,855.95,72.00,0.459,4.184,0.352,banana,fresh
23811994,23550,94.00,855.90,71.90,0.459,4.183,0.351,banana,fresh
23813005,23551,94.00,855.90,72.00,0.459,4.183,0.352,banana,fresh
23814017,23552,94.00,855.85,71.90,0.459,4.183,0.351,banana,fresh
23815027,23553,94.00,855.95,71.95,0.459,4.184,0.352,banana,fresh
23816038,23554,94.00,855.95,71.95,0.459,4.184,0.352,banana,fresh
23817050,23555,94.00,856.00,72.00,0.459,4.184,0.352,banana,fresh
23818060,23556,93.95,855.90,71.85,0.459,4.183,0.351,banana,fresh
23819072,23557,94.00,855.90,71.90,0.459,4.183,0.351,banana,fresh
23820083,23558,94.00,856.00,72.00,0.459,4.184,0.352,banana,fresh
23821094,23559,94.00,855.95,72.00,0.459,4.184,0.352,banana,fresh
23822105,23560,93.95,855.95,71.90,0.459,4.184,0.351,banana,fresh
23823116,23561,93.90,856.00,71.95,0.459,4.184,0.352,banana,fresh
23824128,23562,94.00,855.90,72.00,0.459,4.183,0.352,banana,fresh
23825138,23563,94.00,855.95,71.85,0.459,4.184,0.351,banana,fresh
23826150,23564,94.00,856.00,72.00,0.459,4.184,0.352,banana,fresh
23827161,23565,94.00,855.95,71.90,0.459,4.184,0.351,banana,fresh
23828171,23566,94.00,855.95,72.00,0.459,4.184,0.352,banana,fresh
23829183,23567,94.00,855.95,71.85,0.459,4.184,0.351,banana,fresh
23830194,23568,93.95,855.90,72.00,0.459,4.183,0.352,banana,fresh
23831205,23569,94.00,856.00,71.95,0.459,4.184,0.352,banana,fresh
23832216,23570,94.05,855.90,71.95,0.460,4.183,0.352,banana,fresh
23833228,23571,93.95,855.90,71.95,0.459,4.183,0.352,banana,fresh
23834238,23572,94.00,855.95,72.00,0.459,4.184,0.352,banana,fresh
23835250,23573,94.00,855.85,71.90,0.459,4.183,0.351,banana,fresh
23836261,23574,94.00,855.95,71.95,0.459,4.184,0.352,banana,fresh
23837272,23575,94.00,855.90,72.00,0.459,4.183,0.352,banana,fresh
23838283,23576,94.00,855.90,71.90,0.459,4.183,0.351,banana,fresh
23839294,23577,94.00,856.00,71.95,0.459,4.184,0.352,banana,fresh
23840306,23578,94.05,855.90,71.95,0.460,4.183,0.352,banana,fresh
23841316,23579,94.00,855.95,72.00,0.459,4.184,0.352,banana,fresh
23842328,23580,94.00,856.05,71.95,0.459,4.184,0.352,banana,fresh
23843339,23581,94.00,855.90,72.00,0.459,4.183,0.352,banana,fresh
23844349,23582,94.00,855.80,71.95,0.459,4.183,0.352,banana,fresh
23845361,23583,93.95,855.95,71.95,0.459,4.184,0.352,banana,fresh
23846372,23584,94.00,855.95,71.85,0.459,4.184,0.351,banana,fresh
23847384,23585,94.00,856.00,71.90,0.459,4.184,0.351,banana,fresh
23848394,23586,94.00,855.85,71.85,0.459,4.183,0.351,banana,fresh
23849406,23587,94.00,856.00,71.95,0.459,4.184,0.352,banana,fresh
23850417,23588,93.95,855.95,72.00,0.459,4.184,0.352,banana,fresh
23851427,23589,94.00,855.90,71.95,0.459,4.183,0.352,banana,fresh
23852439,23590,93.90,856.00,71.80,0.459,4.184,0.351,banana,fresh
23853450,23591,94.00,855.95,72.00,0.459,4.184,0.352,banana,fresh
23854461,23592,94.00,855.85,72.00,0.459,4.183,0.352,banana,fresh
23855472,23593,93.95,856.00,71.90,0.459,4.184,0.351,banana,fresh
23856484,23594,93.90,855.95,71.80,0.459,4.184,0.351,banana,fresh
23857495,23595,94.00,856.00,71.75,0.459,4.184,0.351,banana,fresh
23858505,23596,94.00,856.00,71.95,0.459,4.184,0.352,banana,fresh
23859517,23597,93.95,855.95,72.00,0.459,4.184,0.352,banana,fresh
23860528,23598,94.00,855.95,72.00,0.459,4.184,0.352,banana,fresh
23861539,23599,94.00,855.95,71.95,0.459,4.184,0.352,banana,fresh
23862550,23600,93.95,856.00,71.95,0.459,4.184,0.352,banana,fresh
23863562,23601,94.05,856.00,72.00,0.460,4.184,0.352,banana,fresh
23864572,23602,94.00,856.00,72.00,0.459,4.184,0.352,banana,fresh
23865583,23603,93.95,855.95,71.95,0.459,4.184,0.352,banana,fresh
23866595,23604,93.95,856.00,71.95,0.459,4.184,0.352,banana,fresh
23867606,23605,94.00,855.95,72.00,0.459,4.184,0.352,banana,fresh
23868617,23606,94.00,855.95,71.90,0.459,4.184,0.351,banana,fresh
23869628,23607,94.05,856.00,71.95,0.460,4.184,0.352,banana,fresh
23870640,23608,93.90,855.95,71.90,0.459,4.184,0.351,banana,fresh
23871650,23609,94.00,855.95,72.00,0.459,4.184,0.352,banana,fresh
23872661,23610,94.00,855.90,71.95,0.459,4.183,0.352,banana,fresh
23873673,23611,93.95,855.95,72.00,0.459,4.184,0.352,banana,fresh
23874683,23612,93.95,856.00,72.00,0.459,4.184,0.352,banana,fresh
23875695,23613,93.95,855.90,72.00,0.459,4.183,0.352,banana,fresh
23876706,23614,93.95,855.95,72.00,0.459,4.184,0.352,banana,fresh
23877718,23615,94.00,856.00,71.90,0.459,4.184,0.351,banana,fresh
23878728,23616,94.00,856.00,71.90,0.459,4.184,0.351,banana,fresh
23879739,23617,93.95,856.00,72.00,0.459,4.184,0.352,banana,fresh
23880751,23618,94.00,855.95,72.00,0.459,4.184,0.352,banana,fresh
23881761,23619,94.00,855.95,72.00,0.459,4.184,0.352,banana,fresh
23882773,23620,94.00,856.00,71.90,0.459,4.184,0.351,banana,fresh
23883784,23621,94.00,856.00,72.00,0.459,4.184,0.352,banana,fresh
23884795,23622,94.05,855.95,72.00,0.460,4.184,0.352,banana,fresh
23885806,23623,93.95,855.95,71.95,0.459,4.184,0.352,banana,fresh
23886817,23624,93.95,856.00,71.95,0.459,4.184,0.352,banana,fresh
23887828,23625,94.05,856.00,71.90,0.460,4.184,0.351,banana,fresh
23888839,23626,94.00,855.95,72.00,0.459,4.184,0.352,banana,fresh
23889851,23627,93.90,855.95,72.00,0.459,4.184,0.352,banana,fresh
23890862,23628,93.95,856.00,72.00,0.459,4.184,0.352,banana,fresh
23891873,23629,94.00,855.95,72.00,0.459,4.184,0.352,banana,fresh
23892884,23630,94.00,856.00,72.00,0.459,4.184,0.352,banana,fresh
23893895,23631,94.00,855.95,72.00,0.459,4.184,0.352,banana,fresh
23894906,23632,94.05,856.00,72.00,0.460,4.184,0.352,banana,fresh
23895917,23633,94.00,856.00,71.95,0.459,4.184,0.352,banana,fresh
23896929,23634,94.05,856.00,72.00,0.460,4.184,0.352,banana,fresh
23897939,23635,94.00,855.85,71.90,0.459,4.183,0.351,banana,fresh
23898950,23636,94.00,856.00,71.95,0.459,4.184,0.352,banana,fresh
23899962,23637,94.00,856.00,72.00,0.459,4.184,0.352,banana,fresh
23900973,23638,93.95,856.00,72.00,0.459,4.184,0.352,banana,fresh
23901984,23639,94.00,855.95,72.00,0.459,4.184,0.352,banana,fresh
23902995,23640,94.00,855.95,72.00,0.459,4.184,0.352,banana,fresh
23904007,23641,93.95,856.00,72.00,0.459,4.184,0.352,banana,fresh
23905017,23642,93.95,856.00,72.00,0.459,4.184,0.352,banana,fresh
23906028,23643,93.90,856.00,71.95,0.459,4.184,0.352,banana,fresh
23907040,23644,93.90,855.95,71.95,0.459,4.184,0.352,banana,fresh
23908050,23645,94.00,856.00,71.95,0.459,4.184,0.352,banana,fresh
23909062,23646,93.95,855.90,71.90,0.459,4.183,0.351,banana,fresh
23910073,23647,94.00,855.95,72.00,0.459,4.184,0.352,banana,fresh
23911085,23648,94.00,856.00,71.95,0.459,4.184,0.352,banana,fresh
23912095,23649,94.00,855.95,72.00,0.459,4.184,0.352,banana,fresh
23913106,23650,94.05,856.00,71.95,0.460,4.184,0.352,banana,fresh
23914118,23651,94.00,855.95,71.95,0.459,4.184,0.352,banana,fresh
23915128,23652,94.00,855.95,71.90,0.459,4.184,0.351,banana,fresh
23916140,23653,94.00,856.00,72.00,0.459,4.184,0.352,banana,fresh
23917151,23654,94.00,856.00,71.95,0.459,4.184,0.352,banana,fresh
23918161,23655,94.00,856.00,72.00,0.459,4.184,0.352,banana,fresh
23919173,23656,93.95,855.95,72.00,0.459,4.184,0.352,banana,fresh
23920184,23657,93.95,855.95,71.90,0.459,4.184,0.351,banana,fresh
23921196,23658,94.00,856.00,71.90,0.459,4.184,0.351,banana,fresh
23922206,23659,94.00,855.95,72.00,0.459,4.184,0.352,banana,fresh
23923218,23660,94.00,856.00,71.95,0.459,4.184,0.352,banana,fresh
23924229,23661,93.95,855.90,72.00,0.459,4.183,0.352,banana,fresh
23925240,23662,93.95,855.95,71.95,0.459,4.184,0.352,banana,fresh
23926251,23663,94.00,856.00,72.00,0.459,4.184,0.352,banana,fresh
23927262,23664,94.00,855.95,72.00,0.459,4.184,0.352,banana,fresh
23928273,23665,94.00,856.00,71.90,0.459,4.184,0.351,banana,fresh
23929284,23666,94.00,855.95,72.00,0.459,4.184,0.352,banana,fresh
23930296,23667,94.00,855.90,72.00,0.459,4.183,0.352,banana,fresh
23931307,23668,94.05,856.00,72.00,0.460,4.184,0.352,banana,fresh
23932317,23669,94.00,856.00,72.00,0.459,4.184,0.352,banana,fresh
23933329,23670,93.95,855.95,72.00,0.459,4.184,0.352,banana,fresh
23934340,23671,93.95,856.00,71.95,0.459,4.184,0.352,banana,fresh
23935351,23672,94.00,856.00,72.00,0.459,4.184,0.352,banana,fresh
23936362,23673,94.00,856.00,71.90,0.459,4.184,0.351,banana,fresh
23937374,23674,94.00,856.00,72.00,0.459,4.184,0.352,banana,fresh
23938384,23675,94.00,856.00,72.00,0.459,4.184,0.352,banana,fresh
23939395,23676,94.00,856.00,72.00,0.459,4.184,0.352,banana,fresh
23940407,23677,94.00,855.90,71.95,0.459,4.183,0.352,banana,fresh
23941417,23678,93.85,856.00,72.00,0.459,4.184,0.352,banana,fresh
23942429,23679,94.00,856.00,71.95,0.459,4.184,0.352,banana,fresh
23943440,23680,93.90,856.00,72.00,0.459,4.184,0.352,banana,fresh
23944451,23681,94.00,856.00,72.00,0.459,4.184,0.352,banana,fresh
23945462,23682,94.05,856.00,71.95,0.460,4.184,0.352,banana,fresh
23946473,23683,94.00,856.00,72.00,0.459,4.184,0.352,banana,fresh
23947485,23684,93.90,855.95,71.95,0.459,4.184,0.352,banana,fresh
23948495,23685,93.95,856.00,72.00,0.459,4.184,0.352,banana,fresh
23949507,23686,93.95,856.00,72.00,0.459,4.184,0.352,banana,fresh
23950518,23687,93.95,856.00,72.00,0.459,4.184,0.352,banana,fresh
23951528,23688,93.95,855.95,72.00,0.459,4.184,0.352,banana,fresh
23952540,23689,94.00,856.00,72.00,0.459,4.184,0.352,banana,fresh
23953551,23690,94.00,856.00,71.90,0.459,4.184,0.351,banana,fresh
23954563,23691,94.05,856.00,72.00,0.460,4.184,0.352,banana,fresh
23955573,23692,94.00,856.00,72.00,0.459,4.184,0.352,banana,fresh
23956585,23693,94.00,856.00,72.00,0.459,4.184,0.352,banana,fresh
23957596,23694,93.90,855.95,72.00,0.459,4.184,0.352,banana,fresh
23958606,23695,93.95,856.10,72.00,0.459,4.184,0.352,banana,fresh
23959618,23696,94.00,856.00,71.95,0.459,4.184,0.352,banana,fresh
23960629,23697,93.95,856.00,71.95,0.459,4.184,0.352,banana,fresh
23961640,23698,94.00,856.00,72.00,0.459,4.184,0.352,banana,fresh
23962651,23699,94.05,856.00,72.00,0.460,4.184,0.352,banana,fresh
23963662,23700,94.00,856.00,71.90,0.459,4.184,0.351,banana,fresh
23964674,23701,94.00,856.00,72.00,0.459,4.184,0.352,banana,fresh
23965684,23702,94.00,856.00,72.00,0.459,4.184,0.352,banana,fresh
23966696,23703,93.95,856.00,72.00,0.459,4.184,0.352,banana,fresh
23967707,23704,94.00,856.00,71.85,0.459,4.184,0.351,banana,fresh
23968718,23705,94.00,856.00,71.95,0.459,4.184,0.352,banana,fresh
23969729,23706,94.00,856.00,71.95,0.459,4.184,0.352,banana,fresh
23970740,23707,94.00,856.00,72.00,0.459,4.184,0.352,banana,fresh
23971751,23708,94.00,856.05,71.95,0.459,4.184,0.352,banana,fresh
23972762,23709,94.00,856.00,71.95,0.459,4.184,0.352,banana,fresh
23973774,23710,94.00,856.00,72.00,0.459,4.184,0.352,banana,fresh
23974785,23711,94.00,856.00,71.95,0.459,4.184,0.352,banana,fresh
23975795,23712,94.00,856.00,72.00,0.459,4.184,0.352,banana,fresh
23976807,23713,94.00,856.00,71.85,0.459,4.184,0.351,banana,fresh
23977818,23714,94.00,856.05,71.95,0.459,4.184,0.352,banana,fresh
23978829,23715,93.95,856.05,71.95,0.459,4.184,0.352,banana,fresh
23979840,23716,94.00,856.00,72.05,0.459,4.184,0.352,banana,fresh
23980852,23717,93.95,855.95,72.00,0.459,4.184,0.352,banana,fresh
23981862,23718,94.00,856.00,71.95,0.459,4.184,0.352,banana,fresh
23982873,23719,93.95,856.00,71.95,0.459,4.184,0.352,banana,fresh
23983885,23720,94.00,856.00,71.95,0.459,4.184,0.352,banana,fresh
23984896,23721,94.05,856.00,72.00,0.460,4.184,0.352,banana,fresh
23985907,23722,94.00,856.00,71.95,0.459,4.184,0.352,banana,fresh
23986918,23723,93.95,856.00,72.00,0.459,4.184,0.352,banana,fresh
23987930,23724,93.90,856.00,72.00,0.459,4.184,0.352,banana,fresh
23988940,23725,94.00,856.00,72.00,0.459,4.184,0.352,banana,fresh
23989951,23726,94.00,856.00,72.00,0.459,4.184,0.352,banana,fresh
23990963,23727,94.00,856.00,71.95,0.459,4.184,0.352,banana,fresh
23991973,23728,94.00,856.00,72.00,0.459,4.184,0.352,banana,fresh
23992985,23729,94.00,856.00,72.00,0.459,4.184,0.352,banana,fresh
23993996,23730,94.05,856.00,72.00,0.460,4.184,0.352,banana,fresh
23995006,23731,94.00,856.10,71.95,0.459,4.184,0.352,banana,fresh
23996018,23732,93.90,856.00,72.00,0.459,4.184,0.352,banana,fresh
23997029,23733,94.00,856.00,71.95,0.459,4.184,0.352,banana,fresh
23998041,23734,94.05,856.00,71.95,0.460,4.184,0.352,banana,fresh
23999051,23735,93.95,856.00,72.00,0.459,4.184,0.352,banana,fresh
24000063,23736,94.00,856.00,72.00,0.459,4.184,0.352,banana,fresh
24001074,23737,94.00,856.00,72.00,0.459,4.184,0.352,banana,fresh
24002084,23738,93.95,856.05,72.00,0.459,4.184,0.352,banana,fresh
24003096,23739,94.00,856.05,72.00,0.459,4.184,0.352,banana,fresh
24004107,23740,93.95,856.00,72.00,0.459,4.184,0.352,banana,fresh
24005118,23741,94.00,856.00,71.95,0.459,4.184,0.352,banana,fresh
24006129,23742,93.95,856.00,72.00,0.459,4.184,0.352,banana,fresh
24007140,23743,93.95,856.00,72.00,0.459,4.184,0.352,banana,fresh
24008152,23744,94.00,856.00,71.90,0.459,4.184,0.351,banana,fresh
24009162,23745,94.00,856.00,71.95,0.459,4.184,0.352,banana,fresh
24010174,23746,94.05,856.00,72.00,0.460,4.184,0.352,banana,fresh
24011185,23747,94.00,856.00,72.00,0.459,4.184,0.352,banana,fresh
24012196,23748,94.00,856.00,72.00,0.459,4.184,0.352,banana,fresh
24013207,23749,93.95,856.00,71.95,0.459,4.184,0.352,banana,fresh
24014218,23750,94.00,856.00,71.95,0.459,4.184,0.352,banana,fresh
24015229,23751,93.95,856.00,71.95,0.459,4.184,0.352,banana,fresh
24016240,23752,94.00,856.05,72.00,0.459,4.184,0.352,banana,fresh
24017252,23753,93.95,856.00,72.00,0.459,4.184,0.352,banana,fresh
24018263,23754,94.00,856.00,71.95,0.459,4.184,0.352,banana,fresh
24019274,23755,93.95,856.10,72.00,0.459,4.184,0.352,banana,fresh
24020285,23756,93.90,856.00,72.00,0.459,4.184,0.352,banana,fresh
24021296,23757,93.85,856.05,71.95,0.459,4.184,0.352,banana,fresh
24022307,23758,94.00,856.00,72.00,0.459,4.184,0.352,banana,fresh
24023318,23759,93.95,856.00,71.90,0.459,4.184,0.351,banana,fresh
24024330,23760,94.00,855.95,72.00,0.459,4.184,0.352,banana,fresh
24025340,23761,94.05,856.10,72.00,0.460,4.184,0.352,banana,fresh
24026351,23762,94.00,856.00,72.00,0.459,4.184,0.352,banana,fresh
24027363,23763,94.00,856.00,71.95,0.459,4.184,0.352,banana,fresh
24028374,23764,93.90,856.00,72.00,0.459,4.184,0.352,banana,fresh
24029385,23765,94.00,856.00,72.00,0.459,4.184,0.352,banana,fresh
24030396,23766,93.95,856.00,71.95,0.459,4.184,0.352,banana,fresh
24031408,23767,94.00,856.05,71.95,0.459,4.184,0.352,banana,fresh
24032418,23768,94.00,856.05,71.95,0.459,4.184,0.352,banana,fresh
24033429,23769,93.95,856.00,72.00,0.459,4.184,0.352,banana,fresh
24034441,23770,94.00,856.00,72.00,0.459,4.184,0.352,banana,fresh
24035451,23771,94.00,856.00,71.95,0.459,4.184,0.352,banana,fresh
24036463,23772,94.00,856.00,72.00,0.459,4.184,0.352,banana,fresh
24037474,23773,93.95,856.05,71.95,0.459,4.184,0.352,banana,fresh
24038486,23774,94.00,856.00,72.00,0.459,4.184,0.352,banana,fresh
24039496,23775,93.90,856.00,72.00,0.459,4.184,0.352,banana,fresh
24040507,23776,94.05,856.00,72.00,0.460,4.184,0.352,banana,fresh
24041519,23777,94.00,856.00,72.00,0.459,4.184,0.352,banana,fresh
24042529,23778,94.00,856.00,71.95,0.459,4.184,0.352,banana,fresh
24043541,23779,94.00,856.00,72.00,0.459,4.184,0.352,banana,fresh
24044552,23780,93.95,856.00,72.00,0.459,4.184,0.352,banana,fresh
24045562,23781,93.95,856.00,71.95,0.459,4.184,0.352,banana,fresh
24046574,23782,93.95,856.00,72.00,0.459,4.184,0.352,banana,fresh
24047585,23783,93.95,856.00,72.00,0.459,4.184,0.352,banana,fresh
24048596,23784,93.95,856.05,72.00,0.459,4.184,0.352,banana,fresh
24049607,23785,94.00,856.00,72.00,0.459,4.184,0.352,banana,fresh
24050618,23786,93.90,856.00,72.00,0.459,4.184,0.352,banana,fresh
24051630,23787,94.00,856.00,72.00,0.459,4.184,0.352,banana,fresh
24052640,23788,93.95,856.05,72.05,0.459,4.184,0.352,banana,fresh
24053652,23789,93.95,856.00,72.00,0.459,4.184,0.352,banana,fresh
24054663,23790,94.00,856.00,71.95,0.459,4.184,0.352,banana,fresh
24055674,23791,94.05,856.00,72.00,0.460,4.184,0.352,banana,fresh
24056685,23792,93.95,856.00,72.00,0.459,4.184,0.352,banana,fresh
24057696,23793,94.00,856.00,72.00,0.459,4.184,0.352,banana,fresh
24058707,23794,94.00,856.05,72.00,0.459,4.184,0.352,banana,fresh
24059718,23795,93.90,856.00,72.00,0.459,4.184,0.352,banana,fresh
24060730,23796,93.80,856.00,71.95,0.458,4.184,0.352,banana,fresh
24061741,23797,94.00,856.00,71.95,0.459,4.184,0.352,banana,fresh
24062752,23798,93.95,856.00,72.00,0.459,4.184,0.352,banana,fresh
24063763,23799,93.95,856.00,71.95,0.459,4.184,0.352,banana,fresh
24064774,23800,93.95,856.10,72.00,0.459,4.184,0.352,banana,fresh
24065785,23801,93.95,856.00,71.95,0.459,4.184,0.352,banana,fresh
24066796,23802,93.95,856.00,72.00,0.459,4.184,0.352,banana,fresh
24067808,23803,94.05,856.05,72.00,0.460,4.184,0.352,banana,fresh
24068818,23804,94.00,856.00,72.00,0.459,4.184,0.352,banana,fresh
24069829,23805,93.95,856.00,72.00,0.459,4.184,0.352,banana,fresh
24070841,23806,94.00,856.00,72.00,0.459,4.184,0.352,banana,fresh
24071852,23807,93.95,856.05,72.00,0.459,4.184,0.352,banana,fresh
24072863,23808,94.00,856.05,72.00,0.459,4.184,0.352,banana,fresh
24073874,23809,94.05,856.00,72.00,0.460,4.184,0.352,banana,fresh
24074886,23810,94.00,856.05,72.00,0.459,4.184,0.352,banana,fresh
24075896,23811,93.95,856.05,72.00,0.459,4.184,0.352,banana,fresh
24076907,23812,94.00,856.05,72.00,0.459,4.184,0.352,banana,fresh
24077919,23813,94.00,856.00,72.00,0.459,4.184,0.352,banana,fresh
24078929,23814,93.95,856.05,72.00,0.459,4.184,0.352,banana,fresh
24079941,23815,93.90,856.00,72.00,0.459,4.184,0.352,banana,fresh
24080952,23816,94.00,856.10,72.00,0.459,4.184,0.352,banana,fresh
24081964,23817,94.00,856.00,72.00,0.459,4.184,0.352,banana,fresh
24082974,23818,94.00,856.00,72.00,0.459,4.184,0.352,banana,fresh
24083985,23819,94.00,856.00,71.95,0.459,4.184,0.352,banana,fresh
24084997,23820,93.95,856.00,72.00,0.459,4.184,0.352,banana,fresh
24086007,23821,94.00,856.00,72.00,0.459,4.184,0.352,banana,fresh
24087019,23822,93.95,856.05,72.00,0.459,4.184,0.352,banana,fresh
24088030,23823,93.95,856.00,71.95,0.459,4.184,0.352,banana,fresh
24089040,23824,93.95,856.05,72.00,0.459,4.184,0.352,banana,fresh
24090052,23825,94.05,856.10,72.00,0.460,4.184,0.352,banana,fresh
24091063,23826,94.00,856.00,72.00,0.459,4.184,0.352,banana,fresh
24092075,23827,93.95,856.05,72.00,0.459,4.184,0.352,banana,fresh
24093085,23828,94.00,856.05,71.90,0.459,4.184,0.351,banana,fresh
24094097,23829,93.95,856.05,72.00,0.459,4.184,0.352,banana,fresh
24095108,23830,94.00,856.00,72.00,0.459,4.184,0.352,banana,fresh
24096118,23831,93.90,856.10,72.00,0.459,4.184,0.352,banana,fresh
24097130,23832,94.00,856.20,72.00,0.459,4.185,0.352,banana,fresh
24098141,23833,94.00,856.05,72.00,0.459,4.184,0.352,banana,fresh
24099152,23834,94.00,856.10,72.00,0.459,4.184,0.352,banana,fresh
24100163,23835,93.80,856.15,71.95,0.458,4.185,0.352,banana,fresh
24101175,23836,94.00,856.00,72.00,0.459,4.184,0.352,banana,fresh
24102185,23837,93.95,856.00,71.90,0.459,4.184,0.351,banana,fresh
24103196,23838,94.05,856.05,72.00,0.460,4.184,0.352,banana,fresh
24104208,23839,94.00,856.10,72.00,0.459,4.184,0.352,banana,fresh
24105219,23840,93.95,856.15,72.00,0.459,4.185,0.352,banana,fresh
24106230,23841,94.00,856.00,71.95,0.459,4.184,0.352,banana,fresh
24107241,23842,94.00,856.05,72.00,0.459,4.184,0.352,banana,fresh
24108252,23843,94.00,856.00,72.00,0.459,4.184,0.352,banana,fresh
24109263,23844,93.90,856.05,72.00,0.459,4.184,0.352,banana,fresh
24110274,23845,93.95,856.05,72.00,0.459,4.184,0.352,banana,fresh
24111286,23846,94.00,856.05,71.95,0.459,4.184,0.352,banana,fresh
24112296,23847,93.95,856.05,72.00,0.459,4.184,0.352,banana,fresh
24113308,23848,94.00,856.05,71.95,0.459,4.184,0.352,banana,fresh
24114319,23849,94.00,856.00,72.00,0.459,4.184,0.352,banana,fresh
24115330,23850,93.95,856.05,71.95,0.459,4.184,0.352,banana,fresh
24116341,23851,93.95,856.00,72.00,0.459,4.184,0.352,banana,fresh
24117352,23852,94.05,856.00,72.00,0.460,4.184,0.352,banana,fresh
24118364,23853,93.95,856.05,72.00,0.459,4.184,0.352,banana,fresh
24119374,23854,94.00,856.05,72.00,0.459,4.184,0.352,banana,fresh
24120386,23855,93.95,856.00,72.00,0.459,4.184,0.352,banana,fresh
24121397,23856,93.95,856.00,72.00,0.459,4.184,0.352,banana,fresh
24122407,23857,93.95,856.15,72.00,0.459,4.185,0.352,banana,fresh
24123419,23858,94.00,856.05,72.00,0.459,4.184,0.352,banana,fresh
24124430,23859,93.90,856.05,72.00,0.459,4.184,0.352,banana,fresh
24125442,23860,93.95,856.10,71.95,0.459,4.184,0.352,banana,fresh
24126452,23861,93.90,856.15,72.00,0.459,4.185,0.352,banana,fresh
24127464,23862,94.00,856.05,71.95,0.459,4.184,0.352,banana,fresh
24128475,23863,94.00,856.05,71.95,0.459,4.184,0.352,banana,fresh
24129485,23864,93.95,856.05,72.00,0.459,4.184,0.352,banana,fresh
24130497,23865,93.95,856.10,72.00,0.459,4.184,0.352,banana,fresh
24131508,23866,94.00,856.05,72.00,0.459,4.184,0.352,banana,fresh
24132519,23867,94.00,856.00,72.00,0.459,4.184,0.352,banana,fresh
24133530,23868,94.00,856.05,71.95,0.459,4.184,0.352,banana,fresh
24134542,23869,94.00,856.10,72.00,0.459,4.184,0.352,banana,fresh
24135553,23870,94.00,856.00,71.95,0.459,4.184,0.352,banana,fresh
24136563,23871,94.00,856.05,72.00,0.459,4.184,0.352,banana,fresh
24137575,23872,93.85,856.10,72.00,0.459,4.184,0.352,banana,fresh
24138586,23873,93.95,856.00,72.00,0.459,4.184,0.352,banana,fresh
24139597,23874,94.00,856.00,72.00,0.459,4.184,0.352,banana,fresh
24140608,23875,93.95,856.15,72.00,0.459,4.185,0.352,banana,fresh
24141620,23876,93.85,856.00,72.00,0.459,4.184,0.352,banana,fresh
24142630,23877,94.00,856.15,71.90,0.459,4.185,0.351,banana,fresh
24143641,23878,94.00,856.10,72.00,0.459,4.184,0.352,banana,fresh
24144653,23879,94.00,856.00,72.00,0.459,4.184,0.352,banana,fresh
24145664,23880,93.90,856.05,72.00,0.459,4.184,0.352,banana,fresh
24146675,23881,93.90,856.10,72.00,0.459,4.184,0.352,banana,fresh
24147686,23882,93.90,856.05,72.00,0.459,4.184,0.352,banana,fresh
24148698,23883,93.95,856.00,72.00,0.459,4.184,0.352,banana,fresh
24149708,23884,94.00,856.10,72.00,0.459,4.184,0.352,banana,fresh
24150719,23885,94.00,856.10,72.00,0.459,4.184,0.352,banana,fresh
24151731,23886,94.00,856.10,72.00,0.459,4.184,0.352,banana,fresh
24152741,23887,93.90,856.10,71.95,0.459,4.184,0.352,banana,fresh
24153753,23888,94.00,856.05,71.95,0.459,4.184,0.352,banana,fresh
24154764,23889,93.90,856.05,71.95,0.459,4.184,0.352,banana,fresh
24155776,23890,94.00,856.10,72.00,0.459,4.184,0.352,banana,fresh
24156786,23891,93.85,856.00,71.95,0.459,4.184,0.352,banana,fresh
24157797,23892,94.05,856.15,72.00,0.460,4.185,0.352,banana,fresh
24158809,23893,93.95,856.15,72.00,0.459,4.185,0.352,banana,fresh
24159819,23894,93.95,856.05,71.95,0.459,4.184,0.352,banana,fresh
24160831,23895,93.85,856.10,72.00,0.459,4.184,0.352,banana,fresh
24161842,23896,93.95,856.20,72.00,0.459,4.185,0.352,banana,fresh
24162853,23897,93.90,856.20,71.95,0.459,4.185,0.352,banana,fresh
24163864,23898,94.00,856.10,72.00,0.459,4.184,0.352,banana,fresh
24164875,23899,93.90,856.00,71.90,0.459,4.184,0.351,banana,fresh
24165886,23900,94.00,856.15,72.00,0.459,4.185,0.352,banana,fresh
24166897,23901,93.95,856.00,72.00,0.459,4.184,0.352,banana,fresh
24167909,23902,94.00,856.25,72.00,0.459,4.185,0.352,banana,fresh
24168920,23903,93.95,856.25,72.00,0.459,4.185,0.352,banana,fresh
24169931,23904,93.85,856.05,71.95,0.459,4.184,0.352,banana,fresh
24170942,23905,93.90,856.10,72.00,0.459,4.184,0.352,banana,fresh
24171953,23906,93.90,856.20,71.95,0.459,4.185,0.352,banana,fresh
24172964,23907,94.00,856.15,72.00,0.459,4.185,0.352,banana,fresh
24173975,23908,94.00,856.05,72.00,0.459,4.184,0.352,banana,fresh
24174987,23909,94.00,856.05,71.95,0.459,4.184,0.352,banana,fresh
24175997,23910,93.95,856.15,71.95,0.459,4.185,0.352,banana,fresh
24177009,23911,93.95,856.25,72.00,0.459,4.185,0.352,banana,fresh
24178020,23912,94.00,856.15,72.00,0.459,4.185,0.352,banana,fresh
24179031,23913,93.95,856.05,72.00,0.459,4.184,0.352,banana,fresh
24180042,23914,93.85,856.20,72.00,0.459,4.185,0.352,banana,fresh
24181053,23915,93.90,856.15,72.00,0.459,4.185,0.352,banana,fresh
24182065,23916,94.00,856.15,72.00,0.459,4.185,0.352,banana,fresh
24183075,23917,93.95,856.00,72.00,0.459,4.184,0.352,banana,fresh
24184087,23918,93.90,856.15,72.00,0.459,4.185,0.352,banana,fresh
24185098,23919,93.95,856.10,71.85,0.459,4.184,0.351,banana,fresh
24186108,23920,93.95,856.20,72.00,0.459,4.185,0.352,banana,fresh
24187120,23921,93.95,856.10,71.90,0.459,4.184,0.351,banana,fresh
24188131,23922,93.90,856.10,72.00,0.459,4.184,0.352,banana,fresh
24189143,23923,94.00,856.10,72.00,0.459,4.184,0.352,banana,fresh
24190153,23924,94.00,856.15,71.95,0.459,4.185,0.352,banana,fresh
24191165,23925,93.95,856.00,71.90,0.459,4.184,0.351,banana,fresh
24192176,23926,93.95,856.15,71.95,0.459,4.185,0.352,banana,fresh
24193186,23927,93.95,856.10,72.00,0.459,4.184,0.352,banana,fresh
24194198,23928,94.05,856.10,71.95,0.460,4.184,0.352,banana,fresh
24195209,23929,94.00,856.15,71.90,0.459,4.185,0.351,banana,fresh
24196220,23930,94.00,856.10,71.95,0.459,4.184,0.352,banana,fresh
24197231,23931,93.95,856.10,72.00,0.459,4.184,0.352,banana,fresh
24198243,23932,93.90,856.10,72.00,0.459,4.184,0.352,banana,fresh
24199254,23933,93.95,856.10,71.95,0.459,4.184,0.352,banana,fresh
24200264,23934,93.95,856.10,72.00,0.459,4.184,0.352,banana,fresh
24201276,23935,93.85,856.05,72.00,0.459,4.184,0.352,banana,fresh
24202287,23936,93.95,856.10,71.95,0.459,4.184,0.352,banana,fresh
24203298,23937,93.95,856.10,71.95,0.459,4.184,0.352,banana,fresh
24204309,23938,93.85,856.15,71.95,0.459,4.185,0.352,banana,fresh
24205321,23939,94.00,856.10,71.95,0.459,4.184,0.352,banana,fresh
24206331,23940,93.95,856.10,72.00,0.459,4.184,0.352,banana,fresh
24207342,23941,93.95,856.30,71.95,0.459,4.185,0.352,banana,fresh
24208354,23942,93.95,856.10,71.95,0.459,4.184,0.352,banana,fresh
24209364,23943,93.95,856.15,72.00,0.459,4.185,0.352,banana,fresh
24210376,23944,93.95,856.15,71.95,0.459,4.185,0.352,banana,fresh
24211387,23945,94.00,856.15,71.95,0.459,4.185,0.352,banana,fresh
24212399,23946,93.95,856.15,71.95,0.459,4.185,0.352,banana,fresh
24213409,23947,93.95,856.05,72.00,0.459,4.184,0.352,banana,fresh
24214421,23948,93.95,856.10,72.00,0.459,4.184,0.352,banana,fresh
24215432,23949,94.00,856.00,72.00,0.459,4.184,0.352,banana,fresh
24216442,23950,93.95,856.05,72.00,0.459,4.184,0.352,banana,fresh
24217454,23951,94.00,856.00,71.95,0.459,4.184,0.352,banana,fresh
24218465,23952,93.85,856.25,72.00,0.459,4.185,0.352,banana,fresh
24219476,23953,94.00,856.15,72.00,0.459,4.185,0.352,banana,fresh
24220487,23954,93.90,856.05,72.00,0.459,4.184,0.352,banana,fresh
24221499,23955,93.85,856.10,71.85,0.459,4.184,0.351,banana,fresh
24222510,23956,93.90,856.30,71.95,0.459,4.185,0.352,banana,fresh
24223520,23957,93.95,856.10,72.00,0.459,4.184,0.352,banana,fresh
24224532,23958,93.90,856.05,72.00,0.459,4.184,0.352,banana,fresh
24225543,23959,93.95,856.15,71.95,0.459,4.185,0.352,banana,fresh
24226554,23960,93.90,856.05,72.00,0.459,4.184,0.352,banana,fresh
24227565,23961,93.95,856.25,72.00,0.459,4.185,0.352,banana,fresh
24228577,23962,93.90,856.05,72.00,0.459,4.184,0.352,banana,fresh
24229587,23963,94.05,856.15,72.00,0.460,4.185,0.352,banana,fresh
24230598,23964,93.95,856.15,72.00,0.459,4.185,0.352,banana,fresh
24231610,23965,93.90,856.25,72.00,0.459,4.185,0.352,banana,fresh
24232621,23966,93.80,856.10,71.95,0.458,4.184,0.352,banana,fresh
24233632,23967,93.95,856.15,71.95,0.459,4.185,0.352,banana,fresh
24234643,23968,93.95,856.15,72.00,0.459,4.185,0.352,banana,fresh
24235655,23969,93.95,856.20,71.95,0.459,4.185,0.352,banana,fresh
24236665,23970,93.95,856.20,72.00,0.459,4.185,0.352,banana,fresh
24237676,23971,93.95,856.20,71.95,0.459,4.185,0.352,banana,fresh
24238688,23972,93.95,856.05,72.00,0.459,4.184,0.352,banana,fresh
24239698,23973,94.00,856.20,71.95,0.459,4.185,0.352,banana,fresh
24240710,23974,93.95,856.15,72.00,0.459,4.185,0.352,banana,fresh
24241721,23975,93.95,856.10,72.00,0.459,4.184,0.352,banana,fresh
24242733,23976,93.90,856.05,71.90,0.459,4.184,0.351,banana,fresh
24243743,23977,93.90,856.00,72.00,0.459,4.184,0.352,banana,fresh
24244755,23978,93.95,856.25,72.00,0.459,4.185,0.352,banana,fresh
24245766,23979,93.90,856.15,72.00,0.459,4.185,0.352,banana,fresh
24246776,23980,93.90,856.35,72.00,0.459,4.185,0.352,banana,fresh
24247788,23981,93.95,856.25,72.00,0.459,4.185,0.352,banana,fresh
24248799,23982,94.00,856.15,71.95,0.459,4.185,0.352,banana,fresh
24249810,23983,93.95,856.15,71.95,0.459,4.185,0.352,banana,fresh
24250821,23984,93.95,856.05,71.90,0.459,4.184,0.351,banana,fresh
24251833,23985,93.80,856.25,71.90,0.458,4.185,0.351,banana,fresh
24252844,23986,93.95,856.15,72.00,0.459,4.185,0.352,banana,fresh
24253854,23987,93.95,856.20,72.00,0.459,4.185,0.352,banana,fresh
24254866,23988,93.95,856.10,71.95,0.459,4.184,0.352,banana,fresh
24255877,23989,94.00,856.10,72.00,0.459,4.184,0.352,banana,fresh
24256888,23990,93.90,856.10,71.95,0.459,4.184,0.352,banana,fresh
24257899,23991,93.85,856.20,71.95,0.459,4.185,0.352,banana,fresh
24258911,23992,93.90,856.20,72.00,0.459,4.185,0.352,banana,fresh
24259921,23993,93.80,856.10,71.95,0.458,4.184,0.352,banana,fresh
24260932,23994,93.95,856.25,72.00,0.459,4.185,0.352,banana,fresh
24261944,23995,94.00,856.15,72.00,0.459,4.185,0.352,banana,fresh
24262955,23996,93.95,856.05,72.00,0.459,4.184,0.352,banana,fresh
24263966,23997,93.95,856.10,72.00,0.459,4.184,0.352,banana,fresh
24264977,23998,94.05,856.05,71.90,0.460,4.184,0.351,banana,fresh
24265989,23999,94.00,856.10,72.00,0.459,4.184,0.352,banana,fresh
24266999,24000,93.95,856.25,72.00,0.459,4.185,0.352,banana,fresh
24268011,24001,93.95,856.15,71.95,0.459,4.185,0.352,banana,fresh
24269022,24002,93.95,856.15,72.00,0.459,4.185,0.352,banana,fresh
24270032,24003,93.90,856.10,71.95,0.459,4.184,0.352,banana,fresh
24271044,24004,93.95,856.15,72.00,0.459,4.185,0.352,banana,fresh
24272055,24005,93.85,856.25,71.95,0.459,4.185,0.352,banana,fresh
24273067,24006,93.95,856.25,71.95,0.459,4.185,0.352,banana,fresh
24274077,24007,93.95,856.15,72.00,0.459,4.185,0.352,banana,fresh
24275089,24008,93.80,856.20,71.95,0.458,4.185,0.352,banana,fresh
24276100,24009,93.95,856.25,71.95,0.459,4.185,0.352,banana,fresh
24277110,24010,93.95,856.05,72.00,0.459,4.184,0.352,banana,fresh
24278122,24011,93.85,856.20,71.85,0.459,4.185,0.351,banana,fresh
24279133,24012,93.95,856.10,72.00,0.459,4.184,0.352,banana,fresh
24280144,24013,94.00,856.30,71.90,0.459,4.185,0.351,banana,fresh
24281155,24014,94.00,856.30,72.00,0.459,4.185,0.352,banana,fresh
24282167,24015,93.90,856.20,72.00,0.459,4.185,0.352,banana,fresh
24283177,24016,93.90,856.15,72.00,0.459,4.185,0.352,banana,fresh
24284188,24017,93.90,856.15,72.00,0.459,4.185,0.352,banana,fresh
24285200,24018,93.95,856.05,72.00,0.459,4.184,0.352,banana,fresh
24286211,24019,93.95,856.20,72.00,0.459,4.185,0.352,banana,fresh
24287222,24020,93.80,856.10,72.00,0.458,4.184,0.352,banana,fresh
24288233,24021,93.90,856.05,71.95,0.459,4.184,0.352,banana,fresh
24289245,24022,93.95,856.05,72.00,0.459,4.184,0.352,banana,fresh
24290255,24023,93.75,856.10,72.00,0.458,4.184,0.352,banana,fresh
24291266,24024,93.90,856.10,71.95,0.459,4.184,0.352,banana,fresh
24292278,24025,93.85,856.10,71.95,0.459,4.184,0.352,banana,fresh
24293288,24026,93.90,856.15,71.95,0.459,4.185,0.352,banana,fresh
24294300,24027,93.85,856.30,72.00,0.459,4.185,0.352,banana,fresh
24295311,24028,93.90,856.20,71.95,0.459,4.185,0.352,banana,fresh
24296323,24029,93.85,856.30,71.95,0.459,4.185,0.352,banana,fresh
24297333,24030,93.90,856.20,72.00,0.459,4.185,0.352,banana,fresh
24298345,24031,93.95,856.10,72.00,0.459,4.184,0.352,banana,fresh
24299356,24032,93.95,856.10,71.95,0.459,4.184,0.352,banana,fresh
24300366,24033,93.95,856.15,71.95,0.459,4.185,0.352,banana,fresh
24301378,24034,94.00,856.10,71.95,0.459,4.184,0.352,banana,fresh
24302389,24035,93.80,856.25,72.00,0.458,4.185,0.352,banana,fresh
24303400,24036,93.95,856.20,71.95,0.459,4.185,0.352,banana,fresh
24304411,24037,93.85,856.15,71.95,0.459,4.185,0.352,banana,fresh
24305423,24038,93.90,856.10,72.00,0.459,4.184,0.352,banana,fresh
24306434,24039,93.95,856.20,71.90,0.459,4.185,0.351,banana,fresh
24307444,24040,93.95,856.20,71.95,0.459,4.185,0.352,banana,fresh
24308456,24041,94.00,856.30,71.95,0.459,4.185,0.352,banana,fresh
24309467,24042,93.95,856.15,72.00,0.459,4.185,0.352,banana,fresh
24310478,24043,93.95,856.25,72.00,0.459,4.185,0.352,banana,fresh
24311489,24044,93.95,856.20,71.95,0.459,4.185,0.352,banana,fresh
24312501,24045,93.90,856.00,71.95,0.459,4.184,0.352,banana,fresh
24313511,24046,94.00,856.20,71.95,0.459,4.185,0.352,banana,fresh
24314522,24047,93.85,856.20,72.00,0.459,4.185,0.352,banana,fresh
24315534,24048,93.85,856.15,72.00,0.459,4.185,0.352,banana,fresh
24316545,24049,93.85,856.15,71.90,0.459,4.185,0.351,banana,fresh
24317556,24050,94.00,856.10,72.00,0.459,4.184,0.352,banana,fresh
24318567,24051,93.90,856.20,71.95,0.459,4.185,0.352,banana,fresh
24319579,24052,93.90,856.05,71.95,0.459,4.184,0.352,banana,fresh
24320589,24053,93.95,856.15,72.00,0.459,4.185,0.352,banana,fresh
24321600,24054,93.85,856.10,71.90,0.459,4.184,0.351,banana,fresh
24322612,24055,93.95,856.15,71.95,0.459,4.185,0.352,banana,fresh
24323622,24056,94.00,856.10,71.95,0.459,4.184,0.352,banana,fresh
24324634,24057,94.00,856.45,71.95,0.459,4.186,0.352,banana,fresh
24325645,24058,93.95,856.20,71.90,0.459,4.185,0.351,banana,fresh
24326657,24059,94.00,856.25,71.95,0.459,4.185,0.352,banana,fresh
24327667,24060,93.90,856.25,72.00,0.459,4.185,0.352,banana,fresh
24328678,24061,94.00,856.15,72.00,0.459,4.185,0.352,banana,fresh
24329690,24062,93.90,856.30,71.95,0.459,4.185,0.352,banana,fresh
24330700,24063,94.00,856.30,72.00,0.459,4.185,0.352,banana,fresh
24331712,24064,94.00,856.15,72.00,0.459,4.185,0.352,banana,fresh
24332723,24065,93.85,856.10,71.90,0.459,4.184,0.351,banana,fresh
24333734,24066,94.00,856.15,71.95,0.459,4.185,0.352,banana,fresh
24334745,24067,93.95,856.10,72.00,0.459,4.184,0.352,banana,fresh
24335757,24068,93.85,856.25,72.00,0.459,4.185,0.352,banana,fresh
24336768,24069,94.00,856.25,71.95,0.459,4.185,0.352,banana,fresh
24337778,24070,93.80,856.30,72.00,0.458,4.185,0.352,banana,fresh
24338790,24071,93.90,856.15,72.00,0.459,4.185,0.352,banana,fresh
24339801,24072,93.85,856.15,72.00,0.459,4.185,0.352,banana,fresh
24340812,24073,93.95,856.40,71.95,0.459,4.186,0.352,banana,fresh
24341823,24074,93.90,856.30,72.00,0.459,4.185,0.352,banana,fresh
24342835,24075,93.95,856.20,72.00,0.459,4.185,0.352,banana,fresh
24343845,24076,93.90,856.30,71.90,0.459,4.185,0.351,banana,fresh
24344856,24077,94.00,856.30,71.95,0.459,4.185,0.352,banana,fresh
24345868,24078,93.75,856.25,72.00,0.458,4.185,0.352,banana,fresh
24346878,24079,93.85,856.10,71.90,0.459,4.184,0.351,banana,fresh
24347890,24080,93.95,856.25,71.90,0.459,4.185,0.351,banana,fresh
24348901,24081,93.95,856.25,71.95,0.459,4.185,0.352,banana,fresh
24349913,24082,93.90,856.20,71.95,0.459,4.185,0.352,banana,fresh
24350923,24083,93.90,856.15,71.90,0.459,4.185,0.351,banana,fresh
24351934,24084,94.00,856.25,72.00,0.459,4.185,0.352,banana,fresh
24352946,24085,93.95,856.30,71.90,0.459,4.185,0.351,banana,fresh
24353956,24086,93.85,856.15,71.95,0.459,4.185,0.352,banana,fresh
24354968,24087,94.00,856.20,72.00,0.459,4.185,0.352,banana,fresh
24355979,24088,94.00,856.15,71.90,0.459,4.185,0.351,banana,fresh
24356990,24089,93.90,856.15,72.00,0.459,4.185,0.352,banana,fresh
24358001,24090,93.95,856.15,72.00,0.459,4.185,0.352,banana,fresh
24359013,24091,94.00,856.35,72.00,0.459,4.185,0.352,banana,fresh
24360024,24092,93.95,856.10,72.00,0.459,4.184,0.352,banana,fresh
24361034,24093,93.90,856.20,71.90,0.459,4.185,0.351,banana,fresh
24362046,24094,94.00,856.35,72.00,0.459,4.185,0.352,banana,fresh
24363057,24095,93.95,856.20,72.00,0.459,4.185,0.352,banana,fresh
24364068,24096,93.95,856.15,71.90,0.459,4.185,0.351,banana,fresh
24365079,24097,93.95,856.10,71.90,0.459,4.184,0.351,banana,fresh
24366091,24098,94.00,856.45,71.95,0.459,4.186,0.352,banana,fresh
24367101,24099,94.00,856.25,71.95,0.459,4.185,0.352,banana,fresh
24368112,24100,93.95,856.35,72.00,0.459,4.185,0.352,banana,fresh
24369124,24101,93.95,856.30,71.95,0.459,4.185,0.352,banana,fresh
24370135,24102,93.85,856.30,71.95,0.459,4.185,0.352,banana,fresh
24371146,24103,93.90,856.15,71.90,0.459,4.185,0.351,banana,fresh
24372157,24104,93.95,856.20,71.90,0.459,4.185,0.351,banana,fresh
24373169,24105,93.85,856.30,71.85,0.459,4.185,0.351,banana,fresh
24374179,24106,93.95,856.30,71.95,0.459,4.185,0.352,banana,fresh
24375191,24107,93.90,856.20,71.95,0.459,4.185,0.352,banana,fresh
24376202,24108,94.00,856.40,71.90,0.459,4.186,0.351,banana,fresh
24377212,24109,94.00,856.25,72.00,0.459,4.185,0.352,banana,fresh
24378224,24110,93.95,856.35,72.00,0.459,4.185,0.352,banana,fresh
24379235,24111,93.95,856.15,71.95,0.459,4.185,0.352,banana,fresh
24380247,24112,93.90,856.25,71.95,0.459,4.185,0.352,banana,fresh
24381257,24113,93.95,856.40,71.95,0.459,4.186,0.352,banana,fresh
24382269,24114,93.90,856.30,71.95,0.459,4.185,0.352,banana,fresh
24383280,24115,93.85,856.20,71.95,0.459,4.185,0.352,banana,fresh
24384290,24116,94.00,856.15,72.00,0.459,4.185,0.352,banana,fresh
24385302,24117,93.90,856.25,71.95,0.459,4.185,0.352,banana,fresh
24386313,24118,94.00,856.10,71.80,0.459,4.184,0.351,banana,fresh
24387324,24119,94.00,856.35,71.95,0.459,4.185,0.352,banana,fresh
24388335,24120,93.90,856.25,71.85,0.459,4.185,0.351,banana,fresh
24389347,24121,94.05,856.25,72.00,0.460,4.185,0.352,banana,fresh
24390358,24122,93.95,856.30,71.90,0.459,4.185,0.351,banana,fresh
24391368,24123,93.90,856.20,72.00,0.459,4.185,0.352,banana,fresh
24392380,24124,93.90,856.10,71.95,0.459,4.184,0.352,banana,fresh
24393391,24125,93.90,856.25,71.95,0.459,4.185,0.352,banana,fresh
24394402,24126,94.00,856.05,72.00,0.459,4.184,0.352,banana,fresh
24395413,24127,93.95,856.25,71.85,0.459,4.185,0.351,banana,fresh
24396425,24128,93.95,856.30,71.95,0.459,4.185,0.352,banana,fresh
24397435,24129,93.95,856.10,71.95,0.459,4.184,0.352,banana,fresh
24398447,24130,93.90,856.05,72.00,0.459,4.184,0.352,banana,fresh
24399458,24131,93.95,856.30,72.00,0.459,4.185,0.352,banana,fresh
24400468,24132,93.85,856.25,71.95,0.459,4.185,0.352,banana,fresh
24401480,24133,94.00,856.25,72.00,0.459,4.185,0.352,banana,fresh
24402491,24134,93.95,856.15,72.00,0.459,4.185,0.352,banana,fresh
24403503,24135,93.95,856.25,72.00,0.459,4.185,0.352,banana,fresh
24404513,24136,93.95,856.15,72.00,0.459,4.185,0.352,banana,fresh
24405525,24137,93.85,856.10,71.95,0.459,4.184,0.352,banana,fresh
24406536,24138,93.95,856.15,71.95,0.459,4.185,0.352,banana,fresh
24407546,24139,94.00,856.30,72.00,0.459,4.185,0.352,banana,fresh
24408558,24140,93.90,856.10,72.00,0.459,4.184,0.352,banana,fresh
24409569,24141,93.95,856.20,71.90,0.459,4.185,0.351,banana,fresh
24410580,24142,93.95,856.30,71.90,0.459,4.185,0.351,banana,fresh
24411591,24143,93.95,856.20,72.00,0.459,4.185,0.352,banana,fresh
24412603,24144,93.85,856.20,71.90,0.459,4.185,0.351,banana,fresh
24413614,24145,93.80,856.25,71.85,0.458,4.185,0.351,banana,fresh
24414625,24146,93.95,856.20,71.90,0.459,4.185,0.351,banana,fresh
24415636,24147,93.95,856.20,72.00,0.459,4.185,0.352,banana,fresh
24416647,24148,93.95,856.35,71.95,0.459,4.185,0.352,banana,fresh
24417658,24149,93.90,856.15,71.95,0.459,4.185,0.352,banana,fresh
24418669,24150,93.90,856.20,72.00,0.459,4.185,0.352,banana,fresh
24419681,24151,94.00,856.30,71.90,0.459,4.185,0.351,banana,fresh
24420691,24152,93.85,856.15,72.00,0.459,4.185,0.352,banana,fresh
24421703,24153,94.00,856.20,71.95,0.459,4.185,0.352,banana,fresh
24422714,24154,93.95,856.10,71.85,0.459,4.184,0.351,banana,fresh
24423725,24155,94.00,856.25,71.90,0.459,4.185,0.351,banana,fresh
24424736,24156,94.00,856.30,71.95,0.459,4.185,0.352,banana,fresh
24425747,24157,94.00,856.20,72.00,0.459,4.185,0.352,banana,fresh
24426759,24158,93.90,856.15,71.90,0.459,4.185,0.351,banana,fresh
24427769,24159,93.95,856.10,71.90,0.459,4.184,0.351,banana,fresh
24428781,24160,93.95,856.20,71.90,0.459,4.185,0.351,banana,fresh
24429792,24161,93.85,856.20,71.95,0.459,4.185,0.352,banana,fresh
24430802,24162,93.95,856.20,71.90,0.459,4.185,0.351,banana,fresh
24431814,24163,93.90,856.05,71.95,0.459,4.184,0.352,banana,fresh
24432825,24164,94.00,856.30,71.90,0.459,4.185,0.351,banana,fresh
24433837,24165,93.90,856.25,71.95,0.459,4.185,0.352,banana,fresh
24434847,24166,94.00,856.20,71.95,0.459,4.185,0.352,banana,fresh
24435859,24167,93.85,856.15,71.95,0.459,4.185,0.352,banana,fresh
24436870,24168,93.90,856.40,71.95,0.459,4.186,0.352,banana,fresh
24437881,24169,93.95,856.25,71.95,0.459,4.185,0.352,banana,fresh
24438892,24170,93.90,856.40,71.95,0.459,4.186,0.352,banana,fresh
24439903,24171,93.95,856.25,71.90,0.459,4.185,0.351,banana,fresh
24440914,24172,93.95,856.25,71.75,0.459,4.185,0.351,banana,fresh
24441925,24173,93.95,856.15,71.80,0.459,4.185,0.351,banana,fresh
24442937,24174,94.00,856.20,71.95,0.459,4.185,0.352,banana,fresh
24443948,24175,93.90,856.20,72.00,0.459,4.185,0.352,banana,fresh
24444959,24176,93.95,856.20,71.95,0.459,4.185,0.352,banana,fresh
24445970,24177,93.85,856.20,71.90,0.459,4.185,0.351,banana,fresh
24446981,24178,93.90,856.35,71.90,0.459,4.185,0.351,banana,fresh
24447992,24179,94.00,856.20,71.85,0.459,4.185,0.351,banana,fresh
24449003,24180,93.90,856.20,71.80,0.459,4.185,0.351,banana,fresh
24450015,24181,93.90,856.25,72.00,0.459,4.185,0.352,banana,fresh
24451025,24182,94.00,856.20,71.80,0.459,4.185,0.351,banana,fresh
24452037,24183,94.00,856.20,71.95,0.459,4.185,0.352,banana,fresh
24453048,24184,93.90,856.20,71.95,0.459,4.185,0.352,banana,fresh
24454059,24185,93.90,856.25,71.90,0.459,4.185,0.351,banana,fresh
24455070,24186,93.90,856.10,72.00,0.459,4.184,0.352,banana,fresh
24456081,24187,94.00,856.20,72.00,0.459,4.185,0.352,banana,fresh
24457093,24188,93.95,856.15,71.90,0.459,4.185,0.351,banana,fresh
24458103,24189,94.00,856.15,72.00,0.459,4.185,0.352,banana,fresh
24459115,24190,93.85,856.15,71.85,0.459,4.185,0.351,banana,fresh
24460126,24191,94.00,856.10,71.90,0.459,4.184,0.351,banana,fresh
24461136,24192,93.85,856.05,71.90,0.459,4.184,0.351,banana,fresh
24462148,24193,93.85,856.40,71.95,0.459,4.186,0.352,banana,fresh
24463159,24194,93.80,856.15,71.95,0.458,4.185,0.352,banana,fresh
24464171,24195,93.90,856.15,71.90,0.459,4.185,0.351,banana,fresh
24465181,24196,94.00,856.30,71.85,0.459,4.185,0.351,banana,fresh
24466193,24197,93.90,856.15,71.90,0.459,4.185,0.351,banana,fresh
24467204,24198,93.80,856.10,72.00,0.458,4.184,0.352,banana,fresh
24468215,24199,94.00,856.20,71.85,0.459,4.185,0.351,banana,fresh
24469226,24200,93.95,856.35,71.90,0.459,4.185,0.351,banana,fresh
24470237,24201,93.90,856.35,71.90,0.459,4.185,0.351,banana,fresh
24471248,24202,94.00,856.05,71.95,0.459,4.184,0.352,banana,fresh
24472259,24203,93.85,856.25,72.00,0.459,4.185,0.352,banana,fresh
24473271,24204,93.80,856.15,71.95,0.458,4.185,0.352,banana,fresh
24474281,24205,93.90,856.15,71.85,0.459,4.185,0.351,banana,fresh
24475293,24206,94.00,856.30,71.95,0.459,4.185,0.352,banana,fresh
24476304,24207,93.90,856.20,71.95,0.459,4.185,0.352,banana,fresh
24477315,24208,93.90,856.20,72.00,0.459,4.185,0.352,banana,fresh
24478326,24209,93.90,856.25,71.85,0.459,4.185,0.351,banana,fresh
24479337,24210,93.90,856.20,71.95,0.459,4.185,0.352,banana,fresh
24480349,24211,93.90,856.20,71.90,0.459,4.185,0.351,banana,fresh
24481359,24212,93.95,856.20,72.00,0.459,4.185,0.352,banana,fresh
24482371,24213,93.85,856.15,71.90,0.459,4.185,0.351,banana,fresh
24483382,24214,93.90,856.10,71.90,0.459,4.184,0.351,banana,fresh
24484392,24215,94.00,856.15,71.90,0.459,4.185,0.351,banana,fresh
24485404,24216,93.85,856.05,71.90,0.459,4.184,0.351,banana,fresh
24486415,24217,93.95,856.20,71.90,0.459,4.185,0.351,banana,fresh
24487427,24218,93.95,856.25,71.90,0.459,4.185,0.351,banana,fresh
24488437,24219,93.90,856.15,71.95,0.459,4.185,0.352,banana,fresh
24489449,24220,93.85,856.20,71.90,0.459,4.185,0.351,banana,fresh
24490460,24221,93.95,856.00,71.95,0.459,4.184,0.352,banana,fresh
24491470,24222,93.90,856.20,72.00,0.459,4.185,0.352,banana,fresh
24492482,24223,93.90,856.10,72.00,0.459,4.184,0.352,banana,fresh
24493493,24224,93.85,856.10,71.95,0.459,4.184,0.352,banana,fresh
24494504,24225,93.90,856.05,71.90,0.459,4.184,0.351,banana,fresh
24495515,24226,93.90,856.20,71.90,0.459,4.185,0.351,banana,fresh
24496527,24227,93.90,856.35,71.90,0.459,4.185,0.351,banana,fresh
24497538,24228,93.90,856.20,71.90,0.459,4.185,0.351,banana,fresh
24498549,24229,93.90,856.30,71.95,0.459,4.185,0.352,banana,fresh
24499560,24230,93.90,856.25,71.95,0.459,4.185,0.352,banana,fresh
24500571,24231,93.90,856.20,72.00,0.459,4.185,0.352,banana,fresh
24501582,24232,94.00,856.20,71.90,0.459,4.185,0.351,banana,fresh
24502593,24233,93.90,856.30,71.80,0.459,4.185,0.351,banana,fresh
24503605,24234,93.85,856.30,71.90,0.459,4.185,0.351,banana,fresh
24504615,24235,93.95,856.20,71.90,0.459,4.185,0.351,banana,fresh
24505627,24236,93.90,856.10,72.00,0.459,4.184,0.352,banana,fresh
24506638,24237,93.95,856.25,71.95,0.459,4.185,0.352,banana,fresh
24507649,24238,93.95,856.15,71.95,0.459,4.185,0.352,banana,fresh
24508660,24239,93.95,856.15,71.95,0.459,4.185,0.352,banana,fresh
24509671,24240,94.00,856.30,72.00,0.459,4.185,0.352,banana,fresh
24510683,24241,93.95,856.20,71.80,0.459,4.185,0.351,banana,fresh
24511693,24242,93.85,856.10,71.95,0.459,4.184,0.352,banana,fresh
24512705,24243,93.85,856.10,71.95,0.459,4.184,0.352,banana,fresh
24513716,24244,93.95,856.20,71.95,0.459,4.185,0.352,banana,fresh
24514727,24245,94.00,856.20,71.80,0.459,4.185,0.351,banana,fresh
24515738,24246,93.70,856.15,71.90,0.458,4.185,0.351,banana,fresh
24516749,24247,93.80,856.10,71.95,0.458,4.184,0.352,banana,fresh
24517761,24248,93.80,856.10,71.95,0.458,4.184,0.352,banana,fresh
24518771,24249,93.85,856.40,71.85,0.459,4.186,0.351,banana,fresh
24519783,24250,93.85,856.35,71.95,0.459,4.185,0.352,banana,fresh
24520794,24251,93.90,856.15,71.90,0.459,4.185,0.351,banana,fresh
24521805,24252,93.80,856.25,71.90,0.458,4.185,0.351,banana,fresh
24522816,24253,94.00,856.30,71.80,0.459,4.185,0.351,banana,fresh
24523827,24254,93.85,856.45,71.85,0.459,4.186,0.351,banana,fresh
24524838,24255,93.95,856.30,71.80,0.459,4.185,0.351,banana,fresh
24525849,24256,93.95,856.25,71.90,0.459,4.185,0.351,banana,fresh
24526861,24257,93.90,856.25,71.95,0.459,4.185,0.352,banana,fresh
24527872,24258,93.85,856.35,71.90,0.459,4.185,0.351,banana,fresh
24528883,24259,93.90,856.20,71.75,0.459,4.185,0.351,banana,fresh
24529894,24260,93.80,856.20,71.85,0.458,4.185,0.351,banana,fresh
24530906,24261,93.90,856.20,71.85,0.459,4.185,0.351,banana,fresh
24531916,24262,93.85,856.00,71.85,0.459,4.184,0.351,banana,fresh
24532927,24263,93.90,856.10,71.90,0.459,4.184,0.351,banana,fresh
24533939,24264,94.00,856.15,71.80,0.459,4.185,0.351,banana,fresh
24534949,24265,93.85,856.30,71.90,0.459,4.185,0.351,banana,fresh
24535961,24266,93.85,856.35,71.90,0.459,4.185,0.351,banana,fresh
24536972,24267,93.95,856.30,71.95,0.459,4.185,0.352,banana,fresh
24537984,24268,93.85,856.15,71.85,0.459,4.185,0.351,banana,fresh
24538994,24269,93.90,856.10,71.95,0.459,4.184,0.352,banana,fresh
24540006,24270,93.85,856.10,71.95,0.459,4.184,0.352,banana,fresh
24541017,24271,93.85,856.40,71.85,0.459,4.186,0.351,banana,fresh
24542027,24272,93.95,856.20,71.95,0.459,4.185,0.352,banana,fresh
24543039,24273,93.90,856.10,71.95,0.459,4.184,0.352,banana,fresh
24544050,24274,93.85,856.10,71.90,0.459,4.184,0.351,banana,fresh
24545061,24275,93.95,856.25,71.85,0.459,4.185,0.351,banana,fresh
24546072,24276,94.00,856.20,71.90,0.459,4.185,0.351,banana,fresh
24547084,24277,94.00,856.25,71.95,0.459,4.185,0.352,banana,fresh
24548094,24278,93.90,856.20,71.90,0.459,4.185,0.351,banana,fresh
24549105,24279,93.70,856.25,72.00,0.458,4.185,0.352,banana,fresh
24550117,24280,93.85,856.15,71.90,0.459,4.185,0.351,banana,fresh
24551128,24281,93.80,856.35,71.85,0.458,4.185,0.351,banana,fresh
24552139,24282,93.90,856.15,71.95,0.459,4.185,0.352,banana,fresh
24553150,24283,94.00,856.25,71.90,0.459,4.185,0.351,banana,fresh
24554162,24284,93.75,856.20,71.95,0.458,4.185,0.352,banana,fresh
24555172,24285,93.95,856.20,71.95,0.459,4.185,0.352,banana,fresh
24556184,24286,93.85,856.30,71.90,0.459,4.185,0.351,banana,fresh
24557195,24287,94.00,856.20,71.90,0.459,4.185,0.351,banana,fresh
24558205,24288,93.80,856.15,71.95,0.458,4.185,0.352,banana,fresh
24559217,24289,93.95,856.30,71.85,0.459,4.185,0.351,banana,fresh
24560228,24290,93.70,856.35,71.75,0.458,4.185,0.351,banana,fresh
24561240,24291,93.90,856.15,71.85,0.459,4.185,0.351,banana,fresh
24562250,24292,93.85,856.15,71.85,0.459,4.185,0.351,banana,fresh
24563262,24293,93.80,856.20,71.90,0.458,4.185,0.351,banana,fresh
24564273,24294,93.90,856.30,71.75,0.459,4.185,0.351,banana,fresh
24565283,24295,93.80,856.30,72.00,0.458,4.185,0.352,banana,fresh
24566295,24296,93.85,856.15,71.90,0.459,4.185,0.351,banana,fresh
24567306,24297,93.90,856.15,72.00,0.459,4.185,0.352,banana,fresh
24568317,24298,93.95,856.50,71.95,0.459,4.186,0.352,banana,fresh
24569328,24299,93.90,856.15,71.95,0.459,4.185,0.352,banana,fresh
24570340,24300,93.80,856.15,71.85,0.458,4.185,0.351,banana,fresh
24571351,24301,93.75,856.15,72.00,0.458,4.185,0.352,banana,fresh
24572362,24302,93.95,856.30,71.95,0.459,4.185,0.352,banana,fresh
24573373,24303,93.80,856.35,71.80,0.458,4.185,0.351,banana,fresh
24574384,24304,94.00,856.10,71.95,0.459,4.184,0.352,banana,fresh
24575395,24305,93.85,856.20,71.85,0.459,4.185,0.351,banana,fresh
24576406,24306,93.85,856.20,71.75,0.459,4.185,0.351,banana,fresh
24577418,24307,94.00,856.20,71.80,0.459,4.185,0.351,banana,fresh
24578428,24308,93.95,856.25,71.90,0.459,4.185,0.351,banana,fresh
24579440,24309,94.00,856.35,71.95,0.459,4.185,0.352,banana,fresh
24580451,24310,93.90,856.30,71.95,0.459,4.185,0.352,banana,fresh
24581462,24311,93.95,856.10,71.95,0.459,4.184,0.352,banana,fresh
24582473,24312,93.85,856.20,71.95,0.459,4.185,0.352,banana,fresh
24583484,24313,93.90,856.25,71.95,0.459,4.185,0.352,banana,fresh
24584496,24314,93.90,856.25,71.80,0.459,4.185,0.351,banana,fresh
24585506,24315,93.85,856.20,71.95,0.459,4.185,0.352,banana,fresh
24586518,24316,93.80,856.05,71.85,0.458,4.184,0.351,banana,fresh
24587529,24317,93.95,856.20,71.90,0.459,4.185,0.351,banana,fresh
24588539,24318,93.95,856.35,72.00,0.459,4.185,0.352,banana,fresh
24589551,24319,93.85,856.30,72.00,0.459,4.185,0.352,banana,fresh
24590562,24320,93.95,856.35,71.95,0.459,4.185,0.352,banana,fresh
24591574,24321,93.90,856.25,71.90,0.459,4.185,0.351,banana,fresh
24592584,24322,93.95,856.15,71.85,0.459,4.185,0.351,banana,fresh
24593596,24323,93.90,856.10,71.90,0.459,4.184,0.351,banana,fresh
24594607,24324,93.90,856.25,71.90,0.459,4.185,0.351,banana,fresh
24595618,24325,93.95,856.10,72.00,0.459,4.184,0.352,banana,fresh
24596629,24326,93.70,856.25,71.95,0.458,4.185,0.352,banana,fresh
24597640,24327,93.90,856.10,71.90,0.459,4.184,0.351,banana,fresh
24598651,24328,93.95,856.25,72.00,0.459,4.185,0.352,banana,fresh
24599662,24329,93.90,856.15,71.95,0.459,4.185,0.352,banana,fresh
24600674,24330,94.00,856.20,71.95,0.459,4.185,0.352,banana,fresh
24601684,24331,93.80,856.10,71.80,0.458,4.184,0.351,banana,fresh
24602696,24332,93.85,856.05,71.85,0.459,4.184,0.351,banana,fresh
24603707,24333,93.95,856.20,71.90,0.459,4.185,0.351,banana,fresh
24604718,24334,93.75,856.15,71.85,0.458,4.185,0.351,banana,fresh
24605729,24335,93.95,856.20,71.85,0.459,4.185,0.351,banana,fresh
24606740,24336,93.95,856.25,71.95,0.459,4.185,0.352,banana,fresh
24607752,24337,93.90,856.15,71.80,0.459,4.185,0.351,banana,fresh
24608762,24338,93.90,856.10,71.95,0.459,4.184,0.352,banana,fresh
24609774,24339,93.85,856.30,71.90,0.459,4.185,0.351,banana,fresh
24610785,24340,93.85,856.30,71.90,0.459,4.185,0.351,banana,fresh
24611796,24341,93.95,856.15,72.00,0.459,4.185,0.352,banana,fresh
24612807,24342,93.95,856.30,72.00,0.459,4.185,0.352,banana,fresh
24613818,24343,93.80,856.10,72.00,0.458,4.184,0.352,banana,fresh
24614830,24344,94.00,856.05,71.75,0.459,4.184,0.351,banana,fresh
24615840,24345,93.75,856.05,71.95,0.458,4.184,0.352,banana,fresh
24616852,24346,93.95,856.25,71.85,0.459,4.185,0.351,banana,fresh
24617863,24347,93.90,856.25,71.90,0.459,4.185,0.351,banana,fresh
24618874,24348,93.95,856.30,71.85,0.459,4.185,0.351,banana,fresh
24619885,24349,93.95,856.30,71.75,0.459,4.185,0.351,banana,fresh
24620896,24350,93.95,856.25,71.75,0.459,4.185,0.351,banana,fresh
24621907,24351,93.70,856.20,71.95,0.458,4.185,0.352,banana,fresh
24622918,24352,93.85,856.25,71.90,0.459,4.185,0.351,banana,fresh
24623930,24353,93.90,856.15,71.85,0.459,4.185,0.351,banana,fresh
24624941,24354,93.85,856.15,71.90,0.459,4.185,0.351,banana,fresh
24625952,24355,93.90,856.25,71.65,0.459,4.185,0.350,banana,fresh
24626963,24356,94.00,856.25,71.95,0.459,4.185,0.352,banana,fresh
24627974,24357,93.90,856.10,71.90,0.459,4.184,0.351,banana,fresh
24628985,24358,93.75,856.30,71.85,0.458,4.185,0.351,banana,fresh
24629996,24359,93.85,856.10,71.85,0.459,4.184,0.351,banana,fresh
24631008,24360,93.90,856.30,71.90,0.459,4.185,0.351,banana,fresh
24632018,24361,94.00,856.20,71.95,0.459,4.185,0.352,banana,fresh
24633030,24362,93.90,856.05,71.90,0.459,4.184,0.351,banana,fresh
24634041,24363,93.90,856.20,71.85,0.459,4.185,0.351,banana,fresh
24635053,24364,93.95,856.25,72.00,0.459,4.185,0.352,banana,fresh
24636063,24365,93.90,856.20,71.95,0.459,4.185,0.352,banana,fresh
24637074,24366,93.95,856.30,72.00,0.459,4.185,0.352,banana,fresh
24638086,24367,94.00,856.20,71.90,0.459,4.185,0.351,banana,fresh
24639096,24368,93.85,856.15,72.00,0.459,4.185,0.352,banana,fresh
24640108,24369,93.90,856.30,71.85,0.459,4.185,0.351,banana,fresh
24641119,24370,93.95,856.20,71.95,0.459,4.185,0.352,banana,fresh
24642130,24371,93.95,856.15,72.05,0.459,4.185,0.352,banana,fresh
24643141,24372,93.95,856.35,71.95,0.459,4.185,0.352,banana,fresh
24644152,24373,94.00,856.25,71.85,0.459,4.185,0.351,banana,fresh
24645164,24374,93.95,856.10,71.90,0.459,4.184,0.351,banana,fresh
24646174,24375,94.00,856.20,71.90,0.459,4.185,0.351,banana,fresh
24647186,24376,93.95,856.30,72.00,0.459,4.185,0.352,banana,fresh
24648197,24377,93.95,856.20,71.90,0.459,4.185,0.351,banana,fresh
24649208,24378,93.80,856.25,71.90,0.458,4.185,0.351,banana,fresh
24650219,24379,93.95,856.20,71.95,0.459,4.185,0.352,banana,fresh
24651230,24380,93.85,856.40,71.80,0.459,4.186,0.351,banana,fresh
24652241,24381,93.95,856.30,72.00,0.459,4.185,0.352,banana,fresh
24653252,24382,94.00,856.25,71.90,0.459,4.185,0.351,banana,fresh
24654264,24383,93.95,856.20,72.00,0.459,4.185,0.352,banana,fresh
24655275,24384,93.85,856.25,71.85,0.459,4.185,0.351,banana,fresh
24656286,24385,93.80,856.20,72.00,0.458,4.185,0.352,banana,fresh
24657297,24386,93.85,856.10,71.75,0.459,4.184,0.351,banana,fresh
24658309,24387,93.80,856.35,72.00,0.458,4.185,0.352,banana,fresh
24659319,24388,93.90,856.25,71.95,0.459,4.185,0.352,banana,fresh
24660330,24389,93.90,856.20,71.95,0.459,4.185,0.352,banana,fresh
24661342,24390,93.90,856.20,71.90,0.459,4.185,0.351,banana,fresh
24662352,24391,93.95,856.25,71.75,0.459,4.185,0.351,banana,fresh
24663364,24392,93.90,856.05,71.95,0.459,4.184,0.352,banana,fresh
24664375,24393,93.90,856.30,71.80,0.459,4.185,0.351,banana,fresh
24665387,24394,93.90,856.15,71.90,0.459,4.185,0.351,banana,fresh
24666397,24395,93.90,856.20,71.90,0.459,4.185,0.351,banana,fresh
24667408,24396,93.85,856.25,71.90,0.459,4.185,0.351,banana,fresh
24668420,24397,93.85,856.30,71.85,0.459,4.185,0.351,banana,fresh
24669430,24398,93.90,856.25,72.00,0.459,4.185,0.352,banana,fresh
24670442,24399,93.90,856.05,71.90,0.459,4.184,0.351,banana,fresh
24671453,24400,93.80,856.00,71.85,0.458,4.184,0.351,banana,fresh
24672464,24401,93.85,856.05,72.00,0.459,4.184,0.352,banana,fresh
24673475,24402,93.80,856.05,71.85,0.458,4.184,0.351,banana,fresh
24674487,24403,94.00,856.35,71.85,0.459,4.185,0.351,banana,fresh
24675497,24404,93.90,856.15,71.90,0.459,4.185,0.351,banana,fresh
24676508,24405,93.95,856.20,71.80,0.459,4.185,0.351,banana,fresh
24677520,24406,93.95,856.20,71.80,0.459,4.185,0.351,banana,fresh
24678531,24407,94.00,856.20,71.85,0.459,4.185,0.351,banana,fresh
24679542,24408,93.90,856.25,72.00,0.459,4.185,0.352,banana,fresh
24680553,24409,93.90,856.25,71.90,0.459,4.185,0.351,banana,fresh
24681565,24410,93.90,856.25,71.85,0.459,4.185,0.351,banana,fresh
24682575,24411,93.95,856.25,71.85,0.459,4.185,0.351,banana,fresh
24683586,24412,93.80,856.10,71.75,0.458,4.184,0.351,banana,fresh
24684598,24413,93.95,856.20,71.95,0.459,4.185,0.352,banana,fresh
24685608,24414,93.95,856.15,71.90,0.459,4.185,0.351,banana,fresh
24686620,24415,93.90,856.35,71.90,0.459,4.185,0.351,banana,fresh
24687631,24416,93.85,856.35,71.75,0.459,4.185,0.351,banana,fresh
24688643,24417,93.90,856.30,72.00,0.459,4.185,0.352,banana,fresh
24689653,24418,93.95,856.25,71.85,0.459,4.185,0.351,banana,fresh
24690665,24419,94.00,856.20,72.00,0.459,4.185,0.352,banana,fresh
24691676,24420,93.95,856.20,71.95,0.459,4.185,0.352,banana,fresh
24692686,24421,93.90,856.40,71.85,0.459,4.186,0.351,banana,fresh
24693698,24422,93.90,856.35,71.90,0.459,4.185,0.351,banana,fresh
24694709,24423,93.90,856.15,71.90,0.459,4.185,0.351,banana,fresh
24695720,24424,94.00,856.20,71.85,0.459,4.185,0.351,banana,fresh
24696731,24425,93.90,856.40,71.75,0.459,4.186,0.351,banana,fresh
24697743,24426,93.80,856.30,71.85,0.458,4.185,0.351,banana,fresh
24698754,24427,93.75,856.35,71.90,0.458,4.185,0.351,banana,fresh
24699764,24428,93.85,856.20,71.85,0.459,4.185,0.351,banana,fresh
24700776,24429,94.00,856.30,71.80,0.459,4.185,0.351,banana,fresh
24701787,24430,93.95,856.30,71.85,0.459,4.185,0.351,banana,fresh
24702798,24431,93.95,856.35,71.85,0.459,4.185,0.351,banana,fresh
24703809,24432,93.85,856.30,71.85,0.459,4.185,0.351,banana,fresh
24704821,24433,93.90,856.25,71.90,0.459,4.185,0.351,banana,fresh
24705831,24434,93.85,856.40,71.75,0.459,4.186,0.351,banana,fresh
24706843,24435,93.75,856.50,71.85,0.458,4.186,0.351,banana,fresh
24707854,24436,93.90,856.25,71.80,0.459,4.185,0.351,banana,fresh
24708865,24437,93.95,856.35,71.90,0.459,4.185,0.351,banana,fresh
24709876,24438,93.95,856.35,71.80,0.459,4.185,0.351,banana,fresh
24710887,24439,93.85,856.35,71.85,0.459,4.185,0.351,banana,fresh
24711899,24440,93.95,856.30,71.90,0.459,4.185,0.351,banana,fresh
24712909,24441,93.90,856.10,71.90,0.459,4.184,0.351,banana,fresh
24713921,24442,93.80,856.40,71.70,0.458,4.186,0.350,banana,fresh
24714932,24443,93.90,856.25,71.90,0.459,4.185,0.351,banana,fresh
24715942,24444,93.95,856.20,71.75,0.459,4.185,0.351,banana,fresh
24716954,24445,93.80,856.30,71.80,0.458,4.185,0.351,banana,fresh
24717965,24446,93.95,856.25,71.85,0.459,4.185,0.351,banana,fresh
24718977,24447,93.75,856.10,71.75,0.458,4.184,0.351,banana,fresh
24719987,24448,93.80,856.30,71.80,0.458,4.185,0.351,banana,fresh
24720999,24449,93.85,856.15,71.85,0.459,4.185,0.351,banana,fresh
24722010,24450,93.95,856.15,71.95,0.459,4.185,0.352,banana,fresh
24723020,24451,93.75,856.20,71.90,0.458,4.185,0.351,banana,fresh
24724032,24452,93.85,856.15,71.95,0.459,4.185,0.352,banana,fresh
24725043,24453,93.95,856.30,71.85,0.459,4.185,0.351,banana,fresh
24726054,24454,93.85,856.20,71.90,0.459,4.185,0.351,banana,fresh
24727065,24455,93.85,856.25,71.85,0.459,4.185,0.351,banana,fresh
24728077,24456,93.80,856.15,71.80,0.458,4.185,0.351,banana,fresh
24729088,24457,93.75,856.35,71.75,0.458,4.185,0.351,banana,fresh
24730099,24458,93.75,856.15,71.90,0.458,4.185,0.351,banana,fresh
24731110,24459,93.85,856.15,71.75,0.459,4.185,0.351,banana,fresh
24732121,24460,93.85,856.10,71.85,0.459,4.184,0.351,banana,fresh
24733132,24461,93.95,856.20,71.70,0.459,4.185,0.350,banana,fresh
24734143,24462,93.70,856.35,71.80,0.458,4.185,0.351,banana,fresh
24735155,24463,93.75,856.25,71.85,0.458,4.185,0.351,banana,fresh
24736165,24464,93.85,856.30,71.75,0.459,4.185,0.351,banana,fresh
24737177,24465,93.75,856.10,71.80,0.458,4.184,0.351,banana,fresh
24738188,24466,93.95,856.15,71.85,0.459,4.185,0.351,banana,fresh
24739198,24467,93.70,856.30,71.90,0.458,4.185,0.351,banana,fresh
24740210,24468,94.00,856.20,71.65,0.459,4.185,0.350,banana,fresh
24741221,24469,93.65,856.20,71.80,0.458,4.185,0.351,banana,fresh
24742233,24470,93.85,856.25,71.80,0.459,4.185,0.351,banana,fresh
24743243,24471,93.65,856.35,71.85,0.458,4.185,0.351,banana,fresh
24744255,24472,93.80,856.25,71.80,0.458,4.185,0.351,banana,fresh
24745266,24473,93.85,856.10,71.90,0.459,4.184,0.351,banana,fresh
24746277,24474,93.85,856.30,71.60,0.459,4.185,0.350,banana,fresh
24747288,24475,93.75,856.20,71.85,0.458,4.185,0.351,banana,fresh
24748299,24476,93.95,856.25,71.80,0.459,4.185,0.351,banana,fresh
24749310,24477,94.00,856.40,71.80,0.459,4.186,0.351,banana,fresh
24750321,24478,93.75,856.25,71.95,0.458,4.185,0.352,banana,fresh
24751333,24479,93.85,856.30,71.75,0.459,4.185,0.351,banana,fresh
24752344,24480,93.90,856.25,71.85,0.459,4.185,0.351,banana,fresh
24753355,24481,93.90,856.20,71.80,0.459,4.185,0.351,banana,fresh
24754366,24482,93.75,856.25,71.65,0.458,4.185,0.350,banana,fresh
24755377,24483,93.85,856.10,71.75,0.459,4.184,0.351,banana,fresh
24756388,24484,93.80,856.20,71.75,0.458,4.185,0.351,banana,fresh
24757399,24485,93.85,856.25,71.95,0.459,4.185,0.352,banana,fresh
24758411,24486,93.85,856.25,71.70,0.459,4.185,0.350,banana,fresh
24759421,24487,93.70,856.20,71.85,0.458,4.185,0.351,banana,fresh
24760433,24488,93.80,856.55,71.65,0.458,4.186,0.350,banana,fresh
24761444,24489,93.70,856.25,71.75,0.458,4.185,0.351,banana,fresh
24762456,24490,93.80,856.30,71.95,0.458,4.185,0.352,banana,fresh
24763466,24491,93.80,856.20,71.80,0.458,4.185,0.351,banana,fresh
24764477,24492,93.70,856.20,71.85,0.458,4.185,0.351,banana,fresh
24765489,24493,93.90,856.25,71.75,0.459,4.185,0.351,banana,fresh
24766499,24494,93.90,856.25,71.75,0.459,4.185,0.351,banana,fresh
24767511,24495,93.95,856.30,71.70,0.459,4.185,0.350,banana,fresh
24768522,24496,93.90,856.15,71.75,0.459,4.185,0.351,banana,fresh
24769533,24497,93.90,856.15,71.85,0.459,4.185,0.351,banana,fresh
24770544,24498,93.80,856.10,71.70,0.458,4.184,0.350,banana,fresh
24771555,24499,93.80,856.25,71.90,0.458,4.185,0.351,banana,fresh
24772567,24500,93.90,856.40,71.85,0.459,4.186,0.351,banana,fresh
24773577,24501,93.90,856.35,71.75,0.459,4.185,0.351,banana,fresh
24774589,24502,93.85,856.25,71.80,0.459,4.185,0.351,banana,fresh
24775600,24503,93.80,856.25,71.60,0.458,4.185,0.350,banana,fresh
24776611,24504,93.85,856.20,71.85,0.459,4.185,0.351,banana,fresh
24777622,24505,93.95,856.25,71.65,0.459,4.185,0.350,banana,fresh
24778633,24506,93.90,856.25,71.80,0.459,4.185,0.351,banana,fresh
24779644,24507,93.70,856.25,71.70,0.458,4.185,0.350,banana,fresh
24780655,24508,93.95,856.10,71.80,0.459,4.184,0.351,banana,fresh
24781667,24509,93.75,856.25,71.90,0.458,4.185,0.351,banana,fresh
24782678,24510,93.70,856.25,71.80,0.458,4.185,0.351,banana,fresh
24783689,24511,93.95,856.20,71.70,0.459,4.185,0.350,banana,fresh
24784700,24512,93.70,856.10,71.80,0.458,4.184,0.351,banana,fresh
24785711,24513,93.90,856.30,71.80,0.459,4.185,0.351,banana,fresh
24786722,24514,93.80,856.10,71.95,0.458,4.184,0.352,banana,fresh
24787733,24515,93.85,856.35,71.85,0.459,4.185,0.351,banana,fresh
24788745,24516,93.90,856.10,71.85,0.459,4.184,0.351,banana,fresh
24789755,24517,93.65,856.20,71.85,0.458,4.185,0.351,banana,fresh
24790767,24518,93.85,856.25,71.75,0.459,4.185,0.351,banana,fresh
24791778,24519,93.85,856.25,72.00,0.459,4.185,0.352,banana,fresh
24792790,24520,93.90,856.30,71.85,0.459,4.185,0.351,banana,fresh
24793800,24521,93.80,856.25,71.85,0.458,4.185,0.351,banana,fresh
24794811,24522,93.85,856.25,71.75,0.459,4.185,0.351,banana,fresh
24795823,24523,93.95,856.25,71.70,0.459,4.185,0.350,banana,fresh
24796833,24524,93.90,856.35,71.80,0.459,4.185,0.351,banana,fresh
24797845,24525,93.85,856.25,71.80,0.459,4.185,0.351,banana,fresh
24798856,24526,93.90,856.30,71.95,0.459,4.185,0.352,banana,fresh
24799867,24527,93.85,856.20,71.80,0.459,4.185,0.351,banana,fresh
24800878,24528,94.00,856.30,71.80,0.459,4.185,0.351,banana,fresh
24801889,24529,93.90,856.20,71.90,0.459,4.185,0.351,banana,fresh
24802900,24530,93.90,856.30,71.90,0.459,4.185,0.351,banana,fresh
24803911,24531,93.90,856.30,71.95,0.459,4.185,0.352,banana,fresh
24804923,24532,93.90,856.20,71.85,0.459,4.185,0.351,banana,fresh
24805934,24533,93.75,856.30,71.80,0.458,4.185,0.351,banana,fresh
24806945,24534,93.90,856.35,71.90,0.459,4.185,0.351,banana,fresh
24807956,24535,93.75,856.20,71.95,0.458,4.185,0.352,banana,fresh
24808968,24536,93.90,856.30,71.95,0.459,4.185,0.352,banana,fresh
24809978,24537,93.95,856.25,71.80,0.459,4.185,0.351,banana,fresh
24810989,24538,93.75,856.25,71.80,0.458,4.185,0.351,banana,fresh
24812001,24539,93.85,856.30,71.90,0.459,4.185,0.351,banana,fresh
24813011,24540,93.95,856.10,71.70,0.459,4.184,0.350,banana,fresh
24814023,24541,93.95,856.40,71.80,0.459,4.186,0.351,banana,fresh
24815034,24542,93.90,856.25,71.75,0.459,4.185,0.351,banana,fresh
24816046,24543,93.85,856.25,71.80,0.459,4.185,0.351,banana,fresh
24817056,24544,93.90,856.25,71.90,0.459,4.185,0.351,banana,fresh
24818068,24545,94.00,856.35,72.00,0.459,4.185,0.352,banana,fresh
24819079,24546,94.00,856.40,71.75,0.459,4.186,0.351,banana,fresh
24820089,24547,94.00,856.15,71.80,0.459,4.185,0.351,banana,fresh
24821101,24548,94.00,856.50,71.85,0.459,4.186,0.351,banana,fresh
24822112,24549,93.80,856.10,71.95,0.458,4.184,0.352,banana,fresh
24823123,24550,93.75,856.25,71.80,0.458,4.185,0.351,banana,fresh
24824134,24551,93.80,856.20,71.70,0.458,4.185,0.350,banana,fresh
24825146,24552,93.80,856.20,71.85,0.458,4.185,0.351,banana,fresh
24826157,24553,93.90,856.15,71.80,0.459,4.185,0.351,banana,fresh
24827167,24554,93.90,856.35,71.90,0.459,4.185,0.351,banana,fresh
24828179,24555,93.85,856.40,71.90,0.459,4.186,0.351,banana,fresh
24829190,24556,94.00,856.40,71.85,0.459,4.186,0.351,banana,fresh
24830201,24557,93.85,856.25,71.90,0.459,4.185,0.351,banana,fresh
24831212,24558,93.95,856.20,71.85,0.459,4.185,0.351,banana,fresh
24832224,24559,93.95,856.30,71.75,0.459,4.185,0.351,banana,fresh
24833234,24560,93.85,856.35,71.85,0.459,4.185,0.351,banana,fresh
24834246,24561,93.85,856.30,71.80,0.459,4.185,0.351,banana,fresh
24835257,24562,93.90,856.30,71.90,0.459,4.185,0.351,banana,fresh
24836268,24563,93.80,856.45,71.85,0.458,4.186,0.351,banana,fresh
24837279,24564,93.95,856.30,71.75,0.459,4.185,0.351,banana,fresh
24838290,24565,93.90,856.30,71.85,0.459,4.185,0.351,banana,fresh
24839302,24566,93.90,856.40,71.70,0.459,4.186,0.350,banana,fresh
24840312,24567,93.90,856.35,71.90,0.459,4.185,0.351,banana,fresh
24841324,24568,93.85,856.30,71.95,0.459,4.185,0.352,banana,fresh
24842335,24569,93.90,856.45,71.75,0.459,4.186,0.351,banana,fresh
24843345,24570,93.85,856.40,71.65,0.459,4.186,0.350,banana,fresh
24844357,24571,93.85,856.35,71.70,0.459,4.185,0.350,banana,fresh
24845368,24572,93.80,856.20,71.95,0.458,4.185,0.352,banana,fresh
24846380,24573,93.95,856.20,71.80,0.459,4.185,0.351,banana,fresh
24847390,24574,93.80,856.25,71.90,0.458,4.185,0.351,banana,fresh
24848402,24575,93.80,856.25,71.90,0.458,4.185,0.351,banana,fresh
24849413,24576,93.95,856.35,71.95,0.459,4.185,0.352,banana,fresh
24850423,24577,93.80,856.30,71.75,0.458,4.185,0.351,banana,fresh
24851435,24578,93.90,856.30,71.65,0.459,4.185,0.350,banana,fresh
24852446,24579,93.90,856.30,71.70,0.459,4.185,0.350,banana,fresh
24853457,24580,93.80,856.40,71.95,0.458,4.186,0.352,banana,fresh
24854468,24581,93.90,856.45,71.80,0.459,4.186,0.351,banana,fresh
24855480,24582,93.90,856.35,71.90,0.459,4.185,0.351,banana,fresh
24856491,24583,93.90,856.20,71.85,0.459,4.185,0.351,banana,fresh
24857501,24584,93.80,856.40,71.90,0.458,4.186,0.351,banana,fresh
24858513,24585,93.85,856.15,71.75,0.459,4.185,0.351,banana,fresh
24859524,24586,93.90,856.30,71.85,0.459,4.185,0.351,banana,fresh
24860535,24587,93.75,856.30,71.90,0.458,4.185,0.351,banana,fresh
24861546,24588,93.85,856.30,71.90,0.459,4.185,0.351,banana,fresh
24862558,24589,93.75,856.45,71.90,0.458,4.186,0.351,banana,fresh
24863568,24590,93.95,856.25,71.85,0.459,4.185,0.351,banana,fresh
24864580,24591,93.90,856.20,71.85,0.459,4.185,0.351,banana,fresh
24865591,24592,93.90,856.25,72.00,0.459,4.185,0.352,banana,fresh
24866601,24593,93.80,856.10,71.80,0.458,4.184,0.351,banana,fresh
24867613,24594,93.85,856.30,71.90,0.459,4.185,0.351,banana,fresh
24868624,24595,93.80,856.30,71.90,0.458,4.185,0.351,banana,fresh
24869636,24596,93.90,856.15,71.85,0.459,4.185,0.351,banana,fresh
24870646,24597,93.75,856.15,71.85,0.458,4.185,0.351,banana,fresh
24871658,24598,93.75,856.20,72.00,0.458,4.185,0.352,banana,fresh
24872669,24599,93.90,856.30,71.85,0.459,4.185,0.351,banana,fresh
24873679,24600,93.90,856.25,71.85,0.459,4.185,0.351,banana,fresh
24874691,24601,93.80,856.25,71.85,0.458,4.185,0.351,banana,fresh
24875702,24602,93.95,856.25,71.80,0.459,4.185,0.351,banana,fresh
24876713,24603,93.80,856.30,71.95,0.458,4.185,0.352,banana,fresh
24877724,24604,93.85,856.25,71.65,0.459,4.185,0.350,banana,fresh
24878736,24605,93.75,856.15,71.90,0.458,4.185,0.351,banana,fresh
24879747,24606,93.70,856.35,71.85,0.458,4.185,0.351,banana,fresh
24880758,24607,93.70,856.40,71.90,0.458,4.186,0.351,banana,fresh
24881769,24608,93.85,856.25,71.85,0.459,4.185,0.351,banana,fresh
24882780,24609,93.85,856.35,71.85,0.459,4.185,0.351,banana,fresh
24883791,24610,93.80,856.40,71.85,0.458,4.186,0.351,banana,fresh
24884802,24611,93.95,856.30,71.80,0.459,4.185,0.351,banana,fresh
24885814,24612,93.75,856.45,71.85,0.458,4.186,0.351,banana,fresh
24886824,24613,93.70,856.15,72.00,0.458,4.185,0.352,banana,fresh
24887836,24614,93.85,856.45,71.95,0.459,4.186,0.352,banana,fresh
24888847,24615,93.85,856.40,71.95,0.459,4.186,0.352,banana,fresh
24889859,24616,93.90,856.35,71.80,0.459,4.185,0.351,banana,fresh
24890869,24617,93.75,856.25,71.90,0.458,4.185,0.351,banana,fresh
24891880,24618,93.85,856.25,71.90,0.459,4.185,0.351,banana,fresh
24892892,24619,93.85,856.60,71.90,0.459,4.187,0.351,banana,fresh
24893902,24620,93.90,856.25,71.90,0.459,4.185,0.351,banana,fresh
24894914,24621,93.75,856.30,71.75,0.458,4.185,0.351,banana,fresh
24895925,24622,93.70,856.35,71.85,0.458,4.185,0.351,banana,fresh
24896936,24623,93.80,856.40,71.85,0.458,4.186,0.351,banana,fresh
24897947,24624,93.65,856.05,71.85,0.458,4.184,0.351,banana,fresh
24898958,24625,93.85,856.25,71.80,0.459,4.185,0.351,banana,fresh
24899970,24626,93.75,856.30,71.70,0.458,4.185,0.350,banana,fresh
24900980,24627,93.85,856.40,71.80,0.459,4.186,0.351,banana,fresh
24901992,24628,93.90,856.35,71.85,0.459,4.185,0.351,banana,fresh
24903003,24629,93.70,856.20,71.65,0.458,4.185,0.350,banana,fresh
24904014,24630,93.85,856.35,71.75,0.459,4.185,0.351,banana,fresh
24905025,24631,93.70,856.15,71.80,0.458,4.185,0.351,banana,fresh
24906037,24632,93.80,856.35,71.85,0.458,4.185,0.351,banana,fresh
24907047,24633,93.85,856.35,71.95,0.459,4.185,0.352,banana,fresh
24908058,24634,93.85,856.40,71.60,0.459,4.186,0.350,banana,fresh
24909070,24635,93.80,856.35,71.75,0.458,4.185,0.351,banana,fresh
24910081,24636,93.75,856.30,71.75,0.458,4.185,0.351,banana,fresh
24911092,24637,93.95,856.30,71.75,0.459,4.185,0.351,banana,fresh
24912103,24638,93.70,856.45,71.70,0.458,4.186,0.350,banana,fresh
24913115,24639,93.90,856.50,71.75,0.459,4.186,0.351,banana,fresh
24914125,24640,93.85,856.35,71.80,0.459,4.185,0.351,banana,fresh
24915136,24641,93.80,856.40,71.75,0.458,4.186,0.351,banana,fresh
24916148,24642,93.65,856.20,71.80,0.458,4.185,0.351,banana,fresh
24917158,24643,93.80,856.45,71.70,0.458,4.186,0.350,banana,fresh
24918170,24644,93.80,856.25,71.85,0.458,4.185,0.351,banana,fresh
24919181,24645,93.70,856.30,71.70,0.458,4.185,0.350,banana,fresh
24920193,24646,93.85,856.40,71.80,0.459,4.186,0.351,banana,fresh
24921203,24647,93.90,856.25,71.75,0.459,4.185,0.351,banana,fresh
24922215,24648,93.75,856.30,71.75,0.458,4.185,0.351,banana,fresh
24923226,24649,93.70,856.55,71.80,0.458,4.186,0.351,banana,fresh
24924236,24650,93.75,856.35,71.70,0.458,4.185,0.350,banana,fresh
24925248,24651,93.80,856.20,71.90,0.458,4.185,0.351,banana,fresh
24926259,24652,93.90,856.40,71.70,0.459,4.186,0.350,banana,fresh
24927270,24653,93.80,856.35,71.85,0.458,4.185,0.351,banana,fresh
24928281,24654,93.75,856.25,71.65,0.458,4.185,0.350,banana,fresh
24929293,24655,93.80,856.30,71.65,0.458,4.185,0.350,banana,fresh
24930304,24656,93.80,856.30,71.80,0.458,4.185,0.351,banana,fresh
24931314,24657,93.70,856.45,71.70,0.458,4.186,0.350,banana,fresh
24932326,24658,93.70,856.30,71.75,0.458,4.185,0.351,banana,fresh
24933337,24659,93.85,856.45,71.75,0.459,4.186,0.351,banana,fresh
24934348,24660,93.65,856.15,71.75,0.458,4.185,0.351,banana,fresh
24935359,24661,93.80,856.40,71.65,0.458,4.186,0.350,banana,fresh
24936371,24662,93.65,856.30,71.80,0.458,4.185,0.351,banana,fresh
24937381,24663,93.90,856.25,71.90,0.459,4.185,0.351,banana,fresh
24938393,24664,94.00,856.35,71.90,0.459,4.185,0.351,banana,fresh
24939404,24665,93.75,856.40,71.75,0.458,4.186,0.351,banana,fresh
24940414,24666,93.90,856.20,71.70,0.459,4.185,0.350,banana,fresh
24941426,24667,93.85,856.30,71.80,0.459,4.185,0.351,banana,fresh
24942437,24668,93.80,856.30,71.70,0.458,4.185,0.350,banana,fresh
24943449,24669,93.85,856.40,71.80,0.459,4.186,0.351,banana,fresh
24944459,24670,93.65,856.45,71.75,0.458,4.186,0.351,banana,fresh
24945471,24671,93.80,856.40,71.85,0.458,4.186,0.351,banana,fresh
24946482,24672,93.70,856.30,71.85,0.458,4.185,0.351,banana,fresh
24947492,24673,93.75,856.40,71.90,0.458,4.186,0.351,banana,fresh
24948504,24674,93.80,856.30,71.85,0.458,4.185,0.351,banana,fresh
24949515,24675,93.55,856.50,71.65,0.457,4.186,0.350,banana,fresh
24950526,24676,93.90,856.40,71.60,0.459,4.186,0.350,banana,fresh
24951537,24677,93.60,856.25,71.75,0.457,4.185,0.351,banana,fresh
24952549,24678,93.70,856.40,71.70,0.458,4.186,0.350,banana,fresh
24953560,24679,93.75,856.35,71.85,0.458,4.185,0.351,banana,fresh
24954571,24680,93.85,856.30,71.70,0.459,4.185,0.350,banana,fresh
24955582,24681,93.90,856.40,71.80,0.459,4.186,0.351,banana,fresh
24956593,24682,93.70,856.30,71.75,0.458,4.185,0.351,banana,fresh
24957604,24683,93.80,856.35,71.55,0.458,4.185,0.350,banana,fresh
24958615,24684,93.80,856.30,71.55,0.458,4.185,0.350,banana,fresh
24959627,24685,93.85,856.40,71.70,0.459,4.186,0.350,banana,fresh
24960637,24686,93.75,856.50,71.80,0.458,4.186,0.351,banana,fresh
24961649,24687,93.80,856.35,71.60,0.458,4.185,0.350,banana,fresh
24962660,24688,93.80,856.35,71.85,0.458,4.185,0.351,banana,fresh
24963671,24689,93.85,856.35,71.70,0.459,4.185,0.350,banana,fresh
24964682,24690,93.90,856.50,71.75,0.459,4.186,0.351,banana,fresh
24965693,24691,93.70,856.30,71.90,0.458,4.185,0.351,banana,fresh
24966705,24692,93.65,856.35,71.70,0.458,4.185,0.350,banana,fresh
24967715,24693,93.70,856.40,71.65,0.458,4.186,0.350,banana,fresh
24968727,24694,93.60,856.25,71.85,0.457,4.185,0.351,banana,fresh
24969738,24695,93.75,856.35,71.75,0.458,4.185,0.351,banana,fresh
24970748,24696,93.85,856.55,71.85,0.459,4.186,0.351,banana,fresh
24971760,24697,93.65,856.45,71.70,0.458,4.186,0.350,banana,fresh
24972771,24698,93.75,856.25,71.70,0.458,4.185,0.350,banana,fresh
24973783,24699,93.70,856.55,71.80,0.458,4.186,0.351,banana,fresh
24974793,24700,93.85,856.40,71.55,0.459,4.186,0.350,banana,fresh
24975805,24701,93.60,856.45,71.90,0.457,4.186,0.351,banana,fresh
24976816,24702,93.85,856.50,71.65,0.459,4.186,0.350,banana,fresh
24977826,24703,93.60,856.30,71.60,0.457,4.185,0.350,banana,fresh
24978838,24704,93.75,856.65,71.85,0.458,4.187,0.351,banana,fresh
24979849,24705,93.85,856.40,71.75,0.459,4.186,0.351,banana,fresh
24980860,24706,93.90,856.40,71.70,0.459,4.186,0.350,banana,fresh
24981871,24707,93.75,856.50,71.75,0.458,4.186,0.351,banana,fresh
24982883,24708,93.85,856.15,71.85,0.459,4.185,0.351,banana,fresh
24983894,24709,93.95,856.35,71.75,0.459,4.185,0.351,banana,fresh
24984905,24710,93.85,856.40,71.85,0.459,4.186,0.351,banana,fresh
24985916,24711,93.80,856.25,71.70,0.458,4.185,0.350,banana,fresh
24986927,24712,93.90,856.20,71.70,0.459,4.185,0.350,banana,fresh
24987938,24713,93.80,856.15,71.75,0.458,4.185,0.351,banana,fresh
24988949,24714,93.75,856.30,71.75,0.458,4.185,0.351,banana,fresh
24989961,24715,93.80,856.35,71.60,0.458,4.185,0.350,banana,fresh
24990971,24716,93.70,856.40,71.80,0.458,4.186,0.351,banana,fresh
24991983,24717,93.85,856.40,71.70,0.459,4.186,0.350,banana,fresh
24992994,24718,93.75,856.30,71.65,0.458,4.185,0.350,banana,fresh
24994004,24719,93.80,856.40,71.70,0.458,4.186,0.350,banana,fresh
24995016,24720,93.90,856.55,71.70,0.459,4.186,0.350,banana,fresh
24996027,24721,93.70,856.40,71.50,0.458,4.186,0.349,banana,fresh
24997039,24722,93.75,856.30,71.65,0.458,4.185,0.350,banana,fresh
24998049,24723,93.65,856.35,71.75,0.458,4.185,0.351,banana,fresh
24999061,24724,93.75,856.35,71.80,0.458,4.185,0.351,banana,fresh
25000072,24725,93.80,856.45,71.75,0.458,4.186,0.351,banana,fresh
25001083,24726,93.85,856.30,71.70,0.459,4.185,0.350,banana,fresh
25002094,24727,93.85,856.60,71.75,0.459,4.187,0.351,banana,fresh
25003105,24728,93.75,856.35,71.65,0.458,4.185,0.350,banana,fresh
25004116,24729,93.85,856.35,71.60,0.459,4.185,0.350,banana,fresh
25005127,24730,93.75,856.30,71.90,0.458,4.185,0.351,banana,fresh
25006139,24731,93.80,856.65,71.70,0.458,4.187,0.350,banana,fresh
25007150,24732,93.75,856.25,71.60,0.458,4.185,0.350,banana,fresh
25008161,24733,93.65,856.30,71.70,0.458,4.185,0.350,banana,fresh
25009172,24734,93.85,856.60,71.75,0.459,4.187,0.351,banana,fresh
25010183,24735,93.75,856.40,71.65,0.458,4.186,0.350,banana,fresh
25011194,24736,93.90,856.45,71.65,0.459,4.186,0.350,banana,fresh
25012205,24737,93.80,856.30,71.75,0.458,4.185,0.351,banana,fresh
25013217,24738,93.60,856.50,71.60,0.457,4.186,0.350,banana,fresh
25014227,24739,93.70,856.15,71.85,0.458,4.185,0.351,banana,fresh
25015239,24740,93.75,856.40,71.80,0.458,4.186,0.351,banana,fresh
25016250,24741,93.65,856.30,71.85,0.458,4.185,0.351,banana,fresh
25017262,24742,93.90,856.55,71.75,0.459,4.186,0.351,banana,fresh
25018272,24743,93.65,856.30,71.75,0.458,4.185,0.351,banana,fresh
25019283,24744,93.70,856.40,71.70,0.458,4.186,0.350,banana,fresh
25020295,24745,93.90,856.15,71.75,0.459,4.185,0.351,banana,fresh
25021305,24746,94.00,856.50,71.65,0.459,4.186,0.350,banana,fresh
25022317,24747,93.70,856.40,71.85,0.458,4.186,0.351,banana,fresh
25023328,24748,93.75,856.50,71.85,0.458,4.186,0.351,banana,fresh
25024339,24749,93.70,856.45,71.65,0.458,4.186,0.350,banana,fresh
25025350,24750,93.50,856.55,71.80,0.457,4.186,0.351,banana,fresh
25026362,24751,93.65,856.30,71.70,0.458,4.185,0.350,banana,fresh
25027373,24752,93.80,856.45,71.70,0.458,4.186,0.350,banana,fresh
25028383,24753,93.80,856.60,71.70,0.458,4.187,0.350,banana,fresh
25029395,24754,93.70,856.40,71.85,0.458,4.186,0.351,banana,fresh
25030406,24755,93.50,856.25,71.75,0.457,4.185,0.351,banana,fresh
25031417,24756,93.75,856.50,71.60,0.458,4.186,0.350,banana,fresh
25032428,24757,93.70,856.50,71.70,0.458,4.186,0.350,banana,fresh
25033440,24758,93.80,856.45,71.85,0.458,4.186,0.351,banana,fresh
25034450,24759,93.85,856.45,71.80,0.459,4.186,0.351,banana,fresh
25035461,24760,93.80,856.45,71.70,0.458,4.186,0.350,banana,fresh
25036473,24761,93.65,856.40,71.80,0.458,4.186,0.351,banana,fresh
25037484,24762,93.80,856.60,71.60,0.458,4.187,0.350,banana,fresh
25038495,24763,93.85,856.55,71.85,0.459,4.186,0.351,banana,fresh
25039506,24764,93.65,856.35,71.65,0.458,4.185,0.350,banana,fresh
25040518,24765,93.80,856.60,71.75,0.458,4.187,0.351,banana,fresh
25041528,24766,93.70,856.45,71.65,0.458,4.186,0.350,banana,fresh
25042540,24767,93.80,856.50,71.75,0.458,4.186,0.351,banana,fresh
25043551,24768,93.80,856.60,71.70,0.458,4.187,0.350,banana,fresh
25044561,24769,93.75,856.65,71.75,0.458,4.187,0.351,banana,fresh
25045573,24770,93.60,856.55,71.60,0.457,4.186,0.350,banana,fresh
25046584,24771,93.80,856.45,71.70,0.458,4.186,0.350,banana,fresh
25047596,24772,93.70,856.40,71.80,0.458,4.186,0.351,banana,fresh
25048606,24773,93.90,856.55,71.80,0.459,4.186,0.351,banana,fresh
25049618,24774,93.90,856.55,71.80,0.459,4.186,0.351,banana,fresh
25050629,24775,93.90,856.50,71.75,0.459,4.186,0.351,banana,fresh
25051639,24776,93.85,856.45,71.70,0.459,4.186,0.350,banana,fresh
25052651,24777,93.70,856.70,71.65,0.458,4.187,0.350,banana,fresh
25053662,24778,93.85,856.25,71.55,0.459,4.185,0.350,banana,fresh
25054673,24779,93.65,856.60,71.75,0.458,4.187,0.351,banana,fresh
25055684,24780,94.00,856.40,71.75,0.459,4.186,0.351,banana,fresh
25056696,24781,93.70,856.50,71.65,0.458,4.186,0.350,banana,fresh
25057707,24782,93.85,856.55,71.70,0.459,4.186,0.350,banana,fresh
25058718,24783,93.85,856.45,71.70,0.459,4.186,0.350,banana,fresh
25059729,24784,93.70,856.65,71.60,0.458,4.187,0.350,banana,fresh
25060740,24785,93.70,856.30,71.70,0.458,4.185,0.350,banana,fresh
25061751,24786,93.85,856.55,71.70,0.459,4.186,0.350,banana,fresh
25062762,24787,93.60,856.35,71.80,0.457,4.185,0.351,banana,fresh
25063774,24788,93.90,856.65,71.85,0.459,4.187,0.351,banana,fresh
25064784,24789,93.70,856.35,71.60,0.458,4.185,0.350,banana,fresh
25065796,24790,93.75,856.65,71.65,0.458,4.187,0.350,banana,fresh
25066807,24791,93.90,856.65,71.85,0.459,4.187,0.351,banana,fresh
25067817,24792,93.85,856.40,71.65,0.459,4.186,0.350,banana,fresh
25068829,24793,93.70,856.40,71.95,0.458,4.186,0.352,banana,fresh
25069840,24794,93.85,856.55,71.70,0.459,4.186,0.350,banana,fresh
25070852,24795,93.85,856.60,71.90,0.459,4.187,0.351,banana,fresh
25071862,24796,93.80,856.30,71.85,0.458,4.185,0.351,banana,fresh
25072874,24797,93.85,856.40,71.75,0.459,4.186,0.351,banana,fresh
25073885,24798,93.60,856.50,71.75,0.457,4.186,0.351,banana,fresh
25074895,24799,93.80,856.30,71.75,0.458,4.185,0.351,banana,fresh
25075907,24800,93.85,856.55,71.70,0.459,4.186,0.350,banana,fresh
25076918,24801,93.85,856.45,71.70,0.459,4.186,0.350,banana,fresh
25077929,24802,93.70,856.30,71.65,0.458,4.185,0.350,banana,fresh
25078940,24803,93.50,856.50,71.65,0.457,4.186,0.350,banana,fresh
25079952,24804,93.65,856.60,71.85,0.458,4.187,0.351,banana,fresh
25080963,24805,93.70,856.55,71.70,0.458,4.186,0.350,banana,fresh
25081974,24806,93.75,856.30,71.70,0.458,4.185,0.350,banana,fresh
25082985,24807,93.80,856.40,71.85,0.458,4.186,0.351,banana,fresh
25083996,24808,93.80,856.45,71.80,0.458,4.186,0.351,banana,fresh
25085007,24809,93.75,856.55,71.55,0.458,4.186,0.350,banana,fresh
25086018,24810,93.90,856.55,71.85,0.459,4.186,0.351,banana,fresh
25087030,24811,93.85,856.50,71.65,0.459,4.186,0.350,banana,fresh
25088040,24812,93.60,856.70,71.70,0.457,4.187,0.350,banana,fresh
25089052,24813,93.70,856.30,71.70,0.458,4.185,0.350,banana,fresh
25090063,24814,93.75,856.50,71.70,0.458,4.186,0.350,banana,fresh
25091074,24815,93.60,856.50,71.80,0.457,4.186,0.351,banana,fresh
25092085,24816,93.85,856.45,71.75,0.459,4.186,0.351,banana,fresh
25093096,24817,93.80,856.60,71.50,0.458,4.187,0.349,banana,fresh
25094108,24818,93.70,856.35,71.70,0.458,4.185,0.350,banana,fresh
25095118,24819,93.85,856.60,71.75,0.459,4.187,0.351,banana,fresh
25096130,24820,93.80,856.60,71.85,0.458,4.187,0.351,banana,fresh
25097141,24821,93.80,856.45,71.85,0.458,4.186,0.351,banana,fresh
25098152,24822,93.70,856.40,71.65,0.458,4.186,0.350,banana,fresh
25099163,24823,93.65,856.40,71.80,0.458,4.186,0.351,banana,fresh
25100174,24824,93.70,856.40,71.75,0.458,4.186,0.351,banana,fresh
25101186,24825,93.65,856.35,71.75,0.458,4.185,0.351,banana,fresh
25102196,24826,93.65,856.50,71.85,0.458,4.186,0.351,banana,fresh
25103208,24827,93.80,856.50,71.85,0.458,4.186,0.351,banana,fresh
25104219,24828,93.70,856.55,71.80,0.458,4.186,0.351,banana,fresh
25105230,24829,93.75,856.50,71.70,0.458,4.186,0.350,banana,fresh
25106241,24830,93.70,856.35,71.70,0.458,4.185,0.350,banana,fresh
25107252,24831,93.75,856.35,71.80,0.458,4.185,0.351,banana,fresh
25108263,24832,93.85,856.45,71.80,0.459,4.186,0.351,banana,fresh
25109274,24833,93.95,856.35,71.80,0.459,4.185,0.351,banana,fresh
25110286,24834,93.75,856.55,71.90,0.458,4.186,0.351,banana,fresh
25111297,24835,93.55,856.50,71.80,0.457,4.186,0.351,banana,fresh
25112308,24836,93.65,856.60,71.80,0.458,4.187,0.351,banana,fresh
25113319,24837,93.65,856.65,71.80,0.458,4.187,0.351,banana,fresh
25114330,24838,93.75,856.40,71.90,0.458,4.186,0.351,banana,fresh
25115341,24839,93.65,856.60,71.70,0.458,4.187,0.350,banana,fresh
25116352,24840,93.85,856.55,71.90,0.459,4.186,0.351,banana,fresh
25117364,24841,93.95,856.60,71.75,0.459,4.187,0.351,banana,fresh
25118374,24842,93.70,856.45,71.65,0.458,4.186,0.350,banana,fresh
25119386,24843,93.90,856.55,71.75,0.459,4.186,0.351,banana,fresh
25120397,24844,93.55,856.55,71.90,0.457,4.186,0.351,banana,fresh
25121409,24845,93.65,856.65,71.70,0.458,4.187,0.350,banana,fresh
25122419,24846,93.90,856.35,71.90,0.459,4.185,0.351,banana,fresh
25123430,24847,93.70,856.55,71.70,0.458,4.186,0.350,banana,fresh
25124442,24848,93.60,856.50,71.85,0.457,4.186,0.351,banana,fresh
25125452,24849,93.55,856.45,71.80,0.457,4.186,0.351,banana,fresh
25126464,24850,93.75,856.65,71.65,0.458,4.187,0.350,banana,fresh
25127475,24851,93.85,856.65,71.65,0.459,4.187,0.350,banana,fresh
25128486,24852,93.80,856.45,71.50,0.458,4.186,0.349,banana,fresh
25129497,24853,93.60,856.65,71.65,0.457,4.187,0.350,banana,fresh
25130509,24854,93.65,856.50,71.70,0.458,4.186,0.350,banana,fresh
25131520,24855,93.85,856.55,71.60,0.459,4.186,0.350,banana,fresh
25132530,24856,93.85,856.65,71.55,0.459,4.187,0.350,banana,fresh
25133542,24857,93.65,856.60,71.85,0.458,4.187,0.351,banana,fresh
25134553,24858,93.75,856.50,71.75,0.458,4.186,0.351,banana,fresh
25135564,24859,93.55,856.50,71.60,0.457,4.186,0.350,banana,fresh
25136575,24860,93.60,856.65,71.50,0.457,4.187,0.349,banana,fresh
25137587,24861,93.70,856.65,71.80,0.458,4.187,0.351,banana,fresh
25138597,24862,93.70,856.55,71.85,0.458,4.186,0.351,banana,fresh
25139608,24863,93.55,856.50,71.85,0.457,4.186,0.351,banana,fresh
25140620,24864,93.75,856.55,71.70,0.458,4.186,0.350,banana,fresh
25141630,24865,93.80,856.65,71.60,0.458,4.187,0.350,banana,fresh
25142642,24866,93.55,856.45,71.75,0.457,4.186,0.351,banana,fresh
25143653,24867,93.70,856.50,71.80,0.458,4.186,0.351,banana,fresh
25144665,24868,93.60,856.50,71.90,0.457,4.186,0.351,banana,fresh
25145675,24869,93.75,856.50,71.85,0.458,4.186,0.351,banana,fresh
25146687,24870,93.70,856.50,71.80,0.458,4.186,0.351,banana,fresh
25147698,24871,93.70,856.55,71.55,0.458,4.186,0.350,banana,fresh
25148708,24872,93.70,856.50,71.60,0.458,4.186,0.350,banana,fresh
25149720,24873,93.55,856.70,71.80,0.457,4.187,0.351,banana,fresh
25150731,24874,93.65,856.45,71.65,0.458,4.186,0.350,banana,fresh
25151742,24875,93.70,856.65,71.80,0.458,4.187,0.351,banana,fresh
25152753,24876,93.65,856.65,71.80,0.458,4.187,0.351,banana,fresh
25153765,24877,93.55,856.55,71.85,0.457,4.186,0.351,banana,fresh
25154776,24878,93.70,856.75,71.75,0.458,4.187,0.351,banana,fresh
25155786,24879,93.75,856.55,71.85,0.458,4.186,0.351,banana,fresh
25156798,24880,93.95,856.65,71.75,0.459,4.187,0.351,banana,fresh
25157809,24881,93.70,856.65,71.65,0.458,4.187,0.350,banana,fresh
25158820,24882,93.70,856.60,71.90,0.458,4.187,0.351,banana,fresh
25159831,24883,93.75,856.55,71.85,0.458,4.186,0.351,banana,fresh
25160843,24884,93.60,856.60,71.95,0.457,4.187,0.352,banana,fresh
25161853,24885,93.80,856.80,71.75,0.458,4.188,0.351,banana,fresh
25162864,24886,93.70,856.55,71.85,0.458,4.186,0.351,banana,fresh
25163876,24887,93.70,856.50,71.90,0.458,4.186,0.351,banana,fresh
25164887,24888,93.55,856.65,71.70,0.457,4.187,0.350,banana,fresh
25165898,24889,93.90,856.60,71.90,0.459,4.187,0.351,banana,fresh
25166909,24890,93.75,856.70,71.85,0.458,4.187,0.351,banana,fresh
25167921,24891,93.80,856.65,71.70,0.458,4.187,0.350,banana,fresh
25168931,24892,93.65,856.50,71.75,0.458,4.186,0.351,banana,fresh
25169943,24893,93.90,856.55,71.70,0.459,4.186,0.350,banana,fresh
25170954,24894,93.60,856.75,71.55,0.457,4.187,0.350,banana,fresh
25171964,24895,93.60,856.75,71.90,0.457,4.187,0.351,banana,fresh
25172976,24896,93.85,856.80,71.70,0.459,4.188,0.350,banana,fresh
25173987,24897,93.80,856.55,71.70,0.458,4.186,0.350,banana,fresh
25174999,24898,93.65,856.60,71.70,0.458,4.187,0.350,banana,fresh
25176009,24899,93.70,856.65,71.80,0.458,4.187,0.351,banana,fresh
25177021,24900,93.80,856.50,71.70,0.458,4.186,0.350,banana,fresh
25178032,24901,93.70,856.35,71.80,0.458,4.185,0.351,banana,fresh
25179042,24902,93.80,856.35,71.75,0.458,4.185,0.351,banana,fresh
25180054,24903,93.60,856.60,71.55,0.457,4.187,0.350,banana,fresh
25181065,24904,93.80,856.60,71.70,0.458,4.187,0.350,banana,fresh
25182076,24905,93.55,856.55,71.75,0.457,4.186,0.351,banana,fresh
25183087,24906,93.75,856.70,71.90,0.458,4.187,0.351,banana,fresh
25184099,24907,93.65,856.55,71.80,0.458,4.186,0.351,banana,fresh
25185110,24908,93.60,856.55,71.75,0.457,4.186,0.351,banana,fresh
25186121,24909,93.60,856.30,71.75,0.457,4.185,0.351,banana,fresh
25187132,24910,93.60,856.80,71.80,0.457,4.188,0.351,banana,fresh
25188143,24911,93.55,856.60,71.95,0.457,4.187,0.352,banana,fresh
25189154,24912,93.75,856.65,71.85,0.458,4.187,0.351,banana,fresh
25190165,24913,93.45,856.65,71.70,0.457,4.187,0.350,banana,fresh
25191177,24914,93.75,856.60,71.60,0.458,4.187,0.350,banana,fresh
25192187,24915,93.65,856.50,71.90,0.458,4.186,0.351,banana,fresh
25193199,24916,93.70,856.60,71.70,0.458,4.187,0.350,banana,fresh
25194210,24917,93.65,856.40,71.80,0.458,4.186,0.351,banana,fresh
25195220,24918,93.70,856.65,71.75,0.458,4.187,0.351,banana,fresh
25196232,24919,93.80,856.70,71.80,0.458,4.187,0.351,banana,fresh
25197243,24920,93.75,856.70,71.70,0.458,4.187,0.350,banana,fresh
25198255,24921,93.60,856.75,71.85,0.457,4.187,0.351,banana,fresh
25199265,24922,93.70,856.60,71.65,0.458,4.187,0.350,banana,fresh
25200277,24923,93.60,856.50,71.75,0.457,4.186,0.351,banana,fresh
25201288,24924,93.80,856.55,71.85,0.458,4.186,0.351,banana,fresh
25202299,24925,93.60,856.55,71.75,0.457,4.186,0.351,banana,fresh
25203310,24926,93.85,856.50,71.70,0.459,4.186,0.350,banana,fresh
25204321,24927,93.85,856.65,71.70,0.459,4.187,0.350,banana,fresh
25205332,24928,93.80,856.65,71.90,0.458,4.187,0.351,banana,fresh
25206343,24929,93.75,856.50,71.80,0.458,4.186,0.351,banana,fresh
25207355,24930,93.55,856.45,71.90,0.457,4.186,0.351,banana,fresh
25208366,24931,93.55,856.55,71.80,0.457,4.186,0.351,banana,fresh
25209377,24932,93.75,856.55,71.75,0.458,4.186,0.351,banana,fresh
25210388,24933,93.60,856.60,71.65,0.457,4.187,0.350,banana,fresh
25211399,24934,93.80,856.65,71.70,0.458,4.187,0.350,banana,fresh
25212410,24935,93.80,856.75,71.75,0.458,4.187,0.351,banana,fresh
25213421,24936,93.55,856.60,71.95,0.457,4.187,0.352,banana,fresh
25214433,24937,93.80,856.80,71.80,0.458,4.188,0.351,banana,fresh
25215443,24938,93.60,856.55,71.60,0.457,4.186,0.350,banana,fresh
25216455,24939,93.75,856.80,71.75,0.458,4.188,0.351,banana,fresh
25217466,24940,93.70,856.70,71.75,0.458,4.187,0.351,banana,fresh
25218478,24941,93.75,856.60,71.85,0.458,4.187,0.351,banana,fresh
25219488,24942,93.70,856.75,71.80,0.458,4.187,0.351,banana,fresh
25220499,24943,93.90,856.70,71.65,0.459,4.187,0.350,banana,fresh
25221511,24944,93.70,856.80,71.60,0.458,4.188,0.350,banana,fresh
25222521,24945,93.70,856.75,71.90,0.458,4.187,0.351,banana,fresh
25223533,24946,93.65,856.65,71.75,0.458,4.187,0.351,banana,fresh
25224544,24947,93.90,856.55,71.95,0.459,4.186,0.352,banana,fresh
25225555,24948,93.65,856.45,71.75,0.458,4.186,0.351,banana,fresh
25226566,24949,93.75,856.45,71.90,0.458,4.186,0.351,banana,fresh
25227577,24950,93.70,856.55,71.90,0.458,4.186,0.351,banana,fresh
25228589,24951,93.65,856.70,71.65,0.458,4.187,0.350,banana,fresh
25229599,24952,93.60,856.70,71.75,0.457,4.187,0.351,banana,fresh
25230611,24953,93.65,856.60,71.80,0.458,4.187,0.351,banana,fresh
25231622,24954,93.85,856.65,71.90,0.459,4.187,0.351,banana,fresh
25232633,24955,93.80,856.70,71.85,0.458,4.187,0.351,banana,fresh
25233644,24956,93.55,856.50,71.80,0.457,4.186,0.351,banana,fresh
25234655,24957,93.65,856.75,71.80,0.458,4.187,0.351,banana,fresh
25235666,24958,93.70,856.80,71.85,0.458,4.188,0.351,banana,fresh
25236677,24959,93.65,856.70,71.85,0.458,4.187,0.351,banana,fresh
25237689,24960,93.80,856.65,71.75,0.458,4.187,0.351,banana,fresh
25238700,24961,93.55,856.75,71.95,0.457,4.187,0.352,banana,fresh
25239711,24962,93.70,856.70,71.80,0.458,4.187,0.351,banana,fresh
25240722,24963,93.80,856.50,71.70,0.458,4.186,0.350,banana,fresh
25241734,24964,93.80,856.65,71.65,0.458,4.187,0.350,banana,fresh
25242744,24965,93.60,856.60,71.85,0.457,4.187,0.351,banana,fresh
25243755,24966,93.60,856.70,71.65,0.457,4.187,0.350,banana,fresh
25244767,24967,93.70,856.80,71.55,0.458,4.188,0.350,banana,fresh
25245777,24968,93.85,856.70,71.80,0.459,4.187,0.351,banana,fresh
25246789,24969,93.75,856.75,71.80,0.458,4.187,0.351,banana,fresh
25247800,24970,93.75,856.70,71.80,0.458,4.187,0.351,banana,fresh
25248812,24971,93.85,856.60,71.95,0.459,4.187,0.352,banana,fresh
25249822,24972,93.75,856.60,71.75,0.458,4.187,0.351,banana,fresh
25250834,24973,93.80,856.75,71.85,0.458,4.187,0.351,banana,fresh
25251845,24974,93.70,856.90,71.75,0.458,4.188,0.351,banana,fresh
25252855,24975,93.65,856.65,71.75,0.458,4.187,0.351,banana,fresh
25253867,24976,93.80,856.70,71.80,0.458,4.187,0.351,banana,fresh
25254878,24977,93.75,856.60,71.95,0.458,4.187,0.352,banana,fresh
25255889,24978,93.55,856.85,71.75,0.457,4.188,0.351,banana,fresh
25256900,24979,93.65,856.65,71.80,0.458,4.187,0.351,banana,fresh
25257912,24980,93.70,856.55,71.85,0.458,4.186,0.351,banana,fresh
25258923,24981,93.55,856.70,71.85,0.457,4.187,0.351,banana,fresh
25259933,24982,93.70,856.70,71.90,0.458,4.187,0.351,banana,fresh
25260945,24983,93.65,856.75,71.90,0.458,4.187,0.351,banana,fresh
25261956,24984,93.65,856.65,72.00,0.458,4.187,0.352,banana,fresh
25262967,24985,93.75,856.60,71.85,0.458,4.187,0.351,banana,fresh
25263978,24986,93.65,856.75,71.75,0.458,4.187,0.351,banana,fresh
25264990,24987,93.50,856.65,71.80,0.457,4.187,0.351,banana,fresh
25266000,24988,93.75,856.55,71.85,0.458,4.186,0.351,banana,fresh
25267012,24989,93.65,856.70,71.80,0.458,4.187,0.351,banana,fresh
25268023,24990,93.70,856.90,72.00,0.458,4.188,0.352,banana,fresh
25269033,24991,93.60,856.65,71.95,0.457,4.187,0.352,banana,fresh
25270045,24992,93.60,856.70,71.85,0.457,4.187,0.351,banana,fresh
25271056,24993,93.75,856.70,71.85,0.458,4.187,0.351,banana,fresh
25272068,24994,93.65,856.90,71.75,0.458,4.188,0.351,banana,fresh
25273078,24995,93.60,856.50,71.85,0.457,4.186,0.351,banana,fresh
25274090,24996,93.60,856.80,71.65,0.457,4.188,0.350,banana,fresh
25275101,24997,93.65,856.75,71.80,0.458,4.187,0.351,banana,fresh
25276111,24998,93.60,856.70,71.65,0.457,4.187,0.350,banana,fresh
25277123,24999,93.55,856.85,71.90,0.457,4.188,0.351,banana,fresh
25278134,25000,93.75,856.75,71.90,0.458,4.187,0.351,banana,fresh
25279145,25001,93.70,856.65,71.75,0.458,4.187,0.351,banana,fresh
25280156,25002,93.70,856.75,71.90,0.458,4.187,0.351,banana,fresh
25281168,25003,93.60,856.90,71.95,0.457,4.188,0.352,banana,fresh
25282179,25004,93.65,856.65,71.95,0.458,4.187,0.352,banana,fresh
25283190,25005,93.80,856.75,71.80,0.458,4.187,0.351,banana,fresh
25284201,25006,93.55,856.80,71.80,0.457,4.188,0.351,banana,fresh
25285212,25007,93.55,856.80,71.80,0.457,4.188,0.351,banana,fresh
25286223,25008,93.70,856.55,71.80,0.458,4.186,0.351,banana,fresh
25287234,25009,93.60,856.55,71.70,0.457,4.186,0.350,banana,fresh
25288246,25010,93.70,856.80,71.85,0.458,4.188,0.351,banana,fresh
25289256,25011,93.75,856.80,71.85,0.458,4.188,0.351,banana,fresh
25290268,25012,93.55,856.70,71.95,0.457,4.187,0.352,banana,fresh
25291279,25013,93.70,856.85,71.70,0.458,4.188,0.350,banana,fresh
25292290,25014,93.80,856.70,71.90,0.458,4.187,0.351,banana,fresh
25293301,25015,93.55,856.70,71.90,0.457,4.187,0.351,banana,fresh
25294312,25016,93.65,856.70,71.80,0.458,4.187,0.351,banana,fresh
25295324,25017,93.60,856.80,71.85,0.457,4.188,0.351,banana,fresh
25296334,25018,93.75,856.65,71.90,0.458,4.187,0.351,banana,fresh
25297346,25019,93.70,856.70,71.80,0.458,4.187,0.351,banana,fresh
25298357,25020,93.70,856.65,71.90,0.458,4.187,0.351,banana,fresh
25299367,25021,93.55,856.70,71.75,0.457,4.187,0.351,banana,fresh
25300379,25022,93.60,856.75,71.70,0.457,4.187,0.350,banana,fresh
25301390,25023,93.90,856.70,71.90,0.459,4.187,0.351,banana,fresh
25302402,25024,93.85,856.75,71.75,0.459,4.187,0.351,banana,fresh
25303412,25025,93.80,856.80,71.75,0.458,4.188,0.351,banana,fresh
25304424,25026,93.60,856.85,71.70,0.457,4.188,0.350,banana,fresh
25305435,25027,93.90,856.85,71.70,0.459,4.188,0.350,banana,fresh
25306446,25028,93.70,856.75,71.90,0.458,4.187,0.351,banana,fresh
25307457,25029,93.80,856.80,71.60,0.458,4.188,0.350,banana,fresh
25308468,25030,93.55,856.55,71.85,0.457,4.186,0.351,banana,fresh
25309479,25031,93.75,856.70,71.90,0.458,4.187,0.351,banana,fresh
25310490,25032,93.65,856.85,71.90,0.458,4.188,0.351,banana,fresh
25311502,25033,93.60,856.80,71.85,0.457,4.188,0.351,banana,fresh
25312513,25034,93.80,856.70,71.90,0.458,4.187,0.351,banana,fresh
25313524,25035,93.65,856.75,71.90,0.458,4.187,0.351,banana,fresh
25314535,25036,93.55,856.75,71.85,0.457,4.187,0.351,banana,fresh
25315547,25037,93.50,856.75,71.85,0.457,4.187,0.351,banana,fresh
25316557,25038,93.75,856.70,71.85,0.458,4.187,0.351,banana,fresh
25317568,25039,93.75,856.65,71.80,0.458,4.187,0.351,banana,fresh
25318580,25040,93.60,856.75,71.85,0.457,4.187,0.351,banana,fresh
25319590,25041,93.70,856.75,71.75,0.458,4.187,0.351,banana,fresh
25320602,25042,93.65,856.75,71.75,0.458,4.187,0.351,banana,fresh
25321613,25043,93.50,856.55,71.85,0.457,4.186,0.351,banana,fresh
25322625,25044,93.70,856.75,71.85,0.458,4.187,0.351,banana,fresh
25323635,25045,93.75,856.55,71.95,0.458,4.186,0.352,banana,fresh
25324646,25046,93.70,856.85,71.85,0.458,4.188,0.351,banana,fresh
25325658,25047,93.60,856.60,71.95,0.457,4.187,0.352,banana,fresh
25326668,25048,93.60,856.60,71.85,0.457,4.187,0.351,banana,fresh
25327680,25049,93.60,856.85,71.95,0.457,4.188,0.352,banana,fresh
25328691,25050,93.85,856.80,71.75,0.459,4.188,0.351,banana,fresh
25329702,25051,93.70,856.65,71.85,0.458,4.187,0.351,banana,fresh
25330713,25052,93.55,856.90,71.75,0.457,4.188,0.351,banana,fresh
25331725,25053,93.75,856.85,71.80,0.458,4.188,0.351,banana,fresh
25332736,25054,93.70,856.70,71.90,0.458,4.187,0.351,banana,fresh
25333746,25055,93.60,856.60,71.85,0.457,4.187,0.351,banana,fresh
25334758,25056,93.45,856.75,71.80,0.457,4.187,0.351,banana,fresh
25335769,25057,93.80,856.75,71.80,0.458,4.187,0.351,banana,fresh
25336780,25058,93.60,856.60,71.90,0.457,4.187,0.351,banana,fresh
25337791,25059,93.75,856.75,71.85,0.458,4.187,0.351,banana,fresh
25338803,25060,93.45,856.70,71.95,0.457,4.187,0.352,banana,fresh
25339813,25061,93.80,856.80,71.95,0.458,4.188,0.352,banana,fresh
25340824,25062,93.70,856.75,71.90,0.458,4.187,0.351,banana,fresh
25341836,25063,93.90,856.90,71.90,0.459,4.188,0.351,banana,fresh
25342846,25064,93.65,856.60,71.75,0.458,4.187,0.351,banana,fresh
25343858,25065,93.45,856.75,72.00,0.457,4.187,0.352,banana,fresh
25344869,25066,93.75,856.65,72.00,0.458,4.187,0.352,banana,fresh
25345881,25067,93.50,856.65,71.90,0.457,4.187,0.351,banana,fresh
25346891,25068,93.40,856.70,71.80,0.457,4.187,0.351,banana,fresh
25347903,25069,93.80,856.70,71.95,0.458,4.187,0.352,banana,fresh
25348914,25070,93.60,856.75,71.75,0.457,4.187,0.351,banana,fresh
25349924,25071,93.65,856.80,71.85,0.458,4.188,0.351,banana,fresh
25350936,25072,93.60,856.70,71.95,0.457,4.187,0.352,banana,fresh
25351947,25073,93.50,856.80,71.85,0.457,4.188,0.351,banana,fresh
25352958,25074,93.45,856.60,71.90,0.457,4.187,0.351,banana,fresh
25353969,25075,93.70,856.95,71.90,0.458,4.188,0.351,banana,fresh
25354981,25076,93.60,856.70,71.85,0.457,4.187,0.351,banana,fresh
25355992,25077,93.60,856.80,71.85,0.457,4.188,0.351,banana,fresh
25357002,25078,93.55,856.75,71.90,0.457,4.187,0.351,banana,fresh
25358014,25079,93.80,856.85,71.75,0.458,4.188,0.351,banana,fresh
25359025,25080,93.60,856.70,71.90,0.457,4.187,0.351,banana,fresh
25360036,25081,93.75,856.90,71.95,0.458,4.188,0.352,banana,fresh
25361047,25082,93.65,856.70,72.00,0.458,4.187,0.352,banana,fresh
25362059,25083,93.85,856.70,71.75,0.459,4.187,0.351,banana,fresh
25363069,25084,93.55,856.70,71.85,0.457,4.187,0.351,banana,fresh
25364080,25085,93.60,856.85,71.85,0.457,4.188,0.351,banana,fresh
25365092,25086,93.70,856.95,71.80,0.458,4.188,0.351,banana,fresh
25366103,25087,93.70,856.85,71.95,0.458,4.188,0.352,banana,fresh
25367114,25088,93.75,856.80,71.95,0.458,4.188,0.352,banana,fresh
25368125,25089,93.70,856.90,71.80,0.458,4.188,0.351,banana,fresh
25369137,25090,93.40,856.80,71.85,0.457,4.188,0.351,banana,fresh
25370147,25091,93.55,856.65,71.85,0.457,4.187,0.351,banana,fresh
25371159,25092,93.60,856.80,71.90,0.457,4.188,0.351,banana,fresh
25372170,25093,93.75,856.75,72.00,0.458,4.187,0.352,banana,fresh
25373180,25094,93.65,856.80,71.85,0.458,4.188,0.351,banana,fresh
25374192,25095,93.60,856.80,71.95,0.457,4.188,0.352,banana,fresh
25375203,25096,93.70,856.70,72.00,0.458,4.187,0.352,banana,fresh
25376215,25097,93.55,856.70,71.90,0.457,4.187,0.351,banana,fresh
25377225,25098,93.75,856.85,71.80,0.458,4.188,0.351,banana,fresh
25378237,25099,93.50,856.70,71.85,0.457,4.187,0.351,banana,fresh
25379248,25100,93.60,856.95,71.75,0.457,4.188,0.351,banana,fresh
25380258,25101,93.50,856.70,71.80,0.457,4.187,0.351,banana,fresh
25381270,25102,93.75,856.80,71.95,0.458,4.188,0.352,banana,fresh
25382281,25103,93.50,856.75,71.80,0.457,4.187,0.351,banana,fresh
25383292,25104,93.65,856.80,71.85,0.458,4.188,0.351,banana,fresh
25384303,25105,93.50,856.80,71.85,0.457,4.188,0.351,banana,fresh
25385315,25106,93.65,856.85,71.85,0.458,4.188,0.351,banana,fresh
25386326,25107,93.45,856.75,71.95,0.457,4.187,0.352,banana,fresh
25387337,25108,93.75,856.80,71.70,0.458,4.188,0.350,banana,fresh
25388348,25109,93.60,856.95,71.75,0.457,4.188,0.351,banana,fresh
25389359,25110,93.50,856.90,71.85,0.457,4.188,0.351,banana,fresh
25390370,25111,93.55,856.90,71.85,0.457,4.188,0.351,banana,fresh
25391381,25112,93.75,856.90,71.90,0.458,4.188,0.351,banana,fresh
25392393,25113,93.60,856.65,71.95,0.457,4.187,0.352,banana,fresh
25393403,25114,93.55,856.90,71.85,0.457,4.188,0.351,banana,fresh
25394415,25115,93.60,856.70,71.90,0.457,4.187,0.351,banana,fresh
25395426,25116,93.60,856.65,71.85,0.457,4.187,0.351,banana,fresh
25396436,25117,93.80,856.70,71.65,0.458,4.187,0.350,banana,fresh
25397448,25118,93.65,856.75,71.95,0.458,4.187,0.352,banana,fresh
25398459,25119,93.65,856.75,71.95,0.458,4.187,0.352,banana,fresh
25399471,25120,93.55,856.75,71.95,0.457,4.187,0.352,banana,fresh
25400481,25121,93.65,856.85,71.85,0.458,4.188,0.351,banana,fresh
25401493,25122,93.65,856.95,71.85,0.458,4.188,0.351,banana,fresh
25402504,25123,93.55,856.75,71.70,0.457,4.187,0.350,banana,fresh
25403515,25124,93.65,856.85,71.65,0.458,4.188,0.350,banana,fresh
25404526,25125,93.40,856.85,71.85,0.457,4.188,0.351,banana,fresh
25405537,25126,93.35,856.85,71.90,0.456,4.188,0.351,banana,fresh
25406548,25127,93.45,856.85,71.90,0.457,4.188,0.351,banana,fresh
25407559,25128,93.60,856.90,71.85,0.457,4.188,0.351,banana,fresh
25408571,25129,93.55,856.90,71.85,0.457,4.188,0.351,banana,fresh
25409582,25130,93.70,856.80,71.75,0.458,4.188,0.351,banana,fresh
25410593,25131,93.55,856.80,72.00,0.457,4.188,0.352,banana,fresh
25411604,25132,93.65,856.90,71.80,0.458,4.188,0.351,banana,fresh
25412615,25133,93.80,856.90,71.90,0.458,4.188,0.351,banana,fresh
25413626,25134,93.75,856.90,71.60,0.458,4.188,0.350,banana,fresh
25414637,25135,93.60,856.95,71.90,0.457,4.188,0.351,banana,fresh
25415649,25136,93.70,856.95,71.85,0.458,4.188,0.351,banana,fresh
25416659,25137,93.80,856.80,71.95,0.458,4.188,0.352,banana,fresh
25417671,25138,93.75,856.65,71.85,0.458,4.187,0.351,banana,fresh
25418682,25139,93.70,856.90,71.95,0.458,4.188,0.352,banana,fresh
25419693,25140,93.70,856.90,71.90,0.458,4.188,0.351,banana,fresh
25420704,25141,93.65,856.90,71.80,0.458,4.188,0.351,banana,fresh
25421715,25142,93.70,856.85,71.85,0.458,4.188,0.351,banana,fresh
25422727,25143,93.70,856.80,71.75,0.458,4.188,0.351,banana,fresh
25423737,25144,93.50,856.80,71.85,0.457,4.188,0.351,banana,fresh
25424749,25145,93.70,856.80,71.85,0.458,4.188,0.351,banana,fresh
25425760,25146,93.75,856.95,71.85,0.458,4.188,0.351,banana,fresh
25426771,25147,93.65,856.95,71.90,0.458,4.188,0.351,banana,fresh
25427782,25148,93.65,856.90,71.90,0.458,4.188,0.351,banana,fresh
25428793,25149,93.55,856.80,71.80,0.457,4.188,0.351,banana,fresh
25429805,25150,93.80,856.90,71.90,0.458,4.188,0.351,banana,fresh
25430815,25151,93.45,856.80,72.00,0.457,4.188,0.352,banana,fresh
25431827,25152,93.70,856.90,71.90,0.458,4.188,0.351,banana,fresh
25432838,25153,93.60,856.90,71.85,0.457,4.188,0.351,banana,fresh
25433849,25154,93.75,856.80,71.95,0.458,4.188,0.352,banana,fresh
25434860,25155,93.70,856.90,71.80,0.458,4.188,0.351,banana,fresh
25435871,25156,93.50,856.65,71.95,0.457,4.187,0.352,banana,fresh
25436882,25157,93.70,856.90,71.95,0.458,4.188,0.352,banana,fresh
25437893,25158,93.70,856.75,71.90,0.458,4.187,0.351,banana,fresh
25438905,25159,93.60,856.90,71.90,0.457,4.188,0.351,banana,fresh
25439916,25160,93.50,856.95,71.95,0.457,4.188,0.352,banana,fresh
25440927,25161,93.55,856.95,71.80,0.457,4.188,0.351,banana,fresh
25441938,25162,93.55,856.80,71.90,0.457,4.188,0.351,banana,fresh
25442949,25163,93.80,856.85,71.95,0.458,4.188,0.352,banana,fresh
25443960,25164,93.70,856.80,71.95,0.458,4.188,0.352,banana,fresh
25444971,25165,93.65,856.95,71.90,0.458,4.188,0.351,banana,fresh
25445983,25166,93.80,856.85,72.00,0.458,4.188,0.352,banana,fresh
25446993,25167,93.55,856.70,71.90,0.457,4.187,0.351,banana,fresh
25448005,25168,93.55,856.95,71.80,0.457,4.188,0.351,banana,fresh
25449016,25169,93.50,856.90,71.85,0.457,4.188,0.351,banana,fresh
25450027,25170,93.80,856.95,71.95,0.458,4.188,0.352,banana,fresh
25451038,25171,93.60,856.95,71.90,0.457,4.188,0.351,banana,fresh
25452049,25172,93.60,856.90,71.90,0.457,4.188,0.351,banana,fresh
25453061,25173,93.75,856.80,71.85,0.458,4.188,0.351,banana,fresh
25454071,25174,93.85,856.95,71.90,0.459,4.188,0.351,banana,fresh
25455083,25175,93.80,856.95,71.95,0.458,4.188,0.352,banana,fresh
25456094,25176,93.55,857.00,71.80,0.457,4.189,0.351,banana,fresh
25457105,25177,93.65,856.90,71.85,0.458,4.188,0.351,banana,fresh
25458116,25178,93.55,856.95,71.95,0.457,4.188,0.352,banana,fresh
25459127,25179,93.65,856.95,71.75,0.458,4.188,0.351,banana,fresh
25460139,25180,93.65,856.90,71.90,0.458,4.188,0.351,banana,fresh
25461149,25181,93.65,856.90,71.90,0.458,4.188,0.351,banana,fresh
25462161,25182,93.80,857.00,71.95,0.458,4.189,0.352,banana,fresh
25463172,25183,93.55,856.90,71.85,0.457,4.188,0.351,banana,fresh
25464183,25184,93.55,857.00,71.90,0.457,4.189,0.351,banana,fresh
25465194,25185,93.60,857.00,71.90,0.457,4.189,0.351,banana,fresh
25466205,25186,93.70,856.95,71.95,0.458,4.188,0.352,banana,fresh
25467216,25187,93.75,857.00,71.90,0.458,4.189,0.351,banana,fresh
25468227,25188,93.45,856.95,72.00,0.457,4.188,0.352,banana,fresh
25469239,25189,93.55,856.90,71.85,0.457,4.188,0.351,banana,fresh
25470249,25190,93.70,857.00,71.90,0.458,4.189,0.351,banana,fresh
25471261,25191,93.60,857.00,72.00,0.457,4.189,0.352,banana,fresh
25472272,25192,93.75,856.90,72.00,0.458,4.188,0.352,banana,fresh
25473284,25193,93.75,856.95,71.85,0.458,4.188,0.351,banana,fresh
25474294,25194,93.60,856.90,72.00,0.457,4.188,0.352,banana,fresh
25475305,25195,93.60,856.95,71.90,0.457,4.188,0.351,banana,fresh
25476317,25196,93.65,856.95,72.00,0.458,4.188,0.352,banana,fresh
25477327,25197,93.85,856.95,71.95,0.459,4.188,0.352,banana,fresh
25478339,25198,93.75,856.90,71.95,0.458,4.188,0.352,banana,fresh
25479350,25199,93.50,857.00,71.90,0.457,4.189,0.351,banana,fresh
25480361,25200,93.65,856.95,71.95,0.458,4.188,0.352,banana,fresh
25481372,25201,93.60,856.95,71.90,0.457,4.188,0.351,banana,fresh
25482383,25202,93.65,856.90,71.85,0.458,4.188,0.351,banana,fresh
25483395,25203,93.75,856.95,71.95,0.458,4.188,0.352,banana,fresh
25484405,25204,93.60,856.85,71.90,0.457,4.188,0.351,banana,fresh
25485417,25205,93.70,857.00,72.00,0.458,4.189,0.352,banana,fresh
25486428,25206,93.50,856.90,72.00,0.457,4.188,0.352,banana,fresh
25487439,25207,93.70,856.90,71.95,0.458,4.188,0.352,banana,fresh
25488450,25208,93.50,857.00,71.95,0.457,4.189,0.352,banana,fresh
25489461,25209,93.70,857.00,71.90,0.458,4.189,0.351,banana,fresh
25490472,25210,93.65,857.00,71.90,0.458,4.189,0.351,banana,fresh
25491483,25211,93.80,856.90,71.95,0.458,4.188,0.352,banana,fresh
25492495,25212,93.75,856.95,71.90,0.458,4.188,0.351,banana,fresh
25493506,25213,93.75,857.00,71.95,0.458,4.189,0.352,banana,fresh
25494517,25214,93.70,857.00,71.95,0.458,4.189,0.352,banana,fresh
25495528,25215,93.55,857.00,71.90,0.457,4.189,0.351,banana,fresh
25496539,25216,93.90,857.00,71.90,0.459,4.189,0.351,banana,fresh
25497550,25217,93.70,856.95,72.00,0.458,4.188,0.352,banana,fresh
25498561,25218,93.80,857.00,71.90,0.458,4.189,0.351,banana,fresh
25499573,25219,93.90,856.95,72.00,0.459,4.188,0.352,banana,fresh
25500583,25220,93.70,857.00,71.90,0.458,4.189,0.351,banana,fresh
25501595,25221,93.65,856.95,71.90,0.458,4.188,0.351,banana,fresh
25502606,25222,93.55,857.00,71.90,0.457,4.189,0.351,banana,fresh
25503618,25223,93.80,857.00,71.85,0.458,4.189,0.351,banana,fresh
25504628,25224,93.65,857.00,71.90,0.458,4.189,0.351,banana,fresh
25505639,25225,93.85,856.95,71.95,0.459,4.188,0.352,banana,fresh
25506651,25226,93.80,856.95,71.90,0.458,4.188,0.351,banana,fresh
25507661,25227,93.55,857.00,71.90,0.457,4.189,0.351,banana,fresh
25508673,25228,93.75,857.00,71.95,0.458,4.189,0.352,banana,fresh
25509684,25229,93.75,856.95,71.95,0.458,4.188,0.352,banana,fresh
25510695,25230,93.70,857.00,71.90,0.458,4.189,0.351,banana,fresh
25511706,25231,93.90,856.95,71.90,0.459,4.188,0.351,banana,fresh
25512717,25232,93.65,857.00,71.90,0.458,4.189,0.351,banana,fresh
25513729,25233,93.75,857.00,71.90,0.458,4.189,0.351,banana,fresh
25514739,25234,93.80,856.95,72.00,0.458,4.188,0.352,banana,fresh
25515751,25235,93.70,856.95,71.95,0.458,4.188,0.352,banana,fresh
25516762,25236,93.60,857.00,71.90,0.457,4.189,0.351,banana,fresh
25517773,25237,93.60,857.00,71.90,0.457,4.189,0.351,banana,fresh
25518784,25238,93.55,856.95,72.00,0.457,4.188,0.352,banana,fresh
25519795,25239,93.60,857.00,71.95,0.457,4.189,0.352,banana,fresh
25520806,25240,93.60,856.95,72.00,0.457,4.188,0.352,banana,fresh
25521817,25241,93.55,857.00,72.00,0.457,4.189,0.352,banana,fresh
25522829,25242,93.50,857.00,71.95,0.457,4.189,0.352,banana,fresh
25523840,25243,93.60,857.00,71.90,0.457,4.189,0.351,banana,fresh
25524851,25244,93.70,856.95,71.95,0.458,4.188,0.352,banana,fresh
25525862,25245,93.75,856.95,72.00,0.458,4.188,0.352,banana,fresh
25526873,25246,93.60,857.00,71.85,0.457,4.189,0.351,banana,fresh
25527884,25247,93.85,857.00,71.95,0.459,4.189,0.352,banana,fresh
25528895,25248,93.60,857.00,71.85,0.457,4.189,0.351,banana,fresh
25529907,25249,93.75,856.95,71.95,0.458,4.188,0.352,banana,fresh
25530917,25250,93.70,857.00,72.00,0.458,4.189,0.352,banana,fresh
25531929,25251,93.60,856.95,71.85,0.457,4.188,0.351,banana,fresh
25532940,25252,93.90,857.00,71.95,0.459,4.189,0.352,banana,fresh
25533950,25253,93.85,856.90,71.95,0.459,4.188,0.352,banana,fresh
25534962,25254,93.85,857.00,71.90,0.459,4.189,0.351,banana,fresh
25535973,25255,93.80,857.00,71.95,0.458,4.189,0.352,banana,fresh
25536985,25256,93.70,856.95,72.00,0.458,4.188,0.352,banana,fresh
25537995,25257,93.65,857.00,71.95,0.458,4.189,0.352,banana,fresh
25539007,25258,93.75,856.95,71.95,0.458,4.188,0.352,banana,fresh
25540018,25259,93.75,857.00,72.00,0.458,4.189,0.352,banana,fresh
25541028,25260,93.60,857.00,71.95,0.457,4.189,0.352,banana,fresh
25542040,25261,93.70,857.00,71.90,0.458,4.189,0.351,banana,fresh
25543051,25262,93.55,857.00,71.90,0.457,4.189,0.351,banana,fresh
25544062,25263,93.55,857.00,71.90,0.457,4.189,0.351,banana,fresh
25545073,25264,93.80,856.95,72.00,0.458,4.188,0.352,banana,fresh
25546085,25265,93.65,857.00,72.00,0.458,4.189,0.352,banana,fresh
25547096,25266,93.60,857.00,71.90,0.457,4.189,0.351,banana,fresh
25548106,25267,93.60,857.00,71.95,0.457,4.189,0.352,banana,fresh
25549118,25268,93.55,857.00,71.95,0.457,4.189,0.352,banana,fresh
25550129,25269,93.70,857.00,71.90,0.458,4.189,0.351,banana,fresh
25551140,25270,93.55,856.95,71.95,0.457,4.188,0.352,banana,fresh
25552151,25271,93.60,857.00,71.95,0.457,4.189,0.352,banana,fresh
25553163,25272,93.70,857.00,72.00,0.458,4.189,0.352,banana,fresh
25554173,25273,93.70,857.00,72.00,0.458,4.189,0.352,banana,fresh
25555184,25274,93.70,857.00,71.95,0.458,4.189,0.352,banana,fresh
25556196,25275,93.70,857.00,72.00,0.458,4.189,0.352,banana,fresh
25557207,25276,93.70,857.00,71.90,0.458,4.189,0.351,banana,fresh
25558218,25277,93.60,857.00,71.95,0.457,4.189,0.352,banana,fresh
25559229,25278,93.55,857.00,72.00,0.457,4.189,0.352,banana,fresh
25560241,25279,93.70,857.00,71.90,0.458,4.189,0.351,banana,fresh
25561251,25280,93.50,857.00,71.95,0.457,4.189,0.352,banana,fresh
25562262,25281,93.60,856.95,71.90,0.457,4.188,0.351,banana,fresh
25563274,25282,93.70,857.00,71.95,0.458,4.189,0.352,banana,fresh
25564284,25283,93.65,857.00,71.85,0.458,4.189,0.351,banana,fresh
25565296,25284,93.55,857.00,72.00,0.457,4.189,0.352,banana,fresh
25566307,25285,93.70,857.00,71.95,0.458,4.189,0.352,banana,fresh
25567319,25286,93.70,857.00,71.85,0.458,4.189,0.351,banana,fresh
25568329,25287,93.70,857.05,72.00,0.458,4.189,0.352,banana,fresh
25569340,25288,93.70,857.00,71.95,0.458,4.189,0.352,banana,fresh
25570352,25289,93.70,857.00,71.85,0.458,4.189,0.351,banana,fresh
25571362,25290,93.40,857.00,72.00,0.457,4.189,0.352,banana,fresh
25572374,25291,93.70,857.00,71.90,0.458,4.189,0.351,banana,fresh
25573385,25292,93.65,856.95,71.90,0.458,4.188,0.351,banana,fresh
25574396,25293,93.80,857.00,71.95,0.458,4.189,0.352,banana,fresh
25575407,25294,93.65,857.00,71.85,0.458,4.189,0.351,banana,fresh
25576418,25295,93.60,857.00,72.00,0.457,4.189,0.352,banana,fresh
25577430,25296,93.55,857.00,71.95,0.457,4.189,0.352,banana,fresh
25578440,25297,93.45,857.00,71.95,0.457,4.189,0.352,banana,fresh
25579452,25298,93.90,857.00,71.95,0.459,4.189,0.352,banana,fresh
25580463,25299,93.65,857.00,72.00,0.458,4.189,0.352,banana,fresh
25581474,25300,93.65,857.00,71.95,0.458,4.189,0.352,banana,fresh
25582485,25301,93.85,857.00,71.90,0.459,4.189,0.351,banana,fresh
25583496,25302,93.65,857.00,71.85,0.458,4.189,0.351,banana,fresh
25584507,25303,93.75,857.00,72.00,0.458,4.189,0.352,banana,fresh
25585518,25304,93.60,857.00,71.95,0.457,4.189,0.352,banana,fresh
25586530,25305,93.70,857.00,71.95,0.458,4.189,0.352,banana,fresh
25587540,25306,93.70,856.95,71.90,0.458,4.188,0.351,banana,fresh
25588552,25307,93.85,857.00,72.00,0.459,4.189,0.352,banana,fresh
25589563,25308,93.65,856.95,72.00,0.458,4.188,0.352,banana,fresh
25590574,25309,93.70,857.00,71.95,0.458,4.189,0.352,banana,fresh
25591585,25310,93.85,857.00,71.95,0.459,4.189,0.352,banana,fresh
25592596,25311,93.70,857.00,72.00,0.458,4.189,0.352,banana,fresh
25593608,25312,93.50,857.00,71.95,0.457,4.189,0.352,banana,fresh
25594618,25313,93.60,856.95,72.00,0.457,4.188,0.352,banana,fresh
25595630,25314,93.65,857.00,72.00,0.458,4.189,0.352,banana,fresh
25596641,25315,93.65,856.95,72.00,0.458,4.188,0.352,banana,fresh
25597651,25316,93.75,856.95,72.00,0.458,4.188,0.352,banana,fresh
25598663,25317,93.60,857.00,72.00,0.457,4.189,0.352,banana,fresh
25599674,25318,93.70,857.00,72.00,0.458,4.189,0.352,banana,fresh
25600686,25319,93.60,857.00,71.95,0.457,4.189,0.352,banana,fresh
25601696,25320,93.85,856.95,71.90,0.459,4.188,0.351,banana,fresh
25602708,25321,93.70,857.00,71.95,0.458,4.189,0.352,banana,fresh
25603719,25322,93.70,857.00,71.95,0.458,4.189,0.352,banana,fresh
25604729,25323,93.75,857.00,71.95,0.458,4.189,0.352,banana,fresh
25605741,25324,93.65,857.00,71.95,0.458,4.189,0.352,banana,fresh
25606752,25325,93.80,856.95,72.00,0.458,4.188,0.352,banana,fresh
25607763,25326,93.75,857.00,71.90,0.458,4.189,0.351,banana,fresh
25608774,25327,93.75,856.95,71.95,0.458,4.188,0.352,banana,fresh
25609786,25328,93.70,857.05,71.95,0.458,4.189,0.352,banana,fresh
25610797,25329,93.70,857.00,71.95,0.458,4.189,0.352,banana,fresh
25611807,25330,93.70,857.00,71.95,0.458,4.189,0.352,banana,fresh
25612819,25331,93.60,857.00,71.90,0.457,4.189,0.351,banana,fresh
25613830,25332,93.55,857.00,71.95,0.457,4.189,0.352,banana,fresh
25614841,25333,93.80,857.00,71.90,0.458,4.189,0.351,banana,fresh
25615852,25334,93.60,856.95,71.85,0.457,4.188,0.351,banana,fresh
25616864,25335,93.70,857.00,72.00,0.458,4.189,0.352,banana,fresh
25617874,25336,93.70,857.00,71.80,0.458,4.189,0.351,banana,fresh
25618885,25337,93.55,857.00,71.90,0.457,4.189,0.351,banana,fresh
25619897,25338,93.50,857.00,71.80,0.457,4.189,0.351,banana,fresh
25620908,25339,93.70,857.00,71.95,0.458,4.189,0.352,banana,fresh
25621919,25340,93.60,856.95,71.95,0.457,4.188,0.352,banana,fresh
25622930,25341,93.65,857.00,71.95,0.458,4.189,0.352,banana,fresh
25623942,25342,93.75,857.00,71.90,0.458,4.189,0.351,banana,fresh
25624952,25343,93.60,856.95,72.00,0.457,4.188,0.352,banana,fresh
25625963,25344,93.70,857.00,71.90,0.458,4.189,0.351,banana,fresh
25626975,25345,93.45,857.00,71.95,0.457,4.189,0.352,banana,fresh
25627985,25346,93.70,857.00,71.90,0.458,4.189,0.351,banana,fresh
25628997,25347,93.55,857.00,71.90,0.457,4.189,0.351,banana,fresh
25630008,25348,93.45,857.00,71.85,0.457,4.189,0.351,banana,fresh
25631020,25349,93.80,856.95,71.85,0.458,4.188,0.351,banana,fresh
25632030,25350,93.65,857.00,71.95,0.458,4.189,0.352,banana,fresh
25633041,25351,93.65,857.00,71.85,0.458,4.189,0.351,banana,fresh
25634053,25352,93.80,857.00,71.95,0.458,4.189,0.352,banana,fresh
25635063,25353,93.70,857.00,72.00,0.458,4.189,0.352,banana,fresh
25636075,25354,93.60,856.95,71.95,0.457,4.188,0.352,banana,fresh
25637086,25355,93.70,857.00,71.90,0.458,4.189,0.351,banana,fresh
25638097,25356,93.60,857.00,71.90,0.457,4.189,0.351,banana,fresh
25639108,25357,93.70,857.00,71.90,0.458,4.189,0.351,banana,fresh
25640119,25358,93.45,857.00,71.85,0.457,4.189,0.351,banana,fresh
25641131,25359,93.60,856.95,71.90,0.457,4.188,0.351,banana,fresh
25642141,25360,93.60,857.00,71.95,0.457,4.189,0.352,banana,fresh
25643153,25361,93.50,857.05,71.80,0.457,4.189,0.351,banana,fresh
25644164,25362,93.55,857.00,71.90,0.457,4.189,0.351,banana,fresh
25645175,25363,93.55,857.00,71.95,0.457,4.189,0.352,banana,fresh
25646186,25364,93.75,857.00,71.85,0.458,4.189,0.351,banana,fresh
25647197,25365,93.60,857.00,71.90,0.457,4.189,0.351,banana,fresh
25648208,25366,93.65,857.00,72.00,0.458,4.189,0.352,banana,fresh
25649219,25367,93.60,857.00,72.00,0.457,4.189,0.352,banana,fresh
25650231,25368,93.70,857.00,71.85,0.458,4.189,0.351,banana,fresh
25651241,25369,93.50,857.00,71.80,0.457,4.189,0.351,banana,fresh
25652253,25370,93.70,857.00,71.80,0.458,4.189,0.351,banana,fresh
25653264,25371,93.65,857.00,71.85,0.458,4.189,0.351,banana,fresh
25654275,25372,93.70,857.00,72.00,0.458,4.189,0.352,banana,fresh
25655286,25373,93.45,857.00,71.90,0.457,4.189,0.351,banana,fresh
25656297,25374,93.45,857.00,71.95,0.457,4.189,0.352,banana,fresh
25657309,25375,93.65,857.00,71.85,0.458,4.189,0.351,banana,fresh
25658319,25376,93.55,857.00,71.80,0.457,4.189,0.351,banana,fresh
25659330,25377,93.55,857.00,71.90,0.457,4.189,0.351,banana,fresh
25660342,25378,93.65,857.00,71.85,0.458,4.189,0.351,banana,fresh
25661352,25379,93.55,856.95,71.90,0.457,4.188,0.351,banana,fresh
25662364,25380,93.60,857.00,71.85,0.457,4.189,0.351,banana,fresh
25663375,25381,93.85,857.00,71.65,0.459,4.189,0.350,banana,fresh
25664387,25382,93.65,856.95,71.95,0.458,4.188,0.352,banana,fresh
25665397,25383,93.70,857.00,71.95,0.458,4.189,0.352,banana,fresh
25666408,25384,93.45,857.00,71.90,0.457,4.189,0.351,banana,fresh
25667420,25385,93.75,856.95,71.90,0.458,4.188,0.351,banana,fresh
25668430,25386,93.70,857.00,71.80,0.458,4.189,0.351,banana,fresh
25669442,25387,93.40,857.00,71.80,0.457,4.189,0.351,banana,fresh
25670453,25388,93.60,857.00,71.75,0.457,4.189,0.351,banana,fresh
25671464,25389,93.75,856.90,71.85,0.458,4.188,0.351,banana,fresh
25672475,25390,93.70,856.95,71.70,0.458,4.188,0.350,banana,fresh
25673487,25391,93.40,856.95,72.00,0.457,4.188,0.352,banana,fresh
25674498,25392,93.45,857.00,71.95,0.457,4.189,0.352,banana,fresh
25675508,25393,93.70,857.00,71.95,0.458,4.189,0.352,banana,fresh
25676520,25394,93.60,857.00,71.90,0.457,4.189,0.351,banana,fresh
25677531,25395,93.55,857.00,71.85,0.457,4.189,0.351,banana,fresh
25678542,25396,93.35,857.00,71.80,0.456,4.189,0.351,banana,fresh
25679553,25397,93.45,857.05,71.90,0.457,4.189,0.351,banana,fresh
25680565,25398,93.75,857.00,71.75,0.458,4.189,0.351,banana,fresh
25681575,25399,93.65,857.00,71.85,0.458,4.189,0.351,banana,fresh
25682586,25400,93.55,857.00,71.90,0.457,4.189,0.351,banana,fresh
25683598,25401,93.60,857.00,71.85,0.457,4.189,0.351,banana,fresh
25684609,25402,93.65,857.00,71.95,0.458,4.189,0.352,banana,fresh
25685620,25403,93.60,857.00,71.85,0.457,4.189,0.351,banana,fresh
25686631,25404,93.40,857.00,71.90,0.457,4.189,0.351,banana,fresh
25687643,25405,93.65,857.00,71.75,0.458,4.189,0.351,banana,fresh
25688653,25406,93.60,857.00,71.75,0.457,4.189,0.351,banana,fresh
25689664,25407,93.50,857.00,71.85,0.457,4.189,0.351,banana,fresh
25690676,25408,93.45,856.90,71.90,0.457,4.188,0.351,banana,fresh
25691686,25409,93.45,857.00,71.80,0.457,4.189,0.351,banana,fresh
25692698,25410,93.65,857.00,71.85,0.458,4.189,0.351,banana,fresh
25693709,25411,93.60,857.00,71.95,0.457,4.189,0.352,banana,fresh
25694721,25412,93.60,857.00,71.85,0.457,4.189,0.351,banana,fresh
25695731,25413,93.55,857.00,71.70,0.457,4.189,0.350,banana,fresh
25696742,25414,93.45,857.00,71.95,0.457,4.189,0.352,banana,fresh
25697754,25415,93.65,857.05,71.85,0.458,4.189,0.351,banana,fresh
25698764,25416,93.65,857.00,71.95,0.458,4.189,0.352,banana,fresh
25699776,25417,93.45,857.00,71.85,0.457,4.189,0.351,banana,fresh
25700787,25418,93.30,856.95,71.75,0.456,4.188,0.351,banana,fresh
25701798,25419,93.65,857.00,71.80,0.458,4.189,0.351,banana,fresh
25702809,25420,93.70,856.95,71.80,0.458,4.188,0.351,banana,fresh
25703820,25421,93.45,857.05,71.90,0.457,4.189,0.351,banana,fresh
25704832,25422,93.45,857.00,71.85,0.457,4.189,0.351,banana,fresh
25705842,25423,93.70,857.00,71.85,0.458,4.189,0.351,banana,fresh
25706854,25424,93.40,857.00,71.75,0.457,4.189,0.351,banana,fresh
25707865,25425,93.55,857.00,71.95,0.457,4.189,0.352,banana,fresh
25708876,25426,93.50,856.95,71.70,0.457,4.188,0.350,banana,fresh
25709887,25427,93.60,857.00,71.90,0.457,4.189,0.351,banana,fresh
25710898,25428,93.50,857.00,71.85,0.457,4.189,0.351,banana,fresh
25711909,25429,93.55,857.00,71.80,0.457,4.189,0.351,banana,fresh
25712920,25430,93.55,856.95,71.70,0.457,4.188,0.350,banana,fresh
25713932,25431,93.55,857.00,71.65,0.457,4.189,0.350,banana,fresh
25714942,25432,93.60,856.90,71.85,0.457,4.188,0.351,banana,fresh
25715954,25433,93.45,857.00,71.90,0.457,4.189,0.351,banana,fresh
25716965,25434,93.35,857.00,71.95,0.456,4.189,0.352,banana,fresh
25717976,25435,93.50,857.00,71.65,0.457,4.189,0.350,banana,fresh
25718987,25436,93.40,857.00,71.85,0.457,4.189,0.351,banana,fresh
25719998,25437,93.45,857.00,71.80,0.457,4.189,0.351,banana,fresh
25721010,25438,93.70,857.00,71.80,0.458,4.189,0.351,banana,fresh
25722020,25439,93.55,857.00,71.70,0.457,4.189,0.350,banana,fresh
25723032,25440,93.55,857.00,71.90,0.457,4.189,0.351,banana,fresh
25724043,25441,93.25,857.00,71.85,0.456,4.189,0.351,banana,fresh
25725054,25442,93.40,856.95,71.75,0.457,4.188,0.351,banana,fresh
25726065,25443,93.45,857.00,71.85,0.457,4.189,0.351,banana,fresh
25727076,25444,93.55,856.95,71.85,0.457,4.188,0.351,banana,fresh
25728088,25445,93.55,856.95,71.80,0.457,4.188,0.351,banana,fresh
25729098,25446,93.55,857.05,71.75,0.457,4.189,0.351,banana,fresh
25730110,25447,93.70,856.95,71.80,0.458,4.188,0.351,banana,fresh
25731121,25448,93.50,857.05,71.70,0.457,4.189,0.350,banana,fresh
25732132,25449,93.45,857.00,71.85,0.457,4.189,0.351,banana,fresh
25733143,25450,93.50,857.00,71.55,0.457,4.189,0.350,banana,fresh
25734154,25451,93.55,856.95,71.65,0.457,4.188,0.350,banana,fresh
25735165,25452,93.70,857.00,71.70,0.458,4.189,0.350,banana,fresh
25736176,25453,93.40,856.90,71.70,0.457,4.188,0.350,banana,fresh
25737188,25454,93.65,857.00,71.80,0.458,4.189,0.351,banana,fresh
25738199,25455,93.55,856.95,71.75,0.457,4.188,0.351,banana,fresh
25739210,25456,93.65,856.95,71.70,0.458,4.188,0.350,banana,fresh
25740221,25457,93.40,856.95,71.70,0.457,4.188,0.350,banana,fresh
25741232,25458,93.65,857.00,71.65,0.458,4.189,0.350,banana,fresh
25742243,25459,93.35,857.00,71.60,0.456,4.189,0.350,banana,fresh
25743254,25460,93.55,857.00,71.60,0.457,4.189,0.350,banana,fresh
25744266,25461,93.40,857.00,71.90,0.457,4.189,0.351,banana,fresh
25745276,25462,93.35,856.95,71.60,0.456,4.188,0.350,banana,fresh
25746288,25463,93.40,856.95,71.60,0.457,4.188,0.350,banana,fresh
25747299,25464,93.60,857.00,71.60,0.457,4.189,0.350,banana,fresh
25748310,25465,93.50,856.95,71.75,0.457,4.188,0.351,banana,fresh
25749321,25466,93.50,857.00,71.65,0.457,4.189,0.350,banana,fresh
25750332,25467,93.55,856.95,71.70,0.457,4.188,0.350,banana,fresh
25751344,25468,93.60,857.00,71.75,0.457,4.189,0.351,banana,fresh
25752354,25469,93.45,857.00,71.80,0.457,4.189,0.351,banana,fresh
25753366,25470,93.55,856.95,71.90,0.457,4.188,0.351,banana,fresh
25754377,25471,93.65,856.95,71.75,0.458,4.188,0.351,banana,fresh
25755387,25472,93.70,857.00,71.70,0.458,4.189,0.350,banana,fresh
25756399,25473,93.50,856.95,71.80,0.457,4.188,0.351,banana,fresh
25757410,25474,93.50,856.95,71.70,0.457,4.188,0.350,banana,fresh
25758422,25475,93.40,857.00,71.75,0.457,4.189,0.351,banana,fresh
25759432,25476,93.45,857.00,71.75,0.457,4.189,0.351,banana,fresh
25760444,25477,93.65,857.00,71.65,0.458,4.189,0.350,banana,fresh
25761455,25478,93.50,856.95,71.75,0.457,4.188,0.351,banana,fresh
25762466,25479,93.40,856.95,71.90,0.457,4.188,0.351,banana,fresh
25763477,25480,93.50,857.00,71.75,0.457,4.189,0.351,banana,fresh
25764488,25481,93.35,857.00,72.00,0.456,4.189,0.352,banana,fresh
25765499,25482,93.55,857.00,71.65,0.457,4.189,0.350,banana,fresh
25766510,25483,93.30,857.00,71.70,0.456,4.189,0.350,banana,fresh
25767522,25484,93.60,857.00,71.75,0.457,4.189,0.351,banana,fresh
25768532,25485,93.45,857.00,71.80,0.457,4.189,0.351,banana,fresh
25769543,25486,93.40,857.00,71.65,0.457,4.189,0.350,banana,fresh
25770555,25487,93.65,857.00,71.60,0.458,4.189,0.350,banana,fresh
25771566,25488,93.50,857.00,71.75,0.457,4.189,0.351,banana,fresh
25772577,25489,93.50,856.95,71.80,0.457,4.188,0.351,banana,fresh
25773588,25490,93.35,857.00,71.70,0.456,4.189,0.350,banana,fresh
25774600,25491,93.45,857.00,71.65,0.457,4.189,0.350,banana,fresh
25775610,25492,93.40,857.00,71.85,0.457,4.189,0.351,banana,fresh
25776621,25493,93.45,857.00,71.80,0.457,4.189,0.351,banana,fresh
25777633,25494,93.45,857.00,71.80,0.457,4.189,0.351,banana,fresh
25778643,25495,93.60,857.00,71.85,0.457,4.189,0.351,banana,fresh
25779655,25496,93.40,857.00,71.80,0.457,4.189,0.351,banana,fresh
25780666,25497,93.50,857.00,71.80,0.457,4.189,0.351,banana,fresh
25781678,25498,93.50,857.00,71.60,0.457,4.189,0.350,banana,fresh
25782688,25499,93.55,857.00,71.60,0.457,4.189,0.350,banana,fresh
25783700,25500,93.40,856.95,71.70,0.457,4.188,0.350,banana,fresh
25784711,25501,93.60,856.95,71.65,0.457,4.188,0.350,banana,fresh
25785721,25502,93.50,857.00,71.95,0.457,4.189,0.352,banana,fresh
25786733,25503,93.45,857.00,71.70,0.457,4.189,0.350,banana,fresh
25787744,25504,93.60,857.00,71.90,0.457,4.189,0.351,banana,fresh
25788755,25505,93.40,857.00,71.70,0.457,4.189,0.350,banana,fresh
25789766,25506,93.55,856.95,71.75,0.457,4.188,0.351,banana,fresh
25790778,25507,93.50,857.00,71.75,0.457,4.189,0.351,banana,fresh
25791789,25508,93.25,857.00,71.75,0.456,4.189,0.351,banana,fresh
25792799,25509,93.55,857.00,71.85,0.457,4.189,0.351,banana,fresh
25793811,25510,93.35,856.95,71.85,0.456,4.188,0.351,banana,fresh
25794822,25511,93.40,857.00,71.80,0.457,4.189,0.351,banana,fresh
25795833,25512,93.25,856.95,71.95,0.456,4.188,0.352,banana,fresh
25796844,25513,93.45,857.00,71.70,0.457,4.189,0.350,banana,fresh
25797856,25514,93.50,857.00,71.75,0.457,4.189,0.351,banana,fresh
25798866,25515,93.45,856.95,71.75,0.457,4.188,0.351,banana,fresh
25799877,25516,93.40,856.95,71.65,0.457,4.188,0.350,banana,fresh
25800889,25517,93.55,857.00,71.80,0.457,4.189,0.351,banana,fresh
25801900,25518,93.65,857.00,71.70,0.458,4.189,0.350,banana,fresh
25802911,25519,93.30,856.95,71.65,0.456,4.188,0.350,banana,fresh
25803922,25520,93.45,857.00,71.70,0.457,4.189,0.350,banana,fresh
25804934,25521,93.50,857.00,71.65,0.457,4.189,0.350,banana,fresh
25805944,25522,93.40,857.00,71.75,0.457,4.189,0.351,banana,fresh
25806955,25523,93.50,857.00,71.70,0.457,4.189,0.350,banana,fresh
25807967,25524,93.45,857.00,71.60,0.457,4.189,0.350,banana,fresh
25808977,25525,93.50,856.95,71.80,0.457,4.188,0.351,banana,fresh
25809989,25526,93.55,857.00,71.75,0.457,4.189,0.351,banana,fresh
25811000,25527,93.45,856.95,71.90,0.457,4.188,0.351,banana,fresh
25812012,25528,93.25,857.00,71.60,0.456,4.189,0.350,banana,fresh
25813022,25529,93.25,856.95,71.70,0.456,4.188,0.350,banana,fresh
25814033,25530,93.50,856.95,71.70,0.457,4.188,0.350,banana,fresh
25815045,25531,93.45,856.95,71.85,0.457,4.188,0.351,banana,fresh
25816055,25532,93.70,856.95,71.60,0.458,4.188,0.350,banana,fresh
25817067,25533,93.35,857.00,71.80,0.456,4.189,0.351,banana,fresh
25818078,25534,93.30,856.95,71.60,0.456,4.188,0.350,banana,fresh
25819089,25535,93.45,857.00,71.55,0.457,4.189,0.350,banana,fresh
25820100,25536,93.20,857.00,71.55,0.456,4.189,0.350,banana,fresh
25821112,25537,93.65,857.00,71.65,0.458,4.189,0.350,banana,fresh
25822123,25538,93.40,857.00,71.70,0.457,4.189,0.350,banana,fresh
25823133,25539,93.45,857.00,71.85,0.457,4.189,0.351,banana,fresh
25824145,25540,93.40,856.95,71.70,0.457,4.188,0.350,banana,fresh
25825156,25541,93.50,856.90,71.65,0.457,4.188,0.350,banana,fresh
25826167,25542,93.65,857.00,71.70,0.458,4.189,0.350,banana,fresh
25827178,25543,93.45,856.85,71.60,0.457,4.188,0.350,banana,fresh
25828190,25544,93.45,857.00,71.75,0.457,4.189,0.351,banana,fresh
25829200,25545,93.40,857.00,71.70,0.457,4.189,0.350,banana,fresh
25830211,25546,93.60,857.00,71.80,0.457,4.189,0.351,banana,fresh
25831223,25547,93.40,856.95,71.80,0.457,4.188,0.351,banana,fresh
25832233,25548,93.45,857.00,71.80,0.457,4.189,0.351,banana,fresh
25833245,25549,93.40,857.00,71.85,0.457,4.189,0.351,banana,fresh
25834256,25550,93.35,857.00,71.65,0.456,4.189,0.350,banana,fresh
25835268,25551,93.60,857.00,71.80,0.457,4.189,0.351,banana,fresh
25836278,25552,93.20,857.00,71.80,0.456,4.189,0.351,banana,fresh
25837290,25553,93.60,856.95,71.65,0.457,4.188,0.350,banana,fresh
25838301,25554,93.35,857.00,71.80,0.456,4.189,0.351,banana,fresh
25839311,25555,93.20,857.00,71.70,0.456,4.189,0.350,banana,fresh
25840323,25556,93.35,857.00,71.65,0.456,4.189,0.350,banana,fresh
25841334,25557,93.25,857.00,71.75,0.456,4.189,0.351,banana,fresh
25842345,25558,93.55,857.00,71.75,0.457,4.189,0.351,banana,fresh
25843356,25559,93.40,857.00,71.55,0.457,4.189,0.350,banana,fresh
25844368,25560,93.60,857.05,71.75,0.457,4.189,0.351,banana,fresh
25845379,25561,93.40,857.00,71.45,0.457,4.189,0.349,banana,fresh
25846389,25562,93.40,857.00,71.90,0.457,4.189,0.351,banana,fresh
25847401,25563,93.55,857.00,71.85,0.457,4.189,0.351,banana,fresh
25848412,25564,93.50,857.00,71.55,0.457,4.189,0.350,banana,fresh
25849423,25565,93.50,857.00,71.65,0.457,4.189,0.350,banana,fresh
25850434,25566,93.45,857.00,71.75,0.457,4.189,0.351,banana,fresh
25851446,25567,93.40,857.00,71.80,0.457,4.189,0.351,banana,fresh
25852456,25568,93.35,857.00,71.80,0.456,4.189,0.351,banana,fresh
25853467,25569,93.40,857.00,71.95,0.457,4.189,0.352,banana,fresh
25854479,25570,93.45,856.95,71.75,0.457,4.188,0.351,banana,fresh
25855490,25571,93.50,856.95,71.80,0.457,4.188,0.351,banana,fresh
25856501,25572,93.45,857.05,71.75,0.457,4.189,0.351,banana,fresh
25857512,25573,93.45,857.00,71.75,0.457,4.189,0.351,banana,fresh
25858524,25574,93.45,857.00,71.75,0.457,4.189,0.351,banana,fresh
25859534,25575,93.45,856.95,71.70,0.457,4.188,0.350,banana,fresh
25860545,25576,93.40,857.00,71.75,0.457,4.189,0.351,banana,fresh
25861557,25577,93.40,857.00,71.60,0.457,4.189,0.350,banana,fresh
25862567,25578,93.25,857.00,71.75,0.456,4.189,0.351,banana,fresh
25863579,25579,93.45,857.00,71.60,0.457,4.189,0.350,banana,fresh
25864590,25580,93.35,857.00,71.85,0.456,4.189,0.351,banana,fresh
25865602,25581,93.40,857.00,71.65,0.457,4.189,0.350,banana,fresh
25866612,25582,93.40,857.00,71.65,0.457,4.189,0.350,banana,fresh
25867624,25583,93.50,856.95,71.70,0.457,4.188,0.350,banana,fresh
25868635,25584,93.45,857.00,71.70,0.457,4.189,0.350,banana,fresh
25869645,25585,93.45,857.00,71.80,0.457,4.189,0.351,banana,fresh
25870657,25586,93.50,857.00,71.85,0.457,4.189,0.351,banana,fresh
25871668,25587,93.60,857.00,71.80,0.457,4.189,0.351,banana,fresh
25872679,25588,93.30,857.00,71.60,0.456,4.189,0.350,banana,fresh
25873690,25589,93.60,857.00,71.80,0.457,4.189,0.351,banana,fresh
25874701,25590,93.35,857.00,71.75,0.456,4.189,0.351,banana,fresh
25875713,25591,93.70,857.00,71.90,0.458,4.189,0.351,banana,fresh
25876723,25592,93.35,857.00,71.70,0.456,4.189,0.350,banana,fresh
25877735,25593,93.45,856.95,71.70,0.457,4.188,0.350,banana,fresh
25878746,25594,93.45,857.00,71.65,0.457,4.189,0.350,banana,fresh
25879757,25595,93.45,857.05,71.85,0.457,4.189,0.351,banana,fresh
25880768,25596,93.50,857.00,71.85,0.457,4.189,0.351,banana,fresh
25881780,25597,93.55,856.95,71.75,0.457,4.188,0.351,banana,fresh
25882790,25598,93.50,857.00,71.80,0.457,4.189,0.351,banana,fresh
25883801,25599,93.35,857.00,71.95,0.456,4.189,0.352,banana,fresh
25884813,25600,93.35,857.00,71.90,0.456,4.189,0.351,banana,fresh
25885824,25601,93.45,857.00,71.80,0.457,4.189,0.351,banana,fresh
25886835,25602,93.55,856.95,71.75,0.457,4.188,0.351,banana,fresh
25887846,25603,93.45,857.00,71.80,0.457,4.189,0.351,banana,fresh
25888858,25604,93.45,857.00,71.80,0.457,4.189,0.351,banana,fresh
25889868,25605,93.40,857.00,71.85,0.457,4.189,0.351,banana,fresh
25890879,25606,93.45,857.00,71.75,0.457,4.189,0.351,banana,fresh
25891891,25607,93.45,856.95,71.80,0.457,4.188,0.351,banana,fresh
25892901,25608,93.30,856.95,71.80,0.456,4.188,0.351,banana,fresh
25893913,25609,93.40,856.90,71.85,0.457,4.188,0.351,banana,fresh
25894924,25610,93.30,857.05,71.75,0.456,4.189,0.351,banana,fresh
25895936,25611,93.30,857.00,72.00,0.456,4.189,0.352,banana,fresh
25896946,25612,93.40,857.00,71.65,0.457,4.189,0.350,banana,fresh
25897957,25613,93.40,857.00,71.70,0.457,4.189,0.350,banana,fresh
25898969,25614,93.55,857.00,71.85,0.457,4.189,0.351,banana,fresh
25899979,25615,93.55,857.00,71.75,0.457,4.189,0.351,banana,fresh
25900991,25616,93.45,857.00,71.85,0.457,4.189,0.351,banana,fresh
25902002,25617,93.35,857.00,71.80,0.456,4.189,0.351,banana,fresh
25903013,25618,93.45,857.10,71.90,0.457,4.189,0.351,banana,fresh
25904024,25619,93.45,857.00,71.65,0.457,4.189,0.350,banana,fresh
25905035,25620,93.40,857.00,71.85,0.457,4.189,0.351,banana,fresh
25906046,25621,93.50,857.00,71.90,0.457,4.189,0.351,banana,fresh
25907057,25622,93.40,857.00,71.85,0.457,4.189,0.351,banana,fresh
25908069,25623,93.45,856.95,71.70,0.457,4.188,0.350,banana,fresh
25909080,25624,93.25,857.00,71.80,0.456,4.189,0.351,banana,fresh
25910091,25625,93.60,856.95,71.80,0.457,4.188,0.351,banana,fresh
25911102,25626,93.50,857.00,71.80,0.457,4.189,0.351,banana,fresh
25912113,25627,93.40,857.00,71.85,0.457,4.189,0.351,banana,fresh
25913124,25628,93.50,856.95,71.85,0.457,4.188,0.351,banana,fresh
25914135,25629,93.40,857.00,71.80,0.457,4.189,0.351,banana,fresh
25915147,25630,93.40,857.00,71.65,0.457,4.189,0.350,banana,fresh
25916157,25631,93.40,857.00,71.90,0.457,4.189,0.351,banana,fresh
25917169,25632,93.35,857.00,71.75,0.456,4.189,0.351,banana,fresh
25918180,25633,93.55,857.05,71.85,0.457,4.189,0.351,banana,fresh
25919191,25634,93.40,857.00,71.70,0.457,4.189,0.350,banana,fresh
25920202,25635,93.45,856.95,71.80,0.457,4.188,0.351,banana,fresh
25921213,25636,93.55,856.95,71.70,0.457,4.188,0.350,banana,fresh
25922225,25637,93.20,857.00,71.80,0.456,4.189,0.351,banana,fresh
25923235,25638,93.30,857.00,71.95,0.456,4.189,0.352,banana,fresh
25924247,25639,93.40,857.00,71.95,0.457,4.189,0.352,banana,fresh
25925258,25640,93.40,857.00,71.80,0.457,4.189,0.351,banana,fresh
25926269,25641,93.40,857.00,71.80,0.457,4.189,0.351,banana,fresh
25927280,25642,93.50,857.00,71.75,0.457,4.189,0.351,banana,fresh
25928291,25643,93.50,857.00,71.70,0.457,4.189,0.350,banana,fresh
25929303,25644,93.25,857.05,71.60,0.456,4.189,0.350,banana,fresh
25930313,25645,93.40,856.95,71.65,0.457,4.188,0.350,banana,fresh
25931325,25646,93.30,857.00,71.70,0.456,4.189,0.350,banana,fresh
25932336,25647,93.35,857.00,71.95,0.456,4.189,0.352,banana,fresh
25933347,25648,93.45,857.00,71.90,0.457,4.189,0.351,banana,fresh
25934358,25649,93.20,856.95,71.85,0.456,4.188,0.351,banana,fresh
25935369,25650,93.05,857.00,71.70,0.455,4.189,0.350,banana,fresh
25936380,25651,93.45,857.00,71.85,0.457,4.189,0.351,banana,fresh
25937391,25652,93.20,857.00,71.90,0.456,4.189,0.351,banana,fresh
25938403,25653,93.40,857.00,71.80,0.457,4.189,0.351,banana,fresh
25939414,25654,93.30,857.00,71.65,0.456,4.189,0.350,banana,fresh
25940425,25655,93.40,857.00,71.75,0.457,4.189,0.351,banana,fresh
25941436,25656,93.35,857.00,71.60,0.456,4.189,0.350,banana,fresh
25942447,25657,93.30,857.05,71.65,0.456,4.189,0.350,banana,fresh
25943458,25658,93.30,856.90,71.75,0.456,4.188,0.351,banana,fresh
25944469,25659,93.45,857.00,71.65,0.457,4.189,0.350,banana,fresh
25945481,25660,93.45,857.00,71.70,0.457,4.189,0.350,banana,fresh
25946491,25661,93.50,857.00,71.70,0.457,4.189,0.350,banana,fresh
25947502,25662,93.50,857.00,71.85,0.457,4.189,0.351,banana,fresh
25948514,25663,93.45,857.00,71.80,0.457,4.189,0.351,banana,fresh
25949524,25664,93.30,857.00,71.80,0.456,4.189,0.351,banana,fresh
25950536,25665,93.60,857.05,71.75,0.457,4.189,0.351,banana,fresh
25951547,25666,93.70,856.95,71.65,0.458,4.188,0.350,banana,fresh
25952559,25667,93.45,857.00,71.80,0.457,4.189,0.351,banana,fresh
25953569,25668,93.40,856.95,71.65,0.457,4.188,0.350,banana,fresh
25954580,25669,93.70,857.00,71.60,0.458,4.189,0.350,banana,fresh
25955592,25670,93.45,857.00,71.70,0.457,4.189,0.350,banana,fresh
25956602,25671,93.40,857.00,71.70,0.457,4.189,0.350,banana,fresh
25957614,25672,93.55,856.95,71.90,0.457,4.188,0.351,banana,fresh
25958625,25673,93.60,857.00,71.75,0.457,4.189,0.351,banana,fresh
25959636,25674,93.35,857.00,71.65,0.456,4.189,0.350,banana,fresh
25960647,25675,93.35,857.00,71.65,0.456,4.189,0.350,banana,fresh
25961658,25676,93.35,857.00,71.55,0.456,4.189,0.350,banana,fresh
25962670,25677,93.50,857.00,71.70,0.457,4.189,0.350,banana,fresh
25963680,25678,93.55,857.00,71.60,0.457,4.189,0.350,banana,fresh
25964692,25679,93.35,857.00,71.75,0.456,4.189,0.351,banana,fresh
25965703,25680,93.60,857.00,71.55,0.457,4.189,0.350,banana,fresh
25966714,25681,93.35,857.00,71.65,0.456,4.189,0.350,banana,fresh
25967725,25682,93.15,857.00,71.55,0.455,4.189,0.350,banana,fresh
25968736,25683,93.40,857.00,71.85,0.457,4.189,0.351,banana,fresh
25969747,25684,93.20,857.00,71.70,0.456,4.189,0.350,banana,fresh
25970758,25685,93.50,857.00,71.60,0.457,4.189,0.350,banana,fresh
25971770,25686,93.35,857.00,71.70,0.456,4.189,0.350,banana,fresh
25972781,25687,93.50,857.00,71.65,0.457,4.189,0.350,banana,fresh
25973792,25688,93.40,857.00,71.75,0.457,4.189,0.351,banana,fresh
25974803,25689,93.40,857.00,71.65,0.457,4.189,0.350,banana,fresh
25975814,25690,93.25,857.00,71.65,0.456,4.189,0.350,banana,fresh
25976825,25691,93.40,857.00,71.55,0.457,4.189,0.350,banana,fresh
25977836,25692,93.25,857.00,71.80,0.456,4.189,0.351,banana,fresh
25978848,25693,93.35,857.00,71.85,0.456,4.189,0.351,banana,fresh
25979858,25694,93.30,857.05,71.70,0.456,4.189,0.350,banana,fresh
25980870,25695,93.55,857.00,71.80,0.457,4.189,0.351,banana,fresh
25981881,25696,93.35,857.00,71.60,0.456,4.189,0.350,banana,fresh
25982892,25697,93.20,856.95,71.55,0.456,4.188,0.350,banana,fresh
25983903,25698,93.50,857.00,71.60,0.457,4.189,0.350,banana,fresh
25984914,25699,93.45,857.00,71.55,0.457,4.189,0.350,banana,fresh
25985926,25700,93.50,857.00,71.55,0.457,4.189,0.350,banana,fresh
25986936,25701,93.25,856.95,71.65,0.456,4.188,0.350,banana,fresh
25987948,25702,93.70,857.00,71.85,0.458,4.189,0.351,banana,fresh
25988959,25703,93.30,857.00,71.80,0.456,4.189,0.351,banana,fresh
25989969,25704,93.60,857.05,71.65,0.457,4.189,0.350,banana,fresh
25990981,25705,93.50,856.95,71.70,0.457,4.188,0.350,banana,fresh
25991992,25706,93.40,857.00,71.80,0.457,4.189,0.351,banana,fresh
25993004,25707,93.20,857.00,71.65,0.456,4.189,0.350,banana,fresh
25994014,25708,93.45,857.00,71.60,0.457,4.189,0.350,banana,fresh
25995026,25709,93.25,857.00,71.65,0.456,4.189,0.350,banana,fresh
25996037,25710,93.65,856.95,71.75,0.458,4.188,0.351,banana,fresh
25997047,25711,93.50,857.00,71.60,0.457,4.189,0.350,banana,fresh
25998059,25712,93.35,857.00,71.65,0.456,4.189,0.350,banana,fresh
25999070,25713,93.45,856.95,71.75,0.457,4.188,0.351,banana,fresh
26000081,25714,93.25,857.00,71.75,0.456,4.189,0.351,banana,fresh
26001092,25715,93.45,857.00,71.65,0.457,4.189,0.350,banana,fresh
26002104,25716,93.35,857.00,71.40,0.456,4.189,0.349,banana,fresh
26003115,25717,93.35,856.95,71.75,0.456,4.188,0.351,banana,fresh
26004125,25718,93.50,856.95,71.75,0.457,4.188,0.351,banana,fresh
26005137,25719,93.20,856.95,71.85,0.456,4.188,0.351,banana,fresh
26006148,25720,93.35,856.95,71.65,0.456,4.188,0.350,banana,fresh
26007159,25721,93.25,857.00,71.90,0.456,4.189,0.351,banana,fresh
26008170,25722,93.35,857.00,71.70,0.456,4.189,0.350,banana,fresh
26009182,25723,93.45,857.00,71.70,0.457,4.189,0.350,banana,fresh
26010192,25724,93.60,857.00,71.45,0.457,4.189,0.349,banana,fresh
26011203,25725,93.40,856.95,71.75,0.457,4.188,0.351,banana,fresh
26012215,25726,93.35,856.95,71.65,0.456,4.188,0.350,banana,fresh
26013225,25727,93.55,857.00,71.65,0.457,4.189,0.350,banana,fresh
26014237,25728,93.60,856.95,71.65,0.457,4.188,0.350,banana,fresh
26015248,25729,93.65,856.95,71.55,0.458,4.188,0.350,banana,fresh
26016260,25730,93.20,857.00,71.55,0.456,4.189,0.350,banana,fresh
26017270,25731,93.45,857.00,71.65,0.457,4.189,0.350,banana,fresh
26018281,25732,93.35,857.00,71.50,0.456,4.189,0.349,banana,fresh
26019293,25733,93.40,857.00,71.55,0.457,4.189,0.350,banana,fresh
26020303,25734,93.15,857.00,71.60,0.455,4.189,0.350,banana,fresh
26021315,25735,93.30,857.00,71.70,0.456,4.189,0.350,banana,fresh
26022326,25736,93.25,857.00,71.70,0.456,4.189,0.350,banana,fresh
26023337,25737,93.40,857.05,71.55,0.457,4.189,0.350,banana,fresh
26024348,25738,93.50,857.05,71.55,0.457,4.189,0.350,banana,fresh
26025359,25739,93.30,857.00,71.75,0.456,4.189,0.351,banana,fresh
26026371,25740,93.30,857.00,71.55,0.456,4.189,0.350,banana,fresh
26027381,25741,93.40,857.00,71.70,0.457,4.189,0.350,banana,fresh
26028393,25742,93.30,857.00,71.55,0.456,4.189,0.350,banana,fresh
26029404,25743,93.40,857.00,71.55,0.457,4.189,0.350,banana,fresh
26030415,25744,93.45,857.00,71.50,0.457,4.189,0.349,banana,fresh
26031426,25745,93.40,857.00,71.65,0.457,4.189,0.350,banana,fresh
26032437,25746,93.60,857.00,71.70,0.457,4.189,0.350,banana,fresh
26033448,25747,93.60,857.00,71.55,0.457,4.189,0.350,banana,fresh
26034459,25748,93.30,857.00,71.65,0.456,4.189,0.350,banana,fresh
26035471,25749,93.35,857.00,71.55,0.456,4.189,0.350,banana,fresh
26036482,25750,93.50,857.00,71.60,0.457,4.189,0.350,banana,fresh
26037493,25751,93.35,857.00,71.50,0.456,4.189,0.349,banana,fresh
26038504,25752,93.40,856.95,71.45,0.457,4.188,0.349,banana,fresh
26039515,25753,93.35,856.95,71.55,0.456,4.188,0.350,banana,fresh
26040526,25754,93.35,857.00,71.55,0.456,4.189,0.350,banana,fresh
26041537,25755,93.35,856.90,71.60,0.456,4.188,0.350,banana,fresh
26042549,25756,93.25,856.95,71.60,0.456,4.188,0.350,banana,fresh
26043559,25757,93.45,857.00,71.45,0.457,4.189,0.349,banana,fresh
26044571,25758,93.40,857.00,71.55,0.457,4.189,0.350,banana,fresh
26045582,25759,93.40,857.00,71.75,0.457,4.189,0.351,banana,fresh
26046593,25760,93.35,857.00,71.60,0.456,4.189,0.350,banana,fresh
26047604,25761,93.50,857.00,71.40,0.457,4.189,0.349,banana,fresh
26048615,25762,93.30,857.00,71.65,0.456,4.189,0.350,banana,fresh
26049627,25763,93.35,857.00,71.70,0.456,4.189,0.350,banana,fresh
26050637,25764,93.40,857.00,71.65,0.457,4.189,0.350,banana,fresh
26051649,25765,93.25,857.00,71.60,0.456,4.189,0.350,banana,fresh
26052660,25766,93.40,857.00,71.50,0.457,4.189,0.349,banana,fresh
26053670,25767,93.40,857.00,71.60,0.457,4.189,0.350,banana,fresh
26054682,25768,93.40,857.00,71.70,0.457,4.189,0.350,banana,fresh
26055693,25769,93.35,857.00,71.55,0.456,4.189,0.350,banana,fresh
26056705,25770,93.40,857.05,71.55,0.457,4.189,0.350,banana,fresh
26057715,25771,93.25,857.00,71.70,0.456,4.189,0.350,banana,fresh
26058727,25772,93.40,857.05,71.55,0.457,4.189,0.350,banana,fresh
26059738,25773,93.40,857.05,71.50,0.457,4.189,0.349,banana,fresh
26060748,25774,93.50,857.00,71.55,0.457,4.189,0.350,banana,fresh
26061760,25775,93.30,857.00,71.65,0.456,4.189,0.350,banana,fresh
26062771,25776,93.45,857.00,71.60,0.457,4.189,0.350,banana,fresh
26063782,25777,93.40,857.00,71.40,0.457,4.189,0.349,banana,fresh
26064793,25778,93.20,856.95,71.50,0.456,4.188,0.349,banana,fresh
26065805,25779,93.40,857.00,71.50,0.457,4.189,0.349,banana,fresh
26066816,25780,93.40,856.95,71.80,0.457,4.188,0.351,banana,fresh
26067827,25781,93.25,857.05,71.50,0.456,4.189,0.349,banana,fresh
26068838,25782,93.35,857.00,71.50,0.456,4.189,0.349,banana,fresh
26069849,25783,93.30,857.00,71.45,0.456,4.189,0.349,banana,fresh
26070860,25784,93.30,857.00,71.65,0.456,4.189,0.350,banana,fresh
26071871,25785,93.55,856.95,71.70,0.457,4.188,0.350,banana,fresh
26072883,25786,93.25,857.00,71.55,0.456,4.189,0.350,banana,fresh
26073893,25787,93.35,857.00,71.50,0.456,4.189,0.349,banana,fresh
26074904,25788,93.55,857.00,71.60,0.457,4.189,0.350,banana,fresh
26075916,25789,93.40,857.00,71.55,0.457,4.189,0.350,banana,fresh
26076926,25790,93.30,857.00,71.70,0.456,4.189,0.350,banana,fresh
26077938,25791,93.30,857.05,71.65,0.456,4.189,0.350,banana,fresh
26078949,25792,93.15,857.00,71.45,0.455,4.189,0.349,banana,fresh
26079961,25793,93.25,857.00,71.85,0.456,4.189,0.351,banana,fresh
26080971,25794,93.40,857.00,71.50,0.457,4.189,0.349,banana,fresh
26081983,25795,93.35,857.00,71.60,0.456,4.189,0.350,banana,fresh
26082994,25796,93.35,857.00,71.60,0.456,4.189,0.350,banana,fresh
26084004,25797,93.15,857.00,71.55,0.455,4.189,0.350,banana,fresh
26085016,25798,93.35,857.05,71.65,0.456,4.189,0.350,banana,fresh
26086027,25799,93.20,857.00,71.55,0.456,4.189,0.350,banana,fresh
26087038,25800,93.30,857.00,71.55,0.456,4.189,0.350,banana,fresh
26088049,25801,93.20,857.00,71.50,0.456,4.189,0.349,banana,fresh
26089060,25802,93.45,857.00,71.55,0.457,4.189,0.350,banana,fresh
26090072,25803,93.35,856.95,71.35,0.456,4.188,0.349,banana,fresh
26091082,25804,93.35,857.00,71.55,0.456,4.189,0.350,banana,fresh
26092094,25805,93.20,856.95,71.50,0.456,4.188,0.349,banana,fresh
26093105,25806,93.40,857.00,71.30,0.457,4.189,0.348,banana,fresh
26094116,25807,93.35,857.00,71.45,0.456,4.189,0.349,banana,fresh
26095127,25808,93.40,857.00,71.60,0.457,4.189,0.350,banana,fresh
26096139,25809,93.20,857.00,71.65,0.456,4.189,0.350,banana,fresh
26097149,25810,93.30,856.95,71.60,0.456,4.188,0.350,banana,fresh
26098160,25811,93.45,857.00,71.40,0.457,4.189,0.349,banana,fresh
26099172,25812,93.50,856.95,71.45,0.457,4.188,0.349,banana,fresh
26100183,25813,93.35,857.00,71.55,0.456,4.189,0.350,banana,fresh
26101194,25814,93.40,857.00,71.40,0.457,4.189,0.349,banana,fresh
26102205,25815,93.40,857.00,71.55,0.457,4.189,0.350,banana,fresh
26103217,25816,93.35,857.00,71.55,0.456,4.189,0.350,banana,fresh
26104227,25817,93.35,857.00,71.45,0.456,4.189,0.349,banana,fresh
26105238,25818,93.25,856.95,71.55,0.456,4.188,0.350,banana,fresh
26106250,25819,93.20,857.00,71.50,0.456,4.189,0.349,banana,fresh
26107260,25820,93.20,857.00,71.70,0.456,4.189,0.350,banana,fresh
26108272,25821,93.30,857.00,71.55,0.456,4.189,0.350,banana,fresh
26109283,25822,93.15,857.00,71.70,0.455,4.189,0.350,banana,fresh
26110295,25823,93.15,857.00,71.55,0.455,4.189,0.350,banana,fresh
26111305,25824,93.15,856.95,71.40,0.455,4.188,0.349,banana,fresh
26112316,25825,93.30,857.00,71.70,0.456,4.189,0.350,banana,fresh
26113328,25826,93.25,857.00,71.45,0.456,4.189,0.349,banana,fresh
26114338,25827,93.40,856.90,71.60,0.457,4.188,0.350,banana,fresh
26115350,25828,93.40,857.00,71.70,0.457,4.189,0.350,banana,fresh
26116361,25829,93.40,857.00,71.45,0.457,4.189,0.349,banana,fresh
26117372,25830,93.30,857.00,71.30,0.456,4.189,0.348,banana,fresh
26118383,25831,93.20,857.00,71.45,0.456,4.189,0.349,banana,fresh
26119394,25832,93.25,857.00,71.45,0.456,4.189,0.349,banana,fresh
26120406,25833,93.10,857.00,71.55,0.455,4.189,0.350,banana,fresh
26121416,25834,93.45,857.00,71.60,0.457,4.189,0.350,banana,fresh
26122428,25835,93.35,857.05,71.60,0.456,4.189,0.350,banana,fresh
26123439,25836,93.20,857.00,71.65,0.456,4.189,0.350,banana,fresh
26124450,25837,93.35,857.00,71.65,0.456,4.189,0.350,banana,fresh
26125461,25838,93.25,857.00,71.60,0.456,4.189,0.350,banana,fresh
26126472,25839,93.30,857.00,71.70,0.456,4.189,0.350,banana,fresh
26127483,25840,93.35,857.00,71.60,0.456,4.189,0.350,banana,fresh
26128494,25841,93.60,857.00,71.50,0.457,4.189,0.349,banana,fresh
26129506,25842,93.20,857.00,71.70,0.456,4.189,0.350,banana,fresh
26130516,25843,93.50,857.00,71.75,0.457,4.189,0.351,banana,fresh
26131528,25844,93.35,857.00,71.60,0.456,4.189,0.350,banana,fresh
26132539,25845,93.30,857.00,71.65,0.456,4.189,0.350,banana,fresh
26133550,25846,93.30,857.00,71.55,0.456,4.189,0.350,banana,fresh
26134561,25847,93.15,857.00,71.70,0.455,4.189,0.350,banana,fresh
26135572,25848,93.25,857.00,71.55,0.456,4.189,0.350,banana,fresh
26136584,25849,93.30,857.00,71.65,0.456,4.189,0.350,banana,fresh
26137594,25850,93.35,857.00,71.45,0.456,4.189,0.349,banana,fresh
26138606,25851,93.10,857.00,71.60,0.455,4.189,0.350,banana,fresh
26139617,25852,93.40,857.00,71.35,0.457,4.189,0.349,banana,fresh
26140627,25853,93.50,857.00,71.45,0.457,4.189,0.349,banana,fresh
26141639,25854,93.25,857.00,71.65,0.456,4.189,0.350,banana,fresh
26142650,25855,93.20,857.00,71.70,0.456,4.189,0.350,banana,fresh
26143662,25856,93.30,857.00,71.70,0.456,4.189,0.350,banana,fresh
26144672,25857,93.30,857.00,71.60,0.456,4.189,0.350,banana,fresh
26145684,25858,93.25,857.00,71.50,0.456,4.189,0.349,banana,fresh
26146695,25859,93.15,856.95,71.65,0.455,4.188,0.350,banana,fresh
26147705,25860,93.20,857.00,71.70,0.456,4.189,0.350,banana,fresh
26148717,25861,93.40,857.00,71.50,0.457,4.189,0.349,banana,fresh
26149728,25862,93.30,857.05,71.50,0.456,4.189,0.349,banana,fresh
26150739,25863,93.30,857.00,71.65,0.456,4.189,0.350,banana,fresh
26151750,25864,93.35,857.00,71.55,0.456,4.189,0.350,banana,fresh
26152762,25865,93.10,857.00,71.50,0.455,4.189,0.349,banana,fresh
26153773,25866,93.25,857.00,71.45,0.456,4.189,0.349,banana,fresh
26154783,25867,93.35,857.00,71.35,0.456,4.189,0.349,banana,fresh
26155795,25868,93.35,857.00,71.65,0.456,4.189,0.350,banana,fresh
26156806,25869,93.40,857.00,71.60,0.457,4.189,0.350,banana,fresh
26157817,25870,93.55,857.00,71.65,0.457,4.189,0.350,banana,fresh
26158828,25871,93.30,857.00,71.55,0.456,4.189,0.350,banana,fresh
26159840,25872,93.30,857.05,71.80,0.456,4.189,0.351,banana,fresh
26160850,25873,93.35,857.00,71.30,0.456,4.189,0.348,banana,fresh
26161861,25874,93.35,857.00,71.50,0.456,4.189,0.349,banana,fresh
26162873,25875,93.25,857.00,71.35,0.456,4.189,0.349,banana,fresh
26163884,25876,93.25,857.00,71.50,0.456,4.189,0.349,banana,fresh
26164895,25877,93.50,856.95,71.50,0.457,4.188,0.349,banana,fresh
26165906,25878,93.15,857.05,71.40,0.455,4.189,0.349,banana,fresh
26166918,25879,93.35,857.10,71.70,0.456,4.189,0.350,banana,fresh
26167928,25880,93.20,857.00,71.65,0.456,4.189,0.350,banana,fresh
26168939,25881,93.20,857.00,71.75,0.456,4.189,0.351,banana,fresh
26169951,25882,93.20,857.00,71.50,0.456,4.189,0.349,banana,fresh
26170961,25883,93.35,857.00,71.55,0.456,4.189,0.350,banana,fresh
26171973,25884,93.10,857.05,71.40,0.455,4.189,0.349,banana,fresh
26172984,25885,93.30,857.05,71.65,0.456,4.189,0.350,banana,fresh
26173996,25886,93.25,856.95,71.60,0.456,4.188,0.350,banana,fresh
26175006,25887,93.25,857.05,71.60,0.456,4.189,0.350,banana,fresh
26176017,25888,93.30,857.00,71.45,0.456,4.189,0.349,banana,fresh
26177029,25889,93.30,857.00,71.75,0.456,4.189,0.351,banana,fresh
26178039,25890,93.35,857.00,71.55,0.456,4.189,0.350,banana,fresh
26179051,25891,93.10,857.05,71.60,0.455,4.189,0.350,banana,fresh
26180062,25892,93.40,857.00,71.40,0.457,4.189,0.349,banana,fresh
26181073,25893,93.20,857.00,71.60,0.456,4.189,0.350,banana,fresh
26182084,25894,93.25,857.00,71.60,0.456,4.189,0.350,banana,fresh
26183095,25895,93.35,857.05,71.55,0.456,4.189,0.350,banana,fresh
26184107,25896,93.20,857.05,71.55,0.456,4.189,0.350,banana,fresh
26185117,25897,93.15,857.00,71.50,0.455,4.189,0.349,banana,fresh
26186129,25898,93.40,857.00,71.80,0.457,4.189,0.351,banana,fresh
26187140,25899,93.40,857.00,71.55,0.457,4.189,0.350,banana,fresh
26188151,25900,93.35,857.05,71.65,0.456,4.189,0.350,banana,fresh
26189162,25901,93.30,857.05,71.65,0.456,4.189,0.350,banana,fresh
26190173,25902,93.40,857.00,71.60,0.457,4.189,0.350,banana,fresh
26191184,25903,93.20,857.05,71.45,0.456,4.189,0.349,banana,fresh
26192195,25904,93.35,857.00,71.35,0.456,4.189,0.349,banana,fresh
26193207,25905,93.35,857.00,71.50,0.456,4.189,0.349,banana,fresh
26194217,25906,93.20,857.05,71.55,0.456,4.189,0.350,banana,fresh
26195229,25907,93.20,857.00,71.60,0.456,4.189,0.350,banana,fresh
26196240,25908,93.20,857.00,71.50,0.456,4.189,0.349,banana,fresh
26197252,25909,93.30,857.00,71.50,0.456,4.189,0.349,banana,fresh
26198262,25910,93.30,857.00,71.35,0.456,4.189,0.349,banana,fresh
26199273,25911,93.30,857.05,71.65,0.456,4.189,0.350,banana,fresh
26200285,25912,93.25,857.00,71.50,0.456,4.189,0.349,banana,fresh
26201295,25913,93.30,857.00,71.50,0.456,4.189,0.349,banana,fresh
26202307,25914,93.20,857.05,71.45,0.456,4.189,0.349,banana,fresh
26203318,25915,93.15,857.00,71.65,0.455,4.189,0.350,banana,fresh
26204329,25916,93.30,857.00,71.50,0.456,4.189,0.349,banana,fresh
26205340,25917,93.20,857.00,71.30,0.456,4.189,0.348,banana,fresh
26206351,25918,93.30,857.05,71.50,0.456,4.189,0.349,banana,fresh
26207363,25919,93.20,857.05,71.55,0.456,4.189,0.350,banana,fresh
26208373,25920,93.10,857.00,71.60,0.455,4.189,0.350,banana,fresh
26209385,25921,93.25,857.05,71.40,0.456,4.189,0.349,banana,fresh
26210396,25922,93.15,857.00,71.65,0.455,4.189,0.350,banana,fresh
26211407,25923,93.10,857.00,71.65,0.455,4.189,0.350,banana,fresh
26212418,25924,93.20,857.00,71.50,0.456,4.189,0.349,banana,fresh
26213429,25925,93.25,857.00,71.55,0.456,4.189,0.350,banana,fresh
26214440,25926,93.15,857.00,71.70,0.455,4.189,0.350,banana,fresh
26215451,25927,93.35,857.00,71.55,0.456,4.189,0.350,banana,fresh
26216463,25928,93.35,857.00,71.55,0.456,4.189,0.350,banana,fresh
26217474,25929,93.25,857.00,71.50,0.456,4.189,0.349,banana,fresh
26218485,25930,93.20,857.00,71.65,0.456,4.189,0.350,banana,fresh
26219496,25931,93.30,857.00,71.65,0.456,4.189,0.350,banana,fresh
26220507,25932,93.20,857.00,71.60,0.456,4.189,0.350,banana,fresh
26221518,25933,93.25,857.05,71.45,0.456,4.189,0.349,banana,fresh
26222529,25934,93.25,857.05,71.35,0.456,4.189,0.349,banana,fresh
26223541,25935,93.40,857.00,71.45,0.457,4.189,0.349,banana,fresh
26224551,25936,93.05,857.00,71.70,0.455,4.189,0.350,banana,fresh
26225563,25937,93.20,857.00,71.70,0.456,4.189,0.350,banana,fresh
26226574,25938,93.30,857.00,71.50,0.456,4.189,0.349,banana,fresh
26227585,25939,93.30,857.00,71.70,0.456,4.189,0.350,banana,fresh
26228596,25940,93.35,857.05,71.55,0.456,4.189,0.350,banana,fresh
26229607,25941,93.25,857.00,71.55,0.456,4.189,0.350,banana,fresh
26230619,25942,93.20,857.00,71.40,0.456,4.189,0.349,banana,fresh
26231629,25943,93.30,857.00,71.45,0.456,4.189,0.349,banana,fresh
26232640,25944,93.50,857.00,71.60,0.457,4.189,0.350,banana,fresh
26233652,25945,93.20,857.00,71.55,0.456,4.189,0.350,banana,fresh
26234662,25946,93.10,857.05,71.45,0.455,4.189,0.349,banana,fresh
26235674,25947,93.30,857.00,71.55,0.456,4.189,0.350,banana,fresh
26236685,25948,93.10,857.00,71.50,0.455,4.189,0.349,banana,fresh
26237697,25949,93.25,857.00,71.55,0.456,4.189,0.350,banana,fresh
26238707,25950,93.25,857.00,71.80,0.456,4.189,0.351,banana,fresh
26239718,25951,93.20,857.00,71.45,0.456,4.189,0.349,banana,fresh
26240730,25952,93.30,857.00,71.70,0.456,4.189,0.350,banana,fresh
26241740,25953,93.25,857.00,71.50,0.456,4.189,0.349,banana,fresh
26242752,25954,93.25,857.05,71.45,0.456,4.189,0.349,banana,fresh
26243763,25955,93.40,857.05,71.50,0.457,4.189,0.349,banana,fresh
26244774,25956,93.35,857.00,71.60,0.456,4.189,0.350,banana,fresh
26245785,25957,93.45,857.00,71.60,0.457,4.189,0.350,banana,fresh
26246796,25958,93.15,857.00,71.60,0.455,4.189,0.350,banana,fresh
26247808,25959,93.15,857.00,71.75,0.455,4.189,0.351,banana,fresh
26248818,25960,93.25,857.00,71.70,0.456,4.189,0.350,banana,fresh
26249830,25961,93.20,857.00,71.65,0.456,4.189,0.350,banana,fresh
26250841,25962,93.10,857.00,71.60,0.455,4.189,0.350,banana,fresh
26251852,25963,93.10,857.00,71.65,0.455,4.189,0.350,banana,fresh
26252863,25964,93.30,857.00,71.45,0.456,4.189,0.349,banana,fresh
26253874,25965,93.10,857.00,71.45,0.455,4.189,0.349,banana,fresh
26254885,25966,93.15,857.00,71.55,0.455,4.189,0.350,banana,fresh
26255896,25967,93.15,857.00,71.65,0.455,4.189,0.350,banana,fresh
26256908,25968,93.20,857.00,71.65,0.456,4.189,0.350,banana,fresh
26257918,25969,93.30,857.00,71.75,0.456,4.189,0.351,banana,fresh
26258930,25970,93.30,857.00,71.45,0.456,4.189,0.349,banana,fresh
26259941,25971,93.25,857.05,71.50,0.456,4.189,0.349,banana,fresh
26260952,25972,93.35,857.00,71.50,0.456,4.189,0.349,banana,fresh
26261963,25973,93.35,857.00,71.45,0.456,4.189,0.349,banana,fresh
26262974,25974,93.10,857.00,71.80,0.455,4.189,0.351,banana,fresh
26263986,25975,93.35,857.00,71.45,0.456,4.189,0.349,banana,fresh
26264996,25976,93.20,857.00,71.50,0.456,4.189,0.349,banana,fresh
26266007,25977,93.20,857.00,71.45,0.456,4.189,0.349,banana,fresh
26267019,25978,93.35,857.00,71.70,0.456,4.189,0.350,banana,fresh
26268029,25979,93.30,857.00,71.40,0.456,4.189,0.349,banana,fresh
26269041,25980,93.20,857.00,71.50,0.456,4.189,0.349,banana,fresh
26270052,25981,93.30,857.00,71.70,0.456,4.189,0.350,banana,fresh
26271064,25982,93.20,857.00,71.65,0.456,4.189,0.350,banana,fresh
26272074,25983,93.30,857.00,71.60,0.456,4.189,0.350,banana,fresh
26273085,25984,93.45,857.00,71.60,0.457,4.189,0.350,banana,fresh
26274097,25985,93.30,857.00,71.50,0.456,4.189,0.349,banana,fresh
26275107,25986,93.20,857.00,71.60,0.456,4.189,0.350,banana,fresh
26276119,25987,93.10,857.00,71.55,0.455,4.189,0.350,banana,fresh
26277130,25988,93.25,857.00,71.35,0.456,4.189,0.349,banana,fresh
26278141,25989,93.30,857.05,71.45,0.456,4.189,0.349,banana,fresh
26279152,25990,93.15,857.00,71.45,0.455,4.189,0.349,banana,fresh
26280163,25991,93.10,857.00,71.70,0.455,4.189,0.350,banana,fresh
26281175,25992,93.10,857.00,71.50,0.455,4.189,0.349,banana,fresh
26282185,25993,93.25,857.00,71.50,0.456,4.189,0.349,banana,fresh
26283197,25994,93.30,857.00,71.65,0.456,4.189,0.350,banana,fresh
26284208,25995,93.10,857.00,71.45,0.455,4.189,0.349,banana,fresh
26285219,25996,93.20,857.00,71.60,0.456,4.189,0.350,banana,fresh
26286230,25997,93.35,857.00,71.50,0.456,4.189,0.349,banana,fresh
26287241,25998,93.25,857.00,71.70,0.456,4.189,0.350,banana,fresh
26288252,25999,93.15,857.00,71.50,0.455,4.189,0.349,banana,fresh
26289263,26000,93.05,857.00,71.55,0.455,4.189,0.350,banana,fresh
26290275,26001,93.10,857.05,71.50,0.455,4.189,0.349,banana,fresh
26291286,26002,93.15,857.00,71.35,0.455,4.189,0.349,banana,fresh
26292297,26003,93.15,857.00,71.55,0.455,4.189,0.350,banana,fresh
26293308,26004,93.05,857.00,71.65,0.455,4.189,0.350,banana,fresh
26294319,26005,93.20,857.00,71.65,0.456,4.189,0.350,banana,fresh
26295330,26006,93.30,857.00,71.60,0.456,4.189,0.350,banana,fresh
26296341,26007,93.20,857.05,71.40,0.456,4.189,0.349,banana,fresh
26297353,26008,93.25,857.00,71.45,0.456,4.189,0.349,banana,fresh
26298363,26009,93.10,857.10,71.50,0.455,4.189,0.349,banana,fresh
26299375,26010,93.10,857.05,71.45,0.455,4.189,0.349,banana,fresh
26300386,26011,93.35,857.05,71.65,0.456,4.189,0.350,banana,fresh
26301396,26012,93.05,857.10,71.55,0.455,4.189,0.350,banana,fresh
26302408,26013,93.20,857.00,71.50,0.456,4.189,0.349,banana,fresh
26303419,26014,93.25,857.00,71.85,0.456,4.189,0.351,banana,fresh
26304431,26015,93.10,857.00,71.75,0.455,4.189,0.351,banana,fresh
26305441,26016,93.15,857.00,71.55,0.455,4.189,0.350,banana,fresh
26306453,26017,93.25,857.00,71.60,0.456,4.189,0.350,banana,fresh
26307464,26018,93.30,857.05,71.40,0.456,4.189,0.349,banana,fresh
26308474,26019,93.05,857.00,71.55,0.455,4.189,0.350,banana,fresh
26309486,26020,93.30,857.05,71.35,0.456,4.189,0.349,banana,fresh
26310497,26021,93.10,857.00,71.40,0.455,4.189,0.349,banana,fresh
26311508,26022,93.25,857.00,71.45,0.456,4.189,0.349,banana,fresh
26312519,26023,93.10,857.00,71.55,0.455,4.189,0.350,banana,fresh
26313531,26024,93.15,857.00,71.65,0.455,4.189,0.350,banana,fresh
26314542,26025,93.05,857.00,71.55,0.455,4.189,0.350,banana,fresh
26315552,26026,93.15,857.05,71.65,0.455,4.189,0.350,banana,fresh
26316564,26027,93.15,857.00,71.65,0.455,4.189,0.350,banana,fresh
26317575,26028,93.20,857.00,71.60,0.456,4.189,0.350,banana,fresh
26318586,26029,93.10,857.00,71.55,0.455,4.189,0.350,banana,fresh
26319597,26030,93.20,857.00,71.55,0.456,4.189,0.350,banana,fresh
26320609,26031,93.10,857.05,71.70,0.455,4.189,0.350,banana,fresh
26321619,26032,93.20,857.00,71.55,0.456,4.189,0.350,banana,fresh
26322630,26033,93.20,857.00,71.50,0.456,4.189,0.349,banana,fresh
26323642,26034,93.05,857.00,71.65,0.455,4.189,0.350,banana,fresh
26324653,26035,93.15,857.00,71.85,0.455,4.189,0.351,banana,fresh
26325664,26036,93.20,857.00,71.70,0.456,4.189,0.350,banana,fresh
26326675,26037,93.15,857.05,71.55,0.455,4.189,0.350,banana,fresh
26327687,26038,93.20,857.00,71.45,0.456,4.189,0.349,banana,fresh
26328697,26039,93.20,857.00,71.40,0.456,4.189,0.349,banana,fresh
26329708,26040,93.15,857.00,71.45,0.455,4.189,0.349,banana,fresh
26330720,26041,93.05,857.00,71.50,0.455,4.189,0.349,banana,fresh
26331730,26042,93.15,857.00,71.50,0.455,4.189,0.349,banana,fresh
26332742,26043,93.20,857.05,71.40,0.456,4.189,0.349,banana,fresh
26333753,26044,93.20,857.05,71.65,0.456,4.189,0.350,banana,fresh
26334765,26045,93.15,857.10,71.75,0.455,4.189,0.351,banana,fresh
26335775,26046,93.20,857.00,71.70,0.456,4.189,0.350,banana,fresh
26336786,26047,93.20,857.05,71.60,0.456,4.189,0.350,banana,fresh
26337798,26048,93.25,857.00,71.75,0.456,4.189,0.351,banana,fresh
26338808,26049,93.10,857.00,71.55,0.455,4.189,0.350,banana,fresh
26339820,26050,93.10,857.00,71.70,0.455,4.189,0.350,banana,fresh
26340831,26051,93.10,857.00,71.45,0.455,4.189,0.349,banana,fresh
26341842,26052,93.25,857.00,71.70,0.456,4.189,0.350,banana,fresh
26342853,26053,93.30,857.00,71.55,0.456,4.189,0.350,banana,fresh
26343864,26054,93.25,857.00,71.40,0.456,4.189,0.349,banana,fresh
26344876,26055,93.40,857.00,71.60,0.457,4.189,0.350,banana,fresh
26345886,26056,93.20,857.00,71.25,0.456,4.189,0.348,banana,fresh
26346898,26057,93.20,857.10,71.65,0.456,4.189,0.350,banana,fresh
26347909,26058,93.15,857.05,71.45,0.455,4.189,0.349,banana,fresh
26348920,26059,93.25,857.05,71.50,0.456,4.189,0.349,banana,fresh
26349931,26060,93.10,857.00,71.60,0.455,4.189,0.350,banana,fresh
26350942,26061,93.10,857.05,71.60,0.455,4.189,0.350,banana,fresh
26351953,26062,93.15,857.00,71.75,0.455,4.189,0.351,banana,fresh
26352964,26063,93.10,857.00,71.55,0.455,4.189,0.350,banana,fresh
26353976,26064,93.00,856.95,71.60,0.455,4.188,0.350,banana,fresh
26354987,26065,93.20,856.95,71.75,0.456,4.188,0.351,banana,fresh
26355998,26066,93.35,857.00,71.50,0.456,4.189,0.349,banana,fresh
26357009,26067,93.10,857.00,71.55,0.455,4.189,0.350,banana,fresh
26358020,26068,93.05,857.00,71.55,0.455,4.189,0.350,banana,fresh
26359031,26069,93.05,857.00,71.70,0.455,4.189,0.350,banana,fresh
26360042,26070,93.15,857.00,71.80,0.455,4.189,0.351,banana,fresh
26361054,26071,93.00,857.05,71.50,0.455,4.189,0.349,banana,fresh
26362064,26072,93.05,857.05,71.70,0.455,4.189,0.350,banana,fresh
26363076,26073,93.30,857.00,71.70,0.456,4.189,0.350,banana,fresh
26364087,26074,93.15,857.00,71.55,0.455,4.189,0.350,banana,fresh
26365097,26075,93.05,857.05,71.65,0.455,4.189,0.350,banana,fresh
26366109,26076,93.10,857.05,71.55,0.455,4.189,0.350,banana,fresh
26367120,26077,93.10,857.00,71.80,0.455,4.189,0.351,banana,fresh
26368132,26078,93.30,857.00,71.80,0.456,4.189,0.351,banana,fresh
26369142,26079,93.10,857.00,71.65,0.455,4.189,0.350,banana,fresh
26370154,26080,93.05,857.00,71.70,0.455,4.189,0.350,banana,fresh
26371165,26081,93.00,857.00,71.65,0.455,4.189,0.350,banana,fresh
26372175,26082,93.10,857.00,71.45,0.455,4.189,0.349,banana,fresh
26373187,26083,93.05,857.00,71.60,0.455,4.189,0.350,banana,fresh
26374198,26084,93.10,857.05,71.50,0.455,4.189,0.349,banana,fresh
26375209,26085,93.05,857.00,71.55,0.455,4.189,0.350,banana,fresh
26376220,26086,93.20,857.00,71.55,0.456,4.189,0.350,banana,fresh
26377232,26087,93.10,857.00,71.70,0.455,4.189,0.350,banana,fresh
26378243,26088,93.25,857.00,71.70,0.456,4.189,0.350,banana,fresh
26379253,26089,93.05,857.00,71.50,0.455,4.189,0.349,banana,fresh
26380265,26090,93.25,857.00,71.65,0.456,4.189,0.350,banana,fresh
26381276,26091,93.15,857.00,71.45,0.455,4.189,0.349,banana,fresh
26382287,26092,93.00,857.00,71.60,0.455,4.189,0.350,banana,fresh
26383298,26093,93.25,857.00,71.60,0.456,4.189,0.350,banana,fresh
26384310,26094,93.15,857.10,71.70,0.455,4.189,0.350,banana,fresh
26385320,26095,93.25,857.05,71.45,0.456,4.189,0.349,banana,fresh
26386331,26096,93.10,857.00,71.55,0.455,4.189,0.350,banana,fresh
26387343,26097,93.20,857.00,71.65,0.456,4.189,0.350,banana,fresh
26388354,26098,93.15,857.00,71.45,0.455,4.189,0.349,banana,fresh
26389365,26099,93.10,857.00,71.50,0.455,4.189,0.349,banana,fresh
26390376,26100,93.15,857.00,71.50,0.455,4.189,0.349,banana,fresh
26391388,26101,93.30,857.00,71.55,0.456,4.189,0.350,banana,fresh
26392398,26102,93.10,857.00,71.60,0.455,4.189,0.350,banana,fresh
26393409,26103,93.05,857.00,71.50,0.455,4.189,0.349,banana,fresh
26394421,26104,93.20,857.00,71.45,0.456,4.189,0.349,banana,fresh
26395431,26105,93.10,857.00,71.60,0.455,4.189,0.350,banana,fresh
26396443,26106,93.05,857.00,71.60,0.455,4.189,0.350,banana,fresh
26397454,26107,93.10,857.00,71.60,0.455,4.189,0.350,banana,fresh
26398466,26108,93.15,857.00,71.55,0.455,4.189,0.350,banana,fresh
26399476,26109,93.15,857.00,71.70,0.455,4.189,0.350,banana,fresh
26400487,26110,93.05,857.05,71.65,0.455,4.189,0.350,banana,fresh
26401499,26111,93.25,857.00,71.55,0.456,4.189,0.350,banana,fresh
26402509,26112,93.35,857.00,71.55,0.456,4.189,0.350,banana,fresh
26403521,26113,93.20,857.00,71.60,0.456,4.189,0.350,banana,fresh
26404532,26114,93.10,857.00,71.65,0.455,4.189,0.350,banana,fresh
26405543,26115,93.05,857.00,71.45,0.455,4.189,0.349,banana,fresh
26406554,26116,93.20,857.00,71.40,0.456,4.189,0.349,banana,fresh
26407565,26117,93.05,857.00,71.45,0.455,4.189,0.349,banana,fresh
26408577,26118,93.10,857.00,71.75,0.455,4.189,0.351,banana,fresh
26409587,26119,93.25,857.00,71.65,0.456,4.189,0.350,banana,fresh
26410599,26120,93.15,857.05,71.70,0.455,4.189,0.350,banana,fresh
26411610,26121,93.15,857.00,71.70,0.455,4.189,0.350,banana,fresh
26412621,26122,93.15,857.00,71.80,0.455,4.189,0.351,banana,fresh
26413632,26123,93.20,857.05,71.65,0.456,4.189,0.350,banana,fresh
26414643,26124,93.15,857.05,71.30,0.455,4.189,0.348,banana,fresh
26415654,26125,93.20,857.00,71.60,0.456,4.189,0.350,banana,fresh
26416665,26126,93.15,857.00,71.50,0.455,4.189,0.349,banana,fresh
26417677,26127,93.10,857.00,71.85,0.455,4.189,0.351,banana,fresh
26418688,26128,93.00,857.00,71.55,0.455,4.189,0.350,banana,fresh
26419699,26129,93.05,857.00,71.60,0.455,4.189,0.350,banana,fresh
26420710,26130,93.05,857.00,71.60,0.455,4.189,0.350,banana,fresh
26421721,26131,93.15,857.00,71.75,0.455,4.189,0.351,banana,fresh
26422732,26132,93.10,857.00,71.55,0.455,4.189,0.350,banana,fresh
26423743,26133,93.15,857.00,71.65,0.455,4.189,0.350,banana,fresh
26424755,26134,93.20,857.00,71.55,0.456,4.189,0.350,banana,fresh
26425765,26135,93.05,857.00,71.70,0.455,4.189,0.350,banana,fresh
26426776,26136,93.00,857.00,71.65,0.455,4.189,0.350,banana,fresh
26427788,26137,93.10,857.10,71.50,0.455,4.189,0.349,banana,fresh
26428798,26138,93.05,857.05,71.45,0.455,4.189,0.349,banana,fresh
26429810,26139,93.15,857.05,71.50,0.455,4.189,0.349,banana,fresh
26430821,26140,93.05,857.00,71.35,0.455,4.189,0.349,banana,fresh
26431833,26141,93.05,857.00,71.70,0.455,4.189,0.350,banana,fresh
26432843,26142,93.05,857.00,71.60,0.455,4.189,0.350,banana,fresh
26433854,26143,93.15,857.05,71.45,0.455,4.189,0.349,banana,fresh
26434866,26144,93.10,857.00,71.75,0.455,4.189,0.351,banana,fresh
26435876,26145,93.05,857.00,71.50,0.455,4.189,0.349,banana,fresh
26436888,26146,93.10,857.00,71.45,0.455,4.189,0.349,banana,fresh
26437899,26147,93.15,857.00,71.50,0.455,4.189,0.349,banana,fresh
26438910,26148,93.05,857.00,71.75,0.455,4.189,0.351,banana,fresh
26439921,26149,93.15,857.05,71.75,0.455,4.189,0.351,banana,fresh
26440932,26150,93.20,857.00,71.55,0.456,4.189,0.350,banana,fresh
26441944,26151,93.05,857.00,71.65,0.455,4.189,0.350,banana,fresh
26442954,26152,93.15,857.00,71.65,0.455,4.189,0.350,banana,fresh
26443966,26153,93.15,857.00,71.35,0.455,4.189,0.349,banana,fresh
26444977,26154,93.10,857.05,71.75,0.455,4.189,0.351,banana,fresh
26445988,26155,93.15,857.00,71.25,0.455,4.189,0.348,banana,fresh
26446999,26156,93.05,857.00,71.40,0.455,4.189,0.349,banana,fresh
26448010,26157,93.15,857.05,71.70,0.455,4.189,0.350,banana,fresh
26449021,26158,93.10,857.10,71.45,0.455,4.189,0.349,banana,fresh
26450032,26159,93.00,857.00,71.55,0.455,4.189,0.350,banana,fresh
26451044,26160,93.15,857.00,71.70,0.455,4.189,0.350,banana,fresh
26452055,26161,93.20,857.00,71.55,0.456,4.189,0.350,banana,fresh
26453066,26162,93.05,857.10,71.60,0.455,4.189,0.350,banana,fresh
26454077,26163,93.05,857.00,71.55,0.455,4.189,0.350,banana,fresh
26455088,26164,93.05,857.00,71.35,0.455,4.189,0.349,banana,fresh
26456099,26165,93.00,857.00,71.65,0.455,4.189,0.350,banana,fresh
26457110,26166,93.20,857.00,71.70,0.456,4.189,0.350,banana,fresh
26458122,26167,93.05,857.05,71.60,0.455,4.189,0.350,banana,fresh
26459132,26168,93.20,857.00,71.75,0.456,4.189,0.351,banana,fresh
26460143,26169,93.15,857.00,71.60,0.455,4.189,0.350,banana,fresh
26461155,26170,93.15,857.00,71.85,0.455,4.189,0.351,banana,fresh
26462166,26171,93.10,857.00,71.60,0.455,4.189,0.350,banana,fresh
26463177,26172,93.10,857.00,71.35,0.455,4.189,0.349,banana,fresh
26464188,26173,93.15,857.00,71.55,0.455,4.189,0.350,banana,fresh
26465200,26174,93.15,857.00,71.45,0.455,4.189,0.349,banana,fresh
26466210,26175,93.10,857.00,71.70,0.455,4.189,0.350,banana,fresh
26467222,26176,93.15,857.00,71.45,0.455,4.189,0.349,banana,fresh
26468233,26177,93.15,857.05,71.55,0.455,4.189,0.350,banana,fresh
26469243,26178,93.05,857.05,71.65,0.455,4.189,0.350,banana,fresh
26470255,26179,93.05,857.00,71.50,0.455,4.189,0.349,banana,fresh
26471266,26180,93.15,857.00,71.45,0.455,4.189,0.349,banana,fresh
26472278,26181,93.15,857.00,71.60,0.455,4.189,0.350,banana,fresh
26473288,26182,93.10,857.00,71.35,0.455,4.189,0.349,banana,fresh
26474300,26183,93.05,857.00,71.50,0.455,4.189,0.349,banana,fresh
26475311,26184,93.10,857.10,71.65,0.455,4.189,0.350,banana,fresh
26476321,26185,93.05,857.05,71.40,0.455,4.189,0.349,banana,fresh
26477333,26186,93.00,857.05,71.65,0.455,4.189,0.350,banana,fresh
26478344,26187,93.10,857.00,71.55,0.455,4.189,0.350,banana,fresh
26479355,26188,93.05,857.00,71.55,0.455,4.189,0.350,banana,fresh
26480366,26189,93.10,857.00,71.70,0.455,4.189,0.350,banana,fresh
26481378,26190,93.05,857.10,71.50,0.455,4.189,0.349,banana,fresh
26482388,26191,93.05,857.00,71.65,0.455,4.189,0.350,banana,fresh
26483399,26192,93.00,857.00,71.45,0.455,4.189,0.349,banana,fresh
26484411,26193,93.05,857.00,71.55,0.455,4.189,0.350,banana,fresh
26485422,26194,93.15,857.00,71.60,0.455,4.189,0.350,banana,fresh
26486433,26195,93.05,857.00,71.55,0.455,4.189,0.350,banana,fresh
26487444,26196,93.10,857.00,71.60,0.455,4.189,0.350,banana,fresh
26488456,26197,93.20,857.00,71.50,0.456,4.189,0.349,banana,fresh
26489466,26198,93.15,857.00,71.45,0.455,4.189,0.349,banana,fresh
26490477,26199,93.10,857.00,71.40,0.455,4.189,0.349,banana,fresh
26491489,26200,93.10,857.00,71.75,0.455,4.189,0.351,banana,fresh
26492499,26201,93.00,857.00,71.55,0.455,4.189,0.350,banana,fresh
26493511,26202,93.05,857.00,71.35,0.455,4.189,0.349,banana,fresh
26494522,26203,93.00,857.05,71.85,0.455,4.189,0.351,banana,fresh
26495534,26204,93.05,857.00,71.65,0.455,4.189,0.350,banana,fresh
26496544,26205,93.10,857.05,71.65,0.455,4.189,0.350,banana,fresh
26497555,26206,93.15,857.05,71.55,0.455,4.189,0.350,banana,fresh
26498567,26207,93.10,857.05,71.55,0.455,4.189,0.350,banana,fresh
26499577,26208,93.05,857.05,71.50,0.455,4.189,0.349,banana,fresh
26500589,26209,93.05,856.95,71.80,0.455,4.188,0.351,banana,fresh
26501600,26210,93.10,857.00,71.35,0.455,4.189,0.349,banana,fresh
26502611,26211,93.00,857.10,71.65,0.455,4.189,0.350,banana,fresh
26503622,26212,93.05,857.00,71.65,0.455,4.189,0.350,banana,fresh
26504633,26213,93.10,857.00,71.40,0.455,4.189,0.349,banana,fresh
26505645,26214,93.05,857.05,71.60,0.455,4.189,0.350,banana,fresh
26506655,26215,93.00,857.00,71.55,0.455,4.189,0.350,banana,fresh
26507667,26216,93.10,857.05,71.65,0.455,4.189,0.350,banana,fresh
26508678,26217,93.15,857.15,71.60,0.455,4.189,0.350,banana,fresh
26509689,26218,93.20,857.05,71.40,0.456,4.189,0.349,banana,fresh
26510700,26219,93.15,857.00,71.55,0.455,4.189,0.350,banana,fresh
26511711,26220,93.20,857.05,71.55,0.456,4.189,0.350,banana,fresh
26512722,26221,93.10,857.00,71.50,0.455,4.189,0.349,banana,fresh
26513733,26222,93.10,857.00,71.50,0.455,4.189,0.349,banana,fresh
26514745,26223,93.20,857.10,71.65,0.456,4.189,0.350,banana,fresh
26515756,26224,93.10,857.00,71.55,0.455,4.189,0.350,banana,fresh
26516767,26225,93.15,857.00,71.85,0.455,4.189,0.351,banana,fresh
26517778,26226,93.10,857.10,71.55,0.455,4.189,0.350,banana,fresh
26518789,26227,93.05,857.00,71.65,0.455,4.189,0.350,banana,fresh
26519800,26228,93.15,857.00,71.55,0.455,4.189,0.350,banana,fresh
26520811,26229,93.05,857.00,71.70,0.455,4.189,0.350,banana,fresh
26521823,26230,93.20,857.05,71.70,0.456,4.189,0.350,banana,fresh
26522833,26231,93.05,857.05,71.35,0.455,4.189,0.349,banana,fresh
26523845,26232,93.10,857.10,71.35,0.455,4.189,0.349,banana,fresh
26524856,26233,93.15,857.10,71.65,0.455,4.189,0.350,banana,fresh
26525867,26234,93.10,857.00,71.50,0.455,4.189,0.349,banana,fresh
26526878,26235,93.10,857.00,71.40,0.455,4.189,0.349,banana,fresh
26527889,26236,93.05,857.00,71.60,0.455,4.189,0.350,banana,fresh
26528901,26237,93.00,857.10,71.50,0.455,4.189,0.349,banana,fresh
26529911,26238,93.00,857.00,71.40,0.455,4.189,0.349,banana,fresh
26530922,26239,93.10,857.00,71.55,0.455,4.189,0.350,banana,fresh
26531934,26240,93.05,857.00,71.50,0.455,4.189,0.349,banana,fresh
26532944,26241,93.05,857.00,71.65,0.455,4.189,0.350,banana,fresh
26533956,26242,93.05,857.05,71.55,0.455,4.189,0.350,banana,fresh
26534967,26243,93.05,857.00,71.70,0.455,4.189,0.350,banana,fresh
26535979,26244,93.10,857.05,71.50,0.455,4.189,0.349,banana,fresh
26536989,26245,93.00,857.05,71.45,0.455,4.189,0.349,banana,fresh
26538000,26246,93.10,857.10,71.55,0.455,4.189,0.350,banana,fresh
26539012,26247,93.10,857.00,71.70,0.455,4.189,0.350,banana,fresh
26540022,26248,93.20,857.05,71.70,0.456,4.189,0.350,banana,fresh
26541034,26249,93.15,857.00,71.40,0.455,4.189,0.349,banana,fresh
26542045,26250,93.10,857.05,71.65,0.455,4.189,0.350,banana,fresh
26543056,26251,93.10,857.00,71.50,0.455,4.189,0.349,banana,fresh
26544067,26252,93.05,857.05,71.80,0.455,4.189,0.351,banana,fresh
26545079,26253,93.05,857.05,71.50,0.455,4.189,0.349,banana,fresh
26546089,26254,93.05,857.10,71.55,0.455,4.189,0.350,banana,fresh
26547100,26255,93.00,857.00,71.55,0.455,4.189,0.350,banana,fresh
26548112,26256,93.10,857.00,71.70,0.455,4.189,0.350,banana,fresh
26549123,26257,93.00,857.00,71.80,0.455,4.189,0.351,banana,fresh
26550134,26258,93.05,857.05,71.50,0.455,4.189,0.349,banana,fresh
26551145,26259,93.00,857.00,71.70,0.455,4.189,0.350,banana,fresh
26552157,26260,93.10,857.05,71.60,0.455,4.189,0.350,banana,fresh
26553167,26261,93.10,857.00,71.75,0.455,4.189,0.351,banana,fresh
26554178,26262,93.05,857.00,71.55,0.455,4.189,0.350,banana,fresh
26555190,26263,93.05,857.10,71.50,0.455,4.189,0.349,banana,fresh
26556200,26264,93.10,857.00,71.75,0.455,4.189,0.351,banana,fresh
26557212,26265,93.05,857.00,71.30,0.455,4.189,0.348,banana,fresh
26558223,26266,93.05,857.00,71.80,0.455,4.189,0.351,banana,fresh
26559235,26267,93.05,857.10,71.80,0.455,4.189,0.351,banana,fresh
26560245,26268,93.10,857.05,71.55,0.455,4.189,0.350,banana,fresh
26561256,26269,93.05,857.10,71.60,0.455,4.189,0.350,banana,fresh
26562268,26270,93.05,857.00,71.55,0.455,4.189,0.350,banana,fresh
26563278,26271,93.00,857.00,71.55,0.455,4.189,0.350,banana,fresh
26564290,26272,93.00,857.00,71.70,0.455,4.189,0.350,banana,fresh
26565301,26273,93.00,857.05,71.55,0.455,4.189,0.350,banana,fresh
26566311,26274,93.00,857.05,71.55,0.455,4.189,0.350,banana,fresh
26567323,26275,93.05,857.00,71.45,0.455,4.189,0.349,banana,fresh
26568334,26276,93.20,857.05,71.60,0.456,4.189,0.350,banana,fresh
26569346,26277,93.05,857.00,71.35,0.455,4.189,0.349,banana,fresh
26570356,26278,93.05,857.00,71.65,0.455,4.189,0.350,banana,fresh
26571368,26279,93.10,857.00,71.50,0.455,4.189,0.349,banana,fresh
26572379,26280,93.05,857.00,71.70,0.455,4.189,0.350,banana,fresh
26573389,26281,93.05,857.00,71.60,0.455,4.189,0.350,banana,fresh
26574401,26282,93.05,857.05,71.45,0.455,4.189,0.349,banana,fresh
26575412,26283,93.05,857.05,71.50,0.455,4.189,0.349,banana,fresh
26576423,26284,93.00,857.00,71.80,0.455,4.189,0.351,banana,fresh
26577434,26285,93.15,857.00,71.50,0.455,4.189,0.349,banana,fresh
26578446,26286,93.05,857.00,71.55,0.455,4.189,0.350,banana,fresh
26579457,26287,93.05,857.05,71.70,0.455,4.189,0.350,banana,fresh
26580467,26288,93.00,857.05,71.55,0.455,4.189,0.350,banana,fresh
26581479,26289,93.05,857.00,71.55,0.455,4.189,0.350,banana,fresh
26582490,26290,93.10,857.05,71.45,0.455,4.189,0.349,banana,fresh
26583501,26291,93.00,857.15,71.70,0.455,4.189,0.350,banana,fresh
26584512,26292,93.00,857.05,71.65,0.455,4.189,0.350,banana,fresh
26585524,26293,93.05,857.00,71.45,0.455,4.189,0.349,banana,fresh
26586534,26294,93.05,857.10,71.65,0.455,4.189,0.350,banana,fresh
26587545,26295,93.00,857.00,71.70,0.455,4.189,0.350,banana,fresh
26588557,26296,93.10,857.00,71.55,0.455,4.189,0.350,banana,fresh
26589568,26297,93.05,857.05,71.50,0.455,4.189,0.349,banana,fresh
26590579,26298,93.00,857.05,71.65,0.455,4.189,0.350,banana,fresh
26591590,26299,93.00,857.00,71.75,0.455,4.189,0.351,banana,fresh
26592602,26300,93.00,857.10,71.40,0.455,4.189,0.349,banana,fresh
26593612,26301,93.10,857.05,71.55,0.455,4.189,0.350,banana,fresh
26594623,26302,93.05,857.05,71.35,0.455,4.189,0.349,banana,fresh
26595635,26303,93.05,857.05,71.45,0.455,4.189,0.349,banana,fresh
26596645,26304,93.15,857.00,71.60,0.455,4.189,0.350,banana,fresh
26597657,26305,93.00,857.05,71.30,0.455,4.189,0.348,banana,fresh
26598668,26306,93.20,857.00,71.50,0.456,4.189,0.349,banana,fresh
26599680,26307,93.25,857.00,71.70,0.456,4.189,0.350,banana,fresh
26600690,26308,93.00,857.00,71.55,0.455,4.189,0.350,banana,fresh
26601701,26309,93.15,857.00,71.50,0.455,4.189,0.349,banana,fresh
26602713,26310,93.05,857.05,71.40,0.455,4.189,0.349,banana,fresh
26603723,26311,93.00,857.05,71.60,0.455,4.189,0.350,banana,fresh
26604735,26312,93.20,857.05,71.45,0.456,4.189,0.349,banana,fresh
26605746,26313,93.05,857.05,71.30,0.455,4.189,0.348,banana,fresh
26606757,26314,93.00,857.10,71.60,0.455,4.189,0.350,banana,fresh
26607768,26315,93.00,857.00,71.55,0.455,4.189,0.350,banana,fresh
26608779,26316,93.05,857.10,71.50,0.455,4.189,0.349,banana,fresh
26609790,26317,93.05,857.00,71.70,0.455,4.189,0.350,banana,fresh
26610801,26318,93.05,857.05,71.75,0.455,4.189,0.351,banana,fresh
26611813,26319,93.05,857.10,71.35,0.455,4.189,0.349,banana,fresh
26612824,26320,93.00,857.05,71.60,0.455,4.189,0.350,banana,fresh
26613835,26321,93.05,857.05,71.55,0.455,4.189,0.350,banana,fresh
26614846,26322,93.10,857.00,71.70,0.455,4.189,0.350,banana,fresh
26615857,26323,93.10,857.00,71.60,0.455,4.189,0.350,banana,fresh
26616868,26324,93.10,857.05,71.55,0.455,4.189,0.350,banana,fresh
26617879,26325,93.00,857.00,71.30,0.455,4.189,0.348,banana,fresh
26618891,26326,93.05,857.00,71.55,0.455,4.189,0.350,banana,fresh
26619901,26327,93.00,857.15,71.45,0.455,4.189,0.349,banana,fresh
26620913,26328,93.00,857.05,71.75,0.455,4.189,0.351,banana,fresh
26621924,26329,93.00,857.10,71.60,0.455,4.189,0.350,banana,fresh
26622935,26330,93.00,857.05,71.55,0.455,4.189,0.350,banana,fresh
26623946,26331,93.00,857.05,71.55,0.455,4.189,0.350,banana,fresh
26624957,26332,93.00,857.05,71.60,0.455,4.189,0.350,banana,fresh
26625969,26333,93.00,857.00,71.55,0.455,4.189,0.350,banana,fresh
26626979,26334,93.00,857.10,71.40,0.455,4.189,0.349,banana,fresh
26627991,26335,93.00,857.00,71.45,0.455,4.189,0.349,banana,fresh
26629002,26336,93.15,857.05,71.55,0.455,4.189,0.350,banana,fresh
26630012,26337,93.05,857.10,71.60,0.455,4.189,0.350,banana,fresh
26631024,26338,93.00,857.00,71.45,0.455,4.189,0.349,banana,fresh
26632035,26339,93.05,857.20,71.60,0.455,4.190,0.350,banana,fresh
26633047,26340,93.00,857.10,71.55,0.455,4.189,0.350,banana,fresh
26634057,26341,93.10,857.00,71.55,0.455,4.189,0.350,banana,fresh
26635069,26342,93.00,857.15,71.55,0.455,4.189,0.350,banana,fresh
26636080,26343,93.10,857.05,71.70,0.455,4.189,0.350,banana,fresh
26637090,26344,93.00,857.10,71.45,0.455,4.189,0.349,banana,fresh
26638102,26345,93.00,857.10,71.80,0.455,4.189,0.351,banana,fresh
26639113,26346,93.05,857.10,71.60,0.455,4.189,0.350,banana,fresh
26640124,26347,93.05,857.10,71.65,0.455,4.189,0.350,banana,fresh
26641135,26348,93.00,857.05,71.65,0.455,4.189,0.350,banana,fresh
26642146,26349,93.10,857.05,71.40,0.455,4.189,0.349,banana,fresh
26643158,26350,93.05,857.15,71.65,0.455,4.189,0.350,banana,fresh
26644168,26351,92.95,857.05,71.50,0.454,4.189,0.349,banana,fresh
26645180,26352,93.10,857.10,71.45,0.455,4.189,0.349,banana,fresh
26646191,26353,93.00,857.05,71.60,0.455,4.189,0.350,banana,fresh
26647202,26354,93.00,857.00,71.35,0.455,4.189,0.349,banana,fresh
26648213,26355,93.00,857.00,71.60,0.455,4.189,0.350,banana,fresh
26649224,26356,92.95,857.10,71.65,0.454,4.189,0.350,banana,fresh
26650235,26357,93.00,857.05,71.55,0.455,4.189,0.350,banana,fresh
26651246,26358,93.10,857.00,71.65,0.455,4.189,0.350,banana,fresh
26652258,26359,93.00,857.05,71.55,0.455,4.189,0.350,banana,fresh
26653268,26360,93.00,857.00,71.65,0.455,4.189,0.350,banana,fresh
26654280,26361,92.90,857.05,71.55,0.454,4.189,0.350,banana,fresh
26655291,26362,93.10,857.10,71.65,0.455,4.189,0.350,banana,fresh
26656302,26363,93.00,857.05,71.55,0.455,4.189,0.350,banana,fresh
26657313,26364,93.00,857.10,71.60,0.455,4.189,0.350,banana,fresh
26658324,26365,93.10,857.05,71.45,0.455,4.189,0.349,banana,fresh
26659336,26366,93.00,857.05,71.45,0.455,4.189,0.349,banana,fresh
26660346,26367,93.05,857.05,71.45,0.455,4.189,0.349,banana,fresh
26661358,26368,93.10,857.10,71.65,0.455,4.189,0.350,banana,fresh
26662369,26369,93.05,857.05,71.65,0.455,4.189,0.350,banana,fresh
26663379,26370,93.00,857.00,71.35,0.455,4.189,0.349,banana,fresh
26664391,26371,93.00,857.00,71.60,0.455,4.189,0.350,banana,fresh
26665402,26372,93.00,857.00,71.60,0.455,4.189,0.350,banana,fresh
26666414,26373,93.05,857.05,71.55,0.455,4.189,0.350,banana,fresh
26667424,26374,93.00,857.05,71.50,0.455,4.189,0.349,banana,fresh
26668436,26375,93.00,857.00,71.45,0.455,4.189,0.349,banana,fresh
26669447,26376,93.00,857.10,71.40,0.455,4.189,0.349,banana,fresh
26670457,26377,93.05,857.10,71.40,0.455,4.189,0.349,banana,fresh
26671469,26378,93.05,857.10,71.65,0.455,4.189,0.350,banana,fresh
26672480,26379,93.00,857.05,71.40,0.455,4.189,0.349,banana,fresh
26673491,26380,93.15,857.00,71.75,0.455,4.189,0.351,banana,fresh
26674502,26381,93.00,857.05,71.45,0.455,4.189,0.349,banana,fresh
26675514,26382,93.00,857.00,71.50,0.455,4.189,0.349,banana,fresh
26676525,26383,93.00,857.00,71.50,0.455,4.189,0.349,banana,fresh
26677535,26384,93.00,857.10,71.50,0.455,4.189,0.349,banana,fresh
26678547,26385,93.00,857.15,71.80,0.455,4.189,0.351,banana,fresh
26679558,26386,93.00,857.15,71.65,0.455,4.189,0.350,banana,fresh
26680569,26387,93.00,857.20,71.70,0.455,4.190,0.350,banana,fresh
26681580,26388,93.00,857.05,71.45,0.455,4.189,0.349,banana,fresh
26682591,26389,93.05,857.05,71.35,0.455,4.189,0.349,banana,fresh
26683602,26390,93.00,857.05,71.40,0.455,4.189,0.349,banana,fresh
26684613,26391,93.05,857.00,71.65,0.455,4.189,0.350,banana,fresh
26685625,26392,93.15,857.05,71.55,0.455,4.189,0.350,banana,fresh
26686636,26393,93.05,857.10,71.55,0.455,4.189,0.350,banana,fresh
26687647,26394,93.10,857.00,71.35,0.455,4.189,0.349,banana,fresh
26688658,26395,93.00,857.05,71.60,0.455,4.189,0.350,banana,fresh
26689669,26396,93.00,857.00,71.45,0.455,4.189,0.349,banana,fresh
26690680,26397,93.00,857.05,71.60,0.455,4.189,0.350,banana,fresh
26691691,26398,93.10,857.10,71.40,0.455,4.189,0.349,banana,fresh
26692703,26399,93.00,857.10,71.50,0.455,4.189,0.349,banana,fresh
26693713,26400,93.00,857.05,71.50,0.455,4.189,0.349,banana,fresh
26694725,26401,93.10,857.00,71.60,0.455,4.189,0.350,banana,fresh
26695736,26402,93.05,857.10,71.45,0.455,4.189,0.349,banana,fresh
26696747,26403,92.95,857.15,71.55,0.454,4.189,0.350,banana,fresh
26697758,26404,93.00,857.05,71.65,0.455,4.189,0.350,banana,fresh
26698769,26405,93.05,857.00,71.50,0.455,4.189,0.349,banana,fresh
26699781,26406,93.00,857.15,71.60,0.455,4.189,0.350,banana,fresh
26700791,26407,93.10,857.05,71.40,0.455,4.189,0.349,banana,fresh
26701803,26408,93.05,857.15,71.30,0.455,4.189,0.348,banana,fresh
26702814,26409,93.05,857.05,71.55,0.455,4.189,0.350,banana,fresh
26703824,26410,93.05,857.05,71.60,0.455,4.189,0.350,banana,fresh
26704836,26411,93.00,857.05,71.35,0.455,4.189,0.349,banana,fresh
26705847,26412,93.05,857.10,71.65,0.455,4.189,0.350,banana,fresh
26706859,26413,93.00,857.05,71.60,0.455,4.189,0.350,banana,fresh
26707869,26414,93.00,857.10,71.70,0.455,4.189,0.350,banana,fresh
26708881,26415,93.05,857.10,71.50,0.455,4.189,0.349,banana,fresh
26709892,26416,93.05,857.15,71.65,0.455,4.189,0.350,banana,fresh
26710902,26417,93.05,857.05,71.65,0.455,4.189,0.350,banana,fresh
26711914,26418,93.00,857.05,71.60,0.455,4.189,0.350,banana,fresh
26712925,26419,93.05,857.10,71.75,0.455,4.189,0.351,banana,fresh
26713936,26420,93.00,857.05,71.60,0.455,4.189,0.350,banana,fresh
26714947,26421,93.00,857.10,71.65,0.455,4.189,0.350,banana,fresh
26715959,26422,93.00,857.00,71.65,0.455,4.189,0.350,banana,fresh
26716969,26423,93.00,857.05,71.65,0.455,4.189,0.350,banana,fresh
26717980,26424,93.00,857.10,71.70,0.455,4.189,0.350,banana,fresh
26718992,26425,93.00,857.00,71.45,0.455,4.189,0.349,banana,fresh
26720003,26426,93.10,857.10,71.55,0.455,4.189,0.350,banana,fresh
26721014,26427,93.05,857.00,71.50,0.455,4.189,0.349,banana,fresh
26722025,26428,92.95,857.15,71.55,0.454,4.189,0.350,banana,fresh
26723037,26429,93.00,857.05,71.60,0.455,4.189,0.350,banana,fresh
26724047,26430,93.00,857.15,71.50,0.455,4.189,0.349,banana,fresh
26725058,26431,93.00,857.20,71.55,0.455,4.190,0.350,banana,fresh
26726070,26432,93.05,857.00,71.60,0.455,4.189,0.350,banana,fresh
26727080,26433,93.00,857.10,71.55,0.455,4.189,0.350,banana,fresh
26728092,26434,93.00,857.10,71.60,0.455,4.189,0.350,banana,fresh
26729103,26435,93.00,857.05,71.45,0.455,4.189,0.349,banana,fresh
26730114,26436,93.05,857.15,71.50,0.455,4.189,0.349,banana,fresh
26731125,26437,93.00,857.05,71.45,0.455,4.189,0.349,banana,fresh
26732136,26438,93.00,857.05,71.45,0.455,4.189,0.349,banana,fresh
26733148,26439,93.00,857.05,71.65,0.455,4.189,0.350,banana,fresh
26734158,26440,93.00,857.00,71.50,0.455,4.189,0.349,banana,fresh
26735170,26441,93.00,857.00,71.60,0.455,4.189,0.350,banana,fresh
26736181,26442,93.05,857.10,71.60,0.455,4.189,0.350,banana,fresh
26737191,26443,93.05,857.10,71.50,0.455,4.189,0.349,banana,fresh
26738203,26444,92.95,857.00,71.60,0.454,4.189,0.350,banana,fresh
26739214,26445,93.15,857.10,71.50,0.455,4.189,0.349,banana,fresh
26740226,26446,93.10,857.00,71.70,0.455,4.189,0.350,banana,fresh
26741236,26447,93.05,857.10,71.50,0.455,4.189,0.349,banana,fresh
26742248,26448,93.00,857.05,71.45,0.455,4.189,0.349,banana,fresh
26743259,26449,93.00,857.15,71.50,0.455,4.189,0.349,banana,fresh
26744269,26450,93.00,857.05,71.55,0.455,4.189,0.350,banana,fresh
26745281,26451,93.00,857.05,71.50,0.455,4.189,0.349,banana,fresh
26746292,26452,93.00,857.15,71.70,0.455,4.189,0.350,banana,fresh
26747303,26453,93.10,857.05,71.40,0.455,4.189,0.349,banana,fresh
26748314,26454,93.00,857.10,71.85,0.455,4.189,0.351,banana,fresh
26749326,26455,93.00,857.15,71.45,0.455,4.189,0.349,banana,fresh
26750337,26456,93.00,857.05,71.65,0.455,4.189,0.350,banana,fresh
26751347,26457,93.00,857.00,71.60,0.455,4.189,0.350,banana,fresh
26752359,26458,92.95,857.15,71.60,0.454,4.189,0.350,banana,fresh
26753370,26459,92.95,857.15,71.70,0.454,4.189,0.350,banana,fresh
26754381,26460,93.00,857.10,71.50,0.455,4.189,0.349,banana,fresh
26755392,26461,93.05,857.15,71.60,0.455,4.189,0.350,banana,fresh
26756404,26462,93.00,857.10,71.65,0.455,4.189,0.350,banana,fresh
26757414,26463,93.00,857.15,71.75,0.455,4.189,0.351,banana,fresh
26758425,26464,93.00,857.15,71.75,0.455,4.189,0.351,banana,fresh
26759437,26465,93.00,857.10,71.60,0.455,4.189,0.350,banana,fresh
26760448,26466,93.00,857.05,71.40,0.455,4.189,0.349,banana,fresh
26761459,26467,93.00,857.15,71.70,0.455,4.189,0.350,banana,fresh
26762470,26468,93.00,857.10,71.65,0.455,4.189,0.350,banana,fresh
26763482,26469,93.00,857.10,71.45,0.455,4.189,0.349,banana,fresh
26764492,26470,93.00,857.05,71.65,0.455,4.189,0.350,banana,fresh
26765504,26471,92.95,857.05,71.50,0.454,4.189,0.349,banana,fresh
26766515,26472,93.00,857.15,71.65,0.455,4.189,0.350,banana,fresh
26767525,26473,93.00,857.10,71.60,0.455,4.189,0.350,banana,fresh
26768537,26474,92.95,857.20,71.35,0.454,4.190,0.349,banana,fresh
26769548,26475,93.00,857.15,71.65,0.455,4.189,0.350,banana,fresh
26770560,26476,93.05,857.05,71.65,0.455,4.189,0.350,banana,fresh
26771570,26477,93.00,857.20,71.60,0.455,4.190,0.350,banana,fresh
26772582,26478,93.00,857.05,71.65,0.455,4.189,0.350,banana,fresh
26773593,26479,93.00,857.10,71.60,0.455,4.189,0.350,banana,fresh
26774603,26480,93.00,857.00,71.55,0.455,4.189,0.350,banana,fresh
26775615,26481,93.00,857.00,71.60,0.455,4.189,0.350,banana,fresh
26776626,26482,93.00,857.00,71.60,0.455,4.189,0.350,banana,fresh
26777637,26483,92.95,857.20,71.60,0.454,4.190,0.350,banana,fresh
26778648,26484,93.00,857.15,71.70,0.455,4.189,0.350,banana,fresh
26779660,26485,93.00,857.10,71.85,0.455,4.189,0.351,banana,fresh
26780670,26486,93.00,857.10,71.65,0.455,4.189,0.350,banana,fresh
26781681,26487,93.00,857.05,71.70,0.455,4.189,0.350,banana,fresh
26782693,26488,93.00,857.05,71.55,0.455,4.189,0.350,banana,fresh
26783704,26489,93.05,857.10,71.85,0.455,4.189,0.351,banana,fresh
26784715,26490,92.95,857.05,71.70,0.454,4.189,0.350,banana,fresh
26785726,26491,93.00,857.25,71.70,0.455,4.190,0.350,banana,fresh
26786738,26492,93.10,857.10,71.60,0.455,4.189,0.350,banana,fresh
26787748,26493,93.00,857.05,71.65,0.455,4.189,0.350,banana,fresh
26788759,26494,93.10,857.10,71.60,0.455,4.189,0.350,banana,fresh
26789771,26495,93.00,857.10,71.55,0.455,4.189,0.350,banana,fresh
26790781,26496,93.05,857.15,71.60,0.455,4.189,0.350,banana,fresh
26791793,26497,93.00,857.10,71.55,0.455,4.189,0.350,banana,fresh
26792804,26498,93.05,857.00,71.45,0.455,4.189,0.349,banana,fresh
26793816,26499,93.00,857.05,71.65,0.455,4.189,0.350,banana,fresh
26794826,26500,93.00,857.10,71.60,0.455,4.189,0.350,banana,fresh
26795837,26501,93.05,857.15,71.60,0.455,4.189,0.350,banana,fresh
26796849,26502,92.95,857.10,71.45,0.454,4.189,0.349,banana,fresh
26797859,26503,93.00,857.05,71.75,0.455,4.189,0.351,banana,fresh
26798871,26504,93.00,857.10,71.60,0.455,4.189,0.350,banana,fresh
26799882,26505,93.05,857.10,71.45,0.455,4.189,0.349,banana,fresh
26800893,26506,92.95,857.10,71.60,0.454,4.189,0.350,banana,fresh
26801904,26507,93.00,857.15,71.60,0.455,4.189,0.350,banana,fresh
26802915,26508,93.00,857.10,71.65,0.455,4.189,0.350,banana,fresh
26803927,26509,93.00,857.00,71.65,0.455,4.189,0.350,banana,fresh
26804937,26510,93.00,857.20,71.45,0.455,4.190,0.349,banana,fresh
26805949,26511,93.00,857.05,71.65,0.455,4.189,0.350,banana,fresh
26806960,26512,93.05,857.10,71.80,0.455,4.189,0.351,banana,fresh
26807971,26513,93.05,857.15,71.65,0.455,4.189,0.350,banana,fresh
26808982,26514,93.00,857.20,71.70,0.455,4.190,0.350,banana,fresh
26809993,26515,93.00,857.10,71.70,0.455,4.189,0.350,banana,fresh
26811004,26516,93.05,857.35,71.50,0.455,4.190,0.349,banana,fresh
26812015,26517,93.05,857.00,71.65,0.455,4.189,0.350,banana,fresh
26813027,26518,93.05,857.00,71.75,0.455,4.189,0.351,banana,fresh
26814038,26519,93.00,857.05,71.75,0.455,4.189,0.351,banana,fresh
26815049,26520,93.00,857.05,71.75,0.455,4.189,0.351,banana,fresh
26816060,26521,93.00,857.15,71.75,0.455,4.189,0.351,banana,fresh
26817071,26522,93.00,857.20,71.65,0.455,4.190,0.350,banana,fresh
26818082,26523,93.00,857.15,71.70,0.455,4.189,0.350,banana,fresh
26819093,26524,93.00,857.15,71.60,0.455,4.189,0.350,banana,fresh
26820105,26525,93.00,857.25,71.75,0.455,4.190,0.351,banana,fresh
26821115,26526,93.00,857.30,71.40,0.455,4.190,0.349,banana,fresh
26822127,26527,93.05,857.10,71.65,0.455,4.189,0.350,banana,fresh
26823138,26528,93.00,857.15,71.50,0.455,4.189,0.349,banana,fresh
26824148,26529,93.00,857.10,71.65,0.455,4.189,0.350,banana,fresh
26825160,26530,93.05,857.10,71.70,0.455,4.189,0.350,banana,fresh
26826171,26531,93.00,857.25,71.75,0.455,4.190,0.351,banana,fresh
26827183,26532,93.00,857.10,71.65,0.455,4.189,0.350,banana,fresh
26828193,26533,93.00,857.15,71.75,0.455,4.189,0.351,banana,fresh
26829205,26534,93.00,857.25,71.60,0.455,4.190,0.350,banana,fresh
26830216,26535,93.05,857.10,71.65,0.455,4.189,0.350,banana,fresh
26831226,26536,93.00,857.20,71.65,0.455,4.190,0.350,banana,fresh
26832238,26537,93.05,857.05,71.60,0.455,4.189,0.350,banana,fresh
26833249,26538,93.05,857.20,71.70,0.455,4.190,0.350,banana,fresh
26834260,26539,93.00,857.15,71.55,0.455,4.189,0.350,banana,fresh
26835271,26540,93.00,857.05,71.80,0.455,4.189,0.351,banana,fresh
26836283,26541,93.05,857.10,71.45,0.455,4.189,0.349,banana,fresh
26837294,26542,93.00,857.05,71.75,0.455,4.189,0.351,banana,fresh
26838304,26543,93.05,857.15,71.60,0.455,4.189,0.350,banana,fresh
26839316,26544,93.10,857.15,71.80,0.455,4.189,0.351,banana,fresh
26840327,26545,93.00,857.10,71.50,0.455,4.189,0.349,banana,fresh
26841338,26546,93.05,857.00,71.65,0.455,4.189,0.350,banana,fresh
26842349,26547,93.00,857.15,71.60,0.455,4.189,0.350,banana,fresh
26843361,26548,92.95,857.20,71.50,0.454,4.190,0.349,banana,fresh
26844371,26549,92.90,857.15,71.70,0.454,4.189,0.350,banana,fresh
26845382,26550,93.05,857.10,71.70,0.455,4.189,0.350,banana,fresh
26846394,26551,92.95,857.30,71.55,0.454,4.190,0.350,banana,fresh
26847405,26552,93.00,857.20,71.80,0.455,4.190,0.351,banana,fresh
26848416,26553,93.05,857.25,71.70,0.455,4.190,0.350,banana,fresh
26849427,26554,93.00,857.10,71.60,0.455,4.189,0.350,banana,fresh
26850439,26555,93.05,857.15,71.60,0.455,4.189,0.350,banana,fresh
26851449,26556,93.05,857.25,71.60,0.455,4.190,0.350,banana,fresh
26852460,26557,93.00,857.25,71.65,0.455,4.190,0.350,banana,fresh
26853472,26558,93.10,857.20,71.60,0.455,4.190,0.350,banana,fresh
26854482,26559,93.00,857.15,71.65,0.455,4.189,0.350,banana,fresh
26855494,26560,93.00,857.35,71.50,0.455,4.190,0.349,banana,fresh
26856505,26561,93.00,857.25,71.60,0.455,4.190,0.350,banana,fresh
26857517,26562,93.05,857.20,71.55,0.455,4.190,0.350,banana,fresh
26858527,26563,92.95,857.15,71.55,0.454,4.189,0.350,banana,fresh
26859538,26564,93.00,857.10,71.85,0.455,4.189,0.351,banana,fresh
26860550,26565,93.00,857.15,71.60,0.455,4.189,0.350,banana,fresh
26861560,26566,93.05,857.15,71.45,0.455,4.189,0.349,banana,fresh
26862572,26567,93.00,857.10,71.65,0.455,4.189,0.350,banana,fresh
26863583,26568,93.10,857.20,71.65,0.455,4.190,0.350,banana,fresh
26864594,26569,92.95,857.15,71.60,0.454,4.189,0.350,banana,fresh
26865605,26570,93.05,857.15,71.65,0.455,4.189,0.350,banana,fresh
26866616,26571,92.95,857.20,71.75,0.454,4.190,0.351,banana,fresh
26867628,26572,93.00,857.15,71.75,0.455,4.189,0.351,banana,fresh
26868638,26573,93.00,857.05,71.60,0.455,4.189,0.350,banana,fresh
26869650,26574,92.95,857.10,71.65,0.454,4.189,0.350,banana,fresh
26870661,26575,92.95,857.25,71.50,0.454,4.190,0.349,banana,fresh
26871672,26576,93.00,857.05,71.60,0.455,4.189,0.350,banana,fresh
26872683,26577,93.00,857.15,71.45,0.455,4.189,0.349,banana,fresh
26873694,26578,93.05,857.20,71.40,0.455,4.190,0.349,banana,fresh
26874705,26579,93.05,857.05,71.70,0.455,4.189,0.350,banana,fresh
26875716,26580,93.00,857.05,71.70,0.455,4.189,0.350,banana,fresh
26876728,26581,93.00,857.05,71.50,0.455,4.189,0.349,banana,fresh
26877739,26582,92.95,857.15,71.65,0.454,4.189,0.350,banana,fresh
26878750,26583,93.10,857.10,71.55,0.455,4.189,0.350,banana,fresh
26879761,26584,93.00,857.15,71.75,0.455,4.189,0.351,banana,fresh
26880772,26585,92.95,857.25,71.70,0.454,4.190,0.350,banana,fresh
26881783,26586,93.05,857.35,71.70,0.455,4.190,0.350,banana,fresh
26882794,26587,93.00,857.15,71.70,0.455,4.189,0.350,banana,fresh
26883806,26588,93.00,857.10,71.70,0.455,4.189,0.350,banana,fresh
26884816,26589,93.00,857.10,71.60,0.455,4.189,0.350,banana,fresh
26885828,26590,93.00,857.25,71.60,0.455,4.190,0.350,banana,fresh
26886839,26591,93.00,857.15,71.70,0.455,4.189,0.350,banana,fresh
26887849,26592,92.95,857.25,71.65,0.454,4.190,0.350,banana,fresh
26888861,26593,93.00,857.10,71.70,0.455,4.189,0.350,banana,fresh
26889872,26594,93.00,857.15,71.65,0.455,4.189,0.350,banana,fresh
26890884,26595,92.95,857.15,71.65,0.454,4.189,0.350,banana,fresh
26891894,26596,93.05,857.15,71.65,0.455,4.189,0.350,banana,fresh
26892905,26597,93.00,857.30,71.65,0.455,4.190,0.350,banana,fresh
26893917,26598,93.00,857.15,71.55,0.455,4.189,0.350,banana,fresh
26894927,26599,93.05,857.20,71.70,0.455,4.190,0.350,banana,fresh
26895939,26600,92.85,857.15,71.75,0.454,4.189,0.351,banana,fresh
26896950,26601,93.00,857.20,71.55,0.455,4.190,0.350,banana,fresh
26897961,26602,93.00,857.10,71.65,0.455,4.189,0.350,banana,fresh
26898972,26603,93.00,857.15,71.60,0.455,4.189,0.350,banana,fresh
26899984,26604,93.00,857.20,71.65,0.455,4.190,0.350,banana,fresh
26900995,26605,93.00,857.25,71.75,0.455,4.190,0.351,banana,fresh
26902005,26606,92.90,857.15,71.85,0.454,4.189,0.351,banana,fresh
26903017,26607,93.00,857.25,71.65,0.455,4.190,0.350,banana,fresh
26904028,26608,93.00,857.05,71.60,0.455,4.189,0.350,banana,fresh
26905039,26609,92.95,857.20,71.75,0.454,4.190,0.351,banana,fresh
26906050,26610,93.00,857.05,71.45,0.455,4.189,0.349,banana,fresh
26907062,26611,93.00,857.10,71.50,0.455,4.189,0.349,banana,fresh
26908072,26612,93.00,857.25,71.45,0.455,4.190,0.349,banana,fresh
26909083,26613,93.00,857.10,71.70,0.455,4.189,0.350,banana,fresh
26910095,26614,93.00,857.05,71.60,0.455,4.189,0.350,banana,fresh
26911106,26615,93.00,857.20,71.75,0.455,4.190,0.351,banana,fresh
26912117,26616,93.05,857.10,71.95,0.455,4.189,0.352,banana,fresh
26913128,26617,93.00,857.20,71.65,0.455,4.190,0.350,banana,fresh
26914140,26618,93.00,857.20,71.70,0.455,4.190,0.350,banana,fresh
26915150,26619,92.95,857.25,71.80,0.454,4.190,0.351,banana,fresh
26916161,26620,93.00,857.15,71.60,0.455,4.189,0.350,banana,fresh
26917173,26621,93.05,857.10,71.55,0.455,4.189,0.350,banana,fresh
26918183,26622,92.95,857.30,71.50,0.454,4.190,0.349,banana,fresh
26919195,26623,93.00,857.10,71.70,0.455,4.189,0.350,banana,fresh
26920206,26624,93.10,857.15,71.65,0.455,4.189,0.350,banana,fresh
26921217,26625,92.95,857.15,71.50,0.454,4.189,0.349,banana,fresh
26922228,26626,93.10,857.10,71.65,0.455,4.189,0.350,banana,fresh
26923239,26627,93.15,857.15,71.65,0.455,4.189,0.350,banana,fresh
26924251,26628,93.00,857.15,71.60,0.455,4.189,0.350,banana,fresh
26925261,26629,93.05,857.20,71.65,0.455,4.190,0.350,banana,fresh
26926273,26630,93.00,857.30,71.55,0.455,4.190,0.350,banana,fresh
26927284,26631,93.05,857.20,71.80,0.455,4.190,0.351,banana,fresh
26928295,26632,93.10,857.10,71.60,0.455,4.189,0.350,banana,fresh
26929306,26633,93.00,857.15,71.65,0.455,4.189,0.350,banana,fresh
26930317,26634,93.00,857.20,71.75,0.455,4.190,0.351,banana,fresh
26931329,26635,92.95,857.20,71.65,0.454,4.190,0.350,banana,fresh
26932339,26636,93.05,857.15,71.55,0.455,4.189,0.350,banana,fresh
26933351,26637,93.00,857.30,71.60,0.455,4.190,0.350,banana,fresh
26934362,26638,93.05,857.25,71.65,0.455,4.190,0.350,banana,fresh
26935373,26639,93.05,857.15,71.65,0.455,4.189,0.350,banana,fresh
26936384,26640,93.00,857.20,71.70,0.455,4.190,0.350,banana,fresh
26937395,26641,93.05,857.20,71.45,0.455,4.190,0.349,banana,fresh
26938406,26642,93.00,857.25,71.45,0.455,4.190,0.349,banana,fresh
26939417,26643,93.00,857.20,71.75,0.455,4.190,0.351,banana,fresh
26940429,26644,93.05,857.20,71.50,0.455,4.190,0.349,banana,fresh
26941440,26645,93.00,857.15,71.60,0.455,4.189,0.350,banana,fresh
26942451,26646,93.00,857.30,71.65,0.455,4.190,0.350,banana,fresh
26943462,26647,93.05,857.20,71.50,0.455,4.190,0.349,banana,fresh
26944473,26648,93.00,857.25,71.55,0.455,4.190,0.350,banana,fresh
26945484,26649,93.00,857.20,71.70,0.455,4.190,0.350,banana,fresh
26946495,26650,92.90,857.10,71.75,0.454,4.189,0.351,banana,fresh
26947507,26651,93.00,857.25,71.30,0.455,4.190,0.348,banana,fresh
26948517,26652,92.95,857.20,71.60,0.454,4.190,0.350,banana,fresh
26949528,26653,93.00,857.10,71.65,0.455,4.189,0.350,banana,fresh
26950540,26654,93.05,857.20,71.50,0.455,4.190,0.349,banana,fresh
26951550,26655,93.00,857.30,71.90,0.455,4.190,0.351,banana,fresh
26952562,26656,93.00,857.25,71.60,0.455,4.190,0.350,banana,fresh
26953573,26657,93.00,857.45,71.70,0.455,4.191,0.350,banana,fresh
26954585,26658,93.00,857.25,71.50,0.455,4.190,0.349,banana,fresh
26955595,26659,93.00,857.05,71.80,0.455,4.189,0.351,banana,fresh
26956606,26660,93.00,857.25,71.85,0.455,4.190,0.351,banana,fresh
26957618,26661,93.00,857.05,71.85,0.455,4.189,0.351,banana,fresh
26958628,26662,93.05,857.45,71.40,0.455,4.191,0.349,banana,fresh
26959640,26663,93.00,857.25,71.50,0.455,4.190,0.349,banana,fresh
26960651,26664,93.00,857.20,71.60,0.455,4.190,0.350,banana,fresh
26961662,26665,93.00,857.10,71.55,0.455,4.189,0.350,banana,fresh
26962673,26666,92.95,857.20,71.60,0.454,4.190,0.350,banana,fresh
26963684,26667,92.95,857.20,71.75,0.454,4.190,0.351,banana,fresh
26964696,26668,92.85,857.20,71.60,0.454,4.190,0.350,banana,fresh
26965706,26669,92.95,857.20,71.60,0.454,4.190,0.350,banana,fresh
26966718,26670,93.00,857.35,71.40,0.455,4.190,0.349,banana,fresh
26967729,26671,93.05,857.20,71.60,0.455,4.190,0.350,banana,fresh
26968740,26672,93.00,857.30,71.75,0.455,4.190,0.351,banana,fresh
26969751,26673,93.05,857.30,71.70,0.455,4.190,0.350,banana,fresh
26970762,26674,93.05,857.15,71.80,0.455,4.189,0.351,banana,fresh
26971773,26675,93.00,857.25,71.55,0.455,4.190,0.350,banana,fresh
26972784,26676,93.10,857.15,71.70,0.455,4.189,0.350,banana,fresh
26973796,26677,93.05,857.25,71.70,0.455,4.190,0.350,banana,fresh
26974807,26678,93.05,857.05,71.55,0.455,4.189,0.350,banana,fresh
26975818,26679,93.00,857.20,71.40,0.455,4.190,0.349,banana,fresh
26976829,26680,93.00,857.20,71.75,0.455,4.190,0.351,banana,fresh
26977840,26681,92.95,857.35,71.60,0.454,4.190,0.350,banana,fresh
26978851,26682,93.00,857.35,71.70,0.455,4.190,0.350,banana,fresh
26979862,26683,93.00,857.40,71.65,0.455,4.191,0.350,banana,fresh
26980874,26684,93.00,857.20,71.80,0.455,4.190,0.351,banana,fresh
26981884,26685,93.05,857.30,71.60,0.455,4.190,0.350,banana,fresh
26982896,26686,93.05,857.35,71.70,0.455,4.190,0.350,banana,fresh
26983907,26687,93.05,857.35,71.75,0.455,4.190,0.351,banana,fresh
26984918,26688,92.95,857.20,71.75,0.454,4.190,0.351,banana,fresh
26985929,26689,92.90,857.40,71.55,0.454,4.191,0.350,banana,fresh
26986940,26690,92.90,857.10,71.60,0.454,4.189,0.350,banana,fresh
26987952,26691,93.05,857.25,71.60,0.455,4.190,0.350,banana,fresh
26988962,26692,93.05,857.25,71.55,0.455,4.190,0.350,banana,fresh
26989974,26693,93.00,857.20,71.85,0.455,4.190,0.351,banana,fresh
26990985,26694,93.00,857.30,71.60,0.455,4.190,0.350,banana,fresh
26991995,26695,92.95,857.30,71.80,0.454,4.190,0.351,banana,fresh
26993007,26696,93.00,857.25,71.70,0.455,4.190,0.350,banana,fresh
26994018,26697,93.00,857.15,71.80,0.455,4.189,0.351,banana,fresh
26995030,26698,93.00,857.25,71.65,0.455,4.190,0.350,banana,fresh
26996040,26699,93.00,857.25,71.60,0.455,4.190,0.350,banana,fresh
26997052,26700,92.95,857.30,71.75,0.454,4.190,0.351,banana,fresh
26998063,26701,92.95,857.15,71.75,0.454,4.189,0.351,banana,fresh
26999073,26702,93.00,857.30,71.50,0.455,4.190,0.349,banana,fresh
27000085,26703,93.05,857.20,71.60,0.455,4.190,0.350,banana,fresh
27001096,26704,93.05,857.25,71.65,0.455,4.190,0.350,banana,fresh
27002107,26705,93.00,857.40,71.75,0.455,4.191,0.351,banana,fresh
27003118,26706,93.00,857.35,71.65,0.455,4.190,0.350,banana,fresh
27004130,26707,93.00,857.20,71.85,0.455,4.190,0.351,banana,fresh
27005140,26708,92.95,857.15,71.75,0.454,4.189,0.351,banana,fresh
27006151,26709,92.95,857.20,71.55,0.454,4.190,0.350,banana,fresh
27007163,26710,93.00,857.30,71.80,0.455,4.190,0.351,banana,fresh
27008174,26711,93.00,857.20,71.75,0.455,4.190,0.351,banana,fresh
27009185,26712,93.00,857.30,71.40,0.455,4.190,0.349,banana,fresh
27010196,26713,93.00,857.30,71.60,0.455,4.190,0.350,banana,fresh
27011208,26714,93.00,857.30,71.65,0.455,4.190,0.350,banana,fresh
27012218,26715,93.00,857.25,71.50,0.455,4.190,0.349,banana,fresh
27013229,26716,93.05,857.20,71.65,0.455,4.190,0.350,banana,fresh
27014241,26717,93.00,857.25,71.65,0.455,4.190,0.350,banana,fresh
27015251,26718,93.00,857.15,71.75,0.455,4.189,0.351,banana,fresh
27016263,26719,93.00,857.10,71.80,0.455,4.189,0.351,banana,fresh
27017274,26720,92.95,857.15,71.65,0.454,4.189,0.350,banana,fresh
27018286,26721,93.00,857.25,71.60,0.455,4.190,0.350,banana,fresh
27019296,26722,93.00,857.15,71.45,0.455,4.189,0.349,banana,fresh
27020307,26723,93.00,857.15,71.65,0.455,4.189,0.350,banana,fresh
27021319,26724,92.95,857.20,71.60,0.454,4.190,0.350,banana,fresh
27022329,26725,93.05,857.05,71.70,0.455,4.189,0.350,banana,fresh
27023341,26726,92.95,857.25,71.60,0.454,4.190,0.350,banana,fresh
27024352,26727,93.00,857.20,71.70,0.455,4.190,0.350,banana,fresh
27025363,26728,92.90,857.25,71.55,0.454,4.190,0.350,banana,fresh
27026374,26729,93.00,857.30,71.60,0.455,4.190,0.350,banana,fresh
27027385,26730,93.00,857.30,71.40,0.455,4.190,0.349,banana,fresh
27028397,26731,93.00,857.25,71.55,0.455,4.190,0.350,banana,fresh
27029407,26732,93.00,857.15,71.85,0.455,4.189,0.351,banana,fresh
27030419,26733,93.00,857.10,71.75,0.455,4.189,0.351,banana,fresh
27031430,26734,93.00,857.35,71.60,0.455,4.190,0.350,banana,fresh
27032441,26735,93.00,857.20,71.70,0.455,4.190,0.350,banana,fresh
27033452,26736,92.95,857.10,71.80,0.454,4.189,0.351,banana,fresh
27034463,26737,93.00,857.25,71.65,0.455,4.190,0.350,banana,fresh
27035474,26738,93.00,857.30,71.45,0.455,4.190,0.349,banana,fresh
27036485,26739,92.95,857.30,71.50,0.454,4.190,0.349,banana,fresh
27037497,26740,93.00,857.15,71.65,0.455,4.189,0.350,banana,fresh
27038508,26741,92.95,857.15,71.70,0.454,4.189,0.350,banana,fresh
27039519,26742,93.05,857.15,71.60,0.455,4.189,0.350,banana,fresh
27040530,26743,93.00,857.30,71.60,0.455,4.190,0.350,banana,fresh
27041541,26744,93.00,857.20,71.70,0.455,4.190,0.350,banana,fresh
27042552,26745,93.05,857.15,71.60,0.455,4.189,0.350,banana,fresh
27043563,26746,93.05,857.35,71.50,0.455,4.190,0.349,banana,fresh
27044575,26747,93.05,857.20,71.70,0.455,4.190,0.350,banana,fresh
27045585,26748,93.10,857.40,71.60,0.455,4.191,0.350,banana,fresh
27046597,26749,93.00,857.35,71.70,0.455,4.190,0.350,banana,fresh
27047608,26750,93.00,857.25,71.60,0.455,4.190,0.350,banana,fresh
27048619,26751,92.95,857.20,71.70,0.454,4.190,0.350,banana,fresh
27049630,26752,92.95,857.25,71.70,0.454,4.190,0.350,banana,fresh
27050641,26753,93.00,857.20,71.65,0.455,4.190,0.350,banana,fresh
27051653,26754,92.90,857.20,71.70,0.454,4.190,0.350,banana,fresh
27052663,26755,93.00,857.15,71.60,0.455,4.189,0.350,banana,fresh
27053674,26756,93.00,857.25,71.65,0.455,4.190,0.350,banana,fresh
27054686,26757,92.95,857.30,71.55,0.454,4.190,0.350,banana,fresh
27055696,26758,93.00,857.05,71.95,0.455,4.189,0.352,banana,fresh
27056708,26759,92.95,857.35,71.50,0.454,4.190,0.349,banana,fresh
27057719,26760,92.90,857.30,71.75,0.454,4.190,0.351,banana,fresh
27058731,26761,93.10,857.35,71.75,0.455,4.190,0.351,banana,fresh
27059741,26762,92.95,857.35,71.60,0.454,4.190,0.350,banana,fresh
27060752,26763,93.00,857.25,71.70,0.455,4.190,0.350,banana,fresh
27061764,26764,93.05,857.30,71.70,0.455,4.190,0.350,banana,fresh
27062774,26765,93.00,857.20,71.70,0.455,4.190,0.350,banana,fresh
27063786,26766,93.00,857.10,71.80,0.455,4.189,0.351,banana,fresh
27064797,26767,93.00,857.20,71.55,0.455,4.190,0.350,banana,fresh
27065808,26768,93.00,857.15,71.75,0.455,4.189,0.351,banana,fresh
27066819,26769,92.90,857.20,71.75,0.454,4.190,0.351,banana,fresh
27067830,26770,93.00,857.15,71.80,0.455,4.189,0.351,banana,fresh
27068841,26771,93.00,857.20,71.70,0.455,4.190,0.350,banana,fresh
27069852,26772,93.00,857.10,71.55,0.455,4.189,0.350,banana,fresh
27070864,26773,92.85,857.25,71.30,0.454,4.190,0.348,banana,fresh
27071875,26774,93.00,857.15,71.70,0.455,4.189,0.350,banana,fresh
27072886,26775,92.95,857.15,71.85,0.454,4.189,0.351,banana,fresh
27073897,26776,93.00,857.35,71.55,0.455,4.190,0.350,banana,fresh
27074909,26777,93.00,857.40,71.80,0.455,4.191,0.351,banana,fresh
27075919,26778,92.90,857.15,71.75,0.454,4.189,0.351,banana,fresh
27076930,26779,93.00,857.10,71.70,0.455,4.189,0.350,banana,fresh
27077942,26780,93.00,857.20,71.55,0.455,4.190,0.350,banana,fresh
27078952,26781,92.95,857.40,71.60,0.454,4.191,0.350,banana,fresh
27079964,26782,93.00,857.25,71.70,0.455,4.190,0.350,banana,fresh
27080975,26783,93.00,857.25,71.60,0.455,4.190,0.350,banana,fresh
27081987,26784,92.95,857.30,71.65,0.454,4.190,0.350,banana,fresh
27082997,26785,92.95,857.10,71.60,0.454,4.189,0.350,banana,fresh
27084008,26786,92.95,857.30,71.65,0.454,4.190,0.350,banana,fresh
27085020,26787,93.00,857.25,71.50,0.455,4.190,0.349,banana,fresh
27086030,26788,93.00,857.35,71.65,0.455,4.190,0.350,banana,fresh
27087042,26789,93.00,857.20,71.45,0.455,4.190,0.349,banana,fresh
27088053,26790,93.00,857.15,71.70,0.455,4.189,0.350,banana,fresh
27089064,26791,93.00,857.15,71.70,0.455,4.189,0.350,banana,fresh
27090075,26792,93.00,857.20,71.60,0.455,4.190,0.350,banana,fresh
27091086,26793,93.00,857.25,71.40,0.455,4.190,0.349,banana,fresh
27092098,26794,92.95,857.05,71.55,0.454,4.189,0.350,banana,fresh
27093108,26795,93.00,857.25,71.70,0.455,4.190,0.350,banana,fresh
27094120,26796,93.00,857.35,71.55,0.455,4.190,0.350,banana,fresh
27095131,26797,93.05,857.30,71.55,0.455,4.190,0.350,banana,fresh
27096142,26798,93.05,857.40,71.60,0.455,4.191,0.350,banana,fresh
27097153,26799,93.00,857.35,71.70,0.455,4.190,0.350,banana,fresh
27098164,26800,93.05,857.40,71.65,0.455,4.191,0.350,banana,fresh
27099175,26801,93.00,857.25,71.65,0.455,4.190,0.350,banana,fresh
27100186,26802,93.00,857.25,71.70,0.455,4.190,0.350,banana,fresh
27101198,26803,93.00,857.40,71.60,0.455,4.191,0.350,banana,fresh
27102209,26804,93.00,857.35,71.50,0.455,4.190,0.349,banana,fresh
27103220,26805,93.00,857.35,71.75,0.455,4.190,0.351,banana,fresh
27104231,26806,93.00,857.25,71.50,0.455,4.190,0.349,banana,fresh
27105242,26807,93.00,857.25,71.70,0.455,4.190,0.350,banana,fresh
27106253,26808,93.00,857.35,71.70,0.455,4.190,0.350,banana,fresh
27107264,26809,93.00,857.45,71.50,0.455,4.191,0.349,banana,fresh
27108276,26810,93.00,857.20,71.60,0.455,4.190,0.350,banana,fresh
27109286,26811,93.00,857.20,71.70,0.455,4.190,0.350,banana,fresh
27110298,26812,93.00,857.20,71.60,0.455,4.190,0.350,banana,fresh
27111309,26813,92.90,857.30,71.75,0.454,4.190,0.351,banana,fresh
27112320,26814,93.00,857.20,71.55,0.455,4.190,0.350,banana,fresh
27113331,26815,92.95,857.25,71.55,0.454,4.190,0.350,banana,fresh
27114342,26816,93.00,857.15,71.55,0.455,4.189,0.350,banana,fresh
27115354,26817,93.00,857.20,71.85,0.455,4.190,0.351,banana,fresh
27116364,26818,93.00,857.20,71.65,0.455,4.190,0.350,banana,fresh
27117376,26819,93.00,857.30,71.80,0.455,4.190,0.351,banana,fresh
27118387,26820,93.05,857.40,71.70,0.455,4.191,0.350,banana,fresh
27119397,26821,93.00,857.15,71.60,0.455,4.189,0.350,banana,fresh
27120409,26822,93.00,857.30,71.60,0.455,4.190,0.350,banana,fresh
27121420,26823,92.90,857.35,71.55,0.454,4.190,0.350,banana,fresh
27122432,26824,93.00,857.25,71.80,0.455,4.190,0.351,banana,fresh
27123442,26825,93.00,857.35,71.80,0.455,4.190,0.351,banana,fresh
27124454,26826,93.00,857.35,71.75,0.455,4.190,0.351,banana,fresh
27125465,26827,93.00,857.45,71.75,0.455,4.191,0.351,banana,fresh
27126475,26828,93.00,857.40,71.65,0.455,4.191,0.350,banana,fresh
27127487,26829,93.00,857.40,71.55,0.455,4.191,0.350,banana,fresh
27128498,26830,93.05,857.30,71.40,0.455,4.190,0.349,banana,fresh
27129509,26831,93.00,857.25,71.80,0.455,4.190,0.351,banana,fresh
27130520,26832,93.10,857.35,71.60,0.455,4.190,0.350,banana,fresh
27131532,26833,93.00,857.40,71.90,0.455,4.191,0.351,banana,fresh
27132542,26834,93.00,857.25,71.60,0.455,4.190,0.350,banana,fresh
27133553,26835,92.90,857.40,71.60,0.454,4.191,0.350,banana,fresh
27134565,26836,93.00,857.15,71.75,0.455,4.189,0.351,banana,fresh
27135576,26837,93.00,857.20,71.40,0.455,4.190,0.349,banana,fresh
27136587,26838,92.95,857.20,71.60,0.454,4.190,0.350,banana,fresh
27137598,26839,93.00,857.40,71.70,0.455,4.191,0.350,banana,fresh
27138610,26840,93.00,857.25,71.55,0.455,4.190,0.350,banana,fresh
27139620,26841,92.95,857.55,71.90,0.454,4.191,0.351,banana,fresh
27140632,26842,92.95,857.25,71.65,0.454,4.190,0.350,banana,fresh
27141643,26843,93.00,857.35,71.80,0.455,4.190,0.351,banana,fresh
27142653,26844,93.00,857.20,71.65,0.455,4.190,0.350,banana,fresh
27143665,26845,92.95,857.40,71.80,0.454,4.191,0.351,banana,fresh
27144676,26846,93.00,857.15,71.70,0.455,4.189,0.350,banana,fresh
27145688,26847,93.15,857.30,71.80,0.455,4.190,0.351,banana,fresh
27146698,26848,93.00,857.50,71.55,0.455,4.191,0.350,banana,fresh
27147710,26849,93.00,857.30,71.70,0.455,4.190,0.350,banana,fresh
27148721,26850,93.00,857.45,71.70,0.455,4.191,0.350,banana,fresh
27149731,26851,93.00,857.20,71.70,0.455,4.190,0.350,banana,fresh
27150743,26852,92.95,857.20,71.55,0.454,4.190,0.350,banana,fresh
27151754,26853,93.00,857.20,71.50,0.455,4.190,0.349,banana,fresh
27152765,26854,93.00,857.50,71.60,0.455,4.191,0.350,banana,fresh
27153776,26855,93.00,857.50,71.60,0.455,4.191,0.350,banana,fresh
27154788,26856,93.00,857.35,71.60,0.455,4.190,0.350,banana,fresh
27155799,26857,93.00,857.45,71.60,0.455,4.191,0.350,banana,fresh
27156809,26858,92.95,857.45,71.55,0.454,4.191,0.350,banana,fresh
27157821,26859,93.00,857.25,71.65,0.455,4.190,0.350,banana,fresh
27158832,26860,93.00,857.20,71.60,0.455,4.190,0.350,banana,fresh
27159843,26861,93.00,857.50,71.55,0.455,4.191,0.350,banana,fresh
27160854,26862,93.00,857.25,71.50,0.455,4.190,0.349,banana,fresh
27161866,26863,93.00,857.15,71.70,0.455,4.189,0.350,banana,fresh
27162876,26864,93.00,857.35,71.80,0.455,4.190,0.351,banana,fresh
27163887,26865,93.00,857.40,71.60,0.455,4.191,0.350,banana,fresh
27164899,26866,93.00,857.30,71.75,0.455,4.190,0.351,banana,fresh
27165910,26867,92.95,857.15,71.75,0.454,4.189,0.351,banana,fresh
27166921,26868,93.00,857.40,71.65,0.455,4.191,0.350,banana,fresh
27167932,26869,93.00,857.40,71.80,0.455,4.191,0.351,banana,fresh
27168944,26870,93.00,857.35,71.80,0.455,4.190,0.351,banana,fresh
27169954,26871,93.00,857.40,71.80,0.455,4.191,0.351,banana,fresh
27170965,26872,93.00,857.35,71.55,0.455,4.190,0.350,banana,fresh
27171977,26873,92.95,857.50,71.60,0.454,4.191,0.350,banana,fresh
27172987,26874,93.00,857.35,71.60,0.455,4.190,0.350,banana,fresh
27173999,26875,93.00,857.25,71.60,0.455,4.190,0.350,banana,fresh
27175010,26876,93.10,857.30,71.65,0.455,4.190,0.350,banana,fresh
27176022,26877,93.00,857.40,71.50,0.455,4.191,0.349,banana,fresh
27177032,26878,93.00,857.40,71.85,0.455,4.191,0.351,banana,fresh
27178043,26879,93.00,857.40,71.70,0.455,4.191,0.350,banana,fresh
27179055,26880,93.00,857.25,71.70,0.455,4.190,0.350,banana,fresh
27180065,26881,93.00,857.40,71.75,0.455,4.191,0.351,banana,fresh
27181077,26882,93.00,857.30,71.70,0.455,4.190,0.350,banana,fresh
27182088,26883,93.00,857.25,71.65,0.455,4.190,0.350,banana,fresh
27183099,26884,93.00,857.45,71.60,0.455,4.191,0.350,banana,fresh
27184110,26885,93.05,857.40,71.55,0.455,4.191,0.350,banana,fresh
27185121,26886,93.05,857.40,71.50,0.455,4.191,0.349,banana,fresh
27186132,26887,93.00,857.30,71.75,0.455,4.190,0.351,banana,fresh
27187143,26888,93.00,857.35,71.75,0.455,4.190,0.351,banana,fresh
27188155,26889,92.95,857.35,71.60,0.454,4.190,0.350,banana,fresh
27189166,26890,93.00,857.45,71.70,0.455,4.191,0.350,banana,fresh
27190177,26891,93.05,857.30,71.80,0.455,4.190,0.351,banana,fresh
27191188,26892,92.95,857.20,71.75,0.454,4.190,0.351,banana,fresh
27192199,26893,93.05,857.25,71.80,0.455,4.190,0.351,banana,fresh
27193210,26894,92.95,857.25,71.75,0.454,4.190,0.351,banana,fresh
27194221,26895,93.00,857.40,71.70,0.455,4.191,0.350,banana,fresh
27195233,26896,92.95,857.25,71.65,0.454,4.190,0.350,banana,fresh
27196243,26897,93.05,857.55,71.60,0.455,4.191,0.350,banana,fresh
27197255,26898,93.00,857.45,71.65,0.455,4.191,0.350,banana,fresh
27198266,26899,92.95,857.40,71.60,0.454,4.191,0.350,banana,fresh
27199278,26900,93.00,857.45,71.60,0.455,4.191,0.350,banana,fresh
27200288,26901,93.00,857.25,71.60,0.455,4.190,0.350,banana,fresh
27201299,26902,93.00,857.15,71.75,0.455,4.189,0.351,banana,fresh
27202311,26903,93.10,857.35,71.45,0.455,4.190,0.349,banana,fresh
27203321,26904,93.00,857.40,71.75,0.455,4.191,0.351,banana,fresh
27204333,26905,93.05,857.45,71.65,0.455,4.191,0.350,banana,fresh
27205344,26906,92.95,857.35,71.70,0.454,4.190,0.350,banana,fresh
27206355,26907,93.00,857.25,71.80,0.455,4.190,0.351,banana,fresh
27207366,26908,92.95,857.30,71.65,0.454,4.190,0.350,banana,fresh
27208377,26909,93.00,857.35,71.65,0.455,4.190,0.350,banana,fresh
27209389,26910,93.00,857.40,71.55,0.455,4.191,0.350,banana,fresh
27210399,26911,93.00,857.20,71.80,0.455,4.190,0.351,banana,fresh
27211411,26912,92.95,857.50,71.40,0.454,4.191,0.349,banana,fresh
27212422,26913,93.10,857.40,71.70,0.455,4.191,0.350,banana,fresh
27213433,26914,93.00,857.30,71.65,0.455,4.190,0.350,banana,fresh
27214444,26915,93.00,857.40,71.65,0.455,4.191,0.350,banana,fresh
27215455,26916,93.00,857.40,71.70,0.455,4.191,0.350,banana,fresh
27216466,26917,92.95,857.20,71.65,0.454,4.190,0.350,banana,fresh
27217477,26918,93.00,857.35,71.80,0.455,4.190,0.351,banana,fresh
27218489,26919,93.00,857.40,71.60,0.455,4.191,0.350,banana,fresh
27219500,26920,93.00,857.40,71.55,0.455,4.191,0.350,banana,fresh
27220511,26921,93.05,857.40,71.65,0.455,4.191,0.350,banana,fresh
27221522,26922,92.95,857.40,71.75,0.454,4.191,0.351,banana,fresh
27222533,26923,93.00,857.10,71.45,0.455,4.189,0.349,banana,fresh
27223544,26924,93.05,857.35,71.65,0.455,4.190,0.350,banana,fresh
27224555,26925,93.00,857.60,71.75,0.455,4.192,0.351,banana,fresh
27225567,26926,93.00,857.55,71.70,0.455,4.191,0.350,banana,fresh
27226577,26927,93.00,857.40,71.70,0.455,4.191,0.350,banana,fresh
27227588,26928,93.00,857.40,71.55,0.455,4.191,0.350,banana,fresh
27228600,26929,93.05,857.50,71.75,0.455,4.191,0.351,banana,fresh
27229611,26930,93.00,857.20,71.65,0.455,4.190,0.350,banana,fresh
27230622,26931,92.95,857.40,71.80,0.454,4.191,0.351,banana,fresh
27231633,26932,93.05,857.55,71.55,0.455,4.191,0.350,banana,fresh
27232645,26933,93.00,857.40,71.85,0.455,4.191,0.351,banana,fresh
27233655,26934,93.00,857.55,71.60,0.455,4.191,0.350,banana,fresh
27234666,26935,93.00,857.30,71.90,0.455,4.190,0.351,banana,fresh
27235678,26936,93.00,857.50,71.65,0.455,4.191,0.350,banana,fresh
27236688,26937,93.05,857.50,71.55,0.455,4.191,0.350,banana,fresh
27237700,26938,93.00,857.50,71.70,0.455,4.191,0.350,banana,fresh
27238711,26939,93.00,857.50,71.70,0.455,4.191,0.350,banana,fresh
27239723,26940,93.00,857.35,71.65,0.455,4.190,0.350,banana,fresh
27240733,26941,93.00,857.35,71.90,0.455,4.190,0.351,banana,fresh
27241744,26942,93.05,857.50,71.70,0.455,4.191,0.350,banana,fresh
27242756,26943,93.05,857.50,71.75,0.455,4.191,0.351,banana,fresh
27243766,26944,93.00,857.45,71.85,0.455,4.191,0.351,banana,fresh
27244778,26945,93.00,857.45,71.75,0.455,4.191,0.351,banana,fresh
27245789,26946,93.05,857.35,71.70,0.455,4.190,0.350,banana,fresh
27246800,26947,93.05,857.40,71.65,0.455,4.191,0.350,banana,fresh
27247811,26948,93.00,857.30,71.70,0.455,4.190,0.350,banana,fresh
27248822,26949,93.00,857.50,71.80,0.455,4.191,0.351,banana,fresh
27249833,26950,93.00,857.35,71.75,0.455,4.190,0.351,banana,fresh
27250844,26951,93.00,857.55,71.80,0.455,4.191,0.351,banana,fresh
27251856,26952,93.00,857.35,71.70,0.455,4.190,0.350,banana,fresh
27252867,26953,93.00,857.35,71.75,0.455,4.190,0.351,banana,fresh
27253878,26954,93.10,857.45,71.65,0.455,4.191,0.350,banana,fresh
27254889,26955,93.00,857.35,71.80,0.455,4.190,0.351,banana,fresh
27255900,26956,93.00,857.35,71.65,0.455,4.190,0.350,banana,fresh
27256911,26957,93.05,857.45,71.65,0.455,4.191,0.350,banana,fresh
27257922,26958,93.00,857.40,71.70,0.455,4.191,0.350,banana,fresh
27258934,26959,92.95,857.45,71.60,0.454,4.191,0.350,banana,fresh
27259944,26960,92.95,857.55,71.70,0.454,4.191,0.350,banana,fresh
27260956,26961,93.00,857.45,71.75,0.455,4.191,0.351,banana,fresh
27261967,26962,93.00,857.35,71.55,0.455,4.190,0.350,banana,fresh
27262978,26963,93.05,857.20,71.75,0.455,4.190,0.351,banana,fresh
27263989,26964,92.95,857.50,71.70,0.454,4.191,0.350,banana,fresh
27265000,26965,93.00,857.55,71.60,0.455,4.191,0.350,banana,fresh
27266012,26966,93.00,857.30,71.60,0.455,4.190,0.350,banana,fresh
27267022,26967,92.95,857.30,71.85,0.454,4.190,0.351,banana,fresh
27268034,26968,93.00,857.60,71.75,0.455,4.192,0.351,banana,fresh
27269045,26969,93.00,857.40,71.75,0.455,4.191,0.351,banana,fresh
27270055,26970,93.00,857.45,71.80,0.455,4.191,0.351,banana,fresh
27271067,26971,93.00,857.50,71.80,0.455,4.191,0.351,banana,fresh
27272078,26972,93.00,857.25,71.75,0.455,4.190,0.351,banana,fresh
27273090,26973,93.00,857.45,71.65,0.455,4.191,0.350,banana,fresh
27274100,26974,93.05,857.45,71.75,0.455,4.191,0.351,banana,fresh
27275112,26975,92.95,857.55,71.75,0.454,4.191,0.351,banana,fresh
27276123,26976,93.00,857.35,71.75,0.455,4.190,0.351,banana,fresh
27277133,26977,93.05,857.50,71.85,0.455,4.191,0.351,banana,fresh
27278145,26978,92.95,857.35,71.80,0.454,4.190,0.351,banana,fresh
27279156,26979,93.00,857.60,71.70,0.455,4.192,0.350,banana,fresh
27280167,26980,93.00,857.55,71.75,0.455,4.191,0.351,banana,fresh
27281178,26981,93.00,857.50,71.65,0.455,4.191,0.350,banana,fresh
27282190,26982,92.95,857.60,71.70,0.454,4.192,0.350,banana,fresh
27283201,26983,93.00,857.40,71.75,0.455,4.191,0.351,banana,fresh
27284211,26984,93.00,857.40,71.70,0.455,4.191,0.350,banana,fresh
27285223,26985,93.05,857.50,71.70,0.455,4.191,0.350,banana,fresh
27286234,26986,93.00,857.35,71.65,0.455,4.190,0.350,banana,fresh
27287245,26987,93.00,857.60,71.70,0.455,4.192,0.350,banana,fresh
27288256,26988,93.00,857.50,71.60,0.455,4.191,0.350,banana,fresh
27289268,26989,93.00,857.40,71.85,0.455,4.191,0.351,banana,fresh
27290278,26990,93.20,857.40,71.55,0.456,4.191,0.350,banana,fresh
27291289,26991,92.95,857.55,71.90,0.454,4.191,0.351,banana,fresh
27292301,26992,93.00,857.65,71.60,0.455,4.192,0.350,banana,fresh
27293312,26993,92.95,857.55,71.70,0.454,4.191,0.350,banana,fresh
27294323,26994,93.00,857.60,71.80,0.455,4.192,0.351,banana,fresh
27295334,26995,92.95,857.50,71.85,0.454,4.191,0.351,banana,fresh
27296346,26996,93.00,857.50,71.70,0.455,4.191,0.350,banana,fresh
27297356,26997,93.00,857.35,71.80,0.455,4.190,0.351,banana,fresh
27298368,26998,93.00,857.30,71.70,0.455,4.190,0.350,banana,fresh
27299379,26999,93.00,857.30,71.70,0.455,4.190,0.350,banana,fresh
27300389,27000,93.00,857.30,71.60,0.455,4.190,0.350,banana,fresh
27301401,27001,92.95,857.50,71.80,0.454,4.191,0.351,banana,fresh
27302412,27002,92.95,857.35,71.70,0.454,4.190,0.350,banana,fresh
27303424,27003,93.00,857.35,71.65,0.455,4.190,0.350,banana,fresh
27304434,27004,93.05,857.35,71.45,0.455,4.190,0.349,banana,fresh
27305446,27005,93.00,857.40,71.60,0.455,4.191,0.350,banana,fresh
27306457,27006,93.00,857.45,71.70,0.455,4.191,0.350,banana,fresh
27307467,27007,93.00,857.30,71.45,0.455,4.190,0.349,banana,fresh
27308479,27008,92.90,857.30,71.70,0.454,4.190,0.350,banana,fresh
27309490,27009,92.95,857.50,71.80,0.454,4.191,0.351,banana,fresh
27310501,27010,93.00,857.50,71.60,0.455,4.191,0.350,banana,fresh
27311512,27011,93.00,857.55,71.75,0.455,4.191,0.351,banana,fresh
27312524,27012,93.05,857.40,71.75,0.455,4.191,0.351,banana,fresh
27313534,27013,92.95,857.40,71.55,0.454,4.191,0.350,banana,fresh
27314545,27014,93.00,857.50,71.70,0.455,4.191,0.350,banana,fresh
27315557,27015,92.95,857.40,71.60,0.454,4.191,0.350,banana,fresh
27316568,27016,93.00,857.40,71.70,0.455,4.191,0.350,banana,fresh
27317579,27017,93.00,857.30,71.65,0.455,4.190,0.350,banana,fresh
27318590,27018,93.00,857.35,71.60,0.455,4.190,0.350,banana,fresh
27319602,27019,93.00,857.50,71.65,0.455,4.191,0.350,banana,fresh
27320612,27020,93.00,857.30,71.80,0.455,4.190,0.351,banana,fresh
27321623,27021,93.15,857.40,71.65,0.455,4.191,0.350,banana,fresh
27322635,27022,93.00,857.40,71.90,0.455,4.191,0.351,banana,fresh
27323645,27023,93.00,857.35,71.50,0.455,4.190,0.349,banana,fresh
27324657,27024,93.05,857.40,71.60,0.455,4.191,0.350,banana,fresh
27325668,27025,93.00,857.50,71.70,0.455,4.191,0.350,banana,fresh
27326680,27026,92.95,857.40,71.65,0.454,4.191,0.350,banana,fresh
27327690,27027,93.00,857.55,71.60,0.455,4.191,0.350,banana,fresh
27328701,27028,93.00,857.55,71.60,0.455,4.191,0.350,banana,fresh
27329713,27029,93.00,857.55,71.70,0.455,4.191,0.350,banana,fresh
27330723,27030,93.00,857.45,71.70,0.455,4.191,0.350,banana,fresh
27331735,27031,92.95,857.40,71.65,0.454,4.191,0.350,banana,fresh
27332746,27032,93.05,857.25,71.60,0.455,4.190,0.350,banana,fresh
27333757,27033,92.95,857.45,71.75,0.454,4.191,0.351,banana,fresh
27334768,27034,92.95,857.55,71.60,0.454,4.191,0.350,banana,fresh
27335779,27035,93.05,857.45,71.70,0.455,4.191,0.350,banana,fresh
27336791,27036,92.95,857.75,71.55,0.454,4.192,0.350,banana,fresh
27337801,27037,92.95,857.50,71.65,0.454,4.191,0.350,banana,fresh
27338813,27038,93.00,857.40,71.65,0.455,4.191,0.350,banana,fresh
27339824,27039,93.00,857.35,71.65,0.455,4.190,0.350,banana,fresh
27340835,27040,93.00,857.35,71.55,0.455,4.190,0.350,banana,fresh
27341846,27041,93.00,857.40,71.75,0.455,4.191,0.351,banana,fresh
27342857,27042,92.95,857.55,71.60,0.454,4.191,0.350,banana,fresh
27343868,27043,93.00,857.30,71.70,0.455,4.190,0.350,banana,fresh
27344879,27044,92.95,857.60,71.75,0.454,4.192,0.351,banana,fresh
27345891,27045,93.05,857.60,71.65,0.455,4.192,0.350,banana,fresh
27346902,27046,93.00,857.45,71.70,0.455,4.191,0.350,banana,fresh
27347913,27047,93.00,857.50,71.60,0.455,4.191,0.350,banana,fresh
27348924,27048,93.00,857.30,71.70,0.455,4.190,0.350,banana,fresh
27349935,27049,93.00,857.35,71.75,0.455,4.190,0.351,banana,fresh
27350946,27050,92.95,857.45,71.60,0.454,4.191,0.350,banana,fresh
27351957,27051,93.00,857.50,71.85,0.455,4.191,0.351,banana,fresh
27352969,27052,93.00,857.35,71.75,0.455,4.190,0.351,banana,fresh
27353979,27053,92.95,857.40,71.70,0.454,4.191,0.350,banana,fresh
27354991,27054,93.00,857.50,71.70,0.455,4.191,0.350,banana,fresh
27356002,27055,93.00,857.55,71.55,0.455,4.191,0.350,banana,fresh
27357012,27056,93.05,857.45,71.50,0.455,4.191,0.349,banana,fresh
27358024,27057,93.00,857.35,71.75,0.455,4.190,0.351,banana,fresh
27359035,27058,92.95,857.55,71.40,0.454,4.191,0.349,banana,fresh
27360047,27059,93.00,857.50,71.65,0.455,4.191,0.350,banana,fresh
27361057,27060,93.00,857.50,71.70,0.455,4.191,0.350,banana,fresh
27362069,27061,93.00,857.50,71.75,0.455,4.191,0.351,banana,fresh
27363080,27062,93.00,857.50,71.55,0.455,4.191,0.350,banana,fresh
27364090,27063,93.00,857.60,71.75,0.455,4.192,0.351,banana,fresh
27365102,27064,93.00,857.70,71.80,0.455,4.192,0.351,banana,fresh
27366113,27065,93.00,857.55,71.60,0.455,4.191,0.350,banana,fresh
27367124,27066,92.95,857.35,71.60,0.454,4.190,0.350,banana,fresh
27368135,27067,93.00,857.50,71.70,0.455,4.191,0.350,banana,fresh
27369147,27068,93.00,857.35,71.65,0.455,4.190,0.350,banana,fresh
27370158,27069,93.00,857.40,71.50,0.455,4.191,0.349,banana,fresh
27371168,27070,93.00,857.35,71.75,0.455,4.190,0.351,banana,fresh
27372180,27071,93.10,857.45,71.60,0.455,4.191,0.350,banana,fresh
27373191,27072,92.95,857.40,71.50,0.454,4.191,0.349,banana,fresh
27374202,27073,93.05,857.40,71.50,0.455,4.191,0.349,banana,fresh
27375213,27074,92.95,857.25,71.75,0.454,4.190,0.351,banana,fresh
27376225,27075,93.00,857.55,71.60,0.455,4.191,0.350,banana,fresh
27377235,27076,93.00,857.35,71.40,0.455,4.190,0.349,banana,fresh
27378246,27077,92.95,857.40,71.60,0.454,4.191,0.350,banana,fresh
27379258,27078,93.00,857.50,71.75,0.455,4.191,0.351,banana,fresh
27380269,27079,93.00,857.30,71.65,0.455,4.190,0.350,banana,fresh
27381280,27080,92.95,857.35,71.70,0.454,4.190,0.350,banana,fresh
27382291,27081,93.00,857.60,71.45,0.455,4.192,0.349,banana,fresh
27383303,27082,93.05,857.65,71.50,0.455,4.192,0.349,banana,fresh
27384313,27083,93.00,857.50,71.65,0.455,4.191,0.350,banana,fresh
27385325,27084,93.00,857.35,71.75,0.455,4.190,0.351,banana,fresh
27386336,27085,92.95,857.35,71.55,0.454,4.190,0.350,banana,fresh
27387346,27086,93.00,857.45,71.80,0.455,4.191,0.351,banana,fresh
27388358,27087,93.00,857.55,71.50,0.455,4.191,0.349,banana,fresh
27389369,27088,93.00,857.50,71.70,0.455,4.191,0.350,banana,fresh
27390381,27089,93.00,857.40,71.70,0.455,4.191,0.350,banana,fresh
27391391,27090,93.00,857.80,71.75,0.455,4.193,0.351,banana,fresh
27392403,27091,93.15,857.50,71.80,0.455,4.191,0.351,banana,fresh
27393414,27092,93.00,857.40,71.50,0.455,4.191,0.349,banana,fresh
27394424,27093,92.95,857.45,71.60,0.454,4.191,0.350,banana,fresh
27395436,27094,92.85,857.40,71.65,0.454,4.191,0.350,banana,fresh
27396447,27095,92.95,857.50,71.50,0.454,4.191,0.349,banana,fresh
27397458,27096,92.95,857.50,71.70,0.454,4.191,0.350,banana,fresh
27398469,27097,92.90,857.35,71.65,0.454,4.190,0.350,banana,fresh
27399481,27098,92.90,857.35,71.55,0.454,4.190,0.350,banana,fresh
27400492,27099,92.95,857.50,71.55,0.454,4.191,0.350,banana,fresh
27401502,27100,93.00,857.50,71.65,0.455,4.191,0.350,banana,fresh
27402514,27101,92.95,857.45,71.65,0.454,4.191,0.350,banana,fresh
27403525,27102,93.00,857.75,71.65,0.455,4.192,0.350,banana,fresh
27404536,27103,93.00,857.70,71.75,0.455,4.192,0.351,banana,fresh
27405547,27104,93.00,857.35,71.60,0.455,4.190,0.350,banana,fresh
27406559,27105,93.00,857.45,71.70,0.455,4.191,0.350,banana,fresh
27407569,27106,92.95,857.60,71.50,0.454,4.192,0.349,banana,fresh
27408580,27107,92.95,857.50,71.60,0.454,4.191,0.350,banana,fresh
27409592,27108,93.05,857.55,71.60,0.455,4.191,0.350,banana,fresh
27410603,27109,93.00,857.50,71.60,0.455,4.191,0.350,banana,fresh
27411614,27110,92.95,857.45,71.70,0.454,4.191,0.350,banana,fresh
27412625,27111,93.00,857.65,71.80,0.455,4.192,0.351,banana,fresh
27413637,27112,93.00,857.80,71.55,0.455,4.193,0.350,banana,fresh
27414647,27113,92.90,857.40,71.65,0.454,4.191,0.350,banana,fresh
27415658,27114,93.05,857.60,71.60,0.455,4.192,0.350,banana,fresh
27416670,27115,93.05,857.50,71.65,0.455,4.191,0.350,banana,fresh
27417680,27116,92.95,857.60,71.80,0.454,4.192,0.351,banana,fresh
27418692,27117,93.00,857.45,71.50,0.455,4.191,0.349,banana,fresh
27419703,27118,92.90,857.60,71.80,0.454,4.192,0.351,banana,fresh
27420715,27119,93.05,857.40,71.65,0.455,4.191,0.350,banana,fresh
27421725,27120,92.95,857.60,71.60,0.454,4.192,0.350,banana,fresh
27422737,27121,93.00,857.55,71.60,0.455,4.191,0.350,banana,fresh
27423748,27122,93.00,857.50,71.50,0.455,4.191,0.349,banana,fresh
27424758,27123,93.00,857.50,71.70,0.455,4.191,0.350,banana,fresh
27425770,27124,93.00,857.40,71.60,0.455,4.191,0.350,banana,fresh
27426781,27125,93.00,857.50,71.70,0.455,4.191,0.350,banana,fresh
27427792,27126,93.00,857.40,71.70,0.455,4.191,0.350,banana,fresh
27428803,27127,93.00,857.45,71.70,0.455,4.191,0.350,banana,fresh
27429815,27128,93.00,857.25,71.75,0.455,4.190,0.351,banana,fresh
27430825,27129,93.00,857.35,71.55,0.455,4.190,0.350,banana,fresh
27431836,27130,92.95,857.55,71.55,0.454,4.191,0.350,banana,fresh
27432848,27131,92.95,857.30,71.80,0.454,4.190,0.351,banana,fresh
27433859,27132,93.00,857.40,71.65,0.455,4.191,0.350,banana,fresh
27434870,27133,93.00,857.50,71.65,0.455,4.191,0.350,banana,fresh
27435881,27134,93.00,857.45,71.45,0.455,4.191,0.349,banana,fresh
27436893,27135,92.95,857.55,71.40,0.454,4.191,0.349,banana,fresh
27437903,27136,93.05,857.50,71.65,0.455,4.191,0.350,banana,fresh
27438914,27137,93.00,857.65,71.45,0.455,4.192,0.349,banana,fresh
27439926,27138,93.00,857.50,71.75,0.455,4.191,0.351,banana,fresh
27440936,27139,92.95,857.35,71.75,0.454,4.190,0.351,banana,fresh
27441948,27140,93.00,857.55,71.55,0.455,4.191,0.350,banana,fresh
27442959,27141,93.00,857.65,71.55,0.455,4.192,0.350,banana,fresh
27443971,27142,93.05,857.60,71.65,0.455,4.192,0.350,banana,fresh
27444981,27143,92.90,857.30,71.55,0.454,4.190,0.350,banana,fresh
27445992,27144,93.00,857.50,71.55,0.455,4.191,0.350,banana,fresh
27447004,27145,92.95,857.55,71.65,0.454,4.191,0.350,banana,fresh
27448014,27146,93.00,857.50,71.65,0.455,4.191,0.350,banana,fresh
27449026,27147,93.00,857.55,71.80,0.455,4.191,0.351,banana,fresh
27450037,27148,93.00,857.55,71.70,0.455,4.191,0.350,banana,fresh
27451048,27149,92.90,857.55,71.65,0.454,4.191,0.350,banana,fresh
27452059,27150,93.05,857.55,71.60,0.455,4.191,0.350,banana,fresh
27453070,27151,93.10,857.45,71.55,0.455,4.191,0.350,banana,fresh
27454082,27152,92.95,857.45,71.80,0.454,4.191,0.351,banana,fresh
27455092,27153,93.00,857.55,71.55,0.455,4.191,0.350,banana,fresh
27456104,27154,93.10,857.60,71.45,0.455,4.192,0.349,banana,fresh
27457115,27155,93.00,857.50,71.25,0.455,4.191,0.348,banana,fresh
27458126,27156,93.05,857.45,71.65,0.455,4.191,0.350,banana,fresh
27459137,27157,93.00,857.45,71.75,0.455,4.191,0.351,banana,fresh
27460149,27158,93.00,857.65,71.50,0.455,4.192,0.349,banana,fresh
27461159,27159,92.95,857.50,71.80,0.454,4.191,0.351,banana,fresh
27462170,27160,93.00,857.45,71.75,0.455,4.191,0.351,banana,fresh
27463182,27161,92.95,857.45,71.50,0.454,4.191,0.349,banana,fresh
27464193,27162,93.00,857.30,71.60,0.455,4.190,0.350,banana,fresh
27465204,27163,93.00,857.45,71.60,0.455,4.191,0.350,banana,fresh
27466215,27164,93.00,857.60,71.55,0.455,4.192,0.350,banana,fresh
27467227,27165,93.00,857.65,71.50,0.455,4.192,0.349,banana,fresh
27468237,27166,92.90,857.60,71.80,0.454,4.192,0.351,banana,fresh
27469248,27167,93.00,857.45,71.45,0.455,4.191,0.349,banana,fresh
27470260,27168,93.00,857.30,71.70,0.455,4.190,0.350,banana,fresh
27471270,27169,93.00,857.65,71.65,0.455,4.192,0.350,banana,fresh
27472282,27170,93.10,857.60,71.70,0.455,4.192,0.350,banana,fresh
27473293,27171,93.00,857.65,71.60,0.455,4.192,0.350,banana,fresh
27474305,27172,93.00,857.50,71.70,0.455,4.191,0.350,banana,fresh
27475315,27173,92.95,857.40,71.70,0.454,4.191,0.350,banana,fresh
27476326,27174,93.10,857.55,71.70,0.455,4.191,0.350,banana,fresh
27477338,27175,93.00,857.50,71.60,0.455,4.191,0.350,banana,fresh
27478348,27176,93.00,857.40,71.65,0.455,4.191,0.350,banana,fresh
27479360,27177,93.00,857.50,71.65,0.455,4.191,0.350,banana,fresh
27480371,27178,93.05,857.60,71.50,0.455,4.192,0.349,banana,fresh
27481382,27179,93.00,857.40,71.70,0.455,4.191,0.350,banana,fresh
27482393,27180,93.00,857.30,71.80,0.455,4.190,0.351,banana,fresh
27483404,27181,93.00,857.55,71.40,0.455,4.191,0.349,banana,fresh
27484416,27182,93.00,857.40,71.75,0.455,4.191,0.351,banana,fresh
27485426,27183,93.00,857.40,71.70,0.455,4.191,0.350,banana,fresh
27486438,27184,93.05,857.50,71.70,0.455,4.191,0.350,banana,fresh
27487449,27185,92.95,857.45,71.75,0.454,4.191,0.351,banana,fresh
27488460,27186,93.00,857.55,71.80,0.455,4.191,0.351,banana,fresh
27489471,27187,93.00,857.65,71.75,0.455,4.192,0.351,banana,fresh
27490482,27188,93.00,857.40,71.70,0.455,4.191,0.350,banana,fresh
27491493,27189,93.00,857.45,71.40,0.455,4.191,0.349,banana,fresh
27492504,27190,93.05,857.65,71.70,0.455,4.192,0.350,banana,fresh
27493516,27191,93.00,857.50,71.50,0.455,4.191,0.349,banana,fresh
27494526,27192,93.05,857.30,71.55,0.455,4.190,0.350,banana,fresh
27495538,27193,93.00,857.70,71.70,0.455,4.192,0.350,banana,fresh
27496549,27194,93.05,857.60,71.70,0.455,4.192,0.350,banana,fresh
27497560,27195,93.00,857.65,71.65,0.455,4.192,0.350,banana,fresh
27498571,27196,92.95,857.70,71.45,0.454,4.192,0.349,banana,fresh
27499582,27197,93.05,857.50,71.65,0.455,4.191,0.350,banana,fresh
27500594,27198,93.00,857.55,71.75,0.455,4.191,0.351,banana,fresh
27501604,27199,93.05,857.65,71.60,0.455,4.192,0.350,banana,fresh
27502616,27200,93.00,857.60,71.75,0.455,4.192,0.351,banana,fresh
27503627,27201,93.10,857.45,71.65,0.455,4.191,0.350,banana,fresh
27504637,27202,93.00,857.60,71.55,0.455,4.192,0.350,banana,fresh
27505649,27203,92.95,857.55,71.85,0.454,4.191,0.351,banana,fresh
27506660,27204,92.90,857.65,71.55,0.454,4.192,0.350,banana,fresh
27507672,27205,93.00,857.40,71.55,0.455,4.191,0.350,banana,fresh
27508682,27206,93.00,857.45,71.50,0.455,4.191,0.349,banana,fresh
27509694,27207,93.00,857.50,71.65,0.455,4.191,0.350,banana,fresh
27510705,27208,93.00,857.40,71.65,0.455,4.191,0.350,banana,fresh
27511715,27209,93.00,857.65,71.65,0.455,4.192,0.350,banana,fresh
27512727,27210,93.00,857.45,71.75,0.455,4.191,0.351,banana,fresh
27513738,27211,93.10,857.50,71.50,0.455,4.191,0.349,banana,fresh
27514749,27212,93.05,857.65,71.80,0.455,4.192,0.351,banana,fresh
27515760,27213,93.05,857.45,71.80,0.455,4.191,0.351,banana,fresh
27516772,27214,93.00,857.65,71.55,0.455,4.192,0.350,banana,fresh
27517783,27215,93.05,857.70,71.55,0.455,4.192,0.350,banana,fresh
27518793,27216,92.95,857.70,71.65,0.454,4.192,0.350,banana,fresh
27519805,27217,93.00,857.70,71.80,0.455,4.192,0.351,banana,fresh
27520816,27218,93.00,857.55,71.70,0.455,4.191,0.350,banana,fresh
27521827,27219,93.00,857.50,71.60,0.455,4.191,0.350,banana,fresh
27522838,27220,92.95,857.60,71.45,0.454,4.192,0.349,banana,fresh
27523850,27221,93.05,857.50,71.55,0.455,4.191,0.350,banana,fresh
27524860,27222,93.05,857.65,71.70,0.455,4.192,0.350,banana,fresh
27525871,27223,92.95,857.40,71.65,0.454,4.191,0.350,banana,fresh
27526883,27224,93.00,857.55,71.80,0.455,4.191,0.351,banana,fresh
27527894,27225,93.05,857.55,71.85,0.455,4.191,0.351,banana,fresh
27528905,27226,93.05,857.45,71.65,0.455,4.191,0.350,banana,fresh
27529916,27227,93.00,857.60,71.60,0.455,4.192,0.350,banana,fresh
27530928,27228,93.00,857.85,71.65,0.455,4.193,0.350,banana,fresh
27531938,27229,93.05,857.40,71.85,0.455,4.191,0.351,banana,fresh
27532950,27230,93.00,857.50,71.70,0.455,4.191,0.350,banana,fresh
27533961,27231,93.05,857.65,71.80,0.455,4.192,0.351,banana,fresh
27534971,27232,93.00,857.45,71.80,0.455,4.191,0.351,banana,fresh
27535983,27233,93.05,857.55,71.60,0.455,4.191,0.350,banana,fresh
27536994,27234,93.00,857.75,71.75,0.455,4.192,0.351,banana,fresh
27538006,27235,93.15,857.55,71.60,0.455,4.191,0.350,banana,fresh
27539016,27236,93.05,857.65,71.50,0.455,4.192,0.349,banana,fresh
27540028,27237,93.00,857.60,71.75,0.455,4.192,0.351,banana,fresh
27541039,27238,93.00,857.60,71.70,0.455,4.192,0.350,banana,fresh
27542049,27239,93.00,857.60,71.45,0.455,4.192,0.349,banana,fresh
27543061,27240,93.05,857.75,71.65,0.455,4.192,0.350,banana,fresh
27544072,27241,93.00,857.70,71.65,0.455,4.192,0.350,banana,fresh
27545083,27242,93.00,857.45,71.80,0.455,4.191,0.351,banana,fresh
27546094,27243,93.00,857.50,71.60,0.455,4.191,0.350,banana,fresh
27547106,27244,93.00,857.60,71.65,0.455,4.192,0.350,banana,fresh
27548116,27245,93.00,857.45,71.70,0.455,4.191,0.350,banana,fresh
27549127,27246,93.05,857.80,71.80,0.455,4.193,0.351,banana,fresh
27550139,27247,93.00,857.50,71.85,0.455,4.191,0.351,banana,fresh
27551150,27248,93.05,857.65,71.75,0.455,4.192,0.351,banana,fresh
27552161,27249,93.15,857.45,71.70,0.455,4.191,0.350,banana,fresh
27553172,27250,93.00,857.60,71.70,0.455,4.192,0.350,banana,fresh
27554184,27251,93.00,857.70,71.70,0.455,4.192,0.350,banana,fresh
27555194,27252,93.10,857.65,71.80,0.455,4.192,0.351,banana,fresh
27556205,27253,93.05,857.70,71.70,0.455,4.192,0.350,banana,fresh
27557217,27254,93.00,857.65,71.70,0.455,4.192,0.350,banana,fresh
27558227,27255,92.95,857.65,71.75,0.454,4.192,0.351,banana,fresh
27559239,27256,93.10,857.65,71.85,0.455,4.192,0.351,banana,fresh
27560250,27257,92.95,857.65,71.85,0.454,4.192,0.351,banana,fresh
27561262,27258,93.00,857.65,71.70,0.455,4.192,0.350,banana,fresh
27562272,27259,93.00,857.65,71.65,0.455,4.192,0.350,banana,fresh
27563283,27260,92.95,857.55,71.90,0.454,4.191,0.351,banana,fresh
27564295,27261,93.05,857.75,71.60,0.455,4.192,0.350,banana,fresh
27565305,27262,93.05,857.70,71.60,0.455,4.192,0.350,banana,fresh
27566317,27263,93.00,857.50,71.65,0.455,4.191,0.350,banana,fresh
27567328,27264,93.00,857.50,71.65,0.455,4.191,0.350,banana,fresh
27568339,27265,93.05,857.50,71.70,0.455,4.191,0.350,banana,fresh
27569350,27266,93.10,857.55,71.80,0.455,4.191,0.351,banana,fresh
27570361,27267,93.00,857.65,71.85,0.455,4.192,0.351,banana,fresh
27571373,27268,93.00,857.65,71.60,0.455,4.192,0.350,banana,fresh
27572383,27269,93.00,857.60,71.60,0.455,4.192,0.350,banana,fresh
27573395,27270,93.05,857.50,71.55,0.455,4.191,0.350,banana,fresh
27574406,27271,93.00,857.55,71.55,0.455,4.191,0.350,banana,fresh
27575417,27272,93.10,857.45,71.55,0.455,4.191,0.350,banana,fresh
27576428,27273,93.05,857.30,71.65,0.455,4.190,0.350,banana,fresh
27577439,27274,93.05,857.55,71.50,0.455,4.191,0.349,banana,fresh
27578450,27275,93.00,857.60,71.65,0.455,4.192,0.350,banana,fresh
27579461,27276,93.00,857.70,71.60,0.455,4.192,0.350,banana,fresh
27580473,27277,93.10,857.65,71.80,0.455,4.192,0.351,banana,fresh
27581484,27278,93.05,857.60,71.60,0.455,4.192,0.350,banana,fresh
27582495,27279,93.00,857.70,71.55,0.455,4.192,0.350,banana,fresh
27583506,27280,93.05,857.65,71.85,0.455,4.192,0.351,banana,fresh
27584517,27281,93.05,857.60,71.50,0.455,4.192,0.349,banana,fresh
27585528,27282,93.05,857.65,71.65,0.455,4.192,0.350,banana,fresh
27586539,27283,93.15,857.50,71.70,0.455,4.191,0.350,banana,fresh
27587551,27284,93.00,857.75,71.75,0.455,4.192,0.351,banana,fresh
27588561,27285,93.05,857.75,71.65,0.455,4.192,0.350,banana,fresh
27589573,27286,93.05,857.65,71.80,0.455,4.192,0.351,banana,fresh
27590584,27287,93.00,857.40,71.70,0.455,4.191,0.350,banana,fresh
27591595,27288,93.05,857.70,71.60,0.455,4.192,0.350,banana,fresh
27592606,27289,93.05,857.70,71.65,0.455,4.192,0.350,banana,fresh
27593617,27290,93.00,857.50,71.55,0.455,4.191,0.350,banana,fresh
27594629,27291,93.20,857.55,71.45,0.456,4.191,0.349,banana,fresh
27595639,27292,93.10,857.45,71.70,0.455,4.191,0.350,banana,fresh
27596651,27293,93.00,857.70,71.60,0.455,4.192,0.350,banana,fresh
27597662,27294,93.10,857.55,71.70,0.455,4.191,0.350,banana,fresh
27598672,27295,93.15,857.60,71.75,0.455,4.192,0.351,banana,fresh
27599684,27296,93.10,857.60,71.55,0.455,4.192,0.350,banana,fresh
27600695,27297,93.00,857.65,71.60,0.455,4.192,0.350,banana,fresh
27601707,27298,93.10,857.70,71.70,0.455,4.192,0.350,banana,fresh
27602717,27299,93.05,857.65,71.70,0.455,4.192,0.350,banana,fresh
27603729,27300,93.00,857.75,71.70,0.455,4.192,0.350,banana,fresh
27604740,27301,93.00,857.50,71.70,0.455,4.191,0.350,banana,fresh
27605751,27302,93.00,857.75,71.70,0.455,4.192,0.350,banana,fresh
27606762,27303,93.00,857.85,71.80,0.455,4.193,0.351,banana,fresh
27607773,27304,93.00,857.70,71.65,0.455,4.192,0.350,banana,fresh
27608784,27305,93.05,857.75,71.70,0.455,4.192,0.350,banana,fresh
27609795,27306,93.05,857.70,71.65,0.455,4.192,0.350,banana,fresh
27610807,27307,93.05,857.65,71.70,0.455,4.192,0.350,banana,fresh
27611817,27308,93.05,857.65,71.75,0.455,4.192,0.351,banana,fresh
27612829,27309,93.00,857.80,71.75,0.455,4.193,0.351,banana,fresh
27613840,27310,93.00,857.60,71.85,0.455,4.192,0.351,banana,fresh
27614851,27311,93.00,857.90,71.80,0.455,4.193,0.351,banana,fresh
27615862,27312,93.05,857.60,71.60,0.455,4.192,0.350,banana,fresh
27616873,27313,93.00,857.70,71.80,0.455,4.192,0.351,banana,fresh
27617885,27314,93.05,857.65,71.90,0.455,4.192,0.351,banana,fresh
27618895,27315,93.05,857.75,71.85,0.455,4.192,0.351,banana,fresh
27619907,27316,93.10,857.65,71.80,0.455,4.192,0.351,banana,fresh
27620918,27317,93.05,857.80,71.70,0.455,4.193,0.350,banana,fresh
27621928,27318,93.05,857.70,71.70,0.455,4.192,0.350,banana,fresh
27622940,27319,93.00,857.60,71.65,0.455,4.192,0.350,banana,fresh
27623951,27320,93.05,857.80,71.65,0.455,4.193,0.350,banana,fresh
27624963,27321,93.10,857.70,71.90,0.455,4.192,0.351,banana,fresh
27625973,27322,93.00,857.65,71.75,0.455,4.192,0.351,banana,fresh
27626985,27323,93.00,857.50,71.70,0.455,4.191,0.350,banana,fresh
27627996,27324,93.15,857.60,71.75,0.455,4.192,0.351,banana,fresh
27629006,27325,93.10,857.65,71.65,0.455,4.192,0.350,banana,fresh
27630018,27326,93.00,857.60,71.75,0.455,4.192,0.351,banana,fresh
27631029,27327,92.95,857.70,71.85,0.454,4.192,0.351,banana,fresh
27632040,27328,93.15,857.75,71.70,0.455,4.192,0.350,banana,fresh
27633051,27329,93.05,857.70,71.75,0.455,4.192,0.351,banana,fresh
27634063,27330,93.05,857.75,71.75,0.455,4.192,0.351,banana,fresh
27635074,27331,93.05,857.75,71.65,0.455,4.192,0.350,banana,fresh
27636084,27332,93.15,857.75,71.80,0.455,4.192,0.351,banana,fresh
27637096,27333,93.05,857.45,71.65,0.455,4.191,0.350,banana,fresh
27638107,27334,93.00,857.65,71.65,0.455,4.192,0.350,banana,fresh
27639118,27335,93.05,857.85,71.75,0.455,4.193,0.351,banana,fresh
27640129,27336,93.05,857.65,71.75,0.455,4.192,0.351,banana,fresh
27641141,27337,93.00,857.70,71.75,0.455,4.192,0.351,banana,fresh
27642151,27338,93.05,857.70,71.65,0.455,4.192,0.350,banana,fresh
27643162,27339,93.05,857.70,71.65,0.455,4.192,0.350,banana,fresh
27644174,27340,93.00,857.60,71.75,0.455,4.192,0.351,banana,fresh
27645185,27341,93.05,857.75,71.70,0.455,4.192,0.350,banana,fresh
27646196,27342,93.05,857.50,71.70,0.455,4.191,0.350,banana,fresh
27647207,27343,93.05,857.80,71.80,0.455,4.193,0.351,banana,fresh
27648219,27344,93.05,857.75,71.70,0.455,4.192,0.350,banana,fresh
27649229,27345,93.15,857.85,71.60,0.455,4.193,0.350,banana,fresh
27650240,27346,93.20,857.65,71.75,0.456,4.192,0.351,banana,fresh
27651252,27347,93.10,857.70,71.60,0.455,4.192,0.350,banana,fresh
27652262,27348,93.10,857.75,71.90,0.455,4.192,0.351,banana,fresh
27653274,27349,93.00,857.60,71.60,0.455,4.192,0.350,banana,fresh
27654285,27350,93.05,857.70,71.85,0.455,4.192,0.351,banana,fresh
27655297,27351,93.00,857.70,71.70,0.455,4.192,0.350,banana,fresh
27656307,27352,93.10,857.80,71.80,0.455,4.193,0.351,banana,fresh
27657318,27353,92.95,857.80,71.65,0.454,4.193,0.350,banana,fresh
27658330,27354,93.20,857.65,71.80,0.456,4.192,0.351,banana,fresh
27659340,27355,93.05,857.80,71.50,0.455,4.193,0.349,banana,fresh
27660352,27356,93.00,857.70,71.65,0.455,4.192,0.350,banana,fresh
27661363,27357,93.10,857.60,71.75,0.455,4.192,0.351,banana,fresh
27662374,27358,93.05,857.65,71.60,0.455,4.192,0.350,banana,fresh
27663385,27359,93.20,857.75,71.75,0.456,4.192,0.351,banana,fresh
27664397,27360,93.15,857.60,71.70,0.455,4.192,0.350,banana,fresh
27665408,27361,93.05,857.85,71.75,0.455,4.193,0.351,banana,fresh
27666418,27362,93.10,857.65,71.75,0.455,4.192,0.351,banana,fresh
27667430,27363,93.00,857.80,71.60,0.455,4.193,0.350,banana,fresh
27668441,27364,93.05,857.75,71.85,0.455,4.192,0.351,banana,fresh
27669452,27365,93.00,857.90,71.60,0.455,4.193,0.350,banana,fresh
27670463,27366,93.10,857.70,71.60,0.455,4.192,0.350,banana,fresh
27671475,27367,93.05,857.70,71.60,0.455,4.192,0.350,banana,fresh
27672485,27368,93.05,857.70,71.65,0.455,4.192,0.350,banana,fresh
27673496,27369,93.05,857.70,71.75,0.455,4.192,0.351,banana,fresh
27674508,27370,93.00,857.70,71.65,0.455,4.192,0.350,banana,fresh
27675518,27371,93.15,857.70,71.90,0.455,4.192,0.351,banana,fresh
27676530,27372,93.05,857.60,71.75,0.455,4.192,0.351,banana,fresh
27677541,27373,93.05,857.50,71.70,0.455,4.191,0.350,banana,fresh
27678553,27374,93.10,857.60,71.85,0.455,4.192,0.351,banana,fresh
27679563,27375,93.05,857.80,71.90,0.455,4.193,0.351,banana,fresh
27680575,27376,93.10,857.50,71.60,0.455,4.191,0.350,banana,fresh
27681586,27377,93.10,857.65,71.60,0.455,4.192,0.350,banana,fresh
27682596,27378,93.05,857.60,71.80,0.455,4.192,0.351,banana,fresh
27683608,27379,93.05,857.65,71.85,0.455,4.192,0.351,banana,fresh
27684619,27380,93.10,857.80,71.80,0.455,4.193,0.351,banana,fresh
27685630,27381,93.10,857.85,71.70,0.455,4.193,0.350,banana,fresh
27686641,27382,93.00,857.75,71.80,0.455,4.192,0.351,banana,fresh
27687653,27383,93.15,857.75,71.75,0.455,4.192,0.351,banana,fresh
27688664,27384,93.15,857.75,71.55,0.455,4.192,0.350,banana,fresh
27689674,27385,93.00,857.60,71.65,0.455,4.192,0.350,banana,fresh
27690686,27386,93.15,857.60,71.75,0.455,4.192,0.351,banana,fresh
27691697,27387,93.00,857.80,71.60,0.455,4.193,0.350,banana,fresh
27692708,27388,93.05,857.80,71.65,0.455,4.193,0.350,banana,fresh
27693719,27389,93.00,857.75,71.75,0.455,4.192,0.351,banana,fresh
27694731,27390,93.15,857.65,71.60,0.455,4.192,0.350,banana,fresh
27695741,27391,93.10,857.75,71.90,0.455,4.192,0.351,banana,fresh
27696752,27392,93.25,857.70,71.75,0.456,4.192,0.351,banana,fresh
27697764,27393,93.00,857.75,71.75,0.455,4.192,0.351,banana,fresh
27698775,27394,93.00,857.80,71.80,0.455,4.193,0.351,banana,fresh
27699786,27395,93.05,857.80,71.85,0.455,4.193,0.351,banana,fresh
27700797,27396,93.15,857.75,71.60,0.455,4.192,0.350,banana,fresh
27701809,27397,93.05,857.80,71.75,0.455,4.193,0.351,banana,fresh
27702819,27398,93.05,857.65,71.50,0.455,4.192,0.349,banana,fresh
27703831,27399,93.00,857.85,71.70,0.455,4.193,0.350,banana,fresh
27704842,27400,93.10,857.65,71.95,0.455,4.192,0.352,banana,fresh
27705852,27401,93.10,857.50,71.70,0.455,4.191,0.350,banana,fresh
27706864,27402,93.00,857.70,71.80,0.455,4.192,0.351,banana,fresh
27707875,27403,93.05,857.80,71.80,0.455,4.193,0.351,banana,fresh
27708887,27404,93.00,857.85,71.80,0.455,4.193,0.351,banana,fresh
27709897,27405,93.10,857.60,71.65,0.455,4.192,0.350,banana,fresh
27710909,27406,93.05,857.90,71.65,0.455,4.193,0.350,banana,fresh
27711920,27407,93.05,857.60,71.85,0.455,4.192,0.351,banana,fresh
27712930,27408,93.00,857.70,71.65,0.455,4.192,0.350,banana,fresh
27713942,27409,93.00,857.85,71.95,0.455,4.193,0.352,banana,fresh
27714953,27410,93.15,857.85,71.75,0.455,4.193,0.351,banana,fresh
27715964,27411,93.15,857.75,71.80,0.455,4.192,0.351,banana,fresh
27716975,27412,92.95,857.75,71.75,0.454,4.192,0.351,banana,fresh
27717987,27413,93.25,857.60,71.75,0.456,4.192,0.351,banana,fresh
27718998,27414,93.20,857.75,71.70,0.456,4.192,0.350,banana,fresh
27720008,27415,93.15,857.70,71.75,0.455,4.192,0.351,banana,fresh
27721020,27416,93.05,857.75,71.65,0.455,4.192,0.350,banana,fresh
27722031,27417,93.00,857.75,71.95,0.455,4.192,0.352,banana,fresh
27723042,27418,93.05,857.80,71.85,0.455,4.193,0.351,banana,fresh
27724053,27419,93.05,857.70,71.75,0.455,4.192,0.351,banana,fresh
27725065,27420,93.15,857.85,71.85,0.455,4.193,0.351,banana,fresh
27726075,27421,93.05,857.75,71.50,0.455,4.192,0.349,banana,fresh
27727087,27422,93.10,857.80,71.65,0.455,4.193,0.350,banana,fresh
27728098,27423,93.05,857.55,71.80,0.455,4.191,0.351,banana,fresh
27729108,27424,93.10,857.90,71.65,0.455,4.193,0.350,banana,fresh
27730120,27425,93.05,857.60,71.80,0.455,4.192,0.351,banana,fresh
27731131,27426,93.05,857.75,71.70,0.455,4.192,0.350,banana,fresh
27732143,27427,93.10,857.75,71.80,0.455,4.192,0.351,banana,fresh
27733153,27428,93.10,857.80,71.75,0.455,4.193,0.351,banana,fresh
27734165,27429,93.05,857.80,71.75,0.455,4.193,0.351,banana,fresh
27735176,27430,93.05,857.60,71.70,0.455,4.192,0.350,banana,fresh
27736186,27431,93.05,857.75,71.60,0.455,4.192,0.350,banana,fresh
27737198,27432,93.05,857.80,71.80,0.455,4.193,0.351,banana,fresh
27738209,27433,93.15,857.60,71.85,0.455,4.192,0.351,banana,fresh
27739220,27434,93.10,857.50,71.75,0.455,4.191,0.351,banana,fresh
27740231,27435,93.00,857.60,71.65,0.455,4.192,0.350,banana,fresh
27741243,27436,93.05,857.70,71.80,0.455,4.192,0.351,banana,fresh
27742254,27437,93.10,857.65,71.85,0.455,4.192,0.351,banana,fresh
27743265,27438,93.10,857.65,71.65,0.455,4.192,0.350,banana,fresh
27744276,27439,93.05,857.70,71.70,0.455,4.192,0.350,banana,fresh
27745287,27440,93.05,857.80,71.60,0.455,4.193,0.350,banana,fresh
27746298,27441,93.15,857.80,71.65,0.455,4.193,0.350,banana,fresh
27747309,27442,93.05,857.75,71.70,0.455,4.192,0.350,banana,fresh
27748321,27443,93.05,857.70,71.85,0.455,4.192,0.351,banana,fresh
27749331,27444,93.10,857.90,71.60,0.455,4.193,0.350,banana,fresh
27750343,27445,93.20,857.60,71.85,0.456,4.192,0.351,banana,fresh
27751354,27446,93.10,857.90,71.70,0.455,4.193,0.350,banana,fresh
27752365,27447,93.05,857.70,71.85,0.455,4.192,0.351,banana,fresh
27753376,27448,93.00,857.80,71.85,0.455,4.193,0.351,banana,fresh
27754387,27449,93.00,857.80,71.70,0.455,4.193,0.350,banana,fresh
27755399,27450,93.05,857.75,71.80,0.455,4.192,0.351,banana,fresh
27756409,27451,93.10,857.70,71.80,0.455,4.192,0.351,banana,fresh
27757421,27452,93.10,857.70,71.85,0.455,4.192,0.351,banana,fresh
27758432,27453,93.15,857.80,71.85,0.455,4.193,0.351,banana,fresh
27759443,27454,93.10,857.80,71.75,0.455,4.193,0.351,banana,fresh
27760454,27455,93.20,857.85,71.80,0.456,4.193,0.351,banana,fresh
27761465,27456,93.05,857.95,71.70,0.455,4.193,0.350,banana,fresh
27762477,27457,93.05,857.65,71.75,0.455,4.192,0.351,banana,fresh
27763487,27458,93.05,857.70,71.85,0.455,4.192,0.351,banana,fresh
27764499,27459,93.10,857.95,71.75,0.455,4.193,0.351,banana,fresh
27765510,27460,93.10,857.85,71.75,0.455,4.193,0.351,banana,fresh
27766521,27461,93.20,857.70,71.75,0.456,4.192,0.351,banana,fresh
27767532,27462,93.10,857.75,71.65,0.455,4.192,0.350,banana,fresh
27768544,27463,93.20,857.90,71.80,0.456,4.193,0.351,banana,fresh
27769554,27464,93.05,857.85,71.75,0.455,4.193,0.351,banana,fresh
27770565,27465,93.10,857.65,71.70,0.455,4.192,0.350,banana,fresh
27771577,27466,93.05,857.75,71.80,0.455,4.192,0.351,banana,fresh
27772588,27467,93.05,857.85,71.90,0.455,4.193,0.351,banana,fresh
27773599,27468,93.05,857.80,71.60,0.455,4.193,0.350,banana,fresh
27774610,27469,93.05,857.80,71.80,0.455,4.193,0.351,banana,fresh
27775622,27470,93.20,857.60,71.85,0.456,4.192,0.351,banana,fresh
27776632,27471,93.10,857.95,71.60,0.455,4.193,0.350,banana,fresh
27777643,27472,93.00,857.85,71.70,0.455,4.193,0.350,banana,fresh
27778655,27473,93.15,857.60,71.95,0.455,4.192,0.352,banana,fresh
27779665,27474,93.00,857.95,71.80,0.455,4.193,0.351,banana,fresh
27780677,27475,93.05,857.80,71.85,0.455,4.193,0.351,banana,fresh
27781688,27476,93.20,857.60,71.75,0.456,4.192,0.351,banana,fresh
27782700,27477,93.10,857.80,71.85,0.455,4.193,0.351,banana,fresh
27783710,27478,93.30,857.85,71.60,0.456,4.193,0.350,banana,fresh
27784721,27479,93.05,857.80,71.85,0.455,4.193,0.351,banana,fresh
27785733,27480,93.15,857.75,71.85,0.455,4.192,0.351,banana,fresh
27786743,27481,93.00,857.80,71.75,0.455,4.193,0.351,banana,fresh
27787755,27482,93.05,857.90,71.70,0.455,4.193,0.350,banana,fresh
27788766,27483,93.00,857.85,71.75,0.455,4.193,0.351,banana,fresh
27789777,27484,93.05,857.85,71.85,0.455,4.193,0.351,banana,fresh
27790788,27485,93.00,857.70,71.90,0.455,4.192,0.351,banana,fresh
27791799,27486,93.10,857.85,71.70,0.455,4.193,0.350,banana,fresh
27792811,27487,93.00,857.90,71.75,0.455,4.193,0.351,banana,fresh
27793821,27488,93.00,857.85,71.85,0.455,4.193,0.351,banana,fresh
27794833,27489,93.05,857.90,71.80,0.455,4.193,0.351,banana,fresh
27795844,27490,93.10,857.90,71.95,0.455,4.193,0.352,banana,fresh
27796855,27491,93.05,857.80,71.90,0.455,4.193,0.351,banana,fresh
27797866,27492,93.05,857.90,71.80,0.455,4.193,0.351,banana,fresh
27798878,27493,93.05,857.80,71.80,0.455,4.193,0.351,banana,fresh
27799888,27494,93.10,857.95,71.70,0.455,4.193,0.350,banana,fresh
27800899,27495,93.15,857.85,71.80,0.455,4.193,0.351,banana,fresh
27801911,27496,93.10,857.75,71.90,0.455,4.192,0.351,banana,fresh
27802921,27497,93.20,857.80,71.85,0.456,4.193,0.351,banana,fresh
27803933,27498,93.10,857.80,71.80,0.455,4.193,0.351,banana,fresh
27804944,27499,93.10,857.85,71.85,0.455,4.193,0.351,banana,fresh
27805956,27500,93.10,857.80,71.80,0.455,4.193,0.351,banana,fresh
27806966,27501,93.10,857.85,71.75,0.455,4.193,0.351,banana,fresh
27807978,27502,93.15,857.75,71.80,0.455,4.192,0.351,banana,fresh
27808989,27503,93.05,857.80,71.70,0.455,4.193,0.350,banana,fresh
27809999,27504,93.15,857.85,71.90,0.455,4.193,0.351,banana,fresh
27811011,27505,93.00,857.85,71.80,0.455,4.193,0.351,banana,fresh
27812022,27506,93.25,857.80,71.80,0.456,4.193,0.351,banana,fresh
27813033,27507,93.10,857.90,71.85,0.455,4.193,0.351,banana,fresh
27814044,27508,93.05,857.90,71.75,0.455,4.193,0.351,banana,fresh
27815056,27509,93.20,857.90,71.80,0.456,4.193,0.351,banana,fresh
27816067,27510,93.10,857.65,72.00,0.455,4.192,0.352,banana,fresh
27817077,27511,93.10,857.90,71.90,0.455,4.193,0.351,banana,fresh
27818089,27512,93.00,857.85,71.80,0.455,4.193,0.351,banana,fresh
27819100,27513,93.15,857.95,71.90,0.455,4.193,0.351,banana,fresh
27820111,27514,93.05,857.95,71.85,0.455,4.193,0.351,banana,fresh
27821122,27515,93.15,857.75,71.85,0.455,4.192,0.351,banana,fresh
27822134,27516,93.10,857.85,71.80,0.455,4.193,0.351,banana,fresh
27823144,27517,93.05,857.85,71.85,0.455,4.193,0.351,banana,fresh
27824156,27518,93.00,857.65,71.65,0.455,4.192,0.350,banana,fresh
27825167,27519,93.00,858.00,71.80,0.455,4.194,0.351,banana,fresh
27826178,27520,93.05,857.90,71.90,0.455,4.193,0.351,banana,fresh
27827189,27521,93.00,857.85,71.80,0.455,4.193,0.351,banana,fresh
27828200,27522,93.10,857.80,71.95,0.455,4.193,0.352,banana,fresh
27829212,27523,93.00,857.90,71.90,0.455,4.193,0.351,banana,fresh
27830222,27524,93.05,857.90,71.85,0.455,4.193,0.351,banana,fresh
27831234,27525,93.05,857.95,71.90,0.455,4.193,0.351,banana,fresh
27832245,27526,93.10,857.80,71.75,0.455,4.193,0.351,banana,fresh
27833255,27527,93.25,857.90,71.85,0.456,4.193,0.351,banana,fresh
27834267,27528,93.20,857.85,71.80,0.456,4.193,0.351,banana,fresh
27835278,27529,93.05,857.90,71.85,0.455,4.193,0.351,banana,fresh
27836290,27530,93.00,857.90,71.85,0.455,4.193,0.351,banana,fresh
27837300,27531,93.05,857.90,71.80,0.455,4.193,0.351,banana,fresh
27838312,27532,93.00,857.85,71.90,0.455,4.193,0.351,banana,fresh
27839323,27533,93.20,857.95,71.80,0.456,4.193,0.351,banana,fresh
27840334,27534,93.20,857.75,71.65,0.456,4.192,0.350,banana,fresh
27841345,27535,93.10,857.80,71.85,0.455,4.193,0.351,banana,fresh
27842356,27536,93.10,857.90,71.75,0.455,4.193,0.351,banana,fresh
27843367,27537,93.05,857.95,71.70,0.455,4.193,0.350,banana,fresh
27844378,27538,93.10,857.90,71.85,0.455,4.193,0.351,banana,fresh
27845390,27539,93.05,857.65,71.95,0.455,4.192,0.352,banana,fresh
27846401,27540,93.10,857.85,71.90,0.455,4.193,0.351,banana,fresh
27847412,27541,93.00,857.90,71.90,0.455,4.193,0.351,banana,fresh
27848423,27542,93.20,857.80,71.85,0.456,4.193,0.351,banana,fresh
27849434,27543,93.05,857.90,71.75,0.455,4.193,0.351,banana,fresh
27850445,27544,93.10,857.85,71.95,0.455,4.193,0.352,banana,fresh
27851456,27545,93.10,857.95,71.85,0.455,4.193,0.351,banana,fresh
27852468,27546,93.05,857.95,71.95,0.455,4.193,0.352,banana,fresh
27853478,27547,93.15,857.90,71.90,0.455,4.193,0.351,banana,fresh
27854490,27548,93.05,857.95,71.95,0.455,4.193,0.352,banana,fresh
27855501,27549,93.15,857.95,71.80,0.455,4.193,0.351,banana,fresh
27856513,27550,93.00,858.00,71.85,0.455,4.194,0.351,banana,fresh
27857523,27551,93.05,857.85,71.80,0.455,4.193,0.351,banana,fresh
27858534,27552,93.10,857.85,71.90,0.455,4.193,0.351,banana,fresh
27859546,27553,93.05,857.90,71.70,0.455,4.193,0.350,banana,fresh
27860556,27554,93.10,857.85,71.95,0.455,4.193,0.352,banana,fresh
27861568,27555,93.05,857.80,71.90,0.455,4.193,0.351,banana,fresh
27862579,27556,93.05,857.90,71.90,0.455,4.193,0.351,banana,fresh
27863590,27557,93.15,858.00,71.85,0.455,4.194,0.351,banana,fresh
27864601,27558,93.10,857.85,71.85,0.455,4.193,0.351,banana,fresh
27865612,27559,93.00,857.90,71.85,0.455,4.193,0.351,banana,fresh
27866624,27560,93.00,857.80,71.85,0.455,4.193,0.351,banana,fresh
27867634,27561,93.15,857.65,71.80,0.455,4.192,0.351,banana,fresh
27868646,27562,93.10,857.95,71.90,0.455,4.193,0.351,banana,fresh
27869657,27563,93.10,858.00,71.80,0.455,4.194,0.351,banana,fresh
27870668,27564,93.10,857.85,71.90,0.455,4.193,0.351,banana,fresh
27871679,27565,93.05,858.00,71.85,0.455,4.194,0.351,banana,fresh
27872690,27566,93.15,858.00,71.90,0.455,4.194,0.351,banana,fresh
27873701,27567,93.15,857.90,71.75,0.455,4.193,0.351,banana,fresh
27874712,27568,93.15,857.90,71.65,0.455,4.193,0.350,banana,fresh
27875724,27569,93.05,857.95,71.80,0.455,4.193,0.351,banana,fresh
27876734,27570,93.05,857.95,71.75,0.455,4.193,0.351,banana,fresh
27877746,27571,93.10,857.80,71.90,0.455,4.193,0.351,banana,fresh
27878757,27572,93.00,857.95,71.70,0.455,4.193,0.350,banana,fresh
27879768,27573,93.05,857.90,71.90,0.455,4.193,0.351,banana,fresh
27880779,27574,93.10,857.70,71.90,0.455,4.192,0.351,banana,fresh
27881790,27575,93.05,857.95,71.90,0.455,4.193,0.351,banana,fresh
27882802,27576,93.05,857.95,71.95,0.455,4.193,0.352,banana,fresh
27883812,27577,93.05,857.95,71.85,0.455,4.193,0.351,banana,fresh
27884824,27578,93.00,857.95,71.80,0.455,4.193,0.351,banana,fresh
27885835,27579,93.15,857.95,71.80,0.455,4.193,0.351,banana,fresh
27886845,27580,93.05,858.00,71.90,0.455,4.194,0.351,banana,fresh
27887857,27581,93.05,857.85,71.80,0.455,4.193,0.351,banana,fresh
27888868,27582,93.10,858.00,71.90,0.455,4.194,0.351,banana,fresh
27889880,27583,93.10,857.95,71.85,0.455,4.193,0.351,banana,fresh
27890890,27584,93.00,857.80,71.85,0.455,4.193,0.351,banana,fresh
27891902,27585,93.10,857.90,71.75,0.455,4.193,0.351,banana,fresh
27892913,27586,93.20,857.85,71.95,0.456,4.193,0.352,banana,fresh
27893924,27587,93.05,857.85,71.95,0.455,4.193,0.352,banana,fresh
27894935,27588,93.10,857.90,71.85,0.455,4.193,0.351,banana,fresh
27895946,27589,93.10,857.90,71.95,0.455,4.193,0.352,banana,fresh
27896957,27590,93.00,857.85,71.90,0.455,4.193,0.351,banana,fresh
27897968,27591,93.10,857.90,71.85,0.455,4.193,0.351,banana,fresh
27898980,27592,93.10,857.95,71.75,0.455,4.193,0.351,banana,fresh
27899991,27593,93.10,857.90,71.95,0.455,4.193,0.352,banana,fresh
27901002,27594,93.10,857.80,71.80,0.455,4.193,0.351,banana,fresh
27902013,27595,93.20,857.75,71.85,0.456,4.192,0.351,banana,fresh
27903024,27596,93.00,857.95,71.85,0.455,4.193,0.351,banana,fresh
27904035,27597,93.05,857.85,71.90,0.455,4.193,0.351,banana,fresh
27905046,27598,93.05,857.90,71.70,0.455,4.193,0.350,banana,fresh
27906058,27599,93.10,857.90,71.85,0.455,4.193,0.351,banana,fresh
27907068,27600,93.05,857.80,71.85,0.455,4.193,0.351,banana,fresh
27908080,27601,93.10,857.90,71.80,0.455,4.193,0.351,banana,fresh
27909091,27602,93.10,857.90,71.95,0.455,4.193,0.352,banana,fresh
27910102,27603,93.05,857.85,71.85,0.455,4.193,0.351,banana,fresh
27911113,27604,93.05,857.90,71.80,0.455,4.193,0.351,banana,fresh
27912124,27605,93.05,858.00,71.95,0.455,4.194,0.352,banana,fresh
27913136,27606,93.10,857.95,71.80,0.455,4.193,0.351,banana,fresh
27914146,27607,93.15,857.85,71.85,0.455,4.193,0.351,banana,fresh
27915158,27608,93.00,857.85,71.85,0.455,4.193,0.351,banana,fresh
27916169,27609,93.05,858.00,71.85,0.455,4.194,0.351,banana,fresh
27917180,27610,93.00,857.85,71.85,0.455,4.193,0.351,banana,fresh
27918191,27611,93.10,858.00,71.80,0.455,4.194,0.351,banana,fresh
27919202,27612,93.00,857.85,71.95,0.455,4.193,0.352,banana,fresh
27920214,27613,93.10,858.00,71.90,0.455,4.194,0.351,banana,fresh
27921224,27614,93.10,857.95,71.90,0.455,4.193,0.351,banana,fresh
27922236,27615,93.05,858.00,71.85,0.455,4.194,0.351,banana,fresh
27923247,27616,93.00,857.95,71.75,0.455,4.193,0.351,banana,fresh
27924258,27617,93.20,858.00,71.85,0.456,4.194,0.351,banana,fresh
27925269,27618,93.00,857.95,71.90,0.455,4.193,0.351,banana,fresh
27926280,27619,93.25,857.95,71.80,0.456,4.193,0.351,banana,fresh
27927291,27620,93.05,857.90,71.70,0.455,4.193,0.350,banana,fresh
27928302,27621,93.15,857.90,71.90,0.455,4.193,0.351,banana,fresh
27929314,27622,93.05,857.95,71.85,0.455,4.193,0.351,banana,fresh
27930324,27623,93.05,858.05,71.90,0.455,4.194,0.351,banana,fresh
27931336,27624,93.10,857.95,71.90,0.455,4.193,0.351,banana,fresh
27932347,27625,93.00,857.90,71.80,0.455,4.193,0.351,banana,fresh
27933359,27626,93.00,857.90,71.90,0.455,4.193,0.351,banana,fresh
27934369,27627,93.05,857.90,71.90,0.455,4.193,0.351,banana,fresh
27935380,27628,93.10,857.85,71.85,0.455,4.193,0.351,banana,fresh
27936392,27629,93.00,858.00,71.85,0.455,4.194,0.351,banana,fresh
27937402,27630,93.10,857.90,71.85,0.455,4.193,0.351,banana,fresh
27938414,27631,93.00,857.95,71.95,0.455,4.193,0.352,banana,fresh
27939425,27632,93.00,857.95,71.75,0.455,4.193,0.351,banana,fresh
27940436,27633,93.10,857.90,71.85,0.455,4.193,0.351,banana,fresh
27941447,27634,93.05,857.85,71.65,0.455,4.193,0.350,banana,fresh
27942458,27635,93.05,857.95,72.00,0.455,4.193,0.352,banana,fresh
27943470,27636,93.05,858.00,71.80,0.455,4.194,0.351,banana,fresh
27944480,27637,93.10,857.90,71.85,0.455,4.193,0.351,banana,fresh
27945492,27638,93.20,858.00,71.85,0.456,4.194,0.351,banana,fresh
27946503,27639,93.00,857.90,71.75,0.455,4.193,0.351,banana,fresh
27947514,27640,93.10,857.95,71.70,0.455,4.193,0.350,banana,fresh
27948525,27641,93.10,857.90,72.00,0.455,4.193,0.352,banana,fresh
27949536,27642,93.10,857.95,71.70,0.455,4.193,0.350,banana,fresh
27950547,27643,93.10,857.95,71.90,0.455,4.193,0.351,banana,fresh
27951558,27644,93.10,857.90,71.75,0.455,4.193,0.351,banana,fresh
27952570,27645,93.10,857.85,71.85,0.455,4.193,0.351,banana,fresh
27953581,27646,93.05,857.95,71.75,0.455,4.193,0.351,banana,fresh
27954592,27647,93.05,857.95,71.85,0.455,4.193,0.351,banana,fresh
27955603,27648,93.00,857.95,71.90,0.455,4.193,0.351,banana,fresh
27956615,27649,93.05,857.85,71.90,0.455,4.193,0.351,banana,fresh
27957625,27650,93.05,858.00,71.75,0.455,4.194,0.351,banana,fresh
27958636,27651,93.00,858.00,71.90,0.455,4.194,0.351,banana,fresh
27959648,27652,93.05,857.65,71.90,0.455,4.192,0.351,banana,fresh
27960658,27653,93.05,857.90,71.80,0.455,4.193,0.351,banana,fresh
27961670,27654,93.05,857.85,71.80,0.455,4.193,0.351,banana,fresh
27962681,27655,93.10,857.90,71.95,0.455,4.193,0.352,banana,fresh
27963693,27656,93.10,857.75,71.90,0.455,4.192,0.351,banana,fresh
27964703,27657,93.00,857.85,71.80,0.455,4.193,0.351,banana,fresh
27965714,27658,93.10,857.90,71.90,0.455,4.193,0.351,banana,fresh
27966726,27659,93.05,857.95,71.95,0.455,4.193,0.352,banana,fresh
27967736,27660,93.05,857.85,71.75,0.455,4.193,0.351,banana,fresh
27968748,27661,93.05,858.00,71.75,0.455,4.194,0.351,banana,fresh
27969759,27662,93.00,857.95,71.70,0.455,4.193,0.350,banana,fresh
27970770,27663,93.05,857.95,71.70,0.455,4.193,0.350,banana,fresh
27971781,27664,93.05,857.95,71.85,0.455,4.193,0.351,banana,fresh
27972793,27665,93.05,857.90,71.65,0.455,4.193,0.350,banana,fresh
27973804,27666,93.00,858.00,71.80,0.455,4.194,0.351,banana,fresh
27974814,27667,93.00,857.95,71.75,0.455,4.193,0.351,banana,fresh
27975826,27668,93.10,857.85,71.90,0.455,4.193,0.351,banana,fresh
27976837,27669,93.05,857.90,71.80,0.455,4.193,0.351,banana,fresh
27977848,27670,93.00,857.85,71.85,0.455,4.193,0.351,banana,fresh
27978859,27671,93.05,858.00,71.70,0.455,4.194,0.350,banana,fresh
27979871,27672,93.15,857.90,71.70,0.455,4.193,0.350,banana,fresh
27980881,27673,93.00,857.90,71.80,0.455,4.193,0.351,banana,fresh
27981892,27674,93.00,857.95,71.85,0.455,4.193,0.351,banana,fresh
27982904,27675,93.05,858.00,71.75,0.455,4.194,0.351,banana,fresh
27983915,27676,93.00,857.85,71.75,0.455,4.193,0.351,banana,fresh
27984926,27677,93.00,858.00,71.75,0.455,4.194,0.351,banana,fresh
27985937,27678,93.00,857.90,71.75,0.455,4.193,0.351,banana,fresh
27986949,27679,93.10,857.90,71.65,0.455,4.193,0.350,banana,fresh
27987959,27680,93.00,858.00,71.80,0.455,4.194,0.351,banana,fresh
27988970,27681,93.05,857.95,71.70,0.455,4.193,0.350,banana,fresh
27989982,27682,93.10,857.70,71.85,0.455,4.192,0.351,banana,fresh
27990992,27683,93.10,857.95,71.85,0.455,4.193,0.351,banana,fresh
27992004,27684,93.10,857.95,71.85,0.455,4.193,0.351,banana,fresh
27993015,27685,93.00,857.95,71.75,0.455,4.193,0.351,banana,fresh
27994027,27686,93.05,857.95,71.60,0.455,4.193,0.350,banana,fresh
27995037,27687,93.15,858.00,71.90,0.455,4.194,0.351,banana,fresh
27996049,27688,93.00,857.90,71.85,0.455,4.193,0.351,banana,fresh
27997060,27689,93.00,857.85,71.90,0.455,4.193,0.351,banana,fresh
27998070,27690,93.05,857.95,71.80,0.455,4.193,0.351,banana,fresh
27999082,27691,93.05,857.95,71.75,0.455,4.193,0.351,banana,fresh
28000093,27692,93.00,857.90,71.75,0.455,4.193,0.351,banana,fresh
28001104,27693,93.00,857.95,71.70,0.455,4.193,0.350,banana,fresh
28002115,27694,93.05,857.85,71.75,0.455,4.193,0.351,banana,fresh
28003127,27695,93.05,857.95,71.75,0.455,4.193,0.351,banana,fresh
28004137,27696,93.25,857.90,71.75,0.456,4.193,0.351,banana,fresh
28005149,27697,93.10,857.95,71.75,0.455,4.193,0.351,banana,fresh
28006160,27698,93.15,857.95,71.70,0.455,4.193,0.350,banana,fresh
28007171,27699,93.10,857.95,71.85,0.455,4.193,0.351,banana,fresh
28008182,27700,93.00,857.85,71.75,0.455,4.193,0.351,banana,fresh
28009193,27701,93.05,857.90,71.70,0.455,4.193,0.350,banana,fresh
28010205,27702,93.05,858.00,71.85,0.455,4.194,0.351,banana,fresh
28011215,27703,93.15,857.90,71.70,0.455,4.193,0.350,banana,fresh
28012227,27704,93.10,858.00,71.80,0.455,4.194,0.351,banana,fresh
28013238,27705,93.05,857.95,71.60,0.455,4.193,0.350,banana,fresh
28014248,27706,93.00,857.95,71.90,0.455,4.193,0.351,banana,fresh
28015260,27707,93.05,857.75,71.90,0.455,4.192,0.351,banana,fresh
28016271,27708,93.10,857.90,71.85,0.455,4.193,0.351,banana,fresh
28017283,27709,93.00,857.85,71.70,0.455,4.193,0.350,banana,fresh
28018293,27710,93.05,857.85,71.90,0.455,4.193,0.351,banana,fresh
28019305,27711,93.05,857.90,71.75,0.455,4.193,0.351,banana,fresh
28020316,27712,92.95,858.00,71.50,0.454,4.194,0.349,banana,fresh
28021326,27713,93.05,857.90,71.70,0.455,4.193,0.350,banana,fresh
28022338,27714,93.10,857.95,71.60,0.455,4.193,0.350,banana,fresh
28023349,27715,93.05,857.95,71.70,0.455,4.193,0.350,banana,fresh
28024360,27716,93.15,857.90,71.70,0.455,4.193,0.350,banana,fresh
28025371,27717,93.05,857.95,71.80,0.455,4.193,0.351,banana,fresh
28026383,27718,93.05,857.90,71.60,0.455,4.193,0.350,banana,fresh
28027394,27719,93.25,857.85,71.70,0.456,4.193,0.350,banana,fresh
28028404,27720,93.05,858.00,71.65,0.455,4.194,0.350,banana,fresh
28029416,27721,93.05,858.00,71.80,0.455,4.194,0.351,banana,fresh
28030427,27722,93.05,857.90,71.85,0.455,4.193,0.351,banana,fresh
28031438,27723,93.05,858.00,71.80,0.455,4.194,0.351,banana,fresh
28032449,27724,93.10,857.95,71.80,0.455,4.193,0.351,banana,fresh
28033461,27725,93.05,857.95,71.70,0.455,4.193,0.350,banana,fresh
28034471,27726,93.00,858.00,71.75,0.455,4.194,0.351,banana,fresh
28035482,27727,93.00,857.85,71.90,0.455,4.193,0.351,banana,fresh
28036494,27728,93.10,857.95,71.75,0.455,4.193,0.351,banana,fresh
28037505,27729,93.05,857.85,71.60,0.455,4.193,0.350,banana,fresh
28038516,27730,93.00,857.90,71.90,0.455,4.193,0.351,banana,fresh
28039527,27731,93.00,857.85,71.85,0.455,4.193,0.351,banana,fresh
28040539,27732,93.10,857.90,71.70,0.455,4.193,0.350,banana,fresh
28041549,27733,93.05,857.90,71.65,0.455,4.193,0.350,banana,fresh
28042560,27734,93.00,857.85,71.75,0.455,4.193,0.351,banana,fresh
28043572,27735,93.15,857.80,71.60,0.455,4.193,0.350,banana,fresh
28044582,27736,93.00,857.95,71.75,0.455,4.193,0.351,banana,fresh
28045594,27737,93.00,857.85,71.80,0.455,4.193,0.351,banana,fresh
28046605,27738,93.00,857.90,71.75,0.455,4.193,0.351,banana,fresh
28047617,27739,93.05,857.85,71.60,0.455,4.193,0.350,banana,fresh
28048627,27740,93.05,857.95,71.60,0.455,4.193,0.350,banana,fresh
28049639,27741,93.05,857.85,71.65,0.455,4.193,0.350,banana,fresh
28050650,27742,93.05,858.00,71.65,0.455,4.194,0.350,banana,fresh
28051660,27743,93.10,857.90,71.70,0.455,4.193,0.350,banana,fresh
28052672,27744,93.00,857.85,71.80,0.455,4.193,0.351,banana,fresh
28053683,27745,93.05,858.00,71.75,0.455,4.194,0.351,banana,fresh
28054694,27746,93.00,857.85,71.80,0.455,4.193,0.351,banana,fresh
28055705,27747,93.05,858.00,71.70,0.455,4.194,0.350,banana,fresh
28056717,27748,93.15,857.85,71.60,0.455,4.193,0.350,banana,fresh
28057728,27749,93.10,857.90,71.75,0.455,4.193,0.351,banana,fresh
28058738,27750,93.05,857.85,71.75,0.455,4.193,0.351,banana,fresh
28059750,27751,93.00,857.75,71.65,0.455,4.192,0.350,banana,fresh
28060761,27752,93.05,857.90,71.65,0.455,4.193,0.350,banana,fresh
28061772,27753,93.05,857.95,71.55,0.455,4.193,0.350,banana,fresh
28062783,27754,93.05,857.90,71.65,0.455,4.193,0.350,banana,fresh
28063795,27755,93.05,858.00,71.65,0.455,4.194,0.350,banana,fresh
28064805,27756,93.05,857.95,71.80,0.455,4.193,0.351,banana,fresh
28065816,27757,93.05,857.95,71.70,0.455,4.193,0.350,banana,fresh
28066828,27758,93.05,858.00,71.65,0.455,4.194,0.350,banana,fresh
28067838,27759,93.00,858.00,71.55,0.455,4.194,0.350,banana,fresh
28068850,27760,93.00,857.85,71.70,0.455,4.193,0.350,banana,fresh
28069861,27761,93.15,857.90,71.80,0.455,4.193,0.351,banana,fresh
28070873,27762,93.00,857.85,71.70,0.455,4.193,0.350,banana,fresh
28071883,27763,93.00,857.75,71.70,0.455,4.192,0.350,banana,fresh
28072894,27764,93.10,857.90,71.80,0.455,4.193,0.351,banana,fresh
28073906,27765,93.00,857.95,71.70,0.455,4.193,0.350,banana,fresh
28074916,27766,93.05,857.95,71.65,0.455,4.193,0.350,banana,fresh
28075928,27767,93.10,857.85,71.70,0.455,4.193,0.350,banana,fresh
28076939,27768,93.00,857.85,71.70,0.455,4.193,0.350,banana,fresh
28077950,27769,93.05,857.90,71.60,0.455,4.193,0.350,banana,fresh
28078961,27770,93.05,857.95,71.85,0.455,4.193,0.351,banana,fresh
28079973,27771,93.05,857.90,71.50,0.455,4.193,0.349,banana,fresh
28080984,27772,93.15,857.95,71.70,0.455,4.193,0.350,banana,fresh
28081994,27773,93.15,857.85,71.70,0.455,4.193,0.350,banana,fresh
28083006,27774,93.05,857.90,71.75,0.455,4.193,0.351,banana,fresh
28084017,27775,93.10,857.95,71.70,0.455,4.193,0.350,banana,fresh
28085028,27776,93.05,857.95,71.80,0.455,4.193,0.351,banana,fresh
28086039,27777,93.05,857.95,71.75,0.455,4.193,0.351,banana,fresh
28087051,27778,93.20,857.95,71.65,0.456,4.193,0.350,banana,fresh
28088061,27779,93.05,858.00,71.55,0.455,4.194,0.350,banana,fresh
28089072,27780,93.05,857.95,71.70,0.455,4.193,0.350,banana,fresh
28090084,27781,93.05,857.95,71.70,0.455,4.193,0.350,banana,fresh
28091095,27782,93.00,857.90,71.45,0.455,4.193,0.349,banana,fresh
28092106,27783,93.00,858.00,71.70,0.455,4.194,0.350,banana,fresh
28093117,27784,93.05,858.00,71.75,0.455,4.194,0.351,banana,fresh
28094129,27785,93.20,857.95,71.60,0.456,4.193,0.350,banana,fresh
28095139,27786,93.05,857.95,71.60,0.455,4.193,0.350,banana,fresh
28096150,27787,93.15,858.00,71.55,0.455,4.194,0.350,banana,fresh
28097162,27788,93.00,858.00,71.65,0.455,4.194,0.350,banana,fresh
28098172,27789,93.05,857.95,71.60,0.455,4.193,0.350,banana,fresh
28099184,27790,93.05,858.00,71.80,0.455,4.194,0.351,banana,fresh
28100195,27791,93.00,857.90,71.80,0.455,4.193,0.351,banana,fresh
28101207,27792,93.00,858.00,71.80,0.455,4.194,0.351,banana,fresh
28102217,27793,93.05,857.95,71.65,0.455,4.193,0.350,banana,fresh
28103228,27794,93.10,857.95,71.90,0.455,4.193,0.351,banana,fresh
28104240,27795,93.05,857.95,71.70,0.455,4.193,0.350,banana,fresh
28105250,27796,93.05,857.90,71.80,0.455,4.193,0.351,banana,fresh
28106262,27797,93.10,857.95,71.55,0.455,4.193,0.350,banana,fresh
28107273,27798,93.00,858.00,71.60,0.455,4.194,0.350,banana,fresh
28108284,27799,93.10,857.95,71.75,0.455,4.193,0.351,banana,fresh
28109295,27800,93.10,858.00,71.45,0.455,4.194,0.349,banana,fresh
28110306,27801,93.10,858.00,71.55,0.455,4.194,0.350,banana,fresh
28111318,27802,93.05,857.95,71.70,0.455,4.193,0.350,banana,fresh
28112328,27803,93.05,858.00,71.90,0.455,4.194,0.351,banana,fresh
28113340,27804,93.00,858.00,71.80,0.455,4.194,0.351,banana,fresh
28114351,27805,93.00,857.95,71.60,0.455,4.193,0.350,banana,fresh
28115362,27806,93.05,857.90,71.85,0.455,4.193,0.351,banana,fresh
28116373,27807,93.00,858.00,71.85,0.455,4.194,0.351,banana,fresh
28117384,27808,93.05,857.95,71.80,0.455,4.193,0.351,banana,fresh
28118395,27809,93.05,857.90,71.70,0.455,4.193,0.350,banana,fresh
28119406,27810,93.05,857.85,71.70,0.455,4.193,0.350,banana,fresh
28120418,27811,93.05,858.00,71.75,0.455,4.194,0.351,banana,fresh
28121428,27812,93.00,857.85,71.65,0.455,4.193,0.350,banana,fresh
28122440,27813,93.05,858.00,71.45,0.455,4.194,0.349,banana,fresh
28123451,27814,93.00,857.90,71.90,0.455,4.193,0.351,banana,fresh
28124462,27815,93.00,858.00,71.75,0.455,4.194,0.351,banana,fresh
28125473,27816,93.10,858.00,71.65,0.455,4.194,0.350,banana,fresh
28126484,27817,93.10,857.90,71.55,0.455,4.193,0.350,banana,fresh
28127496,27818,93.10,858.00,71.85,0.455,4.194,0.351,banana,fresh
28128506,27819,93.10,857.95,71.65,0.455,4.193,0.350,banana,fresh
28129518,27820,93.05,858.00,71.50,0.455,4.194,0.349,banana,fresh
28130529,27821,93.00,857.90,71.60,0.455,4.193,0.350,banana,fresh
28131539,27822,93.15,858.00,71.75,0.455,4.194,0.351,banana,fresh
28132551,27823,93.00,857.95,71.55,0.455,4.193,0.350,banana,fresh
28133562,27824,93.05,857.95,71.65,0.455,4.193,0.350,banana,fresh
28134574,27825,93.05,857.95,71.55,0.455,4.193,0.350,banana,fresh
28135584,27826,93.05,858.00,71.65,0.455,4.194,0.350,banana,fresh
28136596,27827,93.00,858.00,71.60,0.455,4.194,0.350,banana,fresh
28137607,27828,93.00,858.00,71.65,0.455,4.194,0.350,banana,fresh
28138617,27829,93.05,857.95,71.50,0.455,4.193,0.349,banana,fresh
28139629,27830,93.00,857.95,71.60,0.455,4.193,0.350,banana,fresh
28140640,27831,93.05,857.95,71.65,0.455,4.193,0.350,banana,fresh
28141651,27832,93.00,858.00,71.50,0.455,4.194,0.349,banana,fresh
28142662,27833,93.05,857.85,71.65,0.455,4.193,0.350,banana,fresh
28143674,27834,93.00,857.90,71.50,0.455,4.193,0.349,banana,fresh
28144685,27835,93.10,858.00,71.55,0.455,4.194,0.350,banana,fresh
28145695,27836,93.00,857.95,71.65,0.455,4.193,0.350,banana,fresh
28146707,27837,93.05,858.00,71.70,0.455,4.194,0.350,banana,fresh
28147718,27838,93.00,857.85,71.65,0.455,4.193,0.350,banana,fresh
28148729,27839,93.00,857.90,71.60,0.455,4.193,0.350,banana,fresh
28149740,27840,93.00,858.00,71.65,0.455,4.194,0.350,banana,fresh
28150752,27841,93.00,858.00,71.80,0.455,4.194,0.351,banana,fresh
28151762,27842,93.00,858.00,71.65,0.455,4.194,0.350,banana,fresh
28152773,27843,93.00,857.95,71.75,0.455,4.193,0.351,banana,fresh
28153785,27844,93.05,857.95,71.70,0.455,4.193,0.350,banana,fresh
28154796,27845,93.00,857.95,71.60,0.455,4.193,0.350,banana,fresh
28155807,27846,93.00,857.95,71.65,0.455,4.193,0.350,banana,fresh
28156818,27847,93.00,857.95,71.55,0.455,4.193,0.350,banana,fresh
28157830,27848,93.00,857.90,71.75,0.455,4.193,0.351,banana,fresh
28158840,27849,93.15,857.95,71.60,0.455,4.193,0.350,banana,fresh
28159851,27850,93.00,857.95,71.75,0.455,4.193,0.351,banana,fresh
28160863,27851,93.00,858.00,71.75,0.455,4.194,0.351,banana,fresh
28161873,27852,93.00,857.95,71.70,0.455,4.193,0.350,banana,fresh
28162885,27853,93.05,858.00,71.60,0.455,4.194,0.350,banana,fresh
28163896,27854,93.05,858.00,71.65,0.455,4.194,0.350,banana,fresh
28164908,27855,93.05,857.80,71.65,0.455,4.193,0.350,banana,fresh
28165918,27856,93.00,858.00,71.70,0.455,4.194,0.350,banana,fresh
28166929,27857,93.05,858.00,71.85,0.455,4.194,0.351,banana,fresh
28167941,27858,92.95,857.90,71.70,0.454,4.193,0.350,banana,fresh
28168951,27859,93.10,858.00,71.80,0.455,4.194,0.351,banana,fresh
28169963,27860,93.05,857.95,71.60,0.455,4.193,0.350,banana,fresh
28170974,27861,93.00,858.00,71.55,0.455,4.194,0.350,banana,fresh
28171985,27862,93.05,857.95,71.70,0.455,4.193,0.350,banana,fresh
28172996,27863,93.10,857.95,71.65,0.455,4.193,0.350,banana,fresh
28174007,27864,93.05,857.95,71.55,0.455,4.193,0.350,banana,fresh
28175019,27865,93.00,857.95,71.65,0.455,4.193,0.350,banana,fresh
28176029,27866,93.10,858.00,71.85,0.455,4.194,0.351,banana,fresh
28177041,27867,93.05,857.90,71.65,0.455,4.193,0.350,banana,fresh
28178052,27868,93.00,857.85,71.60,0.455,4.193,0.350,banana,fresh
28179063,27869,93.05,857.95,71.60,0.455,4.193,0.350,banana,fresh
28180074,27870,93.00,857.90,71.60,0.455,4.193,0.350,banana,fresh
28181085,27871,93.00,857.95,71.70,0.455,4.193,0.350,banana,fresh
28182096,27872,93.10,857.95,71.65,0.455,4.193,0.350,banana,fresh
28183107,27873,93.00,857.95,71.55,0.455,4.193,0.350,banana,fresh
28184119,27874,93.00,857.95,71.70,0.455,4.193,0.350,banana,fresh
28185129,27875,93.00,858.00,71.70,0.455,4.194,0.350,banana,fresh
28186141,27876,93.00,857.95,71.55,0.455,4.193,0.350,banana,fresh
28187152,27877,93.00,858.00,71.35,0.455,4.194,0.349,banana,fresh
28188163,27878,93.00,857.95,71.65,0.455,4.193,0.350,banana,fresh
28189174,27879,93.00,858.00,71.80,0.455,4.194,0.351,banana,fresh
28190185,27880,93.10,857.90,71.70,0.455,4.193,0.350,banana,fresh
28191197,27881,93.00,858.00,71.75,0.455,4.194,0.351,banana,fresh
28192207,27882,93.00,858.00,71.55,0.455,4.194,0.350,banana,fresh
28193219,27883,93.05,858.00,71.70,0.455,4.194,0.350,banana,fresh
28194230,27884,92.95,858.00,71.60,0.454,4.194,0.350,banana,fresh
28195240,27885,93.00,858.00,71.75,0.455,4.194,0.351,banana,fresh
28196252,27886,93.05,857.90,71.70,0.455,4.193,0.350,banana,fresh
28197263,27887,93.15,857.95,71.50,0.455,4.193,0.349,banana,fresh
28198275,27888,93.05,858.00,71.50,0.455,4.194,0.349,banana,fresh
28199285,27889,93.00,858.00,71.70,0.455,4.194,0.350,banana,fresh
28200297,27890,93.00,858.00,71.55,0.455,4.194,0.350,banana,fresh
28201308,27891,93.05,857.95,71.90,0.455,4.193,0.351,banana,fresh
28202318,27892,93.05,858.00,71.75,0.455,4.194,0.351,banana,fresh
28203330,27893,93.05,858.00,71.80,0.455,4.194,0.351,banana,fresh
28204341,27894,93.05,857.95,71.85,0.455,4.193,0.351,banana,fresh
28205352,27895,93.05,858.00,71.70,0.455,4.194,0.350,banana,fresh
28206363,27896,93.05,857.95,71.60,0.455,4.193,0.350,banana,fresh
28207375,27897,93.00,858.00,71.65,0.455,4.194,0.350,banana,fresh
28208386,27898,93.05,857.95,71.75,0.455,4.193,0.351,banana,fresh
28209396,27899,93.00,857.95,71.55,0.455,4.193,0.350,banana,fresh
28210408,27900,93.10,858.00,71.70,0.455,4.194,0.350,banana,fresh
28211419,27901,93.00,857.90,71.55,0.455,4.193,0.350,banana,fresh
28212430,27902,93.05,857.95,71.65,0.455,4.193,0.350,banana,fresh
28213441,27903,93.05,858.00,71.55,0.455,4.194,0.350,banana,fresh
28214453,27904,92.95,858.00,71.60,0.454,4.194,0.350,banana,fresh
28215463,27905,93.00,858.00,71.65,0.455,4.194,0.350,banana,fresh
28216474,27906,93.00,858.00,71.70,0.455,4.194,0.350,banana,fresh
28217486,27907,93.05,858.00,71.90,0.455,4.194,0.351,banana,fresh
28218497,27908,93.00,858.00,71.70,0.455,4.194,0.350,banana,fresh
28219508,27909,93.10,857.95,71.60,0.455,4.193,0.350,banana,fresh
28220519,27910,93.00,858.00,71.70,0.455,4.194,0.350,banana,fresh
28221531,27911,93.00,858.00,71.70,0.455,4.194,0.350,banana,fresh
28222541,27912,92.95,858.00,71.55,0.454,4.194,0.350,banana,fresh
28223552,27913,93.05,857.95,71.80,0.455,4.193,0.351,banana,fresh
28224564,27914,93.05,857.95,71.95,0.455,4.193,0.352,banana,fresh
28225574,27915,92.95,858.00,71.85,0.454,4.194,0.351,banana,fresh
28226586,27916,92.95,858.00,71.70,0.454,4.194,0.350,banana,fresh
28227597,27917,93.10,858.00,71.80,0.455,4.194,0.351,banana,fresh
28228609,27918,93.10,857.95,71.60,0.455,4.193,0.350,banana,fresh
28229619,27919,93.00,858.00,71.70,0.455,4.194,0.350,banana,fresh
28230630,27920,93.00,858.00,71.55,0.455,4.194,0.350,banana,fresh
28231642,27921,93.00,858.00,71.60,0.455,4.194,0.350,banana,fresh
28232652,27922,93.00,857.85,71.75,0.455,4.193,0.351,banana,fresh
28233664,27923,93.00,858.00,71.45,0.455,4.194,0.349,banana,fresh
28234675,27924,93.00,858.00,71.65,0.455,4.194,0.350,banana,fresh
28235685,27925,93.00,857.95,71.80,0.455,4.193,0.351,banana,fresh
28236697,27926,92.95,858.00,71.60,0.454,4.194,0.350,banana,fresh
28237708,27927,93.00,858.00,71.60,0.455,4.194,0.350,banana,fresh
28238720,27928,93.05,857.95,71.60,0.455,4.193,0.350,banana,fresh
28239730,27929,93.15,858.00,71.85,0.455,4.194,0.351,banana,fresh
28240742,27930,93.05,858.00,71.65,0.455,4.194,0.350,banana,fresh
28241753,27931,93.10,858.00,71.70,0.455,4.194,0.350,banana,fresh
28242763,27932,93.05,858.00,71.65,0.455,4.194,0.350,banana,fresh
28243775,27933,93.00,858.00,71.80,0.455,4.194,0.351,banana,fresh
28244786,27934,93.05,858.00,71.80,0.455,4.194,0.351,banana,fresh
28245797,27935,93.00,857.95,71.65,0.455,4.193,0.350,banana,fresh
28246808,27936,93.05,858.00,71.75,0.455,4.194,0.351,banana,fresh
28247820,27937,93.10,858.00,71.55,0.455,4.194,0.350,banana,fresh
28248830,27938,93.00,857.90,71.70,0.455,4.193,0.350,banana,fresh
28249841,27939,93.00,858.00,71.65,0.455,4.194,0.350,banana,fresh
28250853,27940,93.00,858.00,71.45,0.455,4.194,0.349,banana,fresh
28251864,27941,92.95,858.00,71.65,0.454,4.194,0.350,banana,fresh
28252875,27942,93.10,858.00,71.80,0.455,4.194,0.351,banana,fresh
28253886,27943,93.00,858.00,71.70,0.455,4.194,0.350,banana,fresh
28254898,27944,93.00,858.00,71.60,0.455,4.194,0.350,banana,fresh
28255908,27945,93.00,858.00,71.60,0.455,4.194,0.350,banana,fresh
28256919,27946,93.00,857.95,71.90,0.455,4.193,0.351,banana,fresh
28257931,27947,93.05,858.00,71.75,0.455,4.194,0.351,banana,fresh
28258941,27948,93.00,858.00,71.75,0.455,4.194,0.351,banana,fresh
28259953,27949,93.05,858.00,71.65,0.455,4.194,0.350,banana,fresh
28260964,27950,93.05,857.95,71.65,0.455,4.193,0.350,banana,fresh
28261976,27951,93.05,858.00,71.65,0.455,4.194,0.350,banana,fresh
28262986,27952,93.05,857.95,71.60,0.455,4.193,0.350,banana,fresh
28263997,27953,93.00,858.00,71.70,0.455,4.194,0.350,banana,fresh
28265009,27954,93.00,858.00,71.70,0.455,4.194,0.350,banana,fresh
28266019,27955,93.00,858.00,71.65,0.455,4.194,0.350,banana,fresh
28267031,27956,93.00,857.95,71.70,0.455,4.193,0.350,banana,fresh
28268042,27957,93.05,858.00,71.60,0.455,4.194,0.350,banana,fresh
28269053,27958,93.10,858.00,71.85,0.455,4.194,0.351,banana,fresh
28270064,27959,93.00,858.00,71.70,0.455,4.194,0.350,banana,fresh
28271075,27960,93.00,858.00,71.80,0.455,4.194,0.351,banana,fresh
28272087,27961,93.00,858.00,71.70,0.455,4.194,0.350,banana,fresh
28273097,27962,93.05,858.00,71.60,0.455,4.194,0.350,banana,fresh
28274109,27963,93.00,858.00,71.75,0.455,4.194,0.351,banana,fresh
28275120,27964,93.05,858.00,71.75,0.455,4.194,0.351,banana,fresh
28276131,27965,93.00,858.00,71.70,0.455,4.194,0.350,banana,fresh
28277142,27966,93.05,857.95,71.75,0.455,4.193,0.351,banana,fresh
28278153,27967,93.00,858.00,71.65,0.455,4.194,0.350,banana,fresh
28279164,27968,93.05,857.95,71.90,0.455,4.193,0.351,banana,fresh
28280175,27969,93.05,858.00,71.65,0.455,4.194,0.350,banana,fresh
28281187,27970,93.05,858.00,71.65,0.455,4.194,0.350,banana,fresh
28282198,27971,93.05,858.00,71.75,0.455,4.194,0.351,banana,fresh
28283209,27972,93.00,858.00,71.45,0.455,4.194,0.349,banana,fresh
28284220,27973,93.00,858.00,71.75,0.455,4.194,0.351,banana,fresh
28285231,27974,93.00,858.00,71.85,0.455,4.194,0.351,banana,fresh
28286242,27975,93.00,858.00,71.80,0.455,4.194,0.351,banana,fresh
28287253,27976,93.05,858.00,71.65,0.455,4.194,0.350,banana,fresh
28288265,27977,93.00,858.00,71.80,0.455,4.194,0.351,banana,fresh
28289275,27978,93.05,858.00,71.70,0.455,4.194,0.350,banana,fresh
28290287,27979,93.10,857.95,71.65,0.455,4.193,0.350,banana,fresh
28291298,27980,93.00,858.00,71.70,0.455,4.194,0.350,banana,fresh
28292308,27981,93.00,858.00,71.85,0.455,4.194,0.351,banana,fresh
28293320,27982,93.00,858.00,71.75,0.455,4.194,0.351,banana,fresh
28294331,27983,93.05,857.95,71.65,0.455,4.193,0.350,banana,fresh
28295343,27984,93.10,858.00,71.75,0.455,4.194,0.351,banana,fresh
28296353,27985,92.95,858.10,71.70,0.454,4.194,0.350,banana,fresh
28297364,27986,93.10,858.00,71.70,0.455,4.194,0.350,banana,fresh
28298376,27987,93.05,858.00,71.80,0.455,4.194,0.351,banana,fresh
28299386,27988,93.00,858.00,71.65,0.455,4.194,0.350,banana,fresh
28300398,27989,93.05,858.00,71.60,0.455,4.194,0.350,banana,fresh
28301409,27990,93.05,858.00,71.70,0.455,4.194,0.350,banana,fresh
28302420,27991,93.00,858.00,71.75,0.455,4.194,0.351,banana,fresh
28303431,27992,93.00,858.00,71.80,0.455,4.194,0.351,banana,fresh
28304442,27993,93.05,858.00,71.95,0.455,4.194,0.352,banana,fresh
28305454,27994,93.00,858.00,71.80,0.455,4.194,0.351,banana,fresh
28306464,27995,93.05,857.95,71.90,0.455,4.193,0.351,banana,fresh
28307476,27996,93.15,858.00,71.80,0.455,4.194,0.351,banana,fresh
28308487,27997,93.10,858.00,71.70,0.455,4.194,0.350,banana,fresh
28309498,27998,93.10,858.00,71.80,0.455,4.194,0.351,banana,fresh
28310509,27999,93.05,857.95,71.70,0.455,4.193,0.350,banana,fresh
28311520,28000,93.05,858.00,71.80,0.455,4.194,0.351,banana,fresh
28312531,28001,93.20,858.00,71.80,0.456,4.194,0.351,banana,fresh
28313542,28002,93.10,858.00,71.85,0.455,4.194,0.351,banana,fresh
28314554,28003,93.10,857.95,71.60,0.455,4.193,0.350,banana,fresh
28315565,28004,93.05,858.00,71.75,0.455,4.194,0.351,banana,fresh
28316576,28005,93.05,858.00,71.85,0.455,4.194,0.351,banana,fresh
28317587,28006,93.00,857.95,71.60,0.455,4.193,0.350,banana,fresh
28318599,28007,93.05,857.95,71.85,0.455,4.193,0.351,banana,fresh
28319609,28008,93.10,858.05,71.80,0.455,4.194,0.351,banana,fresh
28320620,28009,93.00,858.00,71.85,0.455,4.194,0.351,banana,fresh
28321632,28010,93.00,858.00,71.80,0.455,4.194,0.351,banana,fresh
28322642,28011,93.00,858.00,71.70,0.455,4.194,0.350,banana,fresh
28323654,28012,92.95,858.00,71.75,0.454,4.194,0.351,banana,fresh
28324665,28013,93.05,858.10,71.70,0.455,4.194,0.350,banana,fresh
28325677,28014,93.15,858.00,71.80,0.455,4.194,0.351,banana,fresh
28326687,28015,93.05,857.95,71.85,0.455,4.193,0.351,banana,fresh
28327698,28016,93.15,858.00,71.85,0.455,4.194,0.351,banana,fresh
28328710,28017,93.10,858.00,71.85,0.455,4.194,0.351,banana,fresh
28329720,28018,93.10,858.00,71.85,0.455,4.194,0.351,banana,fresh
28330732,28019,93.00,858.00,71.85,0.455,4.194,0.351,banana,fresh
28331743,28020,93.10,858.00,71.80,0.455,4.194,0.351,banana,fresh
28332754,28021,93.15,858.00,71.80,0.455,4.194,0.351,banana,fresh
28333765,28022,93.10,858.00,71.75,0.455,4.194,0.351,banana,fresh
28334776,28023,93.05,858.00,71.80,0.455,4.194,0.351,banana,fresh
28335788,28024,93.05,858.00,71.90,0.455,4.194,0.351,banana,fresh
28336798,28025,93.10,858.00,71.75,0.455,4.194,0.351,banana,fresh
28337810,28026,93.05,858.00,71.70,0.455,4.194,0.350,banana,fresh
28338821,28027,93.15,858.00,71.65,0.455,4.194,0.350,banana,fresh
28339832,28028,93.10,858.00,71.95,0.455,4.194,0.352,banana,fresh
28340843,28029,92.95,858.00,71.85,0.454,4.194,0.351,banana,fresh
28341854,28030,93.15,858.00,71.80,0.455,4.194,0.351,banana,fresh
28342865,28031,93.00,857.95,71.90,0.455,4.193,0.351,banana,fresh
28343876,28032,93.05,858.00,71.85,0.455,4.194,0.351,banana,fresh
28344888,28033,93.00,858.00,71.80,0.455,4.194,0.351,banana,fresh
28345899,28034,93.05,858.00,71.75,0.455,4.194,0.351,banana,fresh
28346910,28035,93.05,858.00,71.80,0.455,4.194,0.351,banana,fresh
28347921,28036,93.10,858.00,71.95,0.455,4.194,0.352,banana,fresh
28348932,28037,93.00,858.00,71.80,0.455,4.194,0.351,banana,fresh
28349943,28038,93.05,858.00,71.80,0.455,4.194,0.351,banana,fresh
28350954,28039,93.05,858.00,71.75,0.455,4.194,0.351,banana,fresh
28351966,28040,93.00,858.00,71.75,0.455,4.194,0.351,banana,fresh
28352976,28041,93.00,858.00,71.80,0.455,4.194,0.351,banana,fresh
28353988,28042,93.05,858.00,71.85,0.455,4.194,0.351,banana,fresh
28354999,28043,93.05,858.00,71.85,0.455,4.194,0.351,banana,fresh
28356009,28044,93.05,858.00,71.90,0.455,4.194,0.351,banana,fresh
28357021,28045,93.05,858.05,71.85,0.455,4.194,0.351,banana,fresh
28358032,28046,93.10,857.95,71.85,0.455,4.193,0.351,banana,fresh
28359044,28047,93.05,858.00,71.65,0.455,4.194,0.350,banana,fresh
28360054,28048,93.15,858.00,71.80,0.455,4.194,0.351,banana,fresh
28361066,28049,93.05,858.05,71.80,0.455,4.194,0.351,banana,fresh
28362077,28050,93.00,858.00,71.75,0.455,4.194,0.351,banana,fresh
28363087,28051,93.05,858.00,71.80,0.455,4.194,0.351,banana,fresh
28364099,28052,93.00,858.00,71.95,0.455,4.194,0.352,banana,fresh
28365110,28053,93.00,857.95,71.65,0.455,4.193,0.350,banana,fresh
28366121,28054,93.10,858.00,71.75,0.455,4.194,0.351,banana,fresh
28367132,28055,93.05,858.00,71.80,0.455,4.194,0.351,banana,fresh
28368144,28056,93.00,858.00,72.00,0.455,4.194,0.352,banana,fresh
28369155,28057,93.05,858.05,71.85,0.455,4.194,0.351,banana,fresh
28370165,28058,93.15,858.05,71.75,0.455,4.194,0.351,banana,fresh
28371177,28059,93.00,858.00,71.80,0.455,4.194,0.351,banana,fresh
28372188,28060,93.05,858.00,71.90,0.455,4.194,0.351,banana,fresh
28373199,28061,93.00,858.00,71.90,0.455,4.194,0.351,banana,fresh
28374210,28062,93.05,858.00,71.90,0.455,4.194,0.351,banana,fresh
28375222,28063,93.10,858.00,71.65,0.455,4.194,0.350,banana,fresh
28376232,28064,93.10,857.95,71.75,0.455,4.193,0.351,banana,fresh
28377243,28065,93.05,858.00,71.95,0.455,4.194,0.352,banana,fresh
28378255,28066,93.15,858.00,71.55,0.455,4.194,0.350,banana,fresh
28379266,28067,93.00,858.00,71.90,0.455,4.194,0.351,banana,fresh
28380277,28068,93.00,858.00,71.65,0.455,4.194,0.350,banana,fresh
28381288,28069,93.00,858.00,71.95,0.455,4.194,0.352,banana,fresh
28382300,28070,93.05,858.00,71.80,0.455,4.194,0.351,banana,fresh
28383310,28071,93.00,858.00,71.75,0.455,4.194,0.351,banana,fresh
28384321,28072,92.95,858.05,71.80,0.454,4.194,0.351,banana,fresh
28385333,28073,93.05,858.00,71.80,0.455,4.194,0.351,banana,fresh
28386343,28074,93.00,858.00,71.85,0.455,4.194,0.351,banana,fresh
28387355,28075,93.05,858.00,71.75,0.455,4.194,0.351,banana,fresh
28388366,28076,93.10,858.05,71.70,0.455,4.194,0.350,banana,fresh
28389378,28077,93.05,858.00,71.85,0.455,4.194,0.351,banana,fresh
28390388,28078,93.15,858.05,71.90,0.455,4.194,0.351,banana,fresh
28391399,28079,93.05,858.00,71.60,0.455,4.194,0.350,banana,fresh
28392411,28080,93.05,858.00,71.70,0.455,4.194,0.350,banana,fresh
28393421,28081,93.05,858.00,71.80,0.455,4.194,0.351,banana,fresh
28394433,28082,93.15,858.00,71.65,0.455,4.194,0.350,banana,fresh
28395444,28083,93.05,858.05,71.85,0.455,4.194,0.351,banana,fresh
28396455,28084,93.05,858.00,71.80,0.455,4.194,0.351,banana,fresh
28397466,28085,93.05,858.00,71.65,0.455,4.194,0.350,banana,fresh
28398477,28086,93.00,858.00,71.90,0.455,4.194,0.351,banana,fresh
28399489,28087,93.00,858.00,71.65,0.455,4.194,0.350,banana,fresh
28400499,28088,93.05,858.00,71.90,0.455,4.194,0.351,banana,fresh
28401511,28089,93.10,858.00,71.75,0.455,4.194,0.351,banana,fresh
28402522,28090,92.95,858.00,71.90,0.454,4.194,0.351,banana,fresh
28403533,28091,93.00,858.00,71.85,0.455,4.194,0.351,banana,fresh
28404544,28092,93.00,858.00,71.70,0.455,4.194,0.350,banana,fresh
28405555,28093,93.00,858.05,71.85,0.455,4.194,0.351,banana,fresh
28406566,28094,93.10,858.00,71.80,0.455,4.194,0.351,banana,fresh
28407577,28095,93.05,858.00,71.85,0.455,4.194,0.351,banana,fresh
28408589,28096,93.00,858.00,71.85,0.455,4.194,0.351,banana,fresh
28409600,28097,93.05,858.00,71.80,0.455,4.194,0.351,banana,fresh
28410611,28098,93.00,858.00,71.70,0.455,4.194,0.350,banana,fresh
28411622,28099,93.00,858.00,71.75,0.455,4.194,0.351,banana,fresh
28412633,28100,93.05,858.00,71.60,0.455,4.194,0.350,banana,fresh
28413644,28101,93.10,858.00,71.80,0.455,4.194,0.351,banana,fresh
28414655,28102,93.05,858.00,71.80,0.455,4.194,0.351,banana,fresh
28415667,28103,93.00,858.00,71.80,0.455,4.194,0.351,banana,fresh
28416677,28104,93.05,857.95,71.75,0.455,4.193,0.351,banana,fresh
28417689,28105,93.05,858.00,71.70,0.455,4.194,0.350,banana,fresh
28418700,28106,93.05,858.00,71.60,0.455,4.194,0.350,banana,fresh
28419710,28107,93.00,858.00,71.65,0.455,4.194,0.350,banana,fresh
28420722,28108,93.05,858.00,71.70,0.455,4.194,0.350,banana,fresh
28421733,28109,93.05,858.00,71.70,0.455,4.194,0.350,banana,fresh
28422745,28110,93.00,858.00,71.85,0.455,4.194,0.351,banana,fresh
28423755,28111,93.05,858.00,71.80,0.455,4.194,0.351,banana,fresh
28424766,28112,93.05,858.00,71.85,0.455,4.194,0.351,banana,fresh
28425778,28113,93.00,858.00,71.80,0.455,4.194,0.351,banana,fresh
28426788,28114,93.05,858.00,71.75,0.455,4.194,0.351,banana,fresh
28427800,28115,93.10,858.05,71.90,0.455,4.194,0.351,banana,fresh
28428811,28116,93.00,858.00,71.85,0.455,4.194,0.351,banana,fresh
28429822,28117,93.00,858.05,71.80,0.455,4.194,0.351,banana,fresh
28430833,28118,93.05,858.00,71.80,0.455,4.194,0.351,banana,fresh
28431844,28119,93.00,858.00,71.80,0.455,4.194,0.351,banana,fresh
28432856,28120,92.95,858.00,71.65,0.454,4.194,0.350,banana,fresh
28433866,28121,93.05,858.05,71.65,0.455,4.194,0.350,banana,fresh
28434878,28122,93.05,858.00,71.75,0.455,4.194,0.351,banana,fresh
28435889,28123,93.00,858.00,71.85,0.455,4.194,0.351,banana,fresh
28436900,28124,93.05,858.00,71.80,0.455,4.194,0.351,banana,fresh
28437911,28125,93.00,858.00,71.95,0.455,4.194,0.352,banana,fresh
28438922,28126,93.00,858.00,71.75,0.455,4.194,0.351,banana,fresh
28439933,28127,93.05,858.00,71.80,0.455,4.194,0.351,banana,fresh
28440944,28128,93.15,858.00,71.60,0.455,4.194,0.350,banana,fresh
28441956,28129,93.05,858.00,71.70,0.455,4.194,0.350,banana,fresh
28442967,28130,93.05,858.00,71.75,0.455,4.194,0.351,banana,fresh
28443978,28131,92.95,858.00,71.70,0.454,4.194,0.350,banana,fresh
28444989,28132,93.05,858.00,71.70,0.455,4.194,0.350,banana,fresh
28446000,28133,93.00,858.00,71.65,0.455,4.194,0.350,banana,fresh
28447011,28134,93.00,858.00,71.95,0.455,4.194,0.352,banana,fresh
28448022,28135,93.05,858.00,71.80,0.455,4.194,0.351,banana,fresh
28449034,28136,93.00,858.00,71.85,0.455,4.194,0.351,banana,fresh
28450044,28137,93.00,858.00,71.65,0.455,4.194,0.350,banana,fresh
28451056,28138,93.00,858.00,71.80,0.455,4.194,0.351,banana,fresh
28452067,28139,93.00,858.00,71.90,0.455,4.194,0.351,banana,fresh
28453078,28140,93.05,858.00,71.90,0.455,4.194,0.351,banana,fresh
28454089,28141,93.00,858.00,71.90,0.455,4.194,0.351,banana,fresh
28455100,28142,93.20,857.95,71.80,0.456,4.193,0.351,banana,fresh
28456112,28143,93.10,858.00,71.85,0.455,4.194,0.351,banana,fresh
28457122,28144,93.00,858.00,71.65,0.455,4.194,0.350,banana,fresh
28458134,28145,93.00,858.00,71.75,0.455,4.194,0.351,banana,fresh
28459145,28146,93.10,858.00,71.75,0.455,4.194,0.351,banana,fresh
28460155,28147,93.00,857.95,71.95,0.455,4.193,0.352,banana,fresh
28461167,28148,93.00,858.00,71.75,0.455,4.194,0.351,banana,fresh
28462178,28149,93.00,858.00,71.80,0.455,4.194,0.351,banana,fresh
28463190,28150,92.95,858.00,71.75,0.454,4.194,0.351,banana,fresh
28464200,28151,93.00,858.05,71.75,0.455,4.194,0.351,banana,fresh
28465212,28152,93.05,858.00,71.90,0.455,4.194,0.351,banana,fresh
28466223,28153,93.00,858.00,71.75,0.455,4.194,0.351,banana,fresh
28467233,28154,93.10,858.00,71.70,0.455,4.194,0.350,banana,fresh
28468245,28155,93.00,858.00,71.65,0.455,4.194,0.350,banana,fresh
28469256,28156,93.10,858.00,71.60,0.455,4.194,0.350,banana,fresh
28470267,28157,93.00,858.00,71.80,0.455,4.194,0.351,banana,fresh
28471278,28158,93.05,858.00,71.90,0.455,4.194,0.351,banana,fresh
28472290,28159,93.00,858.00,71.60,0.455,4.194,0.350,banana,fresh
28473300,28160,93.00,858.00,71.75,0.455,4.194,0.351,banana,fresh
28474311,28161,93.05,858.00,71.75,0.455,4.194,0.351,banana,fresh
28475323,28162,93.00,857.95,71.70,0.455,4.193,0.350,banana,fresh
28476334,28163,93.05,858.00,71.90,0.455,4.194,0.351,banana,fresh
28477345,28164,93.10,858.05,71.75,0.455,4.194,0.351,banana,fresh
28478356,28165,93.00,858.10,71.70,0.455,4.194,0.350,banana,fresh
28479368,28166,93.05,858.10,71.75,0.455,4.194,0.351,banana,fresh
28480378,28167,93.00,858.00,71.70,0.455,4.194,0.350,banana,fresh
28481389,28168,93.10,858.00,71.70,0.455,4.194,0.350,banana,fresh
28482401,28169,93.20,858.00,71.70,0.456,4.194,0.350,banana,fresh
28483411,28170,92.95,858.00,71.80,0.454,4.194,0.351,banana,fresh
28484423,28171,93.00,858.00,71.80,0.455,4.194,0.351,banana,fresh
28485434,28172,93.00,858.00,71.60,0.455,4.194,0.350,banana,fresh
28486446,28173,93.00,858.00,71.60,0.455,4.194,0.350,banana,fresh
28487456,28174,93.05,858.00,71.60,0.455,4.194,0.350,banana,fresh
28488467,28175,93.00,858.00,71.65,0.455,4.194,0.350,banana,fresh
28489479,28176,93.05,858.00,71.70,0.455,4.194,0.350,banana,fresh
28490489,28177,93.05,858.05,71.75,0.455,4.194,0.351,banana,fresh
28491501,28178,92.95,858.05,71.90,0.454,4.194,0.351,banana,fresh
28492512,28179,93.00,858.00,71.85,0.455,4.194,0.351,banana,fresh
28493522,28180,93.00,858.00,71.60,0.455,4.194,0.350,banana,fresh
28494534,28181,93.00,858.00,71.60,0.455,4.194,0.350,banana,fresh
28495545,28182,93.05,858.00,71.75,0.455,4.194,0.351,banana,fresh
28496557,28183,93.00,858.00,71.80,0.455,4.194,0.351,banana,fresh
28497567,28184,93.10,858.00,71.70,0.455,4.194,0.350,banana,fresh
28498579,28185,93.05,858.00,71.75,0.455,4.194,0.351,banana,fresh
28499590,28186,93.00,858.00,71.70,0.455,4.194,0.350,banana,fresh
28500600,28187,93.10,858.05,71.85,0.455,4.194,0.351,banana,fresh
28501612,28188,93.05,858.00,71.75,0.455,4.194,0.351,banana,fresh
28502623,28189,93.05,858.00,71.85,0.455,4.194,0.351,banana,fresh
28503634,28190,93.00,858.00,71.70,0.455,4.194,0.350,banana,fresh
28504645,28191,93.00,858.05,71.55,0.455,4.194,0.350,banana,fresh
28505657,28192,93.00,858.00,71.70,0.455,4.194,0.350,banana,fresh
28506668,28193,93.00,858.00,71.90,0.455,4.194,0.351,banana,fresh
28507678,28194,93.10,858.00,71.60,0.455,4.194,0.350,banana,fresh
28508690,28195,93.00,858.00,71.85,0.455,4.194,0.351,banana,fresh
28509701,28196,93.00,858.00,71.80,0.455,4.194,0.351,banana,fresh
28510712,28197,93.00,857.95,71.85,0.455,4.193,0.351,banana,fresh
28511723,28198,93.05,858.00,71.75,0.455,4.194,0.351,banana,fresh
28512735,28199,93.05,858.00,71.60,0.455,4.194,0.350,banana,fresh
28513745,28200,93.00,858.00,71.75,0.455,4.194,0.351,banana,fresh
28514756,28201,93.00,858.00,71.70,0.455,4.194,0.350,banana,fresh
28515768,28202,93.00,858.00,71.70,0.455,4.194,0.350,banana,fresh
28516779,28203,93.00,858.00,71.80,0.455,4.194,0.351,banana,fresh
28517790,28204,93.05,858.00,71.80,0.455,4.194,0.351,banana,fresh
28518801,28205,93.05,858.00,71.70,0.455,4.194,0.350,banana,fresh
28519812,28206,93.05,858.00,71.80,0.455,4.194,0.351,banana,fresh
28520823,28207,93.00,858.00,71.85,0.455,4.194,0.351,banana,fresh
28521834,28208,93.05,858.00,71.65,0.455,4.194,0.350,banana,fresh
28522846,28209,93.05,858.00,71.80,0.455,4.194,0.351,banana,fresh
28523856,28210,93.00,858.00,71.85,0.455,4.194,0.351,banana,fresh
28524868,28211,93.00,858.00,71.65,0.455,4.194,0.350,banana,fresh
28525879,28212,93.00,858.00,71.90,0.455,4.194,0.351,banana,fresh
28526889,28213,92.95,858.00,71.85,0.454,4.194,0.351,banana,fresh
28527901,28214,93.00,858.00,71.90,0.455,4.194,0.351,banana,fresh
28528912,28215,92.95,858.00,71.95,0.454,4.194,0.352,banana,fresh
28529924,28216,93.00,858.00,71.95,0.455,4.194,0.352,banana,fresh
28530934,28217,93.05,858.00,71.60,0.455,4.194,0.350,banana,fresh
28531946,28218,93.00,858.00,71.65,0.455,4.194,0.350,banana,fresh
28532957,28219,93.00,858.00,71.85,0.455,4.194,0.351,banana,fresh
28533967,28220,93.00,858.00,71.90,0.455,4.194,0.351,banana,fresh
28534979,28221,93.05,858.00,71.70,0.455,4.194,0.350,banana,fresh
28535990,28222,93.05,858.00,71.65,0.455,4.194,0.350,banana,fresh
28537001,28223,93.00,858.00,71.75,0.455,4.194,0.351,banana,fresh
28538012,28224,93.00,858.00,71.70,0.455,4.194,0.350,banana,fresh
28539024,28225,93.10,858.00,71.65,0.455,4.194,0.350,banana,fresh
28540035,28226,93.00,858.05,71.80,0.455,4.194,0.351,banana,fresh
28541045,28227,93.00,858.00,71.80,0.455,4.194,0.351,banana,fresh
28542057,28228,93.00,858.00,71.60,0.455,4.194,0.350,banana,fresh
28543068,28229,93.00,858.05,71.80,0.455,4.194,0.351,banana,fresh
28544079,28230,93.00,858.00,71.80,0.455,4.194,0.351,banana,fresh
28545090,28231,93.05,858.00,71.65,0.455,4.194,0.350,banana,fresh
28546102,28232,93.00,858.00,71.70,0.455,4.194,0.350,banana,fresh
28547112,28233,93.00,858.05,71.90,0.455,4.194,0.351,banana,fresh
28548123,28234,93.00,858.00,71.70,0.455,4.194,0.350,banana,fresh
28549135,28235,93.00,858.05,71.60,0.455,4.194,0.350,banana,fresh
28550146,28236,93.00,858.00,71.85,0.455,4.194,0.351,banana,fresh
28551157,28237,93.05,858.00,71.65,0.455,4.194,0.350,banana,fresh
28552168,28238,93.00,858.00,71.75,0.455,4.194,0.351,banana,fresh
28553180,28239,93.10,858.00,71.70,0.455,4.194,0.350,banana,fresh
28554190,28240,93.05,858.00,71.80,0.455,4.194,0.351,banana,fresh
28555201,28241,93.10,858.00,71.80,0.455,4.194,0.351,banana,fresh
28556213,28242,93.00,858.00,71.70,0.455,4.194,0.350,banana,fresh
28557223,28243,92.90,858.00,71.85,0.454,4.194,0.351,banana,fresh
28558235,28244,93.05,858.00,71.80,0.455,4.194,0.351,banana,fresh
28559246,28245,93.05,858.00,71.90,0.455,4.194,0.351,banana,fresh
28560258,28246,92.95,858.00,71.85,0.454,4.194,0.351,banana,fresh
28561268,28247,93.00,858.00,71.75,0.455,4.194,0.351,banana,fresh
28562279,28248,93.00,858.00,71.65,0.455,4.194,0.350,banana,fresh
28563291,28249,93.00,858.00,71.75,0.455,4.194,0.351,banana,fresh
28564301,28250,93.05,858.00,71.65,0.455,4.194,0.350,banana,fresh
28565313,28251,93.10,858.00,71.70,0.455,4.194,0.350,banana,fresh
28566324,28252,93.00,858.00,71.70,0.455,4.194,0.350,banana,fresh
28567335,28253,93.05,858.00,71.75,0.455,4.194,0.351,banana,fresh
28568346,28254,93.00,858.00,71.70,0.455,4.194,0.350,banana,fresh
28569357,28255,92.95,858.00,71.55,0.454,4.194,0.350,banana,fresh
28570369,28256,93.00,858.00,71.75,0.455,4.194,0.351,banana,fresh
28571379,28257,93.00,858.00,71.85,0.455,4.194,0.351,banana,fresh
28572391,28258,93.00,858.00,71.70,0.455,4.194,0.350,banana,fresh
28573402,28259,93.00,858.00,71.75,0.455,4.194,0.351,banana,fresh
28574413,28260,93.00,858.00,71.65,0.455,4.194,0.350,banana,fresh
28575424,28261,93.00,858.00,71.65,0.455,4.194,0.350,banana,fresh
28576435,28262,93.00,858.00,71.80,0.455,4.194,0.351,banana,fresh
28577446,28263,93.00,858.00,71.80,0.455,4.194,0.351,banana,fresh
28578457,28264,93.00,858.00,71.70,0.455,4.194,0.350,banana,fresh
28579469,28265,93.05,858.00,71.85,0.455,4.194,0.351,banana,fresh
28580480,28266,93.05,858.00,71.65,0.455,4.194,0.350,banana,fresh
28581490,28267,93.05,858.00,71.75,0.455,4.194,0.351,banana,fresh
28582502,28268,93.05,858.00,71.50,0.455,4.194,0.349,banana,fresh
28583513,28269,93.00,858.00,71.70,0.455,4.194,0.350,banana,fresh
28584524,28270,93.00,858.00,71.70,0.455,4.194,0.350,banana,fresh
28585535,28271,93.05,858.00,71.65,0.455,4.194,0.350,banana,fresh
28586547,28272,93.00,858.00,71.70,0.455,4.194,0.350,banana,fresh
28587557,28273,93.05,858.00,71.65,0.455,4.194,0.350,banana,fresh
28588568,28274,93.00,858.00,71.90,0.455,4.194,0.351,banana,fresh
28589580,28275,93.05,858.00,71.85,0.455,4.194,0.351,banana,fresh
28590590,28276,93.00,858.00,71.60,0.455,4.194,0.350,banana,fresh
28591602,28277,93.00,858.05,71.75,0.455,4.194,0.351,banana,fresh
28592613,28278,93.00,858.00,71.75,0.455,4.194,0.351,banana,fresh
28593625,28279,93.00,858.05,71.80,0.455,4.194,0.351,banana,fresh
28594635,28280,93.05,858.00,71.90,0.455,4.194,0.351,banana,fresh
28595646,28281,93.05,858.05,71.40,0.455,4.194,0.349,banana,fresh
28596658,28282,93.00,858.00,71.70,0.455,4.194,0.350,banana,fresh
28597668,28283,93.00,858.05,71.60,0.455,4.194,0.350,banana,fresh
28598680,28284,93.00,858.00,71.80,0.455,4.194,0.351,banana,fresh
28599691,28285,93.00,858.05,71.85,0.455,4.194,0.351,banana,fresh
28600702,28286,93.00,858.00,71.90,0.455,4.194,0.351,banana,fresh
28601713,28287,93.00,858.05,71.75,0.455,4.194,0.351,banana,fresh
28602724,28288,93.05,858.00,71.70,0.455,4.194,0.350,banana,fresh
28603736,28289,93.00,858.05,71.70,0.455,4.194,0.350,banana,fresh
28604746,28290,92.95,858.05,71.85,0.454,4.194,0.351,banana,fresh
28605758,28291,93.05,858.05,71.70,0.455,4.194,0.350,banana,fresh
28606769,28292,93.05,858.00,71.65,0.455,4.194,0.350,banana,fresh
28607780,28293,93.00,858.00,71.65,0.455,4.194,0.350,banana,fresh
28608791,28294,93.00,858.00,71.60,0.455,4.194,0.350,banana,fresh
28609802,28295,93.10,858.00,71.90,0.455,4.194,0.351,banana,fresh
28610813,28296,93.00,858.00,71.65,0.455,4.194,0.350,banana,fresh
28611824,28297,93.00,858.00,71.75,0.455,4.194,0.351,banana,fresh
28612836,28298,93.05,858.00,71.55,0.455,4.194,0.350,banana,fresh
28613847,28299,92.95,858.00,71.90,0.454,4.194,0.351,banana,fresh
28614858,28300,92.95,858.05,71.75,0.454,4.194,0.351,banana,fresh
28615869,28301,93.00,858.05,71.75,0.455,4.194,0.351,banana,fresh
28616880,28302,93.05,858.05,71.70,0.455,4.194,0.350,banana,fresh
28617891,28303,92.95,858.00,71.60,0.454,4.194,0.350,banana,fresh
28618902,28304,93.00,858.05,71.60,0.455,4.194,0.350,banana,fresh
28619914,28305,92.95,858.00,71.75,0.454,4.194,0.351,banana,fresh
28620924,28306,93.00,858.05,71.65,0.455,4.194,0.350,banana,fresh
28621936,28307,93.00,858.10,71.60,0.455,4.194,0.350,banana,fresh
28622947,28308,92.95,858.00,71.55,0.454,4.194,0.350,banana,fresh
28623958,28309,93.00,858.00,71.80,0.455,4.194,0.351,banana,fresh
28624969,28310,92.95,858.00,71.75,0.454,4.194,0.351,banana,fresh
28625980,28311,93.00,858.00,71.65,0.455,4.194,0.350,banana,fresh
28626992,28312,93.00,858.00,71.65,0.455,4.194,0.350,banana,fresh
28628002,28313,92.95,858.05,71.70,0.454,4.194,0.350,banana,fresh
28629014,28314,93.00,858.05,71.75,0.455,4.194,0.351,banana,fresh
28630025,28315,93.00,858.05,71.75,0.455,4.194,0.351,banana,fresh
28631035,28316,92.95,858.05,71.85,0.454,4.194,0.351,banana,fresh
28632047,28317,93.00,858.00,71.80,0.455,4.194,0.351,banana,fresh
28633058,28318,93.00,858.00,71.55,0.455,4.194,0.350,banana,fresh
28634070,28319,93.00,858.00,71.60,0.455,4.194,0.350,banana,fresh
28635080,28320,92.95,858.05,71.85,0.454,4.194,0.351,banana,fresh
28636092,28321,92.95,858.05,71.50,0.454,4.194,0.349,banana,fresh
28637103,28322,92.95,858.05,71.75,0.454,4.194,0.351,banana,fresh
28638114,28323,93.00,858.05,71.70,0.455,4.194,0.350,banana,fresh
28639125,28324,92.95,858.00,71.85,0.454,4.194,0.351,banana,fresh
28640136,28325,93.00,858.00,71.75,0.455,4.194,0.351,banana,fresh
28641147,28326,93.00,858.05,71.75,0.455,4.194,0.351,banana,fresh
28642158,28327,93.05,858.05,71.65,0.455,4.194,0.350,banana,fresh
28643170,28328,92.95,858.05,71.65,0.454,4.194,0.350,banana,fresh
28644180,28329,93.00,858.05,71.65,0.455,4.194,0.350,banana,fresh
28645192,28330,93.00,858.05,71.80,0.455,4.194,0.351,banana,fresh
28646203,28331,93.00,858.05,71.65,0.455,4.194,0.350,banana,fresh
28647214,28332,92.95,858.05,71.70,0.454,4.194,0.350,banana,fresh
28648225,28333,93.00,858.05,71.75,0.455,4.194,0.351,banana,fresh
28649236,28334,93.00,858.15,71.60,0.455,4.194,0.350,banana,fresh
28650248,28335,92.90,858.00,71.65,0.454,4.194,0.350,banana,fresh
28651258,28336,92.95,858.00,71.80,0.454,4.194,0.351,banana,fresh
28652270,28337,93.00,858.05,71.60,0.455,4.194,0.350,banana,fresh
28653281,28338,93.00,858.05,71.75,0.455,4.194,0.351,banana,fresh
28654291,28339,93.00,858.00,71.75,0.455,4.194,0.351,banana,fresh
28655303,28340,93.00,858.00,71.70,0.455,4.194,0.350,banana,fresh
28656314,28341,92.95,858.05,71.65,0.454,4.194,0.350,banana,fresh
28657326,28342,93.00,858.00,71.85,0.455,4.194,0.351,banana,fresh
28658336,28343,93.00,858.00,71.80,0.455,4.194,0.351,banana,fresh
28659348,28344,93.00,858.00,71.70,0.455,4.194,0.350,banana,fresh
28660359,28345,92.95,858.00,71.85,0.454,4.194,0.351,banana,fresh
28661369,28346,93.00,858.05,71.70,0.455,4.194,0.350,banana,fresh
28662381,28347,92.95,858.05,71.85,0.454,4.194,0.351,banana,fresh
28663392,28348,93.00,858.00,71.85,0.455,4.194,0.351,banana,fresh
28664403,28349,93.00,858.10,71.80,0.455,4.194,0.351,banana,fresh
28665414,28350,92.95,858.00,71.70,0.454,4.194,0.350,banana,fresh
28666426,28351,92.95,858.00,71.55,0.454,4.194,0.350,banana,fresh
28667437,28352,93.00,858.00,71.85,0.455,4.194,0.351,banana,fresh
28668447,28353,93.05,858.05,71.70,0.455,4.194,0.350,banana,fresh
28669459,28354,93.00,858.00,71.65,0.455,4.194,0.350,banana,fresh
28670470,28355,92.95,858.10,71.75,0.454,4.194,0.351,banana,fresh
28671481,28356,92.90,858.00,71.60,0.454,4.194,0.350,banana,fresh
28672492,28357,92.95,858.05,71.80,0.454,4.194,0.351,banana,fresh
28673504,28358,93.05,858.05,71.70,0.455,4.194,0.350,banana,fresh
28674514,28359,92.90,858.00,71.80,0.454,4.194,0.351,banana,fresh
28675525,28360,92.95,858.05,71.80,0.454,4.194,0.351,banana,fresh
28676537,28361,92.95,858.00,71.70,0.454,4.194,0.350,banana,fresh
28677548,28362,92.95,858.00,71.75,0.454,4.194,0.351,banana,fresh
28678559,28363,93.05,858.10,71.75,0.455,4.194,0.351,banana,fresh
28679570,28364,93.00,858.05,71.70,0.455,4.194,0.350,banana,fresh
28680582,28365,93.00,858.00,71.85,0.455,4.194,0.351,banana,fresh
28681592,28366,93.00,858.05,71.65,0.455,4.194,0.350,banana,fresh
28682603,28367,92.95,858.00,71.65,0.454,4.194,0.350,banana,fresh
28683615,28368,93.00,858.00,71.85,0.455,4.194,0.351,banana,fresh
28684625,28369,93.00,858.05,71.60,0.455,4.194,0.350,banana,fresh
28685637,28370,93.00,858.05,71.65,0.455,4.194,0.350,banana,fresh
28686648,28371,93.00,858.05,71.70,0.455,4.194,0.350,banana,fresh
28687660,28372,93.00,858.05,71.75,0.455,4.194,0.351,banana,fresh
28688670,28373,93.00,858.10,71.85,0.455,4.194,0.351,banana,fresh
28689681,28374,93.00,858.15,71.50,0.455,4.194,0.349,banana,fresh
28690693,28375,93.00,858.05,71.80,0.455,4.194,0.351,banana,fresh
28691703,28376,93.00,858.10,71.65,0.455,4.194,0.350,banana,fresh
28692715,28377,93.05,858.00,71.70,0.455,4.194,0.350,banana,fresh
28693726,28378,92.95,858.10,71.65,0.454,4.194,0.350,banana,fresh
28694737,28379,93.00,858.00,71.75,0.455,4.194,0.351,banana,fresh
28695748,28380,93.00,858.10,71.85,0.455,4.194,0.351,banana,fresh
28696759,28381,92.95,858.00,71.85,0.454,4.194,0.351,banana,fresh
28697771,28382,92.90,858.05,71.75,0.454,4.194,0.351,banana,fresh
28698781,28383,93.00,858.05,71.80,0.455,4.194,0.351,banana,fresh
28699793,28384,93.00,858.10,71.65,0.455,4.194,0.350,banana,fresh
28700804,28385,93.00,858.05,71.80,0.455,4.194,0.351,banana,fresh
28701815,28386,93.00,858.05,71.90,0.455,4.194,0.351,banana,fresh
28702826,28387,92.95,858.05,71.80,0.454,4.194,0.351,banana,fresh
28703837,28388,93.00,858.05,71.65,0.455,4.194,0.350,banana,fresh
28704848,28389,92.95,858.05,71.80,0.454,4.194,0.351,banana,fresh
28705859,28390,93.00,858.05,72.00,0.455,4.194,0.352,banana,fresh
28706871,28391,92.95,858.00,71.75,0.454,4.194,0.351,banana,fresh
28707881,28392,93.00,858.05,71.70,0.455,4.194,0.350,banana,fresh
28708893,28393,93.00,858.00,71.80,0.455,4.194,0.351,banana,fresh
28709904,28394,93.00,858.05,71.70,0.455,4.194,0.350,banana,fresh
28710915,28395,92.95,858.05,71.80,0.454,4.194,0.351,banana,fresh
28711926,28396,92.95,858.00,71.80,0.454,4.194,0.351,banana,fresh
28712937,28397,92.95,858.05,71.60,0.454,4.194,0.350,banana,fresh
28713949,28398,93.00,858.05,71.65,0.455,4.194,0.350,banana,fresh
28714959,28399,93.00,858.10,71.85,0.455,4.194,0.351,banana,fresh
28715971,28400,93.00,858.00,71.55,0.455,4.194,0.350,banana,fresh
28716982,28401,93.00,858.00,71.60,0.455,4.194,0.350,banana,fresh
28717992,28402,93.05,858.00,71.70,0.455,4.194,0.350,banana,fresh
28719004,28403,92.95,858.00,71.70,0.454,4.194,0.350,banana,fresh
28720015,28404,93.00,858.15,71.75,0.455,4.194,0.351,banana,fresh
28721027,28405,93.00,858.00,71.75,0.455,4.194,0.351,banana,fresh
28722037,28406,93.00,858.00,71.75,0.455,4.194,0.351,banana,fresh
28723048,28407,93.00,858.05,71.80,0.455,4.194,0.351,banana,fresh
28724060,28408,93.05,858.00,71.75,0.455,4.194,0.351,banana,fresh
28725070,28409,93.05,858.00,71.70,0.455,4.194,0.350,banana,fresh
28726082,28410,93.00,858.05,71.80,0.455,4.194,0.351,banana,fresh
28727093,28411,92.95,858.05,71.70,0.454,4.194,0.350,banana,fresh
28728104,28412,93.00,858.05,71.75,0.455,4.194,0.351,banana,fresh
28729115,28413,92.95,858.05,71.65,0.454,4.194,0.350,banana,fresh
28730127,28414,93.00,858.05,71.95,0.455,4.194,0.352,banana,fresh
28731138,28415,92.95,858.10,71.75,0.454,4.194,0.351,banana,fresh
28732148,28416,93.00,858.05,71.70,0.455,4.194,0.350,banana,fresh
28733160,28417,93.00,858.05,71.85,0.455,4.194,0.351,banana,fresh
28734171,28418,92.95,858.00,71.75,0.454,4.194,0.351,banana,fresh
28735182,28419,93.00,858.00,71.75,0.455,4.194,0.351,banana,fresh
28736193,28420,93.00,858.00,71.75,0.455,4.194,0.351,banana,fresh
28737205,28421,92.95,858.00,71.75,0.454,4.194,0.351,banana,fresh
28738215,28422,92.95,858.10,71.70,0.454,4.194,0.350,banana,fresh
28739226,28423,93.00,858.05,71.80,0.455,4.194,0.351,banana,fresh
28740238,28424,93.00,858.00,71.85,0.455,4.194,0.351,banana,fresh
28741249,28425,92.95,858.15,71.75,0.454,4.194,0.351,banana,fresh
28742260,28426,92.95,858.05,71.70,0.454,4.194,0.350,banana,fresh
28743271,28427,92.95,858.05,71.90,0.454,4.194,0.351,banana,fresh
28744283,28428,93.00,858.05,71.75,0.455,4.194,0.351,banana,fresh
28745293,28429,93.00,858.05,71.65,0.455,4.194,0.350,banana,fresh
28746304,28430,92.95,858.00,71.75,0.454,4.194,0.351,banana,fresh
28747316,28431,92.95,858.05,71.90,0.454,4.194,0.351,banana,fresh
28748326,28432,93.00,858.00,71.85,0.455,4.194,0.351,banana,fresh
28749338,28433,93.00,858.10,71.80,0.455,4.194,0.351,banana,fresh
28750349,28434,93.05,858.10,71.75,0.455,4.194,0.351,banana,fresh
28751361,28435,93.00,858.00,71.75,0.455,4.194,0.351,banana,fresh
28752371,28436,93.00,858.05,71.75,0.455,4.194,0.351,banana,fresh
28753382,28437,93.05,858.10,71.75,0.455,4.194,0.351,banana,fresh
28754394,28438,92.95,858.10,71.75,0.454,4.194,0.351,banana,fresh
28755404,28439,93.00,858.00,71.85,0.455,4.194,0.351,banana,fresh
28756416,28440,93.00,858.00,71.80,0.455,4.194,0.351,banana,fresh
28757427,28441,92.95,858.05,71.75,0.454,4.194,0.351,banana,fresh
28758438,28442,93.00,858.05,71.90,0.455,4.194,0.351,banana,fresh
28759449,28443,93.00,858.10,71.65,0.455,4.194,0.350,banana,fresh
28760460,28444,92.95,858.05,71.75,0.454,4.194,0.351,banana,fresh
28761472,28445,93.00,858.10,71.70,0.455,4.194,0.350,banana,fresh
28762482,28446,93.00,858.10,71.60,0.455,4.194,0.350,banana,fresh
28763494,28447,93.00,858.05,71.85,0.455,4.194,0.351,banana,fresh
28764505,28448,92.95,858.20,71.75,0.454,4.195,0.351,banana,fresh
28765516,28449,92.95,858.05,71.85,0.454,4.194,0.351,banana,fresh
28766527,28450,92.95,858.10,71.70,0.454,4.194,0.350,banana,fresh
28767539,28451,92.90,858.05,71.75,0.454,4.194,0.351,banana,fresh
28768549,28452,93.00,858.05,71.60,0.455,4.194,0.350,banana,fresh
28769560,28453,92.95,858.00,71.70,0.454,4.194,0.350,banana,fresh
28770572,28454,92.95,858.05,71.75,0.454,4.194,0.351,banana,fresh
28771582,28455,92.95,858.00,71.80,0.454,4.194,0.351,banana,fresh
28772594,28456,93.00,858.10,71.75,0.455,4.194,0.351,banana,fresh
28773605,28457,92.95,858.05,71.60,0.454,4.194,0.350,banana,fresh
28774617,28458,93.00,858.00,71.75,0.455,4.194,0.351,banana,fresh
28775627,28459,92.90,858.00,71.70,0.454,4.194,0.350,banana,fresh
28776638,28460,93.00,858.00,71.75,0.455,4.194,0.351,banana,fresh
28777650,28461,93.05,858.05,71.85,0.455,4.194,0.351,banana,fresh
28778660,28462,93.05,858.00,71.80,0.455,4.194,0.351,banana,fresh
28779672,28463,93.00,858.05,71.55,0.455,4.194,0.350,banana,fresh
28780683,28464,93.00,858.00,71.70,0.455,4.194,0.350,banana,fresh
28781694,28465,93.00,858.10,71.80,0.455,4.194,0.351,banana,fresh
28782705,28466,92.95,858.05,71.85,0.454,4.194,0.351,banana,fresh
28783716,28467,93.00,858.00,71.80,0.455,4.194,0.351,banana,fresh
28784728,28468,92.85,858.10,71.75,0.454,4.194,0.351,banana,fresh
28785738,28469,93.00,858.05,71.70,0.455,4.194,0.350,banana,fresh
28786750,28470,93.00,858.05,71.55,0.455,4.194,0.350,banana,fresh
28787761,28471,93.05,858.05,71.60,0.455,4.194,0.350,banana,fresh
28788772,28472,92.95,858.05,71.75,0.454,4.194,0.351,banana,fresh
28789783,28473,93.00,858.10,71.90,0.455,4.194,0.351,banana,fresh
28790794,28474,93.00,858.10,71.80,0.455,4.194,0.351,banana,fresh
28791805,28475,92.95,858.00,71.95,0.454,4.194,0.352,banana,fresh
28792816,28476,92.95,858.10,71.85,0.454,4.194,0.351,banana,fresh
28793828,28477,93.00,858.05,71.80,0.455,4.194,0.351,banana,fresh
28794839,28478,92.95,858.05,71.80,0.454,4.194,0.351,banana,fresh
28795850,28479,93.00,858.05,71.70,0.455,4.194,0.350,banana,fresh
28796861,28480,92.90,858.10,71.50,0.454,4.194,0.349,banana,fresh
28797872,28481,93.00,858.00,71.70,0.455,4.194,0.350,banana,fresh
28798883,28482,93.00,858.10,71.85,0.455,4.194,0.351,banana,fresh
28799894,28483,92.95,858.05,71.70,0.454,4.194,0.350,banana,fresh
28800906,28484,93.05,858.00,71.85,0.455,4.194,0.351,banana,fresh
28801916,28485,92.95,858.10,71.70,0.454,4.194,0.350,banana,fresh
28802928,28486,92.95,858.05,71.90,0.454,4.194,0.351,banana,fresh
28803939,28487,92.90,858.05,71.65,0.454,4.194,0.350,banana,fresh
28804950,28488,92.95,858.00,71.85,0.454,4.194,0.351,banana,fresh
28805961,28489,93.05,858.05,71.75,0.455,4.194,0.351,banana,fresh
28806972,28490,92.95,858.10,71.70,0.454,4.194,0.350,banana,fresh
28807984,28491,93.00,858.05,71.75,0.455,4.194,0.351,banana,fresh
28808994,28492,93.05,858.10,71.55,0.455,4.194,0.350,banana,fresh
28810006,28493,93.00,858.10,71.65,0.455,4.194,0.350,banana,fresh
28811017,28494,93.00,858.05,71.90,0.455,4.194,0.351,banana,fresh
28812027,28495,93.00,858.00,71.85,0.455,4.194,0.351,banana,fresh
28813039,28496,93.00,858.00,71.90,0.455,4.194,0.351,banana,fresh
28814050,28497,92.90,858.00,71.60,0.454,4.194,0.350,banana,fresh
28815062,28498,92.95,858.00,71.60,0.454,4.194,0.350,banana,fresh
28816072,28499,93.00,858.00,71.85,0.455,4.194,0.351,banana,fresh
28817084,28500,92.95,858.15,71.80,0.454,4.194,0.351,banana,fresh
28818095,28501,92.95,858.10,71.70,0.454,4.194,0.350,banana,fresh
28819105,28502,93.00,858.05,71.70,0.455,4.194,0.350,banana,fresh
28820117,28503,93.00,858.00,71.60,0.455,4.194,0.350,banana,fresh
28821128,28504,92.95,858.20,71.85,0.454,4.195,0.351,banana,fresh
28822139,28505,93.05,858.05,71.70,0.455,4.194,0.350,banana,fresh
28823150,28506,93.05,858.10,71.80,0.455,4.194,0.351,banana,fresh
28824162,28507,93.00,858.05,71.65,0.455,4.194,0.350,banana,fresh
28825172,28508,93.00,858.05,71.80,0.455,4.194,0.351,banana,fresh
28826183,28509,92.95,858.10,71.70,0.454,4.194,0.350,banana,fresh
28827195,28510,92.95,858.05,71.80,0.454,4.194,0.351,banana,fresh
28828206,28511,93.00,858.15,71.70,0.455,4.194,0.350,banana,fresh
28829217,28512,93.00,858.05,71.70,0.455,4.194,0.350,banana,fresh
28830228,28513,92.95,858.00,71.75,0.454,4.194,0.351,banana,fresh
28831240,28514,93.00,858.15,71.75,0.455,4.194,0.351,banana,fresh
28832250,28515,93.00,858.00,71.60,0.455,4.194,0.350,banana,fresh
28833261,28516,92.95,858.10,71.55,0.454,4.194,0.350,banana,fresh
28834273,28517,92.95,858.15,71.65,0.454,4.194,0.350,banana,fresh
28835283,28518,92.90,858.00,71.80,0.454,4.194,0.351,banana,fresh
28836295,28519,92.95,858.00,71.70,0.454,4.194,0.350,banana,fresh
28837306,28520,92.95,858.15,71.50,0.454,4.194,0.349,banana,fresh
28838318,28521,93.05,858.00,71.75,0.455,4.194,0.351,banana,fresh
28839328,28522,92.95,858.10,71.75,0.454,4.194,0.351,banana,fresh
28840339,28523,92.85,858.00,71.70,0.454,4.194,0.350,banana,fresh
28841351,28524,92.95,858.15,71.75,0.454,4.194,0.351,banana,fresh
28842361,28525,92.95,858.10,71.80,0.454,4.194,0.351,banana,fresh
28843373,28526,92.95,858.05,71.85,0.454,4.194,0.351,banana,fresh
28844384,28527,92.95,858.15,71.75,0.454,4.194,0.351,banana,fresh
28845395,28528,93.00,858.15,71.75,0.455,4.194,0.351,banana,fresh
28846406,28529,93.00,858.00,71.65,0.455,4.194,0.350,banana,fresh
28847417,28530,93.05,858.15,71.80,0.455,4.194,0.351,banana,fresh
28848429,28531,93.00,858.15,71.65,0.455,4.194,0.350,banana,fresh
28849439,28532,93.00,858.15,71.70,0.455,4.194,0.350,banana,fresh
28850451,28533,93.00,858.15,71.65,0.455,4.194,0.350,banana,fresh
28851462,28534,93.00,858.10,71.75,0.455,4.194,0.351,banana,fresh
28852473,28535,93.00,858.05,71.80,0.455,4.194,0.351,banana,fresh
28853484,28536,93.00,858.10,71.75,0.455,4.194,0.351,banana,fresh
28854495,28537,93.05,858.05,71.85,0.455,4.194,0.351,banana,fresh
28855506,28538,93.00,858.00,71.85,0.455,4.194,0.351,banana,fresh
28856517,28539,93.00,858.00,71.70,0.455,4.194,0.350,banana,fresh
28857529,28540,92.95,858.15,71.70,0.454,4.194,0.350,banana,fresh
28858540,28541,92.95,858.15,71.60,0.454,4.194,0.350,banana,fresh
28859551,28542,93.00,858.10,71.85,0.455,4.194,0.351,banana,fresh
28860562,28543,92.95,858.10,71.90,0.454,4.194,0.351,banana,fresh
28861574,28544,93.00,858.20,71.75,0.455,4.195,0.351,banana,fresh
28862584,28545,93.00,858.25,71.65,0.455,4.195,0.350,banana,fresh
28863595,28546,93.00,858.00,71.80,0.455,4.194,0.351,banana,fresh
28864607,28547,93.05,858.05,71.75,0.455,4.194,0.351,banana,fresh
28865617,28548,92.95,858.05,71.65,0.454,4.194,0.350,banana,fresh
28866629,28549,93.00,858.15,71.70,0.455,4.194,0.350,banana,fresh
28867640,28550,93.00,858.20,71.80,0.455,4.195,0.351,banana,fresh
28868652,28551,92.95,858.00,71.65,0.454,4.194,0.350,banana,fresh
28869662,28552,92.95,858.20,71.85,0.454,4.195,0.351,banana,fresh
28870673,28553,92.95,858.05,71.75,0.454,4.194,0.351,banana,fresh
28871685,28554,93.00,858.20,71.80,0.455,4.195,0.351,banana,fresh
28872695,28555,93.00,858.05,71.85,0.455,4.194,0.351,banana,fresh
28873707,28556,93.00,858.10,71.80,0.455,4.194,0.351,banana,fresh
28874718,28557,92.95,858.10,71.90,0.454,4.194,0.351,banana,fresh
28875729,28558,93.05,858.10,71.90,0.455,4.194,0.351,banana,fresh
28876740,28559,93.00,858.10,71.75,0.455,4.194,0.351,banana,fresh
28877751,28560,93.00,858.00,71.90,0.455,4.194,0.351,banana,fresh
28878763,28561,93.05,858.00,71.85,0.455,4.194,0.351,banana,fresh
28879773,28562,93.00,858.15,71.80,0.455,4.194,0.351,banana,fresh
28880785,28563,92.90,858.05,71.75,0.454,4.194,0.351,banana,fresh
28881796,28564,93.05,858.10,71.85,0.455,4.194,0.351,banana,fresh
28882807,28565,92.90,858.05,71.75,0.454,4.194,0.351,banana,fresh
28883818,28566,92.95,858.15,71.75,0.454,4.194,0.351,banana,fresh
28884829,28567,93.05,858.05,71.65,0.455,4.194,0.350,banana,fresh
28885840,28568,93.00,858.00,71.85,0.455,4.194,0.351,banana,fresh
28886851,28569,93.00,858.05,71.90,0.455,4.194,0.351,banana,fresh
28887863,28570,93.00,858.20,71.75,0.455,4.195,0.351,banana,fresh
28888873,28571,93.00,858.10,71.70,0.455,4.194,0.350,banana,fresh
28889885,28572,93.00,858.05,71.70,0.455,4.194,0.350,banana,fresh
28890896,28573,93.05,858.10,71.75,0.455,4.194,0.351,banana,fresh
28891907,28574,93.05,858.10,71.70,0.455,4.194,0.350,banana,fresh
28892918,28575,93.05,858.00,71.80,0.455,4.194,0.351,banana,fresh
28893929,28576,92.95,858.10,71.80,0.454,4.194,0.351,banana,fresh
28894941,28577,92.95,858.10,71.75,0.454,4.194,0.351,banana,fresh
28895951,28578,92.95,858.00,71.85,0.454,4.194,0.351,banana,fresh
28896963,28579,93.00,858.20,71.95,0.455,4.195,0.352,banana,fresh
28897974,28580,93.05,858.05,71.85,0.455,4.194,0.351,banana,fresh
28898984,28581,93.00,858.10,71.90,0.455,4.194,0.351,banana,fresh
28899996,28582,92.95,858.05,71.85,0.454,4.194,0.351,banana,fresh
28901007,28583,93.05,858.10,71.85,0.455,4.194,0.351,banana,fresh
28902019,28584,92.90,858.10,71.95,0.454,4.194,0.352,banana,fresh
28903029,28585,93.00,858.05,71.80,0.455,4.194,0.351,banana,fresh
28904041,28586,93.00,858.05,71.75,0.455,4.194,0.351,banana,fresh
28905052,28587,93.00,858.10,71.90,0.455,4.194,0.351,banana,fresh
28906062,28588,93.05,858.10,71.70,0.455,4.194,0.350,banana,fresh
28907074,28589,93.00,858.15,71.90,0.455,4.194,0.351,banana,fresh
28908085,28590,93.00,858.20,71.90,0.455,4.195,0.351,banana,fresh
28909096,28591,93.00,858.05,71.90,0.455,4.194,0.351,banana,fresh
28910107,28592,93.05,858.05,71.95,0.455,4.194,0.352,banana,fresh
28911119,28593,93.00,858.10,71.85,0.455,4.194,0.351,banana,fresh
28912130,28594,93.00,858.20,71.75,0.455,4.195,0.351,banana,fresh
28913140,28595,93.00,858.05,71.80,0.455,4.194,0.351,banana,fresh
28914152,28596,93.00,858.05,71.90,0.455,4.194,0.351,banana,fresh
28915163,28597,93.00,858.00,71.80,0.455,4.194,0.351,banana,fresh
28916174,28598,93.00,858.15,71.85,0.455,4.194,0.351,banana,fresh
28917185,28599,93.00,858.20,71.90,0.455,4.195,0.351,banana,fresh
28918197,28600,93.00,858.10,71.80,0.455,4.194,0.351,banana,fresh
28919207,28601,93.05,858.10,71.75,0.455,4.194,0.351,banana,fresh
28920218,28602,93.00,858.10,71.85,0.455,4.194,0.351,banana,fresh
28921230,28603,93.00,858.00,71.85,0.455,4.194,0.351,banana,fresh
28922241,28604,93.05,858.05,71.80,0.455,4.194,0.351,banana,fresh
28923252,28605,93.00,858.10,71.90,0.455,4.194,0.351,banana,fresh
28924263,28606,93.00,858.00,71.95,0.455,4.194,0.352,banana,fresh
28925275,28607,93.00,858.05,71.80,0.455,4.194,0.351,banana,fresh
28926285,28608,93.05,858.20,71.75,0.455,4.195,0.351,banana,fresh
28927296,28609,93.00,858.25,71.90,0.455,4.195,0.351,banana,fresh
28928308,28610,93.00,858.05,71.75,0.455,4.194,0.351,banana,fresh
28929318,28611,93.00,858.05,71.90,0.455,4.194,0.351,banana,fresh
28930330,28612,93.00,858.00,71.90,0.455,4.194,0.351,banana,fresh
28931341,28613,93.00,858.10,71.75,0.455,4.194,0.351,banana,fresh
28932353,28614,92.90,858.05,71.90,0.454,4.194,0.351,banana,fresh
28933363,28615,93.00,858.10,71.80,0.455,4.194,0.351,banana,fresh
28934374,28616,93.00,858.10,71.70,0.455,4.194,0.350,banana,fresh
28935386,28617,93.00,858.20,71.80,0.455,4.195,0.351,banana,fresh
28936396,28618,93.05,858.10,71.80,0.455,4.194,0.351,banana,fresh
28937408,28619,92.95,858.05,71.65,0.454,4.194,0.350,banana,fresh
28938419,28620,93.00,858.10,71.65,0.455,4.194,0.350,banana,fresh
28939430,28621,93.00,858.20,71.80,0.455,4.195,0.351,banana,fresh
28940441,28622,93.05,858.15,71.80,0.455,4.194,0.351,banana,fresh
28941452,28623,93.00,858.20,71.75,0.455,4.195,0.351,banana,fresh
28942464,28624,92.95,858.20,71.90,0.454,4.195,0.351,banana,fresh
28943474,28625,93.00,858.00,71.65,0.455,4.194,0.350,banana,fresh
28944486,28626,92.95,858.05,71.55,0.454,4.194,0.350,banana,fresh
28945497,28627,93.05,858.20,71.70,0.455,4.195,0.350,banana,fresh
28946508,28628,92.90,858.05,71.70,0.454,4.194,0.350,banana,fresh
28947519,28629,93.00,858.15,71.95,0.455,4.194,0.352,banana,fresh
28948530,28630,93.00,858.05,71.70,0.455,4.194,0.350,banana,fresh
28949541,28631,93.05,858.05,71.80,0.455,4.194,0.351,banana,fresh
28950552,28632,93.00,858.05,71.75,0.455,4.194,0.351,banana,fresh
28951564,28633,93.00,858.10,71.80,0.455,4.194,0.351,banana,fresh
28952574,28634,93.00,858.05,71.75,0.455,4.194,0.351,banana,fresh
28953586,28635,93.00,858.10,71.65,0.455,4.194,0.350,banana,fresh
28954597,28636,93.00,858.05,71.80,0.455,4.194,0.351,banana,fresh
28955608,28637,93.00,858.05,71.70,0.455,4.194,0.350,banana,fresh
28956619,28638,93.00,858.05,71.70,0.455,4.194,0.350,banana,fresh
28957630,28639,92.95,858.10,71.75,0.454,4.194,0.351,banana,fresh
28958642,28640,93.00,858.05,71.85,0.455,4.194,0.351,banana,fresh
28959652,28641,93.00,858.05,71.70,0.455,4.194,0.350,banana,fresh
28960664,28642,93.00,858.15,71.70,0.455,4.194,0.350,banana,fresh
28961675,28643,92.95,858.05,71.75,0.454,4.194,0.351,banana,fresh
28962685,28644,92.95,858.10,71.90,0.454,4.194,0.351,banana,fresh
28963697,28645,93.00,858.10,71.75,0.455,4.194,0.351,banana,fresh
28964708,28646,93.00,858.15,71.85,0.455,4.194,0.351,banana,fresh
28965720,28647,93.00,858.15,71.80,0.455,4.194,0.351,banana,fresh
28966730,28648,93.00,858.20,71.60,0.455,4.195,0.350,banana,fresh
28967742,28649,92.95,858.05,71.70,0.454,4.194,0.350,banana,fresh
28968753,28650,93.00,858.05,71.85,0.455,4.194,0.351,banana,fresh
28969763,28651,93.05,858.05,71.80,0.455,4.194,0.351,banana,fresh
28970775,28652,93.00,858.05,71.70,0.455,4.194,0.350,banana,fresh
28971786,28653,93.00,858.05,71.60,0.455,4.194,0.350,banana,fresh
28972797,28654,93.00,858.00,71.80,0.455,4.194,0.351,banana,fresh
28973808,28655,93.05,858.05,71.95,0.455,4.194,0.352,banana,fresh
28974820,28656,93.00,858.10,71.85,0.455,4.194,0.351,banana,fresh
28975831,28657,92.95,858.05,71.80,0.454,4.194,0.351,banana,fresh
28976841,28658,93.00,858.20,71.85,0.455,4.195,0.351,banana,fresh
28977853,28659,93.05,858.05,71.80,0.455,4.194,0.351,banana,fresh
28978864,28660,93.00,858.00,71.75,0.455,4.194,0.351,banana,fresh
28979875,28661,92.95,858.00,71.75,0.454,4.194,0.351,banana,fresh
28980886,28662,92.95,858.00,71.70,0.454,4.194,0.350,banana,fresh
28981898,28663,93.10,858.10,71.75,0.455,4.194,0.351,banana,fresh
28982908,28664,93.00,858.15,71.70,0.455,4.194,0.350,banana,fresh
28983919,28665,93.00,858.00,71.50,0.455,4.194,0.349,banana,fresh
28984931,28666,93.00,858.15,71.80,0.455,4.194,0.351,banana,fresh
28985942,28667,92.95,858.05,71.70,0.454,4.194,0.350,banana,fresh
28986953,28668,92.95,858.15,71.65,0.454,4.194,0.350,banana,fresh
28987964,28669,93.00,858.10,71.75,0.455,4.194,0.351,banana,fresh
28988976,28670,92.95,858.25,71.75,0.454,4.195,0.351,banana,fresh
28989986,28671,93.00,858.05,71.60,0.455,4.194,0.350,banana,fresh
28990997,28672,93.00,858.10,71.75,0.455,4.194,0.351,banana,fresh
28992009,28673,93.00,858.10,71.60,0.455,4.194,0.350,banana,fresh
28993019,28674,93.00,858.20,71.90,0.455,4.195,0.351,banana,fresh
28994031,28675,93.00,858.00,71.75,0.455,4.194,0.351,banana,fresh
28995042,28676,93.00,858.05,71.75,0.455,4.194,0.351,banana,fresh
28996054,28677,93.00,858.10,71.85,0.455,4.194,0.351,banana,fresh
28997064,28678,93.00,858.15,71.75,0.455,4.194,0.351,banana,fresh
28998076,28679,93.05,858.05,71.55,0.455,4.194,0.350,banana,fresh
28999087,28680,93.00,858.15,71.75,0.455,4.194,0.351,banana,fresh
29000097,28681,93.00,858.05,71.70,0.455,4.194,0.350,banana,fresh
29001109,28682,93.00,858.05,71.60,0.455,4.194,0.350,banana,fresh
29002120,28683,93.05,858.15,71.60,0.455,4.194,0.350,banana,fresh
29003131,28684,92.85,858.10,71.75,0.454,4.194,0.351,banana,fresh
29004142,28685,92.95,858.00,71.60,0.454,4.194,0.350,banana,fresh
29005154,28686,92.90,858.20,71.75,0.454,4.195,0.351,banana,fresh
29006164,28687,93.05,858.05,71.55,0.455,4.194,0.350,banana,fresh
29007175,28688,93.00,858.20,71.65,0.455,4.195,0.350,banana,fresh
29008187,28689,93.00,858.05,71.70,0.455,4.194,0.350,banana,fresh
29009198,28690,93.00,858.05,71.65,0.455,4.194,0.350,banana,fresh
29010209,28691,93.05,858.05,71.70,0.455,4.194,0.350,banana,fresh
29011220,28692,93.05,858.20,71.60,0.455,4.195,0.350,banana,fresh
29012232,28693,93.00,858.05,71.90,0.455,4.194,0.351,banana,fresh
29013242,28694,93.00,858.05,71.70,0.455,4.194,0.350,banana,fresh
29014253,28695,93.00,858.05,71.75,0.455,4.194,0.351,banana,fresh
29015265,28696,93.05,858.10,71.85,0.455,4.194,0.351,banana,fresh
29016275,28697,93.00,858.10,71.70,0.455,4.194,0.350,banana,fresh
29017287,28698,92.95,858.10,71.80,0.454,4.194,0.351,banana,fresh
29018298,28699,93.05,858.05,71.75,0.455,4.194,0.351,banana,fresh
29019310,28700,92.90,858.05,71.70,0.454,4.194,0.350,banana,fresh
29020320,28701,93.00,858.10,71.70,0.455,4.194,0.350,banana,fresh
29021332,28702,92.95,858.00,71.60,0.454,4.194,0.350,banana,fresh
29022343,28703,93.00,858.15,71.75,0.455,4.194,0.351,banana,fresh
29023353,28704,93.00,858.15,71.55,0.455,4.194,0.350,banana,fresh
29024365,28705,93.00,858.05,71.70,0.455,4.194,0.350,banana,fresh
29025376,28706,93.00,858.10,71.70,0.455,4.194,0.350,banana,fresh
29026387,28707,93.00,858.10,71.70,0.455,4.194,0.350,banana,fresh
29027398,28708,93.05,858.10,71.50,0.455,4.194,0.349,banana,fresh
29028410,28709,92.95,858.05,71.65,0.454,4.194,0.350,banana,fresh
29029421,28710,92.85,858.10,71.70,0.454,4.194,0.350,banana,fresh
29030431,28711,92.95,858.20,71.60,0.454,4.195,0.350,banana,fresh
29031443,28712,92.95,858.10,71.65,0.454,4.194,0.350,banana,fresh
29032454,28713,93.05,858.10,71.60,0.455,4.194,0.350,banana,fresh
29033465,28714,93.00,858.05,71.70,0.455,4.194,0.350,banana,fresh
29034476,28715,92.95,858.10,71.80,0.454,4.194,0.351,banana,fresh
29035488,28716,93.00,858.10,71.85,0.455,4.194,0.351,banana,fresh
29036498,28717,93.00,858.05,71.75,0.455,4.194,0.351,banana,fresh
29037509,28718,92.95,858.10,71.70,0.454,4.194,0.350,banana,fresh
29038521,28719,92.90,858.00,71.75,0.454,4.194,0.351,banana,fresh
29039532,28720,92.95,858.15,71.70,0.454,4.194,0.350,banana,fresh
29040543,28721,92.90,858.00,71.65,0.454,4.194,0.350,banana,fresh
29041554,28722,92.95,858.10,71.85,0.454,4.194,0.351,banana,fresh
29042566,28723,92.95,858.05,71.65,0.454,4.194,0.350,banana,fresh
29043576,28724,93.00,858.25,71.55,0.455,4.195,0.350,banana,fresh
29044587,28725,93.05,858.10,71.75,0.455,4.194,0.351,banana,fresh
29045599,28726,93.00,858.15,71.75,0.455,4.194,0.351,banana,fresh
29046609,28727,93.00,858.15,71.55,0.455,4.194,0.350,banana,fresh
29047621,28728,93.00,858.10,71.50,0.455,4.194,0.349,banana,fresh
29048632,28729,93.00,858.05,71.75,0.455,4.194,0.351,banana,fresh
29049644,28730,93.00,858.15,71.70,0.455,4.194,0.350,banana,fresh
29050654,28731,92.95,858.15,71.70,0.454,4.194,0.350,banana,fresh
29051666,28732,92.95,858.10,71.80,0.454,4.194,0.351,banana,fresh
29052677,28733,92.95,858.25,71.65,0.454,4.195,0.350,banana,fresh
29053687,28734,92.95,858.15,71.50,0.454,4.194,0.349,banana,fresh
29054699,28735,93.00,858.15,71.60,0.455,4.194,0.350,banana,fresh
29055710,28736,92.95,858.05,71.80,0.454,4.194,0.351,banana,fresh
29056721,28737,92.95,858.00,71.70,0.454,4.194,0.350,banana,fresh
29057732,28738,93.00,858.20,71.60,0.455,4.195,0.350,banana,fresh
29058744,28739,92.95,858.10,71.60,0.454,4.194,0.350,banana,fresh
29059755,28740,93.00,858.10,71.70,0.455,4.194,0.350,banana,fresh
29060765,28741,92.95,858.05,71.80,0.454,4.194,0.351,banana,fresh
29061777,28742,92.95,858.15,71.75,0.454,4.194,0.351,banana,fresh
29062788,28743,93.00,858.05,71.70,0.455,4.194,0.350,banana,fresh
29063799,28744,92.95,858.10,71.70,0.454,4.194,0.350,banana,fresh
29064810,28745,93.00,858.05,71.65,0.455,4.194,0.350,banana,fresh
29065822,28746,93.00,858.05,71.55,0.455,4.194,0.350,banana,fresh
29066832,28747,92.90,858.10,71.75,0.454,4.194,0.351,banana,fresh
29067843,28748,92.95,858.15,71.65,0.454,4.194,0.350,banana,fresh
29068855,28749,92.95,858.15,71.65,0.454,4.194,0.350,banana,fresh
29069865,28750,93.00,858.10,71.60,0.455,4.194,0.350,banana,fresh
29070877,28751,93.00,858.00,71.65,0.455,4.194,0.350,banana,fresh
29071888,28752,92.95,858.10,71.65,0.454,4.194,0.350,banana,fresh
29072900,28753,92.90,858.10,71.65,0.454,4.194,0.350,banana,fresh
29073910,28754,92.95,858.30,71.55,0.454,4.195,0.350,banana,fresh
29074921,28755,93.00,858.25,71.60,0.455,4.195,0.350,banana,fresh
29075933,28756,93.00,858.25,71.60,0.455,4.195,0.350,banana,fresh
29076943,28757,92.95,858.05,71.60,0.454,4.194,0.350,banana,fresh
29077955,28758,92.95,858.05,71.55,0.454,4.194,0.350,banana,fresh
29078966,28759,92.90,858.05,71.65,0.454,4.194,0.350,banana,fresh
29079977,28760,93.00,858.10,71.60,0.455,4.194,0.350,banana,fresh
29080988,28761,93.00,858.10,71.65,0.455,4.194,0.350,banana,fresh
29081999,28762,92.95,858.20,71.70,0.454,4.195,0.350,banana,fresh
29083011,28763,93.00,858.10,71.65,0.455,4.194,0.350,banana,fresh
29084021,28764,92.95,858.25,71.50,0.454,4.195,0.349,banana,fresh
29085033,28765,93.00,858.20,71.55,0.455,4.195,0.350,banana,fresh
29086044,28766,92.95,858.15,71.60,0.454,4.194,0.350,banana,fresh
29087055,28767,92.95,858.10,71.65,0.454,4.194,0.350,banana,fresh
29088066,28768,93.00,858.15,71.50,0.455,4.194,0.349,banana,fresh
29089077,28769,93.00,858.20,71.50,0.455,4.195,0.349,banana,fresh
29090088,28770,92.95,858.05,71.60,0.454,4.194,0.350,banana,fresh
29091099,28771,93.05,858.00,71.50,0.455,4.194,0.349,banana,fresh
29092111,28772,93.00,858.15,71.65,0.455,4.194,0.350,banana,fresh
29093122,28773,93.00,858.25,71.60,0.455,4.195,0.350,banana,fresh
29094133,28774,92.80,858.05,71.70,0.454,4.194,0.350,banana,fresh
29095144,28775,93.00,858.10,71.70,0.455,4.194,0.350,banana,fresh
29096156,28776,93.00,858.30,71.70,0.455,4.195,0.350,banana,fresh
29097166,28777,93.00,858.30,71.65,0.455,4.195,0.350,banana,fresh
29098177,28778,93.00,858.15,71.55,0.455,4.194,0.350,banana,fresh
29099189,28779,93.00,858.15,71.70,0.455,4.194,0.350,banana,fresh
29100199,28780,92.90,858.10,71.55,0.454,4.194,0.350,banana,fresh
29101211,28781,92.95,858.20,71.70,0.454,4.195,0.350,banana,fresh
29102222,28782,92.95,858.05,71.60,0.454,4.194,0.350,banana,fresh
29103234,28783,92.95,858.20,71.50,0.454,4.195,0.349,banana,fresh
29104244,28784,92.85,858.15,71.65,0.454,4.194,0.350,banana,fresh
29105255,28785,93.05,858.10,71.60,0.455,4.194,0.350,banana,fresh
29106267,28786,93.00,858.10,71.70,0.455,4.194,0.350,banana,fresh
29107277,28787,93.00,858.10,71.45,0.455,4.194,0.349,banana,fresh
29108289,28788,92.90,858.30,71.35,0.454,4.195,0.349,banana,fresh
29109300,28789,92.95,858.10,71.75,0.454,4.194,0.351,banana,fresh
29110311,28790,92.95,858.20,71.80,0.454,4.195,0.351,banana,fresh
29111322,28791,92.95,858.15,71.50,0.454,4.194,0.349,banana,fresh
29112334,28792,93.00,858.25,71.55,0.455,4.195,0.350,banana,fresh
29113345,28793,93.00,858.20,71.75,0.455,4.195,0.351,banana,fresh
29114355,28794,92.90,858.10,71.75,0.454,4.194,0.351,banana,fresh
29115367,28795,92.95,858.25,71.60,0.454,4.195,0.350,banana,fresh
29116378,28796,92.95,858.20,71.60,0.454,4.195,0.350,banana,fresh
29117389,28797,92.95,858.15,71.55,0.454,4.194,0.350,banana,fresh
29118400,28798,92.95,858.05,71.80,0.454,4.194,0.351,banana,fresh
29119412,28799,92.90,858.10,71.50,0.454,4.194,0.349,banana,fresh
29120422,28800,93.00,858.20,71.85,0.455,4.195,0.351,banana,fresh
29121433,28801,92.95,858.25,71.60,0.454,4.195,0.350,banana,fresh
29122445,28802,92.95,858.10,71.75,0.454,4.194,0.351,banana,fresh
29123456,28803,92.95,858.25,71.40,0.454,4.195,0.349,banana,fresh
29124467,28804,92.85,858.15,71.80,0.454,4.194,0.351,banana,fresh
29125478,28805,92.95,858.10,71.50,0.454,4.194,0.349,banana,fresh
29126490,28806,93.00,858.20,71.55,0.455,4.195,0.350,banana,fresh
29127500,28807,92.95,858.20,71.70,0.454,4.195,0.350,banana,fresh
29128511,28808,92.85,858.05,71.45,0.454,4.194,0.349,banana,fresh
29129523,28809,93.00,858.15,71.75,0.455,4.194,0.351,banana,fresh
29130533,28810,92.90,858.10,71.75,0.454,4.194,0.351,banana,fresh
29131545,28811,92.90,858.25,71.60,0.454,4.195,0.350,banana,fresh
29132556,28812,92.90,858.10,71.60,0.454,4.194,0.350,banana,fresh
29133568,28813,93.00,858.20,71.65,0.455,4.195,0.350,banana,fresh
29134578,28814,93.00,858.20,71.60,0.455,4.195,0.350,banana,fresh
29135590,28815,93.00,858.15,71.60,0.455,4.194,0.350,banana,fresh
29136601,28816,92.90,858.05,71.65,0.454,4.194,0.350,banana,fresh
29137611,28817,92.90,858.20,71.70,0.454,4.195,0.350,banana,fresh
29138623,28818,93.00,858.15,71.70,0.455,4.194,0.350,banana,fresh
29139634,28819,92.95,858.10,71.60,0.454,4.194,0.350,banana,fresh
29140645,28820,92.80,858.00,71.75,0.454,4.194,0.351,banana,fresh
29141656,28821,93.00,858.05,71.55,0.455,4.194,0.350,banana,fresh
29142668,28822,93.00,858.25,71.50,0.455,4.195,0.349,banana,fresh
29143678,28823,93.00,858.15,71.50,0.455,4.194,0.349,banana,fresh
29144689,28824,93.00,858.15,71.75,0.455,4.194,0.351,banana,fresh
29145701,28825,92.90,858.15,71.65,0.454,4.194,0.350,banana,fresh
29146712,28826,93.00,858.25,71.85,0.455,4.195,0.351,banana,fresh
29147723,28827,92.95,858.00,71.60,0.454,4.194,0.350,banana,fresh
29148734,28828,92.85,858.10,71.60,0.454,4.194,0.350,banana,fresh
29149746,28829,92.90,858.20,71.65,0.454,4.195,0.350,banana,fresh
29150756,28830,92.95,858.20,71.70,0.454,4.195,0.350,banana,fresh
29151767,28831,92.95,858.20,71.60,0.454,4.195,0.350,banana,fresh
29152779,28832,93.00,858.15,71.65,0.455,4.194,0.350,banana,fresh
29153789,28833,93.00,858.20,71.70,0.455,4.195,0.350,banana,fresh
29154801,28834,92.95,858.20,71.85,0.454,4.195,0.351,banana,fresh
29155812,28835,92.85,858.10,71.75,0.454,4.194,0.351,banana,fresh
29156824,28836,93.00,858.15,71.70,0.455,4.194,0.350,banana,fresh
29157834,28837,93.00,858.20,71.70,0.455,4.195,0.350,banana,fresh
29158845,28838,93.00,858.25,71.70,0.455,4.195,0.350,banana,fresh
29159857,28839,92.85,858.35,71.75,0.454,4.195,0.351,banana,fresh
29160867,28840,93.00,858.05,71.80,0.455,4.194,0.351,banana,fresh
29161879,28841,93.00,858.05,71.85,0.455,4.194,0.351,banana,fresh
29162890,28842,93.00,858.30,71.65,0.455,4.195,0.350,banana,fresh
29163901,28843,93.00,858.35,71.65,0.455,4.195,0.350,banana,fresh
29164912,28844,92.95,858.15,71.75,0.454,4.194,0.351,banana,fresh
29165924,28845,92.95,858.35,71.80,0.454,4.195,0.351,banana,fresh
29166935,28846,92.95,858.20,71.80,0.454,4.195,0.351,banana,fresh
29167945,28847,92.90,858.25,71.35,0.454,4.195,0.349,banana,fresh
29168957,28848,93.00,858.20,71.65,0.455,4.195,0.350,banana,fresh
29169968,28849,92.95,858.30,71.70,0.454,4.195,0.350,banana,fresh
29170979,28850,93.00,858.20,71.70,0.455,4.195,0.350,banana,fresh
29171990,28851,93.00,858.35,71.65,0.455,4.195,0.350,banana,fresh
29173002,28852,93.00,858.40,71.55,0.455,4.196,0.350,banana,fresh
29174012,28853,92.95,858.20,71.75,0.454,4.195,0.351,banana,fresh
29175023,28854,93.05,858.10,71.60,0.455,4.194,0.350,banana,fresh
29176035,28855,92.85,858.15,71.90,0.454,4.194,0.351,banana,fresh
29177046,28856,92.95,858.25,71.55,0.454,4.195,0.350,banana,fresh
29178057,28857,93.00,858.15,71.70,0.455,4.194,0.350,banana,fresh
29179068,28858,92.95,858.05,71.60,0.454,4.194,0.350,banana,fresh
29180080,28859,93.00,858.20,71.55,0.455,4.195,0.350,banana,fresh
29181090,28860,93.00,858.15,71.75,0.455,4.194,0.351,banana,fresh
29182101,28861,92.95,858.30,71.85,0.454,4.195,0.351,banana,fresh
29183113,28862,92.90,858.35,71.60,0.454,4.195,0.350,banana,fresh
29184123,28863,93.05,858.05,71.55,0.455,4.194,0.350,banana,fresh
29185135,28864,93.00,858.25,71.80,0.455,4.195,0.351,banana,fresh
29186146,28865,93.00,858.25,71.70,0.455,4.195,0.350,banana,fresh
29187158,28866,92.95,858.15,71.85,0.454,4.194,0.351,banana,fresh
29188168,28867,92.90,858.15,71.90,0.454,4.194,0.351,banana,fresh
29189179,28868,92.90,858.15,71.60,0.454,4.194,0.350,banana,fresh
29190191,28869,93.00,858.30,71.65,0.455,4.195,0.350,banana,fresh
29191201,28870,93.05,858.40,71.75,0.455,4.196,0.351,banana,fresh
29192213,28871,93.00,858.30,71.70,0.455,4.195,0.350,banana,fresh
29193224,28872,93.00,858.35,71.60,0.455,4.195,0.350,banana,fresh
29194235,28873,92.95,858.30,71.80,0.454,4.195,0.351,banana,fresh
29195246,28874,92.95,858.15,71.70,0.454,4.194,0.350,banana,fresh
29196257,28875,93.00,858.35,71.65,0.455,4.195,0.350,banana,fresh
29197268,28876,92.95,858.25,71.75,0.454,4.195,0.351,banana,fresh
29198279,28877,92.95,858.35,71.70,0.454,4.195,0.350,banana,fresh
29199291,28878,93.00,858.25,71.80,0.455,4.195,0.351,banana,fresh
29200302,28879,92.95,858.15,71.70,0.454,4.194,0.350,banana,fresh
29201313,28880,92.95,858.20,71.55,0.454,4.195,0.350,banana,fresh
29202324,28881,92.95,858.15,71.75,0.454,4.194,0.351,banana,fresh
29203336,28882,92.90,858.35,71.75,0.454,4.195,0.351,banana,fresh
29204346,28883,92.90,858.35,71.65,0.454,4.195,0.350,banana,fresh
29205357,28884,92.95,858.25,71.50,0.454,4.195,0.349,banana,fresh
29206369,28885,92.90,858.05,71.75,0.454,4.194,0.351,banana,fresh
29207379,28886,93.00,858.25,71.65,0.455,4.195,0.350,banana,fresh
29208391,28887,93.00,858.25,71.80,0.455,4.195,0.351,banana,fresh
29209402,28888,92.90,858.20,71.55,0.454,4.195,0.350,banana,fresh
29210414,28889,92.90,858.20,71.60,0.454,4.195,0.350,banana,fresh
29211424,28890,92.95,858.25,71.65,0.454,4.195,0.350,banana,fresh
29212435,28891,92.95,858.15,71.70,0.454,4.194,0.350,banana,fresh
29213447,28892,93.00,858.25,71.70,0.455,4.195,0.350,banana,fresh
29214457,28893,92.95,858.40,71.55,0.454,4.196,0.350,banana,fresh
29215469,28894,92.90,858.40,71.70,0.454,4.196,0.350,banana,fresh
29216480,28895,93.00,858.30,71.70,0.455,4.195,0.350,banana,fresh
29217491,28896,92.95,858.25,71.80,0.454,4.195,0.351,banana,fresh
29218502,28897,92.90,858.10,71.65,0.454,4.194,0.350,banana,fresh
29219513,28898,92.90,858.15,71.60,0.454,4.194,0.350,banana,fresh
29220525,28899,92.95,858.20,71.75,0.454,4.195,0.351,banana,fresh
29221535,28900,93.00,858.30,71.90,0.455,4.195,0.351,banana,fresh
29222547,28901,92.90,858.30,71.70,0.454,4.195,0.350,banana,fresh
29223558,28902,92.90,858.35,71.80,0.454,4.195,0.351,banana,fresh
29224569,28903,92.95,858.25,71.70,0.454,4.195,0.350,banana,fresh
29225580,28904,93.00,858.30,71.65,0.455,4.195,0.350,banana,fresh
29226592,28905,92.95,858.25,71.75,0.454,4.195,0.351,banana,fresh
29227602,28906,93.00,858.15,71.65,0.455,4.194,0.350,banana,fresh
29228613,28907,92.85,858.30,71.65,0.454,4.195,0.350,banana,fresh
29229625,28908,93.00,858.25,71.85,0.455,4.195,0.351,banana,fresh
29230636,28909,93.00,858.10,71.80,0.455,4.194,0.351,banana,fresh
29231647,28910,92.90,858.20,71.50,0.454,4.195,0.349,banana,fresh
29232658,28911,93.00,858.30,71.95,0.455,4.195,0.352,banana,fresh
29233670,28912,92.90,858.35,71.50,0.454,4.195,0.349,banana,fresh
29234680,28913,92.90,858.20,71.85,0.454,4.195,0.351,banana,fresh
29235691,28914,93.05,858.30,71.70,0.455,4.195,0.350,banana,fresh
29236703,28915,93.00,858.20,71.60,0.455,4.195,0.350,banana,fresh
29237713,28916,93.00,858.15,71.60,0.455,4.194,0.350,banana,fresh
29238725,28917,92.95,858.30,71.70,0.454,4.195,0.350,banana,fresh
29239736,28918,93.00,858.35,71.80,0.455,4.195,0.351,banana,fresh
29240748,28919,93.00,858.30,71.80,0.455,4.195,0.351,banana,fresh
29241758,28920,92.95,858.20,71.70,0.454,4.195,0.350,banana,fresh
29242769,28921,92.95,858.20,71.70,0.454,4.195,0.350,banana,fresh
29243781,28922,92.90,858.35,71.55,0.454,4.195,0.350,banana,fresh
29244791,28923,93.00,858.30,71.80,0.455,4.195,0.351,banana,fresh
29245803,28924,93.00,858.20,71.75,0.455,4.195,0.351,banana,fresh
29246814,28925,92.90,858.25,71.70,0.454,4.195,0.350,banana,fresh
29247825,28926,93.05,858.35,71.80,0.455,4.195,0.351,banana,fresh
29248836,28927,92.95,858.30,71.50,0.454,4.195,0.349,banana,fresh
29249848,28928,92.90,858.35,71.75,0.454,4.195,0.351,banana,fresh
29250859,28929,93.00,858.25,71.85,0.455,4.195,0.351,banana,fresh
29251869,28930,92.90,858.15,71.85,0.454,4.194,0.351,banana,fresh
29252881,28931,93.00,858.15,71.75,0.455,4.194,0.351,banana,fresh
29253892,28932,92.85,858.15,71.65,0.454,4.194,0.350,banana,fresh
29254903,28933,93.00,858.40,71.75,0.455,4.196,0.351,banana,fresh
29255914,28934,92.95,858.30,71.65,0.454,4.195,0.350,banana,fresh
29256926,28935,92.95,858.15,71.65,0.454,4.194,0.350,banana,fresh
29257936,28936,92.95,858.40,71.70,0.454,4.196,0.350,banana,fresh
29258947,28937,93.00,858.30,71.75,0.455,4.195,0.351,banana,fresh
29259959,28938,93.00,858.25,71.65,0.455,4.195,0.350,banana,fresh
29260969,28939,93.05,858.25,71.75,0.455,4.195,0.351,banana,fresh
29261981,28940,93.00,858.40,71.65,0.455,4.196,0.350,banana,fresh
29262992,28941,93.00,858.25,71.70,0.455,4.195,0.350,banana,fresh
29264004,28942,92.95,858.25,71.70,0.454,4.195,0.350,banana,fresh
29265014,28943,93.00,858.50,71.80,0.455,4.196,0.351,banana,fresh
29266026,28944,92.90,858.15,71.70,0.454,4.194,0.350,banana,fresh
29267037,28945,92.90,858.15,71.80,0.454,4.194,0.351,banana,fresh
29268047,28946,93.00,858.30,71.50,0.455,4.195,0.349,banana,fresh
29269059,28947,92.95,858.30,71.80,0.454,4.195,0.351,banana,fresh
29270070,28948,93.00,858.40,71.80,0.455,4.196,0.351,banana,fresh
29271081,28949,92.95,858.30,71.65,0.454,4.195,0.350,banana,fresh
29272092,28950,92.95,858.30,71.65,0.454,4.195,0.350,banana,fresh
29273104,28951,93.00,858.25,71.55,0.455,4.195,0.350,banana,fresh
29274115,28952,93.00,858.30,71.65,0.455,4.195,0.350,banana,fresh
29275125,28953,93.00,858.05,71.60,0.455,4.194,0.350,banana,fresh
29276137,28954,92.90,858.20,71.90,0.454,4.195,0.351,banana,fresh
29277148,28955,93.00,858.30,71.65,0.455,4.195,0.350,banana,fresh
29278159,28956,93.00,858.30,71.85,0.455,4.195,0.351,banana,fresh
29279170,28957,93.00,858.30,71.60,0.455,4.195,0.350,banana,fresh
29280182,28958,92.95,858.10,71.60,0.454,4.194,0.350,banana,fresh
29281192,28959,92.85,858.25,71.70,0.454,4.195,0.350,banana,fresh
29282203,28960,93.05,858.20,72.00,0.455,4.195,0.352,banana,fresh
29283215,28961,93.00,858.25,71.70,0.455,4.195,0.350,banana,fresh
29284226,28962,93.00,858.30,71.70,0.455,4.195,0.350,banana,fresh
29285237,28963,93.00,858.20,71.75,0.455,4.195,0.351,banana,fresh
29286248,28964,93.00,858.20,71.80,0.455,4.195,0.351,banana,fresh
29287260,28965,93.00,858.25,71.75,0.455,4.195,0.351,banana,fresh
29288270,28966,92.95,858.10,71.70,0.454,4.194,0.350,banana,fresh
29289281,28967,93.00,858.25,71.75,0.455,4.195,0.351,banana,fresh
29290293,28968,92.95,858.35,71.75,0.454,4.195,0.351,banana,fresh
29291303,28969,92.95,858.30,71.80,0.454,4.195,0.351,banana,fresh
29292315,28970,93.00,858.10,71.65,0.455,4.194,0.350,banana,fresh
29293326,28971,92.95,858.25,71.65,0.454,4.195,0.350,banana,fresh
29294338,28972,93.05,858.30,71.75,0.455,4.195,0.351,banana,fresh
29295348,28973,93.00,858.40,71.80,0.455,4.196,0.351,banana,fresh
29296360,28974,93.00,858.40,71.75,0.455,4.196,0.351,banana,fresh
29297371,28975,93.00,858.45,71.80,0.455,4.196,0.351,banana,fresh
29298381,28976,93.00,858.25,71.65,0.455,4.195,0.350,banana,fresh
29299393,28977,92.95,858.15,71.90,0.454,4.194,0.351,banana,fresh
29300404,28978,92.95,858.45,71.85,0.454,4.196,0.351,banana,fresh
29301415,28979,93.00,858.35,71.85,0.455,4.195,0.351,banana,fresh
29302426,28980,93.00,858.15,71.95,0.455,4.194,0.352,banana,fresh
29303438,28981,92.95,858.40,71.75,0.454,4.196,0.351,banana,fresh
29304449,28982,92.90,858.35,71.90,0.454,4.195,0.351,banana,fresh
29305459,28983,92.95,858.20,71.70,0.454,4.195,0.350,banana,fresh
29306471,28984,93.05,858.50,71.75,0.455,4.196,0.351,banana,fresh
29307482,28985,93.00,858.20,71.80,0.455,4.195,0.351,banana,fresh
29308493,28986,93.00,858.35,71.70,0.455,4.195,0.350,banana,fresh
29309504,28987,92.95,858.20,71.75,0.454,4.195,0.351,banana,fresh
29310516,28988,92.85,858.20,71.70,0.454,4.195,0.350,banana,fresh
29311526,28989,93.00,858.30,71.85,0.455,4.195,0.351,banana,fresh
29312538,28990,93.00,858.20,71.60,0.455,4.195,0.350,banana,fresh
29313549,28991,93.00,858.25,71.75,0.455,4.195,0.351,banana,fresh
29314560,28992,93.00,858.30,71.70,0.455,4.195,0.350,banana,fresh
29315571,28993,93.00,858.40,71.75,0.455,4.196,0.351,banana,fresh
29316582,28994,93.00,858.20,71.75,0.455,4.195,0.351,banana,fresh
29317594,28995,93.00,858.45,71.75,0.455,4.196,0.351,banana,fresh
29318604,28996,93.00,858.50,71.75,0.455,4.196,0.351,banana,fresh
29319616,28997,93.00,858.25,71.90,0.455,4.195,0.351,banana,fresh
29320627,28998,92.95,858.30,71.65,0.454,4.195,0.350,banana,fresh
29321637,28999,93.00,858.45,71.70,0.455,4.196,0.350,banana,fresh
29322649,29000,93.00,858.30,71.70,0.455,4.195,0.350,banana,fresh
29323660,29001,93.00,858.20,71.90,0.455,4.195,0.351,banana,fresh
29324672,29002,93.05,858.30,71.90,0.455,4.195,0.351,banana,fresh
29325682,29003,92.95,858.25,71.80,0.454,4.195,0.351,banana,fresh
29326694,29004,93.00,858.30,71.70,0.455,4.195,0.350,banana,fresh
29327705,29005,92.95,858.15,71.75,0.454,4.194,0.351,banana,fresh
29328716,29006,93.05,858.20,72.00,0.455,4.195,0.352,banana,fresh
29329727,29007,92.95,858.45,71.80,0.454,4.196,0.351,banana,fresh
29330738,29008,93.00,858.40,71.60,0.455,4.196,0.350,banana,fresh
29331749,29009,92.95,858.30,71.85,0.454,4.195,0.351,banana,fresh
29332760,29010,92.95,858.40,71.75,0.454,4.196,0.351,banana,fresh
29333772,29011,93.00,858.40,71.90,0.455,4.196,0.351,banana,fresh
29334782,29012,93.05,858.35,71.75,0.455,4.195,0.351,banana,fresh
29335794,29013,93.00,858.50,71.75,0.455,4.196,0.351,banana,fresh
29336805,29014,92.95,858.25,71.85,0.454,4.195,0.351,banana,fresh
29337816,29015,93.00,858.40,71.80,0.455,4.196,0.351,banana,fresh
29338827,29016,93.00,858.65,72.00,0.455,4.197,0.352,banana,fresh
29339838,29017,93.00,858.25,71.85,0.455,4.195,0.351,banana,fresh
29340850,29018,93.00,858.25,71.75,0.455,4.195,0.351,banana,fresh
29341860,29019,92.95,858.30,71.70,0.454,4.195,0.350,banana,fresh
29342872,29020,92.95,858.25,71.80,0.454,4.195,0.351,banana,fresh
29343883,29021,93.00,858.25,71.90,0.455,4.195,0.351,banana,fresh
29344893,29022,93.00,858.30,71.65,0.455,4.195,0.350,banana,fresh
29345905,29023,93.00,858.40,71.85,0.455,4.196,0.351,banana,fresh
29346916,29024,92.95,858.20,71.75,0.454,4.195,0.351,banana,fresh
29347928,29025,92.95,858.20,71.60,0.454,4.195,0.350,banana,fresh
29348938,29026,93.05,858.25,71.60,0.455,4.195,0.350,banana,fresh
29349950,29027,92.90,858.35,71.65,0.454,4.195,0.350,banana,fresh
29350961,29028,92.95,858.40,71.70,0.454,4.196,0.350,banana,fresh
29351972,29029,93.00,858.50,71.65,0.455,4.196,0.350,banana,fresh
29352983,29030,93.00,858.30,71.60,0.455,4.195,0.350,banana,fresh
29353994,29031,93.00,858.40,71.85,0.455,4.196,0.351,banana,fresh
29355005,29032,93.00,858.25,71.55,0.455,4.195,0.350,banana,fresh
29356016,29033,92.95,858.25,71.70,0.454,4.195,0.350,banana,fresh
29357028,29034,93.00,858.15,71.70,0.455,4.194,0.350,banana,fresh
29358039,29035,93.00,858.20,71.75,0.455,4.195,0.351,banana,fresh
29359050,29036,92.95,858.35,71.75,0.454,4.195,0.351,banana,fresh
29360061,29037,92.95,858.45,71.90,0.454,4.196,0.351,banana,fresh
29361072,29038,92.95,858.40,71.80,0.454,4.196,0.351,banana,fresh
29362083,29039,93.00,858.50,71.70,0.455,4.196,0.350,banana,fresh
29363094,29040,93.05,858.25,71.65,0.455,4.195,0.350,banana,fresh
29364106,29041,93.00,858.50,71.95,0.455,4.196,0.352,banana,fresh
29365116,29042,92.90,858.25,71.80,0.454,4.195,0.351,banana,fresh
29366128,29043,92.95,858.50,71.75,0.454,4.196,0.351,banana,fresh
29367139,29044,93.00,858.45,71.70,0.455,4.196,0.350,banana,fresh
29368150,29045,92.95,858.35,71.70,0.454,4.195,0.350,banana,fresh
29369161,29046,93.00,858.30,71.75,0.455,4.195,0.351,banana,fresh
29370172,29047,93.00,858.30,71.65,0.455,4.195,0.350,banana,fresh
29371184,29048,93.00,858.25,71.60,0.455,4.195,0.350,banana,fresh
29372194,29049,93.05,858.30,71.65,0.455,4.195,0.350,banana,fresh
29373206,29050,93.00,858.40,71.80,0.455,4.196,0.351,banana,fresh
29374217,29051,93.00,858.25,71.60,0.455,4.195,0.350,banana,fresh
29375227,29052,93.00,858.20,71.90,0.455,4.195,0.351,banana,fresh
29376239,29053,92.95,858.40,71.60,0.454,4.196,0.350,banana,fresh
29377250,29054,92.95,858.30,71.70,0.454,4.195,0.350,banana,fresh
29378262,29055,92.95,858.40,71.60,0.454,4.196,0.350,banana,fresh
29379272,29056,92.95,858.35,71.65,0.454,4.195,0.350,banana,fresh
29380284,29057,93.00,858.30,71.75,0.455,4.195,0.351,banana,fresh
29381295,29058,93.00,858.15,71.85,0.455,4.194,0.351,banana,fresh
29382305,29059,92.95,858.40,71.65,0.454,4.196,0.350,banana,fresh
29383317,29060,92.95,858.35,71.60,0.454,4.195,0.350,banana,fresh
29384328,29061,93.00,858.45,71.85,0.455,4.196,0.351,banana,fresh
29385339,29062,92.95,858.40,71.45,0.454,4.196,0.349,banana,fresh
29386350,29063,93.00,858.45,71.70,0.455,4.196,0.350,banana,fresh
29387362,29064,93.00,858.25,71.75,0.455,4.195,0.351,banana,fresh
29388372,29065,93.00,858.35,71.60,0.455,4.195,0.350,banana,fresh
29389383,29066,93.00,858.45,71.80,0.455,4.196,0.351,banana,fresh
29390395,29067,93.00,858.60,71.70,0.455,4.196,0.350,banana,fresh
29391406,29068,93.00,858.35,71.75,0.455,4.195,0.351,banana,fresh
29392417,29069,92.90,858.60,71.80,0.454,4.196,0.351,banana,fresh
29393428,29070,92.90,858.20,71.65,0.454,4.195,0.350,banana,fresh
29394440,29071,92.95,858.20,71.85,0.454,4.195,0.351,banana,fresh
29395450,29072,93.00,858.35,71.75,0.455,4.195,0.351,banana,fresh
29396462,29073,92.95,858.45,71.80,0.454,4.196,0.351,banana,fresh
29397473,29074,92.95,858.30,71.70,0.454,4.195,0.350,banana,fresh
29398483,29075,93.00,858.25,71.65,0.455,4.195,0.350,banana,fresh
29399495,29076,92.95,858.45,71.85,0.454,4.196,0.351,banana,fresh
29400506,29077,92.95,858.40,71.85,0.454,4.196,0.351,banana,fresh
29401518,29078,93.00,858.45,71.85,0.455,4.196,0.351,banana,fresh
29402528,29079,93.00,858.50,71.85,0.455,4.196,0.351,banana,fresh
29403540,29080,93.00,858.40,71.85,0.455,4.196,0.351,banana,fresh
29404551,29081,92.90,858.45,71.70,0.454,4.196,0.350,banana,fresh
29405561,29082,93.00,858.35,71.85,0.455,4.195,0.351,banana,fresh
29406573,29083,93.00,858.50,71.75,0.455,4.196,0.351,banana,fresh
29407584,29084,92.95,858.45,71.70,0.454,4.196,0.350,banana,fresh
29408595,29085,93.00,858.30,71.55,0.455,4.195,0.350,banana,fresh
29409606,29086,92.90,858.25,71.35,0.454,4.195,0.349,banana,fresh
29410618,29087,93.00,858.25,71.90,0.455,4.195,0.351,banana,fresh
29411629,29088,92.95,858.40,71.80,0.454,4.196,0.351,banana,fresh
29412639,29089,92.95,858.20,71.90,0.454,4.195,0.351,banana,fresh
29413651,29090,93.05,858.40,71.90,0.455,4.196,0.351,banana,fresh
29414662,29091,93.00,858.40,71.85,0.455,4.196,0.351,banana,fresh
29415673,29092,93.00,858.25,71.70,0.455,4.195,0.350,banana,fresh
29416684,29093,93.00,858.50,71.60,0.455,4.196,0.350,banana,fresh
29417696,29094,93.00,858.40,71.70,0.455,4.196,0.350,banana,fresh
29418706,29095,92.95,858.20,71.65,0.454,4.195,0.350,banana,fresh
29419717,29096,92.95,858.45,71.60,0.454,4.196,0.350,banana,fresh
29420729,29097,92.95,858.55,71.85,0.454,4.196,0.351,banana,fresh
29421740,29098,93.00,858.60,71.75,0.455,4.196,0.351,banana,fresh
29422751,29099,92.95,858.40,71.55,0.454,4.196,0.350,banana,fresh
29423762,29100,93.00,858.50,71.50,0.455,4.196,0.349,banana,fresh
29424774,29101,92.95,858.45,71.65,0.454,4.196,0.350,banana,fresh
29425784,29102,93.05,858.30,71.70,0.455,4.195,0.350,banana,fresh
29426795,29103,92.95,858.30,71.60,0.454,4.195,0.350,banana,fresh
29427807,29104,93.00,858.35,71.75,0.455,4.195,0.351,banana,fresh
29428817,29105,93.00,858.50,71.70,0.455,4.196,0.350,banana,fresh
29429829,29106,93.00,858.35,71.85,0.455,4.195,0.351,banana,fresh
29430840,29107,92.95,858.55,71.80,0.454,4.196,0.351,banana,fresh
29431852,29108,92.95,858.40,71.65,0.454,4.196,0.350,banana,fresh
29432862,29109,93.00,858.40,71.60,0.455,4.196,0.350,banana,fresh
29433874,29110,92.95,858.50,71.80,0.454,4.196,0.351,banana,fresh
29434885,29111,92.95,858.65,71.75,0.454,4.197,0.351,banana,fresh
29435895,29112,92.95,858.30,71.70,0.454,4.195,0.350,banana,fresh
29436907,29113,92.95,858.55,71.75,0.454,4.196,0.351,banana,fresh
29437918,29114,93.00,858.50,71.65,0.455,4.196,0.350,banana,fresh
29438929,29115,93.00,858.40,71.85,0.455,4.196,0.351,banana,fresh
29439940,29116,93.00,858.30,71.65,0.455,4.195,0.350,banana,fresh
29440952,29117,93.05,858.25,71.75,0.455,4.195,0.351,banana,fresh
29441963,29118,92.95,858.30,71.60,0.454,4.195,0.350,banana,fresh
29442973,29119,93.00,858.40,71.65,0.455,4.196,0.350,banana,fresh
29443985,29120,92.95,858.65,71.70,0.454,4.197,0.350,banana,fresh
29444996,29121,93.00,858.35,71.70,0.455,4.195,0.350,banana,fresh
29446007,29122,92.95,858.35,71.50,0.454,4.195,0.349,banana,fresh
29447018,29123,93.05,858.40,71.65,0.455,4.196,0.350,banana,fresh
29448030,29124,93.00,858.30,71.70,0.455,4.195,0.350,banana,fresh
29449040,29125,93.00,858.45,71.65,0.455,4.196,0.350,banana,fresh
29450051,29126,92.95,858.45,71.80,0.454,4.196,0.351,banana,fresh
29451063,29127,92.95,858.55,71.80,0.454,4.196,0.351,banana,fresh
29452073,29128,93.00,858.35,71.75,0.455,4.195,0.351,banana,fresh
29453085,29129,93.00,858.45,71.55,0.455,4.196,0.350,banana,fresh
29454096,29130,93.00,858.50,71.75,0.455,4.196,0.351,banana,fresh
29455108,29131,92.95,858.45,71.85,0.454,4.196,0.351,banana,fresh
29456118,29132,92.95,858.35,71.55,0.454,4.195,0.350,banana,fresh
29457130,29133,92.95,858.45,71.60,0.454,4.196,0.350,banana,fresh
29458141,29134,93.00,858.45,71.60,0.455,4.196,0.350,banana,fresh
29459151,29135,93.00,858.45,71.75,0.455,4.196,0.351,banana,fresh
29460163,29136,93.00,858.60,71.70,0.455,4.196,0.350,banana,fresh
29461174,29137,92.95,858.65,71.75,0.454,4.197,0.351,banana,fresh
29462185,29138,93.00,858.60,71.85,0.455,4.196,0.351,banana,fresh
29463196,29139,93.00,858.45,71.55,0.455,4.196,0.350,banana,fresh
29464208,29140,93.00,858.45,71.70,0.455,4.196,0.350,banana,fresh
29465219,29141,93.00,858.40,71.70,0.455,4.196,0.350,banana,fresh
29466229,29142,92.95,858.55,71.65,0.454,4.196,0.350,banana,fresh
29467241,29143,93.05,858.55,71.50,0.455,4.196,0.349,banana,fresh
29468252,29144,92.95,858.60,71.60,0.454,4.196,0.350,banana,fresh
29469263,29145,93.00,858.35,71.70,0.455,4.195,0.350,banana,fresh
29470274,29146,93.00,858.35,71.70,0.455,4.195,0.350,banana,fresh
29471286,29147,93.00,858.35,71.75,0.455,4.195,0.351,banana,fresh
29472296,29148,92.95,858.60,71.65,0.454,4.196,0.350,banana,fresh
29473307,29149,92.95,858.45,71.70,0.454,4.196,0.350,banana,fresh
29474319,29150,93.00,858.35,71.65,0.455,4.195,0.350,banana,fresh
29475330,29151,93.00,858.40,71.75,0.455,4.196,0.351,banana,fresh
29476341,29152,92.95,858.50,71.90,0.454,4.196,0.351,banana,fresh
29477352,29153,93.00,858.45,71.50,0.455,4.196,0.349,banana,fresh
29478364,29154,92.95,858.50,71.45,0.454,4.196,0.349,banana,fresh
29479374,29155,92.95,858.50,71.75,0.454,4.196,0.351,banana,fresh
29480385,29156,92.95,858.45,71.55,0.454,4.196,0.350,banana,fresh
29481397,29157,92.85,858.40,71.50,0.454,4.196,0.349,banana,fresh
29482407,29158,93.00,858.30,71.60,0.455,4.195,0.350,banana,fresh
29483419,29159,93.00,858.45,71.70,0.455,4.196,0.350,banana,fresh
29484430,29160,93.00,858.65,71.70,0.455,4.197,0.350,banana,fresh
29485442,29161,93.00,858.60,71.65,0.455,4.196,0.350,banana,fresh
29486452,29162,92.95,858.55,71.65,0.454,4.196,0.350,banana,fresh
29487464,29163,93.00,858.40,71.45,0.455,4.196,0.349,banana,fresh
29488475,29164,93.00,858.40,71.55,0.455,4.196,0.350,banana,fresh
29489485,29165,92.95,858.35,71.70,0.454,4.195,0.350,banana,fresh
29490497,29166,92.95,858.45,71.70,0.454,4.196,0.350,banana,fresh
29491508,29167,93.00,858.50,71.70,0.455,4.196,0.350,banana,fresh
29492519,29168,92.95,858.40,71.50,0.454,4.196,0.349,banana,fresh
29493530,29169,93.10,858.45,71.75,0.455,4.196,0.351,banana,fresh
29494542,29170,92.90,858.40,71.75,0.454,4.196,0.351,banana,fresh
29495553,29171,93.00,858.40,71.55,0.455,4.196,0.350,banana,fresh
29496563,29172,93.00,858.45,71.60,0.455,4.196,0.350,banana,fresh
29497575,29173,92.95,858.30,71.80,0.454,4.195,0.351,banana,fresh
29498586,29174,93.00,858.55,71.65,0.455,4.196,0.350,banana,fresh
29499597,29175,93.05,858.50,71.60,0.455,4.196,0.350,banana,fresh
29500608,29176,93.00,858.55,71.65,0.455,4.196,0.350,banana,fresh
29501620,29177,93.00,858.40,71.60,0.455,4.196,0.350,banana,fresh
29502630,29178,93.00,858.50,71.60,0.455,4.196,0.350,banana,fresh
29503641,29179,92.95,858.50,71.70,0.454,4.196,0.350,banana,fresh
29504653,29180,93.00,858.70,71.40,0.455,4.197,0.349,banana,fresh
29505664,29181,92.95,858.45,71.45,0.454,4.196,0.349,banana,fresh
29506675,29182,92.95,858.45,71.65,0.454,4.196,0.350,banana,fresh
29507686,29183,93.00,858.55,71.75,0.455,4.196,0.351,banana,fresh
29508698,29184,92.95,858.70,71.70,0.454,4.197,0.350,banana,fresh
29509708,29185,93.00,858.45,71.70,0.455,4.196,0.350,banana,fresh
29510719,29186,93.00,858.50,71.60,0.455,4.196,0.350,banana,fresh
29511731,29187,93.00,858.40,71.65,0.455,4.196,0.350,banana,fresh
29512741,29188,93.00,858.70,71.70,0.455,4.197,0.350,banana,fresh
29513753,29189,93.05,858.50,71.45,0.455,4.196,0.349,banana,fresh
29514764,29190,92.95,858.40,71.50,0.454,4.196,0.349,banana,fresh
29515776,29191,92.90,858.75,71.55,0.454,4.197,0.350,banana,fresh
29516786,29192,93.00,858.35,71.65,0.455,4.195,0.350,banana,fresh
29517797,29193,92.95,858.55,71.50,0.454,4.196,0.349,banana,fresh
29518809,29194,92.90,858.50,71.50,0.454,4.196,0.349,banana,fresh
29519819,29195,93.00,858.35,71.60,0.455,4.195,0.350,banana,fresh
29520831,29196,92.95,858.45,71.55,0.454,4.196,0.350,banana,fresh
29521842,29197,92.95,858.35,71.80,0.454,4.195,0.351,banana,fresh
29522853,29198,93.05,858.50,71.45,0.455,4.196,0.349,banana,fresh
29523864,29199,93.00,858.55,71.55,0.455,4.196,0.350,banana,fresh
29524875,29200,93.00,858.65,71.55,0.455,4.197,0.350,banana,fresh
29525886,29201,93.05,858.60,71.50,0.455,4.196,0.349,banana,fresh
29526897,29202,92.95,858.55,71.70,0.454,4.196,0.350,banana,fresh
29527909,29203,92.95,858.65,71.50,0.454,4.197,0.349,banana,fresh
29528920,29204,93.00,858.55,71.50,0.455,4.196,0.349,banana,fresh
29529931,29205,92.95,858.65,71.60,0.454,4.197,0.350,banana,fresh
29530942,29206,93.00,858.65,71.70,0.455,4.197,0.350,banana,fresh
29531953,29207,93.00,858.50,71.65,0.455,4.196,0.350,banana,fresh
29532964,29208,93.00,858.60,71.55,0.455,4.196,0.350,banana,fresh
29533975,29209,92.95,858.80,71.55,0.454,4.197,0.350,banana,fresh
29534987,29210,93.00,858.50,71.60,0.455,4.196,0.350,banana,fresh
29535997,29211,93.00,858.60,71.50,0.455,4.196,0.349,banana,fresh
29537009,29212,92.95,858.30,71.50,0.454,4.195,0.349,banana,fresh
29538020,29213,93.00,858.60,71.50,0.455,4.196,0.349,banana,fresh
29539031,29214,93.00,858.55,71.60,0.455,4.196,0.350,banana,fresh
29540042,29215,92.95,858.50,71.45,0.454,4.196,0.349,banana,fresh
29541053,29216,93.00,858.55,71.55,0.455,4.196,0.350,banana,fresh
29542065,29217,92.95,858.60,71.50,0.454,4.196,0.349,banana,fresh
29543075,29218,93.00,858.60,71.60,0.455,4.196,0.350,banana,fresh
29544087,29219,93.00,858.60,71.55,0.455,4.196,0.350,banana,fresh
29545098,29220,93.00,858.55,71.55,0.455,4.196,0.350,banana,fresh
29546109,29221,92.95,858.55,71.40,0.454,4.196,0.349,banana,fresh
29547120,29222,93.00,858.40,71.50,0.455,4.196,0.349,banana,fresh
29548131,29223,92.95,858.45,71.60,0.454,4.196,0.350,banana,fresh
29549143,29224,93.00,858.40,71.40,0.455,4.196,0.349,banana,fresh
29550153,29225,92.95,858.70,71.60,0.454,4.197,0.350,banana,fresh
29551165,29226,93.00,858.45,71.50,0.455,4.196,0.349,banana,fresh
29552176,29227,92.90,858.70,71.65,0.454,4.197,0.350,banana,fresh
29553187,29228,93.00,858.60,71.55,0.455,4.196,0.350,banana,fresh
29554198,29229,92.90,858.65,71.55,0.454,4.197,0.350,banana,fresh
29555209,29230,92.95,858.65,71.75,0.454,4.197,0.351,banana,fresh
29556220,29231,93.00,858.65,71.45,0.455,4.197,0.349,banana,fresh
29557231,29232,93.00,858.50,71.55,0.455,4.196,0.350,banana,fresh
29558243,29233,92.95,858.60,71.60,0.454,4.196,0.350,banana,fresh
29559254,29234,93.00,858.50,71.45,0.455,4.196,0.349,banana,fresh
29560265,29235,93.00,858.75,71.80,0.455,4.197,0.351,banana,fresh
29561276,29236,93.00,858.60,71.55,0.455,4.196,0.350,banana,fresh
29562287,29237,93.00,858.70,71.50,0.455,4.197,0.349,banana,fresh
29563298,29238,93.00,858.40,71.45,0.455,4.196,0.349,banana,fresh
29564309,29239,93.00,858.65,71.40,0.455,4.197,0.349,banana,fresh
29565321,29240,92.95,858.40,71.65,0.454,4.196,0.350,banana,fresh
29566331,29241,93.00,858.60,71.50,0.455,4.196,0.349,banana,fresh
29567343,29242,92.95,858.55,71.55,0.454,4.196,0.350,banana,fresh
29568354,29243,92.85,858.70,71.65,0.454,4.197,0.350,banana,fresh
29569364,29244,93.00,858.55,71.55,0.455,4.196,0.350,banana,fresh
29570376,29245,92.95,858.75,71.50,0.454,4.197,0.349,banana,fresh
29571387,29246,93.00,858.55,71.50,0.455,4.196,0.349,banana,fresh
29572399,29247,93.00,858.65,71.45,0.455,4.197,0.349,banana,fresh
29573409,29248,93.00,858.50,71.45,0.455,4.196,0.349,banana,fresh
29574421,29249,93.00,858.55,71.65,0.455,4.196,0.350,banana,fresh
29575432,29250,93.00,858.60,71.45,0.455,4.196,0.349,banana,fresh
29576442,29251,93.00,858.55,71.40,0.455,4.196,0.349,banana,fresh
29577454,29252,93.00,858.75,71.60,0.455,4.197,0.350,banana,fresh
29578465,29253,93.00,858.50,71.55,0.455,4.196,0.350,banana,fresh
29579476,29254,92.95,858.50,71.35,0.454,4.196,0.349,banana,fresh
29580487,29255,93.00,858.45,71.45,0.455,4.196,0.349,banana,fresh
29581499,29256,93.00,858.45,71.60,0.455,4.196,0.350,banana,fresh
29582510,29257,92.95,858.70,71.55,0.454,4.197,0.350,banana,fresh
29583520,29258,92.95,858.60,71.65,0.454,4.196,0.350,banana,fresh
29584532,29259,93.00,858.75,71.70,0.455,4.197,0.350,banana,fresh
29585543,29260,92.95,858.65,71.40,0.454,4.197,0.349,banana,fresh
29586554,29261,93.00,858.70,71.60,0.455,4.197,0.350,banana,fresh
29587565,29262,93.00,858.55,71.70,0.455,4.196,0.350,banana,fresh
29588577,29263,93.00,858.50,71.60,0.455,4.196,0.350,banana,fresh
29589587,29264,93.00,858.65,71.55,0.455,4.197,0.350,banana,fresh
29590599,29265,92.95,858.65,71.70,0.454,4.197,0.350,banana,fresh
29591610,29266,93.00,858.60,71.45,0.455,4.196,0.349,banana,fresh
29592621,29267,93.00,858.70,71.40,0.455,4.197,0.349,banana,fresh
29593632,29268,93.00,858.65,71.45,0.455,4.197,0.349,banana,fresh
29594643,29269,92.95,858.70,71.70,0.454,4.197,0.350,banana,fresh
29595655,29270,92.95,858.70,71.40,0.454,4.197,0.349,banana,fresh
29596665,29271,93.00,858.60,71.60,0.455,4.196,0.350,banana,fresh
29597677,29272,93.00,858.55,71.45,0.455,4.196,0.349,banana,fresh
29598688,29273,93.05,858.80,71.40,0.455,4.197,0.349,banana,fresh
29599698,29274,92.90,858.60,71.60,0.454,4.196,0.350,banana,fresh
29600710,29275,93.00,858.65,71.45,0.455,4.197,0.349,banana,fresh
29601721,29276,93.05,858.75,71.60,0.455,4.197,0.350,banana,fresh
29602733,29277,93.05,858.65,71.45,0.455,4.197,0.349,banana,fresh
29603743,29278,93.00,858.75,71.60,0.455,4.197,0.350,banana,fresh
29604755,29279,93.00,858.60,71.65,0.455,4.196,0.350,banana,fresh
29605766,29280,92.90,858.70,71.60,0.454,4.197,0.350,banana,fresh
29606776,29281,92.95,858.55,71.70,0.454,4.196,0.350,banana,fresh
29607788,29282,92.95,858.45,71.55,0.454,4.196,0.350,banana,fresh
29608799,29283,93.00,858.50,71.45,0.455,4.196,0.349,banana,fresh
29609810,29284,92.90,858.65,71.40,0.454,4.197,0.349,banana,fresh
29610821,29285,93.00,858.80,71.60,0.455,4.197,0.350,banana,fresh
29611833,29286,93.00,858.50,71.55,0.455,4.196,0.350,banana,fresh
29612844,29287,93.00,858.40,71.35,0.455,4.196,0.349,banana,fresh
29613854,29288,92.95,858.75,71.45,0.454,4.197,0.349,banana,fresh
29614866,29289,92.90,858.65,71.45,0.454,4.197,0.349,banana,fresh
29615877,29290,92.95,858.60,71.65,0.454,4.196,0.350,banana,fresh
29616888,29291,92.95,858.70,71.60,0.454,4.197,0.350,banana,fresh
29617899,29292,93.00,858.55,71.60,0.455,4.196,0.350,banana,fresh
29618911,29293,92.90,858.70,71.50,0.454,4.197,0.349,banana,fresh
29619921,29294,92.95,858.60,71.55,0.454,4.196,0.350,banana,fresh
29620932,29295,92.90,858.65,71.60,0.454,4.197,0.350,banana,fresh
29621944,29296,93.00,858.65,71.75,0.455,4.197,0.351,banana,fresh
29622955,29297,92.95,858.75,71.45,0.454,4.197,0.349,banana,fresh
29623966,29298,93.00,858.70,71.35,0.455,4.197,0.349,banana,fresh
29624977,29299,92.95,858.60,71.60,0.454,4.196,0.350,banana,fresh
29625989,29300,92.95,858.60,71.40,0.454,4.196,0.349,banana,fresh
29626999,29301,92.90,858.70,71.40,0.454,4.197,0.349,banana,fresh
29628011,29302,92.95,858.60,71.55,0.454,4.196,0.350,banana,fresh
29629022,29303,92.95,858.75,71.55,0.454,4.197,0.350,banana,fresh
29630032,29304,92.95,858.70,71.75,0.454,4.197,0.351,banana,fresh
29631044,29305,93.00,858.75,71.55,0.455,4.197,0.350,banana,fresh
29632055,29306,92.95,858.65,71.40,0.454,4.197,0.349,banana,fresh
29633067,29307,92.90,858.85,71.45,0.454,4.198,0.349,banana,fresh
29634077,29308,92.95,858.60,71.40,0.454,4.196,0.349,banana,fresh
29635089,29309,93.05,858.70,71.45,0.455,4.197,0.349,banana,fresh
29636100,29310,93.05,858.80,71.65,0.455,4.197,0.350,banana,fresh
29637110,29311,92.90,858.70,71.55,0.454,4.197,0.350,banana,fresh
29638122,29312,93.05,858.45,71.60,0.455,4.196,0.350,banana,fresh
29639133,29313,93.00,858.65,71.50,0.455,4.197,0.349,banana,fresh
29640144,29314,93.00,858.70,71.50,0.455,4.197,0.349,banana,fresh
29641155,29315,92.95,858.60,71.45,0.454,4.196,0.349,banana,fresh
29642167,29316,92.95,858.85,71.65,0.454,4.198,0.350,banana,fresh
29643177,29317,92.95,858.75,71.70,0.454,4.197,0.350,banana,fresh
29644188,29318,92.90,858.65,71.60,0.454,4.197,0.350,banana,fresh
29645200,29319,93.00,858.65,71.45,0.455,4.197,0.349,banana,fresh
29646211,29320,92.95,858.75,71.60,0.454,4.197,0.350,banana,fresh
29647222,29321,92.90,858.65,71.55,0.454,4.197,0.350,banana,fresh
29648233,29322,92.95,858.70,71.50,0.454,4.197,0.349,banana,fresh
29649245,29323,92.90,858.70,71.65,0.454,4.197,0.350,banana,fresh
29650255,29324,93.00,858.75,71.55,0.455,4.197,0.350,banana,fresh
29651266,29325,93.00,858.75,71.65,0.455,4.197,0.350,banana,fresh
29652278,29326,93.00,858.60,71.70,0.455,4.196,0.350,banana,fresh
29653288,29327,92.95,858.65,71.55,0.454,4.197,0.350,banana,fresh
29654300,29328,92.90,858.55,71.65,0.454,4.196,0.350,banana,fresh
29655311,29329,92.90,858.70,71.70,0.454,4.197,0.350,banana,fresh
29656323,29330,92.95,858.70,71.50,0.454,4.197,0.349,banana,fresh
29657333,29331,93.00,858.60,71.55,0.455,4.196,0.350,banana,fresh
29658344,29332,93.00,858.80,71.40,0.455,4.197,0.349,banana,fresh
29659356,29333,92.95,858.75,71.55,0.454,4.197,0.350,banana,fresh
29660366,29334,92.90,858.70,71.70,0.454,4.197,0.350,banana,fresh
29661378,29335,92.95,858.60,71.50,0.454,4.196,0.349,banana,fresh
29662389,29336,92.95,858.70,71.65,0.454,4.197,0.350,banana,fresh
29663400,29337,93.00,858.70,71.60,0.455,4.197,0.350,banana,fresh
29664411,29338,92.95,858.55,71.40,0.454,4.196,0.349,banana,fresh
29665423,29339,92.95,858.75,71.55,0.454,4.197,0.350,banana,fresh
29666434,29340,93.05,858.75,71.55,0.455,4.197,0.350,banana,fresh
29667444,29341,93.00,858.50,71.55,0.455,4.196,0.350,banana,fresh
29668456,29342,93.00,858.60,71.45,0.455,4.196,0.349,banana,fresh
29669467,29343,93.00,858.85,71.50,0.455,4.198,0.349,banana,fresh
29670478,29344,92.95,858.80,71.65,0.454,4.197,0.350,banana,fresh
29671489,29345,92.95,858.75,71.35,0.454,4.197,0.349,banana,fresh
29672501,29346,93.00,858.70,71.50,0.455,4.197,0.349,banana,fresh
29673511,29347,93.00,858.65,71.65,0.455,4.197,0.350,banana,fresh
29674522,29348,93.00,858.65,71.60,0.455,4.197,0.350,banana,fresh
29675534,29349,93.00,858.75,71.50,0.455,4.197,0.349,banana,fresh
29676545,29350,92.90,858.60,71.60,0.454,4.196,0.350,banana,fresh
29677556,29351,92.95,858.70,71.40,0.454,4.197,0.349,banana,fresh
29678567,29352,93.05,858.70,71.40,0.455,4.197,0.349,banana,fresh
29679579,29353,92.95,858.65,71.40,0.454,4.197,0.349,banana,fresh
29680589,29354,93.00,858.75,71.65,0.455,4.197,0.350,banana,fresh
29681600,29355,92.90,858.55,71.55,0.454,4.196,0.350,banana,fresh
29682612,29356,93.00,858.75,71.70,0.455,4.197,0.350,banana,fresh
29683622,29357,93.00,858.85,71.55,0.455,4.198,0.350,banana,fresh
29684634,29358,93.00,858.90,71.45,0.455,4.198,0.349,banana,fresh
29685645,29359,92.95,858.75,71.40,0.454,4.197,0.349,banana,fresh
29686657,29360,93.00,858.55,71.55,0.455,4.196,0.350,banana,fresh
29687667,29361,92.90,858.65,71.45,0.454,4.197,0.349,banana,fresh
29688679,29362,92.95,858.55,71.60,0.454,4.196,0.350,banana,fresh
29689690,29363,92.90,858.70,71.50,0.454,4.197,0.349,banana,fresh
29690700,29364,92.90,858.70,71.50,0.454,4.197,0.349,banana,fresh
29691712,29365,92.90,858.70,71.45,0.454,4.197,0.349,banana,fresh
29692723,29366,92.90,858.80,71.70,0.454,4.197,0.350,banana,fresh
29693734,29367,93.00,858.70,71.40,0.455,4.197,0.349,banana,fresh
29694745,29368,92.85,858.60,71.50,0.454,4.196,0.349,banana,fresh
29695757,29369,92.90,858.65,71.50,0.454,4.197,0.349,banana,fresh
29696768,29370,92.95,858.85,71.65,0.454,4.198,0.350,banana,fresh
29697778,29371,92.95,858.80,71.75,0.454,4.197,0.351,banana,fresh
29698790,29372,93.00,858.70,71.75,0.455,4.197,0.351,banana,fresh
29699801,29373,93.00,858.75,71.60,0.455,4.197,0.350,banana,fresh
29700812,29374,92.90,858.75,71.65,0.454,4.197,0.350,banana,fresh
29701823,29375,92.95,858.90,71.60,0.454,4.198,0.350,banana,fresh
29702835,29376,92.95,858.75,71.65,0.454,4.197,0.350,banana,fresh
29703845,29377,93.00,858.65,71.60,0.455,4.197,0.350,banana,fresh
29704856,29378,93.00,858.85,71.40,0.455,4.198,0.349,banana,fresh
29705868,29379,93.00,858.60,71.50,0.455,4.196,0.349,banana,fresh
29706878,29380,93.00,858.80,71.40,0.455,4.197,0.349,banana,fresh
29707890,29381,92.95,858.80,71.55,0.454,4.197,0.350,banana,fresh
29708901,29382,93.00,858.80,71.65,0.455,4.197,0.350,banana,fresh
29709913,29383,93.00,858.70,71.60,0.455,4.197,0.350,banana,fresh
29710923,29384,92.90,858.90,71.60,0.454,4.198,0.350,banana,fresh
29711934,29385,92.95,858.90,71.65,0.454,4.198,0.350,banana,fresh
29712946,29386,93.00,858.65,71.70,0.455,4.197,0.350,banana,fresh
29713956,29387,93.00,858.80,71.60,0.455,4.197,0.350,banana,fresh
29714968,29388,92.90,858.75,71.45,0.454,4.197,0.349,banana,fresh
29715979,29389,92.95,858.60,71.45,0.454,4.196,0.349,banana,fresh
29716990,29390,92.95,858.85,71.50,0.454,4.198,0.349,banana,fresh
29718001,29391,92.95,858.75,71.55,0.454,4.197,0.350,banana,fresh
29719012,29392,92.90,858.70,71.65,0.454,4.197,0.350,banana,fresh
29720024,29393,92.95,858.70,71.55,0.454,4.197,0.350,banana,fresh
29721034,29394,92.85,858.80,71.45,0.454,4.197,0.349,banana,fresh
29722046,29395,92.95,858.65,71.45,0.454,4.197,0.349,banana,fresh
29723057,29396,92.95,858.70,71.40,0.454,4.197,0.349,banana,fresh
29724068,29397,92.95,858.75,71.75,0.454,4.197,0.351,banana,fresh
29725079,29398,93.00,858.60,71.50,0.455,4.196,0.349,banana,fresh
29726090,29399,93.00,858.70,71.55,0.455,4.197,0.350,banana,fresh
29727101,29400,92.95,858.60,71.55,0.454,4.196,0.350,banana,fresh
29728112,29401,92.95,858.70,71.55,0.454,4.197,0.350,banana,fresh
29729124,29402,92.95,858.90,71.35,0.454,4.198,0.349,banana,fresh
29730135,29403,92.85,858.85,71.55,0.454,4.198,0.350,banana,fresh
29731146,29404,93.00,858.85,71.50,0.455,4.198,0.349,banana,fresh
29732157,29405,92.95,858.85,71.35,0.454,4.198,0.349,banana,fresh
29733169,29406,93.00,858.70,71.75,0.455,4.197,0.351,banana,fresh
29734179,29407,92.85,858.85,71.50,0.454,4.198,0.349,banana,fresh
29735190,29408,92.85,858.95,71.50,0.454,4.198,0.349,banana,fresh
29736202,29409,93.00,858.75,71.65,0.455,4.197,0.350,banana,fresh
29737212,29410,92.95,858.70,71.65,0.454,4.197,0.350,banana,fresh
29738224,29411,92.95,858.80,71.45,0.454,4.197,0.349,banana,fresh
29739235,29412,92.90,858.80,71.55,0.454,4.197,0.350,banana,fresh
29740247,29413,92.90,858.75,71.45,0.454,4.197,0.349,banana,fresh
29741257,29414,92.90,858.80,71.50,0.454,4.197,0.349,banana,fresh
29742268,29415,93.00,858.70,71.65,0.455,4.197,0.350,banana,fresh
29743280,29416,93.00,858.65,71.65,0.455,4.197,0.350,banana,fresh
29744290,29417,92.95,858.70,71.65,0.454,4.197,0.350,banana,fresh
29745302,29418,93.00,858.80,71.45,0.455,4.197,0.349,banana,fresh
29746313,29419,92.90,858.70,71.60,0.454,4.197,0.350,banana,fresh
29747324,29420,92.95,858.90,71.60,0.454,4.198,0.350,banana,fresh
29748335,29421,92.95,858.75,71.45,0.454,4.197,0.349,banana,fresh
29749346,29422,93.00,858.75,71.70,0.455,4.197,0.350,banana,fresh
29750358,29423,92.85,858.80,71.55,0.454,4.197,0.350,banana,fresh
29751368,29424,92.85,858.70,71.50,0.454,4.197,0.349,banana,fresh
29752380,29425,92.90,858.75,71.50,0.454,4.197,0.349,banana,fresh
29753391,29426,93.00,858.65,71.60,0.455,4.197,0.350,banana,fresh
29754402,29427,92.95,858.95,71.70,0.454,4.198,0.350,banana,fresh
29755413,29428,92.80,858.85,71.55,0.454,4.198,0.350,banana,fresh
29756424,29429,93.00,858.90,71.55,0.455,4.198,0.350,banana,fresh
29757435,29430,92.95,858.80,71.55,0.454,4.197,0.350,banana,fresh
29758446,29431,92.85,858.95,71.65,0.454,4.198,0.350,banana,fresh
29759458,29432,93.00,858.95,71.60,0.455,4.198,0.350,banana,fresh
29760468,29433,93.00,858.90,71.60,0.455,4.198,0.350,banana,fresh
29761480,29434,92.90,858.85,71.55,0.454,4.198,0.350,banana,fresh
29762491,29435,92.90,858.85,71.70,0.454,4.198,0.350,banana,fresh
29763503,29436,93.00,858.85,71.55,0.455,4.198,0.350,banana,fresh
29764513,29437,93.00,858.90,71.25,0.455,4.198,0.348,banana,fresh
29765524,29438,92.95,858.70,71.65,0.454,4.197,0.350,banana,fresh
29766536,29439,93.00,858.80,71.75,0.455,4.197,0.351,banana,fresh
29767546,29440,93.00,858.55,71.65,0.455,4.196,0.350,banana,fresh
29768558,29441,92.95,858.80,71.80,0.454,4.197,0.351,banana,fresh
29769569,29442,92.90,858.80,71.60,0.454,4.197,0.350,banana,fresh
29770580,29443,92.95,858.65,71.60,0.454,4.197,0.350,banana,fresh
29771591,29444,93.00,858.85,71.55,0.455,4.198,0.350,banana,fresh
29772602,29445,92.75,858.80,71.65,0.453,4.197,0.350,banana,fresh
29773614,29446,92.95,858.90,71.55,0.454,4.198,0.350,banana,fresh
29774624,29447,92.95,858.80,71.60,0.454,4.197,0.350,banana,fresh
29775636,29448,92.95,858.75,71.60,0.454,4.197,0.350,banana,fresh
29776647,29449,92.95,858.90,71.55,0.454,4.198,0.350,banana,fresh
29777658,29450,93.00,858.90,71.70,0.455,4.198,0.350,banana,fresh
29778669,29451,92.90,858.60,71.70,0.454,4.196,0.350,banana,fresh
29779680,29452,92.95,858.95,71.65,0.454,4.198,0.350,banana,fresh
29780691,29453,93.05,858.85,71.40,0.455,4.198,0.349,banana,fresh
29781702,29454,92.95,858.70,71.65,0.454,4.197,0.350,banana,fresh
29782714,29455,92.95,858.75,71.45,0.454,4.197,0.349,banana,fresh
29783725,29456,93.00,858.80,71.65,0.455,4.197,0.350,banana,fresh
29784736,29457,93.05,858.80,71.70,0.455,4.197,0.350,banana,fresh
29785747,29458,92.75,858.65,71.70,0.453,4.197,0.350,banana,fresh
29786758,29459,92.95,858.85,71.60,0.454,4.198,0.350,banana,fresh
29787769,29460,92.75,858.85,71.45,0.453,4.198,0.349,banana,fresh
29788780,29461,92.95,858.85,71.45,0.454,4.198,0.349,banana,fresh
29789792,29462,92.90,858.80,71.50,0.454,4.197,0.349,banana,fresh
29790802,29463,92.85,858.70,71.40,0.454,4.197,0.349,banana,fresh
29791814,29464,93.00,858.85,71.60,0.455,4.198,0.350,banana,fresh
29792825,29465,93.00,858.90,71.55,0.455,4.198,0.350,banana,fresh
29793836,29466,92.95,858.80,71.60,0.454,4.197,0.350,banana,fresh
29794847,29467,92.90,858.80,71.65,0.454,4.197,0.350,banana,fresh
29795858,29468,92.85,858.85,71.55,0.454,4.198,0.350,banana,fresh
29796870,29469,92.95,858.95,71.50,0.454,4.198,0.349,banana,fresh
29797880,29470,92.95,858.75,71.50,0.454,4.197,0.349,banana,fresh
29798892,29471,92.95,858.85,71.55,0.454,4.198,0.350,banana,fresh
29799903,29472,93.00,858.85,71.65,0.455,4.198,0.350,banana,fresh
29800913,29473,92.75,858.75,71.70,0.453,4.197,0.350,banana,fresh
29801925,29474,92.90,858.65,71.45,0.454,4.197,0.349,banana,fresh
29802936,29475,92.90,858.95,71.40,0.454,4.198,0.349,banana,fresh
29803948,29476,92.90,858.75,71.50,0.454,4.197,0.349,banana,fresh
29804958,29477,93.00,858.90,71.60,0.455,4.198,0.350,banana,fresh
29805970,29478,92.90,858.95,71.40,0.454,4.198,0.349,banana,fresh
29806981,29479,92.85,858.85,71.50,0.454,4.198,0.349,banana,fresh
29807992,29480,92.85,858.90,71.60,0.454,4.198,0.350,banana,fresh
29809003,29481,92.85,858.80,71.65,0.454,4.197,0.350,banana,fresh
29810014,29482,93.00,858.80,71.75,0.455,4.197,0.351,banana,fresh
29811025,29483,92.95,858.60,71.60,0.454,4.196,0.350,banana,fresh
29812036,29484,92.90,858.80,71.75,0.454,4.197,0.351,banana,fresh
29813048,29485,93.00,858.80,71.45,0.455,4.197,0.349,banana,fresh
29814059,29486,92.90,858.85,71.50,0.454,4.198,0.349,banana,fresh
29815070,29487,92.90,858.80,71.55,0.454,4.197,0.350,banana,fresh
29816081,29488,93.00,858.80,71.45,0.455,4.197,0.349,banana,fresh
29817092,29489,92.90,858.65,71.65,0.454,4.197,0.350,banana,fresh
29818103,29490,92.90,858.85,71.65,0.454,4.198,0.350,banana,fresh
29819114,29491,93.00,858.90,71.25,0.455,4.198,0.348,banana,fresh
29820126,29492,92.90,858.70,71.65,0.454,4.197,0.350,banana,fresh
29821136,29493,92.95,858.75,71.50,0.454,4.197,0.349,banana,fresh
29822147,29494,92.95,858.80,71.45,0.454,4.197,0.349,banana,fresh
29823159,29495,92.85,858.90,71.75,0.454,4.198,0.351,banana,fresh
29824169,29496,93.00,858.90,71.50,0.455,4.198,0.349,banana,fresh
29825181,29497,92.90,858.75,71.55,0.454,4.197,0.350,banana,fresh
29826192,29498,92.90,858.70,71.65,0.454,4.197,0.350,banana,fresh
29827204,29499,92.90,858.90,71.70,0.454,4.198,0.350,banana,fresh
29828214,29500,92.85,858.80,71.55,0.454,4.197,0.350,banana,fresh
29829226,29501,93.00,858.75,71.55,0.455,4.197,0.350,banana,fresh
29830237,29502,92.85,858.90,71.50,0.454,4.198,0.349,banana,fresh
29831247,29503,92.80,858.60,71.50,0.454,4.196,0.349,banana,fresh
29832259,29504,92.90,858.90,71.50,0.454,4.198,0.349,banana,fresh
29833270,29505,92.95,858.85,71.35,0.454,4.198,0.349,banana,fresh
29834281,29506,92.85,858.80,71.60,0.454,4.197,0.350,banana,fresh
29835292,29507,92.95,858.90,71.50,0.454,4.198,0.349,banana,fresh
29836304,29508,92.85,858.80,71.50,0.454,4.197,0.349,banana,fresh
29837315,29509,92.90,858.80,71.65,0.454,4.197,0.350,banana,fresh
29838325,29510,92.90,858.80,71.60,0.454,4.197,0.350,banana,fresh
29839337,29511,92.90,858.80,71.50,0.454,4.197,0.349,banana,fresh
29840348,29512,93.00,858.85,71.55,0.455,4.198,0.350,banana,fresh
29841359,29513,92.85,858.85,71.45,0.454,4.198,0.349,banana,fresh
29842370,29514,93.00,858.90,71.60,0.455,4.198,0.350,banana,fresh
29843382,29515,92.80,858.75,71.65,0.454,4.197,0.350,banana,fresh
29844392,29516,92.95,858.85,71.50,0.454,4.198,0.349,banana,fresh
29845404,29517,92.90,858.75,71.65,0.454,4.197,0.350,banana,fresh
29846415,29518,92.90,858.80,71.70,0.454,4.197,0.350,banana,fresh
29847426,29519,92.95,858.75,71.45,0.454,4.197,0.349,banana,fresh
29848437,29520,93.00,859.00,71.50,0.455,4.198,0.349,banana,fresh
29849448,29521,93.00,858.65,71.60,0.455,4.197,0.350,banana,fresh
29850460,29522,92.85,858.95,71.70,0.454,4.198,0.350,banana,fresh
29851470,29523,92.95,858.90,71.40,0.454,4.198,0.349,banana,fresh
29852481,29524,92.90,858.95,71.50,0.454,4.198,0.349,banana,fresh
29853493,29525,92.95,858.70,71.65,0.454,4.197,0.350,banana,fresh
29854503,29526,92.95,858.60,71.60,0.454,4.196,0.350,banana,fresh
29855515,29527,92.90,858.80,71.55,0.454,4.197,0.350,banana,fresh
29856526,29528,92.85,858.80,71.30,0.454,4.197,0.348,banana,fresh
29857538,29529,92.90,858.90,71.45,0.454,4.198,0.349,banana,fresh
29858548,29530,92.95,858.85,71.55,0.454,4.198,0.350,banana,fresh
29859560,29531,92.90,858.85,71.55,0.454,4.198,0.350,banana,fresh
29860571,29532,92.75,858.80,71.50,0.453,4.197,0.349,banana,fresh
29861581,29533,93.00,858.70,71.50,0.455,4.197,0.349,banana,fresh
29862593,29534,92.95,858.95,71.45,0.454,4.198,0.349,banana,fresh
29863604,29535,92.85,858.95,71.65,0.454,4.198,0.350,banana,fresh
29864615,29536,92.95,858.85,71.60,0.454,4.198,0.350,banana,fresh
29865626,29537,92.85,858.85,71.55,0.454,4.198,0.350,banana,fresh
29866638,29538,92.80,858.95,71.70,0.454,4.198,0.350,banana,fresh
29867649,29539,92.85,858.70,71.50,0.454,4.197,0.349,banana,fresh
29868659,29540,92.95,858.85,71.70,0.454,4.198,0.350,banana,fresh
29869671,29541,93.00,858.85,71.60,0.455,4.198,0.350,banana,fresh
29870682,29542,93.00,858.95,71.50,0.455,4.198,0.349,banana,fresh
29871693,29543,92.90,859.00,71.70,0.454,4.198,0.350,banana,fresh
29872704,29544,92.95,858.95,71.50,0.454,4.198,0.349,banana,fresh
29873716,29545,92.95,858.70,71.60,0.454,4.197,0.350,banana,fresh
29874726,29546,93.00,858.80,71.65,0.455,4.197,0.350,banana,fresh
29875737,29547,92.85,858.85,71.60,0.454,4.198,0.350,banana,fresh
29876749,29548,92.85,858.75,71.60,0.454,4.197,0.350,banana,fresh
29877760,29549,92.80,858.90,71.55,0.454,4.198,0.350,banana,fresh
29878771,29550,92.85,858.90,71.75,0.454,4.198,0.351,banana,fresh
29879782,29551,92.90,858.70,71.60,0.454,4.197,0.350,banana,fresh
29880794,29552,93.00,858.80,71.65,0.455,4.197,0.350,banana,fresh
29881804,29553,92.85,858.90,71.40,0.454,4.198,0.349,banana,fresh
29882815,29554,93.00,858.70,71.40,0.455,4.197,0.349,banana,fresh
29883827,29555,92.70,858.70,71.45,0.453,4.197,0.349,banana,fresh
29884837,29556,92.95,858.90,71.55,0.454,4.198,0.350,banana,fresh
29885849,29557,92.95,858.85,71.65,0.454,4.198,0.350,banana,fresh
29886860,29558,92.90,858.90,71.55,0.454,4.198,0.350,banana,fresh
29887872,29559,92.95,858.90,71.60,0.454,4.198,0.350,banana,fresh
29888882,29560,92.95,858.90,71.60,0.454,4.198,0.350,banana,fresh
29889894,29561,92.95,858.80,71.75,0.454,4.197,0.351,banana,fresh
29890905,29562,92.90,858.90,71.45,0.454,4.198,0.349,banana,fresh
29891915,29563,92.95,858.85,71.55,0.454,4.198,0.350,banana,fresh
29892927,29564,93.00,858.90,71.55,0.455,4.198,0.350,banana,fresh
29893938,29565,92.95,858.80,71.60,0.454,4.197,0.350,banana,fresh
29894949,29566,93.00,858.95,71.40,0.455,4.198,0.349,banana,fresh
29895960,29567,92.80,858.75,71.35,0.454,4.197,0.349,banana,fresh
29896972,29568,92.85,858.75,71.60,0.454,4.197,0.350,banana,fresh
29897982,29569,92.90,858.90,71.55,0.454,4.198,0.350,banana,fresh
29898993,29570,93.00,858.95,71.50,0.455,4.198,0.349,banana,fresh
29900005,29571,93.00,858.85,71.70,0.455,4.198,0.350,banana,fresh
29901016,29572,92.85,858.85,71.55,0.454,4.198,0.350,banana,fresh
29902027,29573,92.75,858.90,71.50,0.453,4.198,0.349,banana,fresh
29903038,29574,92.80,858.80,71.45,0.454,4.197,0.349,banana,fresh
29904050,29575,92.90,858.95,71.65,0.454,4.198,0.350,banana,fresh
29905060,29576,92.80,858.90,71.45,0.454,4.198,0.349,banana,fresh
29906071,29577,92.95,858.85,71.45,0.454,4.198,0.349,banana,fresh
29907083,29578,92.90,858.80,71.60,0.454,4.197,0.350,banana,fresh
29908093,29579,92.90,858.85,71.50,0.454,4.198,0.349,banana,fresh
29909105,29580,92.90,858.90,71.55,0.454,4.198,0.350,banana,fresh
29910116,29581,92.80,858.85,71.80,0.454,4.198,0.351,banana,fresh
29911128,29582,92.85,858.80,71.55,0.454,4.197,0.350,banana,fresh
29912138,29583,92.90,858.90,71.60,0.454,4.198,0.350,banana,fresh
29913149,29584,93.00,858.90,71.55,0.455,4.198,0.350,banana,fresh
29914161,29585,92.85,858.80,71.50,0.454,4.197,0.349,banana,fresh
29915171,29586,92.80,858.95,71.55,0.454,4.198,0.350,banana,fresh
29916183,29587,92.95,858.85,71.55,0.454,4.198,0.350,banana,fresh
29917194,29588,93.00,858.90,71.55,0.455,4.198,0.350,banana,fresh
29918205,29589,92.90,858.80,71.65,0.454,4.197,0.350,banana,fresh
29919216,29590,92.95,858.85,71.45,0.454,4.198,0.349,banana,fresh
29920228,29591,92.95,858.95,71.50,0.454,4.198,0.349,banana,fresh
29921239,29592,92.90,858.80,71.50,0.454,4.197,0.349,banana,fresh
29922249,29593,92.90,858.95,71.60,0.454,4.198,0.350,banana,fresh
29923261,29594,92.85,858.95,71.35,0.454,4.198,0.349,banana,fresh
29924272,29595,92.85,858.95,71.55,0.454,4.198,0.350,banana,fresh
29925283,29596,92.95,858.90,71.65,0.454,4.198,0.350,banana,fresh
29926294,29597,92.85,858.85,71.50,0.454,4.198,0.349,banana,fresh
29927306,29598,92.75,858.85,71.55,0.453,4.198,0.350,banana,fresh
29928316,29599,92.95,858.85,71.60,0.454,4.198,0.350,banana,fresh
29929327,29600,92.95,858.95,71.55,0.454,4.198,0.350,banana,fresh
29930339,29601,92.95,858.85,71.55,0.454,4.198,0.350,banana,fresh
29931350,29602,92.95,858.85,71.40,0.454,4.198,0.349,banana,fresh
29932361,29603,92.90,858.90,71.60,0.454,4.198,0.350,banana,fresh
29933372,29604,92.95,858.85,71.70,0.454,4.198,0.350,banana,fresh
29934384,29605,93.00,859.00,71.50,0.455,4.198,0.349,banana,fresh
29935394,29606,92.80,858.85,71.55,0.454,4.198,0.350,banana,fresh
29936406,29607,92.90,858.95,71.65,0.454,4.198,0.350,banana,fresh
29937417,29608,92.85,858.95,71.55,0.454,4.198,0.350,banana,fresh
29938427,29609,92.85,858.85,71.60,0.454,4.198,0.350,banana,fresh
29939439,29610,92.85,858.90,71.65,0.454,4.198,0.350,banana,fresh
29940450,29611,92.85,859.00,71.50,0.454,4.198,0.349,banana,fresh
29941462,29612,92.90,858.80,71.45,0.454,4.197,0.349,banana,fresh
29942472,29613,92.90,858.90,71.45,0.454,4.198,0.349,banana,fresh
29943484,29614,93.00,858.75,71.60,0.455,4.197,0.350,banana,fresh
29944495,29615,92.80,858.75,71.55,0.454,4.197,0.350,banana,fresh
29945505,29616,93.00,858.80,71.70,0.455,4.197,0.350,banana,fresh
29946517,29617,92.95,858.95,71.75,0.454,4.198,0.351,banana,fresh
29947528,29618,92.80,858.95,71.55,0.454,4.198,0.350,banana,fresh
29948539,29619,93.00,858.70,71.55,0.455,4.197,0.350,banana,fresh
29949550,29620,92.80,858.85,71.65,0.454,4.198,0.350,banana,fresh
29950562,29621,92.80,858.75,71.65,0.454,4.197,0.350,banana,fresh
29951572,29622,92.90,858.85,71.65,0.454,4.198,0.350,banana,fresh
29952583,29623,92.85,858.85,71.45,0.454,4.198,0.349,banana,fresh
29953595,29624,92.85,858.85,71.55,0.454,4.198,0.350,banana,fresh
29954606,29625,92.85,858.85,71.55,0.454,4.198,0.350,banana,fresh
29955617,29626,92.90,859.00,71.50,0.454,4.198,0.349,banana,fresh
29956628,29627,92.90,858.95,71.40,0.454,4.198,0.349,banana,fresh
29957640,29628,92.90,858.80,71.85,0.454,4.197,0.351,banana,fresh
29958650,29629,92.85,858.85,71.55,0.454,4.198,0.350,banana,fresh
29959662,29630,92.85,858.80,71.50,0.454,4.197,0.349,banana,fresh
29960673,29631,92.75,858.90,71.65,0.453,4.198,0.350,banana,fresh
29961683,29632,92.95,858.95,71.50,0.454,4.198,0.349,banana,fresh
29962695,29633,92.90,858.95,71.55,0.454,4.198,0.350,banana,fresh
29963706,29634,92.85,858.95,71.55,0.454,4.198,0.350,banana,fresh
29964718,29635,92.80,858.95,71.35,0.454,4.198,0.349,banana,fresh
29965728,29636,92.90,858.80,71.75,0.454,4.197,0.351,banana,fresh
29966740,29637,92.80,858.80,71.75,0.454,4.197,0.351,banana,fresh
29967751,29638,92.75,858.95,71.55,0.453,4.198,0.350,banana,fresh
29968761,29639,92.90,858.90,71.50,0.454,4.198,0.349,banana,fresh
29969773,29640,92.90,858.95,71.70,0.454,4.198,0.350,banana,fresh
29970784,29641,93.00,858.80,71.55,0.455,4.197,0.350,banana,fresh
29971795,29642,93.00,858.85,71.40,0.455,4.198,0.349,banana,fresh
29972806,29643,93.00,858.85,71.55,0.455,4.198,0.350,banana,fresh
29973818,29644,92.95,858.95,71.45,0.454,4.198,0.349,banana,fresh
29974829,29645,92.90,858.80,71.55,0.454,4.197,0.350,banana,fresh
29975839,29646,92.90,858.95,71.50,0.454,4.198,0.349,banana,fresh
29976851,29647,92.85,858.90,71.60,0.454,4.198,0.350,banana,fresh
29977862,29648,92.90,859.00,71.50,0.454,4.198,0.349,banana,fresh
29978873,29649,92.85,859.00,71.55,0.454,4.198,0.350,banana,fresh
29979884,29650,92.85,858.80,71.55,0.454,4.197,0.350,banana,fresh
29980896,29651,92.85,859.00,71.60,0.454,4.198,0.350,banana,fresh
29981906,29652,92.90,858.85,71.65,0.454,4.198,0.350,banana,fresh
29982917,29653,92.95,858.95,71.65,0.454,4.198,0.350,banana,fresh
29983929,29654,92.85,859.00,71.70,0.454,4.198,0.350,banana,fresh
29984940,29655,92.75,858.85,71.55,0.453,4.198,0.350,banana,fresh
29985951,29656,92.90,858.85,71.70,0.454,4.198,0.350,banana,fresh
29986962,29657,92.90,858.70,71.60,0.454,4.197,0.350,banana,fresh
29987974,29658,92.75,858.85,71.50,0.453,4.198,0.349,banana,fresh
29988984,29659,92.90,858.95,71.50,0.454,4.198,0.349,banana,fresh
29989995,29660,92.95,858.80,71.65,0.454,4.197,0.350,banana,fresh
29991007,29661,92.95,858.95,71.55,0.454,4.198,0.350,banana,fresh
29992017,29662,92.95,858.80,71.40,0.454,4.197,0.349,banana,fresh
29993029,29663,92.85,859.00,71.60,0.454,4.198,0.350,banana,fresh
29994040,29664,92.80,858.80,71.65,0.454,4.197,0.350,banana,fresh
29995052,29665,92.85,858.90,71.55,0.454,4.198,0.350,banana,fresh
29996062,29666,92.65,858.95,71.60,0.453,4.198,0.350,banana,fresh
29997074,29667,92.90,859.00,71.70,0.454,4.198,0.350,banana,fresh
29998085,29668,92.90,858.90,71.45,0.454,4.198,0.349,banana,fresh
29999095,29669,92.95,858.95,71.50,0.454,4.198,0.349,banana,fresh
30000107,29670,93.00,859.00,71.55,0.455,4.198,0.350,banana,fresh
30001118,29671,93.05,858.95,71.50,0.455,4.198,0.349,banana,fresh
30002129,29672,92.85,859.00,71.70,0.454,4.198,0.350,banana,fresh
30003140,29673,92.95,858.95,71.50,0.454,4.198,0.349,banana,fresh
30004152,29674,92.95,858.85,71.50,0.454,4.198,0.349,banana,fresh
30005163,29675,92.90,858.85,71.50,0.454,4.198,0.349,banana,fresh
30006173,29676,92.90,859.00,71.50,0.454,4.198,0.349,banana,fresh
30007185,29677,92.90,859.00,71.45,0.454,4.198,0.349,banana,fresh
30008196,29678,92.90,858.90,71.60,0.454,4.198,0.350,banana,fresh
30009207,29679,92.95,858.95,71.65,0.454,4.198,0.350,banana,fresh
30010218,29680,92.85,858.95,71.45,0.454,4.198,0.349,banana,fresh
30011230,29681,92.90,858.95,71.75,0.454,4.198,0.351,banana,fresh
30012240,29682,92.95,858.85,71.55,0.454,4.198,0.350,banana,fresh
30013252,29683,92.85,859.00,71.65,0.454,4.198,0.350,banana,fresh
30014263,29684,92.90,858.95,71.45,0.454,4.198,0.349,banana,fresh
30015273,29685,92.80,858.95,71.60,0.454,4.198,0.350,banana,fresh
30016285,29686,92.85,858.95,71.45,0.454,4.198,0.349,banana,fresh
30017296,29687,92.80,858.85,71.60,0.454,4.198,0.350,banana,fresh
30018308,29688,92.70,858.95,71.50,0.453,4.198,0.349,banana,fresh
30019318,29689,92.90,858.95,71.65,0.454,4.198,0.350,banana,fresh
30020330,29690,92.90,858.95,71.55,0.454,4.198,0.350,banana,fresh
30021341,29691,93.00,859.00,71.50,0.455,4.198,0.349,banana,fresh
30022351,29692,92.95,859.00,71.55,0.454,4.198,0.350,banana,fresh
30023363,29693,92.90,858.75,71.55,0.454,4.197,0.350,banana,fresh
30024374,29694,92.95,858.90,71.55,0.454,4.198,0.350,banana,fresh
30025385,29695,93.00,859.00,71.40,0.455,4.198,0.349,banana,fresh
30026396,29696,92.75,858.90,71.55,0.453,4.198,0.350,banana,fresh
30027408,29697,92.80,859.00,71.70,0.454,4.198,0.350,banana,fresh
30028419,29698,92.70,858.95,71.65,0.453,4.198,0.350,banana,fresh
30029429,29699,92.95,858.90,71.55,0.454,4.198,0.350,banana,fresh
30030441,29700,92.85,858.85,71.65,0.454,4.198,0.350,banana,fresh
30031452,29701,92.85,858.95,71.35,0.454,4.198,0.349,banana,fresh
30032463,29702,92.85,859.00,71.60,0.454,4.198,0.350,banana,fresh
30033474,29703,92.85,858.95,71.60,0.454,4.198,0.350,banana,fresh
30034486,29704,92.85,858.90,71.50,0.454,4.198,0.349,banana,fresh
30035496,29705,92.90,858.95,71.55,0.454,4.198,0.350,banana,fresh
30036507,29706,92.85,858.95,71.35,0.454,4.198,0.349,banana,fresh
30037519,29707,92.95,858.95,71.50,0.454,4.198,0.349,banana,fresh
30038530,29708,92.95,858.90,71.35,0.454,4.198,0.349,banana,fresh
30039541,29709,92.95,858.95,71.60,0.454,4.198,0.350,banana,fresh
30040552,29710,92.70,858.95,71.45,0.453,4.198,0.349,banana,fresh
30041564,29711,92.85,858.90,71.65,0.454,4.198,0.350,banana,fresh
30042574,29712,92.70,858.90,71.60,0.453,4.198,0.350,banana,fresh
30043585,29713,92.90,858.90,71.65,0.454,4.198,0.350,banana,fresh
30044597,29714,92.95,858.90,71.65,0.454,4.198,0.350,banana,fresh
30045607,29715,92.90,859.00,71.55,0.454,4.198,0.350,banana,fresh
30046619,29716,92.90,859.00,71.55,0.454,4.198,0.350,banana,fresh
30047630,29717,92.80,858.95,71.55,0.454,4.198,0.350,banana,fresh
30048642,29718,92.85,858.90,71.40,0.454,4.198,0.349,banana,fresh
30049652,29719,92.70,859.00,71.55,0.453,4.198,0.350,banana,fresh
30050664,29720,92.80,858.95,71.55,0.454,4.198,0.350,banana,fresh
30051675,29721,92.85,858.95,71.70,0.454,4.198,0.350,banana,fresh
30052685,29722,92.85,858.95,71.55,0.454,4.198,0.350,banana,fresh
30053697,29723,92.95,858.95,71.50,0.454,4.198,0.349,banana,fresh
30054708,29724,92.80,858.90,71.65,0.454,4.198,0.350,banana,fresh
30055719,29725,92.70,858.90,71.55,0.453,4.198,0.350,banana,fresh
30056730,29726,92.95,859.00,71.60,0.454,4.198,0.350,banana,fresh
30057742,29727,92.85,858.90,71.75,0.454,4.198,0.351,banana,fresh
30058753,29728,92.85,858.95,71.60,0.454,4.198,0.350,banana,fresh
30059763,29729,93.00,859.00,71.50,0.455,4.198,0.349,banana,fresh
30060775,29730,92.75,858.95,71.45,0.453,4.198,0.349,banana,fresh
30061786,29731,92.65,858.95,71.50,0.453,4.198,0.349,banana,fresh
30062797,29732,92.85,859.05,71.50,0.454,4.199,0.349,banana,fresh
30063808,29733,92.90,858.90,71.65,0.454,4.198,0.350,banana,fresh
30064820,29734,92.90,859.00,71.50,0.454,4.198,0.349,banana,fresh
30065830,29735,92.95,859.00,71.55,0.454,4.198,0.350,banana,fresh
30066841,29736,93.00,859.00,71.60,0.455,4.198,0.350,banana,fresh
30067853,29737,93.00,858.95,71.45,0.455,4.198,0.349,banana,fresh
30068864,29738,92.90,859.00,71.60,0.454,4.198,0.350,banana,fresh
30069875,29739,92.95,859.00,71.65,0.454,4.198,0.350,banana,fresh
30070886,29740,92.95,859.00,71.55,0.454,4.198,0.350,banana,fresh
30071898,29741,92.95,858.95,71.65,0.454,4.198,0.350,banana,fresh
30072908,29742,93.05,859.00,71.65,0.455,4.198,0.350,banana,fresh
30073919,29743,93.00,859.00,71.40,0.455,4.198,0.349,banana,fresh
30074931,29744,92.85,858.95,71.70,0.454,4.198,0.350,banana,fresh
30075941,29745,92.85,858.90,71.65,0.454,4.198,0.350,banana,fresh
30076953,29746,92.80,858.90,71.50,0.454,4.198,0.349,banana,fresh
30077964,29747,92.90,859.00,71.65,0.454,4.198,0.350,banana,fresh
30078976,29748,92.90,859.00,71.60,0.454,4.198,0.350,banana,fresh
30079986,29749,92.90,858.95,71.70,0.454,4.198,0.350,banana,fresh
30080997,29750,92.95,858.95,71.70,0.454,4.198,0.350,banana,fresh
30082009,29751,92.90,858.90,71.60,0.454,4.198,0.350,banana,fresh
30083019,29752,92.85,859.00,71.65,0.454,4.198,0.350,banana,fresh
30084031,29753,92.90,859.00,71.65,0.454,4.198,0.350,banana,fresh
30085042,29754,92.95,859.00,71.65,0.454,4.198,0.350,banana,fresh
30086053,29755,93.00,859.00,71.50,0.455,4.198,0.349,banana,fresh
30087064,29756,92.90,859.00,71.65,0.454,4.198,0.350,banana,fresh
30088075,29757,92.80,858.85,71.60,0.454,4.198,0.350,banana,fresh
30089086,29758,92.90,858.95,71.50,0.454,4.198,0.349,banana,fresh
30090097,29759,92.95,858.95,71.45,0.454,4.198,0.349,banana,fresh
30091109,29760,92.90,859.00,71.70,0.454,4.198,0.350,banana,fresh
30092120,29761,92.95,859.00,71.65,0.454,4.198,0.350,banana,fresh
30093131,29762,92.85,858.95,71.60,0.454,4.198,0.350,banana,fresh
30094142,29763,92.75,858.90,71.70,0.453,4.198,0.350,banana,fresh
30095153,29764,92.85,858.95,71.55,0.454,4.198,0.350,banana,fresh
30096164,29765,92.85,858.95,71.85,0.454,4.198,0.351,banana,fresh
30097175,29766,92.85,858.95,71.55,0.454,4.198,0.350,banana,fresh
30098187,29767,92.85,859.00,71.65,0.454,4.198,0.350,banana,fresh
30099197,29768,92.90,858.90,71.75,0.454,4.198,0.351,banana,fresh
30100209,29769,92.85,859.00,71.70,0.454,4.198,0.350,banana,fresh
30101220,29770,92.75,858.95,71.45,0.453,4.198,0.349,banana,fresh
30102231,29771,92.85,859.00,71.40,0.454,4.198,0.349,banana,fresh
30103242,29772,92.95,858.95,71.65,0.454,4.198,0.350,banana,fresh
30104253,29773,92.95,858.95,71.50,0.454,4.198,0.349,banana,fresh
30105265,29774,92.95,859.00,71.50,0.454,4.198,0.349,banana,fresh
30106275,29775,92.85,858.95,71.75,0.454,4.198,0.351,banana,fresh
30107287,29776,92.90,858.85,71.45,0.454,4.198,0.349,banana,fresh
30108298,29777,92.75,858.95,71.65,0.453,4.198,0.350,banana,fresh
30109309,29778,92.85,858.95,71.65,0.454,4.198,0.350,banana,fresh
30110320,29779,92.90,859.00,71.65,0.454,4.198,0.350,banana,fresh
30111331,29780,92.85,858.90,71.70,0.454,4.198,0.350,banana,fresh
30112343,29781,92.95,858.95,71.65,0.454,4.198,0.350,banana,fresh
30113353,29782,92.85,858.90,71.65,0.454,4.198,0.350,banana,fresh
30114365,29783,92.65,858.95,71.65,0.453,4.198,0.350,banana,fresh
30115376,29784,92.90,859.00,71.60,0.454,4.198,0.350,banana,fresh
30116387,29785,92.80,859.00,71.40,0.454,4.198,0.349,banana,fresh
30117398,29786,92.80,858.95,71.50,0.454,4.198,0.349,banana,fresh
30118409,29787,92.90,859.00,71.60,0.454,4.198,0.350,banana,fresh
30119420,29788,92.80,859.00,71.65,0.454,4.198,0.350,banana,fresh
30120431,29789,92.85,858.95,71.65,0.454,4.198,0.350,banana,fresh
30121443,29790,92.95,859.00,71.60,0.454,4.198,0.350,banana,fresh
30122454,29791,92.90,858.90,71.55,0.454,4.198,0.350,banana,fresh
30123465,29792,92.80,859.00,71.75,0.454,4.198,0.351,banana,fresh
30124476,29793,92.90,858.95,71.50,0.454,4.198,0.349,banana,fresh
30125487,29794,92.95,858.90,71.55,0.454,4.198,0.350,banana,fresh
30126498,29795,92.80,858.90,71.55,0.454,4.198,0.350,banana,fresh
30127509,29796,92.80,859.00,71.70,0.454,4.198,0.350,banana,fresh
30128521,29797,92.85,858.95,71.65,0.454,4.198,0.350,banana,fresh
30129531,29798,92.80,858.95,71.70,0.454,4.198,0.350,banana,fresh
30130543,29799,92.90,859.00,71.65,0.454,4.198,0.350,banana,fresh
30131554,29800,92.80,859.00,71.65,0.454,4.198,0.350,banana,fresh
30132564,29801,92.85,858.95,71.80,0.454,4.198,0.351,banana,fresh
30133576,29802,92.90,858.95,71.65,0.454,4.198,0.350,banana,fresh
30134587,29803,92.75,859.00,71.70,0.453,4.198,0.350,banana,fresh
30135599,29804,92.75,859.00,71.75,0.453,4.198,0.351,banana,fresh
30136609,29805,92.90,859.00,71.65,0.454,4.198,0.350,banana,fresh
30137621,29806,92.95,858.90,71.60,0.454,4.198,0.350,banana,fresh
30138632,29807,92.70,858.95,71.75,0.453,4.198,0.351,banana,fresh
30139642,29808,92.95,859.00,71.60,0.454,4.198,0.350,banana,fresh
30140654,29809,92.80,858.95,71.50,0.454,4.198,0.349,banana,fresh
30141665,29810,92.75,858.95,71.70,0.453,4.198,0.350,banana,fresh
30142676,29811,92.80,859.00,71.65,0.454,4.198,0.350,banana,fresh
30143687,29812,92.90,858.85,71.65,0.454,4.198,0.350,banana,fresh
30144699,29813,92.70,859.00,71.65,0.453,4.198,0.350,banana,fresh
30145710,29814,92.75,858.95,71.70,0.453,4.198,0.350,banana,fresh
30146720,29815,92.90,859.00,71.75,0.454,4.198,0.351,banana,fresh
30147732,29816,92.85,858.95,71.75,0.454,4.198,0.351,banana,fresh
30148743,29817,92.90,859.00,71.45,0.454,4.198,0.349,banana,fresh
30149754,29818,92.65,859.00,71.65,0.453,4.198,0.350,banana,fresh
30150765,29819,92.85,859.00,71.60,0.454,4.198,0.350,banana,fresh
30151777,29820,92.85,859.00,71.75,0.454,4.198,0.351,banana,fresh
30152787,29821,92.90,858.95,71.70,0.454,4.198,0.350,banana,fresh
30153798,29822,92.85,859.00,71.65,0.454,4.198,0.350,banana,fresh
30154810,29823,92.75,859.00,71.75,0.453,4.198,0.351,banana,fresh
30155821,29824,92.80,859.00,71.50,0.454,4.198,0.349,banana,fresh
30156832,29825,92.85,858.95,71.70,0.454,4.198,0.350,banana,fresh
30157843,29826,92.70,859.00,71.70,0.453,4.198,0.350,banana,fresh
30158855,29827,92.90,858.95,71.60,0.454,4.198,0.350,banana,fresh
30159865,29828,92.85,859.00,71.70,0.454,4.198,0.350,banana,fresh
30160876,29829,92.75,859.00,71.55,0.453,4.198,0.350,banana,fresh
30161888,29830,92.75,859.00,71.70,0.453,4.198,0.350,banana,fresh
30162898,29831,92.90,858.95,71.50,0.454,4.198,0.349,banana,fresh
30163910,29832,92.55,859.00,71.40,0.452,4.198,0.349,banana,fresh
30164921,29833,92.75,858.90,71.65,0.453,4.198,0.350,banana,fresh
30165933,29834,92.70,859.00,71.75,0.453,4.198,0.351,banana,fresh
30166943,29835,92.75,859.00,71.60,0.453,4.198,0.350,banana,fresh
30167954,29836,92.85,858.90,71.55,0.454,4.198,0.350,banana,fresh
30168966,29837,92.65,858.95,71.55,0.453,4.198,0.350,banana,fresh
30169976,29838,92.80,859.00,71.60,0.454,4.198,0.350,banana,fresh
30170988,29839,92.60,858.95,71.60,0.453,4.198,0.350,banana,fresh
30171999,29840,92.60,859.00,71.55,0.453,4.198,0.350,banana,fresh
30173010,29841,92.75,858.90,71.75,0.453,4.198,0.351,banana,fresh
30174021,29842,92.55,859.00,71.80,0.452,4.198,0.351,banana,fresh
30175032,29843,92.65,859.00,71.60,0.453,4.198,0.350,banana,fresh
30176044,29844,92.70,858.90,71.70,0.453,4.198,0.350,banana,fresh
30177054,29845,92.60,858.95,71.60,0.453,4.198,0.350,banana,fresh
30178066,29846,92.65,859.00,71.60,0.453,4.198,0.350,banana,fresh
30179077,29847,92.50,858.95,71.75,0.452,4.198,0.351,banana,fresh
30180088,29848,92.65,858.95,71.35,0.453,4.198,0.349,banana,fresh
30181099,29849,92.70,858.95,71.60,0.453,4.198,0.350,banana,fresh
30182110,29850,92.45,859.00,71.65,0.452,4.198,0.350,banana,fresh
30183121,29851,92.50,859.00,71.70,0.452,4.198,0.350,banana,fresh
30184132,29852,92.75,858.85,71.70,0.453,4.198,0.350,banana,fresh
30185144,29853,92.70,859.00,71.65,0.453,4.198,0.350,banana,fresh
30186155,29854,92.45,858.95,71.60,0.452,4.198,0.350,banana,fresh
30187166,29855,92.70,858.95,71.55,0.453,4.198,0.350,banana,fresh
30188177,29856,92.70,859.00,71.45,0.453,4.198,0.349,banana,fresh
30189188,29857,92.70,858.95,71.75,0.453,4.198,0.351,banana,fresh
30190199,29858,92.80,858.85,71.80,0.454,4.198,0.351,banana,fresh
30191210,29859,92.60,859.00,71.50,0.453,4.198,0.349,banana,fresh
30192222,29860,92.70,858.90,71.30,0.453,4.198,0.348,banana,fresh
30193232,29861,92.60,858.95,71.65,0.453,4.198,0.350,banana,fresh
30194244,29862,92.50,859.00,71.80,0.452,4.198,0.351,banana,fresh
30195255,29863,92.50,858.95,71.60,0.452,4.198,0.350,banana,fresh
30196267,29864,92.60,858.95,71.55,0.453,4.198,0.350,banana,fresh
30197277,29865,92.50,858.95,71.45,0.452,4.198,0.349,banana,fresh
30198288,29866,92.65,858.90,71.55,0.453,4.198,0.350,banana,fresh
30199300,29867,92.65,859.00,71.40,0.453,4.198,0.349,banana,fresh
30200310,29868,92.55,858.90,71.45,0.452,4.198,0.349,banana,fresh
30201322,29869,92.50,859.00,71.40,0.452,4.198,0.349,banana,fresh
30202333,29870,92.65,858.95,71.55,0.453,4.198,0.350,banana,fresh
30203344,29871,92.60,859.00,71.55,0.453,4.198,0.350,banana,fresh
30204355,29872,92.55,859.00,71.45,0.452,4.198,0.349,banana,fresh
30205366,29873,92.55,858.95,71.30,0.452,4.198,0.348,banana,fresh
30206377,29874,92.35,858.95,71.55,0.451,4.198,0.350,banana,fresh
30207388,29875,92.55,858.95,71.55,0.452,4.198,0.350,banana,fresh
30208400,29876,92.45,858.90,71.60,0.452,4.198,0.350,banana,fresh
30209411,29877,92.60,858.95,71.60,0.453,4.198,0.350,banana,fresh
30210422,29878,92.60,858.95,71.70,0.453,4.198,0.350,banana,fresh
30211433,29879,92.65,858.95,71.50,0.453,4.198,0.349,banana,fresh
30212445,29880,92.35,859.00,71.55,0.451,4.198,0.350,banana,fresh
30213455,29881,92.50,859.00,71.50,0.452,4.198,0.349,banana,fresh
30214466,29882,92.55,859.00,71.55,0.452,4.198,0.350,banana,fresh
30215478,29883,92.35,859.00,71.60,0.451,4.198,0.350,banana,fresh
30216488,29884,92.45,858.95,71.45,0.452,4.198,0.349,banana,fresh
30217500,29885,92.30,858.95,71.40,0.451,4.198,0.349,banana,fresh
30218511,29886,92.50,859.00,71.45,0.452,4.198,0.349,banana,fresh
30219523,29887,92.45,858.90,71.50,0.452,4.198,0.349,banana,fresh
30220533,29888,92.30,858.90,71.45,0.451,4.198,0.349,banana,fresh
30221544,29889,92.45,858.85,71.55,0.452,4.198,0.350,banana,fresh
30222556,29890,92.45,858.95,71.60,0.452,4.198,0.350,banana,fresh
30223566,29891,92.40,858.90,71.40,0.452,4.198,0.349,banana,fresh
30224578,29892,92.30,858.95,71.55,0.451,4.198,0.350,banana,fresh
30225589,29893,92.25,859.00,71.20,0.451,4.198,0.348,banana,fresh
30226600,29894,92.55,859.00,71.75,0.452,4.198,0.351,banana,fresh
30227611,29895,92.30,858.95,71.35,0.451,4.198,0.349,banana,fresh
30228623,29896,92.45,859.00,71.50,0.452,4.198,0.349,banana,fresh
30229634,29897,92.60,859.00,71.40,0.453,4.198,0.349,banana,fresh
30230644,29898,92.45,858.95,71.65,0.452,4.198,0.350,banana,fresh
30231656,29899,92.50,858.85,71.50,0.452,4.198,0.349,banana,fresh
30232667,29900,92.30,858.95,71.35,0.451,4.198,0.349,banana,fresh
30233678,29901,92.35,859.00,71.65,0.451,4.198,0.350,banana,fresh
30234689,29902,92.25,858.90,71.40,0.451,4.198,0.349,banana,fresh
30235701,29903,92.40,858.95,71.55,0.452,4.198,0.350,banana,fresh
30236711,29904,92.40,858.95,71.50,0.452,4.198,0.349,banana,fresh
30237722,29905,92.45,858.95,71.60,0.452,4.198,0.350,banana,fresh
30238734,29906,92.25,858.95,71.60,0.451,4.198,0.350,banana,fresh
30239745,29907,92.35,858.95,71.55,0.451,4.198,0.350,banana,fresh
30240756,29908,92.40,858.95,71.45,0.452,4.198,0.349,banana,fresh
30241767,29909,92.40,858.90,71.60,0.452,4.198,0.350,banana,fresh
30242779,29910,92.35,858.90,71.50,0.451,4.198,0.349,banana,fresh
30243789,29911,92.30,858.95,71.55,0.451,4.198,0.350,banana,fresh
30244801,29912,92.40,859.00,71.35,0.452,4.198,0.349,banana,fresh
30245812,29913,92.50,858.90,71.40,0.452,4.198,0.349,banana,fresh
30246822,29914,92.20,858.85,71.35,0.451,4.198,0.349,banana,fresh
30247834,29915,92.35,858.85,71.40,0.451,4.198,0.349,banana,fresh
30248845,29916,92.35,858.95,71.60,0.451,4.198,0.350,banana,fresh
30249857,29917,92.20,858.95,71.35,0.451,4.198,0.349,banana,fresh
30250867,29918,92.35,859.00,71.30,0.451,4.198,0.348,banana,fresh
30251879,29919,92.40,859.00,71.75,0.452,4.198,0.351,banana,fresh
30252890,29920,92.20,858.90,71.40,0.451,4.198,0.349,banana,fresh
30253900,29921,92.30,858.90,71.55,0.451,4.198,0.350,banana,fresh
30254912,29922,92.35,858.85,71.45,0.451,4.198,0.349,banana,fresh
30255923,29923,92.25,858.90,71.30,0.451,4.198,0.348,banana,fresh
30256934,29924,92.15,858.95,71.35,0.450,4.198,0.349,banana,fresh
30257945,29925,92.30,858.90,71.35,0.451,4.198,0.349,banana,fresh
30258957,29926,92.25,858.80,71.40,0.451,4.197,0.349,banana,fresh
30259968,29927,92.40,858.90,71.40,0.452,4.198,0.349,banana,fresh
30260978,29928,92.15,859.00,71.35,0.450,4.198,0.349,banana,fresh
30261990,29929,92.10,858.90,71.35,0.450,4.198,0.349,banana,fresh
30263001,29930,92.30,858.95,71.45,0.451,4.198,0.349,banana,fresh
30264012,29931,92.10,858.85,71.50,0.450,4.198,0.349,banana,fresh
30265023,29932,92.35,858.90,71.45,0.451,4.198,0.349,banana,fresh
30266035,29933,92.05,858.90,71.40,0.450,4.198,0.349,banana,fresh
30267045,29934,92.30,858.85,71.20,0.451,4.198,0.348,banana,fresh
30268057,29935,92.25,858.80,71.40,0.451,4.197,0.349,banana,fresh
30269068,29936,92.05,858.95,71.30,0.450,4.198,0.348,banana,fresh
30270078,29937,92.10,859.00,71.45,0.450,4.198,0.349,banana,fresh
30271090,29938,92.25,858.95,71.30,0.451,4.198,0.348,banana,fresh
30272101,29939,92.20,858.90,71.30,0.451,4.198,0.348,banana,fresh
30273113,29940,92.20,858.85,71.20,0.451,4.198,0.348,banana,fresh
30274123,29941,92.30,858.85,71.35,0.451,4.198,0.349,banana,fresh
30275135,29942,92.20,858.85,71.45,0.451,4.198,0.349,banana,fresh
30276146,29943,92.15,858.95,71.40,0.450,4.198,0.349,banana,fresh
30277156,29944,92.15,858.80,71.25,0.450,4.197,0.348,banana,fresh
30278168,29945,92.10,858.95,71.35,0.450,4.198,0.349,banana,fresh
30279179,29946,92.15,858.95,71.50,0.450,4.198,0.349,banana,fresh
30280190,29947,92.25,858.95,71.50,0.451,4.198,0.349,banana,fresh
30281201,29948,92.15,858.80,71.25,0.450,4.197,0.348,banana,fresh
30282213,29949,92.00,858.85,71.40,0.450,4.198,0.349,banana,fresh
30283224,29950,92.15,858.95,71.25,0.450,4.198,0.348,banana,fresh
30284235,29951,92.15,858.80,71.40,0.450,4.197,0.349,banana,fresh
30285246,29952,92.05,858.85,71.35,0.450,4.198,0.349,banana,fresh
30286257,29953,92.05,858.75,71.25,0.450,4.197,0.348,banana,fresh
30287268,29954,92.25,858.90,71.35,0.451,4.198,0.349,banana,fresh
30288279,29955,92.15,858.75,71.50,0.450,4.197,0.349,banana,fresh
30289291,29956,92.15,858.95,71.30,0.450,4.198,0.348,banana,fresh
30290301,29957,92.25,858.95,71.25,0.451,4.198,0.348,banana,fresh
30291313,29958,92.05,858.85,71.30,0.450,4.198,0.348,banana,fresh
30292324,29959,92.10,858.65,71.35,0.450,4.197,0.349,banana,fresh
30293336,29960,92.05,858.80,71.15,0.450,4.197,0.348,banana,fresh
30294346,29961,92.05,858.80,71.35,0.450,4.197,0.349,banana,fresh
30295357,29962,92.15,858.90,71.30,0.450,4.198,0.348,banana,fresh
30296369,29963,92.05,858.85,71.25,0.450,4.198,0.348,banana,fresh
30297379,29964,92.20,858.85,71.20,0.451,4.198,0.348,banana,fresh
30298391,29965,92.10,858.80,71.25,0.450,4.197,0.348,banana,fresh
30299402,29966,92.15,858.85,71.25,0.450,4.198,0.348,banana,fresh
30300413,29967,92.10,858.90,71.35,0.450,4.198,0.349,banana,fresh
30301424,29968,92.25,858.80,71.20,0.451,4.197,0.348,banana,fresh
30302435,29969,92.15,858.80,71.15,0.450,4.197,0.348,banana,fresh
30303447,29970,92.05,858.75,71.35,0.450,4.197,0.349,banana,fresh
30304457,29971,92.10,858.85,71.25,0.450,4.198,0.348,banana,fresh
30305469,29972,92.10,858.75,71.25,0.450,4.197,0.348,banana,fresh
30306480,29973,92.05,858.70,71.35,0.450,4.197,0.349,banana,fresh
30307491,29974,92.05,858.95,71.10,0.450,4.198,0.348,banana,fresh
30308502,29975,92.05,858.80,71.25,0.450,4.197,0.348,banana,fresh
30309513,29976,92.20,858.60,71.35,0.451,4.196,0.349,banana,fresh
30310524,29977,92.10,858.80,71.10,0.450,4.197,0.348,banana,fresh
30311535,29978,92.00,858.85,71.15,0.450,4.198,0.348,banana,fresh
30312547,29979,92.05,858.80,71.25,0.450,4.197,0.348,banana,fresh
30313558,29980,92.10,858.75,71.10,0.450,4.197,0.348,banana,fresh
30314569,29981,92.10,858.85,71.30,0.450,4.198,0.348,banana,fresh
30315580,29982,92.05,858.55,71.10,0.450,4.196,0.348,banana,fresh
30316591,29983,92.20,858.90,71.15,0.451,4.198,0.348,banana,fresh
30317602,29984,92.05,858.55,71.10,0.450,4.196,0.348,banana,fresh
30318613,29985,92.05,858.70,71.30,0.450,4.197,0.348,banana,fresh
30319625,29986,92.10,858.85,71.20,0.450,4.198,0.348,banana,fresh
30320635,29987,92.00,858.90,71.20,0.450,4.198,0.348,banana,fresh
30321647,29988,92.00,858.75,71.15,0.450,4.197,0.348,banana,fresh
30322658,29989,92.00,858.75,71.40,0.450,4.197,0.349,banana,fresh
30323670,29990,92.00,858.80,71.25,0.450,4.197,0.348,banana,fresh
30324680,29991,92.10,858.85,71.10,0.450,4.198,0.348,banana,fresh
30325691,29992,92.05,858.80,71.20,0.450,4.197,0.348,banana,fresh
30326703,29993,92.00,858.85,71.15,0.450,4.198,0.348,banana,fresh
30327713,29994,92.15,858.75,71.35,0.450,4.197,0.349,banana,fresh
30328725,29995,92.00,858.75,71.15,0.450,4.197,0.348,banana,fresh
30329736,29996,92.00,858.85,71.30,0.450,4.198,0.348,banana,fresh
30330747,29997,92.00,858.70,71.25,0.450,4.197,0.348,banana,fresh
30331758,29998,91.95,858.70,71.20,0.449,4.197,0.348,banana,fresh
30332769,29999,92.10,858.70,71.15,0.450,4.197,0.348,banana,fresh
30333780,30000,92.10,858.80,71.10,0.450,4.197,0.348,banana,fresh
30334791,30001,92.00,858.90,71.05,0.450,4.198,0.347,banana,fresh
30335803,30002,92.05,858.60,71.20,0.450,4.196,0.348,banana,fresh
30336814,30003,92.00,858.80,71.15,0.450,4.197,0.348,banana,fresh
30337825,30004,92.10,858.65,71.15,0.450,4.197,0.348,banana,fresh
30338836,30005,91.95,858.80,71.10,0.449,4.197,0.348,banana,fresh
30339847,30006,92.00,858.80,71.20,0.450,4.197,0.348,banana,fresh
30340858,30007,92.00,858.75,71.25,0.450,4.197,0.348,banana,fresh
30341869,30008,92.05,858.65,71.15,0.450,4.197,0.348,banana,fresh
30342881,30009,92.00,858.55,71.20,0.450,4.196,0.348,banana,fresh
30343891,30010,92.00,858.60,71.10,0.450,4.196,0.348,banana,fresh
30344903,30011,92.05,858.70,71.05,0.450,4.197,0.347,banana,fresh
30345914,30012,92.00,858.70,71.20,0.450,4.197,0.348,banana,fresh
30346925,30013,92.00,858.65,71.30,0.450,4.197,0.348,banana,fresh
30347936,30014,91.95,858.55,71.10,0.449,4.196,0.348,banana,fresh
30348947,30015,92.00,858.65,71.10,0.450,4.197,0.348,banana,fresh
30349959,30016,91.95,858.75,71.00,0.449,4.197,0.347,banana,fresh
30350969,30017,92.00,858.75,71.15,0.450,4.197,0.348,banana,fresh
30351981,30018,92.00,858.75,71.10,0.450,4.197,0.348,banana,fresh
30352992,30019,91.95,858.65,71.15,0.449,4.197,0.348,banana,fresh
30354002,30020,92.00,858.65,71.15,0.450,4.197,0.348,banana,fresh
30355014,30021,92.05,858.65,71.10,0.450,4.197,0.348,banana,fresh
30356025,30022,92.00,858.65,71.15,0.450,4.197,0.348,banana,fresh
30357037,30023,91.95,858.75,71.10,0.449,4.197,0.348,banana,fresh
30358047,30024,92.05,858.55,71.10,0.450,4.196,0.348,banana,fresh
30359059,30025,91.95,858.85,71.10,0.449,4.198,0.348,banana,fresh
30360070,30026,91.95,858.60,71.15,0.449,4.196,0.348,banana,fresh
30361080,30027,91.90,858.65,71.10,0.449,4.197,0.348,banana,fresh
30362092,30028,91.95,858.70,71.20,0.449,4.197,0.348,banana,fresh
30363103,30029,91.95,858.75,71.15,0.449,4.197,0.348,banana,fresh
30364114,30030,92.00,858.70,71.10,0.450,4.197,0.348,banana,fresh
30365125,30031,92.00,858.65,71.05,0.450,4.197,0.347,banana,fresh
30366137,30032,92.00,858.70,71.20,0.450,4.197,0.348,banana,fresh
30367148,30033,91.95,858.75,71.00,0.449,4.197,0.347,banana,fresh
30368158,30034,91.90,858.60,71.10,0.449,4.196,0.348,banana,fresh
30369170,30035,91.95,858.70,71.15,0.449,4.197,0.348,banana,fresh
30370181,30036,91.85,858.75,71.05,0.449,4.197,0.347,banana,fresh
30371192,30037,92.00,858.65,71.10,0.450,4.197,0.348,banana,fresh
30372203,30038,91.95,858.60,71.15,0.449,4.196,0.348,banana,fresh
30373215,30039,91.95,858.85,71.05,0.449,4.198,0.347,banana,fresh
30374225,30040,92.00,858.65,71.10,0.450,4.197,0.348,banana,fresh
30375236,30041,92.00,858.70,71.10,0.450,4.197,0.348,banana,fresh
30376248,30042,91.95,858.75,71.10,0.449,4.197,0.348,banana,fresh
30377259,30043,92.00,858.75,71.05,0.450,4.197,0.347,banana,fresh
30378270,30044,91.95,858.55,71.15,0.449,4.196,0.348,banana,fresh
30379281,30045,92.00,858.50,71.00,0.450,4.196,0.347,banana,fresh
30380293,30046,91.95,858.70,71.00,0.449,4.197,0.347,banana,fresh
30381303,30047,91.90,858.60,71.05,0.449,4.196,0.347,banana,fresh
30382315,30048,92.00,858.80,71.00,0.450,4.197,0.347,banana,fresh
30383326,30049,91.85,858.45,71.15,0.449,4.196,0.348,banana,fresh
30384336,30050,91.95,858.75,71.20,0.449,4.197,0.348,banana,fresh
30385348,30051,91.90,858.65,71.05,0.449,4.197,0.347,banana,fresh
30386359,30052,91.85,858.60,71.00,0.449,4.196,0.347,banana,fresh
30387371,30053,91.90,858.75,71.00,0.449,4.197,0.347,banana,fresh
30388381,30054,92.00,858.55,71.05,0.450,4.196,0.347,banana,fresh
30389393,30055,91.90,858.75,71.05,0.449,4.197,0.347,banana,fresh
30390404,30056,92.00,858.60,71.00,0.450,4.196,0.347,banana,fresh
30391414,30057,91.90,858.60,71.00,0.449,4.196,0.347,banana,fresh
30392426,30058,91.85,858.60,71.00,0.449,4.196,0.347,banana,fresh
30393437,30059,91.85,858.65,71.05,0.449,4.197,0.347,banana,fresh
30394448,30060,91.90,858.65,71.00,0.449,4.197,0.347,banana,fresh
30395459,30061,91.85,858.55,71.15,0.449,4.196,0.348,banana,fresh
30396471,30062,91.90,858.70,71.00,0.449,4.197,0.347,banana,fresh
30397481,30063,91.75,858.70,71.00,0.448,4.197,0.347,banana,fresh
30398492,30064,91.70,858.70,71.00,0.448,4.197,0.347,banana,fresh
30399504,30065,91.70,858.60,71.00,0.448,4.196,0.347,banana,fresh
30400515,30066,91.70,858.65,71.00,0.448,4.197,0.347,banana,fresh
30401526,30067,91.90,858.65,71.00,0.449,4.197,0.347,banana,fresh
30402537,30068,91.90,858.60,71.05,0.449,4.196,0.347,banana,fresh
30403549,30069,92.00,858.65,71.05,0.450,4.197,0.347,banana,fresh
30404559,30070,91.85,858.60,71.05,0.449,4.196,0.347,banana,fresh
30405570,30071,91.85,858.80,71.00,0.449,4.197,0.347,banana,fresh
30406582,30072,91.90,858.75,71.05,0.449,4.197,0.347,banana,fresh
30407592,30073,91.90,858.55,71.05,0.449,4.196,0.347,banana,fresh
30408604,30074,91.85,858.50,71.00,0.449,4.196,0.347,banana,fresh
30409615,30075,91.75,858.40,71.00,0.448,4.196,0.347,banana,fresh
30410627,30076,91.90,858.60,71.00,0.449,4.196,0.347,banana,fresh
30411637,30077,91.70,858.50,71.00,0.448,4.196,0.347,banana,fresh
30412648,30078,91.65,858.55,71.00,0.448,4.196,0.347,banana,fresh
30413660,30079,91.95,858.65,71.00,0.449,4.197,0.347,banana,fresh
30414670,30080,91.75,858.65,71.00,0.448,4.197,0.347,banana,fresh
30415682,30081,91.75,858.70,71.05,0.448,4.197,0.347,banana,fresh
30416693,30082,91.60,858.55,70.95,0.448,4.196,0.347,banana,fresh
30417704,30083,91.80,858.60,71.00,0.449,4.196,0.347,banana,fresh
30418715,30084,91.85,858.50,71.00,0.449,4.196,0.347,banana,fresh
30419726,30085,91.75,858.65,71.00,0.448,4.197,0.347,banana,fresh
30420738,30086,91.70,858.65,71.00,0.448,4.197,0.347,banana,fresh
30421748,30087,91.80,858.40,71.00,0.449,4.196,0.347,banana,fresh
30422760,30088,91.90,858.75,71.00,0.449,4.197,0.347,banana,fresh
30423771,30089,91.75,858.55,71.00,0.448,4.196,0.347,banana,fresh
30424782,30090,91.65,858.60,71.00,0.448,4.196,0.347,banana,fresh
30425793,30091,91.80,858.65,71.00,0.449,4.197,0.347,banana,fresh
30426804,30092,91.70,858.50,70.90,0.448,4.196,0.347,banana,fresh
30427815,30093,91.75,858.60,71.00,0.448,4.196,0.347,banana,fresh
30428826,30094,91.80,858.65,71.00,0.449,4.197,0.347,banana,fresh
30429838,30095,91.70,858.40,71.00,0.448,4.196,0.347,banana,fresh
30430849,30096,91.75,858.70,70.95,0.448,4.197,0.347,banana,fresh
30431860,30097,91.70,858.60,71.00,0.448,4.196,0.347,banana,fresh
30432871,30098,91.85,858.60,71.00,0.449,4.196,0.347,banana,fresh
30433882,30099,91.75,858.55,71.05,0.448,4.196,0.347,banana,fresh
30434893,30100,91.70,858.65,71.00,0.448,4.197,0.347,banana,fresh
30435904,30101,91.55,858.65,71.10,0.447,4.197,0.348,banana,fresh
30436916,30102,91.65,858.55,71.00,0.448,4.196,0.347,banana,fresh
30437926,30103,91.80,858.45,71.00,0.449,4.196,0.347,banana,fresh
30438938,30104,91.60,858.45,71.00,0.448,4.196,0.347,banana,fresh
30439949,30105,91.65,858.55,71.00,0.448,4.196,0.347,banana,fresh
30440960,30106,91.75,858.55,71.00,0.448,4.196,0.347,banana,fresh
30441971,30107,91.60,858.45,71.00,0.448,4.196,0.347,banana,fresh
30442982,30108,91.60,858.40,71.00,0.448,4.196,0.347,banana,fresh
30443994,30109,91.65,858.50,71.00,0.448,4.196,0.347,banana,fresh
30445004,30110,91.55,858.70,71.05,0.447,4.197,0.347,banana,fresh
30446016,30111,91.65,858.60,71.00,0.448,4.196,0.347,banana,fresh
30447027,30112,91.70,858.40,71.00,0.448,4.196,0.347,banana,fresh
30448037,30113,91.60,858.35,71.00,0.448,4.195,0.347,banana,fresh
30449049,30114,91.40,858.70,70.95,0.447,4.197,0.347,banana,fresh
30450060,30115,91.65,858.35,70.95,0.448,4.195,0.347,banana,fresh
30451072,30116,91.70,858.50,71.00,0.448,4.196,0.347,banana,fresh
30452082,30117,91.45,858.40,71.00,0.447,4.196,0.347,banana,fresh
30453094,30118,91.60,858.70,71.00,0.448,4.197,0.347,banana,fresh
30454105,30119,91.40,858.60,71.00,0.447,4.196,0.347,banana,fresh
30455115,30120,91.60,858.60,70.95,0.448,4.196,0.347,banana,fresh
30456127,30121,91.60,858.65,70.95,0.448,4.197,0.347,banana,fresh
30457138,30122,91.35,858.60,71.00,0.446,4.196,0.347,banana,fresh
30458149,30123,91.60,858.55,71.00,0.448,4.196,0.347,banana,fresh
30459160,30124,91.50,858.70,71.00,0.447,4.197,0.347,banana,fresh
30460172,30125,91.50,858.50,71.00,0.447,4.196,0.347,banana,fresh
30461182,30126,91.55,858.45,70.95,0.447,4.196,0.347,banana,fresh
30462193,30127,91.20,858.50,71.00,0.446,4.196,0.347,banana,fresh
30463205,30128,91.40,858.55,70.90,0.447,4.196,0.347,banana,fresh
30464216,30129,91.55,858.55,71.00,0.447,4.196,0.347,banana,fresh
30465227,30130,91.50,858.40,71.00,0.447,4.196,0.347,banana,fresh
30466238,30131,91.55,858.35,70.95,0.447,4.195,0.347,banana,fresh
30467250,30132,91.45,858.50,70.95,0.447,4.196,0.347,banana,fresh
30468260,30133,91.50,858.50,70.95,0.447,4.196,0.347,banana,fresh
30469271,30134,91.50,858.55,71.00,0.447,4.196,0.347,banana,fresh
30470283,30135,91.50,858.60,71.00,0.447,4.196,0.347,banana,fresh
30471293,30136,91.50,858.45,70.95,0.447,4.196,0.347,banana,fresh
30472305,30137,91.50,858.60,71.00,0.447,4.196,0.347,banana,fresh
30473316,30138,91.50,858.55,70.95,0.447,4.196,0.347,banana,fresh
30474328,30139,91.60,858.55,71.00,0.448,4.196,0.347,banana,fresh
30475338,30140,91.45,858.35,70.95,0.447,4.195,0.347,banana,fresh
30476350,30141,91.45,858.65,70.95,0.447,4.197,0.347,banana,fresh
30477361,30142,91.55,858.35,70.95,0.447,4.195,0.347,banana,fresh
30478371,30143,91.60,858.30,71.00,0.448,4.195,0.347,banana,fresh
30479383,30144,91.50,858.65,71.00,0.447,4.197,0.347,banana,fresh
30480394,30145,91.45,858.45,70.85,0.447,4.196,0.346,banana,fresh
30481405,30146,91.35,858.45,71.00,0.446,4.196,0.347,banana,fresh
30482416,30147,91.40,858.65,70.85,0.447,4.197,0.346,banana,fresh
30483428,30148,91.40,858.60,71.00,0.447,4.196,0.347,banana,fresh
30484439,30149,91.25,858.45,70.95,0.446,4.196,0.347,banana,fresh
30485450,30150,91.55,858.75,70.80,0.447,4.197,0.346,banana,fresh
30486461,30151,91.25,858.60,70.95,0.446,4.196,0.347,banana,fresh
30487472,30152,91.45,858.40,70.95,0.447,4.196,0.347,banana,fresh
30488483,30153,91.45,858.40,70.95,0.447,4.196,0.347,banana,fresh
30489494,30154,91.35,858.35,70.90,0.446,4.195,0.347,banana,fresh
30490506,30155,91.40,858.50,70.95,0.447,4.196,0.347,banana,fresh
30491516,30156,91.40,858.50,71.00,0.447,4.196,0.347,banana,fresh
30492528,30157,91.30,858.40,70.95,0.446,4.196,0.347,banana,fresh
30493539,30158,91.45,858.50,71.00,0.447,4.196,0.347,banana,fresh
30494550,30159,91.35,858.25,71.00,0.446,4.195,0.347,banana,fresh
30495561,30160,91.25,858.40,70.90,0.446,4.196,0.347,banana,fresh
30496572,30161,91.20,858.65,70.90,0.446,4.197,0.347,banana,fresh
30497584,30162,91.25,858.20,71.00,0.446,4.195,0.347,banana,fresh
30498594,30163,91.45,858.50,71.00,0.447,4.196,0.347,banana,fresh
30499606,30164,91.45,858.70,70.90,0.447,4.197,0.347,banana,fresh
30500617,30165,91.20,858.45,71.00,0.446,4.196,0.347,banana,fresh
30501627,30166,91.25,858.40,71.00,0.446,4.196,0.347,banana,fresh
30502639,30167,91.15,858.45,70.90,0.446,4.196,0.347,banana,fresh
30503650,30168,91.25,858.30,70.95,0.446,4.195,0.347,banana,fresh
30504662,30169,91.15,858.35,70.95,0.446,4.195,0.347,banana,fresh
30505672,30170,91.15,858.50,70.90,0.446,4.196,0.347,banana,fresh
30506684,30171,91.25,858.60,70.95,0.446,4.196,0.347,banana,fresh
30507695,30172,91.15,858.50,70.90,0.446,4.196,0.347,banana,fresh
30508706,30173,91.15,858.50,71.00,0.446,4.196,0.347,banana,fresh
30509717,30174,91.40,858.35,70.90,0.447,4.195,0.347,banana,fresh
30510728,30175,91.20,858.50,70.90,0.446,4.196,0.347,banana,fresh
30511739,30176,91.40,858.55,70.90,0.447,4.196,0.347,banana,fresh
30512750,30177,91.15,858.55,70.95,0.446,4.196,0.347,banana,fresh
30513762,30178,91.15,858.35,71.00,0.446,4.195,0.347,banana,fresh
30514772,30179,91.10,858.40,70.90,0.445,4.196,0.347,banana,fresh
30515784,30180,91.15,858.50,70.90,0.446,4.196,0.347,banana,fresh
30516795,30181,91.20,858.45,70.90,0.446,4.196,0.347,banana,fresh
30517806,30182,91.25,858.30,70.85,0.446,4.195,0.346,banana,fresh
30518817,30183,91.30,858.40,70.95,0.446,4.196,0.347,banana,fresh
30519828,30184,91.10,858.25,70.95,0.445,4.195,0.347,banana,fresh
30520840,30185,91.10,858.50,70.90,0.445,4.196,0.347,banana,fresh
30521850,30186,91.15,858.50,70.90,0.446,4.196,0.347,banana,fresh
30522862,30187,91.10,858.45,70.90,0.445,4.196,0.347,banana,fresh
30523873,30188,91.10,858.50,70.80,0.445,4.196,0.346,banana,fresh
30524883,30189,91.15,858.55,70.85,0.446,4.196,0.346,banana,fresh
30525895,30190,91.15,858.45,70.85,0.446,4.196,0.346,banana,fresh
30526906,30191,91.20,858.55,70.75,0.446,4.196,0.346,banana,fresh
30527918,30192,91.05,858.60,70.75,0.445,4.196,0.346,banana,fresh
30528928,30193,91.10,858.55,70.85,0.445,4.196,0.346,banana,fresh
30529940,30194,91.20,858.35,70.85,0.446,4.195,0.346,banana,fresh
30530951,30195,91.10,858.50,70.85,0.445,4.196,0.346,banana,fresh
30531962,30196,91.15,858.50,70.85,0.446,4.196,0.346,banana,fresh
30532973,30197,91.10,858.45,70.90,0.445,4.196,0.347,banana,fresh
30533984,30198,91.20,858.70,71.00,0.446,4.197,0.347,banana,fresh
30534995,30199,91.30,858.40,70.90,0.446,4.196,0.347,banana,fresh
30536006,30200,91.00,858.25,70.85,0.445,4.195,0.346,banana,fresh
30537018,30201,91.00,858.55,70.75,0.445,4.196,0.346,banana,fresh
30538029,30202,91.05,858.40,70.85,0.445,4.196,0.346,banana,fresh
30539040,30203,91.20,858.35,70.85,0.446,4.195,0.346,banana,fresh
30540051,30204,91.00,858.35,70.90,0.445,4.195,0.347,banana,fresh
30541062,30205,91.05,858.35,70.85,0.445,4.195,0.346,banana,fresh
30542073,30206,91.00,858.45,70.90,0.445,4.196,0.347,banana,fresh
30543084,30207,91.00,858.40,70.85,0.445,4.196,0.346,banana,fresh
30544096,30208,91.00,858.40,70.85,0.445,4.196,0.346,banana,fresh
30545106,30209,91.05,858.40,70.75,0.445,4.196,0.346,banana,fresh
30546118,30210,91.05,858.30,70.80,0.445,4.195,0.346,banana,fresh
30547129,30211,91.05,858.30,70.70,0.445,4.195,0.346,banana,fresh
30548141,30212,91.05,858.55,70.85,0.445,4.196,0.346,banana,fresh
30549151,30213,91.20,858.25,70.85,0.446,4.195,0.346,banana,fresh
30550162,30214,91.10,858.35,70.90,0.445,4.195,0.347,banana,fresh
30551174,30215,91.10,858.30,70.80,0.445,4.195,0.346,banana,fresh
30552184,30216,91.10,858.40,70.85,0.445,4.196,0.346,banana,fresh
30553196,30217,91.05,858.45,70.75,0.445,4.196,0.346,banana,fresh
30554207,30218,91.10,858.20,70.75,0.445,4.195,0.346,banana,fresh
30555218,30219,91.05,858.60,70.80,0.445,4.196,0.346,banana,fresh
30556229,30220,91.00,858.40,70.60,0.445,4.196,0.345,banana,fresh
30557240,30221,91.00,858.40,70.80,0.445,4.196,0.346,banana,fresh
30558252,30222,91.00,858.45,70.65,0.445,4.196,0.345,banana,fresh
30559262,30223,91.05,858.60,70.90,0.445,4.196,0.347,banana,fresh
30560274,30224,91.05,858.55,70.65,0.445,4.196,0.345,banana,fresh
30561285,30225,91.05,858.50,70.80,0.445,4.196,0.346,banana,fresh
30562296,30226,91.00,858.45,70.70,0.445,4.196,0.346,banana,fresh
30563307,30227,91.00,858.40,70.80,0.445,4.196,0.346,banana,fresh
30564318,30228,91.00,858.30,70.80,0.445,4.195,0.346,banana,fresh
30565329,30229,91.00,858.55,70.65,0.445,4.196,0.345,banana,fresh
30566340,30230,91.15,858.50,70.75,0.446,4.196,0.346,banana,fresh
30567352,30231,90.95,858.35,70.75,0.445,4.195,0.346,banana,fresh
30568363,30232,91.05,858.50,70.75,0.445,4.196,0.346,banana,fresh
30569374,30233,90.95,858.35,70.65,0.445,4.195,0.345,banana,fresh
30570385,30234,91.10,858.25,70.60,0.445,4.195,0.345,banana,fresh
30571397,30235,91.10,858.40,70.80,0.445,4.196,0.346,banana,fresh
30572407,30236,91.05,858.55,70.75,0.445,4.196,0.346,banana,fresh
30573418,30237,91.05,858.15,70.75,0.445,4.194,0.346,banana,fresh
30574430,30238,91.00,858.40,70.75,0.445,4.196,0.346,banana,fresh
30575440,30239,91.00,858.40,70.60,0.445,4.196,0.345,banana,fresh
30576452,30240,91.00,858.45,70.55,0.445,4.196,0.345,banana,fresh
30577463,30241,91.00,858.35,70.65,0.445,4.195,0.345,banana,fresh
30578475,30242,91.00,858.35,70.85,0.445,4.195,0.346,banana,fresh
30579485,30243,91.10,858.40,70.60,0.445,4.196,0.345,banana,fresh
30580496,30244,91.05,858.50,70.65,0.445,4.196,0.345,banana,fresh
30581508,30245,91.00,858.40,70.60,0.445,4.196,0.345,banana,fresh
30582518,30246,91.00,858.40,70.80,0.445,4.196,0.346,banana,fresh
30583530,30247,90.95,858.35,70.70,0.445,4.195,0.346,banana,fresh
30584541,30248,91.00,858.40,70.65,0.445,4.196,0.345,banana,fresh
30585552,30249,91.00,858.40,70.50,0.445,4.196,0.345,banana,fresh
30586563,30250,91.00,858.45,70.60,0.445,4.196,0.345,banana,fresh
30587574,30251,91.00,858.35,70.55,0.445,4.195,0.345,banana,fresh
30588585,30252,90.95,858.25,70.55,0.445,4.195,0.345,banana,fresh
30589596,30253,90.95,858.25,70.80,0.445,4.195,0.346,banana,fresh
30590608,30254,91.00,858.20,70.60,0.445,4.195,0.345,banana,fresh
30591619,30255,90.95,858.15,70.70,0.445,4.194,0.346,banana,fresh
30592630,30256,90.95,858.30,70.60,0.445,4.195,0.345,banana,fresh
30593641,30257,91.00,858.25,70.65,0.445,4.195,0.345,banana,fresh
30594652,30258,90.95,858.25,70.50,0.445,4.195,0.345,banana,fresh
30595663,30259,90.95,858.30,70.50,0.445,4.195,0.345,banana,fresh
30596674,30260,91.00,858.40,70.65,0.445,4.196,0.345,banana,fresh
30597686,30261,91.05,858.35,70.65,0.445,4.195,0.345,banana,fresh
30598696,30262,90.85,858.10,70.70,0.444,4.194,0.346,banana,fresh
30599708,30263,90.95,858.25,70.50,0.445,4.195,0.345,banana,fresh
30600719,30264,90.95,858.15,70.55,0.445,4.194,0.345,banana,fresh
30601731,30265,90.85,858.20,70.60,0.444,4.195,0.345,banana,fresh
30602741,30266,90.85,858.25,70.85,0.444,4.195,0.346,banana,fresh
30603752,30267,90.90,858.35,70.70,0.444,4.195,0.346,banana,fresh
30604764,30268,90.90,858.40,70.65,0.444,4.196,0.345,banana,fresh
30605774,30269,90.90,858.35,70.35,0.444,4.195,0.344,banana,fresh
30606786,30270,90.95,858.25,70.45,0.445,4.195,0.344,banana,fresh
30607797,30271,90.95,858.10,70.60,0.445,4.194,0.345,banana,fresh
30608808,30272,90.90,858.45,70.45,0.444,4.196,0.344,banana,fresh
30609819,30273,90.80,858.35,70.50,0.444,4.195,0.345,banana,fresh
30610831,30274,90.95,858.35,70.55,0.445,4.195,0.345,banana,fresh
30611842,30275,90.90,858.40,70.75,0.444,4.196,0.346,banana,fresh
30612852,30276,90.85,858.40,70.35,0.444,4.196,0.344,banana,fresh
30613864,30277,90.90,858.35,70.75,0.444,4.195,0.346,banana,fresh
30614875,30278,90.95,858.45,70.55,0.445,4.196,0.345,banana,fresh
30615886,30279,90.85,858.35,70.70,0.444,4.195,0.346,banana,fresh
30616897,30280,90.90,858.20,70.35,0.444,4.195,0.344,banana,fresh
30617909,30281,90.85,858.45,70.45,0.444,4.196,0.344,banana,fresh
30618919,30282,90.85,858.45,70.45,0.444,4.196,0.344,banana,fresh
30619930,30283,90.95,858.15,70.65,0.445,4.194,0.345,banana,fresh
30620942,30284,90.95,858.25,70.45,0.445,4.195,0.344,banana,fresh
30621953,30285,91.00,858.20,70.55,0.445,4.195,0.345,banana,fresh
30622964,30286,90.90,858.30,70.40,0.444,4.195,0.344,banana,fresh
30623975,30287,90.90,858.25,70.35,0.444,4.195,0.344,banana,fresh
30624987,30288,90.80,858.20,70.45,0.444,4.195,0.344,banana,fresh
30625997,30289,90.90,858.25,70.50,0.444,4.195,0.345,banana,fresh
30627008,30290,90.95,858.25,70.55,0.445,4.195,0.345,banana,fresh
30628020,30291,90.85,858.30,70.45,0.444,4.195,0.344,banana,fresh
30629030,30292,90.85,858.10,70.45,0.444,4.194,0.344,banana,fresh
30630042,30293,90.85,858.30,70.40,0.444,4.195,0.344,banana,fresh
30631053,30294,90.85,858.40,70.40,0.444,4.196,0.344,banana,fresh
30632065,30295,90.80,858.35,70.50,0.444,4.195,0.345,banana,fresh
30633075,30296,90.95,858.55,70.40,0.445,4.196,0.344,banana,fresh
30634087,30297,90.90,858.20,70.40,0.444,4.195,0.344,banana,fresh
30635098,30298,90.75,858.45,70.50,0.444,4.196,0.345,banana,fresh
30636108,30299,90.80,858.30,70.55,0.444,4.195,0.345,banana,fresh
30637120,30300,90.75,858.30,70.40,0.444,4.195,0.344,banana,fresh
30638131,30301,90.90,858.45,70.20,0.444,4.196,0.343,banana,fresh
30639142,30302,90.90,858.30,70.40,0.444,4.195,0.344,banana,fresh
30640153,30303,90.80,858.25,70.40,0.444,4.195,0.344,banana,fresh
30641165,30304,90.75,858.25,70.50,0.444,4.195,0.345,banana,fresh
30642176,30305,90.80,858.35,70.35,0.444,4.195,0.344,banana,fresh
30643186,30306,90.90,858.15,70.40,0.444,4.194,0.344,banana,fresh
30644198,30307,90.65,858.30,70.40,0.443,4.195,0.344,banana,fresh
30645209,30308,90.75,858.15,70.35,0.444,4.194,0.344,banana,fresh
30646220,30309,90.70,858.30,70.50,0.443,4.195,0.345,banana,fresh
30647231,30310,90.90,858.15,70.25,0.444,4.194,0.343,banana,fresh
30648243,30311,90.75,858.30,70.35,0.444,4.195,0.344,banana,fresh
30649253,30312,90.80,858.40,70.30,0.444,4.196,0.344,banana,fresh
30650265,30313,90.75,858.15,70.35,0.444,4.194,0.344,banana,fresh
30651276,30314,90.85,858.25,70.30,0.444,4.195,0.344,banana,fresh
30652286,30315,90.65,858.40,70.55,0.443,4.196,0.345,banana,fresh
30653298,30316,90.90,858.35,70.20,0.444,4.195,0.343,banana,fresh
30654309,30317,90.70,858.35,70.25,0.443,4.195,0.343,banana,fresh
30655321,30318,90.65,858.20,70.30,0.443,4.195,0.344,banana,fresh
30656331,30319,90.60,858.25,70.30,0.443,4.195,0.344,banana,fresh
30657343,30320,90.75,858.20,70.35,0.444,4.195,0.344,banana,fresh
30658354,30321,90.55,858.40,70.20,0.443,4.196,0.343,banana,fresh
30659365,30322,90.80,858.20,70.10,0.444,4.195,0.343,banana,fresh
30660376,30323,90.45,858.10,70.30,0.442,4.194,0.344,banana,fresh
30661387,30324,90.70,858.20,70.35,0.443,4.195,0.344,banana,fresh
30662398,30325,90.65,858.25,70.25,0.443,4.195,0.343,banana,fresh
30663409,30326,90.75,858.10,70.50,0.444,4.194,0.345,banana,fresh
30664421,30327,90.70,858.45,70.25,0.443,4.196,0.343,banana,fresh
30665432,30328,90.60,858.25,70.40,0.443,4.195,0.344,banana,fresh
30666443,30329,90.70,858.25,70.25,0.443,4.195,0.343,banana,fresh
30667454,30330,90.50,858.25,70.45,0.442,4.195,0.344,banana,fresh
30668465,30331,90.50,858.20,70.15,0.442,4.195,0.343,banana,fresh
30669476,30332,90.55,858.20,70.30,0.443,4.195,0.344,banana,fresh
30670487,30333,90.60,858.20,70.15,0.443,4.195,0.343,banana,fresh
30671499,30334,90.70,858.40,70.25,0.443,4.196,0.343,banana,fresh
30672509,30335,90.65,858.20,70.15,0.443,4.195,0.343,banana,fresh
30673521,30336,90.40,858.05,70.30,0.442,4.194,0.344,banana,fresh
30674532,30337,90.55,858.25,70.55,0.443,4.195,0.345,banana,fresh
30675544,30338,90.60,858.25,70.15,0.443,4.195,0.343,banana,fresh
30676554,30339,90.50,858.20,70.25,0.442,4.195,0.343,banana,fresh
30677565,30340,90.65,858.20,70.20,0.443,4.195,0.343,banana,fresh
30678577,30341,90.60,858.20,70.15,0.443,4.195,0.343,banana,fresh
30679587,30342,90.55,858.30,70.35,0.443,4.195,0.344,banana,fresh
30680599,30343,90.50,858.15,70.15,0.442,4.194,0.343,banana,fresh
30681610,30344,90.55,858.20,70.20,0.443,4.195,0.343,banana,fresh
30682621,30345,90.65,858.20,70.15,0.443,4.195,0.343,banana,fresh
30683632,30346,90.65,858.00,70.35,0.443,4.194,0.344,banana,fresh
30684643,30347,90.50,858.10,70.20,0.442,4.194,0.343,banana,fresh
30685655,30348,90.40,858.05,70.25,0.442,4.194,0.343,banana,fresh
30686665,30349,90.45,858.00,70.15,0.442,4.194,0.343,banana,fresh
30687677,30350,90.40,858.25,70.20,0.442,4.195,0.343,banana,fresh
30688688,30351,90.60,858.30,70.25,0.443,4.195,0.343,banana,fresh
30689699,30352,90.50,858.25,70.20,0.442,4.195,0.343,banana,fresh
30690710,30353,90.50,858.40,70.20,0.442,4.196,0.343,banana,fresh
30691722,30354,90.50,858.20,70.15,0.442,4.195,0.343,banana,fresh
30692732,30355,90.30,858.30,70.15,0.441,4.195,0.343,banana,fresh
30693743,30356,90.40,858.35,70.15,0.442,4.195,0.343,banana,fresh
30694755,30357,90.30,858.35,70.20,0.441,4.195,0.343,banana,fresh
30695766,30358,90.40,858.05,70.05,0.442,4.194,0.342,banana,fresh
30696777,30359,90.50,858.35,70.10,0.442,4.195,0.343,banana,fresh
30697788,30360,90.40,858.20,70.15,0.442,4.195,0.343,banana,fresh
30698800,30361,90.55,858.20,70.15,0.443,4.195,0.343,banana,fresh
30699810,30362,90.35,858.05,70.15,0.442,4.194,0.343,banana,fresh
30700822,30363,90.50,858.25,70.25,0.442,4.195,0.343,banana,fresh
30701833,30364,90.40,858.25,70.15,0.442,4.195,0.343,banana,fresh
30702843,30365,90.55,858.10,70.15,0.443,4.194,0.343,banana,fresh
30703855,30366,90.30,858.35,70.10,0.441,4.195,0.343,banana,fresh
30704866,30367,90.55,858.15,70.20,0.443,4.194,0.343,banana,fresh
30705878,30368,90.30,858.40,70.15,0.441,4.196,0.343,banana,fresh
30706888,30369,90.30,858.25,70.20,0.441,4.195,0.343,banana,fresh
30707900,30370,90.45,858.20,70.20,0.442,4.195,0.343,banana,fresh
30708911,30371,90.55,858.25,70.15,0.443,4.195,0.343,banana,fresh
30709922,30372,90.35,858.20,70.30,0.442,4.195,0.344,banana,fresh
30710933,30373,90.35,858.25,70.15,0.442,4.195,0.343,banana,fresh
30711944,30374,90.30,858.10,70.20,0.441,4.194,0.343,banana,fresh
30712955,30375,90.20,858.30,70.35,0.441,4.195,0.344,banana,fresh
30713966,30376,90.40,858.05,70.20,0.442,4.194,0.343,banana,fresh
30714978,30377,90.35,858.15,70.10,0.442,4.194,0.343,banana,fresh
30715988,30378,90.20,858.25,70.20,0.441,4.195,0.343,banana,fresh
30717000,30379,90.30,858.30,70.10,0.441,4.195,0.343,banana,fresh
30718011,30380,90.30,858.10,70.10,0.441,4.194,0.343,banana,fresh
30719022,30381,90.40,858.15,70.05,0.442,4.194,0.342,banana,fresh
30720033,30382,90.35,858.10,70.00,0.442,4.194,0.342,banana,fresh
30721044,30383,90.30,858.25,70.10,0.441,4.195,0.343,banana,fresh
30722056,30384,90.20,858.15,70.15,0.441,4.194,0.343,banana,fresh
30723066,30385,90.40,858.35,70.05,0.442,4.195,0.342,banana,fresh
30724078,30386,90.20,858.15,70.15,0.441,4.194,0.343,banana,fresh
30725089,30387,90.25,858.15,70.05,0.441,4.194,0.342,banana,fresh
30726100,30388,90.10,858.15,70.25,0.440,4.194,0.343,banana,fresh
30727111,30389,90.40,858.20,70.00,0.442,4.195,0.342,banana,fresh
30728122,30390,90.35,858.25,70.15,0.442,4.195,0.343,banana,fresh
30729134,30391,90.05,858.15,70.20,0.440,4.194,0.343,banana,fresh
30730144,30392,90.30,858.15,70.05,0.441,4.194,0.342,banana,fresh
30731156,30393,90.25,858.15,70.15,0.441,4.194,0.343,banana,fresh
30732167,30394,90.25,858.05,70.10,0.441,4.194,0.343,banana,fresh
30733178,30395,90.15,858.20,70.05,0.441,4.195,0.342,banana,fresh
30734189,30396,90.20,858.15,70.10,0.441,4.194,0.343,banana,fresh
30735200,30397,90.15,858.25,70.05,0.441,4.195,0.342,banana,fresh
30736211,30398,90.10,858.10,70.10,0.440,4.194,0.343,banana,fresh
30737222,30399,90.40,858.25,70.10,0.442,4.195,0.343,banana,fresh
30738234,30400,90.10,858.20,70.05,0.440,4.195,0.342,banana,fresh
30739245,30401,90.35,858.10,70.00,0.442,4.194,0.342,banana,fresh
30740256,30402,90.10,858.30,70.00,0.440,4.195,0.342,banana,fresh
30741267,30403,90.20,858.15,70.15,0.441,4.194,0.343,banana,fresh
30742279,30404,90.10,858.10,70.15,0.440,4.194,0.343,banana,fresh
30743289,30405,90.20,858.25,70.05,0.441,4.195,0.342,banana,fresh
30744300,30406,90.15,858.30,70.10,0.441,4.195,0.343,banana,fresh
30745312,30407,90.25,858.05,70.10,0.441,4.194,0.343,banana,fresh
30746322,30408,90.15,858.15,70.05,0.441,4.194,0.342,banana,fresh
30747334,30409,90.10,858.30,70.05,0.440,4.195,0.342,banana,fresh
30748345,30410,90.15,858.20,70.00,0.441,4.195,0.342,banana,fresh
30749357,30411,90.20,858.20,70.00,0.441,4.195,0.342,banana,fresh
30750367,30412,90.25,858.20,70.05,0.441,4.195,0.342,banana,fresh
30751378,30413,90.35,858.05,70.05,0.442,4.194,0.342,banana,fresh
30752390,30414,90.10,858.15,70.15,0.440,4.194,0.343,banana,fresh
30753400,30415,90.25,858.10,70.00,0.441,4.194,0.342,banana,fresh
30754412,30416,90.15,858.15,70.05,0.441,4.194,0.342,banana,fresh
30755423,30417,90.15,858.05,70.05,0.441,4.194,0.342,banana,fresh
30756434,30418,90.25,858.15,70.00,0.441,4.194,0.342,banana,fresh
30757445,30419,90.25,858.10,70.05,0.441,4.194,0.342,banana,fresh
30758457,30420,90.15,858.05,70.00,0.441,4.194,0.342,banana,fresh
30759468,30421,90.15,858.15,70.00,0.441,4.194,0.342,banana,fresh
30760478,30422,90.05,858.20,70.10,0.440,4.195,0.343,banana,fresh
30761490,30423,90.10,858.25,70.05,0.440,4.195,0.342,banana,fresh
30762501,30424,90.05,858.15,70.00,0.440,4.194,0.342,banana,fresh
30763512,30425,90.05,858.00,70.05,0.440,4.194,0.342,banana,fresh
30764523,30426,90.15,858.10,70.00,0.441,4.194,0.342,banana,fresh
30765535,30427,90.10,858.15,70.00,0.440,4.194,0.342,banana,fresh
30766545,30428,90.20,858.10,70.00,0.441,4.194,0.342,banana,fresh
30767556,30429,90.05,858.20,70.05,0.440,4.195,0.342,banana,fresh
30768568,30430,90.30,858.05,70.00,0.441,4.194,0.342,banana,fresh
30769579,30431,90.05,858.00,70.00,0.440,4.194,0.342,banana,fresh
30770590,30432,90.10,858.10,70.00,0.440,4.194,0.342,banana,fresh
30771601,30433,90.15,858.10,70.05,0.441,4.194,0.342,banana,fresh
30772613,30434,90.10,858.20,70.00,0.440,4.195,0.342,banana,fresh
30773623,30435,90.05,858.05,70.05,0.440,4.194,0.342,banana,fresh
30774634,30436,90.20,858.10,70.00,0.441,4.194,0.342,banana,fresh
30775646,30437,90.05,858.05,70.05,0.440,4.194,0.342,banana,fresh
30776656,30438,90.05,858.15,70.10,0.440,4.194,0.343,banana,fresh
30777668,30439,90.05,858.15,70.05,0.440,4.194,0.342,banana,fresh
30778679,30440,90.00,858.05,70.00,0.440,4.194,0.342,banana,fresh
30779689,30441,90.10,858.05,70.00,0.440,4.194,0.342,banana,fresh
30780701,30442,90.05,858.00,70.00,0.440,4.194,0.342,banana,fresh
30781712,30443,90.05,858.20,70.00,0.440,4.195,0.342,banana,fresh
30782724,30444,90.05,858.10,70.00,0.440,4.194,0.342,banana,fresh
30783734,30445,90.10,858.10,70.00,0.440,4.194,0.342,banana,fresh
30784746,30446,90.05,858.15,70.00,0.440,4.194,0.342,banana,fresh
30785757,30447,90.10,858.10,70.00,0.440,4.194,0.342,banana,fresh
30786767,30448,90.10,858.10,70.10,0.440,4.194,0.343,banana,fresh
30787779,30449,90.10,858.10,70.00,0.440,4.194,0.342,banana,fresh
30788790,30450,90.10,858.10,70.05,0.440,4.194,0.342,banana,fresh
30789801,30451,90.10,858.05,70.05,0.440,4.194,0.342,banana,fresh
30790812,30452,90.10,858.25,70.00,0.440,4.195,0.342,banana,fresh
30791824,30453,90.10,858.15,70.00,0.440,4.194,0.342,banana,fresh
30792835,30454,90.05,858.00,70.00,0.440,4.194,0.342,banana,fresh
30793845,30455,90.05,858.15,70.00,0.440,4.194,0.342,banana,fresh
30794857,30456,90.05,858.00,70.05,0.440,4.194,0.342,banana,fresh
30795868,30457,90.10,858.10,70.00,0.440,4.194,0.342,banana,fresh
30796879,30458,90.00,858.20,70.00,0.440,4.195,0.342,banana,fresh
30797890,30459,90.15,858.05,70.10,0.441,4.194,0.343,banana,fresh
30798902,30460,90.05,858.10,70.00,0.440,4.194,0.342,banana,fresh
30799912,30461,90.05,858.05,70.05,0.440,4.194,0.342,banana,fresh
30800923,30462,90.05,858.05,70.00,0.440,4.194,0.342,banana,fresh
30801935,30463,90.00,858.05,70.00,0.440,4.194,0.342,banana,fresh
30802946,30464,90.00,858.05,70.05,0.440,4.194,0.342,banana,fresh
30803957,30465,89.95,858.20,70.00,0.440,4.195,0.342,banana,fresh
30804968,30466,90.05,858.00,70.00,0.440,4.194,0.342,banana,fresh
30805979,30467,90.05,858.05,70.05,0.440,4.194,0.342,banana,fresh
30806990,30468,90.00,858.10,69.95,0.440,4.194,0.342,banana,fresh
30808001,30469,90.05,858.10,70.10,0.440,4.194,0.343,banana,fresh
30809013,30470,90.05,858.20,70.00,0.440,4.195,0.342,banana,fresh
30810023,30471,90.00,858.05,70.00,0.440,4.194,0.342,banana,fresh
30811035,30472,90.10,858.00,70.05,0.440,4.194,0.342,banana,fresh
30812046,30473,90.05,858.05,70.00,0.440,4.194,0.342,banana,fresh
30813057,30474,90.05,858.00,70.00,0.440,4.194,0.342,banana,fresh
30814068,30475,90.00,858.05,70.00,0.440,4.194,0.342,banana,fresh
30815079,30476,90.05,858.05,70.00,0.440,4.194,0.342,banana,fresh
30816091,30477,90.00,858.10,70.10,0.440,4.194,0.343,banana,fresh
30817101,30478,90.00,858.10,70.00,0.440,4.194,0.342,banana,fresh
30818113,30479,90.00,858.10,70.05,0.440,4.194,0.342,banana,fresh
30819124,30480,89.95,858.15,70.00,0.440,4.194,0.342,banana,fresh
30820134,30481,90.00,858.15,69.95,0.440,4.194,0.342,banana,fresh
30821146,30482,90.00,858.10,70.15,0.440,4.194,0.343,banana,fresh
30822157,30483,90.00,858.05,69.95,0.440,4.194,0.342,banana,fresh
30823169,30484,90.00,858.15,70.00,0.440,4.194,0.342,banana,fresh
30824179,30485,90.00,858.15,70.00,0.440,4.194,0.342,banana,fresh
30825191,30486,90.00,858.15,70.00,0.440,4.194,0.342,banana,fresh
30826202,30487,90.00,858.10,70.00,0.440,4.194,0.342,banana,fresh
30827212,30488,90.05,858.15,70.00,0.440,4.194,0.342,banana,fresh
30828224,30489,90.00,858.40,70.05,0.440,4.196,0.342,banana,fresh
30829235,30490,90.00,858.10,70.00,0.440,4.194,0.342,banana,fresh
30830246,30491,90.00,858.10,70.00,0.440,4.194,0.342,banana,fresh
30831257,30492,90.00,858.05,70.00,0.440,4.194,0.342,banana,fresh
30832268,30493,89.95,858.10,70.00,0.440,4.194,0.342,banana,fresh
30833280,30494,89.95,858.10,70.00,0.440,4.194,0.342,banana,fresh
30834290,30495,90.10,858.10,70.00,0.440,4.194,0.342,banana,fresh
30835302,30496,90.00,858.05,70.00,0.440,4.194,0.342,banana,fresh
30836313,30497,89.95,858.20,70.00,0.440,4.195,0.342,banana,fresh
30837324,30498,90.00,858.15,70.00,0.440,4.194,0.342,banana,fresh
30838335,30499,90.00,858.05,70.00,0.440,4.194,0.342,banana,fresh
30839346,30500,90.00,858.15,70.00,0.440,4.194,0.342,banana,fresh
30840357,30501,90.00,858.05,70.00,0.440,4.194,0.342,banana,fresh
30841368,30502,90.10,858.15,69.95,0.440,4.194,0.342,banana,fresh
30842380,30503,90.05,858.05,70.00,0.440,4.194,0.342,banana,fresh
30843390,30504,90.00,858.20,70.00,0.440,4.195,0.342,banana,fresh
30844401,30505,90.00,858.10,70.00,0.440,4.194,0.342,banana,fresh
30845413,30506,89.95,858.05,70.00,0.440,4.194,0.342,banana,fresh
30846424,30507,90.00,858.05,69.95,0.440,4.194,0.342,banana,fresh
30847435,30508,90.00,858.05,70.05,0.440,4.194,0.342,banana,fresh
30848446,30509,90.05,858.00,70.00,0.440,4.194,0.342,banana,fresh
30849458,30510,90.00,858.00,70.00,0.440,4.194,0.342,banana,fresh
30850468,30511,89.90,858.10,69.95,0.439,4.194,0.342,banana,fresh
30851479,30512,89.95,858.10,70.00,0.440,4.194,0.342,banana,fresh
30852491,30513,90.05,858.10,70.00,0.440,4.194,0.342,banana,fresh
30853501,30514,90.00,858.00,70.05,0.440,4.194,0.342,banana,fresh
30854513,30515,90.00,858.10,69.95,0.440,4.194,0.342,banana,fresh
30855524,30516,90.00,858.05,70.00,0.440,4.194,0.342,banana,fresh
30856535,30517,90.00,858.05,70.00,0.440,4.194,0.342,banana,fresh
30857546,30518,89.90,858.05,70.00,0.439,4.194,0.342,banana,fresh
30858557,30519,90.00,858.15,70.00,0.440,4.194,0.342,banana,fresh
30859569,30520,90.00,858.00,70.00,0.440,4.194,0.342,banana,fresh
30860579,30521,90.00,858.10,70.10,0.440,4.194,0.343,banana,fresh
30861591,30522,90.00,858.10,70.00,0.440,4.194,0.342,banana,fresh
30862602,30523,89.95,858.05,70.05,0.440,4.194,0.342,banana,fresh
30863612,30524,89.95,858.10,70.00,0.440,4.194,0.342,banana,fresh
30864624,30525,90.00,858.05,70.00,0.440,4.194,0.342,banana,fresh
30865635,30526,90.00,858.15,69.95,0.440,4.194,0.342,banana,fresh
30866647,30527,89.95,858.00,69.95,0.440,4.194,0.342,banana,fresh
30867657,30528,89.90,858.05,70.00,0.439,4.194,0.342,banana,fresh
30868669,30529,90.00,858.00,70.00,0.440,4.194,0.342,banana,fresh
30869680,30530,90.00,858.15,70.00,0.440,4.194,0.342,banana,fresh
30870690,30531,90.00,858.00,70.00,0.440,4.194,0.342,banana,fresh
30871702,30532,89.90,858.00,70.05,0.439,4.194,0.342,banana,fresh
30872713,30533,90.00,858.10,70.10,0.440,4.194,0.343,banana,fresh
30873724,30534,89.95,858.05,70.00,0.440,4.194,0.342,banana,fresh
30874735,30535,90.00,858.10,70.00,0.440,4.194,0.342,banana,fresh
30875746,30536,90.00,858.10,70.00,0.440,4.194,0.342,banana,fresh
30876758,30537,90.00,858.25,70.00,0.440,4.195,0.342,banana,fresh
30877768,30538,89.85,858.10,70.00,0.439,4.194,0.342,banana,fresh
30878780,30539,89.95,858.10,70.00,0.440,4.194,0.342,banana,fresh
30879791,30540,89.90,858.00,70.00,0.439,4.194,0.342,banana,fresh
30880802,30541,90.00,858.10,70.00,0.440,4.194,0.342,banana,fresh
30881813,30542,90.00,858.10,70.00,0.440,4.194,0.342,banana,fresh
30882824,30543,89.95,858.00,70.05,0.440,4.194,0.342,banana,fresh
30883835,30544,89.95,858.05,70.05,0.440,4.194,0.342,banana,fresh
30884846,30545,89.95,858.05,70.00,0.440,4.194,0.342,banana,fresh
30885858,30546,89.90,858.05,69.95,0.439,4.194,0.342,banana,fresh
30886868,30547,89.95,858.00,70.00,0.440,4.194,0.342,banana,fresh
30887880,30548,89.95,858.05,69.95,0.440,4.194,0.342,banana,fresh
30888891,30549,89.90,858.15,70.00,0.439,4.194,0.342,banana,fresh
30889902,30550,89.95,858.15,70.05,0.440,4.194,0.342,banana,fresh
30890913,30551,90.00,858.05,70.00,0.440,4.194,0.342,banana,fresh
30891924,30552,89.95,858.15,70.00,0.440,4.194,0.342,banana,fresh
30892936,30553,90.00,858.20,70.05,0.440,4.195,0.342,banana,fresh
30893946,30554,89.90,858.15,70.00,0.439,4.194,0.342,banana,fresh
30894957,30555,90.00,858.10,69.95,0.440,4.194,0.342,banana,fresh
30895969,30556,89.90,858.15,70.00,0.439,4.194,0.342,banana,fresh
30896979,30557,89.85,858.15,69.90,0.439,4.194,0.342,banana,fresh
30897991,30558,89.95,858.15,70.00,0.440,4.194,0.342,banana,fresh
30899002,30559,89.95,858.05,70.00,0.440,4.194,0.342,banana,fresh
30900014,30560,90.05,858.05,70.00,0.440,4.194,0.342,banana,fresh
30901024,30561,89.85,858.10,70.00,0.439,4.194,0.342,banana,fresh
30902036,30562,89.90,858.15,70.05,0.439,4.194,0.342,banana,fresh
30903047,30563,90.00,858.00,70.05,0.440,4.194,0.342,banana,fresh
30904057,30564,89.90,858.15,69.95,0.439,4.194,0.342,banana,fresh
30905069,30565,89.90,858.00,70.00,0.439,4.194,0.342,banana,fresh
30906080,30566,89.85,858.05,69.95,0.439,4.194,0.342,banana,fresh
30907091,30567,90.00,858.10,70.00,0.440,4.194,0.342,banana,fresh
30908102,30568,89.90,858.10,70.00,0.439,4.194,0.342,banana,fresh
30909113,30569,90.00,858.00,70.00,0.440,4.194,0.342,banana,fresh
30910125,30570,89.95,858.20,70.00,0.440,4.195,0.342,banana,fresh
30911135,30571,89.95,858.05,70.00,0.440,4.194,0.342,banana,fresh
30912147,30572,90.00,858.00,69.95,0.440,4.194,0.342,banana,fresh
30913158,30573,89.80,858.00,70.00,0.439,4.194,0.342,banana,fresh
30914169,30574,89.90,858.15,70.00,0.439,4.194,0.342,banana,fresh
30915180,30575,89.95,858.00,70.00,0.440,4.194,0.342,banana,fresh
30916191,30576,89.90,858.00,70.00,0.439,4.194,0.342,banana,fresh
30917202,30577,90.00,858.05,69.95,0.440,4.194,0.342,banana,fresh
30918213,30578,90.00,858.15,70.00,0.440,4.194,0.342,banana,fresh
30919225,30579,89.90,858.05,69.95,0.439,4.194,0.342,banana,fresh
30920236,30580,89.95,858.05,70.00,0.440,4.194,0.342,banana,fresh
30921247,30581,90.00,858.05,70.05,0.440,4.194,0.342,banana,fresh
30922258,30582,89.90,858.05,69.95,0.439,4.194,0.342,banana,fresh
30923269,30583,90.00,858.00,70.00,0.440,4.194,0.342,banana,fresh
30924280,30584,89.90,858.05,70.00,0.439,4.194,0.342,banana,fresh
30925291,30585,89.85,858.10,69.95,0.439,4.194,0.342,banana,fresh
30926303,30586,89.90,858.05,70.00,0.439,4.194,0.342,banana,fresh
30927313,30587,89.80,858.00,70.00,0.439,4.194,0.342,banana,fresh
30928324,30588,89.95,858.10,70.00,0.440,4.194,0.342,banana,fresh
30929336,30589,89.90,858.05,70.00,0.439,4.194,0.342,banana,fresh
30930347,30590,89.90,858.10,70.00,0.439,4.194,0.342,banana,fresh
30931358,30591,89.95,858.15,70.00,0.440,4.194,0.342,banana,fresh
30932369,30592,89.80,858.05,70.00,0.439,4.194,0.342,banana,fresh
30933381,30593,89.95,858.20,70.00,0.440,4.195,0.342,banana,fresh
30934391,30594,89.95,858.05,69.95,0.440,4.194,0.342,banana,fresh
30935402,30595,89.85,858.15,70.00,0.439,4.194,0.342,banana,fresh
30936414,30596,90.00,858.15,70.05,0.440,4.194,0.342,banana,fresh
30937424,30597,89.95,858.05,70.00,0.440,4.194,0.342,banana,fresh
30938436,30598,89.90,858.05,70.05,0.439,4.194,0.342,banana,fresh
30939447,30599,90.00,858.05,70.00,0.440,4.194,0.342,banana,fresh
30940459,30600,89.85,858.00,70.00,0.439,4.194,0.342,banana,fresh
30941469,30601,89.95,858.00,70.00,0.440,4.194,0.342,banana,fresh
30942480,30602,90.00,858.00,69.95,0.440,4.194,0.342,banana,fresh
30943492,30603,89.85,858.10,69.95,0.439,4.194,0.342,banana,fresh
30944502,30604,89.95,858.15,70.00,0.440,4.194,0.342,banana,fresh
30945514,30605,90.00,858.05,70.00,0.440,4.194,0.342,banana,fresh
30946525,30606,89.95,858.05,69.95,0.440,4.194,0.342,banana,fresh
30947536,30607,89.95,858.10,70.05,0.440,4.194,0.342,banana,fresh
30948547,30608,89.95,858.05,70.05,0.440,4.194,0.342,banana,fresh
30949558,30609,89.95,858.05,70.00,0.440,4.194,0.342,banana,fresh
30950569,30610,89.95,858.00,70.00,0.440,4.194,0.342,banana,fresh
30951580,30611,89.95,858.05,70.00,0.440,4.194,0.342,banana,fresh
30952592,30612,89.85,858.00,70.00,0.439,4.194,0.342,banana,fresh
30953603,30613,89.90,858.10,70.00,0.439,4.194,0.342,banana,fresh
30954614,30614,89.85,858.00,70.00,0.439,4.194,0.342,banana,fresh
30955625,30615,89.90,858.00,70.00,0.439,4.194,0.342,banana,fresh
30956636,30616,90.00,858.05,70.00,0.440,4.194,0.342,banana,fresh
30957647,30617,89.80,858.00,70.00,0.439,4.194,0.342,banana,fresh
30958658,30618,90.00,858.05,70.00,0.440,4.194,0.342,banana,fresh
30959670,30619,89.85,858.00,70.00,0.439,4.194,0.342,banana,fresh
30960680,30620,89.95,858.05,70.00,0.440,4.194,0.342,banana,fresh
30961692,30621,89.95,858.05,69.95,0.440,4.194,0.342,banana,fresh
30962703,30622,89.90,858.10,70.00,0.439,4.194,0.342,banana,fresh
30963714,30623,89.85,858.00,70.00,0.439,4.194,0.342,banana,fresh
30964725,30624,89.90,858.00,70.05,0.439,4.194,0.342,banana,fresh
30965736,30625,89.90,858.00,70.00,0.439,4.194,0.342,banana,fresh
30966748,30626,89.80,858.10,70.00,0.439,4.194,0.342,banana,fresh
30967758,30627,90.00,858.00,70.00,0.440,4.194,0.342,banana,fresh
30968770,30628,89.85,858.05,70.00,0.439,4.194,0.342,banana,fresh
30969781,30629,89.75,858.00,70.00,0.439,4.194,0.342,banana,fresh
30970791,30630,89.95,858.15,70.00,0.440,4.194,0.342,banana,fresh
30971803,30631,89.95,858.15,70.00,0.440,4.194,0.342,banana,fresh
30972814,30632,89.95,858.05,70.05,0.440,4.194,0.342,banana,fresh
30973826,30633,89.70,858.00,70.00,0.438,4.194,0.342,banana,fresh
30974836,30634,89.95,858.05,69.95,0.440,4.194,0.342,banana,fresh
30975848,30635,89.90,858.05,70.05,0.439,4.194,0.342,banana,fresh
30976859,30636,89.95,858.00,70.00,0.440,4.194,0.342,banana,fresh
30977869,30637,89.95,858.05,70.00,0.440,4.194,0.342,banana,fresh
30978881,30638,89.95,858.00,70.00,0.440,4.194,0.342,banana,fresh
30979892,30639,89.90,858.00,70.00,0.439,4.194,0.342,banana,fresh
30980903,30640,89.85,858.00,70.00,0.439,4.194,0.342,banana,fresh
30981914,30641,90.00,858.05,70.00,0.440,4.194,0.342,banana,fresh
30982925,30642,89.95,858.00,70.00,0.440,4.194,0.342,banana,fresh
30983937,30643,89.95,858.00,70.00,0.440,4.194,0.342,banana,fresh
30984947,30644,89.85,858.00,70.00,0.439,4.194,0.342,banana,fresh
30985959,30645,89.90,858.05,70.00,0.439,4.194,0.342,banana,fresh
30986970,30646,89.90,858.00,70.00,0.439,4.194,0.342,banana,fresh
30987981,30647,89.85,858.05,70.00,0.439,4.194,0.342,banana,fresh
30988992,30648,89.90,858.15,70.00,0.439,4.194,0.342,banana,fresh
30990003,30649,89.85,858.00,70.05,0.439,4.194,0.342,banana,fresh
30991014,30650,89.80,858.00,70.00,0.439,4.194,0.342,banana,fresh
30992025,30651,90.05,858.00,69.95,0.440,4.194,0.342,banana,fresh
30993037,30652,89.90,858.10,70.00,0.439,4.194,0.342,banana,fresh
30994048,30653,89.85,858.00,69.95,0.439,4.194,0.342,banana,fresh
30995059,30654,89.90,858.15,70.05,0.439,4.194,0.342,banana,fresh
30996070,30655,89.85,858.05,70.00,0.439,4.194,0.342,banana,fresh
30997081,30656,89.75,858.05,70.00,0.439,4.194,0.342,banana,fresh
30998092,30657,89.95,858.10,69.90,0.440,4.194,0.342,banana,fresh
30999103,30658,89.95,858.00,70.00,0.440,4.194,0.342,banana,fresh
31000115,30659,89.90,858.05,70.00,0.439,4.194,0.342,banana,fresh
31001125,30660,90.00,858.00,70.00,0.440,4.194,0.342,banana,fresh
31002137,30661,89.80,858.00,70.00,0.439,4.194,0.342,banana,fresh
31003148,30662,90.00,858.00,70.00,0.440,4.194,0.342,banana,fresh
31004158,30663,89.85,858.05,70.00,0.439,4.194,0.342,banana,fresh
31005170,30664,89.85,858.10,70.00,0.439,4.194,0.342,banana,fresh
31006181,30665,89.95,858.05,70.10,0.440,4.194,0.343,banana,fresh
31007193,30666,89.75,858.05,70.05,0.439,4.194,0.342,banana,fresh
31008203,30667,89.95,858.10,70.05,0.440,4.194,0.342,banana,fresh
31009215,30668,89.85,858.00,70.00,0.439,4.194,0.342,banana,fresh
31010226,30669,90.00,858.05,70.05,0.440,4.194,0.342,banana,fresh
31011236,30670,89.95,858.10,70.00,0.440,4.194,0.342,banana,fresh
31012248,30671,89.95,858.15,70.00,0.440,4.194,0.342,banana,fresh
31013259,30672,89.90,858.00,70.00,0.439,4.194,0.342,banana,fresh
31014270,30673,89.95,858.00,70.00,0.440,4.194,0.342,banana,fresh
31015281,30674,90.00,858.00,70.00,0.440,4.194,0.342,banana,fresh
31016292,30675,89.85,858.00,70.00,0.439,4.194,0.342,banana,fresh
31017304,30676,89.95,858.05,70.00,0.440,4.194,0.342,banana,fresh
31018314,30677,89.85,858.05,70.00,0.439,4.194,0.342,banana,fresh
31019326,30678,89.85,858.00,70.00,0.439,4.194,0.342,banana,fresh
31020337,30679,89.95,858.05,70.00,0.440,4.194,0.342,banana,fresh
31021348,30680,89.95,858.10,70.05,0.440,4.194,0.342,banana,fresh
31022359,30681,89.85,858.00,70.00,0.439,4.194,0.342,banana,fresh
31023370,30682,89.95,858.00,70.00,0.440,4.194,0.342,banana,fresh
31024381,30683,89.90,858.00,70.10,0.439,4.194,0.343,banana,fresh
31025392,30684,89.85,858.10,70.00,0.439,4.194,0.342,banana,fresh
31026404,30685,90.00,858.00,70.00,0.440,4.194,0.342,banana,fresh
31027415,30686,89.95,858.00,70.00,0.440,4.194,0.342,banana,fresh
31028426,30687,89.90,858.00,70.00,0.439,4.194,0.342,banana,fresh
31029437,30688,89.90,858.10,70.00,0.439,4.194,0.342,banana,fresh
31030448,30689,89.90,858.00,70.00,0.439,4.194,0.342,banana,fresh
31031459,30690,90.00,858.10,70.00,0.440,4.194,0.342,banana,fresh
31032470,30691,89.95,858.00,70.00,0.440,4.194,0.342,banana,fresh
31033482,30692,90.00,858.05,70.00,0.440,4.194,0.342,banana,fresh
31034492,30693,89.90,858.00,70.00,0.439,4.194,0.342,banana,fresh
31035504,30694,89.95,858.00,70.05,0.440,4.194,0.342,banana,fresh
31036515,30695,90.00,858.00,70.05,0.440,4.194,0.342,banana,fresh
31037526,30696,90.00,858.00,70.05,0.440,4.194,0.342,banana,fresh
31038537,30697,89.90,858.00,70.00,0.439,4.194,0.342,banana,fresh
31039548,30698,90.00,858.05,70.00,0.440,4.194,0.342,banana,fresh
31040560,30699,89.90,858.05,70.00,0.439,4.194,0.342,banana,fresh
31041570,30700,89.80,858.00,70.15,0.439,4.194,0.343,banana,fresh
31042582,30701,89.90,858.05,70.00,0.439,4.194,0.342,banana,fresh
31043593,30702,89.95,858.10,70.00,0.440,4.194,0.342,banana,fresh
31044603,30703,90.00,858.00,70.10,0.440,4.194,0.343,banana,fresh
31045615,30704,89.95,858.00,70.10,0.440,4.194,0.343,banana,fresh
31046626,30705,89.90,858.00,70.00,0.439,4.194,0.342,banana,fresh
31047638,30706,89.95,858.10,70.00,0.440,4.194,0.342,banana,fresh
31048648,30707,89.95,858.10,70.05,0.440,4.194,0.342,banana,fresh
31049660,30708,89.90,858.00,70.00,0.439,4.194,0.342,banana,fresh
31050671,30709,89.95,858.05,70.00,0.440,4.194,0.342,banana,fresh
31051681,30710,90.00,858.05,70.05,0.440,4.194,0.342,banana,fresh
31052693,30711,89.95,858.00,70.00,0.440,4.194,0.342,banana,fresh
31053704,30712,89.95,858.00,70.00,0.440,4.194,0.342,banana,fresh
31054715,30713,89.95,858.00,70.05,0.440,4.194,0.342,banana,fresh
31055726,30714,89.85,858.00,70.00,0.439,4.194,0.342,banana,fresh
31056738,30715,89.95,858.05,70.05,0.440,4.194,0.342,banana,fresh
31057748,30716,89.95,858.05,70.05,0.440,4.194,0.342,banana,fresh
31058759,30717,89.95,858.05,70.00,0.440,4.194,0.342,banana,fresh
31059771,30718,89.90,858.00,70.05,0.439,4.194,0.342,banana,fresh
31060782,30719,89.95,858.05,70.05,0.440,4.194,0.342,banana,fresh
31061793,30720,89.85,858.05,70.00,0.439,4.194,0.342,banana,fresh
31062804,30721,90.00,858.00,70.00,0.440,4.194,0.342,banana,fresh
31063816,30722,89.90,858.05,70.10,0.439,4.194,0.343,banana,fresh
31064826,30723,90.00,858.00,70.10,0.440,4.194,0.343,banana,fresh
31065837,30724,90.00,858.00,70.10,0.440,4.194,0.343,banana,fresh
31066849,30725,89.90,858.05,70.00,0.439,4.194,0.342,banana,fresh
31067859,30726,89.90,858.00,70.00,0.439,4.194,0.342,banana,fresh
31068871,30727,89.90,858.00,70.00,0.439,4.194,0.342,banana,fresh
31069882,30728,89.95,858.00,70.05,0.440,4.194,0.342,banana,fresh
31070894,30729,89.95,858.00,70.10,0.440,4.194,0.343,banana,fresh
31071904,30730,89.85,858.00,70.05,0.439,4.194,0.342,banana,fresh
31072915,30731,89.90,858.00,70.30,0.439,4.194,0.344,banana,fresh
31073927,30732,89.95,858.05,70.15,0.440,4.194,0.343,banana,fresh
31074937,30733,90.00,858.05,70.00,0.440,4.194,0.342,banana,fresh
31075949,30734,90.00,858.00,70.00,0.440,4.194,0.342,banana,fresh
31076960,30735,89.95,858.00,70.25,0.440,4.194,0.343,banana,fresh
31077971,30736,89.95,858.00,70.05,0.440,4.194,0.342,banana,fresh
31078982,30737,90.00,858.00,70.05,0.440,4.194,0.342,banana,fresh
31079993,30738,90.00,858.05,70.10,0.440,4.194,0.343,banana,fresh
31081005,30739,90.00,858.00,70.00,0.440,4.194,0.342,banana,fresh
31082015,30740,90.05,858.10,70.00,0.440,4.194,0.342,banana,fresh
31083027,30741,90.00,858.10,70.05,0.440,4.194,0.342,banana,fresh
31084038,30742,90.00,858.10,70.15,0.440,4.194,0.343,banana,fresh
31085048,30743,89.95,858.00,70.05,0.440,4.194,0.342,banana,fresh
31086060,30744,89.95,858.05,70.15,0.440,4.194,0.343,banana,fresh
31087071,30745,90.00,858.05,70.10,0.440,4.194,0.343,banana,fresh
31088082,30746,89.95,858.00,70.10,0.440,4.194,0.343,banana,fresh
31089093,30747,90.00,858.00,70.00,0.440,4.194,0.342,banana,fresh
31090105,30748,89.90,858.05,70.15,0.439,4.194,0.343,banana,fresh
31091116,30749,89.95,858.00,70.00,0.440,4.194,0.342,banana,fresh
31092126,30750,89.95,858.00,70.00,0.440,4.194,0.342,banana,fresh
31093138,30751,90.00,858.00,70.10,0.440,4.194,0.343,banana,fresh
31094149,30752,89.95,858.05,70.05,0.440,4.194,0.342,banana,fresh
31095160,30753,90.00,858.00,70.10,0.440,4.194,0.343,banana,fresh
31096171,30754,89.95,858.00,70.00,0.440,4.194,0.342,banana,fresh
31097183,30755,90.00,858.00,70.20,0.440,4.194,0.343,banana,fresh
31098193,30756,90.00,858.05,70.05,0.440,4.194,0.342,banana,fresh
31099204,30757,89.95,858.00,70.15,0.440,4.194,0.343,banana,fresh
31100216,30758,89.90,858.05,70.05,0.439,4.194,0.342,banana,fresh
31101227,30759,90.00,858.10,70.20,0.440,4.194,0.343,banana,fresh
31102238,30760,89.95,858.05,70.15,0.440,4.194,0.343,banana,fresh
31103249,30761,90.00,858.10,70.20,0.440,4.194,0.343,banana,fresh
31104261,30762,89.95,858.00,70.10,0.440,4.194,0.343,banana,fresh
31105271,30763,89.95,858.00,70.25,0.440,4.194,0.343,banana,fresh
31106282,30764,90.00,858.05,70.15,0.440,4.194,0.343,banana,fresh
31107294,30765,90.00,858.05,70.05,0.440,4.194,0.342,banana,fresh
31108304,30766,90.00,858.05,70.15,0.440,4.194,0.343,banana,fresh
31109316,30767,90.00,858.00,70.10,0.440,4.194,0.343,banana,fresh
31110327,30768,89.90,858.00,70.15,0.439,4.194,0.343,banana,fresh
31111339,30769,89.90,858.05,70.00,0.439,4.194,0.342,banana,fresh
31112349,30770,90.00,858.00,70.00,0.440,4.194,0.342,banana,fresh
31113360,30771,90.00,858.05,70.05,0.440,4.194,0.342,banana,fresh
31114372,30772,90.05,858.05,70.20,0.440,4.194,0.343,banana,fresh
31115382,30773,89.95,858.00,70.20,0.440,4.194,0.343,banana,fresh
31116394,30774,90.00,858.00,70.15,0.440,4.194,0.343,banana,fresh
31117405,30775,89.95,858.10,70.10,0.440,4.194,0.343,banana,fresh
31118416,30776,90.00,858.00,70.15,0.440,4.194,0.343,banana,fresh
31119427,30777,90.00,858.05,70.05,0.440,4.194,0.342,banana,fresh
31120438,30778,90.05,858.00,70.25,0.440,4.194,0.343,banana,fresh
31121449,30779,90.00,858.00,70.20,0.440,4.194,0.343,banana,fresh
31122460,30780,89.95,858.05,70.20,0.440,4.194,0.343,banana,fresh
31123472,30781,90.00,858.10,70.10,0.440,4.194,0.343,banana,fresh
31124483,30782,90.00,858.00,70.10,0.440,4.194,0.343,banana,fresh
31125494,30783,90.00,858.05,70.20,0.440,4.194,0.343,banana,fresh
31126505,30784,90.00,858.00,70.15,0.440,4.194,0.343,banana,fresh
31127516,30785,89.95,858.00,70.35,0.440,4.194,0.344,banana,fresh
31128527,30786,90.00,858.00,70.10,0.440,4.194,0.343,banana,fresh
31129538,30787,90.00,858.00,70.40,0.440,4.194,0.344,banana,fresh
31130550,30788,90.00,858.00,70.25,0.440,4.194,0.343,banana,fresh
31131560,30789,90.05,858.05,70.25,0.440,4.194,0.343,banana,fresh
31132572,30790,90.00,858.00,70.10,0.440,4.194,0.343,banana,fresh
31133583,30791,90.00,858.00,70.10,0.440,4.194,0.343,banana,fresh
31134594,30792,90.00,858.05,70.25,0.440,4.194,0.343,banana,fresh
31135605,30793,90.00,858.05,70.10,0.440,4.194,0.343,banana,fresh
31136616,30794,89.95,858.00,70.30,0.440,4.194,0.344,banana,fresh
31137628,30795,90.00,858.00,70.35,0.440,4.194,0.344,banana,fresh
31138638,30796,90.00,858.10,70.20,0.440,4.194,0.343,banana,fresh
31139649,30797,90.00,858.00,70.20,0.440,4.194,0.343,banana,fresh
31140661,30798,90.00,858.05,70.25,0.440,4.194,0.343,banana,fresh
31141671,30799,90.00,858.00,70.20,0.440,4.194,0.343,banana,fresh
31142683,30800,90.00,858.15,70.30,0.440,4.194,0.344,banana,fresh
31143694,30801,90.00,858.05,70.05,0.440,4.194,0.342,banana,fresh
31144706,30802,90.00,858.00,70.10,0.440,4.194,0.343,banana,fresh
31145716,30803,89.90,858.00,70.20,0.439,4.194,0.343,banana,fresh
31146727,30804,89.95,858.00,70.20,0.440,4.194,0.343,banana,fresh
31147739,30805,90.00,858.00,70.30,0.440,4.194,0.344,banana,fresh
31148749,30806,90.05,858.05,70.35,0.440,4.194,0.344,banana,fresh
31149761,30807,90.05,858.00,70.25,0.440,4.194,0.343,banana,fresh
31150772,30808,90.00,858.00,70.45,0.440,4.194,0.344,banana,fresh
31151783,30809,90.00,858.10,70.30,0.440,4.194,0.344,banana,fresh
31152794,30810,90.05,858.20,70.25,0.440,4.195,0.343,banana,fresh
31153805,30811,90.10,858.10,70.40,0.440,4.194,0.344,banana,fresh
31154817,30812,89.95,858.00,70.15,0.440,4.194,0.343,banana,fresh
31155827,30813,90.00,858.05,70.20,0.440,4.194,0.343,banana,fresh
31156839,30814,90.00,858.00,70.40,0.440,4.194,0.344,banana,fresh
31157850,30815,90.00,858.10,70.25,0.440,4.194,0.343,banana,fresh
31158861,30816,89.95,858.05,70.50,0.440,4.194,0.345,banana,fresh
31159872,30817,90.00,858.05,70.35,0.440,4.194,0.344,banana,fresh
31160883,30818,90.00,858.00,70.35,0.440,4.194,0.344,banana,fresh
31161894,30819,90.00,858.00,70.30,0.440,4.194,0.344,banana,fresh
31162905,30820,90.00,858.10,70.40,0.440,4.194,0.344,banana,fresh
31163917,30821,90.05,858.10,70.35,0.440,4.194,0.344,banana,fresh
31164928,30822,90.00,858.00,70.40,0.440,4.194,0.344,banana,fresh
31165939,30823,90.05,858.05,70.25,0.440,4.194,0.343,banana,fresh
31166950,30824,90.05,858.10,70.40,0.440,4.194,0.344,banana,fresh
31167961,30825,90.00,858.00,70.35,0.440,4.194,0.344,banana,fresh
31168972,30826,89.95,858.05,70.30,0.440,4.194,0.344,banana,fresh
31169983,30827,90.00,858.00,70.40,0.440,4.194,0.344,banana,fresh
31170995,30828,90.00,858.05,70.45,0.440,4.194,0.344,banana,fresh
31172005,30829,89.95,858.10,70.25,0.440,4.194,0.343,banana,fresh
31173017,30830,90.05,858.00,70.30,0.440,4.194,0.344,banana,fresh
31174028,30831,90.10,858.05,70.35,0.440,4.194,0.344,banana,fresh
31175038,30832,90.00,858.00,70.30,0.440,4.194,0.344,banana,fresh
31176050,30833,90.05,858.10,70.45,0.440,4.194,0.344,banana,fresh
31177061,30834,90.00,858.00,70.30,0.440,4.194,0.344,banana,fresh
31178073,30835,90.05,858.00,70.20,0.440,4.194,0.343,banana,fresh
31179083,30836,90.05,858.05,70.55,0.440,4.194,0.345,banana,fresh
31180095,30837,90.10,858.10,70.50,0.440,4.194,0.345,banana,fresh
31181106,30838,90.05,858.15,70.40,0.440,4.194,0.344,banana,fresh
31182116,30839,90.05,858.05,70.25,0.440,4.194,0.343,banana,fresh
31183128,30840,90.00,858.00,70.50,0.440,4.194,0.345,banana,fresh
31184139,30841,90.00,858.05,70.60,0.440,4.194,0.345,banana,fresh
31185150,30842,90.10,858.10,70.25,0.440,4.194,0.343,banana,fresh
31186161,30843,90.05,858.15,70.65,0.440,4.194,0.345,banana,fresh
31187173,30844,90.00,858.00,70.55,0.440,4.194,0.345,banana,fresh
31188184,30845,90.05,858.10,70.70,0.440,4.194,0.346,banana,fresh
31189194,30846,90.05,858.00,70.65,0.440,4.194,0.345,banana,fresh
31190206,30847,90.00,858.00,70.65,0.440,4.194,0.345,banana,fresh
31191217,30848,90.05,858.00,70.50,0.440,4.194,0.345,banana,fresh
31192228,30849,89.95,858.00,70.60,0.440,4.194,0.345,banana,fresh
31193239,30850,90.05,858.05,70.55,0.440,4.194,0.345,banana,fresh
31194251,30851,90.00,858.00,70.55,0.440,4.194,0.345,banana,fresh
31195261,30852,90.05,858.05,70.65,0.440,4.194,0.345,banana,fresh
31196272,30853,90.00,858.00,70.35,0.440,4.194,0.344,banana,fresh
31197284,30854,90.00,858.05,70.70,0.440,4.194,0.346,banana,fresh
31198295,30855,90.10,858.15,70.65,0.440,4.194,0.345,banana,fresh
31199306,30856,90.10,858.15,70.65,0.440,4.194,0.345,banana,fresh
31200317,30857,90.15,858.00,70.65,0.441,4.194,0.345,banana,fresh
31201329,30858,90.05,858.00,70.65,0.440,4.194,0.345,banana,fresh
31202339,30859,90.05,858.00,70.70,0.440,4.194,0.346,banana,fresh
31203350,30860,90.15,858.00,70.35,0.441,4.194,0.344,banana,fresh
31204362,30861,90.00,858.10,70.50,0.440,4.194,0.345,banana,fresh
31205372,30862,90.10,858.10,70.80,0.440,4.194,0.346,banana,fresh
31206384,30863,90.10,858.00,70.60,0.440,4.194,0.345,banana,fresh
31207395,30864,90.00,858.05,70.70,0.440,4.194,0.346,banana,fresh
31208407,30865,90.05,858.00,70.55,0.440,4.194,0.345,banana,fresh
31209417,30866,90.15,858.05,70.65,0.441,4.194,0.345,banana,fresh
31210428,30867,90.10,858.00,70.65,0.440,4.194,0.345,banana,fresh
31211440,30868,90.15,858.05,70.75,0.441,4.194,0.346,banana,fresh
31212450,30869,90.10,858.05,70.55,0.440,4.194,0.345,banana,fresh
31213462,30870,90.15,858.15,70.50,0.441,4.194,0.345,banana,fresh
31214473,30871,90.15,858.00,70.50,0.441,4.194,0.345,banana,fresh
31215484,30872,90.10,858.00,70.50,0.440,4.194,0.345,banana,fresh
31216495,30873,90.05,858.10,70.65,0.440,4.194,0.345,banana,fresh
31217506,30874,90.20,858.10,70.80,0.441,4.194,0.346,banana,fresh
31218518,30875,90.25,858.05,70.55,0.441,4.194,0.345,banana,fresh
31219528,30876,90.25,858.00,70.75,0.441,4.194,0.346,banana,fresh
31220540,30877,90.15,858.10,70.65,0.441,4.194,0.345,banana,fresh
31221551,30878,90.05,858.00,70.80,0.440,4.194,0.346,banana,fresh
31222562,30879,90.00,858.05,70.60,0.440,4.194,0.345,banana,fresh
31223573,30880,90.05,858.10,70.70,0.440,4.194,0.346,banana,fresh
31224585,30881,90.25,858.05,70.80,0.441,4.194,0.346,banana,fresh
31225595,30882,90.15,858.05,70.85,0.441,4.194,0.346,banana,fresh
31226606,30883,90.15,858.05,70.80,0.441,4.194,0.346,banana,fresh
31227618,30884,90.20,858.05,70.70,0.441,4.194,0.346,banana,fresh
31228628,30885,90.05,858.05,70.75,0.440,4.194,0.346,banana,fresh
31229640,30886,90.05,858.05,70.70,0.440,4.194,0.346,banana,fresh
31230651,30887,90.15,858.10,70.70,0.441,4.194,0.346,banana,fresh
31231663,30888,90.25,858.05,70.55,0.441,4.194,0.345,banana,fresh
31232673,30889,90.20,858.05,70.70,0.441,4.194,0.346,banana,fresh
31233684,30890,90.25,858.10,70.90,0.441,4.194,0.347,banana,fresh
31234696,30891,90.25,858.15,70.60,0.441,4.194,0.345,banana,fresh
31235706,30892,90.05,858.05,70.80,0.440,4.194,0.346,banana,fresh
31236718,30893,90.20,858.00,70.65,0.441,4.194,0.345,banana,fresh
31237729,30894,90.05,858.05,70.70,0.440,4.194,0.346,banana,fresh
31238740,30895,90.15,858.10,70.70,0.441,4.194,0.346,banana,fresh
31239751,30896,90.35,858.00,70.90,0.442,4.194,0.347,banana,fresh
31240762,30897,90.20,858.00,70.55,0.441,4.194,0.345,banana,fresh
31241774,30898,90.20,858.00,70.65,0.441,4.194,0.345,banana,fresh
31242784,30899,90.20,858.00,70.85,0.441,4.194,0.346,banana,fresh
31243796,30900,90.05,858.00,70.75,0.440,4.194,0.346,banana,fresh
31244807,30901,90.25,858.05,70.60,0.441,4.194,0.345,banana,fresh
31245818,30902,90.25,858.00,70.70,0.441,4.194,0.346,banana,fresh
31246829,30903,90.35,858.05,70.85,0.442,4.194,0.346,banana,fresh
31247841,30904,90.20,858.05,70.80,0.441,4.194,0.346,banana,fresh
31248851,30905,90.05,858.05,70.55,0.440,4.194,0.345,banana,fresh
31249862,30906,90.15,858.05,70.70,0.441,4.194,0.346,banana,fresh
31250874,30907,90.35,858.10,70.90,0.442,4.194,0.347,banana,fresh
31251885,30908,90.10,858.00,70.85,0.440,4.194,0.346,banana,fresh
31252896,30909,90.20,858.05,70.90,0.441,4.194,0.347,banana,fresh
31253907,30910,90.40,858.00,70.85,0.442,4.194,0.346,banana,fresh
31254919,30911,90.35,858.00,70.85,0.442,4.194,0.346,banana,fresh
31255929,30912,90.25,858.00,70.75,0.441,4.194,0.346,banana,fresh
31256940,30913,90.15,858.00,70.80,0.441,4.194,0.346,banana,fresh
31257952,30914,90.35,858.00,70.70,0.442,4.194,0.346,banana,fresh
31258962,30915,90.25,858.05,70.85,0.441,4.194,0.346,banana,fresh
31259974,30916,90.35,858.00,70.65,0.442,4.194,0.345,banana,fresh
31260985,30917,90.20,858.10,70.60,0.441,4.194,0.345,banana,fresh
31261997,30918,90.20,858.05,70.80,0.441,4.194,0.346,banana,fresh
31263007,30919,90.20,858.05,70.80,0.441,4.194,0.346,banana,fresh
31264018,30920,90.40,858.00,70.70,0.442,4.194,0.346,banana,fresh
31265030,30921,90.25,858.00,70.85,0.441,4.194,0.346,banana,fresh
31266040,30922,90.30,858.00,70.80,0.441,4.194,0.346,banana,fresh
31267052,30923,90.40,858.00,70.80,0.442,4.194,0.346,banana,fresh
31268063,30924,90.40,858.05,70.85,0.442,4.194,0.346,banana,fresh
31269074,30925,90.35,858.05,70.80,0.442,4.194,0.346,banana,fresh
31270085,30926,90.40,858.00,70.70,0.442,4.194,0.346,banana,fresh
31271096,30927,90.35,858.05,70.60,0.442,4.194,0.345,banana,fresh
31272108,30928,90.40,858.15,70.70,0.442,4.194,0.346,banana,fresh
31273118,30929,90.45,858.05,70.95,0.442,4.194,0.347,banana,fresh
31274130,30930,90.45,858.10,70.95,0.442,4.194,0.347,banana,fresh
31275141,30931,90.30,858.15,70.85,0.441,4.194,0.346,banana,fresh
31276152,30932,90.35,858.15,70.90,0.442,4.194,0.347,banana,fresh
31277163,30933,90.30,858.05,70.85,0.441,4.194,0.346,banana,fresh
31278174,30934,90.35,858.15,70.65,0.442,4.194,0.345,banana,fresh
31279185,30935,90.45,858.05,70.90,0.442,4.194,0.347,banana,fresh
31280196,30936,90.50,858.05,70.95,0.442,4.194,0.347,banana,fresh
31281208,30937,90.40,858.10,70.90,0.442,4.194,0.347,banana,fresh
31282219,30938,90.60,858.05,70.70,0.443,4.194,0.346,banana,fresh
31283230,30939,90.45,858.05,70.85,0.442,4.194,0.346,banana,fresh
31284241,30940,90.45,858.05,71.00,0.442,4.194,0.347,banana,fresh
31285253,30941,90.40,858.05,70.95,0.442,4.194,0.347,banana,fresh
31286263,30942,90.60,858.00,71.00,0.443,4.194,0.347,banana,fresh
31287274,30943,90.50,858.05,70.95,0.442,4.194,0.347,banana,fresh
31288286,30944,90.50,858.05,70.95,0.442,4.194,0.347,banana,fresh
31289296,30945,90.50,858.05,71.00,0.442,4.194,0.347,banana,fresh
31290308,30946,90.65,858.10,70.95,0.443,4.194,0.347,banana,fresh
31291319,30947,90.50,858.05,70.95,0.442,4.194,0.347,banana,fresh
31292331,30948,90.55,858.05,71.00,0.443,4.194,0.347,banana,fresh
31293341,30949,90.55,858.20,71.00,0.443,4.195,0.347,banana,fresh
31294352,30950,90.45,858.05,71.00,0.442,4.194,0.347,banana,fresh
31295364,30951,90.65,858.05,71.00,0.443,4.194,0.347,banana,fresh
31296374,30952,90.45,858.00,71.00,0.442,4.194,0.347,banana,fresh
31297386,30953,90.75,858.20,70.95,0.444,4.195,0.347,banana,fresh
31298397,30954,90.50,858.15,70.95,0.442,4.194,0.347,banana,fresh
31299408,30955,90.60,858.15,71.00,0.443,4.194,0.347,banana,fresh
31300419,30956,90.75,858.00,71.00,0.444,4.194,0.347,banana,fresh
31301430,30957,90.55,858.20,71.00,0.443,4.195,0.347,banana,fresh
31302441,30958,90.65,858.10,71.00,0.443,4.194,0.347,banana,fresh
31303452,30959,90.55,858.05,71.00,0.443,4.194,0.347,banana,fresh
31304464,30960,90.65,858.05,71.00,0.443,4.194,0.347,banana,fresh
31305475,30961,90.75,858.20,71.00,0.444,4.195,0.347,banana,fresh
31306486,30962,90.70,858.10,71.00,0.443,4.194,0.347,banana,fresh
31307497,30963,90.90,858.20,71.00,0.444,4.195,0.347,banana,fresh
31308508,30964,90.85,858.10,71.00,0.444,4.194,0.347,banana,fresh
31309519,30965,90.80,858.05,71.00,0.444,4.194,0.347,banana,fresh
31310530,30966,90.90,858.15,71.00,0.444,4.194,0.347,banana,fresh
31311542,30967,90.75,858.15,71.00,0.444,4.194,0.347,banana,fresh
31312552,30968,90.85,858.10,71.00,0.444,4.194,0.347,banana,fresh
31313564,30969,90.80,858.25,71.00,0.444,4.195,0.347,banana,fresh
31314575,30970,90.80,858.20,71.00,0.444,4.195,0.347,banana,fresh
31315586,30971,90.90,858.05,71.00,0.444,4.194,0.347,banana,fresh
31316597,30972,90.90,858.05,71.00,0.444,4.194,0.347,banana,fresh
31317608,30973,90.85,858.10,71.00,0.444,4.194,0.347,banana,fresh
31318620,30974,90.90,858.10,71.00,0.444,4.194,0.347,banana,fresh
31319630,30975,90.95,858.15,71.00,0.445,4.194,0.347,banana,fresh
31320642,30976,90.85,858.10,71.00,0.444,4.194,0.347,banana,fresh
31321653,30977,90.90,858.15,71.00,0.444,4.194,0.347,banana,fresh
31322663,30978,90.90,858.20,71.00,0.444,4.195,0.347,banana,fresh
31323675,30979,90.85,858.10,71.00,0.444,4.194,0.347,banana,fresh
31324686,30980,90.90,858.25,71.00,0.444,4.195,0.347,banana,fresh
31325698,30981,90.85,858.10,71.00,0.444,4.194,0.347,banana,fresh
31326708,30982,90.90,858.15,71.00,0.444,4.194,0.347,banana,fresh
31327720,30983,90.85,858.20,71.00,0.444,4.195,0.347,banana,fresh
31328731,30984,90.85,858.20,71.00,0.444,4.195,0.347,banana,fresh
31329741,30985,90.90,858.10,71.00,0.444,4.194,0.347,banana,fresh
31330753,30986,90.90,858.05,71.00,0.444,4.194,0.347,banana,fresh
31331764,30987,90.95,858.20,71.00,0.445,4.195,0.347,banana,fresh
31332775,30988,91.00,858.25,71.00,0.445,4.195,0.347,banana,fresh
31333786,30989,90.85,858.20,71.00,0.444,4.195,0.347,banana,fresh
31334798,30990,90.90,858.25,71.05,0.444,4.195,0.347,banana,fresh
31335809,30991,91.00,858.15,71.00,0.445,4.194,0.347,banana,fresh
31336819,30992,91.00,858.25,71.00,0.445,4.195,0.347,banana,fresh
31337831,30993,90.90,858.15,71.00,0.444,4.194,0.347,banana,fresh
31338842,30994,91.00,858.40,71.05,0.445,4.196,0.347,banana,fresh
31339853,30995,91.00,858.20,71.00,0.445,4.195,0.347,banana,fresh
31340864,30996,91.00,858.20,71.05,0.445,4.195,0.347,banana,fresh
31341876,30997,91.00,858.30,71.05,0.445,4.195,0.347,banana,fresh
31342886,30998,91.00,858.15,71.00,0.445,4.194,0.347,banana,fresh
31343897,30999,91.00,858.10,71.05,0.445,4.194,0.347,banana,fresh
31344909,31000,91.00,858.20,70.95,0.445,4.195,0.347,banana,fresh
31345920,31001,90.95,858.30,71.00,0.445,4.195,0.347,banana,fresh
31346931,31002,91.00,858.10,70.95,0.445,4.194,0.347,banana,fresh
31347942,31003,91.00,858.10,71.00,0.445,4.194,0.347,banana,fresh
31348954,31004,91.00,858.30,71.00,0.445,4.195,0.347,banana,fresh
31349964,31005,91.00,858.40,71.00,0.445,4.196,0.347,banana,fresh
31350975,31006,90.90,858.20,71.00,0.444,4.195,0.347,banana,fresh
31351987,31007,91.00,858.10,71.00,0.445,4.194,0.347,banana,fresh
31352997,31008,91.00,858.10,71.00,0.445,4.194,0.347,banana,fresh
31354009,31009,90.95,858.40,71.00,0.445,4.196,0.347,banana,fresh
31355020,31010,90.95,858.45,71.00,0.445,4.196,0.347,banana,fresh
31356032,31011,90.95,858.40,71.00,0.445,4.196,0.347,banana,fresh
31357042,31012,90.95,858.10,71.00,0.445,4.194,0.347,banana,fresh
31358053,31013,91.00,858.25,71.00,0.445,4.195,0.347,banana,fresh
31359065,31014,91.05,858.25,71.00,0.445,4.195,0.347,banana,fresh
31360075,31015,91.00,858.40,71.00,0.445,4.196,0.347,banana,fresh
31361087,31016,91.05,858.20,71.10,0.445,4.195,0.348,banana,fresh
31362098,31017,91.00,858.30,71.00,0.445,4.195,0.347,banana,fresh
31363109,31018,91.00,858.30,71.00,0.445,4.195,0.347,banana,fresh
31364120,31019,91.00,858.35,71.00,0.445,4.195,0.347,banana,fresh
31365131,31020,90.95,858.35,71.00,0.445,4.195,0.347,banana,fresh
31366142,31021,91.05,858.40,71.00,0.445,4.196,0.347,banana,fresh
31367153,31022,91.05,858.35,71.00,0.445,4.195,0.347,banana,fresh
31368165,31023,91.00,858.20,71.00,0.445,4.195,0.347,banana,fresh
31369176,31024,91.00,858.40,71.00,0.445,4.196,0.347,banana,fresh
31370187,31025,91.05,858.20,71.05,0.445,4.195,0.347,banana,fresh
31371198,31026,91.05,858.15,71.05,0.445,4.194,0.347,banana,fresh
31372209,31027,91.00,858.15,71.05,0.445,4.194,0.347,banana,fresh
31373220,31028,91.00,858.20,71.00,0.445,4.195,0.347,banana,fresh
31374231,31029,91.00,858.30,71.00,0.445,4.195,0.347,banana,fresh
31375243,31030,91.00,858.35,71.05,0.445,4.195,0.347,banana,fresh
31376253,31031,90.95,858.35,71.00,0.445,4.195,0.347,banana,fresh
31377265,31032,91.00,858.25,71.10,0.445,4.195,0.348,banana,fresh
31378276,31033,91.10,858.20,71.00,0.445,4.195,0.347,banana,fresh
31379287,31034,91.00,858.30,71.00,0.445,4.195,0.347,banana,fresh
31380298,31035,91.00,858.30,71.10,0.445,4.195,0.348,banana,fresh
31381309,31036,91.00,858.55,71.00,0.445,4.196,0.347,banana,fresh
31382321,31037,91.00,858.30,71.05,0.445,4.195,0.347,banana,fresh
31383331,31038,91.00,858.40,71.00,0.445,4.196,0.347,banana,fresh
31384343,31039,91.10,858.25,71.10,0.445,4.195,0.348,banana,fresh
31385354,31040,91.00,858.35,71.05,0.445,4.195,0.347,banana,fresh
31386364,31041,91.00,858.20,71.00,0.445,4.195,0.347,banana,fresh
31387376,31042,91.10,858.40,71.00,0.445,4.196,0.347,banana,fresh
31388387,31043,91.00,858.15,71.00,0.445,4.194,0.347,banana,fresh
31389399,31044,91.10,858.15,71.05,0.445,4.194,0.347,banana,fresh
31390409,31045,91.05,858.20,71.00,0.445,4.195,0.347,banana,fresh
31391421,31046,91.15,858.25,71.00,0.446,4.195,0.347,banana,fresh
31392432,31047,91.00,858.25,71.00,0.445,4.195,0.347,banana,fresh
31393442,31048,91.15,858.40,71.05,0.446,4.196,0.347,banana,fresh
31394454,31049,91.05,858.35,71.10,0.445,4.195,0.348,banana,fresh
31395465,31050,91.00,858.30,71.10,0.445,4.195,0.348,banana,fresh
31396476,31051,91.05,858.20,71.10,0.445,4.195,0.348,banana,fresh
31397487,31052,91.05,858.35,71.00,0.445,4.195,0.347,banana,fresh
31398499,31053,91.00,858.25,71.05,0.445,4.195,0.347,banana,fresh
31399510,31054,91.00,858.45,71.05,0.445,4.196,0.347,banana,fresh
31400520,31055,91.00,858.45,71.05,0.445,4.196,0.347,banana,fresh
31401532,31056,91.00,858.15,71.10,0.445,4.194,0.348,banana,fresh
31402543,31057,91.20,858.40,71.05,0.446,4.196,0.347,banana,fresh
31403554,31058,91.10,858.60,71.15,0.445,4.196,0.348,banana,fresh
31404565,31059,91.00,858.50,71.10,0.445,4.196,0.348,banana,fresh
31405577,31060,91.10,858.35,71.15,0.445,4.195,0.348,banana,fresh
31406587,31061,91.10,858.35,71.05,0.445,4.195,0.347,banana,fresh
31407598,31062,91.20,858.45,71.00,0.446,4.196,0.347,banana,fresh
31408610,31063,91.05,858.30,71.00,0.445,4.195,0.347,banana,fresh
31409620,31064,91.10,858.30,71.05,0.445,4.195,0.347,banana,fresh
31410632,31065,91.05,858.20,71.10,0.445,4.195,0.348,banana,fresh
31411643,31066,91.05,858.35,71.15,0.445,4.195,0.348,banana,fresh
31412655,31067,91.15,858.40,71.20,0.446,4.196,0.348,banana,fresh
31413665,31068,91.10,858.40,71.20,0.445,4.196,0.348,banana,fresh
31414676,31069,91.10,858.35,71.05,0.445,4.195,0.347,banana,fresh
31415688,31070,91.05,858.50,71.15,0.445,4.196,0.348,banana,fresh
31416698,31071,91.20,858.45,71.05,0.446,4.196,0.347,banana,fresh
31417710,31072,91.15,858.40,71.20,0.446,4.196,0.348,banana,fresh
31418721,31073,91.15,858.45,71.10,0.446,4.196,0.348,banana,fresh
31419732,31074,91.20,858.55,71.10,0.446,4.196,0.348,banana,fresh
31420743,31075,91.30,858.30,71.30,0.446,4.195,0.348,banana,fresh
31421755,31076,91.20,858.40,71.25,0.446,4.196,0.348,banana,fresh
31422766,31077,91.05,858.50,71.10,0.445,4.196,0.348,banana,fresh
31423776,31078,91.10,858.40,71.15,0.445,4.196,0.348,banana,fresh
31424788,31079,91.05,858.50,71.20,0.445,4.196,0.348,banana,fresh
31425799,31080,91.25,858.55,71.20,0.446,4.196,0.348,banana,fresh
31426810,31081,91.15,858.35,71.10,0.446,4.195,0.348,banana,fresh
31427821,31082,91.10,858.30,71.20,0.445,4.195,0.348,banana,fresh
31428833,31083,91.25,858.50,71.20,0.446,4.196,0.348,banana,fresh
31429843,31084,91.20,858.35,71.30,0.446,4.195,0.348,banana,fresh
31430855,31085,91.20,858.40,71.45,0.446,4.196,0.349,banana,fresh
31431866,31086,91.15,858.60,71.25,0.446,4.196,0.348,banana,fresh
31432877,31087,91.15,858.45,71.35,0.446,4.196,0.349,banana,fresh
31433888,31088,91.10,858.35,71.40,0.445,4.195,0.349,banana,fresh
31434899,31089,91.25,858.35,71.15,0.446,4.195,0.348,banana,fresh
31435911,31090,91.20,858.45,71.15,0.446,4.196,0.348,banana,fresh
31436921,31091,91.45,858.55,71.20,0.447,4.196,0.348,banana,fresh
31437933,31092,91.25,858.40,71.20,0.446,4.196,0.348,banana,fresh
31438944,31093,91.20,858.45,71.40,0.446,4.196,0.349,banana,fresh
31439954,31094,91.25,858.55,71.30,0.446,4.196,0.348,banana,fresh
31440966,31095,91.30,858.45,71.35,0.446,4.196,0.349,banana,fresh
31441977,31096,91.35,858.70,71.20,0.446,4.197,0.348,banana,fresh
31442989,31097,91.25,858.70,71.10,0.446,4.197,0.348,banana,fresh
31443999,31098,91.30,858.40,71.40,0.446,4.196,0.349,banana,fresh
31445011,31099,91.35,858.40,71.50,0.446,4.196,0.349,banana,fresh
31446022,31100,91.50,858.45,71.30,0.447,4.196,0.348,banana,fresh
31447032,31101,91.25,858.55,71.40,0.446,4.196,0.349,banana,fresh
31448044,31102,91.40,858.25,71.25,0.447,4.195,0.348,banana,fresh
31449055,31103,91.40,858.35,71.25,0.447,4.195,0.348,banana,fresh
31450066,31104,91.20,858.45,71.35,0.446,4.196,0.349,banana,fresh
31451077,31105,91.45,858.70,71.35,0.447,4.197,0.349,banana,fresh
31452089,31106,91.30,858.20,71.55,0.446,4.195,0.350,banana,fresh
31453100,31107,91.25,858.60,71.50,0.446,4.196,0.349,banana,fresh
31454111,31108,91.45,858.50,71.50,0.447,4.196,0.349,banana,fresh
31455122,31109,91.40,858.40,71.45,0.447,4.196,0.349,banana,fresh
31456133,31110,91.30,858.40,71.35,0.446,4.196,0.349,banana,fresh
31457144,31111,91.20,858.50,71.30,0.446,4.196,0.348,banana,fresh
31458155,31112,91.50,858.45,71.45,0.447,4.196,0.349,banana,fresh
31459167,31113,91.40,858.50,71.55,0.447,4.196,0.350,banana,fresh
31460177,31114,91.55,858.35,71.60,0.447,4.195,0.350,banana,fresh
31461189,31115,91.40,858.60,71.55,0.447,4.196,0.350,banana,fresh
31462200,31116,91.45,858.45,71.55,0.447,4.196,0.350,banana,fresh
31463211,31117,91.40,858.50,71.55,0.447,4.196,0.350,banana,fresh
31464222,31118,91.45,858.40,71.65,0.447,4.196,0.350,banana,fresh
31465233,31119,91.40,858.55,71.55,0.447,4.196,0.350,banana,fresh
31466245,31120,91.55,858.45,71.35,0.447,4.196,0.349,banana,fresh
31467255,31121,91.50,858.60,71.80,0.447,4.196,0.351,banana,fresh
31468267,31122,91.35,858.70,71.60,0.446,4.197,0.350,banana,fresh
31469278,31123,91.50,858.45,71.40,0.447,4.196,0.349,banana,fresh
31470288,31124,91.55,858.40,71.60,0.447,4.196,0.350,banana,fresh
31471300,31125,91.45,858.60,71.60,0.447,4.196,0.350,banana,fresh
31472311,31126,91.40,858.40,71.55,0.447,4.196,0.350,banana,fresh
31473323,31127,91.45,858.80,71.60,0.447,4.197,0.350,banana,fresh
31474333,31128,91.65,858.45,71.50,0.448,4.196,0.349,banana,fresh
31475345,31129,91.55,858.45,71.65,0.447,4.196,0.350,banana,fresh
31476356,31130,91.50,858.45,71.60,0.447,4.196,0.350,banana,fresh
31477366,31131,91.60,858.40,71.65,0.448,4.196,0.350,banana,fresh
31478378,31132,91.50,858.70,71.80,0.447,4.197,0.351,banana,fresh
31479389,31133,91.65,858.75,71.65,0.448,4.197,0.350,banana,fresh
31480400,31134,91.70,858.50,71.85,0.448,4.196,0.351,banana,fresh
31481411,31135,91.55,858.50,71.60,0.447,4.196,0.350,banana,fresh
31482423,31136,91.45,858.60,71.70,0.447,4.196,0.350,banana,fresh
31483433,31137,91.65,858.50,71.70,0.448,4.196,0.350,banana,fresh
31484445,31138,91.75,858.60,71.65,0.448,4.196,0.350,banana,fresh
31485456,31139,91.75,858.50,71.75,0.448,4.196,0.351,banana,fresh
31486467,31140,91.45,858.50,71.80,0.447,4.196,0.351,banana,fresh
31487478,31141,91.70,858.45,71.70,0.448,4.196,0.350,banana,fresh
31488489,31142,91.80,858.25,71.70,0.449,4.195,0.350,banana,fresh
31489501,31143,91.70,858.50,71.70,0.448,4.196,0.350,banana,fresh
31490511,31144,91.65,858.55,71.75,0.448,4.196,0.351,banana,fresh
31491523,31145,91.70,858.65,71.75,0.448,4.197,0.351,banana,fresh
31492534,31146,91.70,858.35,71.90,0.448,4.195,0.351,banana,fresh
31493544,31147,91.75,858.30,71.85,0.448,4.195,0.351,banana,fresh
31494556,31148,91.60,858.55,71.75,0.448,4.196,0.351,banana,fresh
31495567,31149,91.75,858.55,71.75,0.448,4.196,0.351,banana,fresh
31496579,31150,91.80,858.45,71.85,0.449,4.196,0.351,banana,fresh
31497589,31151,91.80,858.65,71.85,0.449,4.197,0.351,banana,fresh
31498601,31152,91.75,858.50,71.90,0.448,4.196,0.351,banana,fresh
31499612,31153,91.65,858.65,71.85,0.448,4.197,0.351,banana,fresh
31500622,31154,91.75,858.55,71.95,0.448,4.196,0.352,banana,fresh
31501634,31155,91.65,858.50,71.85,0.448,4.196,0.351,banana,fresh
31502645,31156,91.90,858.50,71.70,0.449,4.196,0.350,banana,fresh
31503656,31157,91.90,858.70,71.95,0.449,4.197,0.352,banana,fresh
31504667,31158,91.85,858.55,71.85,0.449,4.196,0.351,banana,fresh
31505679,31159,91.80,858.85,71.80,0.449,4.198,0.351,banana,fresh
31506690,31160,91.80,858.40,71.90,0.449,4.196,0.351,banana,fresh
31507701,31161,91.75,858.70,71.90,0.448,4.197,0.351,banana,fresh
31508712,31162,91.80,858.60,71.90,0.449,4.196,0.351,banana,fresh
31509723,31163,91.85,858.70,71.80,0.449,4.197,0.351,banana,fresh
31510734,31164,91.75,858.50,71.90,0.448,4.196,0.351,banana,fresh
31511745,31165,91.85,858.35,71.90,0.449,4.195,0.351,banana,fresh
31512757,31166,91.85,858.60,71.95,0.449,4.196,0.352,banana,fresh
31513767,31167,91.55,858.75,71.95,0.447,4.197,0.352,banana,fresh
31514779,31168,91.75,858.65,71.95,0.448,4.197,0.352,banana,fresh
31515790,31169,92.00,858.45,71.95,0.450,4.196,0.352,banana,fresh
31516801,31170,91.85,858.65,72.00,0.449,4.197,0.352,banana,fresh
31517812,31171,91.85,858.75,71.80,0.449,4.197,0.351,banana,fresh
31518823,31172,91.80,858.55,71.80,0.449,4.196,0.351,banana,fresh
31519835,31173,92.00,858.55,71.90,0.450,4.196,0.351,banana,fresh
31520845,31174,91.75,858.55,72.00,0.448,4.196,0.352,banana,fresh
31521857,31175,91.95,858.60,71.95,0.449,4.196,0.352,banana,fresh
31522868,31176,91.85,858.60,71.95,0.449,4.196,0.352,banana,fresh
31523879,31177,91.90,858.85,71.95,0.449,4.198,0.352,banana,fresh
31524890,31178,91.90,858.50,72.00,0.449,4.196,0.352,banana,fresh
31525901,31179,91.90,858.75,72.00,0.449,4.197,0.352,banana,fresh
31526913,31180,91.90,858.50,71.90,0.449,4.196,0.351,banana,fresh
31527923,31181,92.00,858.65,71.95,0.450,4.197,0.352,banana,fresh
31528935,31182,91.90,858.70,71.95,0.449,4.197,0.352,banana,fresh
31529946,31183,91.95,858.60,71.95,0.449,4.196,0.352,banana,fresh
31530957,31184,91.95,858.75,72.00,0.449,4.197,0.352,banana,fresh
31531968,31185,91.95,858.75,72.00,0.449,4.197,0.352,banana,fresh
31532979,31186,91.90,858.65,71.95,0.449,4.197,0.352,banana,fresh
31533990,31187,91.95,858.60,71.95,0.449,4.196,0.352,banana,fresh
31535001,31188,91.85,858.65,71.95,0.449,4.197,0.352,banana,fresh
31536013,31189,91.90,858.75,72.00,0.449,4.197,0.352,banana,fresh
31537024,31190,92.00,858.60,71.90,0.450,4.196,0.351,banana,fresh
31538035,31191,91.95,858.50,71.95,0.449,4.196,0.352,banana,fresh
31539046,31192,91.90,858.60,72.00,0.449,4.196,0.352,banana,fresh
31540057,31193,92.00,858.70,72.00,0.450,4.197,0.352,banana,fresh
31541068,31194,91.95,858.65,71.90,0.449,4.197,0.351,banana,fresh
31542079,31195,91.95,858.80,71.95,0.449,4.197,0.352,banana,fresh
31543091,31196,92.00,858.65,72.00,0.450,4.197,0.352,banana,fresh
31544101,31197,92.00,858.70,72.00,0.450,4.197,0.352,banana,fresh
31545113,31198,91.95,858.55,72.00,0.449,4.196,0.352,banana,fresh
31546124,31199,92.00,858.85,72.00,0.450,4.198,0.352,banana,fresh
31547134,31200,91.95,858.65,72.00,0.449,4.197,0.352,banana,fresh
31548146,31201,92.00,858.60,71.95,0.450,4.196,0.352,banana,fresh
31549157,31202,91.90,858.65,72.00,0.449,4.197,0.352,banana,fresh
31550169,31203,91.85,858.55,72.00,0.449,4.196,0.352,banana,fresh
31551179,31204,91.95,858.90,72.00,0.449,4.198,0.352,banana,fresh
31552191,31205,91.85,858.75,72.00,0.449,4.197,0.352,banana,fresh
31553202,31206,92.00,858.80,71.95,0.450,4.197,0.352,banana,fresh
31554212,31207,92.00,858.65,72.00,0.450,4.197,0.352,banana,fresh
31555224,31208,91.90,858.85,72.00,0.449,4.198,0.352,banana,fresh
31556235,31209,91.95,858.75,72.00,0.449,4.197,0.352,banana,fresh
31557246,31210,91.95,858.65,72.00,0.449,4.197,0.352,banana,fresh
31558257,31211,91.95,858.60,72.00,0.449,4.196,0.352,banana,fresh
31559269,31212,91.95,858.85,72.00,0.449,4.198,0.352,banana,fresh
31560280,31213,92.00,858.75,72.00,0.450,4.197,0.352,banana,fresh
31561290,31214,91.95,858.75,72.00,0.449,4.197,0.352,banana,fresh
31562302,31215,92.00,858.65,72.00,0.450,4.197,0.352,banana,fresh
31563313,31216,92.00,858.80,72.00,0.450,4.197,0.352,banana,fresh
31564324,31217,92.00,858.95,72.00,0.450,4.198,0.352,banana,fresh
31565335,31218,91.95,858.65,72.00,0.449,4.197,0.352,banana,fresh
31566347,31219,92.00,858.60,72.00,0.450,4.196,0.352,banana,fresh
31567357,31220,91.85,858.75,72.00,0.449,4.197,0.352,banana,fresh
31568368,31221,92.00,858.70,72.00,0.450,4.197,0.352,banana,fresh
31569380,31222,92.00,858.85,72.00,0.450,4.198,0.352,banana,fresh
31570391,31223,92.05,858.70,72.00,0.450,4.197,0.352,banana,fresh
31571402,31224,92.05,858.75,72.00,0.450,4.197,0.352,banana,fresh
31572413,31225,92.00,858.60,72.00,0.450,4.196,0.352,banana,fresh
31573424,31226,92.00,858.60,72.05,0.450,4.196,0.352,banana,fresh
31574435,31227,91.95,858.85,72.00,0.449,4.198,0.352,banana,fresh
31575446,31228,92.00,858.65,72.00,0.450,4.197,0.352,banana,fresh
31576458,31229,92.00,858.75,72.00,0.450,4.197,0.352,banana,fresh
31577468,31230,91.95,858.70,72.00,0.449,4.197,0.352,banana,fresh
31578480,31231,92.00,858.65,72.00,0.450,4.197,0.352,banana,fresh
31579491,31232,92.00,858.75,72.00,0.450,4.197,0.352,banana,fresh
31580502,31233,92.00,858.80,72.00,0.450,4.197,0.352,banana,fresh
31581513,31234,91.95,858.95,72.00,0.449,4.198,0.352,banana,fresh
31582524,31235,92.00,858.70,72.00,0.450,4.197,0.352,banana,fresh
31583536,31236,92.00,858.70,72.00,0.450,4.197,0.352,banana,fresh
31584546,31237,92.00,858.75,72.00,0.450,4.197,0.352,banana,fresh
31585558,31238,92.00,858.75,72.05,0.450,4.197,0.352,banana,fresh
31586569,31239,92.00,858.85,72.00,0.450,4.198,0.352,banana,fresh
31587579,31240,92.00,858.75,72.00,0.450,4.197,0.352,banana,fresh
31588591,31241,92.00,858.80,72.00,0.450,4.197,0.352,banana,fresh
31589602,31242,92.05,858.95,72.00,0.450,4.198,0.352,banana,fresh
31590614,31243,92.00,858.70,72.00,0.450,4.197,0.352,banana,fresh
31591624,31244,92.00,858.75,72.00,0.450,4.197,0.352,banana,fresh
31592635,31245,92.00,858.90,72.00,0.450,4.198,0.352,banana,fresh
31593647,31246,92.00,858.95,72.00,0.450,4.198,0.352,banana,fresh
31594657,31247,91.95,858.85,72.00,0.449,4.198,0.352,banana,fresh
31595669,31248,92.00,858.75,72.05,0.450,4.197,0.352,banana,fresh
31596680,31249,92.00,858.65,72.00,0.450,4.197,0.352,banana,fresh
31597691,31250,92.05,858.85,72.00,0.450,4.198,0.352,banana,fresh
31598702,31251,92.00,858.85,72.00,0.450,4.198,0.352,banana,fresh
31599713,31252,92.00,858.90,72.00,0.450,4.198,0.352,banana,fresh
31600724,31253,92.00,858.80,72.05,0.450,4.197,0.352,banana,fresh
31601735,31254,92.05,858.75,72.00,0.450,4.197,0.352,banana,fresh
31602747,31255,92.05,858.65,72.00,0.450,4.197,0.352,banana,fresh
31603758,31256,92.00,858.70,72.05,0.450,4.197,0.352,banana,fresh
31604768,31257,92.00,858.75,72.00,0.450,4.197,0.352,banana,fresh
31605780,31258,92.05,858.85,72.00,0.450,4.198,0.352,banana,fresh
31606791,31259,92.05,858.70,72.10,0.450,4.197,0.352,banana,fresh
31607802,31260,92.00,858.50,72.00,0.450,4.196,0.352,banana,fresh
31608813,31261,92.00,858.80,72.05,0.450,4.197,0.352,banana,fresh
31609825,31262,92.10,858.75,72.00,0.450,4.197,0.352,banana,fresh
31610835,31263,92.00,858.65,72.00,0.450,4.197,0.352,banana,fresh
31611846,31264,92.05,858.65,72.00,0.450,4.197,0.352,banana,fresh
31612858,31265,92.00,858.95,72.00,0.450,4.198,0.352,banana,fresh
31613869,31266,92.05,858.75,72.00,0.450,4.197,0.352,banana,fresh
31614880,31267,92.00,858.80,72.00,0.450,4.197,0.352,banana,fresh
31615891,31268,92.00,858.90,72.05,0.450,4.198,0.352,banana,fresh
31616903,31269,92.05,858.90,72.05,0.450,4.198,0.352,banana,fresh
31617913,31270,92.00,858.70,72.00,0.450,4.197,0.352,banana,fresh
31618924,31271,92.10,858.65,72.00,0.450,4.197,0.352,banana,fresh
31619936,31272,92.05,858.85,72.05,0.450,4.198,0.352,banana,fresh
31620946,31273,92.05,858.85,72.05,0.450,4.198,0.352,banana,fresh
31621958,31274,92.00,858.85,72.10,0.450,4.198,0.352,banana,fresh
31622969,31275,92.00,858.90,72.00,0.450,4.198,0.352,banana,fresh
31623981,31276,92.05,858.90,72.00,0.450,4.198,0.352,banana,fresh
31624991,31277,92.00,858.80,72.05,0.450,4.197,0.352,banana,fresh
31626002,31278,92.10,858.75,72.15,0.450,4.197,0.353,banana,fresh
31627014,31279,92.05,858.80,72.00,0.450,4.197,0.352,banana,fresh
31628024,31280,92.10,858.75,72.05,0.450,4.197,0.352,banana,fresh
31629036,31281,92.15,858.85,72.10,0.450,4.198,0.352,banana,fresh
31630047,31282,92.10,858.60,72.20,0.450,4.196,0.353,banana,fresh
31631057,31283,92.05,858.80,72.05,0.450,4.197,0.352,banana,fresh
31632069,31284,92.10,858.80,72.05,0.450,4.197,0.352,banana,fresh
31633080,31285,92.05,858.80,72.05,0.450,4.197,0.352,banana,fresh
31634092,31286,92.10,858.85,72.05,0.450,4.198,0.352,banana,fresh
31635102,31287,92.05,858.95,72.05,0.450,4.198,0.352,banana,fresh
31636114,31288,92.10,858.85,72.05,0.450,4.198,0.352,banana,fresh
31637125,31289,92.00,858.60,72.05,0.450,4.196,0.352,banana,fresh
31638135,31290,92.00,858.75,72.10,0.450,4.197,0.352,banana,fresh
31639147,31291,92.00,858.80,72.05,0.450,4.197,0.352,banana,fresh
31640158,31292,92.05,858.85,72.10,0.450,4.198,0.352,banana,fresh
31641169,31293,92.05,858.85,72.10,0.450,4.198,0.352,banana,fresh
31642180,31294,92.00,858.85,72.10,0.450,4.198,0.352,banana,fresh
31643192,31295,92.15,858.85,72.15,0.450,4.198,0.353,banana,fresh
31644203,31296,92.05,858.75,72.10,0.450,4.197,0.352,banana,fresh
31645213,31297,92.15,858.70,72.05,0.450,4.197,0.352,banana,fresh
31646225,31298,92.10,858.75,72.10,0.450,4.197,0.352,banana,fresh
31647236,31299,92.05,858.80,72.10,0.450,4.197,0.352,banana,fresh
31648247,31300,92.00,858.85,72.00,0.450,4.198,0.352,banana,fresh
31649258,31301,92.15,858.50,72.20,0.450,4.196,0.353,banana,fresh
31650270,31302,92.15,858.90,72.20,0.450,4.198,0.353,banana,fresh
31651280,31303,92.05,858.85,72.05,0.450,4.198,0.352,banana,fresh
31652291,31304,92.00,858.75,72.20,0.450,4.197,0.353,banana,fresh
31653303,31305,92.00,858.80,72.25,0.450,4.197,0.353,banana,fresh
31654313,31306,92.10,858.75,72.15,0.450,4.197,0.353,banana,fresh
31655325,31307,92.15,858.75,72.25,0.450,4.197,0.353,banana,fresh
31656336,31308,92.25,858.90,72.20,0.451,4.198,0.353,banana,fresh
31657348,31309,92.05,858.80,72.20,0.450,4.197,0.353,banana,fresh
31658358,31310,92.15,858.85,72.25,0.450,4.198,0.353,banana,fresh
31659370,31311,92.05,858.80,72.20,0.450,4.197,0.353,banana,fresh
31660381,31312,92.10,858.75,72.20,0.450,4.197,0.353,banana,fresh
31661391,31313,92.00,858.85,72.10,0.450,4.198,0.352,banana,fresh
31662403,31314,92.15,858.80,72.30,0.450,4.197,0.353,banana,fresh
31663414,31315,92.15,858.85,72.20,0.450,4.198,0.353,banana,fresh
31664425,31316,92.10,858.90,72.20,0.450,4.198,0.353,banana,fresh
31665436,31317,92.05,858.75,72.20,0.450,4.197,0.353,banana,fresh
31666448,31318,92.05,858.65,72.30,0.450,4.197,0.353,banana,fresh
31667459,31319,92.10,858.80,72.25,0.450,4.197,0.353,banana,fresh
31668469,31320,92.20,858.95,72.35,0.451,4.198,0.354,banana,fresh
31669481,31321,92.20,858.85,72.15,0.451,4.198,0.353,banana,fresh
31670492,31322,92.15,858.75,72.25,0.450,4.197,0.353,banana,fresh
31671503,31323,92.10,858.90,72.20,0.450,4.198,0.353,banana,fresh
31672514,31324,92.15,858.75,72.25,0.450,4.197,0.353,banana,fresh
31673526,31325,92.10,858.80,72.35,0.450,4.197,0.354,banana,fresh
31674536,31326,92.15,858.90,72.25,0.450,4.198,0.353,banana,fresh
31675547,31327,92.25,858.60,72.35,0.451,4.196,0.354,banana,fresh
31676559,31328,92.05,858.80,72.50,0.450,4.197,0.354,banana,fresh
31677570,31329,92.30,858.95,72.35,0.451,4.198,0.354,banana,fresh
31678581,31330,92.15,858.85,72.30,0.450,4.198,0.353,banana,fresh
31679592,31331,92.20,858.85,72.45,0.451,4.198,0.354,banana,fresh
31680604,31332,92.10,858.90,72.25,0.450,4.198,0.353,banana,fresh
31681614,31333,92.10,859.00,72.45,0.450,4.198,0.354,banana,fresh
31682625,31334,92.10,859.00,72.45,0.450,4.198,0.354,banana,fresh
31683637,31335,92.25,858.85,72.35,0.451,4.198,0.354,banana,fresh
31684647,31336,92.20,859.00,72.40,0.451,4.198,0.354,banana,fresh
31685659,31337,92.15,858.80,72.30,0.450,4.197,0.353,banana,fresh
31686670,31338,92.15,859.00,72.40,0.450,4.198,0.354,banana,fresh
31687682,31339,92.25,858.80,72.60,0.451,4.197,0.355,banana,fresh
31688692,31340,92.30,858.90,72.50,0.451,4.198,0.354,banana,fresh
31689704,31341,92.20,858.95,72.40,0.451,4.198,0.354,banana,fresh
31690715,31342,92.20,859.00,72.45,0.451,4.198,0.354,banana,fresh
31691725,31343,92.30,858.95,72.65,0.451,4.198,0.355,banana,fresh
31692737,31344,92.20,858.80,72.55,0.451,4.197,0.355,banana,fresh
31693748,31345,92.30,858.90,72.55,0.451,4.198,0.355,banana,fresh
31694759,31346,92.30,858.95,72.45,0.451,4.198,0.354,banana,fresh
31695770,31347,92.05,858.90,72.55,0.450,4.198,0.355,banana,fresh
31696782,31348,92.20,858.95,72.50,0.451,4.198,0.354,banana,fresh
31697793,31349,92.40,858.75,72.40,0.452,4.197,0.354,banana,fresh
31698804,31350,92.30,858.75,72.65,0.451,4.197,0.355,banana,fresh
31699815,31351,92.45,858.85,72.55,0.452,4.198,0.355,banana,fresh
31700826,31352,92.40,859.00,72.45,0.452,4.198,0.354,banana,fresh
31701837,31353,92.25,858.85,72.50,0.451,4.198,0.354,banana,fresh
31702848,31354,92.30,858.85,72.50,0.451,4.198,0.354,banana,fresh
31703860,31355,92.20,859.00,72.65,0.451,4.198,0.355,banana,fresh
31704870,31356,92.60,858.65,72.40,0.453,4.197,0.354,banana,fresh
31705882,31357,92.35,858.95,72.60,0.451,4.198,0.355,banana,fresh
31706893,31358,92.35,858.95,72.70,0.451,4.198,0.355,banana,fresh
31707904,31359,92.35,858.75,72.75,0.451,4.197,0.356,banana,fresh
31708915,31360,92.30,858.95,72.50,0.451,4.198,0.354,banana,fresh
31709926,31361,92.45,858.95,72.60,0.452,4.198,0.355,banana,fresh
31710938,31362,92.35,858.90,72.65,0.451,4.198,0.355,banana,fresh
31711948,31363,92.40,858.90,72.65,0.452,4.198,0.355,banana,fresh
31712960,31364,92.20,858.90,72.60,0.451,4.198,0.355,banana,fresh
31713971,31365,92.40,858.85,72.70,0.452,4.198,0.355,banana,fresh
31714982,31366,92.20,858.90,72.80,0.451,4.198,0.356,banana,fresh
31715993,31367,92.55,858.95,72.75,0.452,4.198,0.356,banana,fresh
31717004,31368,92.20,858.90,72.75,0.451,4.198,0.356,banana,fresh
31718016,31369,92.20,858.90,72.65,0.451,4.198,0.355,banana,fresh
31719026,31370,92.30,858.95,72.65,0.451,4.198,0.355,banana,fresh
31720038,31371,92.40,858.95,72.70,0.452,4.198,0.355,banana,fresh
31721049,31372,92.40,858.80,72.80,0.452,4.197,0.356,banana,fresh
31722060,31373,92.30,858.90,72.85,0.451,4.198,0.356,banana,fresh
31723071,31374,92.55,859.00,72.60,0.452,4.198,0.355,banana,fresh
31724082,31375,92.10,858.90,72.75,0.450,4.198,0.356,banana,fresh
31725093,31376,92.35,858.95,72.80,0.451,4.198,0.356,banana,fresh
31726104,31377,92.45,858.95,72.75,0.452,4.198,0.356,banana,fresh
31727116,31378,92.45,858.95,72.75,0.452,4.198,0.356,banana,fresh
31728126,31379,92.25,858.75,72.95,0.451,4.197,0.357,banana,fresh
31729138,31380,92.35,858.95,72.75,0.451,4.198,0.356,banana,fresh
31730149,31381,92.35,859.00,72.85,0.451,4.198,0.356,banana,fresh
31731161,31382,92.50,858.85,72.75,0.452,4.198,0.356,banana,fresh
31732171,31383,92.50,858.85,72.80,0.452,4.198,0.356,banana,fresh
31733182,31384,92.35,858.90,72.90,0.451,4.198,0.356,banana,fresh
31734194,31385,92.40,858.85,72.80,0.452,4.198,0.356,banana,fresh
31735204,31386,92.60,859.00,72.85,0.453,4.198,0.356,banana,fresh
31736216,31387,92.25,859.00,72.95,0.451,4.198,0.357,banana,fresh
31737227,31388,92.35,858.90,72.75,0.451,4.198,0.356,banana,fresh
31738238,31389,92.50,858.90,72.65,0.452,4.198,0.355,banana,fresh
31739249,31390,92.40,858.80,72.80,0.452,4.197,0.356,banana,fresh
31740260,31391,92.55,858.85,72.90,0.452,4.198,0.356,banana,fresh
31741272,31392,92.40,858.95,73.00,0.452,4.198,0.357,banana,fresh
31742282,31393,92.50,858.95,72.95,0.452,4.198,0.357,banana,fresh
31743294,31394,92.45,858.80,72.90,0.452,4.197,0.356,banana,fresh
31744305,31395,92.50,858.85,72.85,0.452,4.198,0.356,banana,fresh
31745316,31396,92.60,858.95,72.85,0.453,4.198,0.356,banana,fresh
31746327,31397,92.55,858.85,72.95,0.452,4.198,0.357,banana,fresh
31747339,31398,92.65,858.80,72.85,0.453,4.197,0.356,banana,fresh
31748349,31399,92.50,858.95,72.90,0.452,4.198,0.356,banana,fresh
31749360,31400,92.45,858.85,72.90,0.452,4.198,0.356,banana,fresh
31750372,31401,92.50,858.90,72.85,0.452,4.198,0.356,banana,fresh
31751383,31402,92.55,858.90,72.90,0.452,4.198,0.356,banana,fresh
31752394,31403,92.70,858.85,73.00,0.453,4.198,0.357,banana,fresh
31753405,31404,92.70,858.90,72.90,0.453,4.198,0.356,banana,fresh
31754417,31405,92.40,858.85,72.95,0.452,4.198,0.357,banana,fresh
31755427,31406,92.65,858.85,72.95,0.453,4.198,0.357,banana,fresh
31756438,31407,92.60,859.00,72.90,0.453,4.198,0.356,banana,fresh
31757450,31408,92.65,858.95,72.80,0.453,4.198,0.356,banana,fresh
31758460,31409,92.45,858.90,72.90,0.452,4.198,0.356,banana,fresh
31759472,31410,92.65,859.00,72.90,0.453,4.198,0.356,banana,fresh
31760483,31411,92.45,858.95,72.90,0.452,4.198,0.356,banana,fresh
31761495,31412,92.45,858.90,72.90,0.452,4.198,0.356,banana,fresh
31762505,31413,92.50,858.90,72.95,0.452,4.198,0.357,banana,fresh
31763516,31414,92.45,858.80,72.85,0.452,4.197,0.356,banana,fresh
31764528,31415,92.65,858.85,73.00,0.453,4.198,0.357,banana,fresh
31765538,31416,92.45,858.90,73.00,0.452,4.198,0.357,banana,fresh
31766550,31417,92.70,858.80,72.95,0.453,4.197,0.357,banana,fresh
31767561,31418,92.55,858.85,72.85,0.452,4.198,0.356,banana,fresh
31768572,31419,92.75,858.90,72.95,0.453,4.198,0.357,banana,fresh
31769583,31420,92.80,858.90,73.00,0.454,4.198,0.357,banana,fresh
31770594,31421,92.65,859.00,72.90,0.453,4.198,0.356,banana,fresh
31771606,31422,92.50,858.85,73.00,0.452,4.198,0.357,banana,fresh
31772616,31423,92.65,859.00,73.00,0.453,4.198,0.357,banana,fresh
31773628,31424,92.85,858.95,73.00,0.454,4.198,0.357,banana,fresh
31774639,31425,92.80,858.90,72.95,0.454,4.198,0.357,banana,fresh
31775650,31426,92.75,859.00,73.00,0.453,4.198,0.357,banana,fresh
31776661,31427,92.70,858.95,72.90,0.453,4.198,0.356,banana,fresh
31777673,31428,92.70,858.90,72.95,0.453,4.198,0.357,banana,fresh
31778683,31429,92.75,858.95,73.00,0.453,4.198,0.357,banana,fresh
31779694,31430,92.75,859.00,72.95,0.453,4.198,0.357,banana,fresh
31780706,31431,92.70,858.95,72.95,0.453,4.198,0.357,banana,fresh
31781716,31432,92.85,858.90,73.00,0.454,4.198,0.357,banana,fresh
31782728,31433,92.55,858.85,73.00,0.452,4.198,0.357,banana,fresh
31783739,31434,92.85,858.90,73.00,0.454,4.198,0.357,banana,fresh
31784751,31435,92.65,858.90,73.00,0.453,4.198,0.357,banana,fresh
31785761,31436,92.50,858.90,73.00,0.452,4.198,0.357,banana,fresh
31786772,31437,92.60,859.00,73.00,0.453,4.198,0.357,banana,fresh
31787784,31438,92.85,858.90,73.00,0.454,4.198,0.357,banana,fresh
31788794,31439,92.85,858.95,72.95,0.454,4.198,0.357,banana,fresh
31789806,31440,92.75,859.00,72.95,0.453,4.198,0.357,banana,fresh
31790817,31441,92.65,858.90,73.00,0.453,4.198,0.357,banana,fresh
31791828,31442,92.65,858.90,73.00,0.453,4.198,0.357,banana,fresh
31792839,31443,92.65,859.00,73.00,0.453,4.198,0.357,banana,fresh
31793851,31444,92.80,858.90,73.00,0.454,4.198,0.357,banana,fresh
31794862,31445,92.85,858.90,73.00,0.454,4.198,0.357,banana,fresh
31795872,31446,92.65,858.90,73.00,0.453,4.198,0.357,banana,fresh
31796884,31447,92.70,858.95,72.95,0.453,4.198,0.357,banana,fresh
31797895,31448,92.85,858.90,73.00,0.454,4.198,0.357,banana,fresh
31798906,31449,92.95,858.95,73.00,0.454,4.198,0.357,banana,fresh
31799917,31450,92.75,858.90,72.95,0.453,4.198,0.357,banana,fresh
31800929,31451,92.90,858.90,72.95,0.454,4.198,0.357,banana,fresh
31801939,31452,92.75,859.00,73.00,0.453,4.198,0.357,banana,fresh
31802950,31453,92.85,858.90,73.00,0.454,4.198,0.357,banana,fresh
31803962,31454,92.80,858.95,73.00,0.454,4.198,0.357,banana,fresh
31804973,31455,92.80,858.95,73.00,0.454,4.198,0.357,banana,fresh
31805984,31456,92.75,858.95,73.00,0.453,4.198,0.357,banana,fresh
31806995,31457,92.70,858.90,73.00,0.453,4.198,0.357,banana,fresh
31808007,31458,92.90,858.95,73.00,0.454,4.198,0.357,banana,fresh
31809017,31459,92.90,859.00,73.00,0.454,4.198,0.357,banana,fresh
31810028,31460,92.85,858.85,72.95,0.454,4.198,0.357,banana,fresh
31811040,31461,92.85,858.90,73.00,0.454,4.198,0.357,banana,fresh
31812050,31462,92.95,858.95,73.00,0.454,4.198,0.357,banana,fresh
31813062,31463,92.85,858.95,73.00,0.454,4.198,0.357,banana,fresh
31814073,31464,92.90,858.85,73.05,0.454,4.198,0.357,banana,fresh
31815085,31465,92.85,858.95,73.00,0.454,4.198,0.357,banana,fresh
31816095,31466,92.90,858.95,73.00,0.454,4.198,0.357,banana,fresh
31817106,31467,92.95,858.90,72.95,0.454,4.198,0.357,banana,fresh
31818118,31468,92.75,858.95,73.00,0.453,4.198,0.357,banana,fresh
31819128,31469,93.00,858.95,73.00,0.455,4.198,0.357,banana,fresh
31820140,31470,92.70,858.95,73.00,0.453,4.198,0.357,banana,fresh
31821151,31471,93.00,859.00,73.00,0.455,4.198,0.357,banana,fresh
31822162,31472,93.00,858.85,73.00,0.455,4.198,0.357,banana,fresh
31823173,31473,92.85,858.95,72.95,0.454,4.198,0.357,banana,fresh
31824184,31474,93.00,858.80,73.00,0.455,4.197,0.357,banana,fresh
31825196,31475,92.80,859.00,73.00,0.454,4.198,0.357,banana,fresh
31826206,31476,92.90,858.95,73.00,0.454,4.198,0.357,banana,fresh
31827218,31477,92.95,858.95,72.95,0.454,4.198,0.357,banana,fresh
31828229,31478,92.85,858.90,73.00,0.454,4.198,0.357,banana,fresh
31829240,31479,92.85,859.05,73.00,0.454,4.199,0.357,banana,fresh
31830251,31480,92.85,858.85,73.10,0.454,4.198,0.357,banana,fresh
31831262,31481,92.90,858.95,73.00,0.454,4.198,0.357,banana,fresh
31832273,31482,93.00,859.00,73.00,0.455,4.198,0.357,banana,fresh
31833284,31483,93.00,858.90,73.00,0.455,4.198,0.357,banana,fresh
31834296,31484,92.95,859.00,73.00,0.454,4.198,0.357,banana,fresh
31835307,31485,92.95,858.90,73.00,0.454,4.198,0.357,banana,fresh
31836318,31486,93.00,858.90,73.05,0.455,4.198,0.357,banana,fresh
31837329,31487,92.90,859.00,73.05,0.454,4.198,0.357,banana,fresh
31838340,31488,92.95,858.95,73.05,0.454,4.198,0.357,banana,fresh
31839351,31489,92.90,858.95,73.05,0.454,4.198,0.357,banana,fresh
31840362,31490,92.95,858.90,73.05,0.454,4.198,0.357,banana,fresh
31841374,31491,93.00,859.00,73.00,0.455,4.198,0.357,banana,fresh
31842384,31492,93.00,859.00,73.00,0.455,4.198,0.357,banana,fresh
31843396,31493,93.00,859.00,73.00,0.455,4.198,0.357,banana,fresh
31844407,31494,92.90,858.90,73.00,0.454,4.198,0.357,banana,fresh
31845417,31495,92.90,858.95,73.05,0.454,4.198,0.357,banana,fresh
31846429,31496,93.00,858.85,73.00,0.455,4.198,0.357,banana,fresh
31847440,31497,93.00,858.90,73.05,0.455,4.198,0.357,banana,fresh
31848452,31498,92.95,859.00,73.00,0.454,4.198,0.357,banana,fresh
31849462,31499,93.00,858.90,73.20,0.455,4.198,0.358,banana,fresh
31850473,31500,92.95,858.90,73.05,0.454,4.198,0.357,banana,fresh
31851485,31501,93.00,858.90,73.00,0.455,4.198,0.357,banana,fresh
31852495,31502,93.00,858.90,73.00,0.455,4.198,0.357,banana,fresh
31853507,31503,93.00,859.00,73.00,0.455,4.198,0.357,banana,fresh
31854518,31504,92.90,859.00,73.00,0.454,4.198,0.357,banana,fresh
31855529,31505,92.95,859.00,73.00,0.454,4.198,0.357,banana,fresh
31856540,31506,92.95,858.95,73.00,0.454,4.198,0.357,banana,fresh
31857551,31507,93.00,859.00,73.00,0.455,4.198,0.357,banana,fresh
31858563,31508,92.95,859.00,73.00,0.454,4.198,0.357,banana,fresh
31859573,31509,92.95,858.90,73.05,0.454,4.198,0.357,banana,fresh
31860585,31510,93.00,858.95,73.10,0.455,4.198,0.357,banana,fresh
31861596,31511,93.00,858.95,73.00,0.455,4.198,0.357,banana,fresh
31862607,31512,93.00,858.85,73.15,0.455,4.198,0.358,banana,fresh
31863618,31513,93.00,859.00,73.10,0.455,4.198,0.357,banana,fresh
31864629,31514,93.00,859.00,73.05,0.455,4.198,0.357,banana,fresh
31865640,31515,92.95,859.00,73.15,0.454,4.198,0.358,banana,fresh
31866651,31516,92.95,858.90,73.05,0.454,4.198,0.357,banana,fresh
31867663,31517,93.00,859.00,73.10,0.455,4.198,0.357,banana,fresh
31868674,31518,92.95,858.95,73.05,0.454,4.198,0.357,banana,fresh
31869685,31519,92.95,858.90,73.00,0.454,4.198,0.357,banana,fresh
31870696,31520,93.00,858.95,73.00,0.455,4.198,0.357,banana,fresh
31871707,31521,92.95,859.00,73.00,0.454,4.198,0.357,banana,fresh
31872718,31522,93.00,858.95,73.05,0.455,4.198,0.357,banana,fresh
31873729,31523,93.00,858.95,73.05,0.455,4.198,0.357,banana,fresh
31874741,31524,93.00,858.80,73.00,0.455,4.197,0.357,banana,fresh
31875751,31525,93.00,858.90,73.25,0.455,4.198,0.358,banana,fresh
31876762,31526,93.00,859.00,73.10,0.455,4.198,0.357,banana,fresh
31877774,31527,93.00,858.95,73.05,0.455,4.198,0.357,banana,fresh
31878785,31528,92.95,858.95,73.05,0.454,4.198,0.357,banana,fresh
31879796,31529,93.00,858.90,73.10,0.455,4.198,0.357,banana,fresh
31880807,31530,92.95,859.00,73.05,0.454,4.198,0.357,banana,fresh
31881819,31531,93.00,859.00,73.15,0.455,4.198,0.358,banana,fresh
31882829,31532,93.00,858.95,73.15,0.455,4.198,0.358,banana,fresh
31883841,31533,93.00,859.00,73.10,0.455,4.198,0.357,banana,fresh
31884852,31534,93.00,858.95,73.10,0.455,4.198,0.357,banana,fresh
31885862,31535,93.10,858.95,73.10,0.455,4.198,0.357,banana,fresh
31886874,31536,93.00,859.00,73.05,0.455,4.198,0.357,banana,fresh
31887885,31537,93.00,858.95,73.05,0.455,4.198,0.357,banana,fresh
31888897,31538,93.00,858.90,73.15,0.455,4.198,0.358,banana,fresh
31889907,31539,92.95,859.00,73.10,0.454,4.198,0.357,banana,fresh
31890919,31540,93.00,859.00,73.00,0.455,4.198,0.357,banana,fresh
31891930,31541,93.00,858.90,73.20,0.455,4.198,0.358,banana,fresh
31892940,31542,93.00,858.95,73.30,0.455,4.198,0.358,banana,fresh
31893952,31543,93.00,859.00,73.20,0.455,4.198,0.358,banana,fresh
31894963,31544,93.05,859.00,73.35,0.455,4.198,0.359,banana,fresh
31895974,31545,93.00,858.90,73.20,0.455,4.198,0.358,banana,fresh
31896985,31546,93.00,859.00,73.20,0.455,4.198,0.358,banana,fresh
31897997,31547,93.00,858.95,73.20,0.455,4.198,0.358,banana,fresh
31899008,31548,93.00,859.00,73.20,0.455,4.198,0.358,banana,fresh
31900018,31549,93.00,858.95,73.20,0.455,4.198,0.358,banana,fresh
31901030,31550,93.00,859.00,73.10,0.455,4.198,0.357,banana,fresh
31902041,31551,93.05,859.00,73.30,0.455,4.198,0.358,banana,fresh
31903052,31552,93.00,859.00,73.15,0.455,4.198,0.358,banana,fresh
31904063,31553,93.00,859.00,73.25,0.455,4.198,0.358,banana,fresh
31905075,31554,93.00,858.90,73.15,0.455,4.198,0.358,banana,fresh
31906085,31555,93.00,859.00,73.35,0.455,4.198,0.359,banana,fresh
31907096,31556,93.10,858.90,73.25,0.455,4.198,0.358,banana,fresh
31908108,31557,93.00,859.00,73.25,0.455,4.198,0.358,banana,fresh
31909118,31558,93.00,858.95,73.25,0.455,4.198,0.358,banana,fresh
31910130,31559,93.05,858.95,73.10,0.455,4.198,0.357,banana,fresh
31911141,31560,93.00,859.00,73.10,0.455,4.198,0.357,banana,fresh
31912153,31561,93.00,858.90,73.20,0.455,4.198,0.358,banana,fresh
31913163,31562,93.00,858.95,73.20,0.455,4.198,0.358,banana,fresh
31914174,31563,93.05,858.95,73.20,0.455,4.198,0.358,banana,fresh
31915186,31564,93.05,859.00,73.15,0.455,4.198,0.358,banana,fresh
31916196,31565,93.00,859.00,73.25,0.455,4.198,0.358,banana,fresh
31917208,31566,93.00,859.00,73.20,0.455,4.198,0.358,banana,fresh
31918219,31567,93.05,858.95,73.40,0.455,4.198,0.359,banana,fresh
31919230,31568,93.05,858.95,73.25,0.455,4.198,0.358,banana,fresh
31920241,31569,93.00,858.95,73.30,0.455,4.198,0.358,banana,fresh
31921252,31570,93.00,858.95,73.25,0.455,4.198,0.358,banana,fresh
31922264,31571,93.10,859.00,73.30,0.455,4.198,0.358,banana,fresh
31923274,31572,93.00,858.95,73.30,0.455,4.198,0.358,banana,fresh
31924286,31573,93.05,858.95,73.30,0.455,4.198,0.358,banana,fresh
31925297,31574,93.00,859.00,73.15,0.455,4.198,0.358,banana,fresh
31926308,31575,93.00,859.00,73.30,0.455,4.198,0.358,banana,fresh
31927319,31576,93.00,859.00,73.45,0.455,4.198,0.359,banana,fresh
31928331,31577,93.00,859.00,73.50,0.455,4.198,0.359,banana,fresh
31929341,31578,93.05,859.00,73.30,0.455,4.198,0.358,banana,fresh
31930352,31579,93.05,858.95,73.45,0.455,4.198,0.359,banana,fresh
31931364,31580,93.05,858.95,73.30,0.455,4.198,0.358,banana,fresh
31932375,31581,93.05,858.95,73.35,0.455,4.198,0.359,banana,fresh
31933386,31582,93.05,859.00,73.10,0.455,4.198,0.357,banana,fresh
31934397,31583,93.00,859.00,73.35,0.455,4.198,0.359,banana,fresh
31935409,31584,93.05,859.00,73.30,0.455,4.198,0.358,banana,fresh
31936419,31585,93.00,859.00,73.30,0.455,4.198,0.358,banana,fresh
31937430,31586,93.00,859.00,73.40,0.455,4.198,0.359,banana,fresh
31938442,31587,93.00,858.95,73.50,0.455,4.198,0.359,banana,fresh
31939452,31588,93.05,859.00,73.65,0.455,4.198,0.360,banana,fresh
31940464,31589,93.10,859.00,73.60,0.455,4.198,0.360,banana,fresh
31941475,31590,93.00,859.00,73.50,0.455,4.198,0.359,banana,fresh
31942487,31591,93.05,859.00,73.45,0.455,4.198,0.359,banana,fresh
31943497,31592,93.00,859.00,73.30,0.455,4.198,0.358,banana,fresh
31944508,31593,93.05,859.00,73.60,0.455,4.198,0.360,banana,fresh
31945520,31594,93.05,859.00,73.25,0.455,4.198,0.358,banana,fresh
31946530,31595,93.15,859.00,73.40,0.455,4.198,0.359,banana,fresh
31947542,31596,93.05,859.00,73.50,0.455,4.198,0.359,banana,fresh
31948553,31597,93.05,859.00,73.45,0.455,4.198,0.359,banana,fresh
31949564,31598,93.05,859.05,73.30,0.455,4.199,0.358,banana,fresh
31950575,31599,93.10,859.00,73.35,0.455,4.198,0.359,banana,fresh
31951586,31600,93.05,859.00,73.45,0.455,4.198,0.359,banana,fresh
31952598,31601,93.00,858.95,73.70,0.455,4.198,0.360,banana,fresh
31953608,31602,93.00,858.95,73.60,0.455,4.198,0.360,banana,fresh
31954620,31603,93.00,859.00,73.60,0.455,4.198,0.360,banana,fresh
31955631,31604,93.10,858.95,73.50,0.455,4.198,0.359,banana,fresh
31956642,31605,93.05,859.00,73.25,0.455,4.198,0.358,banana,fresh
31957653,31606,93.05,858.95,73.40,0.455,4.198,0.359,banana,fresh
31958664,31607,93.10,858.95,73.70,0.455,4.198,0.360,banana,fresh
31959675,31608,93.05,859.00,73.45,0.455,4.198,0.359,banana,fresh
31960686,31609,93.10,859.00,73.50,0.455,4.198,0.359,banana,fresh
31961698,31610,93.10,859.00,73.75,0.455,4.198,0.360,banana,fresh
31962708,31611,93.00,858.95,73.55,0.455,4.198,0.359,banana,fresh
31963720,31612,93.10,859.00,73.45,0.455,4.198,0.359,banana,fresh
31964731,31613,93.15,858.95,73.50,0.455,4.198,0.359,banana,fresh
31965742,31614,93.15,859.00,73.85,0.455,4.198,0.361,banana,fresh
31966753,31615,93.15,859.00,73.50,0.455,4.198,0.359,banana,fresh
31967764,31616,93.05,859.00,73.50,0.455,4.198,0.359,banana,fresh
31968776,31617,93.05,859.00,73.40,0.455,4.198,0.359,banana,fresh
31969786,31618,93.10,858.85,73.60,0.455,4.198,0.360,banana,fresh
31970798,31619,93.15,859.00,73.70,0.455,4.198,0.360,banana,fresh
31971809,31620,93.15,859.00,73.70,0.455,4.198,0.360,banana,fresh
31972819,31621,93.05,859.00,73.60,0.455,4.198,0.360,banana,fresh
31973831,31622,93.25,859.00,73.70,0.456,4.198,0.360,banana,fresh
31974842,31623,93.05,859.00,73.60,0.455,4.198,0.360,banana,fresh
31975854,31624,93.10,859.00,73.75,0.455,4.198,0.360,banana,fresh
31976864,31625,93.10,858.90,73.75,0.455,4.198,0.360,banana,fresh
31977876,31626,93.05,859.00,73.65,0.455,4.198,0.360,banana,fresh
31978887,31627,93.15,859.00,73.65,0.455,4.198,0.360,banana,fresh
31979897,31628,93.05,858.95,73.60,0.455,4.198,0.360,banana,fresh
31980909,31629,93.20,859.00,73.70,0.456,4.198,0.360,banana,fresh
31981920,31630,93.15,858.95,73.70,0.455,4.198,0.360,banana,fresh
31982931,31631,93.05,859.00,73.60,0.455,4.198,0.360,banana,fresh
31983942,31632,93.10,858.95,73.85,0.455,4.198,0.361,banana,fresh
31984954,31633,93.25,859.00,73.70,0.456,4.198,0.360,banana,fresh
31985965,31634,93.05,859.00,73.75,0.455,4.198,0.360,banana,fresh
31986976,31635,93.20,859.00,73.70,0.456,4.198,0.360,banana,fresh
31987987,31636,93.05,859.00,73.70,0.455,4.198,0.360,banana,fresh
31988998,31637,93.05,859.00,73.70,0.455,4.198,0.360,banana,fresh
31990009,31638,93.15,858.95,73.80,0.455,4.198,0.361,banana,fresh
31991020,31639,93.20,859.05,73.70,0.456,4.199,0.360,banana,fresh
31992032,31640,93.15,859.00,73.80,0.455,4.198,0.361,banana,fresh
31993042,31641,93.00,859.00,73.70,0.455,4.198,0.360,banana,fresh
31994054,31642,93.10,858.95,73.70,0.455,4.198,0.360,banana,fresh
31995065,31643,93.15,858.95,73.60,0.455,4.198,0.360,banana,fresh
31996076,31644,93.25,858.95,73.95,0.456,4.198,0.361,banana,fresh
31997087,31645,93.30,859.00,73.70,0.456,4.198,0.360,banana,fresh
31998098,31646,93.20,858.95,73.80,0.456,4.198,0.361,banana,fresh
31999110,31647,93.20,859.00,73.80,0.456,4.198,0.361,banana,fresh
32000120,31648,93.25,859.00,73.70,0.456,4.198,0.360,banana,fresh
32001132,31649,93.15,858.95,73.85,0.455,4.198,0.361,banana,fresh
32002143,31650,93.05,859.00,73.90,0.455,4.198,0.361,banana,fresh
32003153,31651,93.10,859.00,73.80,0.455,4.198,0.361,banana,fresh
32004165,31652,93.15,859.00,73.70,0.455,4.198,0.360,banana,fresh
32005176,31653,93.30,859.00,73.85,0.456,4.198,0.361,banana,fresh
32006188,31654,93.25,859.00,73.95,0.456,4.198,0.361,banana,fresh
32007198,31655,93.20,859.00,73.85,0.456,4.198,0.361,banana,fresh
32008210,31656,93.20,859.00,74.00,0.456,4.198,0.362,banana,fresh
32009221,31657,93.20,859.00,73.90,0.456,4.198,0.361,banana,fresh
32010231,31658,93.35,859.00,73.95,0.456,4.198,0.361,banana,fresh
32011243,31659,93.15,859.00,73.95,0.455,4.198,0.361,banana,fresh
32012254,31660,93.10,859.00,73.95,0.455,4.198,0.361,banana,fresh
32013265,31661,93.45,858.95,73.75,0.457,4.198,0.360,banana,fresh
32014276,31662,93.35,859.00,73.75,0.456,4.198,0.360,banana,fresh
32015288,31663,93.10,859.00,73.85,0.455,4.198,0.361,banana,fresh
32016299,31664,93.45,858.95,73.65,0.457,4.198,0.360,banana,fresh
32017310,31665,93.15,858.95,73.75,0.455,4.198,0.360,banana,fresh
32018321,31666,93.10,859.00,73.90,0.455,4.198,0.361,banana,fresh
32019332,31667,93.10,859.00,73.85,0.455,4.198,0.361,banana,fresh
32020343,31668,93.30,859.00,73.90,0.456,4.198,0.361,banana,fresh
32021354,31669,93.20,858.95,73.90,0.456,4.198,0.361,banana,fresh
32022366,31670,93.25,858.95,73.95,0.456,4.198,0.361,banana,fresh
32023376,31671,93.40,858.95,73.80,0.457,4.198,0.361,banana,fresh
32024388,31672,93.20,858.95,73.95,0.456,4.198,0.361,banana,fresh
32025399,31673,93.30,859.00,74.00,0.456,4.198,0.362,banana,fresh
32026409,31674,93.25,859.00,73.90,0.456,4.198,0.361,banana,fresh
32027421,31675,93.30,859.00,73.85,0.456,4.198,0.361,banana,fresh
32028432,31676,93.50,859.00,74.00,0.457,4.198,0.362,banana,fresh
32029444,31677,93.25,858.95,73.85,0.456,4.198,0.361,banana,fresh
32030454,31678,93.20,858.95,73.85,0.456,4.198,0.361,banana,fresh
32031466,31679,93.20,859.00,73.95,0.456,4.198,0.361,banana,fresh
32032477,31680,93.50,859.00,73.90,0.457,4.198,0.361,banana,fresh
32033487,31681,93.30,859.00,73.95,0.456,4.198,0.361,banana,fresh
32034499,31682,93.35,859.00,74.00,0.456,4.198,0.362,banana,fresh
32035510,31683,93.20,859.00,74.00,0.456,4.198,0.362,banana,fresh
32036521,31684,93.20,859.00,73.95,0.456,4.198,0.361,banana,fresh
32037532,31685,93.25,858.95,73.95,0.456,4.198,0.361,banana,fresh
32038543,31686,93.45,859.00,73.95,0.457,4.198,0.361,banana,fresh
32039555,31687,93.20,859.00,73.95,0.456,4.198,0.361,banana,fresh
32040565,31688,93.45,858.90,73.90,0.457,4.198,0.361,banana,fresh
32041577,31689,93.40,859.00,74.00,0.457,4.198,0.362,banana,fresh
32042588,31690,93.40,859.00,74.00,0.457,4.198,0.362,banana,fresh
32043599,31691,93.25,859.00,74.00,0.456,4.198,0.362,banana,fresh
32044610,31692,93.25,859.00,73.90,0.456,4.198,0.361,banana,fresh
32045621,31693,93.50,859.00,73.90,0.457,4.198,0.361,banana,fresh
32046632,31694,93.35,858.95,74.00,0.456,4.198,0.362,banana,fresh
32047643,31695,93.40,859.00,74.00,0.457,4.198,0.362,banana,fresh
32048655,31696,93.30,858.95,73.95,0.456,4.198,0.361,banana,fresh
32049666,31697,93.30,858.95,73.80,0.456,4.198,0.361,banana,fresh
32050677,31698,93.40,859.05,73.95,0.457,4.199,0.361,banana,fresh
32051688,31699,93.40,859.00,74.00,0.457,4.198,0.362,banana,fresh
32052699,31700,93.55,859.00,74.00,0.457,4.198,0.362,banana,fresh
32053710,31701,93.45,859.00,74.00,0.457,4.198,0.362,banana,fresh
32054721,31702,93.30,858.95,74.00,0.456,4.198,0.362,banana,fresh
32055733,31703,93.35,859.00,74.00,0.456,4.198,0.362,banana,fresh
32056743,31704,93.50,859.00,73.95,0.457,4.198,0.361,banana,fresh
32057755,31705,93.35,859.00,74.00,0.456,4.198,0.362,banana,fresh
32058766,31706,93.50,858.95,74.00,0.457,4.198,0.362,banana,fresh
32059777,31707,93.50,859.00,73.90,0.457,4.198,0.361,banana,fresh
32060788,31708,93.55,859.00,73.95,0.457,4.198,0.361,banana,fresh
32061799,31709,93.35,859.00,74.00,0.456,4.198,0.362,banana,fresh
32062811,31710,93.40,859.00,74.00,0.457,4.198,0.362,banana,fresh
32063821,31711,93.40,859.00,74.00,0.457,4.198,0.362,banana,fresh
32064833,31712,93.70,859.00,73.90,0.458,4.198,0.361,banana,fresh
32065844,31713,93.55,858.95,73.95,0.457,4.198,0.361,banana,fresh
32066854,31714,93.50,859.00,74.00,0.457,4.198,0.362,banana,fresh
32067866,31715,93.30,858.95,73.95,0.456,4.198,0.361,banana,fresh
32068877,31716,93.50,858.95,74.00,0.457,4.198,0.362,banana,fresh
32069889,31717,93.55,859.00,73.90,0.457,4.198,0.361,banana,fresh
32070899,31718,93.50,859.00,73.95,0.457,4.198,0.361,banana,fresh
32071911,31719,93.50,859.05,74.00,0.457,4.199,0.362,banana,fresh
32072922,31720,93.45,859.00,74.00,0.457,4.198,0.362,banana,fresh
32073932,31721,93.75,859.05,74.00,0.458,4.199,0.362,banana,fresh
32074944,31722,93.65,859.00,74.00,0.458,4.198,0.362,banana,fresh
32075955,31723,93.60,859.00,74.00,0.457,4.198,0.362,banana,fresh
32076966,31724,93.60,859.00,74.00,0.457,4.198,0.362,banana,fresh
32077977,31725,93.35,859.00,74.00,0.456,4.198,0.362,banana,fresh
32078989,31726,93.55,859.00,74.05,0.457,4.198,0.362,banana,fresh
32080000,31727,93.65,859.00,74.00,0.458,4.198,0.362,banana,fresh
32081010,31728,93.40,859.00,74.00,0.457,4.198,0.362,banana,fresh
32082022,31729,93.50,859.00,74.00,0.457,4.198,0.362,banana,fresh
32083033,31730,93.55,859.00,74.00,0.457,4.198,0.362,banana,fresh
32084044,31731,93.60,859.00,74.00,0.457,4.198,0.362,banana,fresh
32085055,31732,93.45,859.00,74.00,0.457,4.198,0.362,banana,fresh
32086066,31733,93.65,859.00,74.00,0.458,4.198,0.362,banana,fresh
32087077,31734,93.55,859.00,74.00,0.457,4.198,0.362,banana,fresh
32088088,31735,93.60,859.00,74.00,0.457,4.198,0.362,banana,fresh
32089100,31736,93.60,859.00,73.95,0.457,4.198,0.361,banana,fresh
32090110,31737,93.55,859.00,74.00,0.457,4.198,0.362,banana,fresh
32091122,31738,93.75,859.00,74.00,0.458,4.198,0.362,banana,fresh
32092133,31739,93.75,859.00,74.00,0.458,4.198,0.362,banana,fresh
32093144,31740,93.55,859.00,74.00,0.457,4.198,0.362,banana,fresh
32094155,31741,93.65,859.00,74.00,0.458,4.198,0.362,banana,fresh
32095166,31742,93.85,859.00,74.00,0.459,4.198,0.362,banana,fresh
32096178,31743,93.75,858.95,74.00,0.458,4.198,0.362,banana,fresh
32097188,31744,93.70,859.00,74.00,0.458,4.198,0.362,banana,fresh
32098200,31745,93.55,859.00,74.00,0.457,4.198,0.362,banana,fresh
32099211,31746,93.50,859.00,74.00,0.457,4.198,0.362,banana,fresh
32100221,31747,93.70,859.05,74.00,0.458,4.199,0.362,banana,fresh
32101233,31748,93.55,859.00,74.00,0.457,4.198,0.362,banana,fresh
32102244,31749,93.65,859.00,74.00,0.458,4.198,0.362,banana,fresh
32103256,31750,93.55,859.00,74.00,0.457,4.198,0.362,banana,fresh
32104266,31751,93.70,859.00,74.05,0.458,4.198,0.362,banana,fresh
32105278,31752,93.70,859.00,74.00,0.458,4.198,0.362,banana,fresh
32106289,31753,93.75,859.00,74.00,0.458,4.198,0.362,banana,fresh
32107299,31754,93.65,858.95,74.00,0.458,4.198,0.362,banana,fresh
32108311,31755,93.55,859.00,74.00,0.457,4.198,0.362,banana,fresh
32109322,31756,93.75,859.00,73.95,0.458,4.198,0.361,banana,fresh
32110333,31757,93.65,859.00,74.00,0.458,4.198,0.362,banana,fresh
32111344,31758,93.70,859.00,74.00,0.458,4.198,0.362,banana,fresh
32112356,31759,93.70,859.00,74.00,0.458,4.198,0.362,banana,fresh
32113367,31760,93.70,859.00,74.00,0.458,4.198,0.362,banana,fresh
32114377,31761,93.80,859.00,74.00,0.458,4.198,0.362,banana,fresh
32115389,31762,93.80,859.00,74.00,0.458,4.198,0.362,banana,fresh
32116400,31763,93.75,859.00,74.05,0.458,4.198,0.362,banana,fresh
32117411,31764,93.65,859.00,74.00,0.458,4.198,0.362,banana,fresh
32118422,31765,93.85,859.00,74.00,0.459,4.198,0.362,banana,fresh
32119433,31766,93.50,859.00,74.00,0.457,4.198,0.362,banana,fresh
32120444,31767,93.65,859.00,74.00,0.458,4.198,0.362,banana,fresh
32121455,31768,93.70,859.05,74.00,0.458,4.199,0.362,banana,fresh
32122467,31769,93.90,859.00,74.00,0.459,4.198,0.362,banana,fresh
32123478,31770,93.75,859.00,74.00,0.458,4.198,0.362,banana,fresh
32124489,31771,93.65,859.00,74.00,0.458,4.198,0.362,banana,fresh
32125500,31772,93.80,858.95,74.00,0.458,4.198,0.362,banana,fresh
32126511,31773,93.60,859.00,74.00,0.457,4.198,0.362,banana,fresh
32127522,31774,93.85,858.95,74.00,0.459,4.198,0.362,banana,fresh
32128533,31775,93.80,859.00,74.00,0.458,4.198,0.362,banana,fresh
32129545,31776,93.80,859.00,74.00,0.458,4.198,0.362,banana,fresh
32130555,31777,93.85,859.00,74.00,0.459,4.198,0.362,banana,fresh
32131567,31778,93.90,859.00,74.05,0.459,4.198,0.362,banana,fresh
32132578,31779,93.65,858.95,74.00,0.458,4.198,0.362,banana,fresh
32133588,31780,93.80,859.00,74.00,0.458,4.198,0.362,banana,fresh
32134600,31781,93.80,858.95,74.00,0.458,4.198,0.362,banana,fresh
32135611,31782,93.85,859.00,74.00,0.459,4.198,0.362,banana,fresh
32136623,31783,93.95,859.00,74.00,0.459,4.198,0.362,banana,fresh
32137633,31784,93.70,859.00,73.95,0.458,4.198,0.361,banana,fresh
32138645,31785,93.55,858.95,74.05,0.457,4.198,0.362,banana,fresh
32139656,31786,93.90,859.00,74.00,0.459,4.198,0.362,banana,fresh
32140666,31787,93.90,859.00,74.00,0.459,4.198,0.362,banana,fresh
32141678,31788,93.85,859.00,74.05,0.459,4.198,0.362,banana,fresh
32142689,31789,93.65,859.00,74.00,0.458,4.198,0.362,banana,fresh
32143700,31790,93.85,859.05,74.00,0.459,4.199,0.362,banana,fresh
32144711,31791,93.80,859.00,74.00,0.458,4.198,0.362,banana,fresh
32145722,31792,93.90,859.00,74.05,0.459,4.198,0.362,banana,fresh
32146734,31793,93.85,859.00,74.00,0.459,4.198,0.362,banana,fresh
32147744,31794,93.70,859.00,74.00,0.458,4.198,0.362,banana,fresh
32148756,31795,93.80,859.00,74.00,0.458,4.198,0.362,banana,fresh
32149767,31796,93.90,859.00,74.05,0.459,4.198,0.362,banana,fresh
32150778,31797,93.80,859.00,74.00,0.458,4.198,0.362,banana,fresh
32151789,31798,93.95,859.05,74.00,0.459,4.199,0.362,banana,fresh
32152800,31799,93.85,859.00,74.00,0.459,4.198,0.362,banana,fresh
32153811,31800,93.90,859.00,74.00,0.459,4.198,0.362,banana,fresh
32154822,31801,93.75,859.00,74.00,0.458,4.198,0.362,banana,fresh
32155834,31802,93.95,859.00,74.00,0.459,4.198,0.362,banana,fresh
32156845,31803,93.90,859.00,74.00,0.459,4.198,0.362,banana,fresh
32157856,31804,94.00,858.95,74.05,0.459,4.198,0.362,banana,fresh
32158867,31805,93.95,859.00,74.00,0.459,4.198,0.362,banana,fresh
32159878,31806,93.95,859.00,74.00,0.459,4.198,0.362,banana,fresh
32160889,31807,94.00,859.00,74.05,0.459,4.198,0.362,banana,fresh
32161900,31808,93.80,859.00,74.00,0.458,4.198,0.362,banana,fresh
32162912,31809,93.90,859.00,74.00,0.459,4.198,0.362,banana,fresh
32163922,31810,93.90,859.00,74.00,0.459,4.198,0.362,banana,fresh
32164933,31811,93.90,859.00,74.00,0.459,4.198,0.362,banana,fresh
32165945,31812,93.85,859.00,74.00,0.459,4.198,0.362,banana,fresh
32166956,31813,93.90,859.00,74.00,0.459,4.198,0.362,banana,fresh
32167967,31814,93.85,858.95,74.05,0.459,4.198,0.362,banana,fresh
32168978,31815,93.95,859.00,74.00,0.459,4.198,0.362,banana,fresh
32169990,31816,93.85,859.00,74.00,0.459,4.198,0.362,banana,fresh
32171000,31817,93.85,859.00,74.05,0.459,4.198,0.362,banana,fresh
32172011,31818,93.75,859.00,74.00,0.458,4.198,0.362,banana,fresh
32173023,31819,93.95,858.95,74.05,0.459,4.198,0.362,banana,fresh
32174033,31820,93.80,859.00,74.00,0.458,4.198,0.362,banana,fresh
32175045,31821,93.90,859.05,74.00,0.459,4.199,0.362,banana,fresh
32176056,31822,93.95,859.00,74.00,0.459,4.198,0.362,banana,fresh
32177068,31823,93.90,859.00,74.10,0.459,4.198,0.362,banana,fresh
32178078,31824,93.85,859.00,74.00,0.459,4.198,0.362,banana,fresh
32179089,31825,93.85,859.00,74.00,0.459,4.198,0.362,banana,fresh
32180101,31826,93.95,859.00,74.00,0.459,4.198,0.362,banana,fresh
32181111,31827,93.95,859.05,74.00,0.459,4.199,0.362,banana,fresh
32182123,31828,94.00,859.00,74.00,0.459,4.198,0.362,banana,fresh
32183134,31829,94.00,859.00,74.00,0.459,4.198,0.362,banana,fresh
32184144,31830,93.85,859.00,74.00,0.459,4.198,0.362,banana,fresh
32185156,31831,94.00,859.00,74.10,0.459,4.198,0.362,banana,fresh
32186167,31832,94.00,859.00,74.10,0.459,4.198,0.362,banana,fresh
32187179,31833,93.95,859.00,74.05,0.459,4.198,0.362,banana,fresh
32188189,31834,93.95,859.00,74.00,0.459,4.198,0.362,banana,fresh
32189201,31835,94.00,859.00,74.05,0.459,4.198,0.362,banana,fresh
32190212,31836,93.95,859.00,74.00,0.459,4.198,0.362,banana,fresh
32191222,31837,93.95,859.00,74.05,0.459,4.198,0.362,banana,fresh
32192234,31838,94.00,859.00,74.00,0.459,4.198,0.362,banana,fresh
32193245,31839,93.85,859.00,74.05,0.459,4.198,0.362,banana,fresh
32194256,31840,94.00,859.00,74.10,0.459,4.198,0.362,banana,fresh
32195267,31841,93.95,859.00,74.05,0.459,4.198,0.362,banana,fresh
32196279,31842,93.95,858.90,74.10,0.459,4.198,0.362,banana,fresh
32197289,31843,93.95,859.00,74.05,0.459,4.198,0.362,banana,fresh
32198300,31844,94.00,859.00,74.05,0.459,4.198,0.362,banana,fresh
32199312,31845,93.95,859.00,74.15,0.459,4.198,0.362,banana,fresh
32200323,31846,93.90,859.00,74.10,0.459,4.198,0.362,banana,fresh
32201334,31847,94.00,859.00,74.00,0.459,4.198,0.362,banana,fresh
32202345,31848,93.95,859.00,74.05,0.459,4.198,0.362,banana,fresh
32203356,31849,93.85,859.00,74.15,0.459,4.198,0.362,banana,fresh
32204367,31850,94.00,859.05,74.15,0.459,4.199,0.362,banana,fresh
32205378,31851,94.00,859.00,74.10,0.459,4.198,0.362,banana,fresh
32206390,31852,93.95,859.00,74.00,0.459,4.198,0.362,banana,fresh
32207400,31853,93.95,859.00,74.15,0.459,4.198,0.362,banana,fresh
32208412,31854,94.00,859.00,74.10,0.459,4.198,0.362,banana,fresh
32209423,31855,94.00,859.00,74.10,0.459,4.198,0.362,banana,fresh
32210435,31856,94.00,859.00,74.15,0.459,4.198,0.362,banana,fresh
32211445,31857,93.95,859.00,74.00,0.459,4.198,0.362,banana,fresh
32212456,31858,93.95,859.00,74.10,0.459,4.198,0.362,banana,fresh
32213468,31859,94.00,859.00,74.20,0.459,4.198,0.363,banana,fresh
32214478,31860,94.00,858.95,74.10,0.459,4.198,0.362,banana,fresh
32215490,31861,94.00,859.00,74.20,0.459,4.198,0.363,banana,fresh
32216501,31862,93.90,859.00,74.00,0.459,4.198,0.362,banana,fresh
32217511,31863,94.00,859.00,74.05,0.459,4.198,0.362,banana,fresh
32218523,31864,94.00,859.00,74.00,0.459,4.198,0.362,banana,fresh
32219534,31865,94.00,859.00,74.00,0.459,4.198,0.362,banana,fresh
32220546,31866,93.95,859.00,74.15,0.459,4.198,0.362,banana,fresh
32221556,31867,93.95,859.00,74.10,0.459,4.198,0.362,banana,fresh
32222568,31868,94.00,859.05,74.20,0.459,4.199,0.363,banana,fresh
32223579,31869,93.95,859.00,74.15,0.459,4.198,0.362,banana,fresh
32224589,31870,93.95,859.00,74.10,0.459,4.198,0.362,banana,fresh
32225601,31871,93.85,859.00,74.15,0.459,4.198,0.362,banana,fresh
32226612,31872,94.00,859.00,74.05,0.459,4.198,0.362,banana,fresh
32227623,31873,94.00,859.00,74.15,0.459,4.198,0.362,banana,fresh
32228634,31874,93.95,859.00,74.00,0.459,4.198,0.362,banana,fresh
32229646,31875,94.00,859.05,74.10,0.459,4.199,0.362,banana,fresh
32230657,31876,94.05,859.00,74.25,0.460,4.198,0.363,banana,fresh
32231667,31877,93.95,859.00,74.05,0.459,4.198,0.362,banana,fresh
32232679,31878,93.95,859.00,74.05,0.459,4.198,0.362,banana,fresh
32233690,31879,94.00,859.00,74.10,0.459,4.198,0.362,banana,fresh
32234701,31880,94.00,859.00,74.10,0.459,4.198,0.362,banana,fresh
32235712,31881,93.95,859.00,74.20,0.459,4.198,0.363,banana,fresh
32236724,31882,94.10,859.00,74.05,0.460,4.198,0.362,banana,fresh
32237734,31883,94.00,859.00,74.10,0.459,4.198,0.362,banana,fresh
32238745,31884,94.00,859.00,74.15,0.459,4.198,0.362,banana,fresh
32239757,31885,94.00,859.00,74.15,0.459,4.198,0.362,banana,fresh
32240768,31886,94.00,859.00,74.20,0.459,4.198,0.363,banana,fresh
32241779,31887,94.00,859.00,74.15,0.459,4.198,0.362,banana,fresh
32242790,31888,94.00,859.00,74.30,0.459,4.198,0.363,banana,fresh
32243802,31889,94.00,858.95,74.20,0.459,4.198,0.363,banana,fresh
32244812,31890,94.00,859.00,74.15,0.459,4.198,0.362,banana,fresh
32245823,31891,94.00,859.00,74.25,0.459,4.198,0.363,banana,fresh
32246835,31892,94.00,859.00,74.10,0.459,4.198,0.362,banana,fresh
32247845,31893,94.00,859.05,74.05,0.459,4.199,0.362,banana,fresh
32248857,31894,94.00,859.00,74.20,0.459,4.198,0.363,banana,fresh
32249868,31895,94.00,859.00,74.30,0.459,4.198,0.363,banana,fresh
32250880,31896,94.00,859.00,74.20,0.459,4.198,0.363,banana,fresh
32251890,31897,94.05,859.00,74.25,0.460,4.198,0.363,banana,fresh
32252901,31898,93.95,859.05,74.35,0.459,4.199,0.363,banana,fresh
32253913,31899,94.00,859.00,74.20,0.459,4.198,0.363,banana,fresh
32254923,31900,94.00,859.00,74.35,0.459,4.198,0.363,banana,fresh
32255935,31901,94.00,859.00,74.40,0.459,4.198,0.364,banana,fresh
32256946,31902,93.95,859.00,74.15,0.459,4.198,0.362,banana,fresh
32257957,31903,94.00,859.00,74.20,0.459,4.198,0.363,banana,fresh
32258968,31904,94.10,859.00,74.15,0.460,4.198,0.362,banana,fresh
32259979,31905,93.95,859.05,74.40,0.459,4.199,0.364,banana,fresh
32260990,31906,94.00,859.00,74.30,0.459,4.198,0.363,banana,fresh
32262001,31907,94.00,859.00,74.30,0.459,4.198,0.363,banana,fresh
32263013,31908,94.00,859.00,74.20,0.459,4.198,0.363,banana,fresh
32264024,31909,94.00,859.00,74.35,0.459,4.198,0.363,banana,fresh
32265034,31910,94.00,859.05,74.20,0.459,4.199,0.363,banana,fresh
32266046,31911,94.00,859.05,74.20,0.459,4.199,0.363,banana,fresh
32267057,31912,93.95,859.05,74.30,0.459,4.199,0.363,banana,fresh
32268068,31913,94.00,859.00,74.25,0.459,4.198,0.363,banana,fresh
32269079,31914,94.00,859.00,74.40,0.459,4.198,0.364,banana,fresh
32270091,31915,94.00,859.00,74.15,0.459,4.198,0.362,banana,fresh
32271101,31916,93.95,859.00,74.40,0.459,4.198,0.364,banana,fresh
32272112,31917,94.00,859.00,74.30,0.459,4.198,0.363,banana,fresh
32273124,31918,94.00,859.00,74.40,0.459,4.198,0.364,banana,fresh
32274135,31919,94.00,859.00,74.40,0.459,4.198,0.364,banana,fresh
32275146,31920,94.00,859.00,74.15,0.459,4.198,0.362,banana,fresh
32276157,31921,94.00,859.00,74.30,0.459,4.198,0.363,banana,fresh
32277169,31922,94.00,859.00,74.35,0.459,4.198,0.363,banana,fresh
32278179,31923,94.05,859.05,74.45,0.460,4.199,0.364,banana,fresh
32279190,31924,94.00,859.00,74.30,0.459,4.198,0.363,banana,fresh
32280202,31925,94.00,859.00,74.30,0.459,4.198,0.363,banana,fresh
32281212,31926,94.00,859.00,74.30,0.459,4.198,0.363,banana,fresh
32282224,31927,94.00,859.00,74.30,0.459,4.198,0.363,banana,fresh
32283235,31928,94.00,859.00,74.20,0.459,4.198,0.363,banana,fresh
32284247,31929,94.00,859.00,74.55,0.459,4.198,0.364,banana,fresh
32285257,31930,94.00,858.95,74.25,0.459,4.198,0.363,banana,fresh
32286268,31931,94.05,859.00,74.45,0.460,4.198,0.364,banana,fresh
32287280,31932,94.05,859.00,74.30,0.460,4.198,0.363,banana,fresh
32288290,31933,94.05,858.95,74.60,0.460,4.198,0.365,banana,fresh
32289302,31934,94.00,859.00,74.45,0.459,4.198,0.364,banana,fresh
32290313,31935,94.00,858.95,74.65,0.459,4.198,0.365,banana,fresh
32291324,31936,94.00,859.00,74.40,0.459,4.198,0.364,banana,fresh
32292335,31937,94.00,859.00,74.55,0.459,4.198,0.364,banana,fresh
32293346,31938,94.00,859.00,74.45,0.459,4.198,0.364,banana,fresh
32294358,31939,94.00,859.00,74.50,0.459,4.198,0.364,banana,fresh
32295368,31940,94.00,859.00,74.40,0.459,4.198,0.364,banana,fresh
32296380,31941,94.00,859.00,74.30,0.459,4.198,0.363,banana,fresh
32297391,31942,94.00,858.95,74.35,0.459,4.198,0.363,banana,fresh
32298402,31943,94.00,859.00,74.30,0.459,4.198,0.363,banana,fresh
32299413,31944,94.05,859.00,74.50,0.460,4.198,0.364,banana,fresh
32300424,31945,94.00,859.00,74.35,0.459,4.198,0.363,banana,fresh
32301435,31946,94.00,859.00,74.25,0.459,4.198,0.363,banana,fresh
32302446,31947,94.05,859.00,74.45,0.460,4.198,0.364,banana,fresh
32303458,31948,94.00,859.00,74.35,0.459,4.198,0.363,banana,fresh
32304468,31949,94.00,859.00,74.40,0.459,4.198,0.364,banana,fresh
32305479,31950,94.00,859.00,74.65,0.459,4.198,0.365,banana,fresh
32306491,31951,94.00,859.00,74.35,0.459,4.198,0.363,banana,fresh
32307502,31952,94.05,859.00,74.45,0.460,4.198,0.364,banana,fresh
32308513,31953,94.00,859.00,74.70,0.459,4.198,0.365,banana,fresh
32309524,31954,94.05,859.00,74.35,0.460,4.198,0.363,banana,fresh
32310536,31955,94.00,859.00,74.40,0.459,4.198,0.364,banana,fresh
32311546,31956,94.00,859.00,74.45,0.459,4.198,0.364,banana,fresh
32312557,31957,94.05,859.00,74.50,0.460,4.198,0.364,banana,fresh
32313569,31958,94.00,859.00,74.35,0.459,4.198,0.363,banana,fresh
32314579,31959,94.00,859.00,74.55,0.459,4.198,0.364,banana,fresh
32315591,31960,94.05,859.00,74.45,0.460,4.198,0.364,banana,fresh
32316602,31961,94.05,859.00,74.60,0.460,4.198,0.365,banana,fresh
32317614,31962,94.05,859.00,74.30,0.460,4.198,0.363,banana,fresh
32318624,31963,94.05,859.00,74.55,0.460,4.198,0.364,banana,fresh
32319635,31964,94.05,859.00,74.55,0.460,4.198,0.364,banana,fresh
32320647,31965,94.05,859.00,74.60,0.460,4.198,0.365,banana,fresh
32321657,31966,94.05,859.00,74.60,0.460,4.198,0.365,banana,fresh
32322669,31967,94.10,859.00,74.45,0.460,4.198,0.364,banana,fresh
32323680,31968,94.00,859.05,74.40,0.459,4.199,0.364,banana,fresh
32324691,31969,94.05,859.00,74.55,0.460,4.198,0.364,banana,fresh
32325702,31970,94.05,859.00,74.50,0.460,4.198,0.364,banana,fresh
32326713,31971,94.00,859.00,74.50,0.459,4.198,0.364,banana,fresh
32327725,31972,94.15,859.00,74.65,0.460,4.198,0.365,banana,fresh
32328735,31973,94.05,859.00,74.50,0.460,4.198,0.364,banana,fresh
32329747,31974,94.00,859.05,74.60,0.459,4.199,0.365,banana,fresh
32330758,31975,94.05,859.00,74.60,0.460,4.198,0.365,banana,fresh
32331768,31976,94.00,859.00,74.60,0.459,4.198,0.365,banana,fresh
32332780,31977,94.05,859.00,74.55,0.460,4.198,0.364,banana,fresh
32333791,31978,94.05,859.00,74.60,0.460,4.198,0.365,banana,fresh
32334802,31979,94.00,859.05,74.75,0.459,4.199,0.365,banana,fresh
32335813,31980,94.05,859.00,74.55,0.460,4.198,0.364,banana,fresh
32336825,31981,94.00,859.00,74.70,0.459,4.198,0.365,banana,fresh
32337836,31982,94.00,859.00,74.55,0.459,4.198,0.364,banana,fresh
32338847,31983,94.05,859.00,74.55,0.460,4.198,0.364,banana,fresh
32339858,31984,94.05,859.00,74.50,0.460,4.198,0.364,banana,fresh
32340869,31985,94.05,859.00,74.60,0.460,4.198,0.365,banana,fresh
32341880,31986,94.05,859.00,74.55,0.460,4.198,0.364,banana,fresh
32342891,31987,94.00,859.00,74.70,0.459,4.198,0.365,banana,fresh
32343903,31988,94.05,859.00,74.65,0.460,4.198,0.365,banana,fresh
32344913,31989,94.00,859.05,74.60,0.459,4.199,0.365,banana,fresh
32345924,31990,94.05,859.00,74.55,0.460,4.198,0.364,banana,fresh
32346936,31991,94.10,859.05,74.60,0.460,4.199,0.365,banana,fresh
32347947,31992,94.05,859.00,74.65,0.460,4.198,0.365,banana,fresh
32348958,31993,94.05,859.00,74.70,0.460,4.198,0.365,banana,fresh
32349969,31994,94.05,859.00,74.70,0.460,4.198,0.365,banana,fresh
32350981,31995,94.05,859.00,74.55,0.460,4.198,0.364,banana,fresh
32351991,31996,94.15,859.00,74.70,0.460,4.198,0.365,banana,fresh
32353002,31997,94.00,859.00,74.75,0.459,4.198,0.365,banana,fresh
32354014,31998,94.10,859.05,74.70,0.460,4.199,0.365,banana,fresh
32355024,31999,94.05,859.00,74.55,0.460,4.198,0.364,banana,fresh
32356036,32000,94.05,859.00,74.70,0.460,4.198,0.365,banana,fresh
32357047,32001,94.00,859.00,74.85,0.459,4.198,0.366,banana,fresh
32358059,32002,94.15,859.00,74.50,0.460,4.198,0.364,banana,fresh
32359069,32003,94.00,859.00,75.00,0.459,4.198,0.367,banana,fresh
32360081,32004,94.05,859.00,74.70,0.460,4.198,0.365,banana,fresh
32361092,32005,94.15,859.00,74.70,0.460,4.198,0.365,banana,fresh
32362102,32006,94.05,859.00,74.65,0.460,4.198,0.365,banana,fresh
32363114,32007,94.15,859.00,74.80,0.460,4.198,0.366,banana,fresh
32364125,32008,94.10,859.00,74.80,0.460,4.198,0.366,banana,fresh
32365136,32009,94.05,859.00,74.85,0.460,4.198,0.366,banana,fresh
32366147,32010,94.10,859.00,74.75,0.460,4.198,0.365,banana,fresh
32367158,32011,94.05,859.00,74.80,0.460,4.198,0.366,banana,fresh
32368169,32012,94.05,859.00,74.95,0.460,4.198,0.366,banana,fresh
32369180,32013,94.15,859.00,74.75,0.460,4.198,0.365,banana,fresh
32370192,32014,94.10,859.00,74.90,0.460,4.198,0.366,banana,fresh
32371203,32015,94.15,859.05,74.80,0.460,4.199,0.366,banana,fresh
32372214,32016,94.00,859.00,74.80,0.459,4.198,0.366,banana,fresh
32373225,32017,94.20,859.00,74.85,0.460,4.198,0.366,banana,fresh
32374236,32018,94.10,858.95,74.75,0.460,4.198,0.365,banana,fresh
32375247,32019,94.10,859.00,74.85,0.460,4.198,0.366,banana,fresh
32376258,32020,94.10,859.00,74.75,0.460,4.198,0.365,banana,fresh
32377270,32021,94.05,859.00,74.95,0.460,4.198,0.366,banana,fresh
32378280,32022,94.00,859.00,74.85,0.459,4.198,0.366,banana,fresh
32379292,32023,94.05,859.00,74.80,0.460,4.198,0.366,banana,fresh
32380303,32024,94.05,859.00,74.85,0.460,4.198,0.366,banana,fresh
32381314,32025,94.15,859.00,74.85,0.460,4.198,0.366,banana,fresh
32382325,32026,94.10,859.00,74.85,0.460,4.198,0.366,banana,fresh
32383336,32027,94.15,859.00,74.75,0.460,4.198,0.365,banana,fresh
32384348,32028,94.05,859.00,74.90,0.460,4.198,0.366,banana,fresh
32385358,32029,94.15,859.00,74.85,0.460,4.198,0.366,banana,fresh
32386370,32030,94.05,859.00,74.75,0.460,4.198,0.365,banana,fresh
32387381,32031,94.05,859.00,74.85,0.460,4.198,0.366,banana,fresh
32388391,32032,94.10,859.00,74.90,0.460,4.198,0.366,banana,fresh
32389403,32033,94.15,859.00,74.75,0.460,4.198,0.365,banana,fresh
32390414,32034,94.00,859.05,74.85,0.459,4.199,0.366,banana,fresh
32391426,32035,94.20,859.00,75.00,0.460,4.198,0.367,banana,fresh
32392436,32036,94.20,859.00,74.80,0.460,4.198,0.366,banana,fresh
32393448,32037,94.25,859.05,74.95,0.461,4.199,0.366,banana,fresh
32394459,32038,94.10,859.00,74.95,0.460,4.198,0.366,banana,fresh
32395469,32039,94.25,859.00,74.95,0.461,4.198,0.366,banana,fresh
32396481,32040,94.25,859.05,74.90,0.461,4.199,0.366,banana,fresh
32397492,32041,94.05,859.00,74.95,0.460,4.198,0.366,banana,fresh
32398503,32042,94.05,859.00,75.00,0.460,4.198,0.367,banana,fresh
32399514,32043,94.25,858.95,74.85,0.461,4.198,0.366,banana,fresh
32400526,32044,94.25,859.00,74.90,0.461,4.198,0.366,banana,fresh
32401537,32045,94.40,859.00,74.90,0.461,4.198,0.366,banana,fresh
32402547,32046,94.20,859.00,74.95,0.460,4.198,0.366,banana,fresh
32403559,32047,94.35,858.95,74.95,0.461,4.198,0.366,banana,fresh
32404570,32048,94.25,859.00,74.90,0.461,4.198,0.366,banana,fresh
32405581,32049,94.55,858.95,74.90,0.462,4.198,0.366,banana,fresh
32406592,32050,94.50,859.00,74.90,0.462,4.198,0.366,banana,fresh
32407604,32051,94.45,859.00,74.90,0.462,4.198,0.366,banana,fresh
32408614,32052,94.40,859.00,75.00,0.461,4.198,0.367,banana,fresh
32409626,32053,94.30,859.00,75.00,0.461,4.198,0.367,banana,fresh
32410637,32054,94.20,859.00,74.95,0.460,4.198,0.366,banana,fresh
32411648,32055,94.45,859.00,74.95,0.462,4.198,0.366,banana,fresh
32412659,32056,94.30,859.00,75.00,0.461,4.198,0.367,banana,fresh
32413670,32057,94.40,859.00,74.95,0.461,4.198,0.366,banana,fresh
32414682,32058,94.40,859.00,75.00,0.461,4.198,0.367,banana,fresh
32415692,32059,94.50,859.05,75.00,0.462,4.199,0.367,banana,fresh
32416703,32060,94.45,859.00,75.00,0.462,4.198,0.367,banana,fresh
32417715,32061,94.55,859.00,74.95,0.462,4.198,0.366,banana,fresh
32418725,32062,94.50,859.00,75.00,0.462,4.198,0.367,banana,fresh
32419737,32063,94.35,859.00,75.00,0.461,4.198,0.367,banana,fresh
32420748,32064,94.55,859.00,75.00,0.462,4.198,0.367,banana,fresh
32421760,32065,94.55,859.00,75.00,0.462,4.198,0.367,banana,fresh
32422770,32066,94.35,859.00,74.95,0.461,4.198,0.366,banana,fresh
32423781,32067,94.75,859.00,75.00,0.463,4.198,0.367,banana,fresh
32424793,32068,94.45,859.00,75.00,0.462,4.198,0.367,banana,fresh
32425803,32069,94.60,859.00,75.00,0.462,4.198,0.367,banana,fresh
32426815,32070,94.55,859.00,74.90,0.462,4.198,0.366,banana,fresh
32427826,32071,94.45,859.00,75.00,0.462,4.198,0.367,banana,fresh
32428837,32072,94.35,859.05,75.00,0.461,4.199,0.367,banana,fresh
32429848,32073,94.50,859.00,75.00,0.462,4.198,0.367,banana,fresh
32430859,32074,94.60,859.00,75.00,0.462,4.198,0.367,banana,fresh
32431870,32075,94.45,859.00,75.00,0.462,4.198,0.367,banana,fresh
32432881,32076,94.50,859.00,75.00,0.462,4.198,0.367,banana,fresh
32433893,32077,94.45,859.00,74.90,0.462,4.198,0.366,banana,fresh
32434904,32078,94.50,859.05,74.90,0.462,4.199,0.366,banana,fresh
32435915,32079,94.50,859.00,75.05,0.462,4.198,0.367,banana,fresh
32436926,32080,94.50,859.00,75.00,0.462,4.198,0.367,banana,fresh
32437937,32081,94.55,859.00,75.00,0.462,4.198,0.367,banana,fresh
32438948,32082,94.65,859.00,75.00,0.463,4.198,0.367,banana,fresh
32439959,32083,94.75,859.05,75.05,0.463,4.199,0.367,banana,fresh
32440971,32084,94.65,859.10,75.00,0.463,4.199,0.367,banana,fresh
32441981,32085,94.40,859.00,75.00,0.461,4.198,0.367,banana,fresh
32442993,32086,94.40,858.95,75.00,0.461,4.198,0.367,banana,fresh
32444004,32087,94.75,859.00,75.00,0.463,4.198,0.367,banana,fresh
32445015,32088,94.55,859.05,75.00,0.462,4.199,0.367,banana,fresh
32446026,32089,94.70,859.00,75.00,0.463,4.198,0.367,banana,fresh
32447037,32090,94.65,859.00,75.00,0.463,4.198,0.367,banana,fresh
32448049,32091,94.85,859.00,75.00,0.464,4.198,0.367,banana,fresh
32449059,32092,94.60,859.00,75.00,0.462,4.198,0.367,banana,fresh
32450070,32093,94.85,859.00,75.00,0.464,4.198,0.367,banana,fresh
32451082,32094,94.75,859.00,75.05,0.463,4.198,0.367,banana,fresh
32452092,32095,94.70,859.00,74.95,0.463,4.198,0.366,banana,fresh
32453104,32096,94.60,859.05,75.00,0.462,4.199,0.367,banana,fresh
32454115,32097,94.75,859.00,75.00,0.463,4.198,0.367,banana,fresh
32455127,32098,94.75,859.00,75.00,0.463,4.198,0.367,banana,fresh
32456137,32099,94.70,859.00,75.05,0.463,4.198,0.367,banana,fresh
32457148,32100,94.60,859.00,75.00,0.462,4.198,0.367,banana,fresh
32458160,32101,94.85,859.05,75.00,0.464,4.199,0.367,banana,fresh
32459170,32102,94.80,859.05,75.00,0.463,4.199,0.367,banana,fresh
32460182,32103,94.75,859.00,75.00,0.463,4.198,0.367,banana,fresh
32461193,32104,94.75,859.05,75.00,0.463,4.199,0.367,banana,fresh
32462204,32105,94.55,859.00,75.00,0.462,4.198,0.367,banana,fresh
32463215,32106,94.60,859.00,75.00,0.462,4.198,0.367,banana,fresh
32464226,32107,94.80,859.00,75.00,0.463,4.198,0.367,banana,fresh
32465238,32108,94.75,859.05,75.05,0.463,4.199,0.367,banana,fresh
32466248,32109,94.80,859.00,75.00,0.463,4.198,0.367,banana,fresh
32467260,32110,94.65,859.00,75.00,0.463,4.198,0.367,banana,fresh
32468271,32111,94.70,859.00,75.00,0.463,4.198,0.367,banana,fresh
32469282,32112,94.80,859.05,75.00,0.463,4.199,0.367,banana,fresh
32470293,32113,94.55,859.00,75.00,0.462,4.198,0.367,banana,fresh
32471304,32114,94.65,859.00,75.05,0.463,4.198,0.367,banana,fresh
32472315,32115,94.90,859.00,75.00,0.464,4.198,0.367,banana,fresh
32473326,32116,94.75,859.00,75.00,0.463,4.198,0.367,banana,fresh
32474338,32117,94.75,859.00,75.05,0.463,4.198,0.367,banana,fresh
32475348,32118,94.90,859.05,75.00,0.464,4.199,0.367,banana,fresh
32476360,32119,94.85,859.00,75.00,0.464,4.198,0.367,banana,fresh
32477371,32120,94.90,859.00,75.05,0.464,4.198,0.367,banana,fresh
32478382,32121,94.70,859.00,75.00,0.463,4.198,0.367,banana,fresh
32479393,32122,94.75,859.05,75.05,0.463,4.199,0.367,banana,fresh
32480404,32123,94.60,859.00,75.05,0.462,4.198,0.367,banana,fresh
32481416,32124,94.70,859.00,75.05,0.463,4.198,0.367,banana,fresh
32482426,32125,94.85,859.05,75.05,0.464,4.199,0.367,banana,fresh
32483438,32126,94.85,859.00,75.00,0.464,4.198,0.367,banana,fresh
32484449,32127,94.80,859.00,74.95,0.463,4.198,0.366,banana,fresh
32485459,32128,94.70,859.00,75.00,0.463,4.198,0.367,banana,fresh
32486471,32129,94.75,859.00,75.00,0.463,4.198,0.367,banana,fresh
32487482,32130,94.70,859.00,75.00,0.463,4.198,0.367,banana,fresh
32488494,32131,94.80,859.00,75.00,0.463,4.198,0.367,banana,fresh
32489504,32132,94.85,859.05,75.05,0.464,4.199,0.367,banana,fresh
32490516,32133,94.80,859.00,75.00,0.463,4.198,0.367,banana,fresh
32491527,32134,94.75,859.00,75.00,0.463,4.198,0.367,banana,fresh
32492537,32135,94.90,859.00,75.00,0.464,4.198,0.367,banana,fresh
32493549,32136,94.75,859.00,75.00,0.463,4.198,0.367,banana,fresh
32494560,32137,94.75,859.00,75.05,0.463,4.198,0.367,banana,fresh
32495571,32138,94.75,859.05,75.00,0.463,4.199,0.367,banana,fresh
32496582,32139,94.90,859.00,75.00,0.464,4.198,0.367,banana,fresh
32497594,32140,94.80,859.05,75.10,0.463,4.199,0.367,banana,fresh
32498605,32141,94.75,859.00,75.10,0.463,4.198,0.367,banana,fresh
32499615,32142,94.55,859.00,75.00,0.462,4.198,0.367,banana,fresh
32500627,32143,94.90,859.00,75.00,0.464,4.198,0.367,banana,fresh
32501638,32144,94.70,859.00,75.00,0.463,4.198,0.367,banana,fresh
32502649,32145,94.90,859.00,75.00,0.464,4.198,0.367,banana,fresh
32503660,32146,94.85,859.00,75.00,0.464,4.198,0.367,banana,fresh
32504672,32147,94.80,859.00,75.05,0.463,4.198,0.367,banana,fresh
32505682,32148,94.80,859.00,75.05,0.463,4.198,0.367,banana,fresh
32506693,32149,94.70,859.00,75.00,0.463,4.198,0.367,banana,fresh
32507705,32150,94.85,859.00,75.05,0.464,4.198,0.367,banana,fresh
32508716,32151,94.70,859.00,75.00,0.463,4.198,0.367,banana,fresh
32509727,32152,94.85,859.05,75.00,0.464,4.199,0.367,banana,fresh
32510738,32153,94.85,859.00,75.05,0.464,4.198,0.367,banana,fresh
32511749,32154,94.95,859.00,75.00,0.464,4.198,0.367,banana,fresh
32512760,32155,94.85,859.00,75.00,0.464,4.198,0.367,banana,fresh
32513771,32156,95.00,859.00,75.00,0.464,4.198,0.367,banana,fresh
32514783,32157,94.85,859.05,75.05,0.464,4.199,0.367,banana,fresh
32515793,32158,94.90,859.00,75.00,0.464,4.198,0.367,banana,fresh
32516805,32159,94.90,859.00,75.00,0.464,4.198,0.367,banana,fresh
32517816,32160,95.00,859.00,75.15,0.464,4.198,0.367,banana,fresh
32518827,32161,94.90,859.05,75.05,0.464,4.199,0.367,banana,fresh
32519838,32162,94.85,859.00,75.05,0.464,4.198,0.367,banana,fresh
32520849,32163,94.85,859.00,75.00,0.464,4.198,0.367,banana,fresh
32521861,32164,94.80,859.00,75.05,0.463,4.198,0.367,banana,fresh
32522871,32165,94.95,859.00,75.05,0.464,4.198,0.367,banana,fresh
32523883,32166,94.90,859.05,75.00,0.464,4.199,0.367,banana,fresh
32524894,32167,94.90,859.00,75.20,0.464,4.198,0.368,banana,fresh
32525904,32168,94.95,859.00,75.10,0.464,4.198,0.367,banana,fresh
32526916,32169,94.95,859.00,75.10,0.464,4.198,0.367,banana,fresh
32527927,32170,94.90,859.05,75.15,0.464,4.199,0.367,banana,fresh
32528939,32171,94.95,859.00,75.05,0.464,4.198,0.367,banana,fresh
32529949,32172,94.95,858.95,75.00,0.464,4.198,0.367,banana,fresh
32530961,32173,94.95,859.05,75.20,0.464,4.199,0.368,banana,fresh
32531972,32174,94.95,859.00,75.05,0.464,4.198,0.367,banana,fresh
32532982,32175,94.95,859.00,75.05,0.464,4.198,0.367,banana,fresh
32533994,32176,94.90,859.05,75.05,0.464,4.199,0.367,banana,fresh
32535005,32177,94.95,859.00,75.00,0.464,4.198,0.367,banana,fresh
32536016,32178,95.00,859.00,75.05,0.464,4.198,0.367,banana,fresh
32537027,32179,94.95,859.00,75.10,0.464,4.198,0.367,banana,fresh
32538039,32180,94.65,859.00,75.00,0.463,4.198,0.367,banana,fresh
32539049,32181,95.00,859.00,75.15,0.464,4.198,0.367,banana,fresh
32540060,32182,95.00,859.05,75.10,0.464,4.199,0.367,banana,fresh
32541072,32183,94.90,859.00,75.05,0.464,4.198,0.367,banana,fresh
32542083,32184,94.90,859.00,75.15,0.464,4.198,0.367,banana,fresh
32543094,32185,94.85,859.05,75.05,0.464,4.199,0.367,banana,fresh
32544105,32186,94.90,859.00,75.20,0.464,4.198,0.368,banana,fresh
32545117,32187,95.00,859.00,75.05,0.464,4.198,0.367,banana,fresh
32546127,32188,94.90,859.00,75.00,0.464,4.198,0.367,banana,fresh
32547138,32189,94.85,859.05,75.20,0.464,4.199,0.368,banana,fresh
32548150,32190,94.95,859.00,75.15,0.464,4.198,0.367,banana,fresh
32549160,32191,94.90,859.00,75.00,0.464,4.198,0.367,banana,fresh
32550172,32192,94.95,859.00,75.05,0.464,4.198,0.367,banana,fresh
32551183,32193,94.90,859.00,75.10,0.464,4.198,0.367,banana,fresh
32552195,32194,94.95,859.00,75.15,0.464,4.198,0.367,banana,fresh
32553205,32195,94.90,859.00,75.10,0.464,4.198,0.367,banana,fresh
32554216,32196,94.90,859.05,75.05,0.464,4.199,0.367,banana,fresh
32555228,32197,94.95,859.05,75.15,0.464,4.199,0.367,banana,fresh
32556238,32198,94.90,859.00,75.15,0.464,4.198,0.367,banana,fresh
32557250,32199,95.00,859.05,75.05,0.464,4.199,0.367,banana,fresh
32558261,32200,95.00,859.00,75.15,0.464,4.198,0.367,banana,fresh
32559272,32201,94.95,859.00,75.15,0.464,4.198,0.367,banana,fresh
32560283,32202,94.95,859.00,75.15,0.464,4.198,0.367,banana,fresh
32561294,32203,95.00,859.00,75.20,0.464,4.198,0.368,banana,fresh
32562306,32204,95.00,859.00,75.15,0.464,4.198,0.367,banana,fresh
32563316,32205,95.00,859.00,75.25,0.464,4.198,0.368,banana,fresh
32564328,32206,95.00,859.05,75.10,0.464,4.199,0.367,banana,fresh
32565339,32207,95.00,859.05,75.05,0.464,4.199,0.367,banana,fresh
32566350,32208,95.00,859.05,75.15,0.464,4.199,0.367,banana,fresh
32567361,32209,94.95,859.05,75.10,0.464,4.199,0.367,banana,fresh
32568372,32210,95.00,859.00,75.15,0.464,4.198,0.367,banana,fresh
32569383,32211,95.00,859.00,75.10,0.464,4.198,0.367,banana,fresh
32570394,32212,95.00,859.05,75.05,0.464,4.199,0.367,banana,fresh
32571406,32213,95.00,859.00,75.15,0.464,4.198,0.367,banana,fresh
32572417,32214,95.00,859.00,75.10,0.464,4.198,0.367,banana,fresh
32573428,32215,95.00,859.00,75.20,0.464,4.198,0.368,banana,fresh
32574439,32216,94.85,859.05,75.20,0.464,4.199,0.368,banana,fresh
32575450,32217,94.95,859.00,75.35,0.464,4.198,0.368,banana,fresh
32576461,32218,94.95,859.05,75.10,0.464,4.199,0.367,banana,fresh
32577472,32219,95.00,859.00,75.20,0.464,4.198,0.368,banana,fresh
32578484,32220,95.05,859.00,75.20,0.465,4.198,0.368,banana,fresh
32579494,32221,95.00,859.00,75.35,0.464,4.198,0.368,banana,fresh
32580506,32222,95.00,859.00,75.20,0.464,4.198,0.368,banana,fresh
32581517,32223,95.00,859.05,75.20,0.464,4.199,0.368,banana,fresh
32582528,32224,95.00,859.00,75.25,0.464,4.198,0.368,banana,fresh
32583539,32225,95.00,859.00,75.10,0.464,4.198,0.367,banana,fresh
32584550,32226,95.00,859.00,75.15,0.464,4.198,0.367,banana,fresh
32585562,32227,95.00,859.00,75.35,0.464,4.198,0.368,banana,fresh
32586572,32228,95.00,859.05,75.20,0.464,4.199,0.368,banana,fresh
32587583,32229,95.00,859.00,75.35,0.464,4.198,0.368,banana,fresh
32588595,32230,95.00,859.00,75.30,0.464,4.198,0.368,banana,fresh
32589605,32231,94.95,859.00,75.30,0.464,4.198,0.368,banana,fresh
32590617,32232,94.95,859.00,75.55,0.464,4.198,0.369,banana,fresh
32591628,32233,94.95,859.00,75.30,0.464,4.198,0.368,banana,fresh
32592640,32234,94.95,859.00,75.30,0.464,4.198,0.368,banana,fresh
32593650,32235,94.90,859.00,75.40,0.464,4.198,0.369,banana,fresh
32594661,32236,94.95,859.00,75.45,0.464,4.198,0.369,banana,fresh
32595673,32237,95.00,859.05,75.25,0.464,4.199,0.368,banana,fresh
32596683,32238,95.00,859.05,75.20,0.464,4.199,0.368,banana,fresh
32597695,32239,94.90,859.00,75.35,0.464,4.198,0.368,banana,fresh
32598706,32240,95.00,859.00,75.35,0.464,4.198,0.368,banana,fresh
32599717,32241,95.00,859.00,75.15,0.464,4.198,0.367,banana,fresh
32600728,32242,94.95,859.00,75.20,0.464,4.198,0.368,banana,fresh
32601739,32243,94.95,859.00,75.30,0.464,4.198,0.368,banana,fresh
32602750,32244,95.05,859.05,75.25,0.465,4.199,0.368,banana,fresh
32603761,32245,95.05,859.00,75.25,0.465,4.198,0.368,banana,fresh
32604773,32246,95.00,859.00,75.30,0.464,4.198,0.368,banana,fresh
32605784,32247,94.95,859.10,75.45,0.464,4.199,0.369,banana,fresh
32606795,32248,95.05,859.00,75.50,0.465,4.198,0.369,banana,fresh
32607806,32249,95.00,859.00,75.30,0.464,4.198,0.368,banana,fresh
32608817,32250,95.00,859.00,75.35,0.464,4.198,0.368,banana,fresh
32609828,32251,95.00,859.00,75.35,0.464,4.198,0.368,banana,fresh
32610839,32252,95.00,859.00,75.40,0.464,4.198,0.369,banana,fresh
32611851,32253,95.00,859.05,75.50,0.464,4.199,0.369,banana,fresh
32612861,32254,95.00,859.00,75.30,0.464,4.198,0.368,banana,fresh
32613872,32255,95.05,859.00,75.45,0.465,4.198,0.369,banana,fresh
32614884,32256,95.00,859.00,75.35,0.464,4.198,0.368,banana,fresh
32615895,32257,95.05,859.00,75.60,0.465,4.198,0.370,banana,fresh
32616906,32258,95.00,859.00,75.55,0.464,4.198,0.369,banana,fresh
32617917,32259,94.95,859.00,75.45,0.464,4.198,0.369,banana,fresh
32618929,32260,95.00,859.00,75.30,0.464,4.198,0.368,banana,fresh
32619939,32261,95.00,859.05,75.25,0.464,4.199,0.368,banana,fresh
32620950,32262,95.00,859.00,75.40,0.464,4.198,0.369,banana,fresh
32621962,32263,95.05,859.00,75.55,0.465,4.198,0.369,banana,fresh
32622972,32264,94.95,859.05,75.70,0.464,4.199,0.370,banana,fresh
32623984,32265,95.00,859.05,75.40,0.464,4.199,0.369,banana,fresh
32624995,32266,94.95,859.00,75.50,0.464,4.198,0.369,banana,fresh
32626007,32267,95.05,859.05,75.70,0.465,4.199,0.370,banana,fresh
32627017,32268,95.00,859.00,75.65,0.464,4.198,0.370,banana,fresh
32628028,32269,95.00,859.10,75.50,0.464,4.199,0.369,banana,fresh
32629040,32270,95.05,859.00,75.55,0.465,4.198,0.369,banana,fresh
32630050,32271,94.95,859.10,75.45,0.464,4.199,0.369,banana,fresh
32631062,32272,95.05,859.00,75.55,0.465,4.198,0.369,banana,fresh
32632073,32273,95.00,859.10,75.35,0.464,4.199,0.368,banana,fresh
32633084,32274,95.05,859.10,75.45,0.465,4.199,0.369,banana,fresh
32634095,32275,95.05,859.05,75.40,0.465,4.199,0.369,banana,fresh
32635106,32276,95.05,859.00,75.45,0.465,4.198,0.369,banana,fresh
32636118,32277,95.05,859.10,75.45,0.465,4.199,0.369,banana,fresh
32637128,32278,95.00,859.00,75.40,0.464,4.198,0.369,banana,fresh
32638140,32279,94.95,859.00,75.55,0.464,4.198,0.369,banana,fresh
32639151,32280,95.10,859.10,75.50,0.465,4.199,0.369,banana,fresh
32640162,32281,95.00,859.00,75.55,0.464,4.198,0.369,banana,fresh
32641173,32282,95.00,859.10,75.45,0.464,4.199,0.369,banana,fresh
32642185,32283,95.00,859.05,75.60,0.464,4.199,0.370,banana,fresh
32643195,32284,95.05,859.00,75.55,0.465,4.198,0.369,banana,fresh
32644206,32285,95.00,859.05,75.45,0.464,4.199,0.369,banana,fresh
32645218,32286,94.95,859.05,75.55,0.464,4.199,0.369,banana,fresh
32646228,32287,95.10,859.00,75.50,0.465,4.198,0.369,banana,fresh
32647240,32288,95.00,859.00,75.65,0.464,4.198,0.370,banana,fresh
32648251,32289,95.05,859.00,75.55,0.465,4.198,0.369,banana,fresh
32649263,32290,95.05,859.05,75.50,0.465,4.199,0.369,banana,fresh
32650273,32291,95.05,859.05,75.55,0.465,4.199,0.369,banana,fresh
32651284,32292,95.15,859.00,75.65,0.465,4.198,0.370,banana,fresh
32652296,32293,95.05,859.05,75.80,0.465,4.199,0.370,banana,fresh
32653306,32294,95.15,859.00,75.45,0.465,4.198,0.369,banana,fresh
32654318,32295,95.00,859.00,75.65,0.464,4.198,0.370,banana,fresh
32655329,32296,95.00,859.00,75.75,0.464,4.198,0.370,banana,fresh
32656339,32297,95.10,859.00,75.80,0.465,4.198,0.370,banana,fresh
32657351,32298,95.00,859.00,75.70,0.464,4.198,0.370,banana,fresh
32658362,32299,95.00,859.00,75.65,0.464,4.198,0.370,banana,fresh
32659374,32300,95.05,859.00,75.60,0.465,4.198,0.370,banana,fresh
32660384,32301,95.05,859.00,75.75,0.465,4.198,0.370,banana,fresh
32661396,32302,95.15,859.00,75.70,0.465,4.198,0.370,banana,fresh
32662407,32303,95.00,859.10,75.65,0.464,4.199,0.370,banana,fresh
32663417,32304,95.05,859.00,75.80,0.465,4.198,0.370,banana,fresh
32664429,32305,95.05,859.05,75.75,0.465,4.199,0.370,banana,fresh
32665440,32306,95.05,859.05,75.90,0.465,4.199,0.371,banana,fresh
32666451,32307,95.05,859.00,75.65,0.465,4.198,0.370,banana,fresh
32667462,32308,95.05,859.00,75.75,0.465,4.198,0.370,banana,fresh
32668474,32309,95.15,859.05,75.60,0.465,4.199,0.370,banana,fresh
32669485,32310,95.00,859.10,75.75,0.464,4.199,0.370,banana,fresh
32670495,32311,95.00,859.05,75.70,0.464,4.199,0.370,banana,fresh
32671507,32312,95.10,859.05,75.90,0.465,4.199,0.371,banana,fresh
32672518,32313,95.20,859.00,75.65,0.465,4.198,0.370,banana,fresh
32673529,32314,95.05,859.05,75.75,0.465,4.199,0.370,banana,fresh
32674540,32315,95.00,859.15,75.65,0.464,4.199,0.370,banana,fresh
32675552,32316,95.05,859.05,75.65,0.465,4.199,0.370,banana,fresh
32676562,32317,95.00,859.00,75.60,0.464,4.198,0.370,banana,fresh
32677574,32318,95.05,859.10,75.80,0.465,4.199,0.370,banana,fresh
32678585,32319,95.10,859.05,75.80,0.465,4.199,0.370,banana,fresh
32679596,32320,95.00,859.05,75.80,0.464,4.199,0.370,banana,fresh
32680607,32321,95.00,859.10,75.70,0.464,4.199,0.370,banana,fresh
32681618,32322,95.05,859.00,75.90,0.465,4.198,0.371,banana,fresh
32682630,32323,95.05,859.05,75.80,0.465,4.199,0.370,banana,fresh
32683640,32324,95.05,859.00,75.75,0.465,4.198,0.370,banana,fresh
32684651,32325,95.05,859.00,75.70,0.465,4.198,0.370,banana,fresh
32685663,32326,95.00,859.00,75.75,0.464,4.198,0.370,banana,fresh
32686673,32327,95.10,859.00,75.85,0.465,4.198,0.371,banana,fresh
32687685,32328,95.15,859.05,75.90,0.465,4.199,0.371,banana,fresh
32688696,32329,95.00,859.05,75.60,0.464,4.199,0.370,banana,fresh
32689708,32330,95.10,859.00,75.70,0.465,4.198,0.370,banana,fresh
32690718,32331,94.95,859.05,75.75,0.464,4.199,0.370,banana,fresh
32691729,32332,95.05,859.05,75.70,0.465,4.199,0.370,banana,fresh
32692741,32333,95.05,859.00,75.70,0.465,4.198,0.370,banana,fresh
32693751,32334,95.00,859.05,75.65,0.464,4.199,0.370,banana,fresh
32694763,32335,95.05,859.00,75.85,0.465,4.198,0.371,banana,fresh
32695774,32336,95.05,859.10,75.85,0.465,4.199,0.371,banana,fresh
32696785,32337,95.10,859.00,75.75,0.465,4.198,0.370,banana,fresh
32697796,32338,95.00,859.10,75.90,0.464,4.199,0.371,banana,fresh
32698807,32339,95.10,859.05,75.80,0.465,4.199,0.370,banana,fresh
32699819,32340,95.05,859.15,75.75,0.465,4.199,0.370,banana,fresh
32700829,32341,95.05,859.00,75.85,0.465,4.198,0.371,banana,fresh
32701841,32342,95.10,859.15,75.85,0.465,4.199,0.371,banana,fresh
32702852,32343,95.00,859.00,75.90,0.464,4.198,0.371,banana,fresh
32703863,32344,95.15,859.10,75.70,0.465,4.199,0.370,banana,fresh
32704874,32345,95.00,859.00,75.85,0.464,4.198,0.371,banana,fresh
32705886,32346,95.05,859.10,75.85,0.465,4.199,0.371,banana,fresh
32706896,32347,95.15,859.10,75.95,0.465,4.199,0.371,banana,fresh
32707907,32348,95.05,859.10,75.90,0.465,4.199,0.371,banana,fresh
32708919,32349,95.15,859.10,75.65,0.465,4.199,0.370,banana,fresh
32709929,32350,95.15,859.10,75.75,0.465,4.199,0.370,banana,fresh
32710941,32351,95.05,859.00,75.70,0.465,4.198,0.370,banana,fresh
32711952,32352,95.10,859.05,75.85,0.465,4.199,0.371,banana,fresh
32712964,32353,95.10,859.10,75.75,0.465,4.199,0.370,banana,fresh
32713974,32354,95.20,859.10,75.85,0.465,4.199,0.371,banana,fresh
32714986,32355,95.15,859.05,75.80,0.465,4.199,0.370,banana,fresh
32715997,32356,95.00,859.15,75.90,0.464,4.199,0.371,banana,fresh
32717007,32357,95.00,859.05,75.90,0.464,4.199,0.371,banana,fresh
32718019,32358,95.15,859.05,75.85,0.465,4.199,0.371,banana,fresh
32719030,32359,95.10,859.10,75.85,0.465,4.199,0.371,banana,fresh
32720041,32360,95.10,859.00,75.90,0.465,4.198,0.371,banana,fresh
32721052,32361,95.05,859.00,75.75,0.465,4.198,0.370,banana,fresh
32722064,32362,95.10,859.05,75.80,0.465,4.199,0.370,banana,fresh
32723075,32363,95.10,859.00,75.90,0.465,4.198,0.371,banana,fresh
32724085,32364,95.10,859.00,75.85,0.465,4.198,0.371,banana,fresh
32725097,32365,95.15,859.15,75.80,0.465,4.199,0.370,banana,fresh
32726108,32366,95.10,859.05,75.90,0.465,4.199,0.371,banana,fresh
32727119,32367,95.15,859.00,75.95,0.465,4.198,0.371,banana,fresh
32728130,32368,95.15,859.05,75.85,0.465,4.199,0.371,banana,fresh
32729142,32369,95.10,859.00,75.90,0.465,4.198,0.371,banana,fresh
32730152,32370,95.00,859.00,75.90,0.464,4.198,0.371,banana,fresh
32731163,32371,95.10,859.05,75.90,0.465,4.199,0.371,banana,fresh
32732175,32372,95.15,859.05,75.90,0.465,4.199,0.371,banana,fresh
32733186,32373,95.00,859.05,75.95,0.464,4.199,0.371,banana,fresh
32734197,32374,95.15,859.10,75.85,0.465,4.199,0.371,banana,fresh
32735208,32375,95.05,859.10,75.85,0.465,4.199,0.371,banana,fresh
32736220,32376,95.15,859.10,75.75,0.465,4.199,0.370,banana,fresh
32737230,32377,95.15,859.10,75.75,0.465,4.199,0.370,banana,fresh
32738241,32378,95.10,859.15,75.90,0.465,4.199,0.371,banana,fresh
32739253,32379,95.15,859.00,75.90,0.465,4.198,0.371,banana,fresh
32740263,32380,95.00,859.05,75.95,0.464,4.199,0.371,banana,fresh
32741275,32381,95.10,859.05,75.90,0.465,4.199,0.371,banana,fresh
32742286,32382,95.05,859.05,75.95,0.465,4.199,0.371,banana,fresh
32743298,32383,95.05,859.05,76.00,0.465,4.199,0.371,banana,fresh
32744308,32384,95.15,859.25,75.90,0.465,4.200,0.371,banana,fresh
32745319,32385,95.15,859.10,75.90,0.465,4.199,0.371,banana,fresh
32746331,32386,95.20,859.10,75.95,0.465,4.199,0.371,banana,fresh
32747341,32387,95.20,859.15,76.00,0.465,4.199,0.371,banana,fresh
32748353,32388,95.25,859.00,76.00,0.466,4.198,0.371,banana,fresh
32749364,32389,95.35,859.05,75.95,0.466,4.199,0.371,banana,fresh
32750375,32390,95.15,859.05,75.95,0.465,4.199,0.371,banana,fresh
32751386,32391,95.00,859.05,75.95,0.464,4.199,0.371,banana,fresh
32752398,32392,95.10,859.10,75.90,0.465,4.199,0.371,banana,fresh
32753409,32393,95.20,859.00,75.95,0.465,4.198,0.371,banana,fresh
32754419,32394,95.20,859.10,75.95,0.465,4.199,0.371,banana,fresh
32755431,32395,95.25,859.00,76.00,0.466,4.198,0.371,banana,fresh
32756442,32396,95.15,859.10,76.00,0.465,4.199,0.371,banana,fresh
32757453,32397,95.10,859.05,75.95,0.465,4.199,0.371,banana,fresh
32758464,32398,95.15,859.00,75.95,0.465,4.198,0.371,banana,fresh
32759476,32399,95.20,859.15,75.95,0.465,4.199,0.371,banana,fresh
32760486,32400,95.25,859.05,76.00,0.466,4.199,0.371,banana,fresh
32761497,32401,95.20,859.05,75.95,0.465,4.199,0.371,banana,fresh
32762509,32402,95.20,859.10,75.85,0.465,4.199,0.371,banana,fresh
32763520,32403,95.10,859.10,75.90,0.465,4.199,0.371,banana,fresh
32764531,32404,95.15,859.05,76.00,0.465,4.199,0.371,banana,fresh
32765542,32405,95.15,859.05,75.95,0.465,4.199,0.371,banana,fresh
32766554,32406,95.15,859.15,75.90,0.465,4.199,0.371,banana,fresh
32767564,32407,95.05,859.10,75.95,0.465,4.199,0.371,banana,fresh
32768576,32408,95.20,859.05,76.00,0.465,4.199,0.371,banana,fresh
32769587,32409,95.20,859.05,75.90,0.465,4.199,0.371,banana,fresh
32770597,32410,95.15,859.05,75.85,0.465,4.199,0.371,banana,fresh
32771609,32411,95.10,859.05,75.95,0.465,4.199,0.371,banana,fresh
32772620,32412,95.15,859.00,75.95,0.465,4.198,0.371,banana,fresh
32773632,32413,95.20,859.10,76.00,0.465,4.199,0.371,banana,fresh
32774642,32414,95.20,859.10,75.95,0.465,4.199,0.371,banana,fresh
32775654,32415,95.30,859.00,76.00,0.466,4.198,0.371,banana,fresh
32776665,32416,95.10,859.00,75.95,0.465,4.198,0.371,banana,fresh
32777675,32417,95.15,859.10,75.95,0.465,4.199,0.371,banana,fresh
32778687,32418,95.10,859.10,76.00,0.465,4.199,0.371,banana,fresh
32779698,32419,95.10,859.15,75.90,0.465,4.199,0.371,banana,fresh
32780709,32420,95.35,859.05,75.90,0.466,4.199,0.371,banana,fresh
32781720,32421,95.15,859.15,76.00,0.465,4.199,0.371,banana,fresh
32782732,32422,95.20,859.15,76.00,0.465,4.199,0.371,banana,fresh
32783742,32423,95.30,859.10,76.00,0.466,4.199,0.371,banana,fresh
32784753,32424,95.05,859.10,76.00,0.465,4.199,0.371,banana,fresh
32785765,32425,95.10,859.10,75.95,0.465,4.199,0.371,banana,fresh
32786776,32426,95.15,859.05,76.00,0.465,4.199,0.371,banana,fresh
32787787,32427,95.15,859.15,75.85,0.465,4.199,0.371,banana,fresh
32788798,32428,95.30,859.20,75.90,0.466,4.199,0.371,banana,fresh
32789810,32429,95.20,859.10,76.00,0.465,4.199,0.371,banana,fresh
32790820,32430,95.25,859.10,75.90,0.466,4.199,0.371,banana,fresh
32791832,32431,95.35,859.15,76.00,0.466,4.199,0.371,banana,fresh
32792843,32432,95.30,859.15,75.95,0.466,4.199,0.371,banana,fresh
32793853,32433,95.25,859.00,75.95,0.466,4.198,0.371,banana,fresh
32794865,32434,95.15,859.10,76.00,0.465,4.199,0.371,banana,fresh
32795876,32435,95.20,859.05,75.95,0.465,4.199,0.371,banana,fresh
32796888,32436,95.25,859.05,75.95,0.466,4.199,0.371,banana,fresh
32797898,32437,95.20,859.05,76.00,0.465,4.199,0.371,banana,fresh
32798910,32438,95.20,859.10,76.00,0.465,4.199,0.371,banana,fresh
32799921,32439,95.30,859.10,76.00,0.466,4.199,0.371,banana,fresh
32800931,32440,95.35,859.10,75.90,0.466,4.199,0.371,banana,fresh
32801943,32441,95.30,859.10,75.90,0.466,4.199,0.371,banana,fresh
32802954,32442,95.55,859.10,76.00,0.467,4.199,0.371,banana,fresh
32803965,32443,95.20,859.10,76.00,0.465,4.199,0.371,banana,fresh
32804976,32444,95.15,859.05,76.00,0.465,4.199,0.371,banana,fresh
32805988,32445,95.25,859.10,76.00,0.466,4.199,0.371,banana,fresh
32806999,32446,95.35,859.10,75.95,0.466,4.199,0.371,banana,fresh
32808009,32447,95.25,859.00,76.00,0.466,4.198,0.371,banana,fresh
32809021,32448,95.35,859.05,75.95,0.466,4.199,0.371,banana,fresh
32810032,32449,95.20,859.15,76.00,0.465,4.199,0.371,banana,fresh
32811043,32450,95.20,859.05,76.00,0.465,4.199,0.371,banana,fresh
32812054,32451,95.20,859.05,75.95,0.465,4.199,0.371,banana,fresh
32813066,32452,95.25,859.05,76.00,0.466,4.199,0.371,banana,fresh
32814076,32453,95.35,859.00,76.00,0.466,4.198,0.371,banana,fresh
32815087,32454,95.25,859.05,76.00,0.466,4.199,0.371,banana,fresh
32816099,32455,95.45,859.25,76.00,0.467,4.200,0.371,banana,fresh
32817110,32456,95.25,859.10,76.00,0.466,4.199,0.371,banana,fresh
32818121,32457,95.25,859.10,76.00,0.466,4.199,0.371,banana,fresh
32819132,32458,95.35,859.05,76.05,0.466,4.199,0.372,banana,fresh
32820144,32459,95.50,859.10,76.00,0.467,4.199,0.371,banana,fresh
32821154,32460,95.15,859.10,76.00,0.465,4.199,0.371,banana,fresh
32822165,32461,95.65,859.05,76.00,0.467,4.199,0.371,banana,fresh
32823177,32462,95.40,859.15,76.00,0.466,4.199,0.371,banana,fresh
32824187,32463,95.35,859.15,76.00,0.466,4.199,0.371,banana,fresh
32825199,32464,95.50,859.10,76.00,0.467,4.199,0.371,banana,fresh
32826210,32465,95.25,859.05,76.00,0.466,4.199,0.371,banana,fresh
32827222,32466,95.25,859.15,76.00,0.466,4.199,0.371,banana,fresh
32828232,32467,95.40,859.05,75.95,0.466,4.199,0.371,banana,fresh
32829243,32468,95.40,859.00,76.00,0.466,4.198,0.371,banana,fresh
32830255,32469,95.60,859.15,76.00,0.467,4.199,0.371,banana,fresh
32831265,32470,95.55,859.05,76.00,0.467,4.199,0.371,banana,fresh
32832277,32471,95.35,859.05,76.00,0.466,4.199,0.371,banana,fresh
32833288,32472,95.35,859.15,76.00,0.466,4.199,0.371,banana,fresh
32834299,32473,95.35,859.15,76.00,0.466,4.199,0.371,banana,fresh
32835310,32474,95.45,859.15,76.00,0.467,4.199,0.371,banana,fresh
32836321,32475,95.30,859.15,75.95,0.466,4.199,0.371,banana,fresh
32837332,32476,95.25,859.05,76.00,0.466,4.199,0.371,banana,fresh
32838343,32477,95.45,859.25,75.95,0.467,4.200,0.371,banana,fresh
32839355,32478,95.40,859.15,76.05,0.466,4.199,0.372,banana,fresh
32840366,32479,95.35,859.10,76.00,0.466,4.199,0.371,banana,fresh
32841377,32480,95.35,859.20,76.00,0.466,4.199,0.371,banana,fresh
32842388,32481,95.40,859.15,76.00,0.466,4.199,0.371,banana,fresh
32843399,32482,95.40,859.10,76.00,0.466,4.199,0.371,banana,fresh
32844410,32483,95.45,859.10,76.00,0.467,4.199,0.371,banana,fresh
32845421,32484,95.35,859.10,76.00,0.466,4.199,0.371,banana,fresh
32846433,32485,95.50,859.10,76.00,0.467,4.199,0.371,banana,fresh
32847443,32486,95.25,859.20,76.00,0.466,4.199,0.371,banana,fresh
32848455,32487,95.30,859.05,76.00,0.466,4.199,0.371,banana,fresh
32849466,32488,95.30,859.10,76.00,0.466,4.199,0.371,banana,fresh
32850478,32489,95.40,859.00,76.05,0.466,4.198,0.372,banana,fresh
32851488,32490,95.45,859.00,76.00,0.467,4.198,0.371,banana,fresh
32852499,32491,95.50,859.10,76.00,0.467,4.199,0.371,banana,fresh
32853511,32492,95.40,859.10,76.00,0.466,4.199,0.371,banana,fresh
32854521,32493,95.20,859.00,76.05,0.465,4.198,0.372,banana,fresh
32855533,32494,95.40,859.10,76.05,0.466,4.199,0.372,banana,fresh
32856544,32495,95.20,859.10,76.00,0.465,4.199,0.371,banana,fresh
32857554,32496,95.40,859.10,76.00,0.466,4.199,0.371,banana,fresh
32858566,32497,95.50,859.10,76.00,0.467,4.199,0.371,banana,fresh
32859577,32498,95.60,859.15,76.00,0.467,4.199,0.371,banana,fresh
32860589,32499,95.55,859.10,76.00,0.467,4.199,0.371,banana,fresh
32861599,32500,95.50,859.25,76.00,0.467,4.200,0.371,banana,fresh
32862611,32501,95.60,859.05,76.00,0.467,4.199,0.371,banana,fresh
32863622,32502,95.45,859.05,76.00,0.467,4.199,0.371,banana,fresh
32864632,32503,95.35,859.15,76.00,0.466,4.199,0.371,banana,fresh
32865644,32504,95.45,859.00,76.00,0.467,4.198,0.371,banana,fresh
32866655,32505,95.45,859.00,76.00,0.467,4.198,0.371,banana,fresh
32867666,32506,95.55,859.00,76.05,0.467,4.198,0.372,banana,fresh
32868677,32507,95.30,859.15,76.00,0.466,4.199,0.371,banana,fresh
32869689,32508,95.50,859.05,76.00,0.467,4.199,0.371,banana,fresh
32870700,32509,95.45,859.05,76.00,0.467,4.199,0.371,banana,fresh
32871710,32510,95.75,859.15,76.00,0.468,4.199,0.371,banana,fresh
32872722,32511,95.50,859.00,76.00,0.467,4.198,0.371,banana,fresh
32873733,32512,95.40,859.00,76.00,0.466,4.198,0.371,banana,fresh
32874744,32513,95.55,859.05,76.00,0.467,4.199,0.371,banana,fresh
32875755,32514,95.40,859.15,76.00,0.466,4.199,0.371,banana,fresh
32876767,32515,95.60,859.25,76.00,0.467,4.200,0.371,banana,fresh
32877777,32516,95.55,859.00,76.00,0.467,4.198,0.371,banana,fresh
32878788,32517,95.60,859.20,76.00,0.467,4.199,0.371,banana,fresh
32879800,32518,95.65,859.05,76.00,0.467,4.199,0.371,banana,fresh
32880811,32519,95.65,859.15,76.05,0.467,4.199,0.372,banana,fresh
32881822,32520,95.85,859.15,76.05,0.468,4.199,0.372,banana,fresh
32882833,32521,95.50,859.10,76.00,0.467,4.199,0.371,banana,fresh
32883845,32522,95.55,859.05,76.00,0.467,4.199,0.371,banana,fresh
32884855,32523,95.35,859.20,76.00,0.466,4.199,0.371,banana,fresh
32885867,32524,95.50,859.20,76.00,0.467,4.199,0.371,banana,fresh
32886878,32525,95.65,859.00,76.05,0.467,4.198,0.372,banana,fresh
32887888,32526,95.40,859.10,76.05,0.466,4.199,0.372,banana,fresh
32888900,32527,95.40,859.10,76.05,0.466,4.199,0.372,banana,fresh
32889911,32528,95.30,859.10,76.05,0.466,4.199,0.372,banana,fresh
32890923,32529,95.65,859.15,76.15,0.467,4.199,0.372,banana,fresh
32891933,32530,95.45,859.05,76.00,0.467,4.199,0.371,banana,fresh
32892945,32531,95.70,859.05,75.95,0.468,4.199,0.371,banana,fresh
32893956,32532,95.45,859.00,76.00,0.467,4.198,0.371,banana,fresh
32894966,32533,95.45,859.15,76.00,0.467,4.199,0.371,banana,fresh
32895978,32534,95.55,859.05,76.00,0.467,4.199,0.371,banana,fresh
32896989,32535,95.60,859.05,76.00,0.467,4.199,0.371,banana,fresh
32898000,32536,95.65,859.00,76.00,0.467,4.198,0.371,banana,fresh
32899011,32537,95.80,859.00,76.05,0.468,4.198,0.372,banana,fresh
32900023,32538,95.60,859.05,76.00,0.467,4.199,0.371,banana,fresh
32901033,32539,95.60,859.10,76.00,0.467,4.199,0.371,banana,fresh
32902044,32540,95.65,859.05,76.00,0.467,4.199,0.371,banana,fresh
32903056,32541,95.70,859.20,76.00,0.468,4.199,0.371,banana,fresh
32904067,32542,95.50,859.15,76.00,0.467,4.199,0.371,banana,fresh
32905078,32543,95.50,859.15,76.00,0.467,4.199,0.371,banana,fresh
32906089,32544,95.75,859.10,76.05,0.468,4.199,0.372,banana,fresh
32907101,32545,95.70,859.20,76.00,0.468,4.199,0.371,banana,fresh
32908111,32546,95.50,859.10,76.00,0.467,4.199,0.371,banana,fresh
32909122,32547,95.70,859.15,76.00,0.468,4.199,0.371,banana,fresh
32910134,32548,95.70,859.00,76.05,0.468,4.198,0.372,banana,fresh
32911144,32549,95.60,859.00,76.00,0.467,4.198,0.371,banana,fresh
32912156,32550,95.50,859.15,76.00,0.467,4.199,0.371,banana,fresh
32913167,32551,95.60,859.15,76.00,0.467,4.199,0.371,banana,fresh
32914179,32552,95.65,859.05,76.00,0.467,4.199,0.371,banana,fresh
32915189,32553,95.70,859.15,76.00,0.468,4.199,0.371,banana,fresh
32916200,32554,95.70,859.10,76.05,0.468,4.199,0.372,banana,fresh
32917212,32555,95.60,859.10,76.00,0.467,4.199,0.371,banana,fresh
32918222,32556,95.65,859.20,76.05,0.467,4.199,0.372,banana,fresh
32919234,32557,95.45,859.05,76.00,0.467,4.199,0.371,banana,fresh
32920245,32558,95.50,859.20,76.00,0.467,4.199,0.371,banana,fresh
32921256,32559,95.65,859.00,76.05,0.467,4.198,0.372,banana,fresh
32922267,32560,95.60,859.15,76.00,0.467,4.199,0.371,banana,fresh
32923278,32561,95.75,859.15,76.05,0.468,4.199,0.372,banana,fresh
32924290,32562,95.65,859.20,76.00,0.467,4.199,0.371,banana,fresh
32925300,32563,95.45,859.15,76.00,0.467,4.199,0.371,banana,fresh
32926312,32564,95.60,859.10,76.00,0.467,4.199,0.371,banana,fresh
32927323,32565,95.70,859.10,76.05,0.468,4.199,0.372,banana,fresh
32928334,32566,95.65,859.05,76.00,0.467,4.199,0.371,banana,fresh
32929345,32567,95.80,859.05,76.05,0.468,4.199,0.372,banana,fresh
32930356,32568,95.50,859.25,76.00,0.467,4.200,0.371,banana,fresh
32931367,32569,95.70,859.10,76.00,0.468,4.199,0.371,banana,fresh
32932378,32570,95.65,859.10,76.00,0.467,4.199,0.371,banana,fresh
32933390,32571,95.55,859.10,76.00,0.467,4.199,0.371,banana,fresh
32934401,32572,95.80,859.05,76.00,0.468,4.199,0.371,banana,fresh
32935412,32573,95.60,859.05,76.10,0.467,4.199,0.372,banana,fresh
32936423,32574,95.75,859.05,76.00,0.468,4.199,0.371,banana,fresh
32937434,32575,95.40,859.15,76.00,0.466,4.199,0.371,banana,fresh
32938445,32576,95.75,859.05,76.00,0.468,4.199,0.371,banana,fresh
32939456,32577,95.75,859.00,76.00,0.468,4.198,0.371,banana,fresh
32940468,32578,95.70,859.15,76.00,0.468,4.199,0.371,banana,fresh
32941478,32579,95.65,859.05,76.00,0.467,4.199,0.371,banana,fresh
32942489,32580,95.80,859.10,76.05,0.468,4.199,0.372,banana,fresh
32943501,32581,95.65,859.20,76.10,0.467,4.199,0.372,banana,fresh
32944512,32582,95.80,859.15,76.00,0.468,4.199,0.371,banana,fresh
32945523,32583,95.70,859.05,76.00,0.468,4.199,0.371,banana,fresh
32946534,32584,95.75,859.00,76.00,0.468,4.198,0.371,banana,fresh
32947546,32585,95.60,859.05,76.20,0.467,4.199,0.372,banana,fresh
32948556,32586,95.85,859.20,76.05,0.468,4.199,0.372,banana,fresh
32949567,32587,95.75,859.10,76.05,0.468,4.199,0.372,banana,fresh
32950579,32588,95.70,859.15,76.05,0.468,4.199,0.372,banana,fresh
32951589,32589,95.90,859.20,76.00,0.469,4.199,0.371,banana,fresh
32952601,32590,95.85,859.00,76.05,0.468,4.198,0.372,banana,fresh
32953612,32591,95.70,859.30,76.05,0.468,4.200,0.372,banana,fresh
32954624,32592,95.65,859.05,76.00,0.467,4.199,0.371,banana,fresh
32955634,32593,95.80,859.15,76.10,0.468,4.199,0.372,banana,fresh
32956646,32594,95.80,859.05,76.10,0.468,4.199,0.372,banana,fresh
32957657,32595,95.85,859.00,76.10,0.468,4.198,0.372,banana,fresh
32958667,32596,95.45,859.10,76.10,0.467,4.199,0.372,banana,fresh
32959679,32597,95.65,859.25,76.10,0.467,4.200,0.372,banana,fresh
32960690,32598,95.80,859.25,76.15,0.468,4.200,0.372,banana,fresh
32961701,32599,95.85,859.05,76.00,0.468,4.199,0.371,banana,fresh
32962712,32600,95.85,859.15,76.05,0.468,4.199,0.372,banana,fresh
32963724,32601,95.80,859.20,76.15,0.468,4.199,0.372,banana,fresh
32964734,32602,95.80,859.15,76.05,0.468,4.199,0.372,banana,fresh
32965745,32603,95.75,859.15,76.20,0.468,4.199,0.372,banana,fresh
32966757,32604,95.80,859.25,76.15,0.468,4.200,0.372,banana,fresh
32967768,32605,95.85,859.40,76.15,0.468,4.200,0.372,banana,fresh
32968779,32606,95.95,859.30,76.00,0.469,4.200,0.371,banana,fresh
32969790,32607,95.85,859.10,76.05,0.468,4.199,0.372,banana,fresh
32970802,32608,95.80,859.40,76.20,0.468,4.200,0.372,banana,fresh
32971812,32609,95.85,859.05,76.20,0.468,4.199,0.372,banana,fresh
32972823,32610,95.80,859.20,76.15,0.468,4.199,0.372,banana,fresh
32973835,32611,95.85,859.15,76.05,0.468,4.199,0.372,banana,fresh
32974845,32612,95.75,859.20,76.05,0.468,4.199,0.372,banana,fresh
32975857,32613,95.75,859.15,76.10,0.468,4.199,0.372,banana,fresh
32976868,32614,95.80,859.25,76.15,0.468,4.200,0.372,banana,fresh
32977880,32615,95.75,859.05,76.20,0.468,4.199,0.372,banana,fresh
32978890,32616,95.90,859.05,76.10,0.469,4.199,0.372,banana,fresh
32979901,32617,95.75,859.15,76.10,0.468,4.199,0.372,banana,fresh
32980913,32618,95.95,859.25,76.05,0.469,4.200,0.372,banana,fresh
32981923,32619,95.95,859.15,76.10,0.469,4.199,0.372,banana,fresh
32982935,32620,95.80,859.10,76.10,0.468,4.199,0.372,banana,fresh
32983946,32621,95.80,859.10,76.15,0.468,4.199,0.372,banana,fresh
32984957,32622,95.85,859.05,76.10,0.468,4.199,0.372,banana,fresh
32985968,32623,95.80,859.20,76.30,0.468,4.199,0.373,banana,fresh
32986980,32624,95.80,859.10,76.15,0.468,4.199,0.372,banana,fresh
32987991,32625,95.75,859.15,76.10,0.468,4.199,0.372,banana,fresh
32989001,32626,95.95,859.05,76.05,0.469,4.199,0.372,banana,fresh
32990013,32627,95.90,859.15,76.25,0.469,4.199,0.373,banana,fresh
32991024,32628,95.95,859.05,76.05,0.469,4.199,0.372,banana,fresh
32992035,32629,95.85,859.00,76.10,0.468,4.198,0.372,banana,fresh
32993046,32630,95.95,859.10,76.15,0.469,4.199,0.372,banana,fresh
32994058,32631,95.80,859.25,76.15,0.468,4.200,0.372,banana,fresh
32995068,32632,95.95,859.15,76.00,0.469,4.199,0.371,banana,fresh
32996079,32633,95.90,859.20,76.05,0.469,4.199,0.372,banana,fresh
32997091,32634,95.90,859.20,76.00,0.469,4.199,0.371,banana,fresh
32998102,32635,95.80,859.25,76.00,0.468,4.200,0.371,banana,fresh
32999113,32636,95.75,859.10,76.05,0.468,4.199,0.372,banana,fresh
33000124,32637,95.85,859.20,76.10,0.468,4.199,0.372,banana,fresh
33001136,32638,95.95,859.20,76.10,0.469,4.199,0.372,banana,fresh
33002146,32639,95.90,859.15,76.15,0.469,4.199,0.372,banana,fresh
33003158,32640,95.85,859.10,76.15,0.468,4.199,0.372,banana,fresh
33004169,32641,95.95,859.15,76.25,0.469,4.199,0.373,banana,fresh
33005179,32642,95.90,859.10,76.10,0.469,4.199,0.372,banana,fresh
33006191,32643,95.80,859.25,76.15,0.468,4.200,0.372,banana,fresh
33007202,32644,96.00,859.05,76.05,0.469,4.199,0.372,banana,fresh
33008214,32645,95.90,859.25,76.20,0.469,4.200,0.372,banana,fresh
33009224,32646,95.90,859.35,76.05,0.469,4.200,0.372,banana,fresh
33010236,32647,95.90,859.20,76.10,0.469,4.199,0.372,banana,fresh
33011247,32648,95.85,859.10,76.05,0.468,4.199,0.372,banana,fresh
33012257,32649,95.80,859.10,76.20,0.468,4.199,0.372,banana,fresh
33013269,32650,95.80,859.20,76.15,0.468,4.199,0.372,banana,fresh
33014280,32651,95.90,859.10,76.15,0.469,4.199,0.372,banana,fresh
33015291,32652,95.95,859.05,76.10,0.469,4.199,0.372,banana,fresh
33016302,32653,95.95,859.05,76.00,0.469,4.199,0.371,banana,fresh
33017314,32654,95.85,859.10,76.10,0.468,4.199,0.372,banana,fresh
33018324,32655,96.05,859.10,76.20,0.469,4.199,0.372,banana,fresh
33019335,32656,95.85,859.15,76.15,0.468,4.199,0.372,banana,fresh
33020347,32657,95.85,859.20,76.15,0.468,4.199,0.372,banana,fresh
33021358,32658,95.75,859.15,76.05,0.468,4.199,0.372,banana,fresh
33022369,32659,96.00,859.20,76.10,0.469,4.199,0.372,banana,fresh
33023380,32660,95.90,859.15,76.00,0.469,4.199,0.371,banana,fresh
33024392,32661,95.90,859.15,76.05,0.469,4.199,0.372,banana,fresh
33025402,32662,95.75,859.20,76.00,0.468,4.199,0.371,banana,fresh
33026413,32663,95.95,859.20,76.05,0.469,4.199,0.372,banana,fresh
33027425,32664,95.95,859.15,76.15,0.469,4.199,0.372,banana,fresh
33028435,32665,95.75,859.15,76.20,0.468,4.199,0.372,banana,fresh
33029447,32666,95.80,859.15,76.10,0.468,4.199,0.372,banana,fresh
33030458,32667,95.90,859.10,76.05,0.469,4.199,0.372,banana,fresh
33031470,32668,95.90,859.10,76.15,0.469,4.199,0.372,banana,fresh
33032480,32669,95.95,859.15,76.05,0.469,4.199,0.372,banana,fresh
33033492,32670,95.95,859.20,76.10,0.469,4.199,0.372,banana,fresh
33034503,32671,95.85,859.40,76.15,0.468,4.200,0.372,banana,fresh
33035513,32672,95.90,859.20,76.00,0.469,4.199,0.371,banana,fresh
33036525,32673,95.95,859.25,76.10,0.469,4.200,0.372,banana,fresh
33037536,32674,95.95,859.20,76.15,0.469,4.199,0.372,banana,fresh
33038547,32675,95.90,859.20,76.10,0.469,4.199,0.372,banana,fresh
33039558,32676,95.90,859.15,76.05,0.469,4.199,0.372,banana,fresh
33040570,32677,95.95,859.05,76.15,0.469,4.199,0.372,banana,fresh
33041581,32678,96.00,859.25,76.10,0.469,4.200,0.372,banana,fresh
33042591,32679,95.90,859.05,76.30,0.469,4.199,0.373,banana,fresh
33043603,32680,95.95,859.25,76.10,0.469,4.200,0.372,banana,fresh
33044614,32681,95.70,859.20,76.05,0.468,4.199,0.372,banana,fresh
33045625,32682,96.00,859.25,76.25,0.469,4.200,0.373,banana,fresh
33046636,32683,95.95,859.25,76.05,0.469,4.200,0.372,banana,fresh
33047648,32684,96.00,859.25,76.05,0.469,4.200,0.372,banana,fresh
33048658,32685,95.90,859.25,76.05,0.469,4.200,0.372,banana,fresh
33049669,32686,95.85,859.20,76.15,0.468,4.199,0.372,banana,fresh
33050681,32687,95.95,859.10,76.00,0.469,4.199,0.371,banana,fresh
33051692,32688,96.00,859.15,76.25,0.469,4.199,0.373,banana,fresh
33052703,32689,95.95,859.40,76.15,0.469,4.200,0.372,banana,fresh
33053714,32690,95.85,859.35,76.25,0.468,4.200,0.373,banana,fresh
33054726,32691,96.00,859.15,76.15,0.469,4.199,0.372,banana,fresh
33055736,32692,95.85,859.30,76.10,0.468,4.200,0.372,banana,fresh
33056747,32693,95.95,859.15,76.10,0.469,4.199,0.372,banana,fresh
33057759,32694,95.90,859.05,76.20,0.469,4.199,0.372,banana,fresh
33058769,32695,95.95,859.25,76.15,0.469,4.200,0.372,banana,fresh
33059781,32696,95.95,859.10,76.25,0.469,4.199,0.373,banana,fresh
33060792,32697,95.85,859.10,76.20,0.468,4.199,0.372,banana,fresh
33061804,32698,95.85,859.30,76.20,0.468,4.200,0.372,banana,fresh
33062814,32699,95.90,859.15,76.20,0.469,4.199,0.372,banana,fresh
33063826,32700,95.95,859.30,76.10,0.469,4.200,0.372,banana,fresh
33064837,32701,95.95,859.25,76.05,0.469,4.200,0.372,banana,fresh
33065847,32702,95.95,859.10,76.15,0.469,4.199,0.372,banana,fresh
33066859,32703,96.00,859.10,76.05,0.469,4.199,0.372,banana,fresh
33067870,32704,95.95,859.20,76.15,0.469,4.199,0.372,banana,fresh
33068881,32705,96.00,859.25,76.10,0.469,4.200,0.372,banana,fresh
33069892,32706,96.00,859.10,76.00,0.469,4.199,0.371,banana,fresh
33070904,32707,95.95,859.15,76.15,0.469,4.199,0.372,banana,fresh
33071915,32708,95.90,859.20,76.10,0.469,4.199,0.372,banana,fresh
33072925,32709,95.85,859.20,76.30,0.468,4.199,0.373,banana,fresh
33073937,32710,95.90,859.25,76.15,0.469,4.200,0.372,banana,fresh
33074948,32711,95.95,859.15,76.25,0.469,4.199,0.373,banana,fresh
33075959,32712,95.95,859.20,76.10,0.469,4.199,0.372,banana,fresh
33076970,32713,95.95,859.15,76.10,0.469,4.199,0.372,banana,fresh
33077982,32714,96.00,859.15,76.25,0.469,4.199,0.373,banana,fresh
33078992,32715,96.00,859.10,76.05,0.469,4.199,0.372,banana,fresh
33080003,32716,96.00,859.20,76.15,0.469,4.199,0.372,banana,fresh
33081015,32717,95.95,859.25,76.05,0.469,4.200,0.372,banana,fresh
33082025,32718,95.90,859.05,76.30,0.469,4.199,0.373,banana,fresh
33083037,32719,95.90,859.20,76.10,0.469,4.199,0.372,banana,fresh
33084048,32720,96.00,859.20,76.15,0.469,4.199,0.372,banana,fresh
33085060,32721,96.00,859.30,76.20,0.469,4.200,0.372,banana,fresh
33086070,32722,95.90,859.25,76.10,0.469,4.200,0.372,banana,fresh
33087081,32723,95.95,859.35,76.15,0.469,4.200,0.372,banana,fresh
33088093,32724,96.00,859.25,76.20,0.469,4.200,0.372,banana,fresh
33089103,32725,95.95,859.20,76.20,0.469,4.199,0.372,banana,fresh
33090115,32726,95.95,859.35,76.15,0.469,4.200,0.372,banana,fresh
33091126,32727,95.90,859.10,76.15,0.469,4.199,0.372,banana,fresh
33092137,32728,95.90,859.30,76.10,0.469,4.200,0.372,banana,fresh
33093148,32729,96.05,859.20,76.20,0.469,4.199,0.372,banana,fresh
33094159,32730,95.90,859.10,76.20,0.469,4.199,0.372,banana,fresh
33095171,32731,96.00,859.20,76.30,0.469,4.199,0.373,banana,fresh
33096181,32732,95.95,859.15,76.15,0.469,4.199,0.372,banana,fresh
33097193,32733,95.95,859.15,76.25,0.469,4.199,0.373,banana,fresh
33098204,32734,96.00,859.25,76.30,0.469,4.200,0.373,banana,fresh
33099215,32735,95.95,859.15,76.25,0.469,4.199,0.373,banana,fresh
33100226,32736,95.95,859.15,76.35,0.469,4.199,0.373,banana,fresh
33101238,32737,96.00,859.15,76.10,0.469,4.199,0.372,banana,fresh
33102248,32738,96.00,859.10,76.25,0.469,4.199,0.373,banana,fresh
33103259,32739,95.85,859.20,76.10,0.468,4.199,0.372,banana,fresh
33104271,32740,96.00,859.10,76.15,0.469,4.199,0.372,banana,fresh
33105282,32741,96.00,859.05,76.30,0.469,4.199,0.373,banana,fresh
33106293,32742,95.95,859.15,76.15,0.469,4.199,0.372,banana,fresh
33107304,32743,96.00,859.30,76.20,0.469,4.200,0.372,banana,fresh
33108316,32744,95.95,859.10,76.20,0.469,4.199,0.372,banana,fresh
33109326,32745,95.95,859.25,76.00,0.469,4.200,0.371,banana,fresh
33110337,32746,95.95,859.10,76.25,0.469,4.199,0.373,banana,fresh
33111349,32747,95.95,859.20,76.30,0.469,4.199,0.373,banana,fresh
33112359,32748,95.95,859.20,76.35,0.469,4.199,0.373,banana,fresh
33113371,32749,96.00,859.00,76.25,0.469,4.198,0.373,banana,fresh
33114382,32750,96.00,859.30,76.15,0.469,4.200,0.372,banana,fresh
33115394,32751,95.95,859.30,76.35,0.469,4.200,0.373,banana,fresh
33116404,32752,95.90,859.15,76.35,0.469,4.199,0.373,banana,fresh
33117415,32753,95.95,859.25,76.20,0.469,4.200,0.372,banana,fresh
33118427,32754,95.95,859.35,76.40,0.469,4.200,0.373,banana,fresh
33119437,32755,95.95,859.20,76.35,0.469,4.199,0.373,banana,fresh
33120449,32756,96.00,859.15,76.30,0.469,4.199,0.373,banana,fresh
33121460,32757,96.00,859.30,76.30,0.469,4.200,0.373,banana,fresh
33122471,32758,96.00,859.10,76.25,0.469,4.199,0.373,banana,fresh
33123482,32759,96.00,859.15,76.20,0.469,4.199,0.372,banana,fresh
33124493,32760,96.00,859.30,76.25,0.469,4.200,0.373,banana,fresh
33125505,32761,95.90,859.10,76.30,0.469,4.199,0.373,banana,fresh
33126515,32762,95.90,859.20,76.25,0.469,4.199,0.373,banana,fresh
33127527,32763,96.00,859.20,76.35,0.469,4.199,0.373,banana,fresh
33128538,32764,95.90,859.30,76.25,0.469,4.200,0.373,banana,fresh
33129549,32765,96.00,859.10,76.35,0.469,4.199,0.373,banana,fresh
33130560,32766,95.90,859.20,76.30,0.469,4.199,0.373,banana,fresh
33131571,32767,95.95,859.10,76.25,0.469,4.199,0.373,banana,fresh
33132582,32768,96.00,859.30,76.25,0.469,4.200,0.373,banana,fresh
33133593,32769,96.00,859.30,76.20,0.469,4.200,0.372,banana,fresh
33134605,32770,96.00,859.20,76.40,0.469,4.199,0.373,banana,fresh
33135616,32771,95.95,859.10,76.25,0.469,4.199,0.373,banana,fresh
33136627,32772,96.00,859.15,76.30,0.469,4.199,0.373,banana,fresh
33137638,32773,96.00,859.05,76.20,0.469,4.199,0.372,banana,fresh
33138649,32774,96.00,859.10,76.30,0.469,4.199,0.373,banana,fresh
33139660,32775,96.00,859.20,76.30,0.469,4.199,0.373,banana,fresh
33140671,32776,96.00,859.15,76.40,0.469,4.199,0.373,banana,fresh
33141683,32777,96.00,859.35,76.30,0.469,4.200,0.373,banana,fresh
33142693,32778,96.00,859.15,76.15,0.469,4.199,0.372,banana,fresh
33143705,32779,96.00,859.25,76.35,0.469,4.200,0.373,banana,fresh
33144716,32780,96.00,859.45,76.40,0.469,4.201,0.373,banana,fresh
33145726,32781,96.00,859.10,76.40,0.469,4.199,0.373,banana,fresh
33146738,32782,95.90,859.20,76.35,0.469,4.199,0.373,banana,fresh
33147749,32783,96.00,859.25,76.50,0.469,4.200,0.374,banana,fresh
33148761,32784,96.00,859.30,76.30,0.469,4.200,0.373,banana,fresh
33149771,32785,95.95,859.20,76.10,0.469,4.199,0.372,banana,fresh
33150782,32786,96.00,859.20,76.20,0.469,4.199,0.372,banana,fresh
33151794,32787,96.00,859.20,76.35,0.469,4.199,0.373,banana,fresh
33152804,32788,96.00,859.20,76.45,0.469,4.199,0.374,banana,fresh
33153816,32789,96.05,859.35,76.40,0.469,4.200,0.373,banana,fresh
33154827,32790,96.00,859.05,76.30,0.469,4.199,0.373,banana,fresh
33155838,32791,96.00,859.20,76.40,0.469,4.199,0.373,banana,fresh
33156849,32792,95.95,859.25,76.20,0.469,4.200,0.372,banana,fresh
33157860,32793,95.95,859.35,76.50,0.469,4.200,0.374,banana,fresh
33158872,32794,95.95,859.05,76.60,0.469,4.199,0.374,banana,fresh
33159882,32795,95.95,859.20,76.50,0.469,4.199,0.374,banana,fresh
33160894,32796,96.00,859.45,76.35,0.469,4.201,0.373,banana,fresh
33161905,32797,96.05,859.25,76.45,0.469,4.200,0.374,banana,fresh
33162916,32798,96.00,859.40,76.35,0.469,4.200,0.373,banana,fresh
33163927,32799,95.95,859.25,76.65,0.469,4.200,0.375,banana,fresh
33164939,32800,96.00,859.45,76.50,0.469,4.201,0.374,banana,fresh
33165949,32801,96.00,859.35,76.40,0.469,4.200,0.373,banana,fresh
33166960,32802,96.00,859.10,76.60,0.469,4.199,0.374,banana,fresh
33167972,32803,96.00,859.30,76.35,0.469,4.200,0.373,banana,fresh
33168983,32804,96.00,859.40,76.50,0.469,4.200,0.374,banana,fresh
33169994,32805,96.00,859.40,76.40,0.469,4.200,0.373,banana,fresh
33171005,32806,96.00,859.30,76.65,0.469,4.200,0.375,banana,fresh
33172016,32807,95.95,859.55,76.60,0.469,4.201,0.374,banana,fresh
33173027,32808,95.95,859.40,76.45,0.469,4.200,0.374,banana,fresh
33174038,32809,96.00,859.15,76.45,0.469,4.199,0.374,banana,fresh
33175050,32810,95.95,859.35,76.50,0.469,4.200,0.374,banana,fresh
33176060,32811,95.95,859.45,76.35,0.469,4.201,0.373,banana,fresh
33177072,32812,96.00,859.35,76.35,0.469,4.200,0.373,banana,fresh
33178083,32813,96.00,859.25,76.30,0.469,4.200,0.373,banana,fresh
33179095,32814,95.95,859.45,76.55,0.469,4.201,0.374,banana,fresh
33180105,32815,96.00,859.25,76.50,0.469,4.200,0.374,banana,fresh
33181116,32816,96.05,859.50,76.40,0.469,4.201,0.373,banana,fresh
33182128,32817,96.00,859.25,76.60,0.469,4.200,0.374,banana,fresh
33183138,32818,96.00,859.10,76.55,0.469,4.199,0.374,banana,fresh
33184150,32819,96.00,859.25,76.55,0.469,4.200,0.374,banana,fresh
33185161,32820,96.00,859.40,76.45,0.469,4.200,0.374,banana,fresh
33186172,32821,96.00,859.45,76.55,0.469,4.201,0.374,banana,fresh
33187183,32822,95.95,859.45,76.40,0.469,4.201,0.373,banana,fresh
33188194,32823,95.95,859.45,76.60,0.469,4.201,0.374,banana,fresh
33189206,32824,96.00,859.30,76.50,0.469,4.200,0.374,banana,fresh
33190216,32825,96.00,859.15,76.35,0.469,4.199,0.373,banana,fresh
33191228,32826,96.00,859.35,76.55,0.469,4.200,0.374,banana,fresh
33192239,32827,96.00,859.20,76.45,0.469,4.199,0.374,banana,fresh
33193249,32828,95.95,859.45,76.65,0.469,4.201,0.375,banana,fresh
33194261,32829,96.00,859.35,76.60,0.469,4.200,0.374,banana,fresh
33195272,32830,96.00,859.35,76.50,0.469,4.200,0.374,banana,fresh
33196283,32831,96.00,859.40,76.45,0.469,4.200,0.374,banana,fresh
33197294,32832,95.95,859.30,76.65,0.469,4.200,0.375,banana,fresh
33198306,32833,96.00,859.35,76.50,0.469,4.200,0.374,banana,fresh
33199316,32834,96.00,859.40,76.55,0.469,4.200,0.374,banana,fresh
33200327,32835,96.00,859.20,76.70,0.469,4.199,0.375,banana,fresh
33201339,32836,96.00,859.45,76.75,0.469,4.201,0.375,banana,fresh
33202350,32837,96.00,859.30,76.65,0.469,4.200,0.375,banana,fresh
33203361,32838,96.00,859.30,76.50,0.469,4.200,0.374,banana,fresh
33204372,32839,96.00,859.65,76.65,0.469,4.202,0.375,banana,fresh
33205384,32840,96.05,859.40,76.65,0.469,4.200,0.375,banana,fresh
33206394,32841,96.00,859.35,76.65,0.469,4.200,0.375,banana,fresh
33207405,32842,96.05,859.50,76.55,0.469,4.201,0.374,banana,fresh
33208417,32843,96.00,859.40,76.50,0.469,4.200,0.374,banana,fresh
33209427,32844,96.00,859.30,76.55,0.469,4.200,0.374,banana,fresh
33210439,32845,95.95,859.45,76.45,0.469,4.201,0.374,banana,fresh
33211450,32846,95.95,859.65,76.60,0.469,4.202,0.374,banana,fresh
33212462,32847,96.00,859.30,76.50,0.469,4.200,0.374,banana,fresh
33213472,32848,96.05,859.35,76.55,0.469,4.200,0.374,banana,fresh
33214483,32849,96.00,859.30,76.55,0.469,4.200,0.374,banana,fresh
33215495,32850,96.00,859.60,76.45,0.469,4.201,0.374,banana,fresh
33216505,32851,96.00,859.50,76.60,0.469,4.201,0.374,banana,fresh
33217517,32852,96.05,859.20,76.55,0.469,4.199,0.374,banana,fresh
33218528,32853,96.00,859.45,76.55,0.469,4.201,0.374,banana,fresh
33219539,32854,96.05,859.40,76.35,0.469,4.200,0.373,banana,fresh
33220550,32855,96.00,859.50,76.65,0.469,4.201,0.375,banana,fresh
33221561,32856,96.00,859.55,76.65,0.469,4.201,0.375,banana,fresh
33222573,32857,96.00,859.45,76.70,0.469,4.201,0.375,banana,fresh
33223583,32858,96.00,859.50,76.80,0.469,4.201,0.375,banana,fresh
33224595,32859,96.00,859.55,76.60,0.469,4.201,0.374,banana,fresh
33225606,32860,96.00,859.60,76.65,0.469,4.201,0.375,banana,fresh
33226617,32861,96.05,859.35,76.55,0.469,4.200,0.374,banana,fresh
33227628,32862,96.00,859.50,76.75,0.469,4.201,0.375,banana,fresh
33228639,32863,96.00,859.35,76.55,0.469,4.200,0.374,banana,fresh
33229650,32864,96.00,859.45,76.70,0.469,4.201,0.375,banana,fresh
33230661,32865,95.95,859.55,76.70,0.469,4.201,0.375,banana,fresh
33231673,32866,95.95,859.55,76.65,0.469,4.201,0.375,banana,fresh
33232684,32867,95.95,859.55,76.55,0.469,4.201,0.374,banana,fresh
33233695,32868,96.00,859.25,76.55,0.469,4.200,0.374,banana,fresh
33234706,32869,96.00,859.60,76.75,0.469,4.201,0.375,banana,fresh
33235717,32870,96.00,859.75,76.45,0.469,4.202,0.374,banana,fresh
33236728,32871,96.00,859.65,76.60,0.469,4.202,0.374,banana,fresh
33237739,32872,96.00,859.25,76.60,0.469,4.200,0.374,banana,fresh
33238751,32873,96.00,859.55,76.65,0.469,4.201,0.375,banana,fresh
33239761,32874,96.00,859.45,76.75,0.469,4.201,0.375,banana,fresh
33240772,32875,96.00,859.50,76.70,0.469,4.201,0.375,banana,fresh
33241784,32876,96.00,859.35,76.55,0.469,4.200,0.374,banana,fresh
33242795,32877,96.00,859.40,76.50,0.469,4.200,0.374,banana,fresh
33243806,32878,95.95,859.45,76.75,0.469,4.201,0.375,banana,fresh
33244817,32879,96.00,859.60,76.95,0.469,4.201,0.376,banana,fresh
33245829,32880,96.00,859.70,76.70,0.469,4.202,0.375,banana,fresh
33246839,32881,96.10,859.55,76.85,0.470,4.201,0.376,banana,fresh
33247850,32882,96.00,859.40,76.60,0.469,4.200,0.374,banana,fresh
33248862,32883,96.00,859.55,76.80,0.469,4.201,0.375,banana,fresh
33249872,32884,96.00,859.55,76.65,0.469,4.201,0.375,banana,fresh
33250884,32885,96.00,859.60,76.75,0.469,4.201,0.375,banana,fresh
33251895,32886,96.00,859.30,76.65,0.469,4.200,0.375,banana,fresh
33252907,32887,95.90,859.40,76.75,0.469,4.200,0.375,banana,fresh
33253917,32888,96.00,859.65,76.75,0.469,4.202,0.375,banana,fresh
33254928,32889,96.00,859.30,76.80,0.469,4.200,0.375,banana,fresh
33255940,32890,96.00,859.55,76.75,0.469,4.201,0.375,banana,fresh
33256950,32891,96.00,859.60,76.75,0.469,4.201,0.375,banana,fresh
33257962,32892,96.00,859.55,76.75,0.469,4.201,0.375,banana,fresh
33258973,32893,96.05,859.50,76.65,0.469,4.201,0.375,banana,fresh
33259984,32894,96.00,859.50,76.70,0.469,4.201,0.375,banana,fresh
33260995,32895,96.05,859.40,76.65,0.469,4.200,0.375,banana,fresh
33262006,32896,96.00,859.60,76.90,0.469,4.201,0.376,banana,fresh
33263017,32897,96.00,859.60,76.80,0.469,4.201,0.375,banana,fresh
33264028,32898,96.05,859.40,76.65,0.469,4.200,0.375,banana,fresh
33265040,32899,96.00,859.55,76.75,0.469,4.201,0.375,banana,fresh
33266051,32900,96.00,859.35,76.80,0.469,4.200,0.375,banana,fresh
33267062,32901,96.00,859.55,76.80,0.469,4.201,0.375,banana,fresh
33268073,32902,96.00,859.55,76.50,0.469,4.201,0.374,banana,fresh
33269084,32903,96.00,859.45,76.90,0.469,4.201,0.376,banana,fresh
33270095,32904,96.05,859.40,76.70,0.469,4.200,0.375,banana,fresh
33271106,32905,96.00,859.40,76.70,0.469,4.200,0.375,banana,fresh
33272118,32906,96.05,859.45,76.55,0.469,4.201,0.374,banana,fresh
33273128,32907,95.95,859.40,76.85,0.469,4.200,0.376,banana,fresh
33274139,32908,96.00,859.40,76.70,0.469,4.200,0.375,banana,fresh
33275151,32909,95.95,859.50,76.65,0.469,4.201,0.375,banana,fresh
33276162,32910,96.00,859.55,76.65,0.469,4.201,0.375,banana,fresh
33277173,32911,96.10,859.50,76.50,0.470,4.201,0.374,banana,fresh
33278184,32912,95.95,859.45,76.70,0.469,4.201,0.375,banana,fresh
33279196,32913,96.00,859.50,76.95,0.469,4.201,0.376,banana,fresh
33280206,32914,96.00,859.45,76.80,0.469,4.201,0.375,banana,fresh
33281218,32915,96.00,859.35,76.80,0.469,4.200,0.375,banana,fresh
33282229,32916,96.10,859.60,76.65,0.470,4.201,0.375,banana,fresh
33283239,32917,96.05,859.55,76.70,0.469,4.201,0.375,banana,fresh
33284251,32918,96.05,859.20,76.75,0.469,4.199,0.375,banana,fresh
33285262,32919,96.00,859.40,76.70,0.469,4.200,0.375,banana,fresh
33286274,32920,96.00,859.40,76.70,0.469,4.200,0.375,banana,fresh
33287284,32921,96.00,859.35,76.70,0.469,4.200,0.375,banana,fresh
33288295,32922,96.00,859.50,76.75,0.469,4.201,0.375,banana,fresh
33289307,32923,96.00,859.55,76.80,0.469,4.201,0.375,banana,fresh
33290317,32924,96.00,859.60,76.90,0.469,4.201,0.376,banana,fresh
33291329,32925,96.00,859.55,76.80,0.469,4.201,0.375,banana,fresh
33292340,32926,95.95,859.65,76.90,0.469,4.202,0.376,banana,fresh
33293351,32927,96.05,859.50,76.80,0.469,4.201,0.375,banana,fresh
33294362,32928,96.00,859.50,76.90,0.469,4.201,0.376,banana,fresh
33295373,32929,96.05,859.55,76.90,0.469,4.201,0.376,banana,fresh
33296385,32930,96.00,859.45,76.95,0.469,4.201,0.376,banana,fresh
33297395,32931,96.10,859.55,76.70,0.470,4.201,0.375,banana,fresh
33298407,32932,96.00,859.55,76.90,0.469,4.201,0.376,banana,fresh
33299418,32933,96.05,859.60,76.90,0.469,4.201,0.376,banana,fresh
33300429,32934,96.00,859.65,76.90,0.469,4.202,0.376,banana,fresh
33301440,32935,96.00,859.65,77.00,0.469,4.202,0.376,banana,fresh
33302451,32936,96.00,859.70,76.85,0.469,4.202,0.376,banana,fresh
33303462,32937,96.05,859.65,76.65,0.469,4.202,0.375,banana,fresh
33304473,32938,96.05,859.65,76.70,0.469,4.202,0.375,banana,fresh
33305485,32939,96.00,859.80,76.85,0.469,4.202,0.376,banana,fresh
33306496,32940,96.05,859.70,77.00,0.469,4.202,0.376,banana,fresh
33307507,32941,96.05,859.60,77.00,0.469,4.201,0.376,banana,fresh
33308518,32942,96.05,859.75,76.90,0.469,4.202,0.376,banana,fresh
33309529,32943,96.05,859.60,76.90,0.469,4.201,0.376,banana,fresh
33310540,32944,96.00,859.60,76.90,0.469,4.201,0.376,banana,fresh
33311551,32945,96.00,859.60,76.90,0.469,4.201,0.376,banana,fresh
33312563,32946,96.00,859.85,76.75,0.469,4.203,0.375,banana,fresh
33313573,32947,96.10,859.75,76.90,0.470,4.202,0.376,banana,fresh
33314585,32948,96.05,859.70,76.75,0.469,4.202,0.375,banana,fresh
33315596,32949,96.00,859.75,76.90,0.469,4.202,0.376,banana,fresh
33316606,32950,96.05,859.45,76.95,0.469,4.201,0.376,banana,fresh
33317618,32951,96.00,859.40,76.90,0.469,4.200,0.376,banana,fresh
33318629,32952,96.05,859.60,76.90,0.469,4.201,0.376,banana,fresh
33319641,32953,96.00,859.55,77.00,0.469,4.201,0.376,banana,fresh
33320651,32954,96.00,859.65,76.90,0.469,4.202,0.376,banana,fresh
33321662,32955,96.00,859.75,76.90,0.469,4.202,0.376,banana,fresh
33322674,32956,96.05,859.60,76.95,0.469,4.201,0.376,banana,fresh
33323684,32957,96.05,859.45,76.90,0.469,4.201,0.376,banana,fresh
33324696,32958,96.00,859.70,77.00,0.469,4.202,0.376,banana,fresh
33325707,32959,96.15,859.70,76.95,0.470,4.202,0.376,banana,fresh
33326718,32960,96.00,859.65,76.80,0.469,4.202,0.375,banana,fresh
33327729,32961,96.05,859.60,76.85,0.469,4.201,0.376,banana,fresh
33328740,32962,96.00,859.60,76.80,0.469,4.201,0.375,banana,fresh
33329752,32963,96.05,859.70,76.90,0.469,4.202,0.376,banana,fresh
33330762,32964,96.10,859.60,76.95,0.470,4.201,0.376,banana,fresh
33331774,32965,96.05,859.70,76.95,0.469,4.202,0.376,banana,fresh
33332785,32966,96.00,859.65,76.95,0.469,4.202,0.376,banana,fresh
33333796,32967,96.05,859.65,76.85,0.469,4.202,0.376,banana,fresh
33334807,32968,96.05,859.65,76.90,0.469,4.202,0.376,banana,fresh
33335818,32969,96.05,859.40,76.90,0.469,4.200,0.376,banana,fresh
33336829,32970,96.10,859.65,77.00,0.470,4.202,0.376,banana,fresh
33337840,32971,96.00,859.50,76.80,0.469,4.201,0.375,banana,fresh
33338852,32972,96.05,859.70,76.90,0.469,4.202,0.376,banana,fresh
33339863,32973,96.00,859.45,76.80,0.469,4.201,0.375,banana,fresh
33340874,32974,96.10,859.70,77.00,0.470,4.202,0.376,banana,fresh
33341885,32975,96.00,859.80,77.00,0.469,4.202,0.376,banana,fresh
33342896,32976,96.10,859.60,76.90,0.470,4.201,0.376,banana,fresh
33343907,32977,96.05,859.60,76.95,0.469,4.201,0.376,banana,fresh
33344918,32978,96.10,859.65,76.95,0.470,4.202,0.376,banana,fresh
33345930,32979,96.00,859.80,76.85,0.469,4.202,0.376,banana,fresh
33346940,32980,96.05,859.65,76.95,0.469,4.202,0.376,banana,fresh
33347951,32981,96.05,859.80,76.90,0.469,4.202,0.376,banana,fresh
33348963,32982,96.05,859.85,76.95,0.469,4.203,0.376,banana,fresh
33349974,32983,96.00,859.70,76.95,0.469,4.202,0.376,banana,fresh
33350985,32984,96.05,859.80,77.00,0.469,4.202,0.376,banana,fresh
33351996,32985,96.00,859.85,77.00,0.469,4.203,0.376,banana,fresh
33353008,32986,96.00,859.80,76.95,0.469,4.202,0.376,banana,fresh
33354018,32987,96.00,859.80,77.00,0.469,4.202,0.376,banana,fresh
33355029,32988,96.05,859.85,76.95,0.469,4.203,0.376,banana,fresh
33356041,32989,96.00,859.80,76.90,0.469,4.202,0.376,banana,fresh
33357051,32990,96.05,859.70,76.85,0.469,4.202,0.376,banana,fresh
33358063,32991,96.00,859.90,77.00,0.469,4.203,0.376,banana,fresh
33359074,32992,96.05,859.75,76.90,0.469,4.202,0.376,banana,fresh
33360086,32993,96.00,859.90,76.80,0.469,4.203,0.375,banana,fresh
33361096,32994,96.00,859.85,77.00,0.469,4.203,0.376,banana,fresh
33362107,32995,96.05,859.95,76.95,0.469,4.203,0.376,banana,fresh
33363119,32996,96.00,859.85,76.95,0.469,4.203,0.376,banana,fresh
33364129,32997,96.00,859.75,76.95,0.469,4.202,0.376,banana,fresh
33365141,32998,96.05,859.80,77.00,0.469,4.202,0.376,banana,fresh
33366152,32999,96.05,859.90,76.95,0.469,4.203,0.376,banana,fresh
33367163,33000,96.10,859.85,76.95,0.470,4.203,0.376,banana,fresh
33368174,33001,96.05,859.85,76.90,0.469,4.203,0.376,banana,fresh
33369185,33002,96.05,859.95,76.90,0.469,4.203,0.376,banana,fresh
33370196,33003,96.05,859.80,76.85,0.469,4.202,0.376,banana,fresh
33371207,33004,96.00,859.90,76.90,0.469,4.203,0.376,banana,fresh
33372219,33005,96.00,859.95,77.00,0.469,4.203,0.376,banana,fresh
33373230,33006,96.00,859.80,76.90,0.469,4.202,0.376,banana,fresh
33374240,33007,96.00,859.85,76.95,0.469,4.203,0.376,banana,fresh
33375252,33008,96.00,859.80,77.00,0.469,4.202,0.376,banana,fresh
33376263,33009,96.00,859.95,76.95,0.469,4.203,0.376,banana,fresh
33377274,33010,96.00,860.00,76.95,0.469,4.203,0.376,banana,fresh
33378285,33011,96.10,859.75,77.00,0.470,4.202,0.376,banana,fresh
33379297,33012,96.00,859.85,76.90,0.469,4.203,0.376,banana,fresh
33380307,33013,96.00,859.95,77.00,0.469,4.203,0.376,banana,fresh
33381318,33014,96.05,859.95,77.00,0.469,4.203,0.376,banana,fresh
33382330,33015,96.00,860.00,76.90,0.469,4.203,0.376,banana,fresh
33383341,33016,96.00,859.95,77.00,0.469,4.203,0.376,banana,fresh
33384352,33017,96.00,859.90,77.00,0.469,4.203,0.376,banana,fresh
33385363,33018,96.00,859.90,76.95,0.469,4.203,0.376,banana,fresh
33386374,33019,96.00,859.75,77.00,0.469,4.202,0.376,banana,fresh
33387385,33020,96.00,859.90,77.00,0.469,4.203,0.376,banana,fresh
33388396,33021,96.00,860.00,76.95,0.469,4.203,0.376,banana,fresh
33389408,33022,96.00,859.90,77.00,0.469,4.203,0.376,banana,fresh
33390418,33023,95.95,860.00,76.85,0.469,4.203,0.376,banana,fresh
33391430,33024,96.00,859.90,76.90,0.469,4.203,0.376,banana,fresh
33392441,33025,96.00,859.95,76.95,0.469,4.203,0.376,banana,fresh
33393452,33026,96.00,859.95,77.00,0.469,4.203,0.376,banana,fresh
33394463,33027,96.05,859.85,76.95,0.469,4.203,0.376,banana,fresh
33395474,33028,96.05,859.95,76.90,0.469,4.203,0.376,banana,fresh
33396486,33029,96.00,859.95,76.95,0.469,4.203,0.376,banana,fresh
33397496,33030,96.00,859.95,76.90,0.469,4.203,0.376,banana,fresh
33398507,33031,96.00,859.90,76.95,0.469,4.203,0.376,banana,fresh
33399519,33032,96.05,859.90,77.00,0.469,4.203,0.376,banana,fresh
33400529,33033,96.00,859.95,76.95,0.469,4.203,0.376,banana,fresh
33401541,33034,96.00,859.95,76.90,0.469,4.203,0.376,banana,fresh
33402552,33035,96.00,859.90,76.90,0.469,4.203,0.376,banana,fresh
33403564,33036,95.95,859.90,77.00,0.469,4.203,0.376,banana,fresh
33404574,33037,96.00,859.85,76.90,0.469,4.203,0.376,banana,fresh
33405585,33038,96.00,859.80,77.00,0.469,4.202,0.376,banana,fresh
33406597,33039,95.95,859.95,76.90,0.469,4.203,0.376,banana,fresh
33407607,33040,96.05,859.80,76.90,0.469,4.202,0.376,banana,fresh
33408619,33041,95.95,859.75,76.85,0.469,4.202,0.376,banana,fresh
33409630,33042,96.00,859.90,76.80,0.469,4.203,0.375,banana,fresh
33410641,33043,96.00,859.90,77.00,0.469,4.203,0.376,banana,fresh
33411652,33044,96.00,859.80,76.95,0.469,4.202,0.376,banana,fresh
33412663,33045,96.00,859.95,76.95,0.469,4.203,0.376,banana,fresh
33413675,33046,96.00,859.85,76.95,0.469,4.203,0.376,banana,fresh
33414685,33047,96.00,859.85,77.00,0.469,4.203,0.376,banana,fresh
33415697,33048,96.00,859.75,76.95,0.469,4.202,0.376,banana,fresh
33416708,33049,95.95,859.90,77.00,0.469,4.203,0.376,banana,fresh
33417719,33050,96.00,859.95,77.00,0.469,4.203,0.376,banana,fresh
33418730,33051,95.95,859.85,76.90,0.469,4.203,0.376,banana,fresh
33419741,33052,95.95,859.80,76.95,0.469,4.202,0.376,banana,fresh
33420752,33053,96.00,859.85,76.85,0.469,4.203,0.376,banana,fresh
33421763,33054,96.00,859.90,76.90,0.469,4.203,0.376,banana,fresh
33422775,33055,96.00,859.65,76.85,0.469,4.202,0.376,banana,fresh
33423785,33056,96.05,859.75,76.80,0.469,4.202,0.375,banana,fresh
33424797,33057,95.95,859.60,76.85,0.469,4.201,0.376,banana,fresh
33425808,33058,95.95,859.75,76.85,0.469,4.202,0.376,banana,fresh
33426819,33059,96.00,859.85,76.95,0.469,4.203,0.376,banana,fresh
33427830,33060,96.00,859.80,76.95,0.469,4.202,0.376,banana,fresh
33428841,33061,95.90,859.55,76.95,0.469,4.201,0.376,banana,fresh
33429853,33062,96.00,859.65,76.90,0.469,4.202,0.376,banana,fresh
33430863,33063,95.95,859.50,76.95,0.469,4.201,0.376,banana,fresh
33431875,33064,96.00,859.85,76.80,0.469,4.203,0.375,banana,fresh
33432886,33065,95.95,859.55,76.95,0.469,4.201,0.376,banana,fresh
33433896,33066,95.90,859.80,76.85,0.469,4.202,0.376,banana,fresh
33434908,33067,96.00,859.60,76.90,0.469,4.201,0.376,banana,fresh
33435919,33068,95.95,859.70,76.95,0.469,4.202,0.376,banana,fresh
33436931,33069,96.00,859.65,76.90,0.469,4.202,0.376,banana,fresh
33437941,33070,95.95,859.40,76.95,0.469,4.200,0.376,banana,fresh
33438953,33071,96.00,859.60,76.95,0.469,4.201,0.376,banana,fresh
33439964,33072,96.00,859.55,76.85,0.469,4.201,0.376,banana,fresh
33440974,33073,95.95,859.60,76.90,0.469,4.201,0.376,banana,fresh
33441986,33074,95.90,859.60,76.75,0.469,4.201,0.375,banana,fresh
33442997,33075,96.05,859.75,76.70,0.469,4.202,0.375,banana,fresh
33444008,33076,96.00,859.50,76.80,0.469,4.201,0.375,banana,fresh
33445019,33077,96.00,859.60,76.80,0.469,4.201,0.375,banana,fresh
33446031,33078,96.05,859.75,76.85,0.469,4.202,0.376,banana,fresh
33447042,33079,96.00,859.70,76.85,0.469,4.202,0.376,banana,fresh
33448052,33080,96.00,859.50,76.80,0.469,4.201,0.375,banana,fresh
33449064,33081,96.00,859.60,76.85,0.469,4.201,0.376,banana,fresh
33450075,33082,95.95,859.50,77.00,0.469,4.201,0.376,banana,fresh
33451086,33083,96.00,859.40,76.95,0.469,4.200,0.376,banana,fresh
33452097,33084,96.00,859.50,76.90,0.469,4.201,0.376,banana,fresh
33453109,33085,96.00,859.55,76.85,0.469,4.201,0.376,banana,fresh
33454119,33086,95.95,859.50,76.95,0.469,4.201,0.376,banana,fresh
33455130,33087,95.95,859.60,76.75,0.469,4.201,0.375,banana,fresh
33456142,33088,95.95,859.40,76.85,0.469,4.200,0.376,banana,fresh
33457153,33089,95.95,859.55,76.80,0.469,4.201,0.375,banana,fresh
33458164,33090,95.90,859.60,76.75,0.469,4.201,0.375,banana,fresh
33459175,33091,95.95,859.35,76.70,0.469,4.200,0.375,banana,fresh
33460187,33092,96.00,859.30,76.80,0.469,4.200,0.375,banana,fresh
33461197,33093,96.00,859.60,76.65,0.469,4.201,0.375,banana,fresh
33462208,33094,96.00,859.55,76.85,0.469,4.201,0.376,banana,fresh
33463220,33095,95.95,859.70,76.80,0.469,4.202,0.375,banana,fresh
33464230,33096,96.00,859.40,76.80,0.469,4.200,0.375,banana,fresh
33465242,33097,96.00,859.50,76.60,0.469,4.201,0.374,banana,fresh
33466253,33098,95.95,859.40,76.80,0.469,4.200,0.375,banana,fresh
33467265,33099,95.95,859.15,76.75,0.469,4.199,0.375,banana,fresh
33468275,33100,95.95,859.35,76.75,0.469,4.200,0.375,banana,fresh
33469286,33101,96.00,859.50,76.70,0.469,4.201,0.375,banana,fresh
33470298,33102,95.90,859.35,76.60,0.469,4.200,0.374,banana,fresh
33471308,33103,96.00,859.45,76.80,0.469,4.201,0.375,banana,fresh
33472320,33104,96.00,859.40,76.75,0.469,4.200,0.375,banana,fresh
33473331,33105,96.00,859.20,76.75,0.469,4.199,0.375,banana,fresh
33474342,33106,95.90,859.45,76.80,0.469,4.201,0.375,banana,fresh
33475353,33107,95.95,859.35,76.75,0.469,4.200,0.375,banana,fresh
33476364,33108,96.00,859.40,76.80,0.469,4.200,0.375,banana,fresh
33477376,33109,96.00,859.40,76.60,0.469,4.200,0.374,banana,fresh
33478386,33110,95.85,859.20,76.65,0.468,4.199,0.375,banana,fresh
33479398,33111,95.90,859.50,76.50,0.469,4.201,0.374,banana,fresh
33480409,33112,96.00,859.30,76.75,0.469,4.200,0.375,banana,fresh
33481419,33113,95.85,859.30,76.70,0.468,4.200,0.375,banana,fresh
33482431,33114,95.90,859.45,76.60,0.469,4.201,0.374,banana,fresh
33483442,33115,96.00,859.30,76.80,0.469,4.200,0.375,banana,fresh
33484453,33116,95.95,859.35,76.45,0.469,4.200,0.374,banana,fresh
33485464,33117,95.90,859.35,76.65,0.469,4.200,0.375,banana,fresh
33486476,33118,95.85,859.45,76.75,0.468,4.201,0.375,banana,fresh
33487486,33119,95.95,859.55,76.80,0.469,4.201,0.375,banana,fresh
33488497,33120,95.85,859.45,76.50,0.468,4.201,0.374,banana,fresh
33489509,33121,95.85,859.45,76.65,0.468,4.201,0.375,banana,fresh
33490520,33122,95.85,859.00,76.75,0.468,4.198,0.375,banana,fresh
33491531,33123,95.85,859.35,76.55,0.468,4.200,0.374,banana,fresh
33492542,33124,95.95,859.30,76.70,0.469,4.200,0.375,banana,fresh
33493554,33125,95.95,859.30,76.70,0.469,4.200,0.375,banana,fresh
33494564,33126,95.85,859.35,76.60,0.468,4.200,0.374,banana,fresh
33495575,33127,95.90,859.40,76.65,0.469,4.200,0.375,banana,fresh
33496587,33128,96.00,859.20,76.50,0.469,4.199,0.374,banana,fresh
33497597,33129,95.95,859.35,76.55,0.469,4.200,0.374,banana,fresh
33498609,33130,95.85,859.35,76.65,0.468,4.200,0.375,banana,fresh
33499620,33131,95.80,859.20,76.65,0.468,4.199,0.375,banana,fresh
33500632,33132,95.95,859.40,76.50,0.469,4.200,0.374,banana,fresh
33501642,33133,95.95,859.25,76.60,0.469,4.200,0.374,banana,fresh
33502654,33134,95.95,859.25,76.60,0.469,4.200,0.374,banana,fresh
33503665,33135,95.85,859.40,76.55,0.468,4.200,0.374,banana,fresh
33504675,33136,95.85,859.20,76.60,0.468,4.199,0.374,banana,fresh
33505687,33137,95.90,859.20,76.55,0.469,4.199,0.374,banana,fresh
33506698,33138,95.85,859.25,76.50,0.468,4.200,0.374,banana,fresh
33507709,33139,95.95,859.10,76.70,0.469,4.199,0.375,banana,fresh
33508720,33140,95.75,859.20,76.45,0.468,4.199,0.374,banana,fresh
33509732,33141,95.90,859.10,76.45,0.469,4.199,0.374,banana,fresh
33510743,33142,95.80,859.30,76.45,0.468,4.200,0.374,banana,fresh
33511753,33143,95.90,859.25,76.50,0.469,4.200,0.374,banana,fresh
33512765,33144,95.80,859.15,76.65,0.468,4.199,0.375,banana,fresh
33513776,33145,95.80,859.30,76.70,0.468,4.200,0.375,banana,fresh
33514787,33146,95.95,859.20,76.45,0.469,4.199,0.374,banana,fresh
33515798,33147,95.80,859.20,76.45,0.468,4.199,0.374,banana,fresh
33516810,33148,95.80,859.20,76.65,0.468,4.199,0.375,banana,fresh
33517820,33149,95.80,859.20,76.50,0.468,4.199,0.374,banana,fresh
33518831,33150,95.85,859.25,76.55,0.468,4.200,0.374,banana,fresh
33519843,33151,95.90,859.25,76.55,0.469,4.200,0.374,banana,fresh
33520854,33152,95.75,859.15,76.60,0.468,4.199,0.374,banana,fresh
33521865,33153,95.80,859.15,76.35,0.468,4.199,0.373,banana,fresh
33522876,33154,95.65,859.25,76.60,0.467,4.200,0.374,banana,fresh
33523888,33155,95.70,859.20,76.25,0.468,4.199,0.373,banana,fresh
33524898,33156,95.70,859.15,76.70,0.468,4.199,0.375,banana,fresh
33525910,33157,96.00,859.10,76.35,0.469,4.199,0.373,banana,fresh
33526921,33158,95.85,859.20,76.55,0.468,4.199,0.374,banana,fresh
33527931,33159,95.80,859.10,76.45,0.468,4.199,0.374,banana,fresh
33528943,33160,95.70,859.05,76.35,0.468,4.199,0.373,banana,fresh
33529954,33161,95.80,859.10,76.40,0.468,4.199,0.373,banana,fresh
33530966,33162,95.95,859.10,76.30,0.469,4.199,0.373,banana,fresh
33531976,33163,95.90,859.05,76.45,0.469,4.199,0.374,banana,fresh
33532988,33164,95.60,859.05,76.55,0.467,4.199,0.374,banana,fresh
33533999,33165,95.75,859.20,76.10,0.468,4.199,0.372,banana,fresh
33535010,33166,95.80,859.00,76.65,0.468,4.198,0.375,banana,fresh
33536021,33167,95.60,859.20,76.45,0.467,4.199,0.374,banana,fresh
33537032,33168,95.60,859.00,76.40,0.467,4.198,0.373,banana,fresh
33538043,33169,95.75,859.05,76.30,0.468,4.199,0.373,banana,fresh
33539054,33170,95.55,859.10,76.40,0.467,4.199,0.373,banana,fresh
33540066,33171,95.70,859.10,76.20,0.468,4.199,0.372,banana,fresh
33541076,33172,95.85,859.15,76.55,0.468,4.199,0.374,banana,fresh
33542088,33173,95.60,859.00,76.30,0.467,4.198,0.373,banana,fresh
33543099,33174,95.70,859.05,76.55,0.468,4.199,0.374,banana,fresh
33544110,33175,95.65,859.15,76.40,0.467,4.199,0.373,banana,fresh
33545121,33176,95.65,859.15,76.45,0.467,4.199,0.374,banana,fresh
33546132,33177,95.65,859.05,76.40,0.467,4.199,0.373,banana,fresh
33547144,33178,95.75,859.15,76.25,0.468,4.199,0.373,banana,fresh
33548154,33179,95.60,859.00,76.50,0.467,4.198,0.374,banana,fresh
33549166,33180,95.45,859.10,76.35,0.467,4.199,0.373,banana,fresh
33550177,33181,95.60,859.10,76.40,0.467,4.199,0.373,banana,fresh
33551188,33182,95.70,859.05,76.30,0.468,4.199,0.373,banana,fresh
33552199,33183,95.75,859.05,76.25,0.468,4.199,0.373,banana,fresh
33553210,33184,95.60,859.15,76.40,0.467,4.199,0.373,banana,fresh
33554222,33185,95.60,859.25,76.45,0.467,4.200,0.374,banana,fresh
33555232,33186,95.65,859.15,76.30,0.467,4.199,0.373,banana,fresh
33556244,33187,95.45,859.10,76.35,0.467,4.199,0.373,banana,fresh
33557255,33188,95.65,859.10,76.70,0.467,4.199,0.375,banana,fresh
33558266,33189,95.75,859.10,76.40,0.468,4.199,0.373,banana,fresh
33559277,33190,95.80,859.10,76.55,0.468,4.199,0.374,banana,fresh
33560288,33191,95.60,859.15,76.30,0.467,4.199,0.373,banana,fresh
33561299,33192,95.70,859.20,76.20,0.468,4.199,0.372,banana,fresh
33562310,33193,95.60,859.30,76.50,0.467,4.200,0.374,banana,fresh
33563322,33194,95.60,859.20,76.55,0.467,4.199,0.374,banana,fresh
33564333,33195,95.60,859.25,76.55,0.467,4.200,0.374,banana,fresh
33565344,33196,95.50,859.10,76.40,0.467,4.199,0.373,banana,fresh
33566355,33197,95.60,859.10,76.35,0.467,4.199,0.373,banana,fresh
33567367,33198,95.55,859.20,76.60,0.467,4.199,0.374,banana,fresh
33568377,33199,95.60,859.05,76.40,0.467,4.199,0.373,banana,fresh
33569388,33200,95.60,859.05,76.45,0.467,4.199,0.374,banana,fresh
33570400,33201,95.60,859.20,76.35,0.467,4.199,0.373,banana,fresh
33571410,33202,95.75,859.05,76.60,0.468,4.199,0.374,banana,fresh
33572422,33203,95.55,859.05,76.20,0.467,4.199,0.372,banana,fresh
33573433,33204,95.55,859.10,76.45,0.467,4.199,0.374,banana,fresh
33574445,33205,95.70,859.00,76.55,0.468,4.198,0.374,banana,fresh
33575455,33206,95.50,859.05,76.25,0.467,4.199,0.373,banana,fresh
33576466,33207,95.40,859.00,76.40,0.466,4.198,0.373,banana,fresh
33577478,33208,95.35,859.15,76.30,0.466,4.199,0.373,banana,fresh
33578488,33209,95.50,859.00,76.45,0.467,4.198,0.374,banana,fresh
33579500,33210,95.50,859.10,76.60,0.467,4.199,0.374,banana,fresh
33580511,33211,95.60,859.20,76.45,0.467,4.199,0.374,banana,fresh
33581522,33212,95.70,859.05,76.30,0.468,4.199,0.373,banana,fresh
33582533,33213,95.60,859.20,76.35,0.467,4.199,0.373,banana,fresh
33583545,33214,95.55,859.05,76.30,0.467,4.199,0.373,banana,fresh
33584556,33215,95.55,859.05,76.25,0.467,4.199,0.373,banana,fresh
33585566,33216,95.70,859.05,76.30,0.468,4.199,0.373,banana,fresh
33586578,33217,95.50,859.00,76.25,0.467,4.198,0.373,banana,fresh
33587589,33218,95.60,859.10,76.55,0.467,4.199,0.374,banana,fresh
33588600,33219,95.40,859.05,76.25,0.466,4.199,0.373,banana,fresh
33589611,33220,95.45,859.10,76.20,0.467,4.199,0.372,banana,fresh
33590623,33221,95.50,859.05,76.35,0.467,4.199,0.373,banana,fresh
33591633,33222,95.50,859.05,76.45,0.467,4.199,0.374,banana,fresh
33592644,33223,95.50,859.05,76.20,0.467,4.199,0.372,banana,fresh
33593656,33224,95.55,859.00,76.20,0.467,4.198,0.372,banana,fresh
33594667,33225,95.30,859.05,76.20,0.466,4.199,0.372,banana,fresh
33595678,33226,95.40,859.05,76.20,0.466,4.199,0.372,banana,fresh
33596689,33227,95.60,859.00,76.20,0.467,4.198,0.372,banana,fresh
33597701,33228,95.55,859.10,76.25,0.467,4.199,0.373,banana,fresh
33598711,33229,95.35,859.00,76.25,0.466,4.198,0.373,banana,fresh
33599722,33230,95.30,859.00,76.25,0.466,4.198,0.373,banana,fresh
33600734,33231,95.35,859.05,76.25,0.466,4.199,0.373,banana,fresh
33601744,33232,95.65,859.00,76.10,0.467,4.198,0.372,banana,fresh
33602756,33233,95.35,859.00,76.25,0.466,4.198,0.373,banana,fresh
33603767,33234,95.45,859.05,76.25,0.467,4.199,0.373,banana,fresh
33604779,33235,95.45,859.10,76.35,0.467,4.199,0.373,banana,fresh
33605789,33236,95.40,859.05,76.30,0.466,4.199,0.373,banana,fresh
33606801,33237,95.25,859.00,76.40,0.466,4.198,0.373,banana,fresh
33607812,33238,95.45,859.00,76.25,0.467,4.198,0.373,banana,fresh
33608822,33239,95.35,859.05,76.30,0.466,4.199,0.373,banana,fresh
33609834,33240,95.15,859.05,76.25,0.465,4.199,0.373,banana,fresh
33610845,33241,95.20,859.00,76.10,0.465,4.198,0.372,banana,fresh
33611856,33242,95.30,859.05,76.40,0.466,4.199,0.373,banana,fresh
33612867,33243,95.20,859.00,76.20,0.465,4.198,0.372,banana,fresh
33613879,33244,95.25,859.05,76.30,0.466,4.199,0.373,banana,fresh
33614889,33245,95.35,859.10,76.25,0.466,4.199,0.373,banana,fresh
33615900,33246,95.30,859.00,76.25,0.466,4.198,0.373,banana,fresh
33616912,33247,95.30,859.05,76.30,0.466,4.199,0.373,banana,fresh
33617923,33248,95.20,859.00,76.10,0.465,4.198,0.372,banana,fresh
33618934,33249,95.25,859.00,76.15,0.466,4.198,0.372,banana,fresh
33619945,33250,95.20,859.00,76.25,0.465,4.198,0.373,banana,fresh
33620957,33251,95.25,859.00,76.15,0.466,4.198,0.372,banana,fresh
33621967,33252,95.15,859.00,76.35,0.465,4.198,0.373,banana,fresh
33622978,33253,95.20,859.10,76.10,0.465,4.199,0.372,banana,fresh
33623990,33254,95.30,859.00,76.20,0.466,4.198,0.372,banana,fresh
33625000,33255,95.20,859.00,76.15,0.465,4.198,0.372,banana,fresh
33626012,33256,95.00,859.00,76.25,0.464,4.198,0.373,banana,fresh
33627023,33257,95.25,859.00,76.30,0.466,4.198,0.373,banana,fresh
33628035,33258,95.10,859.00,76.15,0.465,4.198,0.372,banana,fresh
33629045,33259,95.05,859.00,76.35,0.465,4.198,0.373,banana,fresh
33630057,33260,95.20,859.00,76.20,0.465,4.198,0.372,banana,fresh
33631068,33261,95.05,859.00,76.05,0.465,4.198,0.372,banana,fresh
33632078,33262,95.05,859.05,76.10,0.465,4.199,0.372,banana,fresh
33633090,33263,95.10,859.00,76.15,0.465,4.198,0.372,banana,fresh
33634101,33264,95.05,859.00,76.05,0.465,4.198,0.372,banana,fresh
33635112,33265,95.10,859.00,76.15,0.465,4.198,0.372,banana,fresh
33636123,33266,95.10,858.95,76.20,0.465,4.198,0.372,banana,fresh
33637135,33267,95.05,858.95,76.10,0.465,4.198,0.372,banana,fresh
33638146,33268,95.05,859.00,76.05,0.465,4.198,0.372,banana,fresh
33639156,33269,95.20,859.00,76.30,0.465,4.198,0.373,banana,fresh
33640168,33270,95.10,859.00,76.05,0.465,4.198,0.372,banana,fresh
33641179,33271,95.05,859.00,76.05,0.465,4.198,0.372,banana,fresh
33642190,33272,95.10,859.00,76.10,0.465,4.198,0.372,banana,fresh
33643201,33273,95.05,859.00,76.10,0.465,4.198,0.372,banana,fresh
33644213,33274,95.00,859.05,76.15,0.464,4.199,0.372,banana,fresh
33645223,33275,95.05,859.10,76.20,0.465,4.199,0.372,banana,fresh
33646234,33276,95.15,859.00,76.15,0.465,4.198,0.372,banana,fresh
33647246,33277,95.10,859.00,76.15,0.465,4.198,0.372,banana,fresh
33648257,33278,95.10,859.00,76.05,0.465,4.198,0.372,banana,fresh
33649268,33279,95.05,858.95,76.05,0.465,4.198,0.372,banana,fresh
33650279,33280,95.15,859.00,76.00,0.465,4.198,0.371,banana,fresh
33651291,33281,95.00,859.00,76.20,0.464,4.198,0.372,banana,fresh
33652301,33282,94.95,859.00,76.20,0.464,4.198,0.372,banana,fresh
33653312,33283,95.00,859.00,76.10,0.464,4.198,0.372,banana,fresh
33654324,33284,95.05,859.00,76.20,0.465,4.198,0.372,banana,fresh
33655334,33285,94.95,859.00,76.10,0.464,4.198,0.372,banana,fresh
33656346,33286,95.05,859.00,76.00,0.465,4.198,0.371,banana,fresh
33657357,33287,95.00,859.00,76.05,0.464,4.198,0.372,banana,fresh
33658369,33288,94.95,859.00,76.15,0.464,4.198,0.372,banana,fresh
33659379,33289,95.05,859.00,76.15,0.465,4.198,0.372,banana,fresh
33660390,33290,95.10,859.00,76.15,0.465,4.198,0.372,banana,fresh
33661402,33291,95.05,859.05,76.05,0.465,4.199,0.372,banana,fresh
33662412,33292,95.00,859.00,76.05,0.464,4.198,0.372,banana,fresh
33663424,33293,95.00,859.00,76.05,0.464,4.198,0.372,banana,fresh
33664435,33294,94.90,859.00,76.10,0.464,4.198,0.372,banana,fresh
33665446,33295,94.95,859.00,76.05,0.464,4.198,0.372,banana,fresh
33666457,33296,94.95,859.05,76.05,0.464,4.199,0.372,banana,fresh
33667468,33297,94.95,858.90,76.00,0.464,4.198,0.371,banana,fresh
33668480,33298,95.05,858.95,76.20,0.465,4.198,0.372,banana,fresh
33669490,33299,95.00,859.00,76.05,0.464,4.198,0.372,banana,fresh
33670502,33300,94.95,858.95,76.05,0.464,4.198,0.372,banana,fresh
33671513,33301,95.00,858.95,76.05,0.464,4.198,0.372,banana,fresh
33672524,33302,94.90,859.00,76.15,0.464,4.198,0.372,banana,fresh
33673535,33303,94.90,859.00,76.00,0.464,4.198,0.371,banana,fresh
33674546,33304,95.00,859.00,76.10,0.464,4.198,0.372,banana,fresh
33675557,33305,94.95,859.00,76.05,0.464,4.198,0.372,banana,fresh
33676568,33306,95.00,858.95,76.05,0.464,4.198,0.372,banana,fresh
33677580,33307,94.95,858.95,76.10,0.464,4.198,0.372,banana,fresh
33678590,33308,94.90,858.90,76.10,0.464,4.198,0.372,banana,fresh
33679602,33309,94.90,859.00,76.05,0.464,4.198,0.372,banana,fresh
33680613,33310,95.00,858.95,76.00,0.464,4.198,0.371,banana,fresh
33681624,33311,95.05,858.95,76.05,0.465,4.198,0.372,banana,fresh
33682635,33312,94.95,859.00,76.00,0.464,4.198,0.371,banana,fresh
33683646,33313,94.95,858.95,76.05,0.464,4.198,0.372,banana,fresh
33684658,33314,94.85,858.90,76.00,0.464,4.198,0.371,banana,fresh
33685668,33315,94.95,859.00,76.00,0.464,4.198,0.371,banana,fresh
33686680,33316,94.95,858.90,76.05,0.464,4.198,0.372,banana,fresh
33687691,33317,94.95,858.95,76.05,0.464,4.198,0.372,banana,fresh
33688701,33318,94.90,858.95,76.05,0.464,4.198,0.372,banana,fresh
33689713,33319,94.90,858.95,76.10,0.464,4.198,0.372,banana,fresh
33690724,33320,94.80,858.85,76.10,0.463,4.198,0.372,banana,fresh
33691736,33321,94.90,858.95,76.00,0.464,4.198,0.371,banana,fresh
33692746,33322,94.90,858.90,76.00,0.464,4.198,0.371,banana,fresh
33693758,33323,94.75,858.80,76.00,0.463,4.197,0.371,banana,fresh
33694769,33324,94.85,858.75,76.10,0.464,4.197,0.372,banana,fresh
33695779,33325,94.95,858.95,76.00,0.464,4.198,0.371,banana,fresh
33696791,33326,94.85,859.00,76.00,0.464,4.198,0.371,banana,fresh
33697802,33327,94.85,858.95,76.05,0.464,4.198,0.372,banana,fresh
33698813,33328,94.80,858.85,76.05,0.463,4.198,0.372,banana,fresh
33699824,33329,94.95,858.90,76.00,0.464,4.198,0.371,banana,fresh
33700836,33330,94.75,858.95,76.05,0.463,4.198,0.372,banana,fresh
33701847,33331,94.70,858.90,76.05,0.463,4.198,0.372,banana,fresh
33702857,33332,95.00,858.75,76.05,0.464,4.197,0.372,banana,fresh
33703869,33333,94.65,858.80,76.05,0.463,4.197,0.372,banana,fresh
33704880,33334,94.70,858.85,76.00,0.463,4.198,0.371,banana,fresh
33705891,33335,94.85,858.75,76.05,0.464,4.197,0.372,banana,fresh
33706902,33336,94.80,858.85,76.05,0.463,4.198,0.372,banana,fresh
33707914,33337,94.65,858.75,76.05,0.463,4.197,0.372,banana,fresh
33708924,33338,94.80,858.80,76.05,0.463,4.197,0.372,banana,fresh
33709936,33339,94.70,858.55,76.00,0.463,4.196,0.371,banana,fresh
33710947,33340,94.85,858.45,76.00,0.464,4.196,0.371,banana,fresh
33711958,33341,94.65,858.70,76.00,0.463,4.197,0.371,banana,fresh
33712969,33342,94.80,858.70,75.95,0.463,4.197,0.371,banana,fresh
33713980,33343,94.50,858.60,76.05,0.462,4.196,0.372,banana,fresh
33714992,33344,94.65,858.40,76.00,0.463,4.196,0.371,banana,fresh
33716002,33345,94.65,858.60,76.05,0.463,4.196,0.372,banana,fresh
33717014,33346,94.80,858.55,76.05,0.463,4.196,0.372,banana,fresh
33718025,33347,94.55,858.45,76.00,0.462,4.196,0.371,banana,fresh
33719035,33348,94.70,858.55,76.00,0.463,4.196,0.371,banana,fresh
33720047,33349,94.55,858.55,75.95,0.462,4.196,0.371,banana,fresh
33721058,33350,94.50,858.55,76.00,0.462,4.196,0.371,banana,fresh
33722070,33351,94.50,858.25,76.00,0.462,4.195,0.371,banana,fresh
33723080,33352,94.40,858.45,76.00,0.461,4.196,0.371,banana,fresh
33724092,33353,94.55,858.40,76.00,0.462,4.196,0.371,banana,fresh
33725103,33354,94.55,858.55,76.00,0.462,4.196,0.371,banana,fresh
33726113,33355,94.30,858.45,75.95,0.461,4.196,0.371,banana,fresh
33727125,33356,94.35,858.45,76.00,0.461,4.196,0.371,banana,fresh
33728136,33357,94.50,858.50,76.00,0.462,4.196,0.371,banana,fresh
33729147,33358,94.65,858.45,76.00,0.463,4.196,0.371,banana,fresh
33730158,33359,94.65,858.70,76.00,0.463,4.197,0.371,banana,fresh
33731170,33360,94.60,858.65,75.95,0.462,4.197,0.371,banana,fresh
33732180,33361,94.50,858.40,75.90,0.462,4.196,0.371,banana,fresh
33733191,33362,94.50,858.60,75.95,0.462,4.196,0.371,banana,fresh
33734203,33363,94.45,858.50,76.00,0.462,4.196,0.371,banana,fresh
33735214,33364,94.30,858.40,76.00,0.461,4.196,0.371,banana,fresh
33736225,33365,94.35,858.55,76.00,0.461,4.196,0.371,banana,fresh
33737236,33366,94.55,858.40,75.95,0.462,4.196,0.371,banana,fresh
33738248,33367,94.45,858.35,75.95,0.462,4.195,0.371,banana,fresh
33739258,33368,94.40,858.30,76.05,0.461,4.195,0.372,banana,fresh
33740269,33369,94.55,858.50,76.00,0.462,4.196,0.371,banana,fresh
33741281,33370,94.20,858.40,76.00,0.460,4.196,0.371,banana,fresh
33742291,33371,94.35,858.30,76.00,0.461,4.195,0.371,banana,fresh
33743303,33372,94.25,858.35,76.00,0.461,4.195,0.371,banana,fresh
33744314,33373,94.30,858.30,76.00,0.461,4.195,0.371,banana,fresh
33745326,33374,94.55,858.35,76.00,0.462,4.195,0.371,banana,fresh
33746336,33375,94.30,858.45,75.95,0.461,4.196,0.371,banana,fresh
33747348,33376,94.30,858.30,75.95,0.461,4.195,0.371,banana,fresh
33748359,33377,94.30,858.40,76.00,0.461,4.196,0.371,banana,fresh
33749369,33378,94.20,858.30,75.95,0.460,4.195,0.371,banana,fresh
33750381,33379,94.30,858.30,75.95,0.461,4.195,0.371,banana,fresh
33751392,33380,94.15,858.25,75.95,0.460,4.195,0.371,banana,fresh
33752403,33381,94.30,858.35,75.95,0.461,4.195,0.371,banana,fresh
33753414,33382,94.25,858.15,76.00,0.461,4.194,0.371,banana,fresh
33754426,33383,94.20,858.10,76.00,0.460,4.194,0.371,banana,fresh
33755437,33384,94.35,858.10,75.90,0.461,4.194,0.371,banana,fresh
33756447,33385,94.25,858.30,75.90,0.461,4.195,0.371,banana,fresh
33757459,33386,94.35,858.05,75.95,0.461,4.194,0.371,banana,fresh
33758470,33387,94.25,858.20,76.00,0.461,4.195,0.371,banana,fresh
33759481,33388,94.20,858.25,76.05,0.460,4.195,0.372,banana,fresh
33760492,33389,94.30,858.15,76.00,0.461,4.194,0.371,banana,fresh
33761504,33390,94.15,858.10,75.90,0.460,4.194,0.371,banana,fresh
33762514,33391,94.05,858.15,76.00,0.460,4.194,0.371,banana,fresh
33763525,33392,94.20,858.25,75.95,0.460,4.195,0.371,banana,fresh
33764537,33393,94.20,858.15,75.90,0.460,4.194,0.371,banana,fresh
33765548,33394,94.20,858.15,75.90,0.460,4.194,0.371,banana,fresh
33766559,33395,94.10,858.00,76.00,0.460,4.194,0.371,banana,fresh
33767570,33396,94.15,858.15,75.90,0.460,4.194,0.371,banana,fresh
33768582,33397,94.25,858.10,75.95,0.461,4.194,0.371,banana,fresh
33769592,33398,94.20,858.00,76.00,0.460,4.194,0.371,banana,fresh
33770603,33399,94.00,858.20,75.90,0.459,4.195,0.371,banana,fresh
33771615,33400,94.20,858.20,75.90,0.460,4.195,0.371,banana,fresh
33772625,33401,94.15,858.30,75.80,0.460,4.195,0.370,banana,fresh
33773637,33402,94.05,858.10,75.95,0.460,4.194,0.371,banana,fresh
33774648,33403,94.00,858.00,76.00,0.459,4.194,0.371,banana,fresh
33775660,33404,94.15,858.10,75.75,0.460,4.194,0.370,banana,fresh
33776670,33405,94.20,858.15,75.80,0.460,4.194,0.370,banana,fresh
33777681,33406,94.00,858.15,75.95,0.459,4.194,0.371,banana,fresh
33778693,33407,94.05,858.05,75.80,0.460,4.194,0.370,banana,fresh
33779703,33408,94.15,858.00,75.80,0.460,4.194,0.370,banana,fresh
33780715,33409,94.15,858.05,75.80,0.460,4.194,0.370,banana,fresh
33781726,33410,94.00,858.00,75.90,0.459,4.194,0.371,banana,fresh
33782737,33411,94.05,858.00,75.75,0.460,4.194,0.370,banana,fresh
33783748,33412,94.00,858.10,75.85,0.459,4.194,0.371,banana,fresh
33784759,33413,94.10,858.10,75.80,0.460,4.194,0.370,banana,fresh
33785771,33414,94.00,858.10,75.85,0.459,4.194,0.371,banana,fresh
33786781,33415,94.00,858.00,75.85,0.459,4.194,0.371,banana,fresh
33787793,33416,94.15,858.10,75.60,0.460,4.194,0.370,banana,fresh
33788804,33417,94.00,858.10,75.90,0.459,4.194,0.371,banana,fresh
33789815,33418,94.00,858.00,75.70,0.459,4.194,0.370,banana,fresh
33790826,33419,94.00,858.05,75.80,0.459,4.194,0.370,banana,fresh
33791837,33420,94.05,858.00,75.75,0.460,4.194,0.370,banana,fresh
33792848,33421,94.20,858.00,75.80,0.460,4.194,0.370,banana,fresh
33793859,33422,94.05,858.00,75.75,0.460,4.194,0.370,banana,fresh
33794871,33423,94.10,858.00,75.85,0.460,4.194,0.371,banana,fresh
33795881,33424,94.00,858.15,75.90,0.459,4.194,0.371,banana,fresh
33796893,33425,94.00,858.05,75.80,0.459,4.194,0.370,banana,fresh
33797904,33426,94.00,858.00,75.75,0.459,4.194,0.370,banana,fresh
33798915,33427,94.00,858.00,75.70,0.459,4.194,0.370,banana,fresh
33799926,33428,94.05,858.10,75.75,0.460,4.194,0.370,banana,fresh
33800937,33429,94.00,858.10,75.90,0.459,4.194,0.371,banana,fresh
33801949,33430,94.00,858.10,75.70,0.459,4.194,0.370,banana,fresh
33802959,33431,94.00,858.10,75.75,0.459,4.194,0.370,banana,fresh
33803970,33432,94.00,858.10,75.60,0.459,4.194,0.370,banana,fresh
33804982,33433,94.00,858.05,75.75,0.459,4.194,0.370,banana,fresh
33805992,33434,93.95,858.00,75.80,0.459,4.194,0.370,banana,fresh
33807004,33435,93.95,858.00,75.65,0.459,4.194,0.370,banana,fresh
33808015,33436,94.05,858.05,75.70,0.460,4.194,0.370,banana,fresh
33809027,33437,94.05,858.00,75.65,0.460,4.194,0.370,banana,fresh
33810037,33438,94.05,858.00,75.55,0.460,4.194,0.369,banana,fresh
33811048,33439,93.95,858.00,75.55,0.459,4.194,0.369,banana,fresh
33812060,33440,94.05,858.05,75.45,0.460,4.194,0.369,banana,fresh
33813070,33441,94.05,858.05,75.60,0.460,4.194,0.370,banana,fresh
33814082,33442,94.00,858.00,75.70,0.459,4.194,0.370,banana,fresh
33815093,33443,94.00,858.00,75.85,0.459,4.194,0.371,banana,fresh
33816104,33444,94.00,858.00,75.55,0.459,4.194,0.369,banana,fresh
33817115,33445,94.00,858.00,75.65,0.459,4.194,0.370,banana,fresh
33818126,33446,94.05,858.00,75.65,0.460,4.194,0.370,banana,fresh
33819138,33447,93.95,858.00,75.60,0.459,4.194,0.370,banana,fresh
33820148,33448,93.95,858.00,75.50,0.459,4.194,0.369,banana,fresh
33821160,33449,93.95,858.00,75.55,0.459,4.194,0.369,banana,fresh
33822171,33450,94.00,858.00,75.50,0.459,4.194,0.369,banana,fresh
33823182,33451,94.05,858.05,75.40,0.460,4.194,0.369,banana,fresh
33824193,33452,93.90,858.00,75.50,0.459,4.194,0.369,banana,fresh
33825204,33453,93.95,858.00,75.65,0.459,4.194,0.370,banana,fresh
33826215,33454,93.95,858.00,75.40,0.459,4.194,0.369,banana,fresh
33827226,33455,93.85,858.00,75.50,0.459,4.194,0.369,banana,fresh
33828238,33456,94.00,858.00,75.55,0.459,4.194,0.369,banana,fresh
33829249,33457,93.85,858.00,75.30,0.459,4.194,0.368,banana,fresh
33830260,33458,93.95,857.95,75.45,0.459,4.193,0.369,banana,fresh
33831271,33459,94.00,858.05,75.25,0.459,4.194,0.368,banana,fresh
33832282,33460,93.95,858.00,75.40,0.459,4.194,0.369,banana,fresh
33833293,33461,93.95,858.00,75.20,0.459,4.194,0.368,banana,fresh
33834304,33462,93.95,858.00,75.35,0.459,4.194,0.368,banana,fresh
33835316,33463,93.85,858.00,75.10,0.459,4.194,0.367,banana,fresh
33836326,33464,94.00,858.00,75.30,0.459,4.194,0.368,banana,fresh
33837337,33465,94.00,857.95,75.35,0.459,4.193,0.368,banana,fresh
33838349,33466,93.90,858.00,75.20,0.459,4.194,0.368,banana,fresh
33839360,33467,93.90,858.00,75.20,0.459,4.194,0.368,banana,fresh
33840371,33468,94.00,857.95,75.25,0.459,4.193,0.368,banana,fresh
33841382,33469,93.95,858.05,75.10,0.459,4.194,0.367,banana,fresh
33842394,33470,94.00,858.00,75.15,0.459,4.194,0.367,banana,fresh
33843404,33471,93.95,858.05,75.40,0.459,4.194,0.369,banana,fresh
33844415,33472,93.95,858.00,75.10,0.459,4.194,0.367,banana,fresh
33845427,33473,93.85,858.00,75.20,0.459,4.194,0.368,banana,fresh
33846437,33474,93.80,858.00,75.25,0.458,4.194,0.368,banana,fresh
33847449,33475,93.95,858.00,75.15,0.459,4.194,0.367,banana,fresh
33848460,33476,93.85,858.00,75.20,0.459,4.194,0.368,banana,fresh
33849472,33477,93.90,858.00,75.15,0.459,4.194,0.367,banana,fresh
33850482,33478,93.85,858.00,75.10,0.459,4.194,0.367,banana,fresh
33851493,33479,93.90,858.05,75.30,0.459,4.194,0.368,banana,fresh
33852505,33480,93.80,858.00,75.10,0.458,4.194,0.367,banana,fresh
33853515,33481,93.65,858.00,75.15,0.458,4.194,0.367,banana,fresh
33854527,33482,93.75,857.95,75.10,0.458,4.193,0.367,banana,fresh
33855538,33483,93.85,858.00,75.10,0.459,4.194,0.367,banana,fresh
33856549,33484,93.90,858.00,75.20,0.459,4.194,0.368,banana,fresh
33857560,33485,93.80,858.00,75.15,0.458,4.194,0.367,banana,fresh
33858571,33486,93.75,857.95,75.15,0.458,4.193,0.367,banana,fresh
33859582,33487,93.75,858.00,75.20,0.458,4.194,0.368,banana,fresh
33860593,33488,93.70,858.00,75.05,0.458,4.194,0.367,banana,fresh
33861605,33489,93.75,858.00,75.15,0.458,4.194,0.367,banana,fresh
33862616,33490,93.70,858.00,75.15,0.458,4.194,0.367,banana,fresh
33863627,33491,93.70,858.00,75.10,0.458,4.194,0.367,banana,fresh
33864638,33492,93.90,858.00,75.10,0.459,4.194,0.367,banana,fresh
33865650,33493,93.60,858.00,75.00,0.457,4.194,0.367,banana,fresh
33866660,33494,93.70,858.00,75.15,0.458,4.194,0.367,banana,fresh
33867671,33495,93.60,858.00,75.05,0.457,4.194,0.367,banana,fresh
33868683,33496,93.65,858.00,75.15,0.458,4.194,0.367,banana,fresh
33869693,33497,93.80,858.00,75.05,0.458,4.194,0.367,banana,fresh
33870705,33498,93.70,857.95,75.00,0.458,4.193,0.367,banana,fresh
33871716,33499,93.45,858.05,75.05,0.457,4.194,0.367,banana,fresh
33872728,33500,93.55,858.00,75.00,0.457,4.194,0.367,banana,fresh
33873738,33501,93.60,858.00,75.05,0.457,4.194,0.367,banana,fresh
33874749,33502,93.60,857.95,75.00,0.457,4.193,0.367,banana,fresh
33875761,33503,93.65,858.00,75.20,0.458,4.194,0.368,banana,fresh
33876771,33504,93.65,858.00,75.05,0.458,4.194,0.367,banana,fresh
33877783,33505,93.40,858.00,75.05,0.457,4.194,0.367,banana,fresh
33878794,33506,93.40,858.00,75.05,0.457,4.194,0.367,banana,fresh
33879805,33507,93.50,857.95,75.10,0.457,4.193,0.367,banana,fresh
33880816,33508,93.55,857.95,75.00,0.457,4.193,0.367,banana,fresh
33881827,33509,93.35,858.00,75.15,0.456,4.194,0.367,banana,fresh
33882839,33510,93.50,857.95,75.00,0.457,4.193,0.367,banana,fresh
33883849,33511,93.45,857.95,75.10,0.457,4.193,0.367,banana,fresh
33884861,33512,93.35,857.90,75.10,0.456,4.193,0.367,banana,fresh
33885872,33513,93.55,858.00,75.05,0.457,4.194,0.367,banana,fresh
33886883,33514,93.35,858.00,75.10,0.456,4.194,0.367,banana,fresh
33887894,33515,93.50,857.90,75.05,0.457,4.193,0.367,banana,fresh
33888905,33516,93.50,858.00,75.00,0.457,4.194,0.367,banana,fresh
33889916,33517,93.50,858.00,75.00,0.457,4.194,0.367,banana,fresh
33890927,33518,93.35,857.95,75.05,0.456,4.193,0.367,banana,fresh
33891939,33519,93.40,857.90,75.05,0.457,4.193,0.367,banana,fresh
33892950,33520,93.40,858.00,75.00,0.457,4.194,0.367,banana,fresh
33893961,33521,93.55,857.90,75.05,0.457,4.193,0.367,banana,fresh
33894972,33522,93.30,857.95,75.00,0.456,4.193,0.367,banana,fresh
33895983,33523,93.40,858.00,75.05,0.457,4.194,0.367,banana,fresh
33896994,33524,93.35,857.95,75.05,0.456,4.193,0.367,banana,fresh
33898005,33525,93.50,857.95,75.00,0.457,4.193,0.367,banana,fresh
33899017,33526,93.10,857.85,75.00,0.455,4.193,0.367,banana,fresh
33900027,33527,93.15,858.00,75.00,0.455,4.194,0.367,banana,fresh
33901039,33528,93.40,857.80,75.00,0.457,4.193,0.367,banana,fresh
33902050,33529,93.40,858.00,75.00,0.457,4.194,0.367,banana,fresh
33903060,33530,93.20,858.00,75.00,0.456,4.194,0.367,banana,fresh
33904072,33531,93.30,857.80,75.00,0.456,4.193,0.367,banana,fresh
33905083,33532,93.30,858.00,75.05,0.456,4.194,0.367,banana,fresh
33906095,33533,93.10,857.95,75.05,0.455,4.193,0.367,banana,fresh
33907105,33534,93.50,857.95,75.00,0.457,4.193,0.367,banana,fresh
33908117,33535,93.25,857.95,75.00,0.456,4.193,0.367,banana,fresh
33909128,33536,93.30,858.00,74.95,0.456,4.194,0.366,banana,fresh
33910138,33537,93.15,857.90,75.00,0.455,4.193,0.367,banana,fresh
33911150,33538,93.25,857.95,75.00,0.456,4.193,0.367,banana,fresh
33912161,33539,93.15,858.00,75.00,0.455,4.194,0.367,banana,fresh
33913172,33540,93.20,857.75,75.05,0.456,4.192,0.367,banana,fresh
33914183,33541,93.15,857.95,75.05,0.455,4.193,0.367,banana,fresh
33915195,33542,93.05,857.90,75.00,0.455,4.193,0.367,banana,fresh
33916206,33543,93.20,857.90,75.00,0.456,4.193,0.367,banana,fresh
33917217,33544,93.20,857.75,75.10,0.456,4.192,0.367,banana,fresh
33918228,33545,93.05,857.75,75.00,0.455,4.192,0.367,banana,fresh
33919239,33546,93.10,857.95,75.00,0.455,4.193,0.367,banana,fresh
33920250,33547,93.20,857.85,74.85,0.456,4.193,0.366,banana,fresh
33921261,33548,93.30,857.70,75.00,0.456,4.192,0.367,banana,fresh
33922273,33549,93.05,857.85,75.05,0.455,4.193,0.367,banana,fresh
33923283,33550,93.15,857.90,75.00,0.455,4.193,0.367,banana,fresh
33924295,33551,93.20,857.80,75.00,0.456,4.193,0.367,banana,fresh
33925306,33552,93.10,857.50,75.00,0.455,4.191,0.367,banana,fresh
33926317,33553,93.05,858.00,75.00,0.455,4.194,0.367,banana,fresh
33927328,33554,93.05,857.85,75.00,0.455,4.193,0.367,banana,fresh
33928339,33555,93.00,857.95,75.00,0.455,4.193,0.367,banana,fresh
33929351,33556,93.05,857.95,75.00,0.455,4.193,0.367,banana,fresh
33930361,33557,93.00,857.90,75.00,0.455,4.193,0.367,banana,fresh
33931373,33558,93.15,857.80,75.00,0.455,4.193,0.367,banana,fresh
33932384,33559,93.05,857.80,74.95,0.455,4.193,0.366,banana,fresh
33933395,33560,93.00,857.80,75.00,0.455,4.193,0.367,banana,fresh
33934406,33561,93.05,857.90,75.00,0.455,4.193,0.367,banana,fresh
33935417,33562,93.15,857.90,75.00,0.455,4.193,0.367,banana,fresh
33936429,33563,93.00,857.90,75.00,0.455,4.193,0.367,banana,fresh
33937439,33564,93.05,857.75,75.00,0.455,4.192,0.367,banana,fresh
33938451,33565,93.00,857.70,75.00,0.455,4.192,0.367,banana,fresh
33939462,33566,93.10,857.80,75.00,0.455,4.193,0.367,banana,fresh
33940472,33567,93.05,857.80,75.00,0.455,4.193,0.367,banana,fresh
33941484,33568,93.00,857.80,74.95,0.455,4.193,0.366,banana,fresh
33942495,33569,93.05,857.45,74.95,0.455,4.191,0.366,banana,fresh
33943506,33570,93.05,857.85,74.90,0.455,4.193,0.366,banana,fresh
33944517,33571,93.05,857.70,74.95,0.455,4.192,0.366,banana,fresh
33945529,33572,93.00,857.70,75.00,0.455,4.192,0.367,banana,fresh
33946540,33573,93.00,857.80,74.95,0.455,4.193,0.366,banana,fresh
33947550,33574,92.95,857.70,74.85,0.454,4.192,0.366,banana,fresh
33948562,33575,93.05,857.85,75.00,0.455,4.193,0.367,banana,fresh
33949573,33576,93.10,857.60,74.95,0.455,4.192,0.366,banana,fresh
33950584,33577,93.05,857.55,74.95,0.455,4.191,0.366,banana,fresh
33951595,33578,93.05,857.80,75.00,0.455,4.193,0.367,banana,fresh
33952607,33579,93.10,857.65,74.95,0.455,4.192,0.366,banana,fresh
33953617,33580,93.10,857.60,74.90,0.455,4.192,0.366,banana,fresh
33954629,33581,93.15,857.70,75.00,0.455,4.192,0.367,banana,fresh
33955640,33582,92.95,857.70,75.00,0.454,4.192,0.367,banana,fresh
33956651,33583,92.95,857.80,74.90,0.454,4.193,0.366,banana,fresh
33957662,33584,93.00,857.85,74.85,0.455,4.193,0.366,banana,fresh
33958673,33585,93.05,857.75,74.85,0.455,4.192,0.366,banana,fresh
33959685,33586,93.05,857.65,74.85,0.455,4.192,0.366,banana,fresh
33960695,33587,93.00,857.60,74.85,0.455,4.192,0.366,banana,fresh
33961707,33588,93.00,857.80,74.95,0.455,4.193,0.366,banana,fresh
33962718,33589,93.00,857.65,74.85,0.455,4.192,0.366,banana,fresh
33963729,33590,93.00,857.65,74.70,0.455,4.192,0.365,banana,fresh
33964740,33591,93.00,857.90,74.90,0.455,4.193,0.366,banana,fresh
33965751,33592,93.00,857.70,74.95,0.455,4.192,0.366,banana,fresh
33966763,33593,93.00,857.85,74.95,0.455,4.193,0.366,banana,fresh
33967773,33594,93.00,857.70,74.80,0.455,4.192,0.366,banana,fresh
33968785,33595,92.90,857.55,74.85,0.454,4.191,0.366,banana,fresh
33969796,33596,93.00,857.70,74.90,0.455,4.192,0.366,banana,fresh
33970807,33597,92.95,857.90,74.85,0.454,4.193,0.366,banana,fresh
33971818,33598,92.95,857.75,74.90,0.454,4.192,0.366,banana,fresh
33972829,33599,93.00,857.50,74.80,0.455,4.191,0.366,banana,fresh
33973840,33600,92.95,857.95,74.90,0.454,4.193,0.366,banana,fresh
33974851,33601,93.00,857.75,74.75,0.455,4.192,0.365,banana,fresh
33975863,33602,93.00,857.60,74.95,0.455,4.192,0.366,banana,fresh
33976873,33603,93.05,857.85,74.85,0.455,4.193,0.366,banana,fresh
33977885,33604,93.00,857.70,75.00,0.455,4.192,0.367,banana,fresh
33978896,33605,92.90,857.55,74.85,0.454,4.191,0.366,banana,fresh
33979908,33606,92.90,857.50,75.00,0.454,4.191,0.367,banana,fresh
33980918,33607,93.00,857.65,74.95,0.455,4.192,0.366,banana,fresh
33981929,33608,92.95,857.55,74.95,0.454,4.191,0.366,banana,fresh
33982941,33609,92.95,857.90,74.80,0.454,4.193,0.366,banana,fresh
33983951,33610,92.90,857.60,74.90,0.454,4.192,0.366,banana,fresh
33984963,33611,93.00,857.55,74.75,0.455,4.191,0.365,banana,fresh
33985974,33612,93.05,857.50,74.80,0.455,4.191,0.366,banana,fresh
33986985,33613,93.00,857.80,74.90,0.455,4.193,0.366,banana,fresh
33987996,33614,92.95,857.70,74.80,0.454,4.192,0.366,banana,fresh
33989007,33615,93.00,857.75,74.70,0.455,4.192,0.365,banana,fresh
33990019,33616,93.00,857.70,74.80,0.455,4.192,0.366,banana,fresh
33991029,33617,92.90,857.75,74.85,0.454,4.192,0.366,banana,fresh
33992041,33618,92.80,857.65,74.75,0.454,4.192,0.365,banana,fresh
33993052,33619,92.90,857.65,74.80,0.454,4.192,0.366,banana,fresh
33994063,33620,92.90,857.55,74.80,0.454,4.191,0.366,banana,fresh
33995074,33621,92.95,857.60,74.80,0.454,4.192,0.366,banana,fresh
33996085,33622,92.95,857.65,74.90,0.454,4.192,0.366,banana,fresh
33997096,33623,92.85,857.75,75.00,0.454,4.192,0.367,banana,fresh
33998107,33624,92.90,857.70,74.75,0.454,4.192,0.365,banana,fresh
33999119,33625,92.90,857.60,74.70,0.454,4.192,0.365,banana,fresh
34000130,33626,93.00,857.55,74.80,0.455,4.191,0.366,banana,fresh
34001141,33627,92.95,857.45,74.80,0.454,4.191,0.366,banana,fresh
34002152,33628,92.90,857.65,74.55,0.454,4.192,0.364,banana,fresh
34003164,33629,92.95,857.55,74.50,0.454,4.191,0.364,banana,fresh
34004174,33630,92.80,857.40,74.70,0.454,4.191,0.365,banana,fresh
34005185,33631,92.80,857.70,74.75,0.454,4.192,0.365,banana,fresh
34006197,33632,92.95,857.65,74.80,0.454,4.192,0.366,banana,fresh
34007207,33633,92.90,857.50,74.65,0.454,4.191,0.365,banana,fresh
34008219,33634,92.90,857.60,74.60,0.454,4.192,0.365,banana,fresh
34009230,33635,92.70,857.55,74.35,0.453,4.191,0.363,banana,fresh
34010242,33636,92.90,857.45,74.55,0.454,4.191,0.364,banana,fresh
34011252,33637,92.95,857.65,74.75,0.454,4.192,0.365,banana,fresh
34012263,33638,92.85,857.60,74.55,0.454,4.192,0.364,banana,fresh
34013275,33639,92.90,857.60,74.85,0.454,4.192,0.366,banana,fresh
34014285,33640,92.90,857.65,74.55,0.454,4.192,0.364,banana,fresh
34015297,33641,92.75,857.70,74.70,0.453,4.192,0.365,banana,fresh
34016308,33642,92.95,857.60,74.60,0.454,4.192,0.365,banana,fresh
34017319,33643,92.80,857.60,74.75,0.454,4.192,0.365,banana,fresh
34018330,33644,92.70,857.65,74.70,0.453,4.192,0.365,banana,fresh
34019342,33645,92.80,857.40,74.60,0.454,4.191,0.365,banana,fresh
34020353,33646,92.70,857.50,74.50,0.453,4.191,0.364,banana,fresh
34021363,33647,92.85,857.45,74.75,0.454,4.191,0.365,banana,fresh
34022375,33648,92.70,857.75,74.80,0.453,4.192,0.366,banana,fresh
34023386,33649,92.80,857.45,74.60,0.454,4.191,0.365,banana,fresh
34024397,33650,92.65,857.55,74.55,0.453,4.191,0.364,banana,fresh
34025408,33651,92.65,857.60,74.45,0.453,4.192,0.364,banana,fresh
34026420,33652,92.65,857.40,74.50,0.453,4.191,0.364,banana,fresh
34027430,33653,92.55,857.55,74.40,0.452,4.191,0.364,banana,fresh
34028441,33654,92.60,857.55,74.70,0.453,4.191,0.365,banana,fresh
34029453,33655,92.75,857.55,74.50,0.453,4.191,0.364,banana,fresh
34030464,33656,92.90,857.70,74.55,0.454,4.192,0.364,banana,fresh
34031475,33657,92.75,857.75,74.60,0.453,4.192,0.365,banana,fresh
34032486,33658,92.65,857.50,74.65,0.453,4.191,0.365,banana,fresh
34033498,33659,92.75,857.50,74.40,0.453,4.191,0.364,banana,fresh
34034508,33660,92.75,857.50,74.70,0.453,4.191,0.365,banana,fresh
34035520,33661,92.65,857.50,74.50,0.453,4.191,0.364,banana,fresh
34036531,33662,92.55,857.60,74.70,0.452,4.192,0.365,banana,fresh
34037541,33663,92.80,857.50,74.40,0.454,4.191,0.364,banana,fresh
34038553,33664,92.60,857.65,74.25,0.453,4.192,0.363,banana,fresh
34039564,33665,92.75,857.50,74.55,0.453,4.191,0.364,banana,fresh
34040576,33666,92.80,857.60,74.55,0.454,4.192,0.364,banana,fresh
34041586,33667,92.70,857.55,74.45,0.453,4.191,0.364,banana,fresh
34042598,33668,92.65,857.50,74.45,0.453,4.191,0.364,banana,fresh
34043609,33669,92.50,857.55,74.40,0.452,4.191,0.364,banana,fresh
34044620,33670,92.50,857.45,74.40,0.452,4.191,0.364,banana,fresh
34045631,33671,92.60,857.55,74.50,0.453,4.191,0.364,banana,fresh
34046642,33672,92.70,857.55,74.60,0.453,4.191,0.365,banana,fresh
34047653,33673,92.55,857.50,74.35,0.452,4.191,0.363,banana,fresh
34048664,33674,92.65,857.35,74.50,0.453,4.190,0.364,banana,fresh
34049676,33675,92.50,857.40,74.40,0.452,4.191,0.364,banana,fresh
34050686,33676,92.40,857.55,74.55,0.452,4.191,0.364,banana,fresh
34051698,33677,92.40,857.45,74.35,0.452,4.191,0.363,banana,fresh
34052709,33678,92.55,857.40,74.65,0.452,4.191,0.365,banana,fresh
34053720,33679,92.70,857.65,74.45,0.453,4.192,0.364,banana,fresh
34054731,33680,92.30,857.60,74.70,0.451,4.192,0.365,banana,fresh
34055742,33681,92.40,857.40,74.60,0.452,4.191,0.365,banana,fresh
34056754,33682,92.60,857.60,74.50,0.453,4.192,0.364,banana,fresh
34057764,33683,92.40,857.60,74.40,0.452,4.192,0.364,banana,fresh
34058776,33684,92.65,857.60,74.45,0.453,4.192,0.364,banana,fresh
34059787,33685,92.70,857.45,74.45,0.453,4.191,0.364,banana,fresh
34060797,33686,92.40,857.40,74.55,0.452,4.191,0.364,banana,fresh
34061809,33687,92.70,857.40,74.55,0.453,4.191,0.364,banana,fresh
34062820,33688,92.65,857.55,74.65,0.453,4.191,0.365,banana,fresh
34063832,33689,92.40,857.40,74.65,0.452,4.191,0.365,banana,fresh
34064842,33690,92.30,857.40,74.60,0.451,4.191,0.365,banana,fresh
34065854,33691,92.40,857.45,74.50,0.452,4.191,0.364,banana,fresh
34066865,33692,92.25,857.75,74.45,0.451,4.192,0.364,banana,fresh
34067876,33693,92.40,857.35,74.40,0.452,4.190,0.364,banana,fresh
34068887,33694,92.55,857.35,74.45,0.452,4.190,0.364,banana,fresh
34069898,33695,92.60,857.65,74.45,0.453,4.192,0.364,banana,fresh
34070909,33696,92.55,857.50,74.25,0.452,4.191,0.363,banana,fresh
34071920,33697,92.35,857.55,74.40,0.451,4.191,0.364,banana,fresh
34072932,33698,92.65,857.75,74.45,0.453,4.192,0.364,banana,fresh
34073943,33699,92.55,857.60,74.35,0.452,4.192,0.363,banana,fresh
34074954,33700,92.55,857.70,74.45,0.452,4.192,0.364,banana,fresh
34075965,33701,92.40,857.60,74.30,0.452,4.192,0.363,banana,fresh
34076976,33702,92.50,857.60,74.35,0.452,4.192,0.363,banana,fresh
34077987,33703,92.30,857.40,74.40,0.451,4.191,0.364,banana,fresh
34078998,33704,92.40,857.55,74.45,0.452,4.191,0.364,banana,fresh
34080010,33705,92.50,857.55,74.35,0.452,4.191,0.363,banana,fresh
34081020,33706,92.45,857.45,74.45,0.452,4.191,0.364,banana,fresh
34082032,33707,92.55,857.60,74.35,0.452,4.192,0.363,banana,fresh
34083043,33708,92.45,857.60,74.40,0.452,4.192,0.364,banana,fresh
34084055,33709,92.40,857.45,74.35,0.452,4.191,0.363,banana,fresh
34085065,33710,92.25,857.55,74.40,0.451,4.191,0.364,banana,fresh
34086076,33711,92.40,857.65,74.20,0.452,4.192,0.363,banana,fresh
34087088,33712,92.60,857.35,74.25,0.453,4.190,0.363,banana,fresh
34088098,33713,92.45,857.60,74.60,0.452,4.192,0.365,banana,fresh
34089110,33714,92.40,857.40,74.30,0.452,4.191,0.363,banana,fresh
34090121,33715,92.50,857.40,74.35,0.452,4.191,0.363,banana,fresh
34091132,33716,92.20,857.45,74.35,0.451,4.191,0.363,banana,fresh
34092143,33717,92.35,857.50,74.55,0.451,4.191,0.364,banana,fresh
34093154,33718,92.30,857.45,74.45,0.451,4.191,0.364,banana,fresh
34094166,33719,92.25,857.50,74.25,0.451,4.191,0.363,banana,fresh
34095176,33720,92.20,857.50,74.45,0.451,4.191,0.364,banana,fresh
34096188,33721,92.20,857.40,74.30,0.451,4.191,0.363,banana,fresh
34097199,33722,92.35,857.60,74.50,0.451,4.192,0.364,banana,fresh
34098210,33723,92.35,857.50,74.30,0.451,4.191,0.363,banana,fresh
34099221,33724,92.25,857.40,74.35,0.451,4.191,0.363,banana,fresh
34100233,33725,92.15,857.65,74.45,0.450,4.192,0.364,banana,fresh
34101243,33726,92.25,857.55,74.35,0.451,4.191,0.363,banana,fresh
34102254,33727,92.35,857.70,74.30,0.451,4.192,0.363,banana,fresh
34103266,33728,92.20,857.45,74.35,0.451,4.191,0.363,banana,fresh
34104276,33729,92.45,857.55,74.20,0.452,4.191,0.363,banana,fresh
34105288,33730,92.20,857.50,74.15,0.451,4.191,0.362,banana,fresh
34106299,33731,92.10,857.40,74.05,0.450,4.191,0.362,banana,fresh
34107311,33732,92.40,857.55,74.35,0.452,4.191,0.363,banana,fresh
34108321,33733,92.20,857.45,74.40,0.451,4.191,0.364,banana,fresh
34109332,33734,92.30,857.60,74.55,0.451,4.192,0.364,banana,fresh
34110344,33735,92.15,857.45,74.25,0.450,4.191,0.363,banana,fresh
34111354,33736,92.10,857.45,74.30,0.450,4.191,0.363,banana,fresh
34112366,33737,92.30,857.45,74.15,0.451,4.191,0.362,banana,fresh
34113377,33738,92.20,857.45,74.45,0.451,4.191,0.364,banana,fresh
34114388,33739,92.20,857.45,74.45,0.451,4.191,0.364,banana,fresh
34115399,33740,92.25,857.65,74.30,0.451,4.192,0.363,banana,fresh
34116411,33741,92.25,857.55,74.35,0.451,4.191,0.363,banana,fresh
34117422,33742,92.35,857.40,74.20,0.451,4.191,0.363,banana,fresh
34118432,33743,92.25,857.45,74.15,0.451,4.191,0.362,banana,fresh
34119444,33744,92.15,857.50,74.30,0.450,4.191,0.363,banana,fresh
34120455,33745,92.10,857.50,74.25,0.450,4.191,0.363,banana,fresh
34121466,33746,92.00,857.80,74.25,0.450,4.193,0.363,banana,fresh
34122477,33747,92.05,857.60,74.15,0.450,4.192,0.362,banana,fresh
34123489,33748,92.10,857.35,74.10,0.450,4.190,0.362,banana,fresh
34124499,33749,92.10,857.65,74.30,0.450,4.192,0.363,banana,fresh
34125510,33750,92.10,857.50,74.30,0.450,4.191,0.363,banana,fresh
34126522,33751,92.05,857.50,74.40,0.450,4.191,0.364,banana,fresh
34127533,33752,92.15,857.60,74.40,0.450,4.192,0.364,banana,fresh
34128544,33753,92.20,857.50,74.35,0.451,4.191,0.363,banana,fresh
34129555,33754,92.25,857.55,74.15,0.451,4.191,0.362,banana,fresh
34130567,33755,92.10,857.50,74.25,0.450,4.191,0.363,banana,fresh
34131577,33756,92.05,857.50,74.35,0.450,4.191,0.363,banana,fresh
34132588,33757,92.15,857.50,74.35,0.450,4.191,0.363,banana,fresh
34133600,33758,92.20,857.60,74.25,0.451,4.192,0.363,banana,fresh
34134610,33759,92.25,857.25,74.30,0.451,4.190,0.363,banana,fresh
34135622,33760,92.05,857.50,74.10,0.450,4.191,0.362,banana,fresh
34136633,33761,92.15,857.60,74.20,0.450,4.192,0.363,banana,fresh
34137645,33762,92.10,857.45,74.30,0.450,4.191,0.363,banana,fresh
34138655,33763,92.10,857.45,74.20,0.450,4.191,0.363,banana,fresh
34139667,33764,92.15,857.50,74.15,0.450,4.191,0.362,banana,fresh
34140678,33765,92.05,857.40,74.30,0.450,4.191,0.363,banana,fresh
34141688,33766,92.05,857.60,74.30,0.450,4.192,0.363,banana,fresh
34142700,33767,92.15,857.70,74.35,0.450,4.192,0.363,banana,fresh
34143711,33768,92.05,857.50,74.20,0.450,4.191,0.363,banana,fresh
34144722,33769,92.10,857.60,74.25,0.450,4.192,0.363,banana,fresh
34145733,33770,92.05,857.50,74.25,0.450,4.191,0.363,banana,fresh
34146745,33771,92.05,857.60,74.30,0.450,4.192,0.363,banana,fresh
34147756,33772,92.05,857.70,74.35,0.450,4.192,0.363,banana,fresh
34148766,33773,92.05,857.60,74.25,0.450,4.192,0.363,banana,fresh
34149778,33774,92.05,857.45,74.20,0.450,4.191,0.363,banana,fresh
34150789,33775,92.05,857.50,74.30,0.450,4.191,0.363,banana,fresh
34151800,33776,92.00,857.40,74.10,0.450,4.191,0.362,banana,fresh
34152811,33777,92.00,857.50,74.25,0.450,4.191,0.363,banana,fresh
34153823,33778,92.05,857.50,74.20,0.450,4.191,0.363,banana,fresh
34154833,33779,92.05,857.55,74.00,0.450,4.191,0.362,banana,fresh
34155844,33780,92.00,857.45,74.05,0.450,4.191,0.362,banana,fresh
34156856,33781,92.00,857.55,74.15,0.450,4.191,0.362,banana,fresh
34157867,33782,92.15,857.70,74.15,0.450,4.192,0.362,banana,fresh
34158878,33783,92.00,857.40,74.05,0.450,4.191,0.362,banana,fresh
34159889,33784,92.10,857.35,74.10,0.450,4.190,0.362,banana,fresh
34160901,33785,92.10,857.45,74.10,0.450,4.191,0.362,banana,fresh
34161911,33786,92.20,857.40,74.10,0.451,4.191,0.362,banana,fresh
34162922,33787,92.05,857.50,74.20,0.450,4.191,0.363,banana,fresh
34163934,33788,92.15,857.45,74.20,0.450,4.191,0.363,banana,fresh
34164944,33789,92.05,857.45,74.15,0.450,4.191,0.362,banana,fresh
34165956,33790,92.05,857.70,74.25,0.450,4.192,0.363,banana,fresh
34166967,33791,92.10,857.65,74.25,0.450,4.192,0.363,banana,fresh
34167979,33792,92.10,857.60,74.40,0.450,4.192,0.364,banana,fresh
34168989,33793,92.05,857.55,74.05,0.450,4.191,0.362,banana,fresh
34170000,33794,92.05,857.50,74.15,0.450,4.191,0.362,banana,fresh
34171012,33795,92.00,857.60,74.10,0.450,4.192,0.362,banana,fresh
34172022,33796,92.10,857.50,74.00,0.450,4.191,0.362,banana,fresh
34173034,33797,91.95,857.65,74.10,0.449,4.192,0.362,banana,fresh
34174045,33798,92.05,857.45,74.25,0.450,4.191,0.363,banana,fresh
34175056,33799,92.00,857.65,74.15,0.450,4.192,0.362,banana,fresh
34176067,33800,92.00,857.65,74.20,0.450,4.192,0.363,banana,fresh
34177078,33801,91.95,857.65,74.10,0.449,4.192,0.362,banana,fresh
34178089,33802,92.00,857.55,74.20,0.450,4.191,0.363,banana,fresh
34179100,33803,92.00,857.65,74.10,0.450,4.192,0.362,banana,fresh
34180112,33804,92.00,857.70,74.05,0.450,4.192,0.362,banana,fresh
34181123,33805,92.10,857.55,74.10,0.450,4.191,0.362,banana,fresh
34182134,33806,92.05,857.50,74.05,0.450,4.191,0.362,banana,fresh
34183145,33807,92.00,857.45,74.05,0.450,4.191,0.362,banana,fresh
34184156,33808,92.00,857.55,74.15,0.450,4.191,0.362,banana,fresh
34185167,33809,92.05,857.45,74.15,0.450,4.191,0.362,banana,fresh
34186178,33810,92.10,857.55,74.10,0.450,4.191,0.362,banana,fresh
34187190,33811,92.00,857.65,74.10,0.450,4.192,0.362,banana,fresh
34188200,33812,92.10,857.40,74.00,0.450,4.191,0.362,banana,fresh
34189212,33813,92.05,857.40,74.10,0.450,4.191,0.362,banana,fresh
34190223,33814,92.05,857.50,74.05,0.450,4.191,0.362,banana,fresh
34191234,33815,92.05,857.45,74.20,0.450,4.191,0.363,banana,fresh
34192245,33816,92.05,857.45,74.10,0.450,4.191,0.362,banana,fresh
34193256,33817,92.00,857.60,74.10,0.450,4.192,0.362,banana,fresh
34194268,33818,92.05,857.80,74.10,0.450,4.193,0.362,banana,fresh
34195278,33819,92.00,857.65,74.10,0.450,4.192,0.362,banana,fresh
34196290,33820,92.00,857.70,74.10,0.450,4.192,0.362,banana,fresh
34197301,33821,92.00,857.55,74.15,0.450,4.191,0.362,banana,fresh
34198311,33822,92.05,857.50,74.05,0.450,4.191,0.362,banana,fresh
34199323,33823,92.05,857.65,74.10,0.450,4.192,0.362,banana,fresh
34200334,33824,92.00,857.30,74.20,0.450,4.190,0.363,banana,fresh
34201346,33825,92.00,857.55,74.05,0.450,4.191,0.362,banana,fresh
34202356,33826,92.00,857.50,74.10,0.450,4.191,0.362,banana,fresh
34203368,33827,92.00,857.55,74.05,0.450,4.191,0.362,banana,fresh
34204379,33828,92.00,857.55,74.10,0.450,4.191,0.362,banana,fresh
34205389,33829,91.95,857.50,74.15,0.449,4.191,0.362,banana,fresh
34206401,33830,92.00,857.50,74.05,0.450,4.191,0.362,banana,fresh
34207412,33831,92.00,857.50,74.10,0.450,4.191,0.362,banana,fresh
34208423,33832,92.00,857.60,74.10,0.450,4.192,0.362,banana,fresh
34209434,33833,92.05,857.60,74.05,0.450,4.192,0.362,banana,fresh
34210445,33834,92.00,857.60,74.05,0.450,4.192,0.362,banana,fresh
34211457,33835,92.00,857.65,74.10,0.450,4.192,0.362,banana,fresh
34212467,33836,92.00,857.35,74.00,0.450,4.190,0.362,banana,fresh
34213479,33837,92.00,857.65,74.15,0.450,4.192,0.362,banana,fresh
34214490,33838,92.05,857.50,74.10,0.450,4.191,0.362,banana,fresh
34215501,33839,92.00,857.70,74.05,0.450,4.192,0.362,banana,fresh
34216512,33840,92.00,857.65,74.15,0.450,4.192,0.362,banana,fresh
34217523,33841,92.00,857.30,74.05,0.450,4.190,0.362,banana,fresh
34218534,33842,91.95,857.70,74.05,0.449,4.192,0.362,banana,fresh
34219545,33843,92.00,857.50,74.05,0.450,4.191,0.362,banana,fresh
34220557,33844,91.95,857.80,74.00,0.449,4.193,0.362,banana,fresh
34221568,33845,92.00,857.55,74.05,0.450,4.191,0.362,banana,fresh
34222579,33846,92.05,857.50,74.10,0.450,4.191,0.362,banana,fresh
34223590,33847,92.00,857.60,74.15,0.450,4.192,0.362,banana,fresh
34224601,33848,91.95,857.35,74.15,0.449,4.190,0.362,banana,fresh
34225612,33849,92.05,857.50,74.05,0.450,4.191,0.362,banana,fresh
34226623,33850,92.00,857.55,74.00,0.450,4.191,0.362,banana,fresh
34227635,33851,91.95,857.65,74.00,0.449,4.192,0.362,banana,fresh
34228645,33852,92.00,857.55,74.00,0.450,4.191,0.362,banana,fresh
34229657,33853,91.95,857.45,74.00,0.449,4.191,0.362,banana,fresh
34230668,33854,91.95,857.35,74.05,0.449,4.190,0.362,banana,fresh
34231678,33855,91.95,857.75,74.15,0.449,4.192,0.362,banana,fresh
34232690,33856,92.00,857.50,74.00,0.450,4.191,0.362,banana,fresh
34233701,33857,92.00,857.60,74.10,0.450,4.192,0.362,banana,fresh
34234713,33858,91.95,857.50,74.05,0.449,4.191,0.362,banana,fresh
34235723,33859,91.95,857.55,74.05,0.449,4.191,0.362,banana,fresh
34236735,33860,91.95,857.50,74.10,0.449,4.191,0.362,banana,fresh
34237746,33861,92.05,857.40,74.05,0.450,4.191,0.362,banana,fresh
34238756,33862,91.95,857.35,74.05,0.449,4.190,0.362,banana,fresh
34239768,33863,91.85,857.45,74.00,0.449,4.191,0.362,banana,fresh
34240779,33864,92.00,857.50,74.10,0.450,4.191,0.362,banana,fresh
34241790,33865,92.00,857.40,74.10,0.450,4.191,0.362,banana,fresh
34242801,33866,91.90,857.45,74.05,0.449,4.191,0.362,banana,fresh
34243813,33867,92.00,857.50,74.15,0.450,4.191,0.362,banana,fresh
34244824,33868,92.00,857.45,74.00,0.450,4.191,0.362,banana,fresh
34245834,33869,91.95,857.45,74.10,0.449,4.191,0.362,banana,fresh
34246846,33870,92.00,857.30,74.05,0.450,4.190,0.362,banana,fresh
34247857,33871,92.00,857.40,74.05,0.450,4.191,0.362,banana,fresh
34248868,33872,91.95,857.50,74.00,0.449,4.191,0.362,banana,fresh
34249879,33873,92.00,857.45,74.00,0.450,4.191,0.362,banana,fresh
34250891,33874,91.95,857.45,74.05,0.449,4.191,0.362,banana,fresh
34251901,33875,92.05,857.50,74.00,0.450,4.191,0.362,banana,fresh
34252912,33876,92.00,857.50,74.00,0.450,4.191,0.362,banana,fresh
34253924,33877,92.00,857.40,74.05,0.450,4.191,0.362,banana,fresh
34254935,33878,91.95,857.35,74.05,0.449,4.190,0.362,banana,fresh
34255946,33879,92.00,857.50,74.00,0.450,4.191,0.362,banana,fresh
34256957,33880,91.95,857.50,74.05,0.449,4.191,0.362,banana,fresh
34257969,33881,91.95,857.30,74.00,0.449,4.190,0.362,banana,fresh
34258979,33882,92.00,857.50,74.05,0.450,4.191,0.362,banana,fresh
34259990,33883,92.00,857.45,74.05,0.450,4.191,0.362,banana,fresh
34261002,33884,92.00,857.45,74.00,0.450,4.191,0.362,banana,fresh
34262012,33885,91.95,857.40,74.05,0.449,4.191,0.362,banana,fresh
34263024,33886,91.85,857.40,74.00,0.449,4.191,0.362,banana,fresh
34264035,33887,91.90,857.60,74.00,0.449,4.192,0.362,banana,fresh
34265047,33888,91.95,857.50,74.00,0.449,4.191,0.362,banana,fresh
34266057,33889,91.95,857.55,74.00,0.449,4.191,0.362,banana,fresh
34267068,33890,92.00,857.65,74.00,0.450,4.192,0.362,banana,fresh
34268080,33891,91.80,857.45,74.00,0.449,4.191,0.362,banana,fresh
34269090,33892,91.85,857.45,74.10,0.449,4.191,0.362,banana,fresh
34270102,33893,91.90,857.45,74.00,0.449,4.191,0.362,banana,fresh
34271113,33894,92.00,857.50,74.05,0.450,4.191,0.362,banana,fresh
34272124,33895,91.85,857.25,74.00,0.449,4.190,0.362,banana,fresh
34273135,33896,91.90,857.60,74.00,0.449,4.192,0.362,banana,fresh
34274146,33897,91.90,857.45,74.10,0.449,4.191,0.362,banana,fresh
34275158,33898,91.95,857.50,74.00,0.449,4.191,0.362,banana,fresh
34276168,33899,91.95,857.50,74.05,0.449,4.191,0.362,banana,fresh
34277180,33900,91.90,857.60,74.00,0.449,4.192,0.362,banana,fresh
34278191,33901,91.90,857.45,74.05,0.449,4.191,0.362,banana,fresh
34279202,33902,91.95,857.45,74.00,0.449,4.191,0.362,banana,fresh
34280213,33903,91.85,857.25,74.00,0.449,4.190,0.362,banana,fresh
34281224,33904,91.95,857.55,74.00,0.449,4.191,0.362,banana,fresh
34282235,33905,91.80,857.55,74.05,0.449,4.191,0.362,banana,fresh
34283246,33906,91.80,857.35,74.00,0.449,4.190,0.362,banana,fresh
34284258,33907,91.70,857.40,74.05,0.448,4.191,0.362,banana,fresh
34285268,33908,91.95,857.30,74.00,0.449,4.190,0.362,banana,fresh
34286280,33909,91.90,857.45,74.10,0.449,4.191,0.362,banana,fresh
34287291,33910,91.70,857.40,74.00,0.448,4.191,0.362,banana,fresh
34288302,33911,91.80,857.35,74.00,0.449,4.190,0.362,banana,fresh
34289313,33912,91.80,857.45,74.00,0.449,4.191,0.362,banana,fresh
34290324,33913,91.85,857.30,74.00,0.449,4.190,0.362,banana,fresh
34291336,33914,91.90,857.25,74.00,0.449,4.190,0.362,banana,fresh
34292346,33915,91.80,857.50,74.00,0.449,4.191,0.362,banana,fresh
34293357,33916,91.65,857.25,74.00,0.448,4.190,0.362,banana,fresh
34294369,33917,91.65,857.35,74.00,0.448,4.190,0.362,banana,fresh
34295379,33918,91.85,857.50,74.05,0.449,4.191,0.362,banana,fresh
34296391,33919,91.85,857.60,74.00,0.449,4.192,0.362,banana,fresh
34297402,33920,91.70,857.45,74.00,0.448,4.191,0.362,banana,fresh
34298414,33921,91.90,857.60,74.00,0.449,4.192,0.362,banana,fresh
34299424,33922,91.80,857.40,74.05,0.449,4.191,0.362,banana,fresh
34300435,33923,91.80,857.50,74.00,0.449,4.191,0.362,banana,fresh
34301447,33924,91.70,857.55,73.90,0.448,4.191,0.361,banana,fresh
34302457,33925,91.80,857.45,74.00,0.449,4.191,0.362,banana,fresh
34303469,33926,91.70,857.50,73.95,0.448,4.191,0.361,banana,fresh
34304480,33927,91.75,857.65,74.00,0.448,4.192,0.362,banana,fresh
34305491,33928,91.65,857.25,74.00,0.448,4.190,0.362,banana,fresh
34306502,33929,91.65,857.45,74.00,0.448,4.191,0.362,banana,fresh
34307514,33930,91.75,857.30,74.00,0.448,4.190,0.362,banana,fresh
34308525,33931,91.90,857.40,74.00,0.449,4.191,0.362,banana,fresh
34309535,33932,91.60,857.55,74.00,0.448,4.191,0.362,banana,fresh
34310547,33933,91.65,857.60,74.00,0.448,4.192,0.362,banana,fresh
34311558,33934,91.60,857.45,74.00,0.448,4.191,0.362,banana,fresh
34312569,33935,91.70,857.45,74.00,0.448,4.191,0.362,banana,fresh
34313580,33936,91.50,857.65,74.00,0.447,4.192,0.362,banana,fresh
34314592,33937,91.85,857.35,74.00,0.449,4.190,0.362,banana,fresh
34315602,33938,91.60,857.45,74.00,0.448,4.191,0.362,banana,fresh
34316613,33939,91.50,857.65,73.95,0.447,4.192,0.361,banana,fresh
34317625,33940,91.55,857.40,73.95,0.447,4.191,0.361,banana,fresh
34318636,33941,91.60,857.30,74.00,0.448,4.190,0.362,banana,fresh
34319647,33942,91.35,857.45,74.00,0.446,4.191,0.362,banana,fresh
34320658,33943,91.55,857.35,73.95,0.447,4.190,0.361,banana,fresh
34321670,33944,91.70,857.40,74.00,0.448,4.191,0.362,banana,fresh
34322680,33945,91.60,857.45,74.00,0.448,4.191,0.362,banana,fresh
34323691,33946,91.50,857.30,74.00,0.447,4.190,0.362,banana,fresh
34324703,33947,91.50,857.55,74.00,0.447,4.191,0.362,banana,fresh
34325713,33948,91.70,857.40,74.00,0.448,4.191,0.362,banana,fresh
34326725,33949,91.75,857.15,74.00,0.448,4.189,0.362,banana,fresh
34327736,33950,91.55,857.35,74.00,0.447,4.190,0.362,banana,fresh
34328748,33951,91.50,857.40,74.00,0.447,4.191,0.362,banana,fresh
34329758,33952,91.60,857.25,74.00,0.448,4.190,0.362,banana,fresh
34330769,33953,91.70,857.40,74.05,0.448,4.191,0.362,banana,fresh
34331781,33954,91.60,857.60,74.00,0.448,4.192,0.362,banana,fresh
34332791,33955,91.65,857.30,74.00,0.448,4.190,0.362,banana,fresh
34333803,33956,91.55,857.30,74.00,0.447,4.190,0.362,banana,fresh
34334814,33957,91.40,857.35,73.95,0.447,4.190,0.361,banana,fresh
34335825,33958,91.35,857.40,74.00,0.446,4.191,0.362,banana,fresh
34336836,33959,91.40,857.30,74.00,0.447,4.190,0.362,banana,fresh
34337847,33960,91.25,857.30,74.00,0.446,4.190,0.362,banana,fresh
34338859,33961,91.45,857.25,74.00,0.447,4.190,0.362,banana,fresh
34339869,33962,91.30,857.35,74.00,0.446,4.190,0.362,banana,fresh
34340881,33963,91.55,857.25,74.00,0.447,4.190,0.362,banana,fresh
34341892,33964,91.35,857.25,74.00,0.446,4.190,0.362,banana,fresh
34342903,33965,91.45,857.35,74.00,0.447,4.190,0.362,banana,fresh
34343914,33966,91.30,857.30,74.00,0.446,4.190,0.362,banana,fresh
34344925,33967,91.60,857.40,74.00,0.448,4.191,0.362,banana,fresh
34345936,33968,91.25,857.20,74.00,0.446,4.190,0.362,banana,fresh
34346947,33969,91.45,857.15,74.00,0.447,4.189,0.362,banana,fresh
34347959,33970,91.30,857.30,74.00,0.446,4.190,0.362,banana,fresh
34348969,33971,91.20,857.20,74.00,0.446,4.190,0.362,banana,fresh
34349981,33972,91.25,857.25,74.00,0.446,4.190,0.362,banana,fresh
34350992,33973,91.45,857.25,73.95,0.447,4.190,0.361,banana,fresh
34352003,33974,91.30,857.30,74.00,0.446,4.190,0.362,banana,fresh
34353014,33975,91.30,857.35,74.00,0.446,4.190,0.362,banana,fresh
34354025,33976,91.55,857.30,74.00,0.447,4.190,0.362,banana,fresh
34355037,33977,91.45,857.40,74.00,0.447,4.191,0.362,banana,fresh
34356047,33978,91.35,857.45,73.95,0.446,4.191,0.361,banana,fresh
34357059,33979,91.50,857.30,74.00,0.447,4.190,0.362,banana,fresh
34358070,33980,91.35,857.45,74.00,0.446,4.191,0.362,banana,fresh
34359080,33981,91.30,857.05,73.95,0.446,4.189,0.361,banana,fresh
34360092,33982,91.35,857.20,74.00,0.446,4.190,0.362,banana,fresh
34361103,33983,91.25,857.35,74.00,0.446,4.190,0.362,banana,fresh
34362115,33984,91.25,857.30,74.00,0.446,4.190,0.362,banana,fresh
34363125,33985,91.35,857.35,74.00,0.446,4.190,0.362,banana,fresh
34364137,33986,91.30,857.45,74.00,0.446,4.191,0.362,banana,fresh
34365148,33987,91.20,857.10,73.90,0.446,4.189,0.361,banana,fresh
34366158,33988,91.20,857.40,74.00,0.446,4.191,0.362,banana,fresh
34367170,33989,91.15,857.30,74.00,0.446,4.190,0.362,banana,fresh
34368181,33990,91.50,857.35,74.00,0.447,4.190,0.362,banana,fresh
34369192,33991,91.35,857.15,74.00,0.446,4.189,0.362,banana,fresh
34370203,33992,91.20,857.25,74.00,0.446,4.190,0.362,banana,fresh
34371215,33993,91.35,857.20,74.00,0.446,4.190,0.362,banana,fresh
34372226,33994,91.10,857.30,74.00,0.445,4.190,0.362,banana,fresh
34373236,33995,91.20,857.40,74.00,0.446,4.191,0.362,banana,fresh
34374248,33996,91.50,857.30,73.95,0.447,4.190,0.361,banana,fresh
34375259,33997,91.40,857.10,74.00,0.447,4.189,0.362,banana,fresh
34376270,33998,91.30,857.15,73.95,0.446,4.189,0.361,banana,fresh
34377281,33999,91.25,857.20,73.95,0.446,4.190,0.361,banana,fresh
34378293,34000,91.25,857.25,74.00,0.446,4.190,0.362,banana,fresh
34379303,34001,91.15,857.25,74.00,0.446,4.190,0.362,banana,fresh
34380314,34002,91.25,857.30,73.95,0.446,4.190,0.361,banana,fresh
34381326,34003,91.20,857.20,74.00,0.446,4.190,0.362,banana,fresh
34382337,34004,91.10,857.35,74.00,0.445,4.190,0.362,banana,fresh
34383348,34005,91.00,857.15,73.90,0.445,4.189,0.361,banana,fresh
34384359,34006,91.30,857.20,73.95,0.446,4.190,0.361,banana,fresh
34385371,34007,91.25,857.15,73.90,0.446,4.189,0.361,banana,fresh
34386381,34008,91.15,857.30,73.95,0.446,4.190,0.361,banana,fresh
34387392,34009,91.10,857.25,73.95,0.445,4.190,0.361,banana,fresh
34388404,34010,91.15,857.15,73.95,0.446,4.189,0.361,banana,fresh
34389414,34011,91.10,857.15,74.00,0.445,4.189,0.362,banana,fresh
34390426,34012,91.10,857.20,74.00,0.445,4.190,0.362,banana,fresh
34391437,34013,91.00,857.00,73.90,0.445,4.189,0.361,banana,fresh
34392449,34014,91.15,857.25,74.00,0.446,4.190,0.362,banana,fresh
34393459,34015,91.05,857.10,74.00,0.445,4.189,0.362,banana,fresh
34394471,34016,91.10,857.10,74.00,0.445,4.189,0.362,banana,fresh
34395482,34017,91.00,857.15,73.95,0.445,4.189,0.361,banana,fresh
34396492,34018,91.10,857.20,74.00,0.445,4.190,0.362,banana,fresh
34397504,34019,91.20,857.10,74.00,0.446,4.189,0.362,banana,fresh
34398515,34020,91.15,857.15,73.90,0.446,4.189,0.361,banana,fresh
34399526,34021,91.05,857.15,74.00,0.445,4.189,0.362,banana,fresh
34400537,34022,91.10,857.05,73.85,0.445,4.189,0.361,banana,fresh
34401549,34023,91.00,857.10,73.90,0.445,4.189,0.361,banana,fresh
34402560,34024,91.15,857.25,74.00,0.446,4.190,0.362,banana,fresh
34403570,34025,91.05,857.05,73.90,0.445,4.189,0.361,banana,fresh
34404582,34026,91.00,857.00,73.90,0.445,4.189,0.361,banana,fresh
34405593,34027,91.05,857.05,73.95,0.445,4.189,0.361,banana,fresh
34406604,34028,91.05,857.25,74.00,0.445,4.190,0.362,banana,fresh
34407615,34029,91.05,857.00,74.05,0.445,4.189,0.362,banana,fresh
34408627,34030,91.10,857.00,73.80,0.445,4.189,0.361,banana,fresh
34409637,34031,91.00,857.00,73.85,0.445,4.189,0.361,banana,fresh
34410648,34032,91.05,857.05,74.00,0.445,4.189,0.362,banana,fresh
34411660,34033,91.05,857.00,73.95,0.445,4.189,0.361,banana,fresh
34412670,34034,91.05,857.10,73.90,0.445,4.189,0.361,banana,fresh
34413682,34035,91.05,857.00,73.90,0.445,4.189,0.361,banana,fresh
34414693,34036,91.00,857.20,73.95,0.445,4.190,0.361,banana,fresh
34415705,34037,91.00,857.15,73.85,0.445,4.189,0.361,banana,fresh
34416715,34038,90.95,857.15,73.85,0.445,4.189,0.361,banana,fresh
34417726,34039,91.00,857.10,73.85,0.445,4.189,0.361,banana,fresh
34418738,34040,91.00,857.25,73.85,0.445,4.190,0.361,banana,fresh
34419748,34041,90.95,857.05,73.85,0.445,4.189,0.361,banana,fresh
34420760,34042,91.00,857.00,73.85,0.445,4.189,0.361,banana,fresh
34421771,34043,91.05,857.10,74.00,0.445,4.189,0.362,banana,fresh
34422782,34044,91.00,857.25,73.85,0.445,4.190,0.361,banana,fresh
34423793,34045,91.00,857.05,73.90,0.445,4.189,0.361,banana,fresh
34424804,34046,91.00,857.15,74.00,0.445,4.189,0.362,banana,fresh
34425816,34047,91.05,857.05,73.95,0.445,4.189,0.361,banana,fresh
34426826,34048,91.00,857.15,73.95,0.445,4.189,0.361,banana,fresh
34427838,34049,91.00,857.10,73.75,0.445,4.189,0.360,banana,fresh
34428849,34050,91.05,857.15,73.80,0.445,4.189,0.361,banana,fresh
34429860,34051,91.00,857.00,73.90,0.445,4.189,0.361,banana,fresh
34430871,34052,91.00,857.05,73.90,0.445,4.189,0.361,banana,fresh
34431882,34053,91.00,857.20,73.95,0.445,4.190,0.361,banana,fresh
34432893,34054,91.00,857.10,73.90,0.445,4.189,0.361,banana,fresh
34433904,34055,91.05,857.00,73.80,0.445,4.189,0.361,banana,fresh
34434916,34056,90.95,857.05,73.80,0.445,4.189,0.361,banana,fresh
34435927,34057,91.00,857.05,73.85,0.445,4.189,0.361,banana,fresh
34436937,34058,90.95,857.10,73.85,0.445,4.189,0.361,banana,fresh
34437949,34059,91.00,857.05,73.85,0.445,4.189,0.361,banana,fresh
34438960,34060,91.00,857.10,73.85,0.445,4.189,0.361,banana,fresh
34439971,34061,90.95,857.15,73.65,0.445,4.189,0.360,banana,fresh
34440982,34062,90.95,857.05,73.90,0.445,4.189,0.361,banana,fresh
34441994,34063,91.00,857.15,73.70,0.445,4.189,0.360,banana,fresh
34443004,34064,90.95,857.05,73.85,0.445,4.189,0.361,banana,fresh
34444016,34065,91.05,857.00,73.75,0.445,4.189,0.360,banana,fresh
34445027,34066,91.00,857.05,73.65,0.445,4.189,0.360,banana,fresh
34446038,34067,91.10,857.10,73.70,0.445,4.189,0.360,banana,fresh
34447049,34068,91.05,857.05,73.70,0.445,4.189,0.360,banana,fresh
34448060,34069,91.00,857.05,73.80,0.445,4.189,0.361,banana,fresh
34449072,34070,90.95,857.10,73.85,0.445,4.189,0.361,banana,fresh
34450082,34071,90.95,857.05,73.85,0.445,4.189,0.361,banana,fresh
34451094,34072,91.00,857.05,73.75,0.445,4.189,0.360,banana,fresh
34452105,34073,90.95,857.10,73.60,0.445,4.189,0.360,banana,fresh
34453115,34074,91.00,857.05,73.70,0.445,4.189,0.360,banana,fresh
34454127,34075,91.05,857.05,73.80,0.445,4.189,0.361,banana,fresh
34455138,34076,90.95,857.00,73.80,0.445,4.189,0.361,banana,fresh
34456150,34077,90.90,857.05,73.70,0.444,4.189,0.360,banana,fresh
34457160,34078,90.95,857.10,73.80,0.445,4.189,0.361,banana,fresh
34458172,34079,90.95,857.05,73.70,0.445,4.189,0.360,banana,fresh
34459183,34080,90.90,857.15,73.75,0.444,4.189,0.360,banana,fresh
34460193,34081,90.80,857.10,73.60,0.444,4.189,0.360,banana,fresh
34461205,34082,90.95,857.05,73.50,0.445,4.189,0.359,banana,fresh
34462216,34083,90.95,857.10,73.55,0.445,4.189,0.359,banana,fresh
34463227,34084,90.90,857.05,73.60,0.444,4.189,0.360,banana,fresh
34464238,34085,91.00,857.10,73.70,0.445,4.189,0.360,banana,fresh
34465250,34086,90.65,857.00,73.75,0.443,4.189,0.360,banana,fresh
34466260,34087,90.95,857.05,73.80,0.445,4.189,0.361,banana,fresh
34467272,34088,90.95,857.00,73.85,0.445,4.189,0.361,banana,fresh
34468283,34089,90.85,857.05,73.55,0.444,4.189,0.359,banana,fresh
34469294,34090,90.90,857.05,73.70,0.444,4.189,0.360,banana,fresh
34470305,34091,90.95,857.00,73.60,0.445,4.189,0.360,banana,fresh
34471316,34092,90.90,857.05,73.80,0.444,4.189,0.361,banana,fresh
34472328,34093,90.95,857.00,73.60,0.445,4.189,0.360,banana,fresh
34473338,34094,90.85,857.05,73.60,0.444,4.189,0.360,banana,fresh
34474350,34095,90.75,857.00,73.45,0.444,4.189,0.359,banana,fresh
34475361,34096,90.85,857.10,73.35,0.444,4.189,0.359,banana,fresh
34476371,34097,90.95,857.05,73.70,0.445,4.189,0.360,banana,fresh
34477383,34098,90.85,857.05,73.45,0.444,4.189,0.359,banana,fresh
34478394,34099,90.90,857.10,73.45,0.444,4.189,0.359,banana,fresh
34479406,34100,90.95,857.05,73.65,0.445,4.189,0.360,banana,fresh
34480416,34101,90.80,857.05,73.70,0.444,4.189,0.360,banana,fresh
34481428,34102,90.85,857.05,73.60,0.444,4.189,0.360,banana,fresh
34482439,34103,90.90,857.00,73.60,0.444,4.189,0.360,banana,fresh
34483449,34104,90.90,857.00,73.55,0.444,4.189,0.359,banana,fresh
34484461,34105,90.90,857.10,73.45,0.444,4.189,0.359,banana,fresh
34485472,34106,90.80,857.05,73.55,0.444,4.189,0.359,banana,fresh
34486483,34107,90.95,857.10,73.50,0.445,4.189,0.359,banana,fresh
34487494,34108,90.75,857.00,73.40,0.444,4.189,0.359,banana,fresh
34488506,34109,90.80,857.10,73.35,0.444,4.189,0.359,banana,fresh
34489517,34110,90.70,857.05,73.50,0.443,4.189,0.359,banana,fresh
34490528,34111,90.75,857.00,73.40,0.444,4.189,0.359,banana,fresh
34491539,34112,90.90,857.05,73.25,0.444,4.189,0.358,banana,fresh
34492550,34113,90.85,857.05,73.60,0.444,4.189,0.360,banana,fresh
34493561,34114,90.75,857.00,73.45,0.444,4.189,0.359,banana,fresh
34494572,34115,90.70,857.05,73.70,0.443,4.189,0.360,banana,fresh
34495584,34116,90.70,857.00,73.65,0.443,4.189,0.360,banana,fresh
34496594,34117,90.75,857.00,73.60,0.444,4.189,0.360,banana,fresh
34497606,34118,90.75,857.00,73.35,0.444,4.189,0.359,banana,fresh
34498617,34119,90.80,857.00,73.40,0.444,4.189,0.359,banana,fresh
34499628,34120,90.75,857.10,73.55,0.444,4.189,0.359,banana,fresh
34500639,34121,90.80,857.00,73.20,0.444,4.189,0.358,banana,fresh
34501650,34122,90.70,857.00,73.45,0.443,4.189,0.359,banana,fresh
34502662,34123,90.60,857.00,73.25,0.443,4.189,0.358,banana,fresh
34503672,34124,90.55,857.15,73.40,0.443,4.189,0.359,banana,fresh
34504684,34125,90.80,857.00,73.40,0.444,4.189,0.359,banana,fresh
34505695,34126,90.70,857.00,73.30,0.443,4.189,0.358,banana,fresh
34506705,34127,90.75,857.05,73.50,0.444,4.189,0.359,banana,fresh
34507717,34128,90.65,857.00,73.30,0.443,4.189,0.358,banana,fresh
34508728,34129,90.65,857.05,73.40,0.443,4.189,0.359,banana,fresh
34509740,34130,90.75,857.00,73.40,0.444,4.189,0.359,banana,fresh
34510750,34131,90.55,857.00,73.20,0.443,4.189,0.358,banana,fresh
34511762,34132,90.70,857.00,73.05,0.443,4.189,0.357,banana,fresh
34512773,34133,90.60,857.00,73.25,0.443,4.189,0.358,banana,fresh
34513783,34134,90.50,857.00,73.30,0.442,4.189,0.358,banana,fresh
34514795,34135,90.65,857.00,73.25,0.443,4.189,0.358,banana,fresh
34515806,34136,90.55,857.00,73.40,0.443,4.189,0.359,banana,fresh
34516817,34137,90.70,857.00,73.35,0.443,4.189,0.359,banana,fresh
34517828,34138,90.45,857.00,73.35,0.442,4.189,0.359,banana,fresh
34518840,34139,90.60,857.05,73.25,0.443,4.189,0.358,banana,fresh
34519851,34140,90.30,857.00,73.15,0.441,4.189,0.358,banana,fresh
34520862,34141,90.50,857.05,73.25,0.442,4.189,0.358,banana,fresh
34521873,34142,90.55,857.00,73.35,0.443,4.189,0.359,banana,fresh
34522884,34143,90.65,857.00,73.40,0.443,4.189,0.359,banana,fresh
34523895,34144,90.55,857.00,73.25,0.443,4.189,0.358,banana,fresh
34524906,34145,90.60,857.10,73.20,0.443,4.189,0.358,banana,fresh
34525918,34146,90.50,857.00,73.30,0.442,4.189,0.358,banana,fresh
34526928,34147,90.45,857.00,73.20,0.442,4.189,0.358,banana,fresh
34527940,34148,90.60,857.10,73.30,0.443,4.189,0.358,banana,fresh
34528951,34149,90.60,857.00,73.15,0.443,4.189,0.358,banana,fresh
34529961,34150,90.65,857.00,73.25,0.443,4.189,0.358,banana,fresh
34530973,34151,90.50,857.00,73.30,0.442,4.189,0.358,banana,fresh
34531984,34152,90.40,857.00,73.50,0.442,4.189,0.359,banana,fresh
34532996,34153,90.55,857.00,73.10,0.443,4.189,0.357,banana,fresh
34534006,34154,90.75,857.00,73.25,0.444,4.189,0.358,banana,fresh
34535018,34155,90.55,857.00,73.20,0.443,4.189,0.358,banana,fresh
34536029,34156,90.60,857.00,73.15,0.443,4.189,0.358,banana,fresh
34537039,34157,90.40,857.10,73.30,0.442,4.189,0.358,banana,fresh
34538051,34158,90.50,856.95,73.25,0.442,4.188,0.358,banana,fresh
34539062,34159,90.50,857.00,73.10,0.442,4.189,0.357,banana,fresh
34540073,34160,90.50,857.00,73.20,0.442,4.189,0.358,banana,fresh
34541084,34161,90.40,857.00,73.30,0.442,4.189,0.358,banana,fresh
34542096,34162,90.25,857.00,73.30,0.441,4.189,0.358,banana,fresh
34543107,34163,90.35,857.00,73.25,0.442,4.189,0.358,banana,fresh
34544117,34164,90.70,857.00,73.20,0.443,4.189,0.358,banana,fresh
34545129,34165,90.60,857.00,73.30,0.443,4.189,0.358,banana,fresh
34546140,34166,90.40,857.00,73.30,0.442,4.189,0.358,banana,fresh
34547151,34167,90.60,857.00,73.10,0.443,4.189,0.357,banana,fresh
34548162,34168,90.40,857.00,73.15,0.442,4.189,0.358,banana,fresh
34549174,34169,90.45,857.05,73.10,0.442,4.189,0.357,banana,fresh
34550184,34170,90.40,857.00,73.20,0.442,4.189,0.358,banana,fresh
34551195,34171,90.40,857.00,73.15,0.442,4.189,0.358,banana,fresh
34552207,34172,90.45,857.00,73.25,0.442,4.189,0.358,banana,fresh
34553218,34173,90.35,857.00,73.25,0.442,4.189,0.358,banana,fresh
34554229,34174,90.50,857.05,73.10,0.442,4.189,0.357,banana,fresh
34555240,34175,90.30,857.00,73.05,0.441,4.189,0.357,banana,fresh
34556252,34176,90.30,856.95,73.15,0.441,4.188,0.358,banana,fresh
34557262,34177,90.55,857.00,73.20,0.443,4.189,0.358,banana,fresh
34558273,34178,90.45,857.00,73.15,0.442,4.189,0.358,banana,fresh
34559285,34179,90.45,857.00,73.25,0.442,4.189,0.358,banana,fresh
34560295,34180,90.30,857.00,73.20,0.441,4.189,0.358,banana,fresh
34561307,34181,90.40,857.00,73.15,0.442,4.189,0.358,banana,fresh
34562318,34182,90.35,857.05,73.25,0.442,4.189,0.358,banana,fresh
34563330,34183,90.45,857.00,73.10,0.442,4.189,0.357,banana,fresh
34564340,34184,90.30,857.00,73.15,0.441,4.189,0.358,banana,fresh
34565352,34185,90.35,857.05,73.15,0.442,4.189,0.358,banana,fresh
34566363,34186,90.30,857.00,73.10,0.441,4.189,0.357,banana,fresh
34567373,34187,90.25,857.00,73.05,0.441,4.189,0.357,banana,fresh
34568385,34188,90.35,856.95,73.20,0.442,4.188,0.358,banana,fresh
34569396,34189,90.45,857.00,73.05,0.442,4.189,0.357,banana,fresh
34570407,34190,90.30,857.05,73.05,0.441,4.189,0.357,banana,fresh
34571418,34191,90.25,857.00,73.15,0.441,4.189,0.358,banana,fresh
34572430,34192,90.30,857.00,73.25,0.441,4.189,0.358,banana,fresh
34573441,34193,90.30,857.00,73.10,0.441,4.189,0.357,banana,fresh
34574451,34194,90.35,857.00,73.10,0.442,4.189,0.357,banana,fresh
34575463,34195,90.25,857.05,73.20,0.441,4.189,0.358,banana,fresh
34576474,34196,90.25,857.05,73.10,0.441,4.189,0.357,banana,fresh
34577485,34197,90.35,857.00,73.05,0.442,4.189,0.357,banana,fresh
34578496,34198,90.25,857.00,73.00,0.441,4.189,0.357,banana,fresh
34579508,34199,90.25,857.00,73.15,0.441,4.189,0.358,banana,fresh
34580518,34200,90.15,857.00,73.10,0.441,4.189,0.357,banana,fresh
34581529,34201,90.25,857.00,73.05,0.441,4.189,0.357,banana,fresh
34582541,34202,90.10,857.00,73.00,0.440,4.189,0.357,banana,fresh
34583552,34203,90.20,857.00,73.15,0.441,4.189,0.358,banana,fresh
34584563,34204,90.10,857.00,73.10,0.440,4.189,0.357,banana,fresh
34585574,34205,90.20,857.00,73.00,0.441,4.189,0.357,banana,fresh
34586586,34206,90.30,857.00,73.10,0.441,4.189,0.357,banana,fresh
34587596,34207,90.15,857.00,73.05,0.441,4.189,0.357,banana,fresh
34588607,34208,90.20,857.00,73.10,0.441,4.189,0.357,banana,fresh
34589619,34209,90.25,857.00,73.20,0.441,4.189,0.358,banana,fresh
34590629,34210,90.20,856.95,73.05,0.441,4.188,0.357,banana,fresh
34591641,34211,90.25,857.00,73.15,0.441,4.189,0.358,banana,fresh
34592652,34212,90.00,857.00,73.05,0.440,4.189,0.357,banana,fresh
34593664,34213,90.10,857.00,73.05,0.440,4.189,0.357,banana,fresh
34594674,34214,90.10,856.95,73.05,0.440,4.188,0.357,banana,fresh
34595685,34215,90.20,857.00,73.05,0.441,4.189,0.357,banana,fresh
34596697,34216,90.25,856.95,73.10,0.441,4.188,0.357,banana,fresh
34597707,34217,90.20,857.00,73.00,0.441,4.189,0.357,banana,fresh
34598719,34218,90.05,857.00,73.10,0.440,4.189,0.357,banana,fresh
34599730,34219,90.15,857.00,73.05,0.441,4.189,0.357,banana,fresh
34600741,34220,90.10,857.00,73.05,0.440,4.189,0.357,banana,fresh
34601752,34221,90.05,857.00,73.05,0.440,4.189,0.357,banana,fresh
34602763,34222,90.20,856.95,73.10,0.441,4.188,0.357,banana,fresh
34603774,34223,90.00,857.00,73.05,0.440,4.189,0.357,banana,fresh
34604785,34224,90.25,857.00,73.00,0.441,4.189,0.357,banana,fresh
34605797,34225,90.30,856.95,73.15,0.441,4.188,0.358,banana,fresh
34606808,34226,90.00,857.00,73.05,0.440,4.189,0.357,banana,fresh
34607818,34227,90.00,857.00,73.00,0.440,4.189,0.357,banana,fresh
34608830,34228,90.00,857.05,73.05,0.440,4.189,0.357,banana,fresh
34609841,34229,90.15,857.00,73.00,0.441,4.189,0.357,banana,fresh
34610852,34230,90.05,857.00,73.05,0.440,4.189,0.357,banana,fresh
34611863,34231,90.10,857.00,73.00,0.440,4.189,0.357,banana,fresh
34612875,34232,90.05,856.95,73.05,0.440,4.188,0.357,banana,fresh
34613885,34233,90.05,857.00,73.00,0.440,4.189,0.357,banana,fresh
34614896,34234,90.10,857.00,73.00,0.440,4.189,0.357,banana,fresh
34615908,34235,90.05,857.00,73.00,0.440,4.189,0.357,banana,fresh
34616919,34236,90.10,857.00,73.00,0.440,4.189,0.357,banana,fresh
34617930,34237,90.10,857.00,73.10,0.440,4.189,0.357,banana,fresh
34618941,34238,90.10,857.00,73.00,0.440,4.189,0.357,banana,fresh
34619952,34239,90.00,857.00,73.00,0.440,4.189,0.357,banana,fresh
34620963,34240,90.05,857.00,73.00,0.440,4.189,0.357,banana,fresh
34621974,34241,90.00,856.95,73.05,0.440,4.188,0.357,banana,fresh
34622986,34242,90.05,857.05,73.00,0.440,4.189,0.357,banana,fresh
34623996,34243,90.05,857.00,73.00,0.440,4.189,0.357,banana,fresh
34625008,34244,90.00,857.00,73.10,0.440,4.189,0.357,banana,fresh
34626019,34245,90.05,857.00,73.00,0.440,4.189,0.357,banana,fresh
34627030,34246,90.05,857.00,73.00,0.440,4.189,0.357,banana,fresh
34628041,34247,90.00,857.00,73.00,0.440,4.189,0.357,banana,fresh
34629052,34248,90.00,856.95,73.05,0.440,4.188,0.357,banana,fresh
34630064,34249,90.15,856.95,73.00,0.441,4.188,0.357,banana,fresh
34631074,34250,90.05,857.00,73.05,0.440,4.189,0.357,banana,fresh
34632085,34251,90.10,856.90,73.05,0.440,4.188,0.357,banana,fresh
34633097,34252,90.10,856.95,73.00,0.440,4.188,0.357,banana,fresh
34634107,34253,90.15,857.00,73.00,0.441,4.189,0.357,banana,fresh
34635119,34254,90.05,857.00,73.10,0.440,4.189,0.357,banana,fresh
34636130,34255,90.05,856.95,73.00,0.440,4.188,0.357,banana,fresh
34637142,34256,90.10,856.95,73.05,0.440,4.188,0.357,banana,fresh
34638152,34257,90.10,856.95,73.00,0.440,4.188,0.357,banana,fresh
34639163,34258,90.00,857.00,73.00,0.440,4.189,0.357,banana,fresh
34640175,34259,90.05,856.95,73.00,0.440,4.188,0.357,banana,fresh
34641185,34260,90.00,857.00,73.00,0.440,4.189,0.357,banana,fresh
34642197,34261,90.00,856.95,73.00,0.440,4.188,0.357,banana,fresh
34643208,34262,90.05,856.95,73.00,0.440,4.188,0.357,banana,fresh
34644218,34263,90.00,856.80,73.00,0.440,4.188,0.357,banana,fresh
34645230,34264,89.95,856.95,73.00,0.440,4.188,0.357,banana,fresh
34646241,34265,90.00,857.00,73.00,0.440,4.189,0.357,banana,fresh
34647252,34266,90.05,856.95,73.00,0.440,4.188,0.357,banana,fresh
34648263,34267,90.00,856.95,73.05,0.440,4.188,0.357,banana,fresh
34649274,34268,90.05,856.95,73.00,0.440,4.188,0.357,banana,fresh
34650286,34269,90.00,857.00,73.05,0.440,4.189,0.357,banana,fresh
34651296,34270,90.05,857.00,73.00,0.440,4.189,0.357,banana,fresh
34652308,34271,90.10,856.95,73.05,0.440,4.188,0.357,banana,fresh
34653319,34272,90.05,856.95,73.00,0.440,4.188,0.357,banana,fresh
34654330,34273,89.95,856.95,73.00,0.440,4.188,0.357,banana,fresh
34655341,34274,90.00,856.95,73.00,0.440,4.188,0.357,banana,fresh
34656352,34275,90.00,856.90,73.00,0.440,4.188,0.357,banana,fresh
34657363,34276,90.00,856.95,73.00,0.440,4.188,0.357,banana,fresh
34658374,34277,90.05,856.90,73.00,0.440,4.188,0.357,banana,fresh
34659386,34278,90.00,856.95,73.05,0.440,4.188,0.357,banana,fresh
34660397,34279,90.00,856.90,73.00,0.440,4.188,0.357,banana,fresh
34661408,34280,89.95,856.90,73.00,0.440,4.188,0.357,banana,fresh
34662419,34281,90.00,857.00,73.00,0.440,4.189,0.357,banana,fresh
34663430,34282,89.95,857.00,73.00,0.440,4.189,0.357,banana,fresh
34664441,34283,90.05,856.85,72.95,0.440,4.188,0.357,banana,fresh
34665452,34284,90.00,856.95,73.05,0.440,4.188,0.357,banana,fresh
34666464,34285,90.00,856.95,73.00,0.440,4.188,0.357,banana,fresh
34667474,34286,90.00,856.95,73.00,0.440,4.188,0.357,banana,fresh
34668485,34287,90.00,857.00,73.00,0.440,4.189,0.357,banana,fresh
34669497,34288,90.00,856.90,73.00,0.440,4.188,0.357,banana,fresh
34670508,34289,90.00,856.95,72.95,0.440,4.188,0.357,banana,fresh
34671519,34290,89.95,857.00,73.00,0.440,4.189,0.357,banana,fresh
34672530,34291,90.00,857.00,73.00,0.440,4.189,0.357,banana,fresh
34673542,34292,90.00,856.95,73.00,0.440,4.188,0.357,banana,fresh
34674552,34293,90.00,856.90,73.00,0.440,4.188,0.357,banana,fresh
34675563,34294,90.00,856.90,73.00,0.440,4.188,0.357,banana,fresh
34676575,34295,90.00,856.95,73.00,0.440,4.188,0.357,banana,fresh
34677585,34296,89.95,857.00,73.00,0.440,4.189,0.357,banana,fresh
34678597,34297,90.00,857.00,73.00,0.440,4.189,0.357,banana,fresh
34679608,34298,90.00,856.90,73.00,0.440,4.188,0.357,banana,fresh
34680619,34299,90.00,856.85,73.00,0.440,4.188,0.357,banana,fresh
34681630,34300,90.05,856.90,73.00,0.440,4.188,0.357,banana,fresh
34682641,34301,89.95,856.90,73.00,0.440,4.188,0.357,banana,fresh
34683653,34302,89.90,856.90,73.00,0.439,4.188,0.357,banana,fresh
34684663,34303,90.00,856.85,72.95,0.440,4.188,0.357,banana,fresh
34685675,34304,90.00,856.85,73.00,0.440,4.188,0.357,banana,fresh
34686686,34305,90.00,856.85,73.00,0.440,4.188,0.357,banana,fresh
34687696,34306,89.95,856.90,73.00,0.440,4.188,0.357,banana,fresh
34688708,34307,89.95,857.00,73.00,0.440,4.189,0.357,banana,fresh
34689719,34308,89.85,856.95,73.00,0.439,4.188,0.357,banana,fresh
34690731,34309,89.90,856.95,73.00,0.439,4.188,0.357,banana,fresh
34691741,34310,90.00,856.95,73.00,0.440,4.188,0.357,banana,fresh
34692752,34311,90.00,856.75,73.00,0.440,4.187,0.357,banana,fresh
34693764,34312,90.00,856.95,73.00,0.440,4.188,0.357,banana,fresh
34694774,34313,89.95,856.85,73.00,0.440,4.188,0.357,banana,fresh
34695786,34314,89.95,857.00,73.00,0.440,4.189,0.357,banana,fresh
34696797,34315,89.85,856.95,73.00,0.439,4.188,0.357,banana,fresh
34697808,34316,90.00,856.90,73.00,0.440,4.188,0.357,banana,fresh
34698819,34317,90.00,857.00,72.95,0.440,4.189,0.357,banana,fresh
34699830,34318,90.00,856.85,73.00,0.440,4.188,0.357,banana,fresh
34700841,34319,89.90,856.90,73.00,0.439,4.188,0.357,banana,fresh
34701852,34320,89.95,856.85,73.00,0.440,4.188,0.357,banana,fresh
34702864,34321,89.90,856.80,73.00,0.439,4.188,0.357,banana,fresh
34703875,34322,90.00,856.90,72.95,0.440,4.188,0.357,banana,fresh
34704886,34323,89.95,856.85,73.00,0.440,4.188,0.357,banana,fresh
34705897,34324,90.00,856.80,73.00,0.440,4.188,0.357,banana,fresh
34706908,34325,89.95,856.90,73.00,0.440,4.188,0.357,banana,fresh
34707919,34326,89.90,856.75,72.90,0.439,4.187,0.356,banana,fresh
34708930,34327,90.00,856.65,73.00,0.440,4.187,0.357,banana,fresh
34709942,34328,90.00,856.75,72.95,0.440,4.187,0.357,banana,fresh
34710952,34329,89.90,856.90,73.00,0.439,4.188,0.357,banana,fresh
34711963,34330,89.90,856.80,73.00,0.439,4.188,0.357,banana,fresh
34712975,34331,89.85,856.60,73.00,0.439,4.187,0.357,banana,fresh
34713986,34332,89.90,856.70,73.00,0.439,4.187,0.357,banana,fresh
34714997,34333,89.90,856.75,73.00,0.439,4.187,0.357,banana,fresh
34716008,34334,89.95,856.70,72.90,0.440,4.187,0.356,banana,fresh
34717020,34335,89.85,856.80,73.00,0.439,4.188,0.357,banana,fresh
34718030,34336,89.85,856.80,72.90,0.439,4.188,0.356,banana,fresh
34719041,34337,89.85,856.85,72.95,0.439,4.188,0.357,banana,fresh
34720053,34338,89.95,856.65,73.00,0.440,4.187,0.357,banana,fresh
34721063,34339,89.80,856.85,72.90,0.439,4.188,0.356,banana,fresh
34722075,34340,89.90,856.60,73.00,0.439,4.187,0.357,banana,fresh
34723086,34341,89.70,856.75,72.95,0.438,4.187,0.357,banana,fresh
34724098,34342,89.75,856.65,72.70,0.439,4.187,0.355,banana,fresh
34725108,34343,89.95,856.95,73.00,0.440,4.188,0.357,banana,fresh
34726120,34344,89.75,856.85,72.90,0.439,4.188,0.356,banana,fresh
34727131,34345,89.85,856.70,72.95,0.439,4.187,0.357,banana,fresh
34728141,34346,89.75,856.75,72.95,0.439,4.187,0.357,banana,fresh
34729153,34347,89.85,856.85,72.95,0.439,4.188,0.357,banana,fresh
34730164,34348,89.75,856.70,72.85,0.439,4.187,0.356,banana,fresh
34731175,34349,89.80,856.70,72.95,0.439,4.187,0.357,banana,fresh
34732186,34350,89.70,856.60,72.95,0.438,4.187,0.357,banana,fresh
34733198,34351,89.80,856.70,72.85,0.439,4.187,0.356,banana,fresh
34734209,34352,89.85,856.75,72.80,0.439,4.187,0.356,banana,fresh
34735220,34353,89.80,856.65,72.90,0.439,4.187,0.356,banana,fresh
34736231,34354,89.70,856.75,72.90,0.438,4.187,0.356,banana,fresh
34737242,34355,89.70,856.80,72.95,0.438,4.188,0.357,banana,fresh
34738253,34356,89.90,856.65,72.90,0.439,4.187,0.356,banana,fresh
34739264,34357,89.50,856.65,73.00,0.437,4.187,0.357,banana,fresh
34740276,34358,89.75,856.65,73.00,0.439,4.187,0.357,banana,fresh
34741286,34359,89.70,856.60,72.90,0.438,4.187,0.356,banana,fresh
34742298,34360,89.70,856.65,72.90,0.438,4.187,0.356,banana,fresh
34743309,34361,89.55,856.80,72.90,0.438,4.188,0.356,banana,fresh
34744320,34362,89.60,856.70,72.90,0.438,4.187,0.356,banana,fresh
34745331,34363,89.75,856.70,72.85,0.439,4.187,0.356,banana,fresh
34746342,34364,89.70,856.95,73.00,0.438,4.188,0.357,banana,fresh
34747354,34365,89.75,856.85,72.90,0.439,4.188,0.356,banana,fresh
34748364,34366,89.90,856.55,72.85,0.439,4.186,0.356,banana,fresh
34749376,34367,89.70,856.65,72.85,0.438,4.187,0.356,banana,fresh
34750387,34368,89.70,856.60,72.80,0.438,4.187,0.356,banana,fresh
34751397,34369,89.70,856.70,72.85,0.438,4.187,0.356,banana,fresh
34752409,34370,89.75,856.65,72.90,0.439,4.187,0.356,banana,fresh
34753420,34371,89.55,856.60,72.90,0.438,4.187,0.356,banana,fresh
34754432,34372,89.60,856.55,72.95,0.438,4.186,0.357,banana,fresh
34755442,34373,89.60,856.60,72.80,0.438,4.187,0.356,banana,fresh
34756454,34374,89.55,856.70,72.90,0.438,4.187,0.356,banana,fresh
34757465,34375,89.65,856.70,72.95,0.438,4.187,0.357,banana,fresh
34758476,34376,89.65,856.60,72.95,0.438,4.187,0.357,banana,fresh
34759487,34377,89.65,856.65,72.85,0.438,4.187,0.356,banana,fresh
34760498,34378,89.55,856.70,72.85,0.438,4.187,0.356,banana,fresh
34761509,34379,89.50,856.55,72.85,0.437,4.186,0.356,banana,fresh
34762520,34380,89.65,856.55,72.80,0.438,4.186,0.356,banana,fresh
34763532,34381,89.45,856.65,72.90,0.437,4.187,0.356,banana,fresh
34764542,34382,89.65,856.50,72.70,0.438,4.186,0.355,banana,fresh
34765554,34383,89.50,856.85,72.80,0.437,4.188,0.356,banana,fresh
34766565,34384,89.50,856.65,72.85,0.437,4.187,0.356,banana,fresh
34767576,34385,89.65,856.50,72.80,0.438,4.186,0.356,banana,fresh
34768587,34386,89.35,856.70,72.85,0.437,4.187,0.356,banana,fresh
34769598,34387,89.45,856.60,72.80,0.437,4.187,0.356,banana,fresh
34770610,34388,89.70,856.60,72.70,0.438,4.187,0.355,banana,fresh
34771620,34389,89.40,856.45,73.00,0.437,4.186,0.357,banana,fresh
34772632,34390,89.50,856.60,72.90,0.437,4.187,0.356,banana,fresh
34773643,34391,89.60,856.85,72.95,0.438,4.188,0.357,banana,fresh
34774653,34392,89.45,856.55,72.95,0.437,4.186,0.357,banana,fresh
34775665,34393,89.55,856.65,72.85,0.438,4.187,0.356,banana,fresh
34776676,34394,89.45,856.80,72.90,0.437,4.188,0.356,banana,fresh
34777688,34395,89.50,856.75,72.80,0.437,4.187,0.356,banana,fresh
34778698,34396,89.45,856.45,72.75,0.437,4.186,0.356,banana,fresh
34779710,34397,89.50,856.85,72.75,0.437,4.188,0.356,banana,fresh
34780721,34398,89.50,856.65,72.65,0.437,4.187,0.355,banana,fresh
34781732,34399,89.50,856.65,72.95,0.437,4.187,0.357,banana,fresh
34782743,34400,89.45,856.50,72.70,0.437,4.186,0.355,banana,fresh
34783754,34401,89.60,856.70,72.80,0.438,4.187,0.356,banana,fresh
34784765,34402,89.40,856.65,72.80,0.437,4.187,0.356,banana,fresh
34785776,34403,89.40,856.50,72.75,0.437,4.186,0.356,banana,fresh
34786788,34404,89.35,856.45,72.80,0.437,4.186,0.356,banana,fresh
34787799,34405,89.35,856.45,72.70,0.437,4.186,0.355,banana,fresh
34788810,34406,89.50,856.85,72.65,0.437,4.188,0.355,banana,fresh
34789821,34407,89.40,856.60,72.80,0.437,4.187,0.356,banana,fresh
34790832,34408,89.30,856.60,72.75,0.436,4.187,0.356,banana,fresh
34791843,34409,89.50,856.55,72.65,0.437,4.186,0.355,banana,fresh
34792854,34410,89.55,856.60,72.60,0.438,4.187,0.355,banana,fresh
34793866,34411,89.35,856.60,72.45,0.437,4.187,0.354,banana,fresh
34794876,34412,89.45,856.55,72.75,0.437,4.186,0.356,banana,fresh
34795888,34413,89.45,856.50,72.70,0.437,4.186,0.355,banana,fresh
34796899,34414,89.30,856.65,72.75,0.436,4.187,0.356,banana,fresh
34797911,34415,89.35,856.50,72.60,0.437,4.186,0.355,banana,fresh
34798921,34416,89.65,856.50,72.40,0.438,4.186,0.354,banana,fresh
34799932,34417,89.40,856.40,72.65,0.437,4.186,0.355,banana,fresh
34800944,34418,89.30,856.45,72.85,0.436,4.186,0.356,banana,fresh
34801954,34419,89.55,856.45,72.80,0.438,4.186,0.356,banana,fresh
34802966,34420,89.40,856.50,72.50,0.437,4.186,0.354,banana,fresh
34803977,34421,89.20,856.55,72.70,0.436,4.186,0.355,banana,fresh
34804988,34422,89.35,856.45,72.65,0.437,4.186,0.355,banana,fresh
34805999,34423,89.25,856.45,72.55,0.436,4.186,0.355,banana,fresh
34807011,34424,89.20,856.50,72.75,0.436,4.186,0.356,banana,fresh
34808022,34425,89.35,856.60,72.75,0.437,4.187,0.356,banana,fresh
34809032,34426,89.35,856.60,72.55,0.437,4.187,0.355,banana,fresh
34810044,34427,89.15,856.30,72.45,0.436,4.185,0.354,banana,fresh
34811055,34428,89.25,856.40,72.55,0.436,4.186,0.355,banana,fresh
34812066,34429,89.20,856.45,72.50,0.436,4.186,0.354,banana,fresh
34813077,34430,89.20,856.40,72.40,0.436,4.186,0.354,banana,fresh
34814089,34431,89.25,856.40,72.75,0.436,4.186,0.356,banana,fresh
34815099,34432,89.30,856.55,72.50,0.436,4.186,0.354,banana,fresh
34816111,34433,89.30,856.40,72.75,0.436,4.186,0.356,banana,fresh
34817122,34434,89.40,856.75,72.60,0.437,4.187,0.355,banana,fresh
34818132,34435,89.35,856.40,72.55,0.437,4.186,0.355,banana,fresh
34819144,34436,89.20,856.45,72.70,0.436,4.186,0.355,banana,fresh
34820155,34437,89.30,856.45,72.65,0.436,4.186,0.355,banana,fresh
34821167,34438,89.10,856.35,72.60,0.435,4.185,0.355,banana,fresh
34822177,34439,89.15,856.40,72.60,0.436,4.186,0.355,banana,fresh
34823189,34440,89.15,856.30,72.55,0.436,4.185,0.355,banana,fresh
34824200,34441,89.20,856.55,72.60,0.436,4.186,0.355,banana,fresh
34825210,34442,89.20,856.35,72.50,0.436,4.185,0.354,banana,fresh
34826222,34443,89.20,856.70,72.55,0.436,4.187,0.355,banana,fresh
34827233,34444,89.20,856.30,72.60,0.436,4.185,0.355,banana,fresh
34828244,34445,89.15,856.55,72.45,0.436,4.186,0.354,banana,fresh
34829255,34446,89.15,856.40,72.60,0.436,4.186,0.355,banana,fresh
34830267,34447,89.30,856.45,72.55,0.436,4.186,0.355,banana,fresh
34831278,34448,89.05,856.55,72.25,0.435,4.186,0.353,banana,fresh
34832289,34449,89.15,856.35,72.50,0.436,4.185,0.354,banana,fresh
34833300,34450,89.25,856.40,72.50,0.436,4.186,0.354,banana,fresh
34834311,34451,89.20,856.45,72.50,0.436,4.186,0.354,banana,fresh
34835322,34452,89.20,856.45,72.25,0.436,4.186,0.353,banana,fresh
34836333,34453,89.15,856.45,72.30,0.436,4.186,0.353,banana,fresh
34837345,34454,89.10,856.25,72.35,0.435,4.185,0.354,banana,fresh
34838355,34455,89.05,856.35,72.35,0.435,4.185,0.354,banana,fresh
34839367,34456,89.10,856.45,72.55,0.435,4.186,0.355,banana,fresh
34840378,34457,89.15,856.40,72.30,0.436,4.186,0.353,banana,fresh
34841389,34458,89.10,856.45,72.45,0.435,4.186,0.354,banana,fresh
34842400,34459,89.25,856.50,72.35,0.436,4.186,0.354,banana,fresh
34843411,34460,89.15,856.45,72.40,0.436,4.186,0.354,banana,fresh
34844423,34461,89.40,856.20,72.40,0.437,4.185,0.354,banana,fresh
34845433,34462,89.15,856.15,72.35,0.436,4.185,0.354,banana,fresh
34846445,34463,89.15,856.45,72.35,0.436,4.186,0.354,banana,fresh
34847456,34464,89.00,856.35,72.25,0.435,4.185,0.353,banana,fresh
34848467,34465,89.15,856.50,72.45,0.436,4.186,0.354,banana,fresh
34849478,34466,89.15,856.35,72.25,0.436,4.185,0.353,banana,fresh
34850489,34467,89.20,856.55,72.25,0.436,4.186,0.353,banana,fresh
34851501,34468,89.25,856.35,72.35,0.436,4.185,0.354,banana,fresh
34852511,34469,89.15,856.45,72.30,0.436,4.186,0.353,banana,fresh
34853523,34470,89.10,856.30,72.15,0.435,4.185,0.353,banana,fresh
34854534,34471,89.10,856.30,72.30,0.435,4.185,0.353,banana,fresh
34855545,34472,89.10,856.55,72.30,0.435,4.186,0.353,banana,fresh
34856556,34473,89.10,856.40,72.30,0.435,4.186,0.353,banana,fresh
34857567,34474,89.15,856.25,72.25,0.436,4.185,0.353,banana,fresh
34858578,34475,89.10,856.45,72.45,0.435,4.186,0.354,banana,fresh
34859589,34476,89.10,856.25,72.40,0.435,4.185,0.354,banana,fresh
34860601,34477,89.10,856.40,72.10,0.435,4.186,0.352,banana,fresh
34861612,34478,89.10,856.25,72.25,0.435,4.185,0.353,banana,fresh
34862623,34479,89.05,856.15,72.30,0.435,4.185,0.353,banana,fresh
34863634,34480,89.10,856.20,72.35,0.435,4.185,0.354,banana,fresh
34864646,34481,89.10,856.40,72.25,0.435,4.186,0.353,banana,fresh
34865656,34482,89.15,856.25,72.15,0.436,4.185,0.353,banana,fresh
34866667,34483,89.10,856.25,72.20,0.435,4.185,0.353,banana,fresh
34867679,34484,89.15,856.35,72.35,0.436,4.185,0.354,banana,fresh
34868689,34485,89.10,856.30,72.25,0.435,4.185,0.353,banana,fresh
34869701,34486,89.00,856.20,72.05,0.435,4.185,0.352,banana,fresh
34870712,34487,89.05,856.45,72.15,0.435,4.186,0.353,banana,fresh
34871724,34488,89.00,856.25,72.25,0.435,4.185,0.353,banana,fresh
34872734,34489,89.05,856.35,72.15,0.435,4.185,0.353,banana,fresh
34873746,34490,89.05,856.25,72.30,0.435,4.185,0.353,banana,fresh
34874757,34491,89.05,856.35,72.05,0.435,4.185,0.352,banana,fresh
34875767,34492,89.00,856.25,72.05,0.435,4.185,0.352,banana,fresh
34876779,34493,89.15,856.20,72.20,0.436,4.185,0.353,banana,fresh
34877790,34494,89.00,856.35,72.20,0.435,4.185,0.353,banana,fresh
34878801,34495,89.05,856.30,72.10,0.435,4.185,0.352,banana,fresh
34879812,34496,89.00,856.30,72.10,0.435,4.185,0.352,banana,fresh
34880824,34497,89.05,856.40,72.10,0.435,4.186,0.352,banana,fresh
34881835,34498,89.05,856.45,72.15,0.435,4.186,0.353,banana,fresh
34882845,34499,89.10,856.25,72.10,0.435,4.185,0.352,banana,fresh
34883857,34500,89.05,856.55,72.15,0.435,4.186,0.353,banana,fresh
34884868,34501,89.10,856.20,72.10,0.435,4.185,0.352,banana,fresh
34885879,34502,89.05,856.20,72.20,0.435,4.185,0.353,banana,fresh
34886890,34503,89.00,856.25,72.15,0.435,4.185,0.353,banana,fresh
34887902,34504,89.05,856.35,72.10,0.435,4.185,0.352,banana,fresh
34888912,34505,89.05,856.35,72.10,0.435,4.185,0.352,banana,fresh
34889923,34506,89.00,856.25,72.05,0.435,4.185,0.352,banana,fresh
34890935,34507,89.00,856.25,72.10,0.435,4.185,0.352,banana,fresh
34891945,34508,89.05,856.20,72.10,0.435,4.185,0.352,banana,fresh
34892957,34509,89.00,856.25,72.05,0.435,4.185,0.352,banana,fresh
34893968,34510,89.10,856.55,72.00,0.435,4.186,0.352,banana,fresh
34894980,34511,89.00,856.30,72.25,0.435,4.185,0.353,banana,fresh
34895990,34512,89.00,856.30,72.10,0.435,4.185,0.352,banana,fresh
34897001,34513,89.00,856.35,72.05,0.435,4.185,0.352,banana,fresh
34898013,34514,89.05,856.50,72.10,0.435,4.186,0.352,banana,fresh
34899023,34515,89.00,856.20,72.25,0.435,4.185,0.353,banana,fresh
34900035,34516,89.00,856.25,72.05,0.435,4.185,0.352,banana,fresh
34901046,34517,89.00,856.30,72.10,0.435,4.185,0.352,banana,fresh
34902057,34518,89.05,856.35,72.15,0.435,4.185,0.353,banana,fresh
34903068,34519,89.00,856.25,72.05,0.435,4.185,0.352,banana,fresh
34904080,34520,89.00,856.25,72.00,0.435,4.185,0.352,banana,fresh
34905091,34521,88.95,856.10,72.05,0.435,4.184,0.352,banana,fresh
34906101,34522,88.95,856.25,72.05,0.435,4.185,0.352,banana,fresh
34907113,34523,89.00,856.10,72.05,0.435,4.184,0.352,banana,fresh
34908124,34524,89.00,856.15,72.10,0.435,4.185,0.352,banana,fresh
34909135,34525,89.00,856.35,72.05,0.435,4.185,0.352,banana,fresh
34910146,34526,88.95,856.30,72.25,0.435,4.185,0.353,banana,fresh
34911158,34527,89.00,856.25,72.05,0.435,4.185,0.352,banana,fresh
34912168,34528,89.05,856.30,72.05,0.435,4.185,0.352,banana,fresh
34913179,34529,88.95,856.35,72.05,0.435,4.185,0.352,banana,fresh
34914191,34530,89.00,856.15,72.00,0.435,4.185,0.352,banana,fresh
34915202,34531,89.00,856.20,72.00,0.435,4.185,0.352,banana,fresh
34916213,34532,89.00,856.20,72.05,0.435,4.185,0.352,banana,fresh
34917224,34533,88.90,856.15,72.10,0.435,4.185,0.352,banana,fresh
34918236,34534,89.00,856.25,72.05,0.435,4.185,0.352,banana,fresh
34919246,34535,88.95,856.25,72.05,0.435,4.185,0.352,banana,fresh
34920257,34536,89.00,856.15,72.20,0.435,4.185,0.353,banana,fresh
34921269,34537,88.95,856.35,72.15,0.435,4.185,0.353,banana,fresh
34922279,34538,88.95,856.15,72.00,0.435,4.185,0.352,banana,fresh
34923291,34539,89.00,856.25,72.05,0.435,4.185,0.352,banana,fresh
34924302,34540,88.95,856.30,72.00,0.435,4.185,0.352,banana,fresh
34925314,34541,89.00,856.20,71.95,0.435,4.185,0.352,banana,fresh
34926324,34542,89.00,856.15,72.00,0.435,4.185,0.352,banana,fresh
34927335,34543,88.90,856.20,72.05,0.435,4.185,0.352,banana,fresh
34928347,34544,88.95,856.35,72.00,0.435,4.185,0.352,banana,fresh
34929357,34545,88.90,856.15,72.05,0.435,4.185,0.352,banana,fresh
34930369,34546,88.90,856.25,72.00,0.435,4.185,0.352,banana,fresh
34931380,34547,89.00,856.10,72.10,0.435,4.184,0.352,banana,fresh
34932391,34548,89.00,856.30,72.05,0.435,4.185,0.352,banana,fresh
34933402,34549,88.90,856.15,72.05,0.435,4.185,0.352,banana,fresh
34934413,34550,88.90,856.20,72.00,0.435,4.185,0.352,banana,fresh
34935425,34551,88.95,856.15,72.00,0.435,4.185,0.352,banana,fresh
34936435,34552,88.90,856.10,72.00,0.435,4.184,0.352,banana,fresh
34937447,34553,88.85,856.30,72.05,0.434,4.185,0.352,banana,fresh
34938458,34554,88.90,856.20,72.00,0.435,4.185,0.352,banana,fresh
34939469,34555,88.95,856.20,72.05,0.435,4.185,0.352,banana,fresh
34940480,34556,88.90,856.15,72.00,0.435,4.185,0.352,banana,fresh
34941492,34557,88.80,856.10,72.00,0.434,4.184,0.352,banana,fresh
34942502,34558,88.95,856.10,72.00,0.435,4.184,0.352,banana,fresh
34943513,34559,88.90,856.10,72.05,0.435,4.184,0.352,banana,fresh
34944525,34560,88.95,856.15,72.00,0.435,4.185,0.352,banana,fresh
34945536,34561,88.90,856.00,72.05,0.435,4.184,0.352,banana,fresh
34946547,34562,88.80,856.10,72.00,0.434,4.184,0.352,banana,fresh
34947558,34563,88.80,856.05,72.00,0.434,4.184,0.352,banana,fresh
34948570,34564,89.00,856.05,72.05,0.435,4.184,0.352,banana,fresh
34949580,34565,88.75,856.05,72.05,0.434,4.184,0.352,banana,fresh
34950591,34566,88.90,856.10,72.05,0.435,4.184,0.352,banana,fresh
34951603,34567,88.90,856.05,72.05,0.435,4.184,0.352,banana,fresh
34952613,34568,88.95,856.10,72.00,0.435,4.184,0.352,banana,fresh
34953625,34569,88.80,856.25,72.00,0.434,4.185,0.352,banana,fresh
34954636,34570,88.95,856.10,72.00,0.435,4.184,0.352,banana,fresh
34955648,34571,88.85,856.05,72.00,0.434,4.184,0.352,banana,fresh
34956658,34572,88.90,856.10,72.00,0.435,4.184,0.352,banana,fresh
34957669,34573,88.80,856.20,72.00,0.434,4.185,0.352,banana,fresh
34958681,34574,88.80,856.15,72.00,0.434,4.185,0.352,banana,fresh
34959691,34575,88.85,856.15,72.00,0.434,4.185,0.352,banana,fresh
34960703,34576,88.90,856.10,72.00,0.435,4.184,0.352,banana,fresh
34961714,34577,88.90,856.20,72.00,0.435,4.185,0.352,banana,fresh
34962725,34578,88.90,856.20,72.00,0.435,4.185,0.352,banana,fresh
34963736,34579,88.95,856.10,72.00,0.435,4.184,0.352,banana,fresh
34964748,34580,88.85,856.20,72.00,0.434,4.185,0.352,banana,fresh
34965758,34581,88.80,856.20,72.00,0.434,4.185,0.352,banana,fresh
34966769,34582,88.70,856.05,72.00,0.434,4.184,0.352,banana,fresh
34967781,34583,88.80,856.15,72.00,0.434,4.185,0.352,banana,fresh
34968792,34584,88.80,856.25,72.05,0.434,4.185,0.352,banana,fresh
34969803,34585,88.70,856.05,72.00,0.434,4.184,0.352,banana,fresh
34970814,34586,88.80,856.00,72.05,0.434,4.184,0.352,banana,fresh
34971826,34587,88.75,856.15,72.00,0.434,4.185,0.352,banana,fresh
34972836,34588,88.75,856.00,72.00,0.434,4.184,0.352,banana,fresh
34973847,34589,88.75,856.10,72.00,0.434,4.184,0.352,banana,fresh
34974859,34590,88.70,856.05,72.00,0.434,4.184,0.352,banana,fresh
34975869,34591,88.80,856.10,72.00,0.434,4.184,0.352,banana,fresh
34976881,34592,88.75,856.15,72.00,0.434,4.185,0.352,banana,fresh
34977892,34593,88.95,856.05,72.05,0.435,4.184,0.352,banana,fresh
34978904,34594,88.50,856.05,72.00,0.433,4.184,0.352,banana,fresh
34979914,34595,88.75,856.15,72.00,0.434,4.185,0.352,banana,fresh
34980925,34596,88.75,856.00,72.00,0.434,4.184,0.352,banana,fresh
34981937,34597,88.90,856.10,72.00,0.435,4.184,0.352,banana,fresh
34982947,34598,88.80,856.00,72.00,0.434,4.184,0.352,banana,fresh
34983959,34599,88.75,856.05,72.00,0.434,4.184,0.352,banana,fresh
34984970,34600,88.70,856.00,72.00,0.434,4.184,0.352,banana,fresh
34985981,34601,88.70,856.10,72.00,0.434,4.184,0.352,banana,fresh
34986992,34602,88.70,856.10,72.00,0.434,4.184,0.352,banana,fresh
34988003,34603,88.55,856.05,72.00,0.433,4.184,0.352,banana,fresh
34989015,34604,88.70,856.05,72.00,0.434,4.184,0.352,banana,fresh
34990025,34605,88.35,856.05,72.00,0.432,4.184,0.352,banana,fresh
34991037,34606,88.60,856.05,72.00,0.433,4.184,0.352,banana,fresh
34992048,34607,88.65,856.10,72.00,0.433,4.184,0.352,banana,fresh
34993059,34608,88.80,856.05,72.00,0.434,4.184,0.352,banana,fresh
34994070,34609,88.70,856.05,71.95,0.434,4.184,0.352,banana,fresh
34995081,34610,88.65,856.00,72.00,0.433,4.184,0.352,banana,fresh
34996092,34611,88.85,856.05,72.00,0.434,4.184,0.352,banana,fresh
34997103,34612,88.50,856.00,72.00,0.433,4.184,0.352,banana,fresh
34998115,34613,88.55,856.00,72.00,0.433,4.184,0.352,banana,fresh
34999126,34614,88.65,856.05,72.00,0.433,4.184,0.352,banana,fresh
35000137,34615,88.70,856.15,72.00,0.434,4.185,0.352,banana,fresh
35001148,34616,88.45,856.05,72.00,0.432,4.184,0.352,banana,fresh
35002159,34617,88.55,856.05,71.90,0.433,4.184,0.351,banana,fresh
35003170,34618,88.60,856.05,71.95,0.433,4.184,0.352,banana,fresh
35004181,34619,88.55,856.05,71.95,0.433,4.184,0.352,banana,fresh
35005193,34620,88.35,856.00,72.00,0.432,4.184,0.352,banana,fresh
35006203,34621,88.50,856.05,71.95,0.433,4.184,0.352,banana,fresh
35007215,34622,88.35,856.05,72.00,0.432,4.184,0.352,banana,fresh
35008226,34623,88.45,856.00,72.00,0.432,4.184,0.352,banana,fresh
35009236,34624,88.60,856.10,71.95,0.433,4.184,0.352,banana,fresh
35010248,34625,88.55,856.00,71.95,0.433,4.184,0.352,banana,fresh
35011259,34626,88.55,856.05,72.00,0.433,4.184,0.352,banana,fresh
35012271,34627,88.35,856.00,72.00,0.432,4.184,0.352,banana,fresh
35013281,34628,88.50,856.10,72.00,0.433,4.184,0.352,banana,fresh
35014293,34629,88.45,856.05,72.00,0.432,4.184,0.352,banana,fresh
35015304,34630,88.35,856.15,71.95,0.432,4.185,0.352,banana,fresh
35016314,34631,88.55,856.00,72.00,0.433,4.184,0.352,banana,fresh
35017326,34632,88.25,856.10,71.95,0.431,4.184,0.352,banana,fresh
35018337,34633,88.50,856.05,72.00,0.433,4.184,0.352,banana,fresh
35019348,34634,88.40,856.00,71.95,0.432,4.184,0.352,banana,fresh
35020359,34635,88.55,856.05,72.00,0.433,4.184,0.352,banana,fresh
35021371,34636,88.55,856.10,71.85,0.433,4.184,0.351,banana,fresh
35022382,34637,88.50,856.05,72.00,0.433,4.184,0.352,banana,fresh
35023392,34638,88.60,856.05,72.00,0.433,4.184,0.352,banana,fresh
35024404,34639,88.45,856.00,71.90,0.432,4.184,0.351,banana,fresh
35025415,34640,88.40,856.00,72.00,0.432,4.184,0.352,banana,fresh
35026426,34641,88.35,856.05,71.95,0.432,4.184,0.352,banana,fresh
35027437,34642,88.30,856.00,71.95,0.432,4.184,0.352,banana,fresh
35028449,34643,88.30,856.00,72.00,0.432,4.184,0.352,banana,fresh
35029459,34644,88.65,856.00,72.00,0.433,4.184,0.352,banana,fresh
35030470,34645,88.20,856.00,71.90,0.431,4.184,0.351,banana,fresh
35031482,34646,88.30,856.05,72.00,0.432,4.184,0.352,banana,fresh
35032493,34647,88.50,856.05,71.90,0.433,4.184,0.351,banana,fresh
35033504,34648,88.40,856.00,71.90,0.432,4.184,0.351,banana,fresh
35034515,34649,88.25,856.00,72.00,0.431,4.184,0.352,banana,fresh
35035527,34650,88.50,856.05,71.95,0.433,4.184,0.352,banana,fresh
35036537,34651,88.45,856.05,72.00,0.432,4.184,0.352,banana,fresh
35037548,34652,88.45,856.00,71.90,0.432,4.184,0.351,banana,fresh
35038560,34653,88.30,856.10,71.85,0.432,4.184,0.351,banana,fresh
35039570,34654,88.35,856.00,71.85,0.432,4.184,0.351,banana,fresh
35040582,34655,88.35,856.00,71.95,0.432,4.184,0.352,banana,fresh
35041593,34656,88.20,856.00,71.90,0.431,4.184,0.351,banana,fresh
35042605,34657,88.40,856.00,72.00,0.432,4.184,0.352,banana,fresh
35043615,34658,88.40,856.00,72.00,0.432,4.184,0.352,banana,fresh
35044626,34659,88.35,856.00,71.95,0.432,4.184,0.352,banana,fresh
35045638,34660,88.35,856.10,72.00,0.432,4.184,0.352,banana,fresh
35046648,34661,88.30,856.05,71.85,0.432,4.184,0.351,banana,fresh
35047660,34662,88.30,856.00,71.70,0.432,4.184,0.350,banana,fresh
35048671,34663,88.25,856.00,71.85,0.431,4.184,0.351,banana,fresh
35049682,34664,88.20,856.00,71.80,0.431,4.184,0.351,banana,fresh
35050693,34665,88.35,856.00,71.85,0.432,4.184,0.351,banana,fresh
35051705,34666,88.30,856.00,71.95,0.432,4.184,0.352,banana,fresh
35052716,34667,88.20,856.05,71.95,0.431,4.184,0.352,banana,fresh
35053726,34668,88.25,856.00,71.85,0.431,4.184,0.351,banana,fresh
35054738,34669,88.25,856.00,71.80,0.431,4.184,0.351,banana,fresh
35055749,34670,88.30,856.00,71.95,0.432,4.184,0.352,banana,fresh
35056760,34671,88.15,856.00,71.95,0.431,4.184,0.352,banana,fresh
35057771,34672,88.25,856.05,71.95,0.431,4.184,0.352,banana,fresh
35058783,34673,88.05,856.00,71.95,0.430,4.184,0.352,banana,fresh
35059793,34674,88.30,856.00,71.95,0.432,4.184,0.352,banana,fresh
35060804,34675,88.30,856.00,71.95,0.432,4.184,0.352,banana,fresh
35061816,34676,88.30,856.00,71.80,0.432,4.184,0.351,banana,fresh
35062827,34677,88.05,856.00,71.85,0.430,4.184,0.351,banana,fresh
35063838,34678,88.15,856.00,71.85,0.431,4.184,0.351,banana,fresh
35064849,34679,88.05,856.00,71.85,0.430,4.184,0.351,banana,fresh
35065861,34680,88.15,856.00,71.90,0.431,4.184,0.351,banana,fresh
35066871,34681,88.05,856.00,71.90,0.430,4.184,0.351,banana,fresh
35067882,34682,88.20,856.00,71.80,0.431,4.184,0.351,banana,fresh
35068894,34683,88.05,856.00,71.85,0.430,4.184,0.351,banana,fresh
35069904,34684,88.15,856.05,71.80,0.431,4.184,0.351,banana,fresh
35070916,34685,88.10,856.05,71.80,0.431,4.184,0.351,banana,fresh
35071927,34686,88.05,856.00,71.70,0.430,4.184,0.350,banana,fresh
35072939,34687,88.10,856.00,71.85,0.431,4.184,0.351,banana,fresh
35073949,34688,88.05,856.00,71.90,0.430,4.184,0.351,banana,fresh
35074960,34689,88.15,856.05,71.70,0.431,4.184,0.350,banana,fresh
35075972,34690,88.20,856.00,71.65,0.431,4.184,0.350,banana,fresh
35076982,34691,88.00,856.00,71.80,0.430,4.184,0.351,banana,fresh
35077994,34692,88.10,856.00,71.80,0.431,4.184,0.351,banana,fresh
35079005,34693,88.00,856.00,71.80,0.430,4.184,0.351,banana,fresh
35080016,34694,88.05,856.00,71.60,0.430,4.184,0.350,banana,fresh
35081027,34695,88.25,856.00,71.85,0.431,4.184,0.351,banana,fresh
35082038,34696,88.05,856.00,71.85,0.430,4.184,0.351,banana,fresh
35083049,34697,88.05,856.00,71.65,0.430,4.184,0.350,banana,fresh
35084060,34698,88.15,855.95,71.70,0.431,4.184,0.350,banana,fresh
35085072,34699,88.00,856.00,71.75,0.430,4.184,0.351,banana,fresh
35086083,34700,88.10,856.00,71.75,0.431,4.184,0.351,banana,fresh
35087094,34701,88.05,856.05,71.80,0.430,4.184,0.351,banana,fresh
35088105,34702,88.10,855.95,71.45,0.431,4.184,0.349,banana,fresh
35089116,34703,88.05,856.00,71.75,0.430,4.184,0.351,banana,fresh
35090127,34704,88.10,856.00,71.75,0.431,4.184,0.351,banana,fresh
35091138,34705,88.05,855.95,71.70,0.430,4.184,0.350,banana,fresh
35092150,34706,88.15,856.00,71.75,0.431,4.184,0.351,banana,fresh
35093160,34707,88.00,856.00,71.50,0.430,4.184,0.349,banana,fresh
35094172,34708,88.05,855.95,71.40,0.430,4.184,0.349,banana,fresh
35095183,34709,88.10,855.95,71.55,0.431,4.184,0.350,banana,fresh
35096194,34710,88.00,856.00,71.80,0.430,4.184,0.351,banana,fresh
35097205,34711,88.05,856.00,71.50,0.430,4.184,0.349,banana,fresh
35098216,34712,88.20,855.95,71.50,0.431,4.184,0.349,banana,fresh
35099228,34713,88.00,856.00,71.65,0.430,4.184,0.350,banana,fresh
35100238,34714,88.05,856.00,71.60,0.430,4.184,0.350,banana,fresh
35101250,34715,88.05,856.05,71.70,0.430,4.184,0.350,banana,fresh
35102261,34716,88.10,856.00,71.65,0.431,4.184,0.350,banana,fresh
35103271,34717,88.10,856.05,71.40,0.431,4.184,0.349,banana,fresh
35104283,34718,88.05,856.00,71.45,0.430,4.184,0.349,banana,fresh
35105294,34719,88.05,856.00,71.60,0.430,4.184,0.350,banana,fresh
35106306,34720,88.00,856.00,71.45,0.430,4.184,0.349,banana,fresh
35107316,34721,88.05,856.00,71.50,0.430,4.184,0.349,banana,fresh
35108328,34722,88.00,856.00,71.75,0.430,4.184,0.351,banana,fresh
35109339,34723,88.00,856.00,71.60,0.430,4.184,0.350,banana,fresh
35110349,34724,88.10,856.00,71.50,0.431,4.184,0.349,banana,fresh
35111361,34725,88.10,855.95,71.60,0.431,4.184,0.350,banana,fresh
35112372,34726,88.00,855.95,71.65,0.430,4.184,0.350,banana,fresh
35113383,34727,88.10,856.00,71.50,0.431,4.184,0.349,banana,fresh
35114394,34728,88.05,855.90,71.35,0.430,4.183,0.349,banana,fresh
35115406,34729,88.10,856.00,71.45,0.431,4.184,0.349,banana,fresh
35116417,34730,88.00,856.00,71.60,0.430,4.184,0.350,banana,fresh
35117427,34731,88.10,856.00,71.35,0.431,4.184,0.349,banana,fresh
35118439,34732,88.10,855.95,71.60,0.431,4.184,0.350,banana,fresh
35119450,34733,88.00,856.00,71.40,0.430,4.184,0.349,banana,fresh
35120461,34734,88.05,856.00,71.65,0.430,4.184,0.350,banana,fresh
35121472,34735,88.00,856.00,71.50,0.430,4.184,0.349,banana,fresh
35122484,34736,87.95,856.00,71.60,0.430,4.184,0.350,banana,fresh
35123494,34737,88.00,855.95,71.40,0.430,4.184,0.349,banana,fresh
35124505,34738,88.00,856.00,71.55,0.430,4.184,0.350,banana,fresh
35125517,34739,88.05,856.00,71.50,0.430,4.184,0.349,banana,fresh
35126528,34740,88.00,856.00,71.50,0.430,4.184,0.349,banana,fresh
35127539,34741,88.00,855.95,71.60,0.430,4.184,0.350,banana,fresh
35128550,34742,87.95,856.00,71.45,0.430,4.184,0.349,banana,fresh
35129561,34743,88.00,855.90,71.35,0.430,4.183,0.349,banana,fresh
35130572,34744,88.00,856.00,71.40,0.430,4.184,0.349,banana,fresh
35131583,34745,88.00,856.00,71.35,0.430,4.184,0.349,banana,fresh
35132595,34746,87.95,855.95,71.40,0.430,4.184,0.349,banana,fresh
35133605,34747,87.95,855.95,71.30,0.430,4.184,0.348,banana,fresh
35134617,34748,88.00,856.00,71.55,0.430,4.184,0.350,banana,fresh
35135628,34749,88.00,856.00,71.20,0.430,4.184,0.348,banana,fresh
35136638,34750,88.05,855.95,71.25,0.430,4.184,0.348,banana,fresh
35137650,34751,88.00,855.90,71.35,0.430,4.183,0.349,banana,fresh
35138661,34752,88.05,856.00,71.30,0.430,4.184,0.348,banana,fresh
35139673,34753,88.00,855.90,71.30,0.430,4.183,0.348,banana,fresh
35140683,34754,88.00,855.90,71.35,0.430,4.183,0.349,banana,fresh
35141695,34755,88.00,856.00,71.55,0.430,4.184,0.350,banana,fresh
35142706,34756,88.00,856.00,71.35,0.430,4.184,0.349,banana,fresh
35143717,34757,88.00,855.90,71.40,0.430,4.183,0.349,banana,fresh
35144728,34758,87.95,855.90,71.30,0.430,4.183,0.348,banana,fresh
35145739,34759,88.00,855.95,71.35,0.430,4.184,0.349,banana,fresh
35146750,34760,88.00,855.95,71.25,0.430,4.184,0.348,banana,fresh
35147761,34761,87.95,855.95,71.25,0.430,4.184,0.348,banana,fresh
35148773,34762,88.00,855.95,71.25,0.430,4.184,0.348,banana,fresh
35149784,34763,88.00,855.95,71.35,0.430,4.184,0.349,banana,fresh
35150795,34764,88.00,855.90,71.25,0.430,4.183,0.348,banana,fresh
35151806,34765,87.95,856.00,71.10,0.430,4.184,0.348,banana,fresh
35152817,34766,87.95,855.85,71.20,0.430,4.183,0.348,banana,fresh
35153828,34767,88.00,855.95,71.25,0.430,4.184,0.348,banana,fresh
35154839,34768,87.95,856.00,71.20,0.430,4.184,0.348,banana,fresh
35155851,34769,88.00,855.95,71.40,0.430,4.184,0.349,banana,fresh
35156861,34770,87.95,855.95,71.20,0.430,4.184,0.348,banana,fresh
35157873,34771,87.95,855.90,71.20,0.430,4.183,0.348,banana,fresh
35158884,34772,88.00,856.00,71.20,0.430,4.184,0.348,banana,fresh
35159895,34773,88.00,855.95,71.25,0.430,4.184,0.348,banana,fresh
35160906,34774,87.95,855.85,71.15,0.430,4.183,0.348,banana,fresh
35161917,34775,88.00,856.00,71.15,0.430,4.184,0.348,banana,fresh
35162929,34776,87.95,856.00,71.30,0.430,4.184,0.348,banana,fresh
35163939,34777,87.85,855.95,71.10,0.429,4.184,0.348,banana,fresh
35164951,34778,87.95,855.95,71.35,0.430,4.184,0.349,banana,fresh
35165962,34779,87.90,855.85,71.15,0.430,4.183,0.348,banana,fresh
35166973,34780,87.95,855.95,71.05,0.430,4.184,0.347,banana,fresh
35167984,34781,88.00,855.95,71.10,0.430,4.184,0.348,banana,fresh
35168995,34782,88.00,855.95,71.15,0.430,4.184,0.348,banana,fresh
35170007,34783,87.95,855.90,71.10,0.430,4.183,0.348,banana,fresh
35171017,34784,87.95,855.95,71.10,0.430,4.184,0.348,banana,fresh
35172029,34785,88.00,855.95,71.20,0.430,4.184,0.348,banana,fresh
35173040,34786,88.00,855.75,71.25,0.430,4.183,0.348,banana,fresh
35174051,34787,87.95,855.80,71.15,0.430,4.183,0.348,banana,fresh
35175062,34788,87.90,855.90,71.15,0.430,4.183,0.348,banana,fresh
35176073,34789,87.95,855.90,71.15,0.430,4.183,0.348,banana,fresh
35177084,34790,87.95,855.95,71.15,0.430,4.184,0.348,banana,fresh
35178095,34791,87.95,855.95,71.10,0.430,4.184,0.348,banana,fresh
35179107,34792,88.00,855.85,71.20,0.430,4.183,0.348,banana,fresh
35180118,34793,87.85,855.80,71.20,0.429,4.183,0.348,banana,fresh
35181129,34794,87.90,856.00,71.05,0.430,4.184,0.347,banana,fresh
35182140,34795,88.00,855.85,71.20,0.430,4.183,0.348,banana,fresh
35183151,34796,87.90,855.95,71.15,0.430,4.184,0.348,banana,fresh
35184162,34797,88.00,855.95,71.20,0.430,4.184,0.348,banana,fresh
35185173,34798,88.00,855.85,71.10,0.430,4.183,0.348,banana,fresh
35186185,34799,88.00,856.00,71.00,0.430,4.184,0.347,banana,fresh
35187195,34800,87.90,856.00,71.05,0.430,4.184,0.347,banana,fresh
35188207,34801,87.95,855.85,71.05,0.430,4.183,0.347,banana,fresh
35189218,34802,87.95,855.80,71.20,0.430,4.183,0.348,banana,fresh
35190228,34803,87.90,855.90,71.10,0.430,4.183,0.348,banana,fresh
35191240,34804,87.80,855.95,71.05,0.429,4.184,0.347,banana,fresh
35192251,34805,87.80,855.95,71.05,0.429,4.184,0.347,banana,fresh
35193263,34806,88.00,855.90,71.00,0.430,4.183,0.347,banana,fresh
35194273,34807,87.95,855.80,71.00,0.430,4.183,0.347,banana,fresh
35195285,34808,87.90,855.85,71.00,0.430,4.183,0.347,banana,fresh
35196296,34809,87.75,855.75,71.15,0.429,4.183,0.348,banana,fresh
35197306,34810,87.85,855.90,71.05,0.429,4.183,0.347,banana,fresh
35198318,34811,87.85,855.80,71.00,0.429,4.183,0.347,banana,fresh
35199329,34812,87.80,855.80,71.05,0.429,4.183,0.347,banana,fresh
35200340,34813,87.85,855.90,71.05,0.429,4.183,0.347,banana,fresh
35201351,34814,88.00,855.90,71.05,0.430,4.183,0.347,banana,fresh
35202363,34815,87.85,855.75,71.05,0.429,4.183,0.347,banana,fresh
35203374,34816,87.85,855.80,71.05,0.429,4.183,0.347,banana,fresh
35204384,34817,87.85,855.75,71.20,0.429,4.183,0.348,banana,fresh
35205396,34818,87.85,855.90,71.05,0.429,4.183,0.347,banana,fresh
35206407,34819,87.80,855.85,71.00,0.429,4.183,0.347,banana,fresh
35207418,34820,87.65,855.80,71.05,0.428,4.183,0.347,banana,fresh
35208429,34821,87.70,855.65,71.00,0.429,4.182,0.347,banana,fresh
35209441,34822,87.90,855.70,71.00,0.430,4.182,0.347,banana,fresh
35210451,34823,87.85,855.80,71.00,0.429,4.183,0.347,banana,fresh
35211462,34824,87.85,855.90,71.05,0.429,4.183,0.347,banana,fresh
35212474,34825,87.95,855.85,71.00,0.430,4.183,0.347,banana,fresh
35213485,34826,87.70,855.65,71.00,0.429,4.182,0.347,banana,fresh
35214496,34827,87.75,855.75,71.00,0.429,4.183,0.347,banana,fresh
35215507,34828,87.85,855.65,71.05,0.429,4.182,0.347,banana,fresh
35216519,34829,87.70,855.75,71.00,0.429,4.183,0.347,banana,fresh
35217529,34830,87.90,855.70,71.00,0.430,4.182,0.347,banana,fresh
35218540,34831,87.80,855.65,71.00,0.429,4.182,0.347,banana,fresh
35219552,34832,87.80,855.80,71.05,0.429,4.183,0.347,banana,fresh
35220562,34833,87.75,855.80,71.00,0.429,4.183,0.347,banana,fresh
35221574,34834,87.70,855.60,71.00,0.429,4.182,0.347,banana,fresh
35222585,34835,87.80,855.80,71.05,0.429,4.183,0.347,banana,fresh
35223597,34836,87.90,855.75,71.00,0.430,4.183,0.347,banana,fresh
35224607,34837,87.60,855.85,70.95,0.428,4.183,0.347,banana,fresh
35225619,34838,87.60,855.60,71.00,0.428,4.182,0.347,banana,fresh
35226630,34839,87.75,855.70,71.00,0.429,4.182,0.347,banana,fresh
35227640,34840,87.65,855.80,71.05,0.428,4.183,0.347,banana,fresh
35228652,34841,87.50,855.60,71.15,0.428,4.182,0.348,banana,fresh
35229663,34842,87.75,855.55,71.05,0.429,4.182,0.347,banana,fresh
35230674,34843,87.65,855.75,71.00,0.428,4.183,0.347,banana,fresh
35231685,34844,87.65,855.70,71.15,0.428,4.182,0.348,banana,fresh
35232697,34845,87.80,855.75,71.00,0.429,4.183,0.347,banana,fresh
35233708,34846,87.70,855.70,71.05,0.429,4.182,0.347,banana,fresh
35234718,34847,87.70,855.85,71.05,0.429,4.183,0.347,banana,fresh
35235730,34848,87.45,855.70,71.00,0.427,4.182,0.347,banana,fresh
35236741,34849,87.70,855.85,71.00,0.429,4.183,0.347,banana,fresh
35237752,34850,87.50,855.65,71.05,0.428,4.182,0.347,banana,fresh
35238763,34851,87.45,855.70,71.05,0.427,4.182,0.347,banana,fresh
35239775,34852,87.55,855.80,71.10,0.428,4.183,0.348,banana,fresh
35240785,34853,87.55,855.85,71.00,0.428,4.183,0.347,banana,fresh
35241796,34854,87.70,855.50,71.00,0.429,4.181,0.347,banana,fresh
35242808,34855,87.55,855.85,70.95,0.428,4.183,0.347,banana,fresh
35243819,34856,87.55,855.70,71.00,0.428,4.182,0.347,banana,fresh
35244830,34857,87.65,855.65,71.00,0.428,4.182,0.347,banana,fresh
35245841,34858,87.45,855.70,71.00,0.427,4.182,0.347,banana,fresh
35246853,34859,87.65,855.65,71.00,0.428,4.182,0.347,banana,fresh
35247863,34860,87.75,855.70,71.00,0.429,4.182,0.347,banana,fresh
35248874,34861,87.60,855.75,71.00,0.428,4.183,0.347,banana,fresh
35249886,34862,87.70,855.80,71.00,0.429,4.183,0.347,banana,fresh
35250896,34863,87.60,855.65,71.00,0.428,4.182,0.347,banana,fresh
35251908,34864,87.65,855.60,70.95,0.428,4.182,0.347,banana,fresh
35252919,34865,87.65,855.75,71.00,0.428,4.183,0.347,banana,fresh
35253931,34866,87.65,855.55,70.95,0.428,4.182,0.347,banana,fresh
35254941,34867,87.60,855.55,70.95,0.428,4.182,0.347,banana,fresh
35255953,34868,87.60,855.65,71.00,0.428,4.182,0.347,banana,fresh
35256964,34869,87.65,855.60,71.00,0.428,4.182,0.347,banana,fresh
35257974,34870,87.40,855.60,70.95,0.427,4.182,0.347,banana,fresh
35258986,34871,87.65,855.80,70.95,0.428,4.183,0.347,banana,fresh
35259997,34872,87.70,855.60,71.05,0.429,4.182,0.347,banana,fresh
35261008,34873,87.40,855.60,71.05,0.427,4.182,0.347,banana,fresh
35262019,34874,87.45,855.70,70.95,0.427,4.182,0.347,banana,fresh
35263031,34875,87.55,855.55,71.00,0.428,4.182,0.347,banana,fresh
35264041,34876,87.50,855.55,70.85,0.428,4.182,0.346,banana,fresh
35265052,34877,87.50,855.55,71.00,0.428,4.182,0.347,banana,fresh
35266064,34878,87.55,855.50,71.00,0.428,4.181,0.347,banana,fresh
35267075,34879,87.40,855.40,71.00,0.427,4.181,0.347,banana,fresh
35268086,34880,87.60,855.55,70.95,0.428,4.182,0.347,banana,fresh
35269097,34881,87.40,855.60,71.00,0.427,4.182,0.347,banana,fresh
35270109,34882,87.25,855.60,71.00,0.426,4.182,0.347,banana,fresh
35271119,34883,87.45,855.55,71.00,0.427,4.182,0.347,banana,fresh
35272130,34884,87.45,855.65,71.00,0.427,4.182,0.347,banana,fresh
35273142,34885,87.40,855.25,71.00,0.427,4.180,0.347,banana,fresh
35274152,34886,87.30,855.65,71.00,0.427,4.182,0.347,banana,fresh
35275164,34887,87.30,855.40,70.95,0.427,4.181,0.347,banana,fresh
35276175,34888,87.35,855.60,71.00,0.427,4.182,0.347,banana,fresh
35277187,34889,87.45,855.55,70.95,0.427,4.182,0.347,banana,fresh
35278197,34890,87.25,855.50,71.00,0.426,4.181,0.347,banana,fresh
35279208,34891,87.25,855.55,71.00,0.426,4.182,0.347,banana,fresh
35280220,34892,87.45,855.50,71.00,0.427,4.181,0.347,banana,fresh
35281230,34893,87.35,855.40,71.00,0.427,4.181,0.347,banana,fresh
35282242,34894,87.25,855.65,70.95,0.426,4.182,0.347,banana,fresh
35283253,34895,87.40,855.50,70.90,0.427,4.181,0.347,banana,fresh
35284264,34896,87.30,855.45,70.95,0.427,4.181,0.347,banana,fresh
35285275,34897,87.25,855.45,70.85,0.426,4.181,0.346,banana,fresh
35286286,34898,87.35,855.50,71.00,0.427,4.181,0.347,banana,fresh
35287298,34899,87.30,855.60,70.85,0.427,4.182,0.346,banana,fresh
35288308,34900,87.30,855.55,70.95,0.427,4.182,0.347,banana,fresh
35289320,34901,87.45,855.45,71.05,0.427,4.181,0.347,banana,fresh
35290331,34902,87.15,855.50,71.00,0.426,4.181,0.347,banana,fresh
35291342,34903,87.30,855.40,70.85,0.427,4.181,0.346,banana,fresh
35292353,34904,87.20,855.45,70.95,0.426,4.181,0.347,banana,fresh
35293364,34905,87.20,855.40,71.00,0.426,4.181,0.347,banana,fresh
35294375,34906,87.30,855.45,70.80,0.427,4.181,0.346,banana,fresh
35295386,34907,87.15,855.60,70.85,0.426,4.182,0.346,banana,fresh
35296398,34908,87.30,855.50,70.90,0.427,4.181,0.347,banana,fresh
35297409,34909,87.35,855.35,70.95,0.427,4.181,0.347,banana,fresh
35298420,34910,87.50,855.50,71.00,0.428,4.181,0.347,banana,fresh
35299431,34911,87.30,855.55,71.00,0.427,4.182,0.347,banana,fresh
35300443,34912,87.25,855.55,70.90,0.426,4.182,0.347,banana,fresh
35301453,34913,87.20,855.50,70.95,0.426,4.181,0.347,banana,fresh
35302464,34914,87.35,855.40,70.95,0.427,4.181,0.347,banana,fresh
35303476,34915,87.20,855.40,70.95,0.426,4.181,0.347,banana,fresh
35304486,34916,87.35,855.45,70.85,0.427,4.181,0.346,banana,fresh
35305498,34917,87.20,855.45,70.90,0.426,4.181,0.347,banana,fresh
35306509,34918,87.15,855.40,70.90,0.426,4.181,0.347,banana,fresh
35307521,34919,87.25,855.50,71.00,0.426,4.181,0.347,banana,fresh
35308531,34920,87.15,855.25,70.90,0.426,4.180,0.347,banana,fresh
35309542,34921,87.25,855.70,70.90,0.426,4.182,0.347,banana,fresh
35310554,34922,87.25,855.35,71.00,0.426,4.181,0.347,banana,fresh
35311564,34923,87.30,855.55,71.00,0.427,4.182,0.347,banana,fresh
35312576,34924,87.15,855.45,71.00,0.426,4.181,0.347,banana,fresh
35313587,34925,87.25,855.45,70.95,0.426,4.181,0.347,banana,fresh
35314598,34926,87.10,855.30,70.90,0.426,4.180,0.347,banana,fresh
35315609,34927,87.15,855.60,70.95,0.426,4.182,0.347,banana,fresh
35316621,34928,87.25,855.50,70.85,0.426,4.181,0.346,banana,fresh
35317632,34929,87.05,855.50,71.00,0.425,4.181,0.347,banana,fresh
35318642,34930,87.10,855.40,70.85,0.426,4.181,0.346,banana,fresh
35319654,34931,87.25,855.40,70.90,0.426,4.181,0.347,banana,fresh
35320665,34932,87.20,855.50,70.95,0.426,4.181,0.347,banana,fresh
35321676,34933,87.35,855.45,70.95,0.427,4.181,0.347,banana,fresh
35322687,34934,87.30,855.50,70.85,0.427,4.181,0.346,banana,fresh
35323699,34935,87.20,855.45,70.95,0.426,4.181,0.347,banana,fresh
35324709,34936,87.15,855.35,70.95,0.426,4.181,0.347,banana,fresh
35325720,34937,87.20,855.30,70.70,0.426,4.180,0.346,banana,fresh
35326732,34938,87.00,855.40,70.85,0.425,4.181,0.346,banana,fresh
35327742,34939,87.20,855.45,70.90,0.426,4.181,0.347,banana,fresh
35328754,34940,87.15,855.40,70.95,0.426,4.181,0.347,banana,fresh
35329765,34941,87.10,855.55,70.90,0.426,4.182,0.347,banana,fresh
35330777,34942,87.10,855.55,70.95,0.426,4.182,0.347,banana,fresh
35331787,34943,87.20,855.30,70.90,0.426,4.180,0.347,banana,fresh
35332799,34944,87.15,855.50,70.80,0.426,4.181,0.346,banana,fresh
35333810,34945,87.25,855.25,70.90,0.426,4.180,0.347,banana,fresh
35334820,34946,87.20,855.50,70.85,0.426,4.181,0.346,banana,fresh
35335832,34947,87.25,855.50,70.95,0.426,4.181,0.347,banana,fresh
35336843,34948,87.05,855.40,70.85,0.425,4.181,0.346,banana,fresh
35337854,34949,87.20,855.55,70.90,0.426,4.182,0.347,banana,fresh
35338865,34950,87.00,855.30,70.95,0.425,4.180,0.347,banana,fresh
35339877,34951,87.20,855.25,70.65,0.426,4.180,0.345,banana,fresh
35340888,34952,87.10,855.45,70.90,0.426,4.181,0.347,banana,fresh
35341898,34953,87.05,855.50,70.80,0.425,4.181,0.346,banana,fresh
35342910,34954,87.10,855.35,70.85,0.426,4.181,0.346,banana,fresh
35343921,34955,87.15,855.40,70.75,0.426,4.181,0.346,banana,fresh
35344932,34956,87.05,855.30,70.75,0.425,4.180,0.346,banana,fresh
35345943,34957,87.15,855.20,70.70,0.426,4.180,0.346,banana,fresh
35346955,34958,87.05,855.15,70.65,0.425,4.180,0.345,banana,fresh
35347965,34959,87.05,855.40,70.80,0.425,4.181,0.346,banana,fresh
35348976,34960,87.10,855.35,70.70,0.426,4.181,0.346,banana,fresh
35349988,34961,87.00,855.40,70.90,0.425,4.181,0.347,banana,fresh
35350999,34962,87.05,855.35,70.80,0.425,4.181,0.346,banana,fresh
35352010,34963,87.15,855.50,70.80,0.426,4.181,0.346,banana,fresh
35353021,34964,87.10,855.30,70.85,0.426,4.180,0.346,banana,fresh
35354033,34965,87.05,855.50,70.80,0.425,4.181,0.346,banana,fresh
35355043,34966,87.10,855.50,70.80,0.426,4.181,0.346,banana,fresh
35356054,34967,87.15,855.35,70.80,0.426,4.181,0.346,banana,fresh
35357066,34968,87.10,855.30,70.85,0.426,4.180,0.346,banana,fresh
35358076,34969,87.00,855.25,70.70,0.425,4.180,0.346,banana,fresh
35359088,34970,87.05,855.30,70.70,0.425,4.180,0.346,banana,fresh
35360099,34971,87.00,855.20,70.50,0.425,4.180,0.345,banana,fresh
35361111,34972,87.00,855.20,70.85,0.425,4.180,0.346,banana,fresh
35362121,34973,87.05,855.20,70.75,0.425,4.180,0.346,banana,fresh
35363133,34974,86.95,855.35,70.60,0.425,4.181,0.345,banana,fresh
35364144,34975,87.05,855.35,70.70,0.425,4.181,0.346,banana,fresh
35365154,34976,87.15,855.15,70.80,0.426,4.180,0.346,banana,fresh
35366166,34977,87.00,855.35,70.45,0.425,4.181,0.344,banana,fresh
35367177,34978,87.00,855.35,70.55,0.425,4.181,0.345,banana,fresh
35368188,34979,87.05,855.40,70.60,0.425,4.181,0.345,banana,fresh
35369199,34980,87.05,855.35,70.55,0.425,4.181,0.345,banana,fresh
35370211,34981,87.10,855.35,70.75,0.426,4.181,0.346,banana,fresh
35371222,34982,87.00,855.25,70.65,0.425,4.180,0.345,banana,fresh
35372232,34983,87.00,855.20,70.75,0.425,4.180,0.346,banana,fresh
35373244,34984,87.00,855.15,70.55,0.425,4.180,0.345,banana,fresh
35374255,34985,87.05,855.25,70.65,0.425,4.180,0.345,banana,fresh
35375266,34986,87.05,855.20,70.65,0.425,4.180,0.345,banana,fresh
35376277,34987,87.00,855.15,70.65,0.425,4.180,0.345,banana,fresh
35377289,34988,87.00,855.30,70.50,0.425,4.180,0.345,banana,fresh
35378299,34989,87.00,855.25,70.65,0.425,4.180,0.345,banana,fresh
35379311,34990,87.00,855.40,70.70,0.425,4.181,0.346,banana,fresh
35380322,34991,87.15,855.20,70.50,0.426,4.180,0.345,banana,fresh
35381332,34992,87.00,855.25,70.75,0.425,4.180,0.346,banana,fresh
35382344,34993,87.05,855.05,70.45,0.425,4.179,0.344,banana,fresh
35383355,34994,87.00,855.30,70.65,0.425,4.180,0.345,banana,fresh
35384367,34995,87.00,855.40,70.45,0.425,4.181,0.344,banana,fresh
35385377,34996,87.05,855.10,70.55,0.425,4.179,0.345,banana,fresh
35386389,34997,87.00,855.20,70.50,0.425,4.180,0.345,banana,fresh
35387400,34998,87.00,855.15,70.50,0.425,4.180,0.345,banana,fresh
35388410,34999,87.05,855.25,70.55,0.425,4.180,0.345,banana,fresh
35389422,35000,87.00,855.20,70.60,0.425,4.180,0.345,banana,fresh
35390433,35001,87.00,855.35,70.50,0.425,4.181,0.345,banana,fresh
35391444,35002,87.00,855.45,70.60,0.425,4.181,0.345,banana,fresh
35392455,35003,87.05,855.05,70.40,0.425,4.179,0.344,banana,fresh
35393467,35004,86.95,855.30,70.30,0.425,4.180,0.344,banana,fresh
35394478,35005,87.05,855.30,70.40,0.425,4.180,0.344,banana,fresh
35395488,35006,87.05,855.35,70.45,0.425,4.181,0.344,banana,fresh
35396500,35007,87.00,855.15,70.50,0.425,4.180,0.345,banana,fresh
35397511,35008,87.00,855.20,70.45,0.425,4.180,0.344,banana,fresh
35398522,35009,87.00,855.25,70.30,0.425,4.180,0.344,banana,fresh
35399533,35010,87.05,855.20,70.35,0.425,4.180,0.344,banana,fresh
35400545,35011,87.00,855.25,70.40,0.425,4.180,0.344,banana,fresh
35401555,35012,87.00,855.10,70.30,0.425,4.179,0.344,banana,fresh
35402566,35013,87.05,855.25,70.25,0.425,4.180,0.343,banana,fresh
35403578,35014,86.95,855.15,70.45,0.425,4.180,0.344,banana,fresh
35404589,35015,87.10,855.20,70.45,0.426,4.180,0.344,banana,fresh
35405600,35016,87.00,855.20,70.55,0.425,4.180,0.345,banana,fresh
35406611,35017,87.00,855.15,70.45,0.425,4.180,0.344,banana,fresh
35407623,35018,87.00,855.15,70.55,0.425,4.180,0.345,banana,fresh
35408633,35019,87.10,855.30,70.50,0.426,4.180,0.345,banana,fresh
35409644,35020,87.05,855.20,70.25,0.425,4.180,0.343,banana,fresh
35410656,35021,86.90,855.20,70.35,0.425,4.180,0.344,banana,fresh
35411666,35022,87.00,855.15,70.50,0.425,4.180,0.345,banana,fresh
35412678,35023,87.05,855.10,70.55,0.425,4.179,0.345,banana,fresh
35413689,35024,87.05,855.10,70.20,0.425,4.179,0.343,banana,fresh
35414701,35025,86.85,855.15,70.50,0.424,4.180,0.345,banana,fresh
35415711,35026,86.95,855.20,70.45,0.425,4.180,0.344,banana,fresh
35416722,35027,86.95,855.10,70.30,0.425,4.179,0.344,banana,fresh
35417734,35028,87.00,855.00,70.45,0.425,4.179,0.344,banana,fresh
35418744,35029,86.90,855.20,70.40,0.425,4.180,0.344,banana,fresh
35419756,35030,87.00,855.25,70.20,0.425,4.180,0.343,banana,fresh
35420767,35031,87.00,855.05,70.35,0.425,4.179,0.344,banana,fresh
35421778,35032,86.95,855.20,70.50,0.425,4.180,0.345,banana,fresh
35422789,35033,86.90,855.25,70.35,0.425,4.180,0.344,banana,fresh
35423801,35034,86.95,855.10,70.30,0.425,4.179,0.344,banana,fresh
35424812,35035,87.05,855.10,70.30,0.425,4.179,0.344,banana,fresh
35425822,35036,86.95,855.15,70.35,0.425,4.180,0.344,banana,fresh
35426834,35037,86.90,855.10,70.25,0.425,4.179,0.343,banana,fresh
35427845,35038,87.00,855.20,70.40,0.425,4.180,0.344,banana,fresh
35428856,35039,87.00,855.10,70.40,0.425,4.179,0.344,banana,fresh
35429867,35040,87.00,855.15,70.45,0.425,4.180,0.344,banana,fresh
35430879,35041,86.95,855.20,70.25,0.425,4.180,0.343,banana,fresh
35431889,35042,86.90,855.15,70.30,0.425,4.180,0.344,banana,fresh
35432900,35043,86.95,855.30,70.30,0.425,4.180,0.344,banana,fresh
35433912,35044,87.00,855.10,70.35,0.425,4.179,0.344,banana,fresh
35434923,35045,86.95,855.25,70.40,0.425,4.180,0.344,banana,fresh
35435934,35046,86.95,855.15,70.10,0.425,4.180,0.343,banana,fresh
35436945,35047,87.00,855.10,70.30,0.425,4.179,0.344,banana,fresh
35437957,35048,86.85,855.10,70.40,0.424,4.179,0.344,banana,fresh
35438967,35049,86.90,855.00,70.20,0.425,4.179,0.343,banana,fresh
35439978,35050,86.95,855.05,70.30,0.425,4.179,0.344,banana,fresh
35440990,35051,86.95,855.10,70.20,0.425,4.179,0.343,banana,fresh
35442000,35052,86.75,855.10,70.15,0.424,4.179,0.343,banana,fresh
35443012,35053,86.95,855.00,70.20,0.425,4.179,0.343,banana,fresh
35444023,35054,87.00,855.35,70.35,0.425,4.181,0.344,banana,fresh
35445035,35055,86.90,855.05,70.25,0.425,4.179,0.343,banana,fresh
35446045,35056,86.95,855.10,70.30,0.425,4.179,0.344,banana,fresh
35447057,35057,86.95,855.10,70.25,0.425,4.179,0.343,banana,fresh
35448068,35058,86.90,855.05,70.25,0.425,4.179,0.343,banana,fresh
35449078,35059,86.75,855.10,70.35,0.424,4.179,0.344,banana,fresh
35450090,35060,87.00,855.05,70.20,0.425,4.179,0.343,banana,fresh
35451101,35061,86.90,855.10,70.20,0.425,4.179,0.343,banana,fresh
35452112,35062,86.85,855.15,70.15,0.424,4.180,0.343,banana,fresh
35453123,35063,86.95,855.15,70.30,0.425,4.180,0.344,banana,fresh
35454135,35064,86.90,855.15,70.25,0.425,4.180,0.343,banana,fresh
35455145,35065,86.95,855.20,70.25,0.425,4.180,0.343,banana,fresh
35456156,35066,86.90,855.10,70.25,0.425,4.179,0.343,banana,fresh
35457168,35067,86.95,855.15,70.10,0.425,4.180,0.343,banana,fresh
35458179,35068,86.90,855.05,70.10,0.425,4.179,0.343,banana,fresh
35459190,35069,86.95,855.05,70.25,0.425,4.179,0.343,banana,fresh
35460201,35070,87.00,855.05,70.25,0.425,4.179,0.343,banana,fresh
35461213,35071,86.85,855.15,70.20,0.424,4.180,0.343,banana,fresh
35462223,35072,86.95,855.05,70.10,0.425,4.179,0.343,banana,fresh
35463235,35073,86.90,855.00,70.00,0.425,4.179,0.342,banana,fresh
35464246,35074,86.85,855.10,70.20,0.424,4.179,0.343,banana,fresh
35465256,35075,86.90,855.05,70.25,0.425,4.179,0.343,banana,fresh
35466268,35076,86.90,855.10,70.05,0.425,4.179,0.342,banana,fresh
35467279,35077,87.00,855.10,70.30,0.425,4.179,0.344,banana,fresh
35468291,35078,86.90,855.05,70.25,0.425,4.179,0.343,banana,fresh
35469301,35079,87.00,855.15,70.20,0.425,4.180,0.343,banana,fresh
35470313,35080,86.90,855.15,70.15,0.425,4.180,0.343,banana,fresh
35471324,35081,86.65,855.05,70.20,0.424,4.179,0.343,banana,fresh
35472334,35082,86.85,855.05,70.25,0.424,4.179,0.343,banana,fresh
35473346,35083,86.75,855.00,70.20,0.424,4.179,0.343,banana,fresh
35474357,35084,86.80,855.10,70.20,0.424,4.179,0.343,banana,fresh
35475368,35085,86.80,855.15,70.20,0.424,4.180,0.343,banana,fresh
35476379,35086,86.90,855.10,70.20,0.425,4.179,0.343,banana,fresh
35477391,35087,86.80,855.15,70.15,0.424,4.180,0.343,banana,fresh
35478402,35088,86.70,855.10,70.25,0.424,4.179,0.343,banana,fresh
35479413,35089,86.80,855.05,70.05,0.424,4.179,0.342,banana,fresh
35480424,35090,86.75,855.05,70.05,0.424,4.179,0.342,banana,fresh
35481435,35091,86.95,855.05,70.25,0.425,4.179,0.343,banana,fresh
35482446,35092,86.75,855.10,70.05,0.424,4.179,0.342,banana,fresh
35483457,35093,86.75,855.05,70.10,0.424,4.179,0.343,banana,fresh
35484469,35094,86.85,855.00,70.10,0.424,4.179,0.343,banana,fresh
35485479,35095,86.75,855.10,70.10,0.424,4.179,0.343,banana,fresh
35486491,35096,86.80,855.05,70.05,0.424,4.179,0.342,banana,fresh
35487502,35097,86.75,855.25,70.10,0.424,4.180,0.343,banana,fresh
35488513,35098,86.95,855.05,70.10,0.425,4.179,0.343,banana,fresh
35489524,35099,86.80,855.15,70.15,0.424,4.180,0.343,banana,fresh
35490535,35100,86.70,855.00,70.00,0.424,4.179,0.342,banana,fresh
35491547,35101,86.80,855.10,70.10,0.424,4.179,0.343,banana,fresh
35492557,35102,86.90,855.15,70.05,0.425,4.180,0.342,banana,fresh
35493569,35103,86.85,855.00,70.05,0.424,4.179,0.342,banana,fresh
35494580,35104,86.75,855.00,70.10,0.424,4.179,0.343,banana,fresh
35495590,35105,86.60,855.05,70.00,0.423,4.179,0.342,banana,fresh
35496602,35106,86.90,855.00,70.20,0.425,4.179,0.343,banana,fresh
35497613,35107,86.70,855.05,70.10,0.424,4.179,0.343,banana,fresh
35498625,35108,86.75,855.00,70.10,0.424,4.179,0.343,banana,fresh
35499635,35109,86.70,855.05,70.20,0.424,4.179,0.343,banana,fresh
35500647,35110,86.75,855.05,70.10,0.424,4.179,0.343,banana,fresh
35501658,35111,86.80,855.00,70.15,0.424,4.179,0.343,banana,fresh
35502668,35112,87.00,855.10,70.00,0.425,4.179,0.342,banana,fresh
35503680,35113,86.75,855.15,70.05,0.424,4.180,0.342,banana,fresh
35504691,35114,86.75,855.05,70.10,0.424,4.179,0.343,banana,fresh
35505702,35115,86.70,855.05,70.05,0.424,4.179,0.342,banana,fresh
35506713,35116,86.75,855.15,70.00,0.424,4.180,0.342,banana,fresh
35507725,35117,86.80,855.05,70.10,0.424,4.179,0.343,banana,fresh
35508736,35118,86.75,855.00,70.05,0.424,4.179,0.342,banana,fresh
35509747,35119,86.65,855.05,70.00,0.424,4.179,0.342,banana,fresh
35510758,35120,86.80,855.05,70.10,0.424,4.179,0.343,banana,fresh
35511769,35121,86.75,855.15,70.20,0.424,4.180,0.343,banana,fresh
35512780,35122,86.80,855.10,70.00,0.424,4.179,0.342,banana,fresh
35513791,35123,86.80,855.00,70.00,0.424,4.179,0.342,banana,fresh
35514803,35124,86.60,855.05,70.00,0.423,4.179,0.342,banana,fresh
35515813,35125,86.75,855.05,70.00,0.424,4.179,0.342,banana,fresh
35516825,35126,86.85,855.10,70.00,0.424,4.179,0.342,banana,fresh
35517836,35127,86.55,855.05,70.10,0.423,4.179,0.343,banana,fresh
35518846,35128,86.80,855.00,70.05,0.424,4.179,0.342,banana,fresh
35519858,35129,86.75,855.05,70.05,0.424,4.179,0.342,banana,fresh
35520869,35130,86.60,855.00,70.00,0.423,4.179,0.342,banana,fresh
35521881,35131,86.75,855.05,70.00,0.424,4.179,0.342,banana,fresh
35522891,35132,86.55,855.10,70.05,0.423,4.179,0.342,banana,fresh
35523903,35133,86.75,855.05,70.05,0.424,4.179,0.342,banana,fresh
35524914,35134,86.80,855.10,70.00,0.424,4.179,0.342,banana,fresh
35525924,35135,86.70,855.05,70.00,0.424,4.179,0.342,banana,fresh
35526936,35136,86.60,855.10,70.05,0.423,4.179,0.342,banana,fresh
35527947,35137,86.80,855.05,70.00,0.424,4.179,0.342,banana,fresh
35528958,35138,86.55,855.00,70.00,0.423,4.179,0.342,banana,fresh
35529969,35139,86.45,855.00,70.05,0.423,4.179,0.342,banana,fresh
35530981,35140,86.75,855.05,70.00,0.424,4.179,0.342,banana,fresh
35531992,35141,86.75,855.00,70.00,0.424,4.179,0.342,banana,fresh
35533002,35142,86.60,855.10,70.00,0.423,4.179,0.342,banana,fresh
35534014,35143,86.65,855.15,70.05,0.424,4.180,0.342,banana,fresh
35535025,35144,86.55,855.10,70.00,0.423,4.179,0.342,banana,fresh
35536036,35145,86.65,855.05,70.00,0.424,4.179,0.342,banana,fresh
35537047,35146,86.50,855.05,70.05,0.423,4.179,0.342,banana,fresh
35538059,35147,86.75,855.05,70.10,0.424,4.179,0.343,banana,fresh
35539069,35148,86.60,855.10,70.05,0.423,4.179,0.342,banana,fresh
35540080,35149,86.55,855.00,70.05,0.423,4.179,0.342,banana,fresh
35541092,35150,86.75,855.05,70.00,0.424,4.179,0.342,banana,fresh
35542103,35151,86.50,855.00,70.00,0.423,4.179,0.342,banana,fresh
35543114,35152,86.65,855.00,70.10,0.424,4.179,0.343,banana,fresh
35544125,35153,86.65,855.00,70.00,0.424,4.179,0.342,banana,fresh
35545137,35154,86.55,855.00,70.00,0.423,4.179,0.342,banana,fresh
35546147,35155,86.50,855.05,70.05,0.423,4.179,0.342,banana,fresh
35547158,35156,86.60,855.00,70.00,0.423,4.179,0.342,banana,fresh
35548170,35157,86.45,855.00,70.00,0.423,4.179,0.342,banana,fresh
35549180,35158,86.60,855.00,70.00,0.423,4.179,0.342,banana,fresh
35550192,35159,86.45,855.00,70.00,0.423,4.179,0.342,banana,fresh
35551203,35160,86.50,855.00,70.00,0.423,4.179,0.342,banana,fresh
35552215,35161,86.70,855.05,70.00,0.424,4.179,0.342,banana,fresh
35553225,35162,86.50,855.10,70.00,0.423,4.179,0.342,banana,fresh
35554236,35163,86.60,855.05,70.00,0.423,4.179,0.342,banana,fresh
35555248,35164,86.45,855.00,70.05,0.423,4.179,0.342,banana,fresh
35556258,35165,86.65,855.05,70.05,0.424,4.179,0.342,banana,fresh
35557270,35166,86.45,855.00,70.00,0.423,4.179,0.342,banana,fresh
35558281,35167,86.40,855.10,70.05,0.422,4.179,0.342,banana,fresh
35559292,35168,86.45,855.05,70.00,0.423,4.179,0.342,banana,fresh
35560303,35169,86.50,855.00,70.00,0.423,4.179,0.342,banana,fresh
35561314,35170,86.65,855.05,70.00,0.424,4.179,0.342,banana,fresh
35562326,35171,86.50,855.10,70.00,0.423,4.179,0.342,banana,fresh
35563336,35172,86.45,855.00,70.00,0.423,4.179,0.342,banana,fresh
35564348,35173,86.80,855.05,70.00,0.424,4.179,0.342,banana,fresh
35565359,35174,86.50,855.00,70.00,0.423,4.179,0.342,banana,fresh
35566370,35175,86.30,855.05,70.00,0.422,4.179,0.342,banana,fresh
35567381,35176,86.60,855.00,70.00,0.423,4.179,0.342,banana,fresh
35568392,35177,86.45,855.00,70.05,0.423,4.179,0.342,banana,fresh
35569403,35178,86.45,855.00,70.00,0.423,4.179,0.342,banana,fresh
35570414,35179,86.55,855.05,70.05,0.423,4.179,0.342,banana,fresh
35571426,35180,86.40,855.00,70.00,0.422,4.179,0.342,banana,fresh
35572436,35181,86.50,855.05,70.00,0.423,4.179,0.342,banana,fresh
35573448,35182,86.35,855.00,70.05,0.422,4.179,0.342,banana,fresh
35574459,35183,86.50,855.05,70.05,0.423,4.179,0.342,banana,fresh
35575470,35184,86.45,855.05,70.00,0.423,4.179,0.342,banana,fresh
35576481,35185,86.35,855.00,70.00,0.422,4.179,0.342,banana,fresh
35577492,35186,86.40,855.05,70.00,0.422,4.179,0.342,banana,fresh
35578504,35187,86.25,855.00,70.05,0.422,4.179,0.342,banana,fresh
35579514,35188,86.40,855.05,70.05,0.422,4.179,0.342,banana,fresh
35580526,35189,86.25,855.00,70.05,0.422,4.179,0.342,banana,fresh
35581537,35190,86.65,855.10,69.95,0.424,4.179,0.342,banana,fresh
35582547,35191,86.45,855.00,69.95,0.423,4.179,0.342,banana,fresh
35583559,35192,86.50,855.05,70.00,0.423,4.179,0.342,banana,fresh
35584570,35193,86.50,855.05,69.90,0.423,4.179,0.342,banana,fresh
35585582,35194,86.30,855.05,70.00,0.422,4.179,0.342,banana,fresh
35586592,35195,86.55,855.15,70.00,0.423,4.180,0.342,banana,fresh
35587604,35196,86.40,855.00,70.00,0.422,4.179,0.342,banana,fresh
35588615,35197,86.30,855.00,70.00,0.422,4.179,0.342,banana,fresh
35589625,35198,86.40,855.00,70.00,0.422,4.179,0.342,banana,fresh
35590637,35199,86.50,855.00,70.00,0.423,4.179,0.342,banana,fresh
35591648,35200,86.45,855.00,70.00,0.423,4.179,0.342,banana,fresh
35592659,35201,86.30,855.05,70.00,0.422,4.179,0.342,banana,fresh
35593670,35202,86.30,855.00,70.00,0.422,4.179,0.342,banana,fresh
35594682,35203,86.50,855.00,70.00,0.423,4.179,0.342,banana,fresh
35595693,35204,86.35,855.05,70.00,0.422,4.179,0.342,banana,fresh
35596703,35205,86.50,855.00,70.00,0.423,4.179,0.342,banana,fresh
35597715,35206,86.40,855.05,70.00,0.422,4.179,0.342,banana,fresh
35598726,35207,86.30,855.10,70.00,0.422,4.179,0.342,banana,fresh
35599737,35208,86.35,855.00,70.00,0.422,4.179,0.342,banana,fresh
35600748,35209,86.40,855.00,70.00,0.422,4.179,0.342,banana,fresh
35601760,35210,86.30,855.00,70.00,0.422,4.179,0.342,banana,fresh
35602770,35211,86.25,855.00,70.05,0.422,4.179,0.342,banana,fresh
35603781,35212,86.40,855.05,69.95,0.422,4.179,0.342,banana,fresh
35604793,35213,86.15,855.00,70.00,0.421,4.179,0.342,banana,fresh
35605804,35214,86.40,855.00,70.00,0.422,4.179,0.342,banana,fresh
35606815,35215,86.25,855.00,70.00,0.422,4.179,0.342,banana,fresh
35607826,35216,86.30,855.05,70.05,0.422,4.179,0.342,banana,fresh
35608838,35217,86.25,855.00,70.00,0.422,4.179,0.342,banana,fresh
35609848,35218,86.35,855.00,70.00,0.422,4.179,0.342,banana,fresh
35610859,35219,86.35,855.05,70.00,0.422,4.179,0.342,banana,fresh
35611871,35220,86.35,854.95,70.05,0.422,4.179,0.342,banana,fresh
35612881,35221,86.35,855.00,70.00,0.422,4.179,0.342,banana,fresh
35613893,35222,86.50,855.00,70.00,0.423,4.179,0.342,banana,fresh
35614904,35223,86.50,855.00,70.00,0.423,4.179,0.342,banana,fresh
35615916,35224,86.25,855.00,70.00,0.422,4.179,0.342,banana,fresh
35616926,35225,86.20,855.00,70.00,0.421,4.179,0.342,banana,fresh
35617937,35226,86.35,855.05,70.00,0.422,4.179,0.342,banana,fresh
35618949,35227,86.35,855.00,69.95,0.422,4.179,0.342,banana,fresh
35619959,35228,86.35,855.05,70.00,0.422,4.179,0.342,banana,fresh
35620971,35229,86.20,855.00,70.00,0.421,4.179,0.342,banana,fresh
35621982,35230,86.30,855.00,70.00,0.422,4.179,0.342,banana,fresh
35622993,35231,86.20,855.00,70.00,0.421,4.179,0.342,banana,fresh
35624004,35232,86.30,855.00,70.05,0.422,4.179,0.342,banana,fresh
35625015,35233,86.35,855.00,70.00,0.422,4.179,0.342,banana,fresh
35626027,35234,86.25,855.00,70.00,0.422,4.179,0.342,banana,fresh
35627037,35235,86.25,855.00,70.00,0.422,4.179,0.342,banana,fresh
35628049,35236,86.20,855.00,69.95,0.421,4.179,0.342,banana,fresh
35629060,35237,86.15,855.00,70.00,0.421,4.179,0.342,banana,fresh
35630071,35238,86.35,855.05,69.95,0.422,4.179,0.342,banana,fresh
35631082,35239,86.50,855.00,70.00,0.423,4.179,0.342,banana,fresh
35632093,35240,86.25,855.00,70.00,0.422,4.179,0.342,banana,fresh
35633104,35241,86.35,855.00,70.00,0.422,4.179,0.342,banana,fresh
35634115,35242,86.35,855.00,70.00,0.422,4.179,0.342,banana,fresh
35635127,35243,86.15,855.00,69.95,0.421,4.179,0.342,banana,fresh
35636137,35244,86.20,855.05,69.95,0.421,4.179,0.342,banana,fresh
35637149,35245,86.10,855.05,70.00,0.421,4.179,0.342,banana,fresh
35638160,35246,86.25,855.00,70.00,0.422,4.179,0.342,banana,fresh
35639171,35247,86.15,855.00,70.00,0.421,4.179,0.342,banana,fresh
35640182,35248,86.20,855.00,70.00,0.421,4.179,0.342,banana,fresh
35641193,35249,86.15,855.00,70.00,0.421,4.179,0.342,banana,fresh
35642205,35250,86.15,854.95,70.00,0.421,4.179,0.342,banana,fresh
35643215,35251,86.25,855.00,69.95,0.422,4.179,0.342,banana,fresh
35644227,35252,86.35,855.00,69.95,0.422,4.179,0.342,banana,fresh
35645238,35253,86.25,855.00,70.00,0.422,4.179,0.342,banana,fresh
35646248,35254,86.35,855.00,69.95,0.422,4.179,0.342,banana,fresh
35647260,35255,86.15,855.00,70.00,0.421,4.179,0.342,banana,fresh
35648271,35256,86.20,855.00,70.00,0.421,4.179,0.342,banana,fresh
35649283,35257,86.10,855.00,70.00,0.421,4.179,0.342,banana,fresh
35650293,35258,86.30,855.05,70.00,0.422,4.179,0.342,banana,fresh
35651305,35259,86.25,855.00,70.00,0.422,4.179,0.342,banana,fresh
35652316,35260,86.15,855.00,69.95,0.421,4.179,0.342,banana,fresh
35653326,35261,86.35,855.00,70.00,0.422,4.179,0.342,banana,fresh
35654338,35262,86.40,855.00,69.95,0.422,4.179,0.342,banana,fresh
35655349,35263,86.25,855.00,70.00,0.422,4.179,0.342,banana,fresh
35656360,35264,86.15,855.00,69.95,0.421,4.179,0.342,banana,fresh
35657371,35265,86.30,855.05,69.95,0.422,4.179,0.342,banana,fresh
35658383,35266,86.35,855.00,69.90,0.422,4.179,0.342,banana,fresh
35659394,35267,86.30,855.00,70.00,0.422,4.179,0.342,banana,fresh
35660404,35268,86.20,855.00,70.00,0.421,4.179,0.342,banana,fresh
35661416,35269,86.05,855.05,69.95,0.421,4.179,0.342,banana,fresh
35662427,35270,86.25,855.00,70.00,0.422,4.179,0.342,banana,fresh
35663438,35271,86.20,855.00,69.95,0.421,4.179,0.342,banana,fresh
35664449,35272,86.15,854.95,69.90,0.421,4.179,0.342,banana,fresh
35665461,35273,86.20,854.95,69.95,0.421,4.179,0.342,banana,fresh
35666471,35274,86.10,855.00,69.95,0.421,4.179,0.342,banana,fresh
35667482,35275,86.10,855.00,69.95,0.421,4.179,0.342,banana,fresh
35668494,35276,86.30,854.85,69.95,0.422,4.178,0.342,banana,fresh
35669505,35277,86.20,855.00,69.90,0.421,4.179,0.342,banana,fresh
35670516,35278,86.15,855.00,69.90,0.421,4.179,0.342,banana,fresh
35671527,35279,86.15,855.00,69.85,0.421,4.179,0.341,banana,fresh
35672539,35280,86.20,855.00,69.95,0.421,4.179,0.342,banana,fresh
35673549,35281,86.20,855.00,70.00,0.421,4.179,0.342,banana,fresh
35674561,35282,86.15,855.00,69.95,0.421,4.179,0.342,banana,fresh
35675572,35283,86.25,855.00,70.00,0.422,4.179,0.342,banana,fresh
35676582,35284,86.30,855.00,70.00,0.422,4.179,0.342,banana,fresh
35677594,35285,86.20,855.00,70.00,0.421,4.179,0.342,banana,fresh
35678605,35286,86.30,855.00,69.95,0.422,4.179,0.342,banana,fresh
35679617,35287,86.15,855.05,70.00,0.421,4.179,0.342,banana,fresh
35680627,35288,86.15,855.00,70.00,0.421,4.179,0.342,banana,fresh
35681639,35289,86.15,855.00,70.00,0.421,4.179,0.342,banana,fresh
35682650,35290,86.25,855.00,69.90,0.422,4.179,0.342,banana,fresh
35683660,35291,86.10,855.05,69.90,0.421,4.179,0.342,banana,fresh
35684672,35292,86.00,855.00,69.95,0.420,4.179,0.342,banana,fresh
35685683,35293,86.10,854.95,70.00,0.421,4.179,0.342,banana,fresh
35686694,35294,86.20,855.05,69.95,0.421,4.179,0.342,banana,fresh
35687705,35295,86.25,855.00,70.00,0.422,4.179,0.342,banana,fresh
35688717,35296,86.10,855.00,69.85,0.421,4.179,0.341,banana,fresh
35689728,35297,86.10,854.95,69.85,0.421,4.179,0.341,banana,fresh
35690738,35298,86.00,854.95,70.00,0.420,4.179,0.342,banana,fresh
35691750,35299,86.10,855.00,69.90,0.421,4.179,0.342,banana,fresh
35692761,35300,86.10,855.00,69.95,0.421,4.179,0.342,banana,fresh
35693772,35301,86.30,855.00,70.00,0.422,4.179,0.342,banana,fresh
35694783,35302,86.05,854.90,69.95,0.421,4.178,0.342,banana,fresh
35695795,35303,86.15,855.00,69.80,0.421,4.179,0.341,banana,fresh
35696805,35304,86.05,855.00,69.95,0.421,4.179,0.342,banana,fresh
35697816,35305,86.20,855.00,69.95,0.421,4.179,0.342,banana,fresh
35698828,35306,86.10,855.00,69.90,0.421,4.179,0.342,banana,fresh
35699838,35307,86.10,854.95,69.90,0.421,4.179,0.342,banana,fresh
35700850,35308,86.10,855.00,69.90,0.421,4.179,0.342,banana,fresh
35701861,35309,86.00,855.00,69.90,0.420,4.179,0.342,banana,fresh
35702873,35310,86.20,855.00,69.85,0.421,4.179,0.341,banana,fresh
35703883,35311,86.15,855.05,69.75,0.421,4.179,0.341,banana,fresh
35704894,35312,86.05,855.00,69.80,0.421,4.179,0.341,banana,fresh
35705906,35313,86.00,855.00,69.75,0.420,4.179,0.341,banana,fresh
35706916,35314,86.20,855.00,69.90,0.421,4.179,0.342,banana,fresh
35707928,35315,86.10,855.05,69.90,0.421,4.179,0.342,banana,fresh
35708939,35316,86.10,855.00,69.75,0.421,4.179,0.341,banana,fresh
35709950,35317,86.10,855.00,70.00,0.421,4.179,0.342,banana,fresh
35710961,35318,86.05,854.95,69.85,0.421,4.179,0.341,banana,fresh
35711973,35319,86.20,855.00,69.85,0.421,4.179,0.341,banana,fresh
35712984,35320,86.20,854.90,69.90,0.421,4.178,0.342,banana,fresh
35713994,35321,86.05,855.00,69.90,0.421,4.179,0.342,banana,fresh
35715006,35322,86.10,854.90,69.90,0.421,4.178,0.342,banana,fresh
35716017,35323,86.05,855.00,69.90,0.421,4.179,0.342,banana,fresh
35717028,35324,86.10,855.00,69.85,0.421,4.179,0.341,banana,fresh
35718039,35325,86.05,855.00,69.85,0.421,4.179,0.341,banana,fresh
35719051,35326,86.10,854.95,69.90,0.421,4.179,0.342,banana,fresh
35720061,35327,86.15,855.00,69.95,0.421,4.179,0.342,banana,fresh
35721072,35328,86.10,854.95,69.95,0.421,4.179,0.342,banana,fresh
35722084,35329,86.05,855.00,69.75,0.421,4.179,0.341,banana,fresh
35723095,35330,86.05,855.05,69.85,0.421,4.179,0.341,banana,fresh
35724106,35331,86.05,854.85,69.80,0.421,4.178,0.341,banana,fresh
35725117,35332,86.00,855.00,69.85,0.420,4.179,0.341,banana,fresh
35726129,35333,86.00,854.90,69.85,0.420,4.178,0.341,banana,fresh
35727139,35334,86.00,854.95,69.80,0.420,4.179,0.341,banana,fresh
35728150,35335,86.05,854.85,69.75,0.421,4.178,0.341,banana,fresh
35729162,35336,86.05,855.00,69.90,0.421,4.179,0.342,banana,fresh
35730172,35337,86.05,854.95,69.80,0.421,4.179,0.341,banana,fresh
35731184,35338,86.05,854.90,69.75,0.421,4.178,0.341,banana,fresh
35732195,35339,86.15,855.00,69.75,0.421,4.179,0.341,banana,fresh
35733207,35340,86.15,854.95,69.70,0.421,4.179,0.341,banana,fresh
35734217,35341,86.10,855.00,69.85,0.421,4.179,0.341,banana,fresh
35735229,35342,86.00,854.85,69.90,0.420,4.178,0.342,banana,fresh
35736240,35343,86.00,854.95,69.80,0.420,4.179,0.341,banana,fresh
35737250,35344,86.05,855.00,69.95,0.421,4.179,0.342,banana,fresh
35738262,35345,86.10,854.95,69.90,0.421,4.179,0.342,banana,fresh
35739273,35346,86.00,855.00,69.70,0.420,4.179,0.341,banana,fresh
35740284,35347,86.10,854.75,69.75,0.421,4.178,0.341,banana,fresh
35741295,35348,86.00,854.90,69.85,0.420,4.178,0.341,banana,fresh
35742307,35349,86.05,855.00,69.70,0.421,4.179,0.341,banana,fresh
35743318,35350,86.10,854.90,69.75,0.421,4.178,0.341,banana,fresh
35744328,35351,86.15,854.95,69.75,0.421,4.179,0.341,banana,fresh
35745340,35352,86.00,855.00,69.75,0.420,4.179,0.341,banana,fresh
35746351,35353,86.05,854.95,69.75,0.421,4.179,0.341,banana,fresh
35747362,35354,86.00,854.95,69.75,0.420,4.179,0.341,banana,fresh
35748373,35355,86.00,854.95,69.90,0.420,4.179,0.342,banana,fresh
35749385,35356,86.00,854.90,69.90,0.420,4.178,0.342,banana,fresh
35750395,35357,86.10,854.95,69.55,0.421,4.179,0.340,banana,fresh
35751406,35358,86.10,854.95,69.65,0.421,4.179,0.340,banana,fresh
35752418,35359,86.05,854.90,69.90,0.421,4.178,0.342,banana,fresh
35753428,35360,86.05,854.90,69.80,0.421,4.178,0.341,banana,fresh
35754440,35361,86.00,854.90,69.80,0.420,4.178,0.341,banana,fresh
35755451,35362,86.05,854.95,69.75,0.421,4.179,0.341,banana,fresh
35756463,35363,86.00,854.90,69.60,0.420,4.178,0.340,banana,fresh
35757473,35364,86.00,854.70,69.75,0.420,4.177,0.341,banana,fresh
35758484,35365,86.00,854.95,69.80,0.420,4.179,0.341,banana,fresh
35759496,35366,86.00,854.80,69.75,0.420,4.178,0.341,banana,fresh
35760506,35367,86.00,854.95,69.60,0.420,4.179,0.340,banana,fresh
35761518,35368,86.00,854.80,69.75,0.420,4.178,0.341,banana,fresh
35762529,35369,86.00,854.95,69.60,0.420,4.179,0.340,banana,fresh
35763540,35370,86.05,854.70,69.65,0.421,4.177,0.340,banana,fresh
35764551,35371,86.05,855.00,69.70,0.421,4.179,0.341,banana,fresh
35765562,35372,86.15,854.90,69.80,0.421,4.178,0.341,banana,fresh
35766574,35373,86.05,854.90,69.75,0.421,4.178,0.341,banana,fresh
35767584,35374,86.00,854.85,69.75,0.420,4.178,0.341,banana,fresh
35768596,35375,86.05,854.95,69.60,0.421,4.179,0.340,banana,fresh
35769607,35376,85.95,854.75,69.75,0.420,4.178,0.341,banana,fresh
35770618,35377,86.05,854.95,69.70,0.421,4.179,0.341,banana,fresh
35771629,35378,86.10,854.90,69.65,0.421,4.178,0.340,banana,fresh
35772641,35379,86.00,854.95,69.65,0.420,4.179,0.340,banana,fresh
35773651,35380,86.00,854.85,69.60,0.420,4.178,0.340,banana,fresh
35774662,35381,86.15,854.90,69.50,0.421,4.178,0.340,banana,fresh
35775674,35382,86.05,854.80,69.70,0.421,4.178,0.341,banana,fresh
35776685,35383,86.05,854.80,69.55,0.421,4.178,0.340,banana,fresh
35777696,35384,86.10,854.90,69.60,0.421,4.178,0.340,banana,fresh
35778707,35385,86.00,854.90,69.50,0.420,4.178,0.340,banana,fresh
35779719,35386,86.00,854.85,69.60,0.420,4.178,0.340,banana,fresh
35780729,35387,86.00,854.85,69.65,0.420,4.178,0.340,banana,fresh
35781740,35388,86.00,854.90,69.70,0.420,4.178,0.341,banana,fresh
35782752,35389,86.00,854.85,69.55,0.420,4.178,0.340,banana,fresh
35783762,35390,86.00,854.90,69.60,0.420,4.178,0.340,banana,fresh
35784774,35391,86.00,854.75,69.55,0.420,4.178,0.340,banana,fresh
35785785,35392,86.05,854.70,69.60,0.421,4.177,0.340,banana,fresh
35786797,35393,86.00,854.90,69.60,0.420,4.178,0.340,banana,fresh
35787807,35394,86.00,854.95,69.50,0.420,4.179,0.340,banana,fresh
35788818,35395,86.00,854.90,69.55,0.420,4.178,0.340,banana,fresh
35789830,35396,86.10,854.80,69.65,0.421,4.178,0.340,banana,fresh
35790840,35397,86.00,854.90,69.50,0.420,4.178,0.340,banana,fresh
35791852,35398,86.00,854.90,69.60,0.420,4.178,0.340,banana,fresh
35792863,35399,86.10,854.75,69.50,0.421,4.178,0.340,banana,fresh
35793873,35400,86.00,854.95,69.45,0.420,4.179,0.339,banana,fresh
35794885,35401,86.00,854.90,69.45,0.420,4.178,0.339,banana,fresh
35795896,35402,86.00,854.80,69.75,0.420,4.178,0.341,banana,fresh
35796908,35403,86.00,854.85,69.35,0.420,4.178,0.339,banana,fresh
35797918,35404,86.00,854.75,69.65,0.420,4.178,0.340,banana,fresh
35798930,35405,86.00,854.85,69.60,0.420,4.178,0.340,banana,fresh
35799941,35406,86.00,854.85,69.55,0.420,4.178,0.340,banana,fresh
35800951,35407,86.05,854.90,69.65,0.421,4.178,0.340,banana,fresh
35801963,35408,86.00,854.70,69.45,0.420,4.177,0.339,banana,fresh
35802974,35409,86.00,854.80,69.60,0.420,4.178,0.340,banana,fresh
35803985,35410,86.05,854.80,69.60,0.421,4.178,0.340,banana,fresh
35804996,35411,86.00,854.90,69.60,0.420,4.178,0.340,banana,fresh
35806008,35412,86.00,854.80,69.60,0.420,4.178,0.340,banana,fresh
35807019,35413,86.00,854.80,69.45,0.420,4.178,0.339,banana,fresh
35808029,35414,86.00,854.75,69.55,0.420,4.178,0.340,banana,fresh
35809041,35415,86.05,854.85,69.20,0.421,4.178,0.338,banana,fresh
35810052,35416,86.10,854.70,69.50,0.421,4.177,0.340,banana,fresh
35811063,35417,86.00,854.85,69.40,0.420,4.178,0.339,banana,fresh
35812074,35418,86.00,854.85,69.50,0.420,4.178,0.340,banana,fresh
35813086,35419,85.95,854.85,69.60,0.420,4.178,0.340,banana,fresh
35814096,35420,85.95,854.70,69.40,0.420,4.177,0.339,banana,fresh
35815107,35421,85.95,854.80,69.40,0.420,4.178,0.339,banana,fresh
35816119,35422,86.00,854.85,69.55,0.420,4.178,0.340,banana,fresh
35817129,35423,86.05,854.85,69.45,0.421,4.178,0.339,banana,fresh
35818141,35424,86.00,854.80,69.40,0.420,4.178,0.339,banana,fresh
35819152,35425,86.00,854.70,69.40,0.420,4.177,0.339,banana,fresh
35820164,35426,86.05,854.70,69.35,0.421,4.177,0.339,banana,fresh
35821174,35427,86.00,854.85,69.40,0.420,4.178,0.339,banana,fresh
35822185,35428,86.00,854.90,69.45,0.420,4.178,0.339,banana,fresh
35823197,35429,86.00,854.90,69.35,0.420,4.178,0.339,banana,fresh
35824207,35430,86.00,854.85,69.35,0.420,4.178,0.339,banana,fresh
35825219,35431,86.00,854.65,69.55,0.420,4.177,0.340,banana,fresh
35826230,35432,86.05,854.85,69.60,0.421,4.178,0.340,banana,fresh
35827241,35433,86.00,854.90,69.35,0.420,4.178,0.339,banana,fresh
35828252,35434,86.05,854.90,69.50,0.421,4.178,0.340,banana,fresh
35829264,35435,86.00,854.80,69.30,0.420,4.178,0.339,banana,fresh
35830275,35436,86.05,854.80,69.30,0.421,4.178,0.339,banana,fresh
35831285,35437,86.00,854.55,69.30,0.420,4.177,0.339,banana,fresh
35832297,35438,86.00,854.85,69.60,0.420,4.178,0.340,banana,fresh
35833308,35439,86.00,854.85,69.35,0.420,4.178,0.339,banana,fresh
35834319,35440,85.95,854.85,69.55,0.420,4.178,0.340,banana,fresh
35835330,35441,86.00,854.95,69.45,0.420,4.179,0.339,banana,fresh
35836342,35442,85.95,854.80,69.45,0.420,4.178,0.339,banana,fresh
35837352,35443,85.95,854.70,69.25,0.420,4.177,0.338,banana,fresh
35838363,35444,86.00,854.60,69.50,0.420,4.177,0.340,banana,fresh
35839375,35445,86.00,854.70,69.45,0.420,4.177,0.339,banana,fresh
35840386,35446,86.00,854.90,69.35,0.420,4.178,0.339,banana,fresh
35841397,35447,86.00,854.90,69.40,0.420,4.178,0.339,banana,fresh
35842408,35448,85.95,854.85,69.25,0.420,4.178,0.338,banana,fresh
35843420,35449,86.00,854.85,69.30,0.420,4.178,0.339,banana,fresh
35844430,35450,86.00,854.85,69.50,0.420,4.178,0.340,banana,fresh
35845441,35451,86.00,854.85,69.40,0.420,4.178,0.339,banana,fresh
35846453,35452,86.00,854.85,69.40,0.420,4.178,0.339,banana,fresh
35847463,35453,86.05,854.60,69.35,0.421,4.177,0.339,banana,fresh
35848475,35454,86.00,854.80,69.45,0.420,4.178,0.339,banana,fresh
35849486,35455,85.95,854.80,69.30,0.420,4.178,0.339,banana,fresh
35850498,35456,85.95,854.75,69.30,0.420,4.178,0.339,banana,fresh
35851508,35457,85.95,854.75,69.40,0.420,4.178,0.339,banana,fresh
35852519,35458,86.00,854.80,69.45,0.420,4.178,0.339,banana,fresh
35853531,35459,86.00,854.85,69.35,0.420,4.178,0.339,banana,fresh
35854541,35460,85.95,854.80,69.35,0.420,4.178,0.339,banana,fresh
35855553,35461,85.95,854.85,69.35,0.420,4.178,0.339,banana,fresh
35856564,35462,85.95,854.75,69.40,0.420,4.178,0.339,banana,fresh
35857575,35463,86.00,854.65,69.25,0.420,4.177,0.338,banana,fresh
35858586,35464,86.00,854.65,69.40,0.420,4.177,0.339,banana,fresh
35859598,35465,86.00,854.65,69.35,0.420,4.177,0.339,banana,fresh
35860609,35466,86.00,854.60,69.35,0.420,4.177,0.339,banana,fresh
35861619,35467,85.95,854.75,69.45,0.420,4.178,0.339,banana,fresh
35862631,35468,86.00,854.85,69.20,0.420,4.178,0.338,banana,fresh
35863642,35469,85.95,854.85,69.30,0.420,4.178,0.339,banana,fresh
35864653,35470,86.05,854.80,69.40,0.421,4.178,0.339,banana,fresh
35865664,35471,85.95,854.70,69.20,0.420,4.177,0.338,banana,fresh
35866676,35472,86.00,854.75,69.20,0.420,4.178,0.338,banana,fresh
35867686,35473,85.95,854.65,69.30,0.420,4.177,0.339,banana,fresh
35868698,35474,86.00,854.60,69.30,0.420,4.177,0.339,banana,fresh
35869709,35475,85.95,854.75,69.40,0.420,4.178,0.339,banana,fresh
35870720,35476,86.00,854.70,69.20,0.420,4.177,0.338,banana,fresh
35871731,35477,86.00,854.60,69.35,0.420,4.177,0.339,banana,fresh
35872742,35478,86.00,854.70,69.40,0.420,4.177,0.339,banana,fresh
35873754,35479,85.95,854.75,69.15,0.420,4.178,0.338,banana,fresh
35874764,35480,85.90,854.75,69.25,0.420,4.178,0.338,banana,fresh
35875776,35481,85.85,854.95,69.40,0.420,4.179,0.339,banana,fresh
35876787,35482,86.00,854.95,69.30,0.420,4.179,0.339,banana,fresh
35877797,35483,86.00,854.80,69.30,0.420,4.178,0.339,banana,fresh
35878809,35484,86.00,854.80,69.15,0.420,4.178,0.338,banana,fresh
35879820,35485,86.00,854.60,69.10,0.420,4.177,0.338,banana,fresh
35880832,35486,86.00,854.65,69.20,0.420,4.177,0.338,banana,fresh
35881842,35487,86.00,854.70,69.35,0.420,4.177,0.339,banana,fresh
35882854,35488,86.00,854.85,69.20,0.420,4.178,0.338,banana,fresh
35883865,35489,85.95,854.75,69.35,0.420,4.178,0.339,banana,fresh
35884875,35490,86.00,854.70,69.15,0.420,4.177,0.338,banana,fresh
35885887,35491,85.90,854.90,69.20,0.420,4.178,0.338,banana,fresh
35886898,35492,85.90,854.70,69.15,0.420,4.177,0.338,banana,fresh
35887909,35493,85.90,854.60,69.15,0.420,4.177,0.338,banana,fresh
35888920,35494,86.00,854.80,69.10,0.420,4.178,0.338,banana,fresh
35889932,35495,85.95,854.65,69.20,0.420,4.177,0.338,banana,fresh
35890942,35496,85.95,854.80,69.20,0.420,4.178,0.338,banana,fresh
35891953,35497,85.95,854.65,69.30,0.420,4.177,0.339,banana,fresh
35892965,35498,85.95,854.65,69.30,0.420,4.177,0.339,banana,fresh
35893976,35499,85.95,854.80,69.20,0.420,4.178,0.338,banana,fresh
35894987,35500,85.90,854.55,69.35,0.420,4.177,0.339,banana,fresh
35895998,35501,85.90,854.65,69.15,0.420,4.177,0.338,banana,fresh
35897010,35502,86.00,854.65,69.15,0.420,4.177,0.338,banana,fresh
35898020,35503,85.90,854.75,69.15,0.420,4.178,0.338,banana,fresh
35899032,35504,86.00,854.75,69.15,0.420,4.178,0.338,banana,fresh
35900043,35505,85.90,854.65,69.20,0.420,4.177,0.338,banana,fresh
35901053,35506,85.95,854.75,69.15,0.420,4.178,0.338,banana,fresh
35902065,35507,86.00,854.75,69.20,0.420,4.178,0.338,banana,fresh
35903076,35508,85.90,854.80,69.05,0.420,4.178,0.337,banana,fresh
35904088,35509,85.95,854.70,69.00,0.420,4.177,0.337,banana,fresh
35905098,35510,86.00,854.70,69.05,0.420,4.177,0.337,banana,fresh
35906110,35511,86.00,854.70,69.10,0.420,4.177,0.338,banana,fresh
35907121,35512,85.85,854.70,69.10,0.420,4.177,0.338,banana,fresh
35908131,35513,85.85,854.70,69.00,0.420,4.177,0.337,banana,fresh
35909143,35514,85.95,854.80,69.05,0.420,4.178,0.337,banana,fresh
35910154,35515,85.90,854.60,69.05,0.420,4.177,0.337,banana,fresh
35911165,35516,85.95,854.65,69.20,0.420,4.177,0.338,banana,fresh
35912176,35517,86.00,854.55,69.05,0.420,4.177,0.337,banana,fresh
35913188,35518,85.90,854.70,69.20,0.420,4.177,0.338,banana,fresh
35914199,35519,85.85,854.80,69.05,0.420,4.178,0.337,banana,fresh
35915209,35520,86.00,854.55,69.05,0.420,4.177,0.337,banana,fresh
35916221,35521,86.00,854.95,69.15,0.420,4.179,0.338,banana,fresh
35917232,35522,86.00,854.75,69.05,0.420,4.178,0.337,banana,fresh
35918243,35523,85.75,854.85,69.05,0.419,4.178,0.337,banana,fresh
35919254,35524,85.75,854.60,69.05,0.419,4.177,0.337,banana,fresh
35920266,35525,85.80,854.60,69.05,0.419,4.177,0.337,banana,fresh
35921276,35526,85.95,854.75,69.15,0.420,4.178,0.338,banana,fresh
35922287,35527,85.95,854.75,69.05,0.420,4.178,0.337,banana,fresh
35923299,35528,85.85,854.70,69.15,0.420,4.177,0.338,banana,fresh
35924310,35529,85.80,854.75,69.10,0.419,4.178,0.338,banana,fresh
35925321,35530,86.00,854.55,69.15,0.420,4.177,0.338,banana,fresh
35926332,35531,85.90,854.80,69.15,0.420,4.178,0.338,banana,fresh
35927344,35532,85.85,854.80,69.15,0.420,4.178,0.338,banana,fresh
35928354,35533,85.95,854.65,69.15,0.420,4.177,0.338,banana,fresh
35929366,35534,85.90,854.70,69.05,0.420,4.177,0.337,banana,fresh
35930377,35535,85.80,854.55,69.10,0.419,4.177,0.338,banana,fresh
35931387,35536,85.85,854.70,69.10,0.420,4.177,0.338,banana,fresh
35932399,35537,85.90,854.70,69.00,0.420,4.177,0.337,banana,fresh
35933410,35538,85.65,854.70,69.05,0.419,4.177,0.337,banana,fresh
35934422,35539,85.80,854.55,69.15,0.419,4.177,0.338,banana,fresh
35935432,35540,85.80,854.65,69.00,0.419,4.177,0.337,banana,fresh
35936444,35541,85.75,854.65,69.00,0.419,4.177,0.337,banana,fresh
35937455,35542,85.95,854.45,69.00,0.420,4.176,0.337,banana,fresh
35938465,35543,85.55,854.55,69.05,0.418,4.177,0.337,banana,fresh
35939477,35544,85.70,854.50,69.10,0.419,4.176,0.338,banana,fresh
35940488,35545,85.85,854.65,69.00,0.420,4.177,0.337,banana,fresh
35941499,35546,85.60,854.75,69.05,0.418,4.178,0.337,banana,fresh
35942510,35547,85.90,854.65,69.00,0.420,4.177,0.337,banana,fresh
35943522,35548,85.65,854.50,69.10,0.419,4.176,0.338,banana,fresh
35944532,35549,85.75,854.55,69.05,0.419,4.177,0.337,banana,fresh
35945543,35550,85.95,854.55,69.10,0.420,4.177,0.338,banana,fresh
35946555,35551,85.90,854.65,69.15,0.420,4.177,0.338,banana,fresh
35947566,35552,85.85,854.70,69.05,0.420,4.177,0.337,banana,fresh
35948577,35553,85.75,854.65,69.05,0.419,4.177,0.337,banana,fresh
35949588,35554,85.90,854.55,69.00,0.420,4.177,0.337,banana,fresh
35950600,35555,85.75,854.55,69.00,0.419,4.177,0.337,banana,fresh
35951610,35556,85.80,854.60,69.05,0.419,4.177,0.337,banana,fresh
35952621,35557,85.70,854.75,69.00,0.419,4.178,0.337,banana,fresh
35953633,35558,85.70,854.40,69.00,0.419,4.176,0.337,banana,fresh
35954643,35559,85.70,854.35,69.00,0.419,4.176,0.337,banana,fresh
35955655,35560,85.80,854.55,69.00,0.419,4.177,0.337,banana,fresh
35956666,35561,85.80,854.50,69.00,0.419,4.176,0.337,banana,fresh
35957678,35562,85.55,854.55,69.00,0.418,4.177,0.337,banana,fresh
35958688,35563,85.90,854.60,69.00,0.420,4.177,0.337,banana,fresh
35959699,35564,85.70,854.45,69.05,0.419,4.176,0.337,banana,fresh
35960711,35565,85.70,854.60,69.00,0.419,4.177,0.337,banana,fresh
35961721,35566,85.85,854.65,69.05,0.420,4.177,0.337,banana,fresh
35962733,35567,85.85,854.55,69.10,0.420,4.177,0.338,banana,fresh
35963744,35568,85.85,854.65,69.05,0.420,4.177,0.337,banana,fresh
35964755,35569,85.85,854.45,69.10,0.420,4.176,0.338,banana,fresh
35965766,35570,85.90,854.50,69.05,0.420,4.176,0.337,banana,fresh
35966777,35571,85.90,854.65,69.00,0.420,4.177,0.337,banana,fresh
35967789,35572,85.70,854.50,69.00,0.419,4.176,0.337,banana,fresh
35968799,35573,85.80,854.50,69.00,0.419,4.176,0.337,banana,fresh
35969811,35574,85.65,854.50,69.00,0.419,4.176,0.337,banana,fresh
35970822,35575,85.85,854.65,69.05,0.420,4.177,0.337,banana,fresh
35971833,35576,85.70,854.35,69.00,0.419,4.176,0.337,banana,fresh
35972844,35577,85.85,854.40,69.00,0.420,4.176,0.337,banana,fresh
35973855,35578,85.85,854.60,69.00,0.420,4.177,0.337,banana,fresh
35974866,35579,85.45,854.70,69.00,0.418,4.177,0.337,banana,fresh
35975877,35580,85.80,854.45,69.00,0.419,4.176,0.337,banana,fresh
35976889,35581,85.65,854.75,69.00,0.419,4.178,0.337,banana,fresh
35977900,35582,85.65,854.50,69.00,0.419,4.176,0.337,banana,fresh
35978911,35583,85.80,854.65,69.05,0.419,4.177,0.337,banana,fresh
35979922,35584,85.65,854.50,69.00,0.419,4.176,0.337,banana,fresh
35980934,35585,85.60,854.70,69.00,0.418,4.177,0.337,banana,fresh
35981944,35586,85.75,854.60,69.00,0.419,4.177,0.337,banana,fresh
35982955,35587,85.70,854.55,69.00,0.419,4.177,0.337,banana,fresh
35983967,35588,85.85,854.50,69.05,0.420,4.176,0.337,banana,fresh
35984977,35589,85.60,854.50,68.95,0.418,4.176,0.337,banana,fresh
35985989,35590,85.85,854.40,69.05,0.420,4.176,0.337,banana,fresh
35987000,35591,85.55,854.40,69.10,0.418,4.176,0.338,banana,fresh
35988012,35592,85.70,854.60,69.00,0.419,4.177,0.337,banana,fresh
35989022,35593,85.70,854.55,69.05,0.419,4.177,0.337,banana,fresh
35990033,35594,85.65,854.35,69.00,0.419,4.176,0.337,banana,fresh
35991045,35595,85.60,854.45,69.00,0.418,4.176,0.337,banana,fresh
35992055,35596,85.60,854.35,69.00,0.418,4.176,0.337,banana,fresh
35993067,35597,85.75,854.60,69.00,0.419,4.177,0.337,banana,fresh
35994078,35598,85.70,854.55,69.00,0.419,4.177,0.337,banana,fresh
35995089,35599,85.55,854.40,69.00,0.418,4.176,0.337,banana,fresh
35996100,35600,85.55,854.15,69.00,0.418,4.175,0.337,banana,fresh
35997111,35601,85.70,854.40,68.95,0.419,4.176,0.337,banana,fresh
35998123,35602,85.70,854.45,69.00,0.419,4.176,0.337,banana,fresh
35999133,35603,85.70,854.65,69.00,0.419,4.177,0.337,banana,fresh
36000145,35604,85.50,854.55,69.00,0.418,4.177,0.337,banana,fresh
36001156,35605,85.80,854.50,69.00,0.419,4.176,0.337,banana,fresh
36002167,35606,85.65,854.20,69.00,0.419,4.175,0.337,banana,fresh
36003178,35607,85.70,854.50,69.00,0.419,4.176,0.337,banana,fresh
36004189,35608,85.40,854.55,69.00,0.417,4.177,0.337,banana,fresh
36005200,35609,85.65,854.50,69.00,0.419,4.176,0.337,banana,fresh
36006211,35610,85.75,854.55,69.00,0.419,4.177,0.337,banana,fresh
36007223,35611,85.65,854.45,69.00,0.419,4.176,0.337,banana,fresh
36008233,35612,85.80,854.40,69.00,0.419,4.176,0.337,banana,fresh
36009245,35613,85.70,854.25,69.00,0.419,4.175,0.337,banana,fresh
36010256,35614,85.50,854.45,69.05,0.418,4.176,0.337,banana,fresh
36011267,35615,85.55,854.70,68.90,0.418,4.177,0.337,banana,fresh
36012278,35616,85.40,854.35,69.00,0.417,4.176,0.337,banana,fresh
36013289,35617,85.50,854.65,69.00,0.418,4.177,0.337,banana,fresh
36014301,35618,85.35,854.45,69.05,0.417,4.176,0.337,banana,fresh
36015311,35619,85.35,854.30,69.00,0.417,4.175,0.337,banana,fresh
36016323,35620,85.50,854.40,68.95,0.418,4.176,0.337,banana,fresh
36017334,35621,85.50,854.35,69.00,0.418,4.176,0.337,banana,fresh
36018344,35622,85.55,854.55,69.00,0.418,4.177,0.337,banana,fresh
36019356,35623,85.45,854.30,69.00,0.418,4.175,0.337,banana,fresh
36020367,35624,85.45,854.60,69.05,0.418,4.177,0.337,banana,fresh
36021379,35625,85.60,854.30,69.00,0.418,4.175,0.337,banana,fresh
36022389,35626,85.60,854.40,69.00,0.418,4.176,0.337,banana,fresh
36023401,35627,85.50,854.70,69.00,0.418,4.177,0.337,banana,fresh
36024412,35628,85.70,854.50,69.00,0.419,4.176,0.337,banana,fresh
36025422,35629,85.55,854.70,69.00,0.418,4.177,0.337,banana,fresh
36026434,35630,85.35,854.45,69.00,0.417,4.176,0.337,banana,fresh
36027445,35631,85.50,854.45,69.00,0.418,4.176,0.337,banana,fresh
36028456,35632,85.50,854.50,69.00,0.418,4.176,0.337,banana,fresh
36029467,35633,85.55,854.45,69.00,0.418,4.176,0.337,banana,fresh
36030479,35634,85.50,854.60,69.00,0.418,4.177,0.337,banana,fresh
36031490,35635,85.60,854.40,69.00,0.418,4.176,0.337,banana,fresh
36032500,35636,85.40,854.50,69.00,0.417,4.176,0.337,banana,fresh
36033512,35637,85.60,854.65,69.00,0.418,4.177,0.337,banana,fresh
36034523,35638,85.50,854.40,69.00,0.418,4.176,0.337,banana,fresh
36035534,35639,85.40,854.40,68.95,0.417,4.176,0.337,banana,fresh
36036545,35640,85.65,854.45,68.95,0.419,4.176,0.337,banana,fresh
36037557,35641,85.35,854.55,69.00,0.417,4.177,0.337,banana,fresh
36038567,35642,85.35,854.45,69.00,0.417,4.176,0.337,banana,fresh
36039578,35643,85.50,854.55,68.95,0.418,4.177,0.337,banana,fresh
36040590,35644,85.35,854.40,69.00,0.417,4.176,0.337,banana,fresh
36041601,35645,85.40,854.60,69.00,0.417,4.177,0.337,banana,fresh
36042612,35646,85.65,854.55,69.00,0.419,4.177,0.337,banana,fresh
36043623,35647,85.55,854.45,69.00,0.418,4.176,0.337,banana,fresh
36044635,35648,85.50,854.65,69.00,0.418,4.177,0.337,banana,fresh
36045645,35649,85.50,854.50,69.00,0.418,4.176,0.337,banana,fresh
36046656,35650,85.40,854.60,68.95,0.417,4.177,0.337,banana,fresh
36047668,35651,85.50,854.65,69.00,0.418,4.177,0.337,banana,fresh
36048678,35652,85.45,854.55,69.00,0.418,4.177,0.337,banana,fresh
36049690,35653,85.55,854.60,68.95,0.418,4.177,0.337,banana,fresh
36050701,35654,85.35,854.45,68.90,0.417,4.176,0.337,banana,fresh
36051713,35655,85.50,854.50,69.00,0.418,4.176,0.337,banana,fresh
36052723,35656,85.55,854.45,69.00,0.418,4.176,0.337,banana,fresh
36053734,35657,85.35,854.65,69.00,0.417,4.177,0.337,banana,fresh
36054746,35658,85.75,854.55,69.00,0.419,4.177,0.337,banana,fresh
36055756,35659,85.55,854.60,68.95,0.418,4.177,0.337,banana,fresh
36056768,35660,85.45,854.45,68.95,0.418,4.176,0.337,banana,fresh
36057779,35661,85.35,854.70,69.00,0.417,4.177,0.337,banana,fresh
36058790,35662,85.45,854.50,68.95,0.418,4.176,0.337,banana,fresh
36059801,35663,85.45,854.60,69.00,0.418,4.177,0.337,banana,fresh
36060813,35664,85.50,854.55,69.00,0.418,4.177,0.337,banana,fresh
36061824,35665,85.35,854.40,69.00,0.417,4.176,0.337,banana,fresh
36062834,35666,85.50,854.35,69.00,0.418,4.176,0.337,banana,fresh
36063846,35667,85.25,854.55,69.00,0.417,4.177,0.337,banana,fresh
36064857,35668,85.40,854.50,68.95,0.417,4.176,0.337,banana,fresh
36065868,35669,85.45,854.60,68.95,0.418,4.177,0.337,banana,fresh
36066879,35670,85.40,854.65,69.00,0.417,4.177,0.337,banana,fresh
36067891,35671,85.50,854.45,69.00,0.418,4.176,0.337,banana,fresh
36068901,35672,85.45,854.50,69.00,0.418,4.176,0.337,banana,fresh
36069912,35673,85.50,854.45,68.95,0.418,4.176,0.337,banana,fresh
36070924,35674,85.25,854.55,68.95,0.417,4.177,0.337,banana,fresh
36071934,35675,85.55,854.60,69.00,0.418,4.177,0.337,banana,fresh
36072946,35676,85.70,854.40,68.95,0.419,4.176,0.337,banana,fresh
36073957,35677,85.55,854.65,68.95,0.418,4.177,0.337,banana,fresh
36074969,35678,85.45,854.60,68.90,0.418,4.177,0.337,banana,fresh
36075979,35679,85.30,854.55,68.95,0.417,4.177,0.337,banana,fresh
36076991,35680,85.55,854.45,68.90,0.418,4.176,0.337,banana,fresh
36078002,35681,85.55,854.60,68.95,0.418,4.177,0.337,banana,fresh
36079012,35682,85.55,854.40,69.00,0.418,4.176,0.337,banana,fresh
36080024,35683,85.55,854.45,68.95,0.418,4.176,0.337,banana,fresh
36081035,35684,85.55,854.50,68.85,0.418,4.176,0.337,banana,fresh
36082046,35685,85.60,854.65,69.00,0.418,4.177,0.337,banana,fresh
36083057,35686,85.60,854.35,69.00,0.418,4.176,0.337,banana,fresh
36084069,35687,85.50,854.40,68.95,0.418,4.176,0.337,banana,fresh
36085080,35688,85.40,854.55,68.95,0.417,4.177,0.337,banana,fresh
36086091,35689,85.30,854.50,69.00,0.417,4.176,0.337,banana,fresh
36087102,35690,85.60,854.50,68.95,0.418,4.176,0.337,banana,fresh
36088113,35691,85.55,854.55,68.95,0.418,4.177,0.337,banana,fresh
36089124,35692,85.35,854.60,68.95,0.417,4.177,0.337,banana,fresh
36090135,35693,85.30,854.60,68.95,0.417,4.177,0.337,banana,fresh
36091147,35694,85.35,854.40,69.00,0.417,4.176,0.337,banana,fresh
36092157,35695,85.40,854.45,68.85,0.417,4.176,0.337,banana,fresh
36093169,35696,85.60,854.55,68.85,0.418,4.177,0.337,banana,fresh
36094180,35697,85.40,854.60,68.85,0.417,4.177,0.337,banana,fresh
36095191,35698,85.40,854.30,69.00,0.417,4.175,0.337,banana,fresh
36096202,35699,85.30,854.45,69.00,0.417,4.176,0.337,banana,fresh
36097213,35700,85.45,854.65,68.95,0.418,4.177,0.337,banana,fresh
36098225,35701,85.40,854.55,69.00,0.417,4.177,0.337,banana,fresh
36099235,35702,85.40,854.40,68.90,0.417,4.176,0.337,banana,fresh
36100247,35703,85.50,854.70,68.90,0.418,4.177,0.337,banana,fresh
36101258,35704,85.50,854.50,69.05,0.418,4.176,0.337,banana,fresh
36102268,35705,85.40,854.50,69.00,0.417,4.176,0.337,banana,fresh
36103280,35706,85.35,854.45,68.95,0.417,4.176,0.337,banana,fresh
36104291,35707,85.40,854.65,68.95,0.417,4.177,0.337,banana,fresh
36105303,35708,85.40,854.60,68.95,0.417,4.177,0.337,banana,fresh
36106313,35709,85.50,854.50,68.95,0.418,4.176,0.337,banana,fresh
36107325,35710,85.45,854.60,69.00,0.418,4.177,0.337,banana,fresh
36108336,35711,85.35,854.70,68.95,0.417,4.177,0.337,banana,fresh
36109347,35712,85.35,854.55,68.95,0.417,4.177,0.337,banana,fresh
36110358,35713,85.45,854.50,68.95,0.418,4.176,0.337,banana,fresh
36111369,35714,85.35,854.55,68.95,0.417,4.177,0.337,banana,fresh
36112380,35715,85.45,854.75,68.90,0.418,4.178,0.337,banana,fresh
36113391,35716,85.55,854.50,69.00,0.418,4.176,0.337,banana,fresh
36114403,35717,85.30,854.50,68.90,0.417,4.176,0.337,banana,fresh
36115414,35718,85.50,854.75,69.00,0.418,4.178,0.337,banana,fresh
36116425,35719,85.35,854.65,68.95,0.417,4.177,0.337,banana,fresh
36117436,35720,85.40,854.35,68.75,0.417,4.176,0.336,banana,fresh
36118447,35721,85.40,854.60,68.95,0.417,4.177,0.337,banana,fresh
36119458,35722,85.20,854.55,68.90,0.416,4.177,0.337,banana,fresh
36120469,35723,85.30,854.55,68.80,0.417,4.177,0.336,banana,fresh
36121481,35724,85.45,854.55,68.85,0.418,4.177,0.337,banana,fresh
36122491,35725,85.50,854.45,68.95,0.418,4.176,0.337,banana,fresh
36123503,35726,85.40,854.75,68.90,0.417,4.178,0.337,banana,fresh
36124514,35727,85.40,854.70,68.85,0.417,4.177,0.337,banana,fresh
36125526,35728,85.40,854.55,68.95,0.417,4.177,0.337,banana,fresh
36126536,35729,85.30,854.55,68.90,0.417,4.177,0.337,banana,fresh
36127547,35730,85.35,854.65,68.95,0.417,4.177,0.337,banana,fresh
36128559,35731,85.30,854.45,68.95,0.417,4.176,0.337,banana,fresh
36129569,35732,85.25,854.75,68.95,0.417,4.178,0.337,banana,fresh
36130581,35733,85.25,854.40,68.95,0.417,4.176,0.337,banana,fresh
36131592,35734,85.35,854.25,68.90,0.417,4.175,0.337,banana,fresh
36132603,35735,85.40,854.60,69.00,0.417,4.177,0.337,banana,fresh
36133614,35736,85.45,854.50,69.00,0.418,4.176,0.337,banana,fresh
36134625,35737,85.25,854.50,68.85,0.417,4.176,0.337,banana,fresh
36135636,35738,85.30,854.55,68.95,0.417,4.177,0.337,banana,fresh
36136647,35739,85.60,854.55,68.95,0.418,4.177,0.337,banana,fresh
36137659,35740,85.25,854.65,68.80,0.417,4.177,0.336,banana,fresh
36138670,35741,85.20,854.60,68.95,0.416,4.177,0.337,banana,fresh
36139681,35742,85.40,854.75,68.95,0.417,4.178,0.337,banana,fresh
36140692,35743,85.20,854.75,68.90,0.416,4.178,0.337,banana,fresh
36141704,35744,85.30,854.45,68.95,0.417,4.176,0.337,banana,fresh
36142714,35745,85.40,854.65,68.90,0.417,4.177,0.337,banana,fresh
36143725,35746,85.40,854.60,68.90,0.417,4.177,0.337,banana,fresh
36144737,35747,85.20,854.65,68.95,0.416,4.177,0.337,banana,fresh
36145747,35748,85.30,854.55,69.00,0.417,4.177,0.337,banana,fresh
36146759,35749,85.20,854.60,69.00,0.416,4.177,0.337,banana,fresh
36147770,35750,85.25,854.65,68.90,0.417,4.177,0.337,banana,fresh
36148782,35751,85.30,854.35,68.80,0.417,4.176,0.336,banana,fresh
36149792,35752,85.30,854.45,68.90,0.417,4.176,0.337,banana,fresh
36150803,35753,85.20,854.60,69.00,0.416,4.177,0.337,banana,fresh
36151815,35754,85.35,854.50,69.00,0.417,4.176,0.337,banana,fresh
36152825,35755,85.35,854.35,68.95,0.417,4.176,0.337,banana,fresh
36153837,35756,85.40,854.50,68.90,0.417,4.176,0.337,banana,fresh
36154848,35757,85.25,854.60,68.85,0.417,4.177,0.337,banana,fresh
36155859,35758,85.55,854.55,68.95,0.418,4.177,0.337,banana,fresh
36156870,35759,85.45,854.70,68.95,0.418,4.177,0.337,banana,fresh
36157882,35760,85.25,854.55,69.00,0.417,4.177,0.337,banana,fresh
36158893,35761,85.35,854.40,69.00,0.417,4.176,0.337,banana,fresh
36159903,35762,85.25,854.45,68.75,0.417,4.176,0.336,banana,fresh
36160915,35763,85.35,854.50,68.80,0.417,4.176,0.336,banana,fresh
36161926,35764,85.25,854.35,69.00,0.417,4.176,0.337,banana,fresh
36162937,35765,85.35,854.55,68.95,0.417,4.177,0.337,banana,fresh
36163948,35766,85.30,854.45,68.90,0.417,4.176,0.337,banana,fresh
36164960,35767,85.10,854.55,68.90,0.416,4.177,0.337,banana,fresh
36165970,35768,85.30,854.45,68.95,0.417,4.176,0.337,banana,fresh
36166981,35769,85.15,854.35,68.85,0.416,4.176,0.337,banana,fresh
36167993,35770,85.30,854.35,68.85,0.417,4.176,0.337,banana,fresh
36169004,35771,85.20,854.40,68.85,0.416,4.176,0.337,banana,fresh
36170015,35772,85.15,854.50,68.70,0.416,4.176,0.336,banana,fresh
36171026,35773,85.15,854.30,68.75,0.416,4.175,0.336,banana,fresh
36172038,35774,85.15,854.50,68.90,0.416,4.176,0.337,banana,fresh
36173048,35775,85.25,854.50,68.85,0.417,4.176,0.337,banana,fresh
36174060,35776,85.20,854.25,68.75,0.416,4.175,0.336,banana,fresh
36175071,35777,85.15,854.55,68.75,0.416,4.177,0.336,banana,fresh
36176081,35778,85.30,854.50,68.95,0.417,4.176,0.337,banana,fresh
36177093,35779,85.35,854.60,68.85,0.417,4.177,0.337,banana,fresh
36178104,35780,85.20,854.45,68.75,0.416,4.176,0.336,banana,fresh
36179116,35781,85.20,854.45,68.85,0.416,4.176,0.337,banana,fresh
36180126,35782,85.20,854.30,68.80,0.416,4.175,0.336,banana,fresh
36181138,35783,85.15,854.35,68.90,0.416,4.176,0.337,banana,fresh
36182149,35784,85.05,854.25,68.95,0.416,4.175,0.337,banana,fresh
36183160,35785,85.25,854.35,68.90,0.417,4.176,0.337,banana,fresh
36184171,35786,85.15,854.35,68.75,0.416,4.176,0.336,banana,fresh
36185182,35787,85.15,854.30,68.80,0.416,4.175,0.336,banana,fresh
36186193,35788,85.00,854.50,68.70,0.415,4.176,0.336,banana,fresh
36187204,35789,85.20,854.50,68.85,0.416,4.176,0.337,banana,fresh
36188216,35790,85.05,854.55,68.60,0.416,4.177,0.335,banana,fresh
36189227,35791,85.25,854.50,68.75,0.417,4.176,0.336,banana,fresh
36190238,35792,85.05,854.30,68.70,0.416,4.175,0.336,banana,fresh
36191249,35793,85.05,854.25,68.65,0.416,4.175,0.336,banana,fresh
36192260,35794,85.20,854.35,68.85,0.416,4.176,0.337,banana,fresh
36193271,35795,85.40,854.50,68.65,0.417,4.176,0.336,banana,fresh
36194282,35796,85.15,854.25,68.95,0.416,4.175,0.337,banana,fresh
36195294,35797,85.20,854.50,68.95,0.416,4.176,0.337,banana,fresh
36196304,35798,85.15,854.35,68.60,0.416,4.176,0.335,banana,fresh
36197316,35799,85.00,854.50,68.65,0.415,4.176,0.336,banana,fresh
36198327,35800,85.15,854.35,68.85,0.416,4.176,0.337,banana,fresh
36199339,35801,85.10,854.15,68.60,0.416,4.175,0.335,banana,fresh
36200349,35802,85.10,854.40,68.75,0.416,4.176,0.336,banana,fresh
36201360,35803,85.15,854.40,68.75,0.416,4.176,0.336,banana,fresh
36202372,35804,85.25,854.35,68.75,0.417,4.176,0.336,banana,fresh
36203382,35805,85.15,854.45,68.70,0.416,4.176,0.336,banana,fresh
36204394,35806,85.15,854.25,68.60,0.416,4.175,0.335,banana,fresh
36205405,35807,85.20,854.30,68.70,0.416,4.175,0.336,banana,fresh
36206416,35808,85.05,854.50,68.65,0.416,4.176,0.336,banana,fresh
36207427,35809,85.15,854.40,68.80,0.416,4.176,0.336,banana,fresh
36208439,35810,85.05,854.40,68.80,0.416,4.176,0.336,banana,fresh
36209449,35811,85.10,854.30,68.80,0.416,4.175,0.336,banana,fresh
36210460,35812,85.15,854.45,68.75,0.416,4.176,0.336,banana,fresh
36211472,35813,85.15,854.35,68.80,0.416,4.176,0.336,banana,fresh
36212483,35814,85.00,854.45,68.60,0.415,4.176,0.335,banana,fresh
36213494,35815,85.10,854.25,68.70,0.416,4.175,0.336,banana,fresh
36214505,35816,85.05,854.35,68.50,0.416,4.176,0.335,banana,fresh
36215517,35817,85.25,854.55,68.85,0.417,4.177,0.337,banana,fresh
36216527,35818,85.15,854.20,68.70,0.416,4.175,0.336,banana,fresh
36217539,35819,85.10,854.30,68.85,0.416,4.175,0.337,banana,fresh
36218550,35820,85.05,854.35,68.80,0.416,4.176,0.336,banana,fresh
36219560,35821,85.20,854.40,68.60,0.416,4.176,0.335,banana,fresh
36220572,35822,85.10,854.40,68.65,0.416,4.176,0.336,banana,fresh
36221583,35823,85.15,854.35,68.75,0.416,4.176,0.336,banana,fresh
36222595,35824,85.05,854.35,68.55,0.416,4.176,0.335,banana,fresh
36223605,35825,85.30,854.30,68.70,0.417,4.175,0.336,banana,fresh
36224617,35826,85.35,854.25,68.55,0.417,4.175,0.335,banana,fresh
36225628,35827,85.20,854.30,68.80,0.416,4.175,0.336,banana,fresh
36226639,35828,85.15,854.50,68.65,0.416,4.176,0.336,banana,fresh
36227650,35829,85.00,854.40,68.50,0.415,4.176,0.335,banana,fresh
36228661,35830,85.05,854.25,68.75,0.416,4.175,0.336,banana,fresh
36229672,35831,85.20,854.25,68.55,0.416,4.175,0.335,banana,fresh
36230683,35832,85.10,854.20,68.80,0.416,4.175,0.336,banana,fresh
36231695,35833,85.05,854.25,68.70,0.416,4.175,0.336,banana,fresh
36232706,35834,85.00,854.20,68.75,0.415,4.175,0.336,banana,fresh
36233717,35835,85.35,854.45,68.65,0.417,4.176,0.336,banana,fresh
36234728,35836,85.00,854.40,68.60,0.415,4.176,0.335,banana,fresh
36235739,35837,85.10,854.15,68.50,0.416,4.175,0.335,banana,fresh
36236750,35838,85.00,854.25,68.75,0.415,4.175,0.336,banana,fresh
36237761,35839,85.10,854.45,68.70,0.416,4.176,0.336,banana,fresh
36238773,35840,85.05,854.50,68.75,0.416,4.176,0.336,banana,fresh
36239783,35841,85.05,854.25,68.60,0.416,4.175,0.335,banana,fresh
36240795,35842,85.05,854.35,68.75,0.416,4.176,0.336,banana,fresh
36241806,35843,85.00,854.55,68.60,0.415,4.177,0.335,banana,fresh
36242818,35844,85.10,854.40,68.50,0.416,4.176,0.335,banana,fresh
36243828,35845,85.00,854.40,68.45,0.415,4.176,0.335,banana,fresh
36244839,35846,85.10,854.35,68.60,0.416,4.176,0.335,banana,fresh
36245851,35847,85.05,854.65,68.60,0.416,4.177,0.335,banana,fresh
36246861,35848,85.00,854.60,68.60,0.415,4.177,0.335,banana,fresh
36247873,35849,85.15,854.45,68.70,0.416,4.176,0.336,banana,fresh
36248884,35850,85.05,854.35,68.55,0.416,4.176,0.335,banana,fresh
36249895,35851,85.05,854.15,68.70,0.416,4.175,0.336,banana,fresh
36250906,35852,85.05,854.25,68.65,0.416,4.175,0.336,banana,fresh
36251917,35853,85.05,854.30,68.60,0.416,4.175,0.335,banana,fresh
36252929,35854,85.05,854.20,68.45,0.416,4.175,0.335,banana,fresh
36253939,35855,85.15,854.20,68.50,0.416,4.175,0.335,banana,fresh
36254951,35856,85.00,854.25,68.40,0.415,4.175,0.334,banana,fresh
36255962,35857,85.00,854.25,68.50,0.415,4.175,0.335,banana,fresh
36256973,35858,85.10,854.15,68.50,0.416,4.175,0.335,banana,fresh
36257984,35859,85.10,854.55,68.50,0.416,4.177,0.335,banana,fresh
36258996,35860,85.00,854.25,68.60,0.415,4.175,0.335,banana,fresh
36260006,35861,84.95,854.40,68.30,0.415,4.176,0.334,banana,fresh
36261017,35862,85.00,854.30,68.40,0.415,4.175,0.334,banana,fresh
36262029,35863,85.10,854.45,68.70,0.416,4.176,0.336,banana,fresh
36263040,35864,85.00,854.40,68.45,0.415,4.176,0.335,banana,fresh
36264051,35865,85.05,854.40,68.50,0.416,4.176,0.335,banana,fresh
36265062,35866,85.05,854.10,68.65,0.416,4.174,0.336,banana,fresh
36266074,35867,85.05,854.30,68.35,0.416,4.175,0.334,banana,fresh
36267084,35868,85.00,854.40,68.35,0.415,4.176,0.334,banana,fresh
36268095,35869,85.05,854.30,68.45,0.416,4.175,0.335,banana,fresh
36269107,35870,85.15,854.40,68.50,0.416,4.176,0.335,banana,fresh
36270117,35871,85.00,854.30,68.35,0.415,4.175,0.334,banana,fresh
36271129,35872,85.00,854.30,68.45,0.415,4.175,0.335,banana,fresh
36272140,35873,85.00,854.25,68.35,0.415,4.175,0.334,banana,fresh
36273152,35874,85.10,854.35,68.55,0.416,4.176,0.335,banana,fresh
36274162,35875,85.00,854.30,68.40,0.415,4.175,0.334,banana,fresh
36275173,35876,85.05,854.35,68.35,0.416,4.176,0.334,banana,fresh
36276185,35877,85.00,854.25,68.55,0.415,4.175,0.335,banana,fresh
36277195,35878,85.00,854.25,68.45,0.415,4.175,0.335,banana,fresh
36278207,35879,85.00,854.40,68.40,0.415,4.176,0.334,banana,fresh
36279218,35880,85.00,854.25,68.35,0.415,4.175,0.334,banana,fresh
36280229,35881,85.05,854.15,68.55,0.416,4.175,0.335,banana,fresh
36281240,35882,85.15,854.25,68.35,0.416,4.175,0.334,banana,fresh
36282252,35883,85.20,854.15,68.30,0.416,4.175,0.334,banana,fresh
36283262,35884,85.15,854.30,68.50,0.416,4.175,0.335,banana,fresh
36284273,35885,85.15,854.35,68.40,0.416,4.176,0.334,banana,fresh
36285285,35886,85.10,854.40,68.40,0.416,4.176,0.334,banana,fresh
36286296,35887,85.00,854.20,68.50,0.415,4.175,0.335,banana,fresh
36287307,35888,85.10,854.20,68.35,0.416,4.175,0.334,banana,fresh
36288318,35889,85.00,854.30,68.20,0.415,4.175,0.333,banana,fresh
36289330,35890,84.95,854.35,68.35,0.415,4.176,0.334,banana,fresh
36290340,35891,85.00,854.45,68.40,0.415,4.176,0.334,banana,fresh
36291351,35892,85.05,854.35,68.35,0.416,4.176,0.334,banana,fresh
36292363,35893,85.05,854.20,68.30,0.416,4.175,0.334,banana,fresh
36293373,35894,84.95,854.15,68.20,0.415,4.175,0.333,banana,fresh
36294385,35895,85.05,854.30,68.50,0.416,4.175,0.335,banana,fresh
36295396,35896,85.00,854.50,68.25,0.415,4.176,0.334,banana,fresh
36296408,35897,85.00,854.35,68.30,0.415,4.176,0.334,banana,fresh
36297418,35898,85.00,854.30,68.15,0.415,4.175,0.333,banana,fresh
36298429,35899,85.05,854.25,68.40,0.416,4.175,0.334,banana,fresh
36299441,35900,85.05,854.20,68.20,0.416,4.175,0.333,banana,fresh
36300451,35901,85.05,854.30,68.25,0.416,4.175,0.334,banana,fresh
36301463,35902,85.05,854.35,68.40,0.416,4.176,0.334,banana,fresh
36302474,35903,85.00,854.05,68.25,0.415,4.174,0.334,banana,fresh
36303485,35904,85.10,854.25,68.35,0.416,4.175,0.334,banana,fresh
36304496,35905,85.10,854.25,68.20,0.416,4.175,0.333,banana,fresh
36305508,35906,84.95,854.15,68.45,0.415,4.175,0.335,banana,fresh
36306519,35907,85.00,854.10,68.30,0.415,4.174,0.334,banana,fresh
36307529,35908,85.00,854.25,68.20,0.415,4.175,0.333,banana,fresh
36308541,35909,85.00,854.15,68.30,0.415,4.175,0.334,banana,fresh
36309552,35910,85.00,854.25,68.30,0.415,4.175,0.334,banana,fresh
36310563,35911,85.00,854.20,68.35,0.415,4.175,0.334,banana,fresh
36311574,35912,84.90,854.30,68.35,0.415,4.175,0.334,banana,fresh
36312586,35913,85.00,854.10,68.35,0.415,4.174,0.334,banana,fresh
36313596,35914,85.05,854.25,68.35,0.416,4.175,0.334,banana,fresh
36314608,35915,85.00,854.20,68.15,0.415,4.175,0.333,banana,fresh
36315619,35916,84.95,854.15,68.25,0.415,4.175,0.334,banana,fresh
36316630,35917,85.05,854.30,68.15,0.416,4.175,0.333,banana,fresh
36317641,35918,85.05,854.00,68.15,0.416,4.174,0.333,banana,fresh
36318652,35919,85.00,854.40,68.30,0.415,4.176,0.334,banana,fresh
36319664,35920,84.95,854.05,68.25,0.415,4.174,0.334,banana,fresh
36320674,35921,84.95,854.15,68.30,0.415,4.175,0.334,banana,fresh
36321686,35922,85.00,854.30,68.15,0.415,4.175,0.333,banana,fresh
36322697,35923,85.00,854.10,68.10,0.415,4.174,0.333,banana,fresh
36323707,35924,85.00,854.35,68.15,0.415,4.176,0.333,banana,fresh
36324719,35925,85.00,854.10,68.40,0.415,4.174,0.334,banana,fresh
36325730,35926,85.00,854.25,68.30,0.415,4.175,0.334,banana,fresh
36326742,35927,84.95,854.15,68.15,0.415,4.175,0.333,banana,fresh
36327752,35928,85.00,854.15,68.30,0.415,4.175,0.334,banana,fresh
36328764,35929,84.95,854.35,68.20,0.415,4.176,0.333,banana,fresh
36329775,35930,85.05,854.25,68.30,0.416,4.175,0.334,banana,fresh
36330786,35931,84.90,854.20,68.10,0.415,4.175,0.333,banana,fresh
36331797,35932,85.00,854.20,68.10,0.415,4.175,0.333,banana,fresh
36332808,35933,84.95,854.10,68.05,0.415,4.174,0.333,banana,fresh
36333819,35934,85.00,854.20,68.20,0.415,4.175,0.333,banana,fresh
36334830,35935,85.00,854.25,68.25,0.415,4.175,0.334,banana,fresh
36335842,35936,85.00,854.20,68.25,0.415,4.175,0.334,banana,fresh
36336852,35937,85.00,854.10,68.30,0.415,4.174,0.334,banana,fresh
36337864,35938,84.95,854.25,68.25,0.415,4.175,0.334,banana,fresh
36338875,35939,85.00,854.20,68.25,0.415,4.175,0.334,banana,fresh
36339886,35940,84.95,854.10,68.10,0.415,4.174,0.333,banana,fresh
36340897,35941,84.95,854.30,68.25,0.415,4.175,0.334,banana,fresh
36341908,35942,85.00,854.25,68.20,0.415,4.175,0.333,banana,fresh
36342920,35943,85.00,854.20,68.05,0.415,4.175,0.333,banana,fresh
36343930,35944,85.00,854.25,68.10,0.415,4.175,0.333,banana,fresh
36344942,35945,84.90,854.05,68.15,0.415,4.174,0.333,banana,fresh
36345953,35946,85.00,854.15,68.15,0.415,4.175,0.333,banana,fresh
36346964,35947,85.00,854.20,68.05,0.415,4.175,0.333,banana,fresh
36347975,35948,85.00,854.15,68.20,0.415,4.175,0.333,banana,fresh
36348986,35949,84.95,854.05,68.05,0.415,4.174,0.333,banana,fresh
36349998,35950,84.90,854.25,68.10,0.415,4.175,0.333,banana,fresh
36351008,35951,84.90,854.00,68.10,0.415,4.174,0.333,banana,fresh
36352020,35952,85.05,854.05,68.40,0.416,4.174,0.334,banana,fresh
36353031,35953,84.85,854.25,68.10,0.415,4.175,0.333,banana,fresh
36354042,35954,85.00,854.15,68.30,0.415,4.175,0.334,banana,fresh
36355053,35955,84.95,854.30,68.10,0.415,4.175,0.333,banana,fresh
36356064,35956,85.00,854.15,68.10,0.415,4.175,0.333,banana,fresh
36357075,35957,85.00,854.15,68.15,0.415,4.175,0.333,banana,fresh
36358086,35958,84.95,854.10,68.15,0.415,4.174,0.333,banana,fresh
36359098,35959,84.95,854.10,68.15,0.415,4.174,0.333,banana,fresh
36360109,35960,84.95,854.10,68.15,0.415,4.174,0.333,banana,fresh
36361120,35961,85.00,854.10,68.00,0.415,4.174,0.332,banana,fresh
36362131,35962,84.95,854.10,68.10,0.415,4.174,0.333,banana,fresh
36363143,35963,85.00,854.00,68.10,0.415,4.174,0.333,banana,fresh
36364153,35964,85.00,854.10,68.05,0.415,4.174,0.333,banana,fresh
36365164,35965,85.00,854.20,68.05,0.415,4.175,0.333,banana,fresh
36366176,35966,85.00,854.05,68.05,0.415,4.174,0.333,banana,fresh
36367186,35967,85.00,854.20,68.10,0.415,4.175,0.333,banana,fresh
36368198,35968,84.95,854.10,68.15,0.415,4.174,0.333,banana,fresh
36369209,35969,84.90,854.15,68.00,0.415,4.175,0.332,banana,fresh
36370221,35970,84.90,854.25,68.05,0.415,4.175,0.333,banana,fresh
36371231,35971,84.90,854.00,68.00,0.415,4.174,0.332,banana,fresh
36372242,35972,85.00,854.05,68.05,0.415,4.174,0.333,banana,fresh
36373254,35973,84.95,854.05,68.05,0.415,4.174,0.333,banana,fresh
36374264,35974,84.90,854.00,68.00,0.415,4.174,0.332,banana,fresh
36375276,35975,84.95,854.00,68.00,0.415,4.174,0.332,banana,fresh
36376287,35976,85.00,854.15,68.05,0.415,4.175,0.333,banana,fresh
36377298,35977,84.95,854.20,68.05,0.415,4.175,0.333,banana,fresh
36378309,35978,85.00,854.00,68.10,0.415,4.174,0.333,banana,fresh
36379320,35979,84.95,854.05,68.00,0.415,4.174,0.332,banana,fresh
36380332,35980,84.90,854.10,68.00,0.415,4.174,0.332,banana,fresh
36381342,35981,84.95,854.20,68.10,0.415,4.175,0.333,banana,fresh
36382354,35982,85.00,854.10,68.00,0.415,4.174,0.332,banana,fresh
36383365,35983,84.95,854.20,68.10,0.415,4.175,0.333,banana,fresh
36384376,35984,85.00,854.10,68.00,0.415,4.174,0.332,banana,fresh
36385387,35985,84.90,854.25,68.10,0.415,4.175,0.333,banana,fresh
36386398,35986,85.00,854.05,68.15,0.415,4.174,0.333,banana,fresh
36387409,35987,84.85,854.10,68.05,0.415,4.174,0.333,banana,fresh
36388420,35988,84.95,854.10,68.15,0.415,4.174,0.333,banana,fresh
36389432,35989,84.95,854.15,68.05,0.415,4.175,0.333,banana,fresh
36390443,35990,84.95,854.05,68.00,0.415,4.174,0.332,banana,fresh
36391454,35991,84.90,854.10,68.00,0.415,4.174,0.332,banana,fresh
36392465,35992,84.95,854.10,68.00,0.415,4.174,0.332,banana,fresh
36393476,35993,84.95,854.20,68.10,0.415,4.175,0.333,banana,fresh
36394487,35994,84.90,854.05,68.05,0.415,4.174,0.333,banana,fresh
36395498,35995,85.00,854.10,68.00,0.415,4.174,0.332,banana,fresh
36396510,35996,85.00,854.20,68.00,0.415,4.175,0.332,banana,fresh
36397520,35997,84.85,854.00,68.05,0.415,4.174,0.333,banana,fresh
36398532,35998,84.95,854.10,68.00,0.415,4.174,0.332,banana,fresh
36399543,35999,84.95,854.05,68.05,0.415,4.174,0.333,banana,fresh
36400553,36000,84.95,854.10,68.00,0.415,4.174,0.332,banana,fresh
36401565,36001,84.90,854.15,68.00,0.415,4.175,0.332,banana,fresh
36402576,36002,84.90,854.10,68.05,0.415,4.174,0.333,banana,fresh
36403588,36003,84.90,854.05,68.00,0.415,4.174,0.332,banana,fresh
36404598,36004,84.95,854.10,68.00,0.415,4.174,0.332,banana,fresh
36405610,36005,84.95,854.10,68.05,0.415,4.174,0.333,banana,fresh
36406621,36006,85.00,854.10,68.00,0.415,4.174,0.332,banana,fresh
36407631,36007,84.95,854.20,68.00,0.415,4.175,0.332,banana,fresh
36408643,36008,84.85,854.10,68.00,0.415,4.174,0.332,banana,fresh
36409654,36009,84.85,854.10,68.05,0.415,4.174,0.333,banana,fresh
36410665,36010,85.05,854.20,68.00,0.416,4.175,0.332,banana,fresh
36411676,36011,84.95,854.10,68.00,0.415,4.174,0.332,banana,fresh
36412688,36012,84.90,854.15,68.00,0.415,4.175,0.332,banana,fresh
36413699,36013,85.00,854.20,68.00,0.415,4.175,0.332,banana,fresh
36414710,36014,84.95,854.10,68.00,0.415,4.174,0.332,banana,fresh
36415721,36015,84.90,854.10,68.05,0.415,4.174,0.333,banana,fresh
36416732,36016,84.95,854.20,68.00,0.415,4.175,0.332,banana,fresh
36417743,36017,84.85,854.15,68.05,0.415,4.175,0.333,banana,fresh
36418754,36018,84.90,854.20,68.05,0.415,4.175,0.333,banana,fresh
36419766,36019,84.90,854.10,68.05,0.415,4.174,0.333,banana,fresh
36420776,36020,84.85,854.05,68.00,0.415,4.174,0.332,banana,fresh
36421788,36021,84.90,854.25,68.00,0.415,4.175,0.332,banana,fresh
36422799,36022,84.70,854.05,67.95,0.414,4.174,0.332,banana,fresh
36423810,36023,84.80,854.00,68.05,0.414,4.174,0.333,banana,fresh
36424821,36024,84.95,854.00,68.00,0.415,4.174,0.332,banana,fresh
36425832,36025,84.75,854.10,68.00,0.414,4.174,0.332,banana,fresh
36426844,36026,84.75,854.15,68.05,0.414,4.175,0.333,banana,fresh
36427854,36027,84.80,854.00,68.00,0.414,4.174,0.332,banana,fresh
36428866,36028,84.60,854.20,68.00,0.413,4.175,0.332,banana,fresh
36429877,36029,84.90,854.10,68.05,0.415,4.174,0.333,banana,fresh
36430887,36030,85.00,854.10,68.00,0.415,4.174,0.332,banana,fresh
36431899,36031,84.70,854.05,68.00,0.414,4.174,0.332,banana,fresh
36432910,36032,84.90,854.00,68.00,0.415,4.174,0.332,banana,fresh
36433922,36033,84.90,854.00,68.00,0.415,4.174,0.332,banana,fresh
36434932,36034,84.95,854.20,68.05,0.415,4.175,0.333,banana,fresh
36435944,36035,84.90,854.00,68.05,0.415,4.174,0.333,banana,fresh
36436955,36036,84.70,854.00,68.00,0.414,4.174,0.332,banana,fresh
36437965,36037,84.75,854.05,68.00,0.414,4.174,0.332,banana,fresh
36438977,36038,84.80,854.05,68.05,0.414,4.174,0.333,banana,fresh
36439988,36039,84.75,854.00,68.00,0.414,4.174,0.332,banana,fresh
36440999,36040,84.85,854.10,68.00,0.415,4.174,0.332,banana,fresh
36442010,36041,84.85,854.10,68.00,0.415,4.174,0.332,banana,fresh
36443022,36042,84.85,854.25,68.00,0.415,4.175,0.332,banana,fresh
36444033,36043,84.90,854.00,68.00,0.415,4.174,0.332,banana,fresh
36445043,36044,84.95,854.05,68.00,0.415,4.174,0.332,banana,fresh
36446055,36045,84.85,854.20,68.00,0.415,4.175,0.332,banana,fresh
36447066,36046,84.75,854.10,68.10,0.414,4.174,0.333,banana,fresh
36448077,36047,84.75,854.00,68.00,0.414,4.174,0.332,banana,fresh
36449088,36048,84.75,854.10,67.95,0.414,4.174,0.332,banana,fresh
36450100,36049,84.80,854.05,68.00,0.414,4.174,0.332,banana,fresh
36451110,36050,84.70,854.10,68.00,0.414,4.174,0.332,banana,fresh
36452121,36051,84.70,854.15,68.00,0.414,4.175,0.332,banana,fresh
36453133,36052,84.80,854.10,68.00,0.414,4.174,0.332,banana,fresh
36454144,36053,84.80,854.05,68.05,0.414,4.174,0.333,banana,fresh
36455155,36054,84.85,854.00,68.00,0.415,4.174,0.332,banana,fresh
36456166,36055,84.75,854.10,67.95,0.414,4.174,0.332,banana,fresh
36457178,36056,84.85,854.05,68.00,0.415,4.174,0.332,banana,fresh
36458188,36057,84.60,854.05,68.05,0.413,4.174,0.333,banana,fresh
36459199,36058,84.60,854.10,68.00,0.413,4.174,0.332,banana,fresh
36460211,36059,84.75,854.05,68.00,0.414,4.174,0.332,banana,fresh
36461221,36060,84.65,854.05,68.00,0.414,4.174,0.332,banana,fresh
36462233,36061,84.80,854.10,68.00,0.414,4.174,0.332,banana,fresh
36463244,36062,84.70,854.00,68.00,0.414,4.174,0.332,banana,fresh
36464256,36063,84.80,854.10,68.00,0.414,4.174,0.332,banana,fresh
36465266,36064,84.70,854.05,68.00,0.414,4.174,0.332,banana,fresh
36466277,36065,84.90,854.00,68.00,0.415,4.174,0.332,banana,fresh
36467289,36066,84.65,854.05,68.05,0.414,4.174,0.333,banana,fresh
36468299,36067,84.75,854.00,67.95,0.414,4.174,0.332,banana,fresh
36469311,36068,84.90,854.20,68.00,0.415,4.175,0.332,banana,fresh
36470322,36069,84.80,854.00,68.00,0.414,4.174,0.332,banana,fresh
36471333,36070,84.80,854.20,68.00,0.414,4.175,0.332,banana,fresh
36472344,36071,84.80,854.05,68.00,0.414,4.174,0.332,banana,fresh
36473355,36072,84.75,854.10,68.00,0.414,4.174,0.332,banana,fresh
36474366,36073,84.75,854.05,67.95,0.414,4.174,0.332,banana,fresh
36475377,36074,84.70,854.05,68.00,0.414,4.174,0.332,banana,fresh
36476389,36075,84.85,854.05,68.00,0.415,4.174,0.332,banana,fresh
36477400,36076,84.70,854.05,68.00,0.414,4.174,0.332,banana,fresh
36478411,36077,84.80,854.00,68.00,0.414,4.174,0.332,banana,fresh
36479422,36078,84.85,854.05,68.05,0.415,4.174,0.333,banana,fresh
36480433,36079,84.75,854.10,67.95,0.414,4.174,0.332,banana,fresh
36481444,36080,84.70,854.15,68.00,0.414,4.175,0.332,banana,fresh
36482455,36081,84.70,854.15,68.05,0.414,4.175,0.333,banana,fresh
36483467,36082,84.85,854.05,68.00,0.415,4.174,0.332,banana,fresh
36484477,36083,84.80,854.15,68.00,0.414,4.175,0.332,banana,fresh
36485489,36084,84.65,854.00,68.00,0.414,4.174,0.332,banana,fresh
36486500,36085,84.60,854.15,67.95,0.413,4.175,0.332,banana,fresh
36487511,36086,84.80,854.10,68.00,0.414,4.174,0.332,banana,fresh
36488522,36087,84.85,854.15,68.00,0.415,4.175,0.332,banana,fresh
36489533,36088,84.70,854.05,68.00,0.414,4.174,0.332,banana,fresh
36490545,36089,84.75,854.05,68.00,0.414,4.174,0.332,banana,fresh
36491555,36090,84.80,854.05,68.00,0.414,4.174,0.332,banana,fresh
36492567,36091,84.50,854.10,68.00,0.413,4.174,0.332,banana,fresh
36493578,36092,84.70,854.05,68.05,0.414,4.174,0.333,banana,fresh
36494588,36093,84.75,854.05,68.00,0.414,4.174,0.332,banana,fresh
36495600,36094,84.75,854.10,68.05,0.414,4.174,0.333,banana,fresh
36496611,36095,84.70,854.15,68.00,0.414,4.175,0.332,banana,fresh
36497623,36096,84.70,854.00,68.00,0.414,4.174,0.332,banana,fresh
36498633,36097,84.65,854.10,68.00,0.414,4.174,0.332,banana,fresh
36499645,36098,84.75,854.05,68.00,0.414,4.174,0.332,banana,fresh
36500656,36099,84.70,854.15,68.00,0.414,4.175,0.332,banana,fresh
36501666,36100,84.75,854.05,68.00,0.414,4.174,0.332,banana,fresh
36502678,36101,84.80,854.05,68.00,0.414,4.174,0.332,banana,fresh
36503689,36102,84.80,854.15,68.00,0.414,4.175,0.332,banana,fresh
36504700,36103,84.95,854.00,68.00,0.415,4.174,0.332,banana,fresh
36505711,36104,84.75,854.05,68.00,0.414,4.174,0.332,banana,fresh
36506723,36105,84.75,854.15,68.00,0.414,4.175,0.332,banana,fresh
36507734,36106,84.65,854.10,68.05,0.414,4.174,0.333,banana,fresh
36508744,36107,84.65,854.10,68.00,0.414,4.174,0.332,banana,fresh
36509756,36108,84.60,854.05,67.95,0.413,4.174,0.332,banana,fresh
36510767,36109,84.70,854.05,67.95,0.414,4.174,0.332,banana,fresh
36511778,36110,84.70,854.00,68.00,0.414,4.174,0.332,banana,fresh
36512789,36111,84.70,854.10,68.05,0.414,4.174,0.333,banana,fresh
36513801,36112,84.75,854.05,68.05,0.414,4.174,0.333,banana,fresh
36514811,36113,84.75,854.10,68.05,0.414,4.174,0.333,banana,fresh
36515822,36114,84.55,854.00,68.00,0.413,4.174,0.332,banana,fresh
36516834,36115,84.90,854.10,68.00,0.415,4.174,0.332,banana,fresh
36517844,36116,84.70,854.00,68.00,0.414,4.174,0.332,banana,fresh
36518856,36117,84.85,854.00,68.05,0.415,4.174,0.333,banana,fresh
36519867,36118,84.80,854.05,68.00,0.414,4.174,0.332,banana,fresh
36520879,36119,84.85,854.05,68.05,0.415,4.174,0.333,banana,fresh
36521889,36120,84.75,854.05,68.00,0.414,4.174,0.332,banana,fresh
36522900,36121,84.80,854.05,68.00,0.414,4.174,0.332,banana,fresh
36523912,36122,84.90,854.05,68.10,0.415,4.174,0.333,banana,fresh
36524922,36123,84.75,854.00,68.00,0.414,4.174,0.332,banana,fresh
36525934,36124,84.90,854.00,68.05,0.415,4.174,0.333,banana,fresh
36526945,36125,84.75,854.00,68.05,0.414,4.174,0.333,banana,fresh
36527956,36126,84.80,854.05,68.05,0.414,4.174,0.333,banana,fresh
36528967,36127,84.60,854.05,68.00,0.413,4.174,0.332,banana,fresh
36529978,36128,84.90,854.05,68.00,0.415,4.174,0.332,banana,fresh
36530990,36129,84.65,854.10,68.05,0.414,4.174,0.333,banana,fresh
36532000,36130,84.75,854.05,68.00,0.414,4.174,0.332,banana,fresh
36533012,36131,84.75,854.00,68.00,0.414,4.174,0.332,banana,fresh
36534023,36132,84.85,854.15,68.00,0.415,4.175,0.332,banana,fresh
36535034,36133,84.65,854.10,68.00,0.414,4.174,0.332,banana,fresh
36536045,36134,84.80,854.05,68.00,0.414,4.174,0.332,banana,fresh
36537057,36135,84.90,854.05,68.00,0.415,4.174,0.332,banana,fresh
36538067,36136,84.80,854.10,68.00,0.414,4.174,0.332,banana,fresh
36539078,36137,84.75,854.15,68.05,0.414,4.175,0.333,banana,fresh
36540090,36138,84.80,854.10,68.00,0.414,4.174,0.332,banana,fresh
36541101,36139,84.85,854.05,68.00,0.415,4.174,0.332,banana,fresh
36542112,36140,84.90,854.05,68.00,0.415,4.174,0.332,banana,fresh
36543123,36141,84.95,854.00,68.00,0.415,4.174,0.332,banana,fresh
36544135,36142,84.85,854.05,68.00,0.415,4.174,0.332,banana,fresh
36545145,36143,84.80,854.10,68.00,0.414,4.174,0.332,banana,fresh
36546156,36144,84.75,854.10,68.00,0.414,4.174,0.332,banana,fresh
36547168,36145,84.70,854.10,68.00,0.414,4.174,0.332,banana,fresh
36548178,36146,84.75,854.00,68.00,0.414,4.174,0.332,banana,fresh
36549190,36147,84.80,854.15,67.95,0.414,4.175,0.332,banana,fresh
36550201,36148,84.85,854.00,68.00,0.415,4.174,0.332,banana,fresh
36551213,36149,84.80,854.10,68.00,0.414,4.174,0.332,banana,fresh
36552223,36150,84.55,854.05,68.00,0.413,4.174,0.332,banana,fresh
36553234,36151,84.85,854.00,68.00,0.415,4.174,0.332,banana,fresh
36554246,36152,84.70,854.05,68.00,0.414,4.174,0.332,banana,fresh
36555256,36153,84.70,854.10,68.00,0.414,4.174,0.332,banana,fresh
36556268,36154,84.60,854.05,68.00,0.413,4.174,0.332,banana,fresh
36557279,36155,84.65,854.00,68.00,0.414,4.174,0.332,banana,fresh
36558290,36156,84.80,854.00,67.90,0.414,4.174,0.332,banana,fresh
36559301,36157,84.55,854.05,68.00,0.413,4.174,0.332,banana,fresh
36560312,36158,84.70,854.05,68.00,0.414,4.174,0.332,banana,fresh
36561324,36159,84.45,854.10,68.00,0.413,4.174,0.332,banana,fresh
36562334,36160,84.65,854.00,68.00,0.414,4.174,0.332,banana,fresh
36563346,36161,84.55,854.05,68.00,0.413,4.174,0.332,banana,fresh
36564357,36162,84.60,854.00,67.95,0.413,4.174,0.332,banana,fresh
36565368,36163,84.75,854.05,68.00,0.414,4.174,0.332,banana,fresh
36566379,36164,84.70,854.00,67.95,0.414,4.174,0.332,banana,fresh
36567390,36165,84.60,854.05,68.00,0.413,4.174,0.332,banana,fresh
36568401,36166,84.65,854.05,68.00,0.414,4.174,0.332,banana,fresh
36569412,36167,84.70,854.00,68.00,0.414,4.174,0.332,banana,fresh
36570424,36168,84.65,854.00,68.00,0.414,4.174,0.332,banana,fresh
36571435,36169,84.60,854.00,68.00,0.413,4.174,0.332,banana,fresh
36572446,36170,84.60,854.00,68.00,0.413,4.174,0.332,banana,fresh
36573457,36171,84.45,854.00,68.00,0.413,4.174,0.332,banana,fresh
36574468,36172,84.50,854.00,68.05,0.413,4.174,0.333,banana,fresh
36575479,36173,84.60,854.00,67.95,0.413,4.174,0.332,banana,fresh
36576490,36174,84.65,854.00,68.00,0.414,4.174,0.332,banana,fresh
36577502,36175,84.75,854.00,68.00,0.414,4.174,0.332,banana,fresh
36578512,36176,84.45,854.00,67.95,0.413,4.174,0.332,banana,fresh
36579523,36177,84.60,854.00,67.95,0.413,4.174,0.332,banana,fresh
36580535,36178,84.70,854.00,68.00,0.414,4.174,0.332,banana,fresh
36581545,36179,84.60,854.00,68.00,0.413,4.174,0.332,banana,fresh
36582557,36180,84.65,854.05,68.00,0.414,4.174,0.332,banana,fresh
36583568,36181,84.50,853.95,68.00,0.413,4.174,0.332,banana,fresh
36584580,36182,84.65,854.05,68.00,0.414,4.174,0.332,banana,fresh
36585590,36183,84.55,854.00,68.00,0.413,4.174,0.332,banana,fresh
36586601,36184,84.60,854.00,68.00,0.413,4.174,0.332,banana,fresh
36587613,36185,84.45,854.05,68.00,0.413,4.174,0.332,banana,fresh
36588623,36186,84.55,854.05,68.00,0.413,4.174,0.332,banana,fresh
36589635,36187,84.55,854.00,67.95,0.413,4.174,0.332,banana,fresh
36590646,36188,84.45,854.05,68.00,0.413,4.174,0.332,banana,fresh
36591657,36189,84.60,854.00,68.00,0.413,4.174,0.332,banana,fresh
36592668,36190,84.60,854.00,68.00,0.413,4.174,0.332,banana,fresh
36593679,36191,84.40,854.00,68.00,0.413,4.174,0.332,banana,fresh
36594691,36192,84.65,854.05,68.00,0.414,4.174,0.332,banana,fresh
36595701,36193,84.60,854.05,68.00,0.413,4.174,0.332,banana,fresh
36596713,36194,84.50,854.00,67.95,0.413,4.174,0.332,banana,fresh
36597724,36195,84.75,854.00,68.00,0.414,4.174,0.332,banana,fresh
36598735,36196,84.55,854.00,68.00,0.413,4.174,0.332,banana,fresh
36599746,36197,84.40,854.00,68.00,0.413,4.174,0.332,banana,fresh
36600758,36198,84.55,854.05,67.95,0.413,4.174,0.332,banana,fresh
36601768,36199,84.60,854.00,67.95,0.413,4.174,0.332,banana,fresh
36602779,36200,84.60,854.05,68.00,0.413,4.174,0.332,banana,fresh
36603791,36201,84.45,854.00,67.95,0.413,4.174,0.332,banana,fresh
36604802,36202,84.50,854.05,67.95,0.413,4.174,0.332,banana,fresh
36605813,36203,84.40,854.00,68.00,0.413,4.174,0.332,banana,fresh
36606824,36204,84.40,854.00,68.00,0.413,4.174,0.332,banana,fresh
36607836,36205,84.40,854.00,67.90,0.413,4.174,0.332,banana,fresh
36608846,36206,84.40,854.00,68.00,0.413,4.174,0.332,banana,fresh
36609857,36207,84.35,854.00,68.00,0.412,4.174,0.332,banana,fresh
36610869,36208,84.65,854.00,67.90,0.414,4.174,0.332,banana,fresh
36611879,36209,84.40,854.00,68.00,0.413,4.174,0.332,banana,fresh
36612891,36210,84.45,854.00,68.00,0.413,4.174,0.332,banana,fresh
36613902,36211,84.50,854.00,67.90,0.413,4.174,0.332,banana,fresh
36614913,36212,84.50,854.00,67.90,0.413,4.174,0.332,banana,fresh
36615924,36213,84.30,854.15,67.90,0.412,4.175,0.332,banana,fresh
36616935,36214,84.50,854.00,67.95,0.413,4.174,0.332,banana,fresh
36617947,36215,84.55,854.00,68.00,0.413,4.174,0.332,banana,fresh
36618957,36216,84.40,854.00,67.90,0.413,4.174,0.332,banana,fresh
36619969,36217,84.50,854.00,67.90,0.413,4.174,0.332,banana,fresh
36620980,36218,84.45,854.00,68.00,0.413,4.174,0.332,banana,fresh
36621991,36219,84.55,854.00,67.95,0.413,4.174,0.332,banana,fresh
36623002,36220,84.30,854.00,67.95,0.412,4.174,0.332,banana,fresh
36624013,36221,84.50,854.00,67.90,0.413,4.174,0.332,banana,fresh
36625025,36222,84.35,854.00,67.90,0.412,4.174,0.332,banana,fresh
36626035,36223,84.45,854.00,67.80,0.413,4.174,0.331,banana,fresh
36627047,36224,84.35,854.00,67.85,0.412,4.174,0.332,banana,fresh
36628058,36225,84.45,853.95,67.95,0.413,4.174,0.332,banana,fresh
36629069,36226,84.40,854.00,67.95,0.413,4.174,0.332,banana,fresh
36630080,36227,84.25,854.00,67.80,0.412,4.174,0.331,banana,fresh
36631091,36228,84.40,853.95,68.00,0.413,4.174,0.332,banana,fresh
36632102,36229,84.45,854.05,67.90,0.413,4.174,0.332,banana,fresh
36633113,36230,84.40,854.00,67.85,0.413,4.174,0.332,banana,fresh
36634125,36231,84.45,854.05,68.00,0.413,4.174,0.332,banana,fresh
36635136,36232,84.25,854.00,67.80,0.412,4.174,0.331,banana,fresh
36636147,36233,84.50,854.00,67.85,0.413,4.174,0.332,banana,fresh
36637158,36234,84.25,854.00,67.90,0.412,4.174,0.332,banana,fresh
36638169,36235,84.40,853.95,67.90,0.413,4.174,0.332,banana,fresh
36639180,36236,84.30,853.95,68.00,0.412,4.174,0.332,banana,fresh
36640191,36237,84.40,854.00,67.90,0.413,4.174,0.332,banana,fresh
36641203,36238,84.35,854.00,68.00,0.412,4.174,0.332,banana,fresh
36642213,36239,84.50,854.00,67.85,0.413,4.174,0.332,banana,fresh
36643225,36240,84.40,854.00,67.85,0.413,4.174,0.332,banana,fresh
36644236,36241,84.35,854.00,67.80,0.412,4.174,0.331,banana,fresh
36645248,36242,84.30,854.05,67.90,0.412,4.174,0.332,banana,fresh
36646258,36243,84.40,853.95,67.95,0.413,4.174,0.332,banana,fresh
36647269,36244,84.30,854.05,67.90,0.412,4.174,0.332,banana,fresh
36648281,36245,84.35,854.00,67.95,0.412,4.174,0.332,banana,fresh
36649291,36246,84.25,854.00,67.85,0.412,4.174,0.332,banana,fresh
36650303,36247,84.40,854.00,67.95,0.413,4.174,0.332,banana,fresh
36651314,36248,84.45,854.00,68.00,0.413,4.174,0.332,banana,fresh
36652325,36249,84.40,854.00,67.85,0.413,4.174,0.332,banana,fresh
36653336,36250,84.55,853.90,67.95,0.413,4.174,0.332,banana,fresh
36654347,36251,84.45,853.95,68.00,0.413,4.174,0.332,banana,fresh
36655358,36252,84.35,853.95,68.00,0.412,4.174,0.332,banana,fresh
36656369,36253,84.30,854.00,68.00,0.412,4.174,0.332,banana,fresh
36657381,36254,84.30,854.00,67.95,0.412,4.174,0.332,banana,fresh
36658392,36255,84.40,854.00,67.85,0.413,4.174,0.332,banana,fresh
36659403,36256,84.35,854.00,67.90,0.412,4.174,0.332,banana,fresh
36660414,36257,84.45,854.00,68.00,0.413,4.174,0.332,banana,fresh
36661425,36258,84.35,853.90,67.85,0.412,4.174,0.332,banana,fresh
36662436,36259,84.40,854.00,67.95,0.413,4.174,0.332,banana,fresh
36663447,36260,84.25,854.00,68.00,0.412,4.174,0.332,banana,fresh
36664459,36261,84.55,854.00,67.90,0.413,4.174,0.332,banana,fresh
36665469,36262,84.40,854.00,67.95,0.413,4.174,0.332,banana,fresh
36666481,36263,84.40,854.05,67.90,0.413,4.174,0.332,banana,fresh
36667492,36264,84.30,853.95,68.00,0.412,4.174,0.332,banana,fresh
36668504,36265,84.40,854.00,67.95,0.413,4.174,0.332,banana,fresh
36669514,36266,84.50,853.90,67.90,0.413,4.174,0.332,banana,fresh
36670525,36267,84.40,854.00,68.00,0.413,4.174,0.332,banana,fresh
36671537,36268,84.40,854.00,67.80,0.413,4.174,0.331,banana,fresh
36672547,36269,84.35,854.00,68.00,0.412,4.174,0.332,banana,fresh
36673559,36270,84.45,853.95,67.90,0.413,4.174,0.332,banana,fresh
36674570,36271,84.45,854.00,67.90,0.413,4.174,0.332,banana,fresh
36675581,36272,84.40,853.95,67.90,0.413,4.174,0.332,banana,fresh
36676592,36273,84.40,854.00,67.95,0.413,4.174,0.332,banana,fresh
36677603,36274,84.35,853.90,67.95,0.412,4.174,0.332,banana,fresh
36678615,36275,84.10,854.00,68.00,0.411,4.174,0.332,banana,fresh
36679625,36276,84.45,853.95,67.85,0.413,4.174,0.332,banana,fresh
36680637,36277,84.40,853.95,67.95,0.413,4.174,0.332,banana,fresh
36681648,36278,84.30,854.00,67.90,0.412,4.174,0.332,banana,fresh
36682659,36279,84.35,854.00,67.90,0.412,4.174,0.332,banana,fresh
36683670,36280,84.40,854.00,67.95,0.413,4.174,0.332,banana,fresh
36684681,36281,84.45,853.95,67.85,0.413,4.174,0.332,banana,fresh
36685692,36282,84.30,853.95,67.75,0.412,4.174,0.331,banana,fresh
36686703,36283,84.45,854.00,67.90,0.413,4.174,0.332,banana,fresh
36687715,36284,84.30,854.00,67.90,0.412,4.174,0.332,banana,fresh
36688726,36285,84.30,854.00,67.95,0.412,4.174,0.332,banana,fresh
36689737,36286,84.40,853.95,67.75,0.413,4.174,0.331,banana,fresh
36690748,36287,84.30,854.00,67.90,0.412,4.174,0.332,banana,fresh
36691760,36288,84.25,854.00,67.80,0.412,4.174,0.331,banana,fresh
36692770,36289,84.45,854.00,67.90,0.413,4.174,0.332,banana,fresh
36693781,36290,84.45,853.95,67.95,0.413,4.174,0.332,banana,fresh
36694793,36291,84.20,854.00,67.85,0.412,4.174,0.332,banana,fresh
36695803,36292,84.25,853.95,67.95,0.412,4.174,0.332,banana,fresh
36696815,36293,84.35,854.00,67.90,0.412,4.174,0.332,banana,fresh
36697826,36294,84.25,853.95,67.70,0.412,4.174,0.331,banana,fresh
36698838,36295,84.20,854.00,67.90,0.412,4.174,0.332,banana,fresh
36699848,36296,84.25,854.00,67.80,0.412,4.174,0.331,banana,fresh
36700859,36297,84.10,853.95,67.85,0.411,4.174,0.332,banana,fresh
36701871,36298,84.30,854.00,68.00,0.412,4.174,0.332,banana,fresh
36702881,36299,84.25,853.95,67.75,0.412,4.174,0.331,banana,fresh
36703893,36300,84.30,854.00,67.95,0.412,4.174,0.332,banana,fresh
36704904,36301,84.20,854.00,67.95,0.412,4.174,0.332,banana,fresh
36705915,36302,84.35,853.90,67.85,0.412,4.174,0.332,banana,fresh
36706926,36303,84.40,853.95,67.85,0.413,4.174,0.332,banana,fresh
36707938,36304,84.40,854.05,67.90,0.413,4.174,0.332,banana,fresh
36708948,36305,84.45,854.00,67.85,0.413,4.174,0.332,banana,fresh
36709959,36306,84.25,854.10,67.70,0.412,4.174,0.331,banana,fresh
36710971,36307,84.35,854.00,67.70,0.412,4.174,0.331,banana,fresh
36711982,36308,84.40,854.00,67.85,0.413,4.174,0.332,banana,fresh
36712993,36309,84.30,854.00,67.90,0.412,4.174,0.332,banana,fresh
36714004,36310,84.15,854.00,67.80,0.411,4.174,0.331,banana,fresh
36715016,36311,84.40,854.00,67.85,0.413,4.174,0.332,banana,fresh
36716026,36312,84.15,854.00,67.85,0.411,4.174,0.332,banana,fresh
36717037,36313,84.25,853.90,67.65,0.412,4.174,0.331,banana,fresh
36718049,36314,84.30,853.95,67.65,0.412,4.174,0.331,banana,fresh
36719059,36315,84.15,854.00,67.90,0.411,4.174,0.332,banana,fresh
36720071,36316,84.25,854.00,67.70,0.412,4.174,0.331,banana,fresh
36721082,36317,84.40,853.95,67.80,0.413,4.174,0.331,banana,fresh
36722094,36318,84.05,854.00,67.75,0.411,4.174,0.331,banana,fresh
36723104,36319,84.15,854.00,67.75,0.411,4.174,0.331,banana,fresh
36724116,36320,84.30,854.00,67.60,0.412,4.174,0.330,banana,fresh
36725127,36321,84.10,854.00,67.65,0.411,4.174,0.331,banana,fresh
36726137,36322,84.10,853.95,67.75,0.411,4.174,0.331,banana,fresh
36727149,36323,84.20,854.00,67.50,0.412,4.174,0.330,banana,fresh
36728160,36324,84.10,853.95,67.75,0.411,4.174,0.331,banana,fresh
36729171,36325,84.30,853.85,67.75,0.412,4.173,0.331,banana,fresh
36730182,36326,84.25,853.95,67.70,0.412,4.174,0.331,banana,fresh
36731194,36327,84.25,853.95,67.70,0.412,4.174,0.331,banana,fresh
36732205,36328,84.15,853.95,67.70,0.411,4.174,0.331,banana,fresh
36733216,36329,84.20,853.95,67.70,0.412,4.174,0.331,banana,fresh
36734227,36330,84.25,853.95,67.55,0.412,4.174,0.330,banana,fresh
36735238,36331,84.25,853.95,67.70,0.412,4.174,0.331,banana,fresh
36736249,36332,84.20,853.95,67.50,0.412,4.174,0.330,banana,fresh
36737260,36333,84.20,853.85,67.65,0.412,4.173,0.331,banana,fresh
36738272,36334,84.15,853.85,67.80,0.411,4.173,0.331,banana,fresh
36739282,36335,84.10,853.95,67.50,0.411,4.174,0.330,banana,fresh
36740294,36336,84.30,853.95,67.50,0.412,4.174,0.330,banana,fresh
36741305,36337,84.20,853.90,67.75,0.412,4.174,0.331,banana,fresh
36742317,36338,84.10,853.95,67.70,0.411,4.174,0.331,banana,fresh
36743327,36339,84.35,854.00,67.55,0.412,4.174,0.330,banana,fresh
36744338,36340,84.05,853.90,67.35,0.411,4.174,0.329,banana,fresh
36745350,36341,84.20,854.00,67.50,0.412,4.174,0.330,banana,fresh
36746360,36342,84.15,854.00,67.55,0.411,4.174,0.330,banana,fresh
36747372,36343,84.10,854.00,67.60,0.411,4.174,0.330,banana,fresh
36748383,36344,84.15,853.95,67.60,0.411,4.174,0.330,banana,fresh
36749394,36345,84.15,853.95,67.55,0.411,4.174,0.330,banana,fresh
36750405,36346,84.20,853.85,67.60,0.412,4.173,0.330,banana,fresh
36751416,36347,84.10,853.95,67.60,0.411,4.174,0.330,banana,fresh
36752428,36348,84.05,853.85,67.65,0.411,4.173,0.331,banana,fresh
36753438,36349,84.05,853.90,67.50,0.411,4.174,0.330,banana,fresh
36754450,36350,84.20,853.85,67.55,0.412,4.173,0.330,banana,fresh
36755461,36351,84.05,853.95,67.50,0.411,4.174,0.330,banana,fresh
36756472,36352,84.15,853.80,67.45,0.411,4.173,0.330,banana,fresh
36757483,36353,84.20,853.90,67.60,0.412,4.174,0.330,banana,fresh
36758494,36354,84.10,853.85,67.55,0.411,4.173,0.330,banana,fresh
36759505,36355,84.10,853.90,67.60,0.411,4.174,0.330,banana,fresh
36760516,36356,84.25,853.90,67.55,0.412,4.174,0.330,banana,fresh
36761528,36357,84.10,853.80,67.55,0.411,4.173,0.330,banana,fresh
36762539,36358,84.05,853.90,67.65,0.411,4.174,0.331,banana,fresh
36763550,36359,84.10,853.85,67.60,0.411,4.173,0.330,banana,fresh
36764561,36360,84.05,853.75,67.70,0.411,4.173,0.331,banana,fresh
36765573,36361,84.15,854.00,67.40,0.411,4.174,0.329,banana,fresh
36766583,36362,84.20,853.95,67.50,0.412,4.174,0.330,banana,fresh
36767594,36363,84.25,854.00,67.65,0.412,4.174,0.331,banana,fresh
36768606,36364,84.25,853.95,67.60,0.412,4.174,0.330,banana,fresh
36769616,36365,84.40,854.00,67.65,0.413,4.174,0.331,banana,fresh
36770628,36366,84.20,853.95,67.30,0.412,4.174,0.329,banana,fresh
36771639,36367,84.05,853.95,67.65,0.411,4.174,0.331,banana,fresh
36772651,36368,84.05,854.00,67.50,0.411,4.174,0.330,banana,fresh
36773661,36369,84.20,853.90,67.70,0.412,4.174,0.331,banana,fresh
36774672,36370,84.35,853.80,67.35,0.412,4.173,0.329,banana,fresh
36775684,36371,84.20,853.80,67.40,0.412,4.173,0.329,banana,fresh
36776694,36372,84.00,853.95,67.65,0.411,4.174,0.331,banana,fresh
36777706,36373,84.20,854.00,67.60,0.412,4.174,0.330,banana,fresh
36778717,36374,84.15,853.95,67.60,0.411,4.174,0.330,banana,fresh
36779728,36375,84.15,853.90,67.50,0.411,4.174,0.330,banana,fresh
36780739,36376,84.10,853.95,67.55,0.411,4.174,0.330,banana,fresh
36781751,36377,84.15,853.85,67.50,0.411,4.173,0.330,banana,fresh
36782761,36378,84.10,853.95,67.45,0.411,4.174,0.330,banana,fresh
36783772,36379,84.20,854.00,67.60,0.412,4.174,0.330,banana,fresh
36784784,36380,84.25,853.90,67.55,0.412,4.174,0.330,banana,fresh
36785795,36381,84.10,854.00,67.45,0.411,4.174,0.330,banana,fresh
36786806,36382,84.25,853.95,67.65,0.412,4.174,0.331,banana,fresh
36787817,36383,84.05,853.90,67.55,0.411,4.174,0.330,banana,fresh
36788829,36384,84.15,853.95,67.40,0.411,4.174,0.329,banana,fresh
36789839,36385,84.10,853.90,67.65,0.411,4.174,0.331,banana,fresh
36790851,36386,84.20,853.95,67.55,0.412,4.174,0.330,banana,fresh
36791862,36387,84.15,853.95,67.65,0.411,4.174,0.331,banana,fresh
36792872,36388,84.30,853.85,67.60,0.412,4.173,0.330,banana,fresh
36793884,36389,84.10,854.00,67.60,0.411,4.174,0.330,banana,fresh
36794895,36390,84.05,853.95,67.35,0.411,4.174,0.329,banana,fresh
36795907,36391,84.10,853.90,67.30,0.411,4.174,0.329,banana,fresh
36796917,36392,84.10,853.80,67.40,0.411,4.173,0.329,banana,fresh
36797929,36393,84.00,853.80,67.40,0.411,4.173,0.329,banana,fresh
36798940,36394,84.10,854.00,67.45,0.411,4.174,0.330,banana,fresh
36799950,36395,84.05,853.85,67.60,0.411,4.173,0.330,banana,fresh
36800962,36396,84.10,854.00,67.25,0.411,4.174,0.329,banana,fresh
36801973,36397,84.15,853.95,67.45,0.411,4.174,0.330,banana,fresh
36802984,36398,84.05,853.85,67.60,0.411,4.173,0.330,banana,fresh
36803995,36399,84.10,853.90,67.40,0.411,4.174,0.329,banana,fresh
36805007,36400,84.05,853.95,67.60,0.411,4.174,0.330,banana,fresh
36806018,36401,84.05,853.85,67.40,0.411,4.173,0.329,banana,fresh
36807029,36402,84.00,853.75,67.40,0.411,4.173,0.329,banana,fresh
36808040,36403,84.05,853.80,67.30,0.411,4.173,0.329,banana,fresh
36809051,36404,84.00,853.85,67.25,0.411,4.173,0.329,banana,fresh
36810062,36405,84.05,853.80,67.50,0.411,4.173,0.330,banana,fresh
36811073,36406,84.10,853.85,67.40,0.411,4.173,0.329,banana,fresh
36812085,36407,84.10,853.95,67.40,0.411,4.174,0.329,banana,fresh
36813095,36408,84.10,853.85,67.30,0.411,4.173,0.329,banana,fresh
36814107,36409,84.15,853.75,67.35,0.411,4.173,0.329,banana,fresh
36815118,36410,84.15,853.90,67.30,0.411,4.174,0.329,banana,fresh
36816129,36411,84.15,853.85,67.30,0.411,4.173,0.329,banana,fresh
36817140,36412,84.05,853.80,67.40,0.411,4.173,0.329,banana,fresh
36818151,36413,84.10,853.90,67.25,0.411,4.174,0.329,banana,fresh
36819163,36414,84.10,853.90,67.35,0.411,4.174,0.329,banana,fresh
36820173,36415,84.00,853.75,67.20,0.411,4.173,0.328,banana,fresh
36821185,36416,84.00,853.90,67.35,0.411,4.174,0.329,banana,fresh
36822196,36417,84.05,853.85,67.30,0.411,4.173,0.329,banana,fresh
36823207,36418,84.05,853.80,67.20,0.411,4.173,0.328,banana,fresh
36824218,36419,84.00,853.85,67.30,0.411,4.173,0.329,banana,fresh
36825229,36420,84.05,853.65,67.25,0.411,4.172,0.329,banana,fresh
36826241,36421,84.05,853.95,67.40,0.411,4.174,0.329,banana,fresh
36827251,36422,84.15,853.75,67.20,0.411,4.173,0.328,banana,fresh
36828263,36423,84.00,853.90,67.30,0.411,4.174,0.329,banana,fresh
36829274,36424,84.20,853.80,67.30,0.412,4.173,0.329,banana,fresh
36830285,36425,84.05,853.75,67.40,0.411,4.173,0.329,banana,fresh
36831296,36426,84.05,853.95,67.10,0.411,4.174,0.328,banana,fresh
36832307,36427,84.10,853.80,67.25,0.411,4.173,0.329,banana,fresh
36833318,36428,84.05,853.85,67.25,0.411,4.173,0.329,banana,fresh
36834329,36429,84.00,853.80,67.30,0.411,4.173,0.329,banana,fresh
36835341,36430,84.10,853.80,67.15,0.411,4.173,0.328,banana,fresh
36836352,36431,84.00,853.65,67.45,0.411,4.172,0.330,banana,fresh
36837363,36432,84.00,853.70,67.20,0.411,4.173,0.328,banana,fresh
36838374,36433,84.05,853.90,67.30,0.411,4.174,0.329,banana,fresh
36839385,36434,84.05,853.80,67.30,0.411,4.173,0.329,banana,fresh
36840396,36435,84.00,853.70,67.35,0.411,4.173,0.329,banana,fresh
36841407,36436,84.00,853.80,67.15,0.411,4.173,0.328,banana,fresh
36842419,36437,84.00,853.75,67.40,0.411,4.173,0.329,banana,fresh
36843429,36438,84.00,853.60,67.20,0.411,4.172,0.328,banana,fresh
36844441,36439,84.00,853.70,67.30,0.411,4.173,0.329,banana,fresh
36845452,36440,84.10,853.70,67.20,0.411,4.173,0.328,banana,fresh
36846464,36441,84.05,853.65,67.25,0.411,4.172,0.329,banana,fresh
36847474,36442,84.00,853.65,67.15,0.411,4.172,0.328,banana,fresh
36848485,36443,84.05,853.80,67.05,0.411,4.173,0.328,banana,fresh
36849497,36444,84.00,853.75,67.25,0.411,4.173,0.329,banana,fresh
36850507,36445,84.05,853.85,67.25,0.411,4.173,0.329,banana,fresh
36851519,36446,84.00,853.60,67.05,0.411,4.172,0.328,banana,fresh
36852530,36447,84.05,853.80,67.25,0.411,4.173,0.329,banana,fresh
36853541,36448,84.05,853.70,67.25,0.411,4.173,0.329,banana,fresh
36854552,36449,84.00,853.80,67.10,0.411,4.173,0.328,banana,fresh
36855563,36450,84.05,853.70,67.30,0.411,4.173,0.329,banana,fresh
36856574,36451,84.00,853.60,67.20,0.411,4.172,0.328,banana,fresh
36857585,36452,84.05,853.75,67.10,0.411,4.173,0.328,banana,fresh
36858597,36453,84.05,853.65,67.25,0.411,4.172,0.329,banana,fresh
36859608,36454,84.05,853.75,67.10,0.411,4.173,0.328,banana,fresh
36860619,36455,84.00,853.70,67.15,0.411,4.173,0.328,banana,fresh
36861630,36456,84.00,853.90,67.25,0.411,4.174,0.329,banana,fresh
36862642,36457,84.05,853.70,67.05,0.411,4.173,0.328,banana,fresh
36863652,36458,84.05,853.85,67.10,0.411,4.173,0.328,banana,fresh
36864663,36459,84.05,853.60,67.15,0.411,4.172,0.328,banana,fresh
36865675,36460,84.00,853.60,67.25,0.411,4.172,0.329,banana,fresh
36866685,36461,84.00,853.65,67.15,0.411,4.172,0.328,banana,fresh
36867697,36462,84.05,853.55,67.15,0.411,4.172,0.328,banana,fresh
36868708,36463,84.00,853.80,67.30,0.411,4.173,0.329,banana,fresh
36869720,36464,84.00,853.70,67.20,0.411,4.173,0.328,banana,fresh
36870730,36465,84.05,853.80,67.15,0.411,4.173,0.328,banana,fresh
36871741,36466,84.05,853.70,67.20,0.411,4.173,0.328,banana,fresh
36872753,36467,84.05,853.90,67.10,0.411,4.174,0.328,banana,fresh
36873763,36468,84.00,853.80,67.20,0.411,4.173,0.328,banana,fresh
36874775,36469,84.00,853.55,67.15,0.411,4.172,0.328,banana,fresh
36875786,36470,84.15,853.50,67.25,0.411,4.172,0.329,banana,fresh
36876797,36471,84.05,853.60,67.05,0.411,4.172,0.328,banana,fresh
36877808,36472,83.90,853.70,67.20,0.410,4.173,0.328,banana,fresh
36878820,36473,84.00,853.75,67.10,0.411,4.173,0.328,banana,fresh
36879831,36474,84.00,853.60,67.20,0.411,4.172,0.328,banana,fresh
36880841,36475,84.00,853.75,67.20,0.411,4.173,0.328,banana,fresh
36881853,36476,84.05,853.65,67.15,0.411,4.172,0.328,banana,fresh
36882864,36477,84.00,853.65,67.20,0.411,4.172,0.328,banana,fresh
36883875,36478,84.10,853.65,67.10,0.411,4.172,0.328,banana,fresh
36884886,36479,84.05,853.70,67.10,0.411,4.173,0.328,banana,fresh
36885898,36480,84.00,853.75,67.20,0.411,4.173,0.328,banana,fresh
36886908,36481,84.00,853.75,67.00,0.411,4.173,0.327,banana,fresh
36887919,36482,84.00,853.55,67.15,0.411,4.172,0.328,banana,fresh
36888931,36483,84.00,853.55,67.10,0.411,4.172,0.328,banana,fresh
36889942,36484,84.00,853.55,67.10,0.411,4.172,0.328,banana,fresh
36890953,36485,83.95,853.80,67.15,0.410,4.173,0.328,banana,fresh
36891964,36486,84.05,853.65,67.20,0.411,4.172,0.328,banana,fresh
36892976,36487,84.00,853.70,67.10,0.411,4.173,0.328,banana,fresh
36893986,36488,84.05,853.55,67.20,0.411,4.172,0.328,banana,fresh
36894998,36489,84.05,853.75,67.15,0.411,4.173,0.328,banana,fresh
36896009,36490,84.00,853.60,67.15,0.411,4.172,0.328,banana,fresh
36897019,36491,84.00,853.55,67.05,0.411,4.172,0.328,banana,fresh
36898031,36492,84.05,853.80,67.30,0.411,4.173,0.329,banana,fresh
36899042,36493,84.00,853.55,67.25,0.411,4.172,0.329,banana,fresh
36900054,36494,84.00,853.60,67.05,0.411,4.172,0.328,banana,fresh
36901064,36495,83.95,853.55,67.05,0.410,4.172,0.328,banana,fresh
36902076,36496,84.05,853.60,67.20,0.411,4.172,0.328,banana,fresh
36903087,36497,84.00,853.75,67.20,0.411,4.173,0.328,banana,fresh
36904097,36498,83.95,853.60,67.15,0.410,4.172,0.328,banana,fresh
36905109,36499,84.00,853.70,67.10,0.411,4.173,0.328,banana,fresh
36906120,36500,84.00,853.65,67.15,0.411,4.172,0.328,banana,fresh
36907131,36501,84.05,853.60,67.15,0.411,4.172,0.328,banana,fresh
36908142,36502,84.05,853.55,67.10,0.411,4.172,0.328,banana,fresh
36909154,36503,84.00,853.50,67.30,0.411,4.172,0.329,banana,fresh
36910164,36504,84.10,853.65,67.25,0.411,4.172,0.329,banana,fresh
36911176,36505,84.00,853.65,67.20,0.411,4.172,0.328,banana,fresh
36912187,36506,84.00,853.55,67.30,0.411,4.172,0.329,banana,fresh
36913198,36507,84.00,853.40,67.05,0.411,4.171,0.328,banana,fresh
36914209,36508,84.00,853.55,67.35,0.411,4.172,0.329,banana,fresh
36915220,36509,83.95,853.60,67.25,0.410,4.172,0.329,banana,fresh
36916232,36510,83.95,853.55,67.10,0.410,4.172,0.328,banana,fresh
36917242,36511,84.00,853.40,67.10,0.411,4.171,0.328,banana,fresh
36918254,36512,84.05,853.45,67.10,0.411,4.171,0.328,banana,fresh
36919265,36513,83.95,853.55,67.15,0.410,4.172,0.328,banana,fresh
36920276,36514,84.00,853.50,67.00,0.411,4.172,0.327,banana,fresh
36921287,36515,83.95,853.25,67.25,0.410,4.170,0.329,banana,fresh
36922298,36516,84.05,853.45,67.20,0.411,4.171,0.328,banana,fresh
36923310,36517,84.10,853.35,67.05,0.411,4.171,0.328,banana,fresh
36924320,36518,84.00,853.55,67.05,0.411,4.172,0.328,banana,fresh
36925332,36519,84.00,853.40,67.20,0.411,4.171,0.328,banana,fresh
36926343,36520,83.95,853.50,67.00,0.410,4.172,0.327,banana,fresh
36927354,36521,84.05,853.55,67.10,0.411,4.172,0.328,banana,fresh
36928365,36522,84.05,853.45,67.10,0.411,4.171,0.328,banana,fresh
36929376,36523,84.05,853.45,67.10,0.411,4.171,0.328,banana,fresh
36930387,36524,84.00,853.35,67.05,0.411,4.171,0.328,banana,fresh
36931398,36525,83.90,853.45,67.05,0.410,4.171,0.328,banana,fresh
36932410,36526,84.00,853.50,67.10,0.411,4.172,0.328,banana,fresh
36933421,36527,84.00,853.45,67.05,0.411,4.171,0.328,banana,fresh
36934432,36528,84.00,853.40,67.10,0.411,4.171,0.328,banana,fresh
36935443,36529,83.95,853.50,67.00,0.410,4.172,0.327,banana,fresh
36936454,36530,83.95,853.45,67.05,0.410,4.171,0.328,banana,fresh
36937465,36531,83.95,853.15,67.05,0.410,4.170,0.328,banana,fresh
36938476,36532,84.05,853.60,67.10,0.411,4.172,0.328,banana,fresh
36939488,36533,83.90,853.40,67.10,0.410,4.171,0.328,banana,fresh
36940498,36534,84.05,853.30,67.05,0.411,4.171,0.328,banana,fresh
36941510,36535,84.00,853.30,67.05,0.411,4.171,0.328,banana,fresh
36942521,36536,84.00,853.35,67.05,0.411,4.171,0.328,banana,fresh
36943533,36537,84.00,853.35,67.10,0.411,4.171,0.328,banana,fresh
36944543,36538,84.00,853.25,67.10,0.411,4.170,0.328,banana,fresh
36945554,36539,83.95,853.40,67.00,0.410,4.171,0.327,banana,fresh
36946566,36540,84.00,853.40,67.00,0.411,4.171,0.327,banana,fresh
36947576,36541,83.95,853.50,67.10,0.410,4.172,0.328,banana,fresh
36948588,36542,84.05,853.40,67.10,0.411,4.171,0.328,banana,fresh
36949599,36543,84.00,853.45,67.00,0.411,4.171,0.327,banana,fresh
36950610,36544,84.00,853.35,67.00,0.411,4.171,0.327,banana,fresh
36951621,36545,83.95,853.25,67.00,0.410,4.170,0.327,banana,fresh
36952632,36546,84.05,853.35,67.00,0.411,4.171,0.327,banana,fresh
36953644,36547,83.85,853.20,67.00,0.410,4.170,0.327,banana,fresh
36954654,36548,84.00,853.20,67.00,0.411,4.170,0.327,banana,fresh
36955666,36549,84.00,853.45,67.05,0.411,4.171,0.328,banana,fresh
36956677,36550,83.95,853.25,67.10,0.410,4.170,0.328,banana,fresh
36957688,36551,84.05,853.45,67.20,0.411,4.171,0.328,banana,fresh
36958699,36552,83.95,853.35,67.00,0.410,4.171,0.327,banana,fresh
36959710,36553,84.00,853.45,67.05,0.411,4.171,0.328,banana,fresh
36960721,36554,83.95,853.20,67.10,0.410,4.170,0.328,banana,fresh
36961732,36555,83.95,853.35,67.05,0.410,4.171,0.328,banana,fresh
36962744,36556,84.00,853.15,67.05,0.411,4.170,0.328,banana,fresh
36963755,36557,83.95,853.25,67.10,0.410,4.170,0.328,banana,fresh
36964766,36558,84.00,853.20,67.00,0.411,4.170,0.327,banana,fresh
36965777,36559,84.00,853.25,67.00,0.411,4.170,0.327,banana,fresh
36966788,36560,83.95,853.50,67.10,0.410,4.172,0.328,banana,fresh
36967799,36561,83.95,853.30,67.00,0.410,4.171,0.327,banana,fresh
36968810,36562,83.95,853.35,67.15,0.410,4.171,0.328,banana,fresh
36969822,36563,83.95,853.40,67.05,0.410,4.171,0.328,banana,fresh
36970832,36564,84.00,853.45,67.20,0.411,4.171,0.328,banana,fresh
36971844,36565,84.00,853.40,67.05,0.411,4.171,0.328,banana,fresh
36972855,36566,83.95,853.20,67.00,0.410,4.170,0.327,banana,fresh
36973865,36567,83.90,853.35,67.05,0.410,4.171,0.328,banana,fresh
36974877,36568,84.00,853.30,67.15,0.411,4.171,0.328,banana,fresh
36975888,36569,84.00,853.15,67.05,0.411,4.170,0.328,banana,fresh
36976900,36570,83.90,853.40,67.00,0.410,4.171,0.327,banana,fresh
36977910,36571,83.95,853.25,67.05,0.410,4.170,0.328,banana,fresh
36978922,36572,83.95,853.20,67.05,0.410,4.170,0.328,banana,fresh
36979933,36573,83.95,853.55,67.05,0.410,4.172,0.328,banana,fresh
36980943,36574,83.95,853.25,67.00,0.410,4.170,0.327,banana,fresh
36981955,36575,84.00,853.20,67.00,0.411,4.170,0.327,banana,fresh
36982966,36576,83.90,853.35,67.05,0.410,4.171,0.328,banana,fresh
36983977,36577,83.95,853.20,67.00,0.410,4.170,0.327,banana,fresh
36984988,36578,83.95,853.20,67.05,0.410,4.170,0.328,banana,fresh
36986000,36579,84.00,853.35,67.05,0.411,4.171,0.328,banana,fresh
36987011,36580,84.05,853.20,67.00,0.411,4.170,0.327,banana,fresh
36988021,36581,83.95,853.55,67.00,0.410,4.172,0.327,banana,fresh
36989033,36582,84.05,853.15,67.05,0.411,4.170,0.328,banana,fresh
36990044,36583,83.85,853.45,67.00,0.410,4.171,0.327,banana,fresh
36991055,36584,84.00,853.40,67.05,0.411,4.171,0.328,banana,fresh
36992066,36585,84.00,853.30,67.00,0.411,4.171,0.327,banana,fresh
36993078,36586,84.00,853.10,67.00,0.411,4.170,0.327,banana,fresh
36994088,36587,84.05,853.35,67.00,0.411,4.171,0.327,banana,fresh
36995099,36588,83.95,853.15,67.05,0.410,4.170,0.328,banana,fresh
36996111,36589,83.90,853.40,66.95,0.410,4.171,0.327,banana,fresh
36997122,36590,84.00,853.40,67.00,0.411,4.171,0.327,banana,fresh
36998133,36591,84.00,853.20,67.05,0.411,4.170,0.328,banana,fresh
36999144,36592,83.95,853.35,66.95,0.410,4.171,0.327,banana,fresh
37000156,36593,83.95,853.40,67.00,0.410,4.171,0.327,banana,fresh
37001166,36594,84.00,853.30,67.05,0.411,4.171,0.328,banana,fresh
37002177,36595,84.00,853.35,67.00,0.411,4.171,0.327,banana,fresh
37003189,36596,83.95,853.40,67.05,0.410,4.171,0.328,banana,fresh
37004199,36597,83.90,853.30,67.00,0.410,4.171,0.327,banana,fresh
37005211,36598,83.95,853.20,67.00,0.410,4.170,0.327,banana,fresh
37006222,36599,83.95,853.25,67.10,0.410,4.170,0.328,banana,fresh
37007234,36600,83.90,853.30,66.95,0.410,4.171,0.327,banana,fresh
37008244,36601,83.95,853.30,67.00,0.410,4.171,0.327,banana,fresh
37009255,36602,83.95,853.20,67.05,0.410,4.170,0.328,banana,fresh
37010267,36603,83.95,853.35,67.00,0.410,4.171,0.327,banana,fresh
37011277,36604,83.90,853.25,67.05,0.410,4.170,0.328,banana,fresh
37012289,36605,83.95,853.40,67.05,0.410,4.171,0.328,banana,fresh
37013300,36606,83.95,853.20,67.00,0.410,4.170,0.327,banana,fresh
37014311,36607,83.85,853.30,67.05,0.410,4.171,0.328,banana,fresh
37015322,36608,83.95,853.15,67.05,0.410,4.170,0.328,banana,fresh
37016333,36609,83.95,853.20,67.00,0.410,4.170,0.327,banana,fresh
37017345,36610,83.90,853.30,67.00,0.410,4.171,0.327,banana,fresh
37018355,36611,84.00,853.20,67.00,0.411,4.170,0.327,banana,fresh
37019367,36612,83.90,853.15,67.00,0.410,4.170,0.327,banana,fresh
37020378,36613,83.85,853.35,67.00,0.410,4.171,0.327,banana,fresh
37021389,36614,83.90,853.25,67.00,0.410,4.170,0.327,banana,fresh
37022400,36615,83.95,853.15,67.00,0.410,4.170,0.327,banana,fresh
37023411,36616,83.90,853.30,67.05,0.410,4.171,0.328,banana,fresh
37024422,36617,83.90,853.20,67.05,0.410,4.170,0.328,banana,fresh
37025433,36618,84.00,853.25,67.10,0.411,4.170,0.328,banana,fresh
37026445,36619,83.95,853.25,67.00,0.410,4.170,0.327,banana,fresh
37027456,36620,83.95,853.20,67.00,0.410,4.170,0.327,banana,fresh
37028467,36621,83.95,853.55,67.00,0.410,4.172,0.327,banana,fresh
37029478,36622,83.85,853.30,67.05,0.410,4.171,0.328,banana,fresh
37030489,36623,83.95,853.20,67.00,0.410,4.170,0.327,banana,fresh
37031500,36624,84.00,853.30,67.00,0.411,4.171,0.327,banana,fresh
37032511,36625,84.00,853.40,66.95,0.411,4.171,0.327,banana,fresh
37033523,36626,83.90,853.20,67.10,0.410,4.170,0.328,banana,fresh
37034533,36627,84.00,853.35,67.00,0.411,4.171,0.327,banana,fresh
37035545,36628,84.00,853.30,67.00,0.411,4.171,0.327,banana,fresh
37036556,36629,83.95,853.40,66.90,0.410,4.171,0.327,banana,fresh
37037566,36630,84.00,853.20,67.00,0.411,4.170,0.327,banana,fresh
37038578,36631,83.95,853.30,67.00,0.410,4.171,0.327,banana,fresh
37039589,36632,84.00,853.35,67.05,0.411,4.171,0.328,banana,fresh
37040601,36633,84.05,853.40,67.00,0.411,4.171,0.327,banana,fresh
37041611,36634,83.95,853.30,67.00,0.410,4.171,0.327,banana,fresh
37042623,36635,84.00,853.35,67.05,0.411,4.171,0.328,banana,fresh
37043634,36636,83.90,853.35,67.00,0.410,4.171,0.327,banana,fresh
37044644,36637,84.00,853.25,67.00,0.411,4.170,0.327,banana,fresh
37045656,36638,83.95,853.40,67.00,0.410,4.171,0.327,banana,fresh
37046667,36639,83.70,853.20,67.00,0.409,4.170,0.327,banana,fresh
37047678,36640,83.80,853.30,67.05,0.410,4.171,0.328,banana,fresh
37048689,36641,84.05,853.25,67.00,0.411,4.170,0.327,banana,fresh
37049701,36642,83.85,853.40,67.00,0.410,4.171,0.327,banana,fresh
37050712,36643,84.00,853.20,67.00,0.411,4.170,0.327,banana,fresh
37051722,36644,83.95,853.25,67.05,0.410,4.170,0.328,banana,fresh
37052734,36645,84.05,853.35,67.00,0.411,4.171,0.327,banana,fresh
37053745,36646,84.00,853.30,67.00,0.411,4.171,0.327,banana,fresh
37054756,36647,83.95,853.30,66.95,0.410,4.171,0.327,banana,fresh
37055767,36648,83.85,853.40,66.95,0.410,4.171,0.327,banana,fresh
37056779,36649,83.85,853.35,67.00,0.410,4.171,0.327,banana,fresh
37057789,36650,83.90,853.25,67.00,0.410,4.170,0.327,banana,fresh
37058800,36651,83.90,853.30,66.95,0.410,4.171,0.327,banana,fresh
37059812,36652,83.95,853.15,67.00,0.410,4.170,0.327,banana,fresh
37060823,36653,84.00,853.20,67.00,0.411,4.170,0.327,banana,fresh
37061834,36654,83.85,853.30,67.05,0.410,4.171,0.328,banana,fresh
37062845,36655,83.95,853.10,67.00,0.410,4.170,0.327,banana,fresh
37063857,36656,83.90,853.15,67.00,0.410,4.170,0.327,banana,fresh
37064867,36657,83.85,853.25,67.00,0.410,4.170,0.327,banana,fresh
37065878,36658,83.95,853.30,67.05,0.410,4.171,0.328,banana,fresh
37066890,36659,83.90,853.20,67.00,0.410,4.170,0.327,banana,fresh
37067900,36660,83.80,853.00,67.05,0.410,4.169,0.328,banana,fresh
37068912,36661,83.95,853.15,67.00,0.410,4.170,0.327,banana,fresh
37069923,36662,83.85,853.25,67.00,0.410,4.170,0.327,banana,fresh
37070935,36663,83.75,853.10,67.00,0.409,4.170,0.327,banana,fresh
37071945,36664,83.95,853.35,66.95,0.410,4.171,0.327,banana,fresh
37072956,36665,83.90,853.10,67.00,0.410,4.170,0.327,banana,fresh
37073968,36666,83.85,853.25,67.00,0.410,4.170,0.327,banana,fresh
37074978,36667,83.95,853.30,66.95,0.410,4.171,0.327,banana,fresh
37075990,36668,83.95,853.15,67.00,0.410,4.170,0.327,banana,fresh
37077001,36669,84.00,853.30,66.95,0.411,4.171,0.327,banana,fresh
37078012,36670,83.85,853.15,66.95,0.410,4.170,0.327,banana,fresh
37079023,36671,83.80,853.25,66.95,0.410,4.170,0.327,banana,fresh
37080035,36672,84.00,853.10,66.95,0.411,4.170,0.327,banana,fresh
37081046,36673,83.95,853.15,66.90,0.410,4.170,0.327,banana,fresh
37082056,36674,83.85,853.25,66.95,0.410,4.170,0.327,banana,fresh
37083068,36675,84.00,853.15,66.95,0.411,4.170,0.327,banana,fresh
37084079,36676,83.85,853.20,66.95,0.410,4.170,0.327,banana,fresh
37085090,36677,83.90,853.20,67.00,0.410,4.170,0.327,banana,fresh
37086101,36678,83.95,853.15,67.00,0.410,4.170,0.327,banana,fresh
37087113,36679,83.85,853.15,67.00,0.410,4.170,0.327,banana,fresh
37088123,36680,83.90,853.00,66.95,0.410,4.169,0.327,banana,fresh
37089134,36681,83.95,853.15,67.00,0.410,4.170,0.327,banana,fresh
37090146,36682,83.90,853.05,67.00,0.410,4.169,0.327,banana,fresh
37091156,36683,83.90,853.20,66.95,0.410,4.170,0.327,banana,fresh
37092168,36684,83.90,853.25,67.05,0.410,4.170,0.328,banana,fresh
37093179,36685,83.95,853.15,66.95,0.410,4.170,0.327,banana,fresh
37094191,36686,83.95,853.20,66.85,0.410,4.170,0.327,banana,fresh
37095201,36687,83.90,853.15,67.00,0.410,4.170,0.327,banana,fresh
37096212,36688,83.85,853.15,66.90,0.410,4.170,0.327,banana,fresh
37097224,36689,83.75,853.10,67.00,0.409,4.170,0.327,banana,fresh
37098234,36690,83.95,853.05,67.00,0.410,4.169,0.327,banana,fresh
37099246,36691,83.75,853.15,66.95,0.409,4.170,0.327,banana,fresh
37100257,36692,83.90,853.15,67.00,0.410,4.170,0.327,banana,fresh
37101268,36693,84.00,853.10,66.95,0.411,4.170,0.327,banana,fresh
37102279,36694,83.85,853.20,67.00,0.410,4.170,0.327,banana,fresh
37103290,36695,83.85,853.15,67.00,0.410,4.170,0.327,banana,fresh
37104302,36696,83.85,853.15,66.90,0.410,4.170,0.327,banana,fresh
37105312,36697,83.95,853.20,66.85,0.410,4.170,0.327,banana,fresh
37106324,36698,84.00,853.10,66.95,0.411,4.170,0.327,banana,fresh
37107335,36699,83.90,853.25,66.95,0.410,4.170,0.327,banana,fresh
37108346,36700,83.90,853.20,66.95,0.410,4.170,0.327,banana,fresh
37109357,36701,83.90,853.30,66.90,0.410,4.171,0.327,banana,fresh
37110368,36702,83.90,853.10,66.95,0.410,4.170,0.327,banana,fresh
37111379,36703,83.80,853.15,66.95,0.410,4.170,0.327,banana,fresh
37112390,36704,83.75,853.25,66.95,0.409,4.170,0.327,banana,fresh
37113402,36705,83.85,853.20,66.95,0.410,4.170,0.327,banana,fresh
37114413,36706,83.95,853.20,66.95,0.410,4.170,0.327,banana,fresh
37115424,36707,83.85,853.20,66.90,0.410,4.170,0.327,banana,fresh
37116435,36708,83.90,853.15,66.90,0.410,4.170,0.327,banana,fresh
37117447,36709,83.80,853.20,66.85,0.410,4.170,0.327,banana,fresh
37118457,36710,83.90,853.10,66.95,0.410,4.170,0.327,banana,fresh
37119468,36711,83.85,853.05,66.90,0.410,4.169,0.327,banana,fresh
37120480,36712,83.75,853.05,66.95,0.409,4.169,0.327,banana,fresh
37121490,36713,83.70,853.10,66.85,0.409,4.170,0.327,banana,fresh
37122502,36714,83.90,853.10,66.90,0.410,4.170,0.327,banana,fresh
37123513,36715,83.80,853.05,66.90,0.410,4.169,0.327,banana,fresh
37124525,36716,83.75,853.10,66.80,0.409,4.170,0.326,banana,fresh
37125535,36717,83.70,853.10,66.90,0.409,4.170,0.327,banana,fresh
37126546,36718,83.80,853.00,66.90,0.410,4.169,0.327,banana,fresh
37127558,36719,83.70,853.00,66.80,0.409,4.169,0.326,banana,fresh
37128568,36720,83.95,853.05,66.80,0.410,4.169,0.326,banana,fresh
37129580,36721,83.75,853.00,66.95,0.409,4.169,0.327,banana,fresh
37130591,36722,83.80,853.05,66.80,0.410,4.169,0.326,banana,fresh
37131602,36723,83.75,853.00,66.90,0.409,4.169,0.327,banana,fresh
37132613,36724,83.75,853.10,66.95,0.409,4.170,0.327,banana,fresh
37133624,36725,83.80,853.00,66.75,0.410,4.169,0.326,banana,fresh
37134636,36726,83.75,853.00,66.95,0.409,4.169,0.327,banana,fresh
37135646,36727,83.95,853.00,66.95,0.410,4.169,0.327,banana,fresh
37136658,36728,83.60,853.10,66.85,0.409,4.170,0.327,banana,fresh
37137669,36729,83.65,853.20,66.90,0.409,4.170,0.327,banana,fresh
37138680,36730,83.60,853.15,66.85,0.409,4.170,0.327,banana,fresh
37139691,36731,83.65,853.20,66.95,0.409,4.170,0.327,banana,fresh
37140702,36732,83.75,853.05,66.90,0.409,4.169,0.327,banana,fresh
37141713,36733,83.70,853.05,66.75,0.409,4.169,0.326,banana,fresh
37142724,36734,83.70,853.10,66.70,0.409,4.170,0.326,banana,fresh
37143736,36735,83.90,853.20,66.85,0.410,4.170,0.327,banana,fresh
37144747,36736,83.75,853.15,66.85,0.409,4.170,0.327,banana,fresh
37145758,36737,83.75,853.10,66.85,0.409,4.170,0.327,banana,fresh
37146769,36738,83.70,853.05,66.85,0.409,4.169,0.327,banana,fresh
37147780,36739,83.70,853.05,66.85,0.409,4.169,0.327,banana,fresh
37148791,36740,83.65,853.20,66.80,0.409,4.170,0.326,banana,fresh
37149802,36741,83.70,853.00,66.90,0.409,4.169,0.327,banana,fresh
37150814,36742,83.75,853.15,66.95,0.409,4.170,0.327,banana,fresh
37151824,36743,83.80,853.10,66.65,0.410,4.170,0.326,banana,fresh
37152836,36744,83.50,853.05,66.75,0.408,4.169,0.326,banana,fresh
37153847,36745,83.70,853.05,66.85,0.409,4.169,0.327,banana,fresh
37154857,36746,83.55,853.15,66.80,0.408,4.170,0.326,banana,fresh
37155869,36747,83.75,853.05,66.65,0.409,4.169,0.326,banana,fresh
37156880,36748,83.80,853.15,66.85,0.410,4.170,0.327,banana,fresh
37157892,36749,83.85,853.15,66.55,0.410,4.170,0.325,banana,fresh
37158902,36750,83.50,853.15,66.90,0.408,4.170,0.327,banana,fresh
37159914,36751,83.65,853.10,66.85,0.409,4.170,0.327,banana,fresh
37160925,36752,83.55,853.05,66.65,0.408,4.169,0.326,banana,fresh
37161935,36753,83.65,853.10,66.85,0.409,4.170,0.327,banana,fresh
37162947,36754,83.80,853.10,66.80,0.410,4.170,0.326,banana,fresh
37163958,36755,83.80,853.05,66.75,0.410,4.169,0.326,banana,fresh
37164969,36756,83.75,853.05,66.70,0.409,4.169,0.326,banana,fresh
37165980,36757,83.55,853.10,66.75,0.408,4.170,0.326,banana,fresh
37166992,36758,83.65,853.05,66.80,0.409,4.169,0.326,banana,fresh
37168003,36759,83.55,853.05,66.85,0.408,4.169,0.327,banana,fresh
37169013,36760,83.75,853.00,66.65,0.409,4.169,0.326,banana,fresh
37170025,36761,83.90,853.05,66.75,0.410,4.169,0.326,banana,fresh
37171036,36762,83.70,853.05,66.65,0.409,4.169,0.326,banana,fresh
37172047,36763,83.75,853.05,66.80,0.409,4.169,0.326,banana,fresh
37173058,36764,83.60,853.05,66.65,0.409,4.169,0.326,banana,fresh
37174070,36765,83.55,853.00,66.75,0.408,4.169,0.326,banana,fresh
37175080,36766,83.65,853.15,66.75,0.409,4.170,0.326,banana,fresh
37176092,36767,83.55,853.10,66.50,0.408,4.170,0.325,banana,fresh
37177103,36768,83.65,853.10,66.55,0.409,4.170,0.325,banana,fresh
37178114,36769,83.40,853.00,66.70,0.408,4.169,0.326,banana,fresh
37179125,36770,83.65,853.05,66.75,0.409,4.169,0.326,banana,fresh
37180136,36771,83.70,853.00,66.75,0.409,4.169,0.326,banana,fresh
37181148,36772,83.55,853.05,66.75,0.408,4.169,0.326,banana,fresh
37182158,36773,83.55,853.05,66.40,0.408,4.169,0.325,banana,fresh
37183170,36774,83.35,853.00,66.60,0.407,4.169,0.326,banana,fresh
37184181,36775,83.60,853.00,66.80,0.409,4.169,0.326,banana,fresh
37185191,36776,83.60,853.05,66.50,0.409,4.169,0.325,banana,fresh
37186203,36777,83.65,853.00,66.65,0.409,4.169,0.326,banana,fresh
37187214,36778,83.50,853.10,66.90,0.408,4.170,0.327,banana,fresh
37188226,36779,83.70,853.10,66.50,0.409,4.170,0.325,banana,fresh
37189236,36780,83.50,853.00,66.65,0.408,4.169,0.326,banana,fresh
37190248,36781,83.60,853.00,66.80,0.409,4.169,0.326,banana,fresh
37191259,36782,83.65,853.00,66.80,0.409,4.169,0.326,banana,fresh
37192269,36783,83.55,853.05,66.65,0.408,4.169,0.326,banana,fresh
37193281,36784,83.40,853.15,66.65,0.408,4.170,0.326,banana,fresh
37194292,36785,83.35,853.00,66.85,0.407,4.169,0.327,banana,fresh
37195303,36786,83.40,853.10,66.70,0.408,4.170,0.326,banana,fresh
37196314,36787,83.55,853.05,66.80,0.408,4.169,0.326,banana,fresh
37197326,36788,83.55,853.00,66.75,0.408,4.169,0.326,banana,fresh
37198337,36789,83.50,853.05,66.75,0.408,4.169,0.326,banana,fresh
37199347,36790,83.45,853.00,66.50,0.408,4.169,0.325,banana,fresh
37200359,36791,83.40,853.05,66.65,0.408,4.169,0.326,banana,fresh
37201370,36792,83.55,853.05,66.30,0.408,4.169,0.324,banana,fresh
37202381,36793,83.50,853.05,66.60,0.408,4.169,0.326,banana,fresh
37203392,36794,83.35,853.10,66.45,0.407,4.170,0.325,banana,fresh
37204404,36795,83.40,853.05,66.40,0.408,4.169,0.325,banana,fresh
37205414,36796,83.45,853.00,66.90,0.408,4.169,0.327,banana,fresh
37206425,36797,83.60,853.05,66.75,0.409,4.169,0.326,banana,fresh
37207437,36798,83.50,853.00,66.60,0.408,4.169,0.326,banana,fresh
37208448,36799,83.60,853.05,66.40,0.409,4.169,0.325,banana,fresh
37209459,36800,83.50,853.00,66.60,0.408,4.169,0.326,banana,fresh
37210470,36801,83.30,853.20,66.65,0.407,4.170,0.326,banana,fresh
37211482,36802,83.45,853.15,66.50,0.408,4.170,0.325,banana,fresh
37212492,36803,83.40,853.00,66.40,0.408,4.169,0.325,banana,fresh
37213503,36804,83.55,853.10,66.55,0.408,4.170,0.325,banana,fresh
37214515,36805,83.55,853.00,66.65,0.408,4.169,0.326,banana,fresh
37215525,36806,83.45,853.05,66.55,0.408,4.169,0.325,banana,fresh
37216537,36807,83.55,853.00,66.50,0.408,4.169,0.325,banana,fresh
37217548,36808,83.50,853.00,66.50,0.408,4.169,0.325,banana,fresh
37218560,36809,83.35,853.05,66.60,0.407,4.169,0.326,banana,fresh
37219570,36810,83.45,853.05,66.65,0.408,4.169,0.326,banana,fresh
37220582,36811,83.50,853.25,66.40,0.408,4.170,0.325,banana,fresh
37221593,36812,83.35,853.00,66.55,0.407,4.169,0.325,banana,fresh
37222603,36813,83.55,853.00,66.35,0.408,4.169,0.324,banana,fresh
37223615,36814,83.60,853.00,66.30,0.409,4.169,0.324,banana,fresh
37224626,36815,83.20,853.05,66.75,0.407,4.169,0.326,banana,fresh
37225637,36816,83.20,853.00,66.35,0.407,4.169,0.324,banana,fresh
37226648,36817,83.45,853.00,66.75,0.408,4.169,0.326,banana,fresh
37227660,36818,83.50,853.10,66.45,0.408,4.170,0.325,banana,fresh
37228670,36819,83.40,853.10,66.45,0.408,4.170,0.325,banana,fresh
37229681,36820,83.55,853.00,66.45,0.408,4.169,0.325,banana,fresh
37230693,36821,83.25,853.00,66.55,0.407,4.169,0.325,banana,fresh
37231704,36822,83.35,853.10,66.25,0.407,4.170,0.324,banana,fresh
37232715,36823,83.30,853.00,66.50,0.407,4.169,0.325,banana,fresh
37233726,36824,83.35,853.05,66.45,0.407,4.169,0.325,banana,fresh
37234738,36825,83.45,853.00,66.30,0.408,4.169,0.324,banana,fresh
37235748,36826,83.35,853.00,66.55,0.407,4.169,0.325,banana,fresh
37236759,36827,83.25,853.00,66.75,0.407,4.169,0.326,banana,fresh
37237771,36828,83.35,853.05,66.60,0.407,4.169,0.326,banana,fresh
37238781,36829,83.55,853.00,66.40,0.408,4.169,0.325,banana,fresh
37239793,36830,83.45,853.05,66.30,0.408,4.169,0.324,banana,fresh
37240804,36831,83.40,853.00,66.45,0.408,4.169,0.325,banana,fresh
37241816,36832,83.15,853.05,66.55,0.406,4.169,0.325,banana,fresh
37242826,36833,83.45,853.10,66.50,0.408,4.170,0.325,banana,fresh
37243837,36834,83.45,853.00,66.40,0.408,4.169,0.325,banana,fresh
37244849,36835,83.50,853.05,66.45,0.408,4.169,0.325,banana,fresh
37245859,36836,83.35,853.10,66.65,0.407,4.170,0.326,banana,fresh
37246871,36837,83.45,853.05,66.30,0.408,4.169,0.324,banana,fresh
37247882,36838,83.50,853.10,66.40,0.408,4.170,0.325,banana,fresh
37248893,36839,83.25,853.00,66.55,0.407,4.169,0.325,banana,fresh
37249904,36840,83.25,853.00,66.45,0.407,4.169,0.325,banana,fresh
37250915,36841,83.25,853.10,66.45,0.407,4.170,0.325,banana,fresh
37251927,36842,83.20,853.05,66.45,0.407,4.169,0.325,banana,fresh
37252937,36843,83.30,853.00,66.45,0.407,4.169,0.325,banana,fresh
37253949,36844,83.30,853.05,66.50,0.407,4.169,0.325,banana,fresh
37254960,36845,83.20,853.00,66.45,0.407,4.169,0.325,banana,fresh
37255971,36846,83.40,853.00,66.40,0.408,4.169,0.325,banana,fresh
37256982,36847,83.45,853.05,66.50,0.408,4.169,0.325,banana,fresh
37257993,36848,83.25,853.10,66.40,0.407,4.170,0.325,banana,fresh
37259004,36849,83.45,853.05,66.55,0.408,4.169,0.325,banana,fresh
37260015,36850,83.40,853.00,66.45,0.408,4.169,0.325,banana,fresh
37261027,36851,83.40,853.05,66.40,0.408,4.169,0.325,banana,fresh
37262038,36852,83.30,853.05,66.60,0.407,4.169,0.326,banana,fresh
37263049,36853,83.35,853.10,66.70,0.407,4.170,0.326,banana,fresh
37264060,36854,83.15,853.05,66.55,0.406,4.169,0.325,banana,fresh
37265071,36855,83.15,853.00,66.40,0.406,4.169,0.325,banana,fresh
37266082,36856,83.30,853.00,66.40,0.407,4.169,0.325,banana,fresh
37267093,36857,83.35,853.10,66.50,0.407,4.170,0.325,banana,fresh
37268105,36858,83.30,853.05,66.45,0.407,4.169,0.325,banana,fresh
37269115,36859,83.40,853.10,66.30,0.408,4.170,0.324,banana,fresh
37270127,36860,83.25,853.00,66.50,0.407,4.169,0.325,banana,fresh
37271138,36861,83.50,853.00,66.65,0.408,4.169,0.326,banana,fresh
37272148,36862,83.40,853.00,66.50,0.408,4.169,0.325,banana,fresh
37273160,36863,83.15,853.05,66.40,0.406,4.169,0.325,banana,fresh
37274171,36864,83.35,853.05,66.40,0.407,4.169,0.325,banana,fresh
37275183,36865,83.40,853.05,66.50,0.408,4.169,0.325,banana,fresh
37276193,36866,83.25,853.10,66.40,0.407,4.170,0.325,banana,fresh
37277204,36867,83.40,853.00,66.50,0.408,4.169,0.325,banana,fresh
37278216,36868,83.25,853.05,66.40,0.407,4.169,0.325,banana,fresh
37279226,36869,83.15,853.10,66.45,0.406,4.170,0.325,banana,fresh
37280238,36870,83.25,853.00,66.55,0.407,4.169,0.325,banana,fresh
37281249,36871,83.25,853.05,66.35,0.407,4.169,0.324,banana,fresh
37282260,36872,83.25,853.05,66.30,0.407,4.169,0.324,banana,fresh
37283271,36873,83.40,853.00,66.40,0.408,4.169,0.325,banana,fresh
37284283,36874,83.25,853.05,66.25,0.407,4.169,0.324,banana,fresh
37285294,36875,83.35,853.10,66.40,0.407,4.170,0.325,banana,fresh
37286304,36876,83.45,853.05,66.35,0.408,4.169,0.324,banana,fresh
37287316,36877,83.15,853.00,66.40,0.406,4.169,0.325,banana,fresh
37288327,36878,83.35,853.20,66.50,0.407,4.170,0.325,banana,fresh
37289338,36879,83.20,853.00,66.25,0.407,4.169,0.324,banana,fresh
37290349,36880,83.40,853.05,66.35,0.408,4.169,0.324,banana,fresh
37291361,36881,83.25,853.00,66.35,0.407,4.169,0.324,banana,fresh
37292371,36882,83.25,853.10,66.55,0.407,4.170,0.325,banana,fresh
37293382,36883,83.25,853.10,66.55,0.407,4.170,0.325,banana,fresh
37294394,36884,83.25,853.00,66.45,0.407,4.169,0.325,banana,fresh
37295405,36885,83.15,853.10,66.60,0.406,4.170,0.326,banana,fresh
37296416,36886,83.35,853.05,66.45,0.407,4.169,0.325,banana,fresh
37297427,36887,83.20,853.10,66.50,0.407,4.170,0.325,banana,fresh
37298439,36888,83.40,853.15,66.25,0.408,4.170,0.324,banana,fresh
37299449,36889,83.35,853.10,66.50,0.407,4.170,0.325,banana,fresh
37300460,36890,83.40,853.00,66.25,0.408,4.169,0.324,banana,fresh
37301472,36891,83.15,853.00,66.40,0.406,4.169,0.325,banana,fresh
37302482,36892,83.20,853.00,66.50,0.407,4.169,0.325,banana,fresh
37303494,36893,83.15,853.15,66.50,0.406,4.170,0.325,banana,fresh
37304505,36894,83.15,853.00,66.65,0.406,4.169,0.326,banana,fresh
37305517,36895,83.15,853.05,66.45,0.406,4.169,0.325,banana,fresh
37306527,36896,83.30,853.00,66.35,0.407,4.169,0.324,banana,fresh
37307538,36897,83.30,853.10,66.50,0.407,4.170,0.325,banana,fresh
37308550,36898,83.25,853.10,66.40,0.407,4.170,0.325,banana,fresh
37309560,36899,83.10,853.05,66.45,0.406,4.169,0.325,banana,fresh
37310572,36900,83.05,853.15,66.60,0.406,4.170,0.326,banana,fresh
37311583,36901,83.25,853.00,66.35,0.407,4.169,0.324,banana,fresh
37312593,36902,83.20,853.00,66.35,0.407,4.169,0.324,banana,fresh
37313605,36903,83.25,853.05,66.45,0.407,4.169,0.325,banana,fresh
37314616,36904,83.20,853.05,66.35,0.407,4.169,0.324,banana,fresh
37315628,36905,83.30,853.10,66.40,0.407,4.170,0.325,banana,fresh
37316638,36906,83.15,853.15,66.40,0.406,4.170,0.325,banana,fresh
37317650,36907,83.20,853.15,66.35,0.407,4.170,0.324,banana,fresh
37318661,36908,83.25,853.15,66.30,0.407,4.170,0.324,banana,fresh
37319672,36909,83.30,853.05,66.35,0.407,4.169,0.324,banana,fresh
37320683,36910,83.15,853.00,66.30,0.406,4.169,0.324,banana,fresh
37321694,36911,83.20,853.00,66.35,0.407,4.169,0.324,banana,fresh
37322705,36912,83.20,853.05,66.50,0.407,4.169,0.325,banana,fresh
37323716,36913,83.20,853.05,66.25,0.407,4.169,0.324,banana,fresh
37324728,36914,83.15,853.15,66.40,0.406,4.170,0.325,banana,fresh
37325739,36915,83.20,853.05,66.35,0.407,4.169,0.324,banana,fresh
37326750,36916,83.20,853.10,66.30,0.407,4.170,0.324,banana,fresh
37327761,36917,83.10,853.05,66.45,0.406,4.169,0.325,banana,fresh
37328772,36918,83.20,853.15,66.45,0.407,4.170,0.325,banana,fresh
37329783,36919,83.35,853.10,66.20,0.407,4.170,0.324,banana,fresh
37330794,36920,83.15,853.10,66.20,0.406,4.170,0.324,banana,fresh
37331806,36921,83.05,853.05,66.35,0.406,4.169,0.324,banana,fresh
37332816,36922,83.10,853.00,66.30,0.406,4.169,0.324,banana,fresh
37333828,36923,83.20,853.05,66.20,0.407,4.169,0.324,banana,fresh
37334839,36924,83.10,853.10,66.25,0.406,4.170,0.324,banana,fresh
37335851,36925,83.20,853.00,66.15,0.407,4.169,0.323,banana,fresh
37336861,36926,83.05,853.05,66.25,0.406,4.169,0.324,banana,fresh
37337872,36927,83.15,853.05,66.25,0.406,4.169,0.324,banana,fresh
37338884,36928,83.10,853.20,66.30,0.406,4.170,0.324,banana,fresh
37339894,36929,83.05,853.05,66.30,0.406,4.169,0.324,banana,fresh
37340906,36930,83.20,853.10,66.30,0.407,4.170,0.324,banana,fresh
37341917,36931,83.10,853.15,66.20,0.406,4.170,0.324,banana,fresh
37342928,36932,83.15,853.05,66.25,0.406,4.169,0.324,banana,fresh
37343939,36933,83.10,853.05,66.15,0.406,4.169,0.323,banana,fresh
37344950,36934,83.15,853.15,66.25,0.406,4.170,0.324,banana,fresh
37345961,36935,83.15,853.00,66.10,0.406,4.169,0.323,banana,fresh
37346972,36936,83.15,853.00,66.20,0.406,4.169,0.324,banana,fresh
37347984,36937,83.20,853.10,66.20,0.407,4.170,0.324,banana,fresh
37348995,36938,83.10,853.00,66.30,0.406,4.169,0.324,banana,fresh
37350006,36939,83.00,853.00,66.25,0.406,4.169,0.324,banana,fresh
37351017,36940,83.05,853.15,66.25,0.406,4.170,0.324,banana,fresh
37352028,36941,83.05,853.05,66.20,0.406,4.169,0.324,banana,fresh
37353039,36942,83.10,853.05,66.30,0.406,4.169,0.324,banana,fresh
37354050,36943,83.00,853.15,66.40,0.406,4.170,0.325,banana,fresh
37355062,36944,83.10,853.00,66.35,0.406,4.169,0.324,banana,fresh
37356072,36945,83.10,853.00,66.30,0.406,4.169,0.324,banana,fresh
37357084,36946,83.05,853.05,66.25,0.406,4.169,0.324,banana,fresh
37358095,36947,83.15,853.05,66.30,0.406,4.169,0.324,banana,fresh
37359106,36948,83.25,853.05,66.20,0.407,4.169,0.324,banana,fresh
37360117,36949,83.10,853.00,66.20,0.406,4.169,0.324,banana,fresh
37361128,36950,83.10,853.00,66.25,0.406,4.169,0.324,banana,fresh
37362140,36951,83.10,853.10,66.15,0.406,4.170,0.323,banana,fresh
37363150,36952,83.15,853.10,66.25,0.406,4.170,0.324,banana,fresh
37364162,36953,83.10,853.05,66.10,0.406,4.169,0.323,banana,fresh
37365173,36954,83.25,853.00,66.20,0.407,4.169,0.324,banana,fresh
37366183,36955,83.15,853.00,66.35,0.406,4.169,0.324,banana,fresh
37367195,36956,83.10,853.05,66.35,0.406,4.169,0.324,banana,fresh
37368206,36957,83.15,853.00,66.20,0.406,4.169,0.324,banana,fresh
37369218,36958,83.05,853.00,66.30,0.406,4.169,0.324,banana,fresh
37370228,36959,83.00,853.05,66.10,0.406,4.169,0.323,banana,fresh
37371240,36960,83.20,853.05,66.15,0.407,4.169,0.323,banana,fresh
37372251,36961,83.15,853.05,66.35,0.406,4.169,0.324,banana,fresh
37373261,36962,83.05,853.05,66.20,0.406,4.169,0.324,banana,fresh
37374273,36963,83.20,853.10,66.40,0.407,4.170,0.325,banana,fresh
37375284,36964,83.20,853.00,66.35,0.407,4.169,0.324,banana,fresh
37376295,36965,83.05,853.05,66.35,0.406,4.169,0.324,banana,fresh
37377306,36966,83.10,853.05,66.20,0.406,4.169,0.324,banana,fresh
37378318,36967,83.15,853.05,66.35,0.406,4.169,0.324,banana,fresh
37379329,36968,83.20,853.00,66.20,0.407,4.169,0.324,banana,fresh
37380339,36969,83.30,853.05,66.30,0.407,4.169,0.324,banana,fresh
37381351,36970,83.10,853.05,66.15,0.406,4.169,0.323,banana,fresh
37382362,36971,83.10,853.00,66.20,0.406,4.169,0.324,banana,fresh
37383373,36972,83.15,853.10,66.20,0.406,4.170,0.324,banana,fresh
37384384,36973,83.20,853.00,66.45,0.407,4.169,0.325,banana,fresh
37385396,36974,83.35,853.00,66.25,0.407,4.169,0.324,banana,fresh
37386406,36975,83.20,853.10,66.20,0.407,4.170,0.324,banana,fresh
37387417,36976,83.20,853.10,66.60,0.407,4.170,0.326,banana,fresh
37388429,36977,83.10,853.00,66.25,0.406,4.169,0.324,banana,fresh
37389440,36978,83.20,853.00,66.45,0.407,4.169,0.325,banana,fresh
37390451,36979,83.25,853.05,66.35,0.407,4.169,0.324,banana,fresh
37391462,36980,83.10,853.05,66.45,0.406,4.169,0.325,banana,fresh
37392474,36981,83.10,853.10,66.40,0.406,4.170,0.325,banana,fresh
37393484,36982,83.15,853.15,66.35,0.406,4.170,0.324,banana,fresh
37394495,36983,83.15,853.00,66.20,0.406,4.169,0.324,banana,fresh
37395507,36984,83.15,853.05,66.30,0.406,4.169,0.324,banana,fresh
37396517,36985,83.15,853.05,66.20,0.406,4.169,0.324,banana,fresh
37397529,36986,83.30,853.00,66.35,0.407,4.169,0.324,banana,fresh
37398540,36987,83.25,853.00,66.35,0.407,4.169,0.324,banana,fresh
37399552,36988,83.30,853.05,66.40,0.407,4.169,0.325,banana,fresh
37400562,36989,83.30,853.00,66.35,0.407,4.169,0.324,banana,fresh
37401574,36990,83.15,853.00,66.55,0.406,4.169,0.325,banana,fresh
37402585,36991,83.15,853.05,66.30,0.406,4.169,0.324,banana,fresh
37403595,36992,83.15,853.00,66.25,0.406,4.169,0.324,banana,fresh
37404607,36993,83.30,853.00,66.25,0.407,4.169,0.324,banana,fresh
37405618,36994,83.25,853.00,66.45,0.407,4.169,0.325,banana,fresh
37406629,36995,83.20,853.00,66.35,0.407,4.169,0.324,banana,fresh
37407640,36996,83.10,853.00,66.35,0.406,4.169,0.324,banana,fresh
37408652,36997,83.25,853.00,66.25,0.407,4.169,0.324,banana,fresh
37409662,36998,83.15,853.05,66.40,0.406,4.169,0.325,banana,fresh
37410673,36999,83.20,853.00,66.35,0.407,4.169,0.324,banana,fresh
37411685,37000,83.30,853.00,66.35,0.407,4.169,0.324,banana,fresh
37412696,37001,83.25,853.00,66.50,0.407,4.169,0.325,banana,fresh
37413707,37002,83.15,852.95,66.50,0.406,4.169,0.325,banana,fresh
37414718,37003,83.05,853.00,66.30,0.406,4.169,0.324,banana,fresh
37415730,37004,83.20,853.00,66.25,0.407,4.169,0.324,banana,fresh
37416740,37005,83.15,853.00,66.30,0.406,4.169,0.324,banana,fresh
37417751,37006,83.10,853.10,66.40,0.406,4.170,0.325,banana,fresh
37418763,37007,83.30,853.10,66.25,0.407,4.170,0.324,banana,fresh
37419773,37008,83.15,853.00,66.35,0.406,4.169,0.324,banana,fresh
37420785,37009,83.15,853.05,66.25,0.406,4.169,0.324,banana,fresh
37421796,37010,83.15,853.00,66.15,0.406,4.169,0.323,banana,fresh
37422808,37011,83.05,853.05,66.10,0.406,4.169,0.323,banana,fresh
37423818,37012,83.15,853.00,66.25,0.406,4.169,0.324,banana,fresh
37424829,37013,83.25,853.05,66.20,0.407,4.169,0.324,banana,fresh
37425841,37014,83.15,853.00,66.35,0.406,4.169,0.324,banana,fresh
37426851,37015,83.20,853.00,66.30,0.407,4.169,0.324,banana,fresh
37427863,37016,83.05,853.00,66.30,0.406,4.169,0.324,banana,fresh
37428874,37017,83.15,853.00,66.25,0.406,4.169,0.324,banana,fresh
37429885,37018,83.20,853.00,66.25,0.407,4.169,0.324,banana,fresh
37430896,37019,83.25,852.95,66.40,0.407,4.169,0.325,banana,fresh
37431907,37020,83.10,853.00,66.30,0.406,4.169,0.324,banana,fresh
37432919,37021,83.30,853.00,66.20,0.407,4.169,0.324,banana,fresh
37433929,37022,83.15,852.95,66.15,0.406,4.169,0.323,banana,fresh
37434941,37023,83.05,853.00,66.30,0.406,4.169,0.324,banana,fresh
37435952,37024,83.15,853.00,66.25,0.406,4.169,0.324,banana,fresh
37436963,37025,83.10,852.95,66.10,0.406,4.169,0.323,banana,fresh
37437974,37026,83.15,852.95,66.05,0.406,4.169,0.323,banana,fresh
37438985,37027,83.20,853.00,66.15,0.407,4.169,0.323,banana,fresh
37439996,37028,83.10,853.00,66.30,0.406,4.169,0.324,banana,fresh
37441007,37029,83.10,853.00,66.15,0.406,4.169,0.323,banana,fresh
37442019,37030,83.05,853.00,66.05,0.406,4.169,0.323,banana,fresh
37443030,37031,83.15,853.00,66.30,0.406,4.169,0.324,banana,fresh
37444041,37032,83.25,853.00,66.30,0.407,4.169,0.324,banana,fresh
37445052,37033,83.05,853.00,66.20,0.406,4.169,0.324,banana,fresh
37446063,37034,83.30,853.00,66.30,0.407,4.169,0.324,banana,fresh
37447074,37035,83.10,853.05,66.15,0.406,4.169,0.323,banana,fresh
37448085,37036,83.15,853.05,66.15,0.406,4.169,0.323,banana,fresh
37449097,37037,83.20,853.00,66.20,0.407,4.169,0.324,banana,fresh
37450107,37038,83.15,853.00,66.25,0.406,4.169,0.324,banana,fresh
37451119,37039,83.05,853.00,66.30,0.406,4.169,0.324,banana,fresh
37452130,37040,83.05,853.00,66.20,0.406,4.169,0.324,banana,fresh
37453140,37041,83.10,853.00,66.25,0.406,4.169,0.324,banana,fresh
37454152,37042,83.15,853.00,66.10,0.406,4.169,0.323,banana,fresh
37455163,37043,83.05,853.00,66.20,0.406,4.169,0.324,banana,fresh
37456175,37044,83.10,853.05,66.10,0.406,4.169,0.323,banana,fresh
37457185,37045,83.00,853.00,66.10,0.406,4.169,0.323,banana,fresh
37458197,37046,83.05,853.00,66.20,0.406,4.169,0.324,banana,fresh
37459208,37047,83.15,853.05,66.25,0.406,4.169,0.324,banana,fresh
37460218,37048,83.10,853.00,66.25,0.406,4.169,0.324,banana,fresh
37461230,37049,83.00,853.00,66.20,0.406,4.169,0.324,banana,fresh
37462241,37050,83.05,853.00,66.20,0.406,4.169,0.324,banana,fresh
37463252,37051,83.05,853.00,66.10,0.406,4.169,0.323,banana,fresh
37464263,37052,83.05,853.00,66.15,0.406,4.169,0.323,banana,fresh
37465275,37053,83.05,853.00,66.20,0.406,4.169,0.324,banana,fresh
37466286,37054,83.10,853.00,66.20,0.406,4.169,0.324,banana,fresh
37467296,37055,83.10,853.00,66.10,0.406,4.169,0.323,banana,fresh
37468308,37056,83.10,852.95,66.10,0.406,4.169,0.323,banana,fresh
37469319,37057,83.10,853.00,66.10,0.406,4.169,0.323,banana,fresh
37470330,37058,83.00,853.00,66.10,0.406,4.169,0.323,banana,fresh
37471341,37059,83.10,853.00,66.25,0.406,4.169,0.324,banana,fresh
37472353,37060,83.15,852.95,66.05,0.406,4.169,0.323,banana,fresh
37473363,37061,83.05,853.00,66.25,0.406,4.169,0.324,banana,fresh
37474374,37062,83.00,853.00,66.10,0.406,4.169,0.323,banana,fresh
37475386,37063,82.95,853.00,66.05,0.405,4.169,0.323,banana,fresh
37476397,37064,83.05,853.00,66.00,0.406,4.169,0.323,banana,fresh
37477408,37065,83.00,853.05,66.10,0.406,4.169,0.323,banana,fresh
37478419,37066,83.05,853.00,66.05,0.406,4.169,0.323,banana,fresh
37479430,37067,83.10,852.95,66.00,0.406,4.169,0.323,banana,fresh
37480441,37068,83.10,853.05,66.10,0.406,4.169,0.323,banana,fresh
37481452,37069,83.10,853.00,66.10,0.406,4.169,0.323,banana,fresh
37482464,37070,83.05,853.05,66.10,0.406,4.169,0.323,banana,fresh
37483474,37071,83.00,853.00,66.15,0.406,4.169,0.323,banana,fresh
37484486,37072,83.00,853.05,66.10,0.406,4.169,0.323,banana,fresh
37485497,37073,83.10,853.00,66.10,0.406,4.169,0.323,banana,fresh
37486508,37074,83.05,853.00,66.20,0.406,4.169,0.324,banana,fresh
37487519,37075,83.00,853.00,66.00,0.406,4.169,0.323,banana,fresh
37488530,37076,83.10,853.00,66.05,0.406,4.169,0.323,banana,fresh
37489542,37077,83.00,853.00,66.05,0.406,4.169,0.323,banana,fresh
37490552,37078,83.00,853.00,66.00,0.406,4.169,0.323,banana,fresh
37491564,37079,83.00,853.00,66.05,0.406,4.169,0.323,banana,fresh
37492575,37080,83.05,853.00,66.05,0.406,4.169,0.323,banana,fresh
37493585,37081,83.05,853.00,66.05,0.406,4.169,0.323,banana,fresh
37494597,37082,83.05,853.00,66.05,0.406,4.169,0.323,banana,fresh
37495608,37083,83.05,853.00,66.00,0.406,4.169,0.323,banana,fresh
37496620,37084,83.00,853.00,66.00,0.406,4.169,0.323,banana,fresh
37497630,37085,83.00,853.00,66.00,0.406,4.169,0.323,banana,fresh
37498642,37086,83.00,853.00,66.15,0.406,4.169,0.323,banana,fresh
37499653,37087,83.10,853.00,66.05,0.406,4.169,0.323,banana,fresh
37500663,37088,83.00,853.00,66.05,0.406,4.169,0.323,banana,fresh
37501675,37089,83.05,853.00,66.05,0.406,4.169,0.323,banana,fresh
37502686,37090,83.00,853.00,66.05,0.406,4.169,0.323,banana,fresh
37503697,37091,83.00,853.00,66.05,0.406,4.169,0.323,banana,fresh
37504708,37092,83.15,853.00,66.00,0.406,4.169,0.323,banana,fresh
37505719,37093,83.10,853.00,66.10,0.406,4.169,0.323,banana,fresh
37506731,37094,83.10,853.00,66.05,0.406,4.169,0.323,banana,fresh
37507741,37095,83.00,853.00,66.00,0.406,4.169,0.323,banana,fresh
37508753,37096,83.05,853.00,66.05,0.406,4.169,0.323,banana,fresh
37509764,37097,83.00,853.00,66.00,0.406,4.169,0.323,banana,fresh
37510775,37098,83.00,853.00,66.10,0.406,4.169,0.323,banana,fresh
37511786,37099,83.00,853.00,66.00,0.406,4.169,0.323,banana,fresh
37512797,37100,83.05,853.00,66.05,0.406,4.169,0.323,banana,fresh
37513808,37101,83.00,853.00,66.05,0.406,4.169,0.323,banana,fresh
37514819,37102,83.00,853.00,66.00,0.406,4.169,0.323,banana,fresh
37515831,37103,83.00,853.00,66.05,0.406,4.169,0.323,banana,fresh
37516841,37104,83.00,853.05,66.00,0.406,4.169,0.323,banana,fresh
37517853,37105,83.00,853.00,66.00,0.406,4.169,0.323,banana,fresh
37518864,37106,83.00,853.00,66.00,0.406,4.169,0.323,banana,fresh
37519875,37107,82.95,853.00,66.00,0.405,4.169,0.323,banana,fresh
37520886,37108,83.00,853.00,66.00,0.406,4.169,0.323,banana,fresh
37521897,37109,83.00,853.00,66.05,0.406,4.169,0.323,banana,fresh
37522909,37110,82.95,852.95,66.00,0.405,4.169,0.323,banana,fresh
37523919,37111,83.05,853.00,66.00,0.406,4.169,0.323,banana,fresh
37524930,37112,82.95,853.00,66.05,0.405,4.169,0.323,banana,fresh
37525942,37113,83.00,853.00,66.05,0.406,4.169,0.323,banana,fresh
37526952,37114,83.00,853.00,66.00,0.406,4.169,0.323,banana,fresh
37527964,37115,83.00,853.00,66.00,0.406,4.169,0.323,banana,fresh
37528975,37116,83.00,853.05,66.00,0.406,4.169,0.323,banana,fresh
37529987,37117,83.05,853.00,66.00,0.406,4.169,0.323,banana,fresh
37530997,37118,83.00,853.00,65.95,0.406,4.169,0.322,banana,fresh
37532008,37119,83.05,853.00,66.05,0.406,4.169,0.323,banana,fresh
37533020,37120,83.00,853.00,66.00,0.406,4.169,0.323,banana,fresh
37534030,37121,83.00,853.05,66.10,0.406,4.169,0.323,banana,fresh
37535042,37122,83.00,852.95,66.00,0.406,4.169,0.323,banana,fresh
37536053,37123,83.00,853.00,66.00,0.406,4.169,0.323,banana,fresh
37537063,37124,83.00,852.95,66.00,0.406,4.169,0.323,banana,fresh
37538075,37125,82.95,853.00,66.00,0.405,4.169,0.323,banana,fresh
37539086,37126,82.95,853.00,66.00,0.405,4.169,0.323,banana,fresh
37540098,37127,83.05,853.00,66.00,0.406,4.169,0.323,banana,fresh
37541108,37128,83.00,853.00,66.00,0.406,4.169,0.323,banana,fresh
37542120,37129,82.90,852.95,66.00,0.405,4.169,0.323,banana,fresh
37543131,37130,83.05,853.00,66.00,0.406,4.169,0.323,banana,fresh
37544141,37131,83.00,853.00,66.00,0.406,4.169,0.323,banana,fresh
37545153,37132,82.90,852.95,66.00,0.405,4.169,0.323,banana,fresh
37546164,37133,83.00,853.05,66.00,0.406,4.169,0.323,banana,fresh
37547175,37134,82.95,853.00,66.00,0.405,4.169,0.323,banana,fresh
37548186,37135,83.05,853.00,66.00,0.406,4.169,0.323,banana,fresh
37549197,37136,83.00,853.05,66.00,0.406,4.169,0.323,banana,fresh
37550209,37137,83.05,853.00,66.00,0.406,4.169,0.323,banana,fresh
37551219,37138,82.95,853.00,66.05,0.405,4.169,0.323,banana,fresh
37552231,37139,83.05,853.00,66.00,0.406,4.169,0.323,banana,fresh
37553242,37140,83.00,853.10,66.00,0.406,4.170,0.323,banana,fresh
37554253,37141,82.95,852.95,66.00,0.405,4.169,0.323,banana,fresh
37555264,37142,83.05,853.00,66.10,0.406,4.169,0.323,banana,fresh
37556275,37143,83.00,853.10,66.00,0.406,4.170,0.323,banana,fresh
37557286,37144,83.00,853.00,66.00,0.406,4.169,0.323,banana,fresh
37558297,37145,83.00,853.00,66.00,0.406,4.169,0.323,banana,fresh
37559309,37146,83.00,853.00,66.00,0.406,4.169,0.323,banana,fresh
37560320,37147,82.95,853.00,66.05,0.405,4.169,0.323,banana,fresh
37561331,37148,83.00,853.00,66.00,0.406,4.169,0.323,banana,fresh
37562342,37149,82.95,853.00,66.00,0.405,4.169,0.323,banana,fresh
37563353,37150,83.00,853.00,66.00,0.406,4.169,0.323,banana,fresh
37564364,37151,83.00,853.00,66.00,0.406,4.169,0.323,banana,fresh
37565375,37152,82.95,853.00,66.05,0.405,4.169,0.323,banana,fresh
37566387,37153,83.00,853.00,66.00,0.406,4.169,0.323,banana,fresh
37567397,37154,83.00,853.00,66.05,0.406,4.169,0.323,banana,fresh
37568408,37155,83.00,852.95,66.00,0.406,4.169,0.323,banana,fresh
37569420,37156,83.00,853.00,66.00,0.406,4.169,0.323,banana,fresh
37570430,37157,83.00,852.95,66.00,0.406,4.169,0.323,banana,fresh
37571442,37158,82.95,852.90,66.00,0.405,4.169,0.323,banana,fresh
37572453,37159,82.95,853.00,66.00,0.405,4.169,0.323,banana,fresh
37573465,37160,82.90,853.00,66.00,0.405,4.169,0.323,banana,fresh
37574475,37161,83.00,852.95,65.95,0.406,4.169,0.322,banana,fresh
37575486,37162,83.00,853.00,65.95,0.406,4.169,0.322,banana,fresh
37576498,37163,82.95,853.00,66.00,0.405,4.169,0.323,banana,fresh
37577508,37164,83.00,853.00,66.00,0.406,4.169,0.323,banana,fresh
37578520,37165,82.90,853.00,66.00,0.405,4.169,0.323,banana,fresh
37579531,37166,82.95,853.00,66.00,0.405,4.169,0.323,banana,fresh
37580541,37167,83.00,852.95,66.00,0.406,4.169,0.323,banana,fresh
37581553,37168,82.90,853.00,66.00,0.405,4.169,0.323,banana,fresh
37582564,37169,82.95,852.95,65.95,0.405,4.169,0.322,banana,fresh
37583576,37170,82.95,853.00,66.00,0.405,4.169,0.323,banana,fresh
37584586,37171,83.00,853.00,66.00,0.406,4.169,0.323,banana,fresh
37585598,37172,82.95,853.00,66.00,0.405,4.169,0.323,banana,fresh
37586609,37173,82.90,853.00,66.00,0.405,4.169,0.323,banana,fresh
37587619,37174,82.85,853.00,66.00,0.405,4.169,0.323,banana,fresh
37588631,37175,82.85,852.95,66.00,0.405,4.169,0.323,banana,fresh
37589642,37176,82.95,853.00,66.00,0.405,4.169,0.323,banana,fresh
37590653,37177,82.90,852.95,66.00,0.405,4.169,0.323,banana,fresh
37591664,37178,82.95,852.95,65.95,0.405,4.169,0.322,banana,fresh
37592676,37179,82.90,853.00,66.00,0.405,4.169,0.323,banana,fresh
37593687,37180,82.95,852.95,66.00,0.405,4.169,0.323,banana,fresh
37594697,37181,83.05,852.85,66.00,0.406,4.168,0.323,banana,fresh
37595709,37182,82.95,853.00,65.90,0.405,4.169,0.322,banana,fresh
37596720,37183,82.95,853.00,65.95,0.405,4.169,0.322,banana,fresh
37597731,37184,82.95,852.95,65.95,0.405,4.169,0.322,banana,fresh
37598742,37185,82.95,852.90,66.00,0.405,4.169,0.323,banana,fresh
37599754,37186,82.90,852.90,66.00,0.405,4.169,0.323,banana,fresh
37600764,37187,82.95,852.90,65.95,0.405,4.169,0.322,banana,fresh
37601775,37188,82.95,852.90,65.95,0.405,4.169,0.322,banana,fresh
37602787,37189,82.95,853.00,65.95,0.405,4.169,0.322,banana,fresh
37603798,37190,83.00,852.95,66.00,0.406,4.169,0.323,banana,fresh
37604809,37191,82.95,852.90,65.95,0.405,4.169,0.322,banana,fresh
37605820,37192,82.85,853.00,66.00,0.405,4.169,0.323,banana,fresh
37606832,37193,82.85,852.90,65.95,0.405,4.169,0.322,banana,fresh
37607842,37194,82.90,853.00,66.00,0.405,4.169,0.323,banana,fresh
37608853,37195,83.00,853.00,66.00,0.406,4.169,0.323,banana,fresh
37609865,37196,82.95,853.00,66.00,0.405,4.169,0.323,banana,fresh
37610875,37197,83.00,852.95,65.95,0.406,4.169,0.322,banana,fresh
37611887,37198,82.85,853.00,66.00,0.405,4.169,0.323,banana,fresh
37612898,37199,82.95,852.95,66.00,0.405,4.169,0.323,banana,fresh
37613910,37200,82.95,852.90,66.00,0.405,4.169,0.323,banana,fresh
37614920,37201,83.00,853.00,65.90,0.406,4.169,0.322,banana,fresh
37615931,37202,82.90,852.90,65.95,0.405,4.169,0.322,banana,fresh
37616943,37203,82.95,852.95,65.95,0.405,4.169,0.322,banana,fresh
37617953,37204,83.00,852.85,66.00,0.406,4.168,0.323,banana,fresh
37618965,37205,82.90,852.85,65.95,0.405,4.168,0.322,banana,fresh
37619976,37206,82.95,852.85,65.95,0.405,4.168,0.322,banana,fresh
37620987,37207,82.90,852.95,66.00,0.405,4.169,0.323,banana,fresh
37621998,37208,82.95,852.90,65.95,0.405,4.169,0.322,banana,fresh
37623009,37209,82.85,852.90,66.00,0.405,4.169,0.323,banana,fresh
37624020,37210,82.95,853.00,66.00,0.405,4.169,0.323,banana,fresh
37625031,37211,83.00,852.90,65.95,0.406,4.169,0.322,banana,fresh
37626043,37212,82.85,852.90,65.95,0.405,4.169,0.322,banana,fresh
37627054,37213,82.90,852.85,66.00,0.405,4.168,0.323,banana,fresh
37628065,37214,82.95,852.95,65.95,0.405,4.169,0.322,banana,fresh
37629076,37215,82.95,852.95,66.00,0.405,4.169,0.323,banana,fresh
37630087,37216,82.95,852.90,66.00,0.405,4.169,0.323,banana,fresh
37631098,37217,82.95,852.90,65.95,0.405,4.169,0.322,banana,fresh
37632109,37218,82.80,852.85,65.95,0.405,4.168,0.322,banana,fresh
37633121,37219,82.80,852.90,65.90,0.405,4.169,0.322,banana,fresh
37634131,37220,82.80,853.00,65.90,0.405,4.169,0.322,banana,fresh
37635143,37221,82.90,852.85,65.90,0.405,4.168,0.322,banana,fresh
37636154,37222,82.95,852.85,66.00,0.405,4.168,0.323,banana,fresh
37637165,37223,82.65,852.85,65.90,0.404,4.168,0.322,banana,fresh
37638176,37224,82.70,852.75,65.90,0.404,4.168,0.322,banana,fresh
37639187,37225,82.80,852.95,65.90,0.405,4.169,0.322,banana,fresh
37640199,37226,82.85,852.85,65.90,0.405,4.168,0.322,banana,fresh
37641209,37227,82.90,852.85,65.95,0.405,4.168,0.322,banana,fresh
37642221,37228,82.90,852.90,66.00,0.405,4.169,0.323,banana,fresh
37643232,37229,82.80,852.75,65.95,0.405,4.168,0.322,banana,fresh
37644243,37230,82.80,852.80,66.00,0.405,4.168,0.323,banana,fresh
37645254,37231,82.90,852.75,66.00,0.405,4.168,0.323,banana,fresh
37646265,37232,82.85,852.75,65.95,0.405,4.168,0.322,banana,fresh
37647277,37233,82.85,852.90,65.85,0.405,4.169,0.322,banana,fresh
37648287,37234,82.75,852.80,66.00,0.404,4.168,0.323,banana,fresh
37649299,37235,82.80,852.70,65.85,0.405,4.168,0.322,banana,fresh
37650310,37236,82.75,852.95,65.90,0.404,4.169,0.322,banana,fresh
37651321,37237,82.70,852.95,65.90,0.404,4.169,0.322,banana,fresh
37652332,37238,82.85,852.80,65.85,0.405,4.168,0.322,banana,fresh
37653343,37239,82.65,852.85,65.90,0.404,4.168,0.322,banana,fresh
37654354,37240,82.90,852.90,65.95,0.405,4.169,0.322,banana,fresh
37655365,37241,82.75,852.65,65.85,0.404,4.167,0.322,banana,fresh
37656377,37242,82.90,852.85,66.00,0.405,4.168,0.323,banana,fresh
37657388,37243,82.70,852.95,65.80,0.404,4.169,0.322,banana,fresh
37658399,37244,82.80,852.80,66.00,0.405,4.168,0.323,banana,fresh
37659410,37245,82.80,852.90,65.80,0.405,4.169,0.322,banana,fresh
37660421,37246,82.95,852.80,65.95,0.405,4.168,0.322,banana,fresh
37661432,37247,82.75,852.90,65.95,0.404,4.169,0.322,banana,fresh
37662443,37248,82.55,852.85,65.85,0.403,4.168,0.322,banana,fresh
37663455,37249,82.75,852.75,65.75,0.404,4.168,0.321,banana,fresh
37664465,37250,82.85,852.80,65.80,0.405,4.168,0.322,banana,fresh
37665477,37251,82.85,852.90,65.90,0.405,4.169,0.322,banana,fresh
37666488,37252,82.85,852.70,65.90,0.405,4.168,0.322,banana,fresh
37667499,37253,82.90,852.90,65.85,0.405,4.169,0.322,banana,fresh
37668510,37254,82.80,852.95,65.80,0.405,4.169,0.322,banana,fresh
37669521,37255,82.95,852.90,65.90,0.405,4.169,0.322,banana,fresh
37670533,37256,82.85,852.65,65.75,0.405,4.167,0.321,banana,fresh
37671543,37257,82.80,852.80,65.85,0.405,4.168,0.322,banana,fresh
37672555,37258,82.80,852.80,65.90,0.405,4.168,0.322,banana,fresh
37673566,37259,82.85,852.65,65.75,0.405,4.167,0.321,banana,fresh
37674577,37260,82.65,852.70,65.90,0.404,4.168,0.322,banana,fresh
37675588,37261,82.80,852.65,65.80,0.405,4.167,0.322,banana,fresh
37676599,37262,82.90,852.80,65.75,0.405,4.168,0.321,banana,fresh
37677611,37263,82.75,852.80,65.90,0.404,4.168,0.322,banana,fresh
37678621,37264,82.85,852.55,65.85,0.405,4.167,0.322,banana,fresh
37679633,37265,82.80,852.75,65.75,0.405,4.168,0.321,banana,fresh
37680644,37266,82.90,852.85,65.85,0.405,4.168,0.322,banana,fresh
37681655,37267,82.65,852.80,65.90,0.404,4.168,0.322,banana,fresh
37682666,37268,82.75,852.70,66.00,0.404,4.168,0.323,banana,fresh
37683677,37269,82.90,852.75,65.90,0.405,4.168,0.322,banana,fresh
37684688,37270,82.75,852.75,66.00,0.404,4.168,0.323,banana,fresh
37685699,37271,82.70,852.80,65.85,0.404,4.168,0.322,banana,fresh
37686711,37272,82.75,852.65,65.75,0.404,4.167,0.321,banana,fresh
37687721,37273,82.65,852.70,65.95,0.404,4.168,0.322,banana,fresh
37688733,37274,82.70,852.85,65.85,0.404,4.168,0.322,banana,fresh
37689744,37275,82.85,852.80,65.85,0.405,4.168,0.322,banana,fresh
37690755,37276,82.80,852.70,65.85,0.405,4.168,0.322,banana,fresh
37691766,37277,82.65,852.60,65.55,0.404,4.167,0.320,banana,fresh
37692777,37278,82.70,852.85,65.80,0.404,4.168,0.322,banana,fresh
37693789,37279,82.75,852.70,65.80,0.404,4.168,0.322,banana,fresh
37694799,37280,82.70,852.80,65.75,0.404,4.168,0.321,banana,fresh
37695811,37281,82.65,852.75,65.85,0.404,4.168,0.322,banana,fresh
37696822,37282,82.85,852.75,65.95,0.405,4.168,0.322,banana,fresh
37697833,37283,82.75,852.65,66.00,0.404,4.167,0.323,banana,fresh
37698844,37284,82.70,852.70,65.75,0.404,4.168,0.321,banana,fresh
37699855,37285,82.75,852.65,65.90,0.404,4.167,0.322,banana,fresh
37700867,37286,82.65,852.65,65.90,0.404,4.167,0.322,banana,fresh
37701877,37287,82.75,852.80,65.85,0.404,4.168,0.322,banana,fresh
37702889,37288,82.60,852.75,65.70,0.404,4.168,0.321,banana,fresh
37703900,37289,82.85,852.60,65.80,0.405,4.167,0.322,banana,fresh
37704911,37290,82.50,852.80,65.75,0.403,4.168,0.321,banana,fresh
37705922,37291,82.70,852.80,65.90,0.404,4.168,0.322,banana,fresh
37706933,37292,82.70,852.65,65.75,0.404,4.167,0.321,banana,fresh
37707944,37293,82.65,852.80,65.75,0.404,4.168,0.321,banana,fresh
37708955,37294,82.60,852.55,65.75,0.404,4.167,0.321,banana,fresh
37709967,37295,82.60,852.65,65.65,0.404,4.167,0.321,banana,fresh
37710978,37296,82.55,852.75,65.80,0.403,4.168,0.322,banana,fresh
37711989,37297,82.60,852.65,65.60,0.404,4.167,0.321,banana,fresh
37713000,37298,82.60,852.65,65.60,0.404,4.167,0.321,banana,fresh
37714011,37299,82.70,852.55,65.85,0.404,4.167,0.322,banana,fresh
37715022,37300,82.55,852.85,65.85,0.403,4.168,0.322,banana,fresh
37716033,37301,82.75,852.80,65.65,0.404,4.168,0.321,banana,fresh
37717045,37302,82.55,852.55,65.65,0.403,4.167,0.321,banana,fresh
37718055,37303,82.70,852.75,65.75,0.404,4.168,0.321,banana,fresh
37719067,37304,82.55,852.60,65.70,0.403,4.167,0.321,banana,fresh
37720078,37305,82.70,852.70,65.65,0.404,4.168,0.321,banana,fresh
37721090,37306,82.60,852.85,65.55,0.404,4.168,0.320,banana,fresh
37722100,37307,82.65,852.70,65.80,0.404,4.168,0.322,banana,fresh
37723111,37308,82.60,852.65,65.80,0.404,4.167,0.322,banana,fresh
37724123,37309,82.45,852.75,65.75,0.403,4.168,0.321,banana,fresh
37725133,37310,82.65,852.75,65.65,0.404,4.168,0.321,banana,fresh
37726145,37311,82.65,852.70,65.85,0.404,4.168,0.322,banana,fresh
37727156,37312,82.65,852.55,65.70,0.404,4.167,0.321,banana,fresh
37728167,37313,82.65,852.60,65.80,0.404,4.167,0.322,banana,fresh
37729178,37314,82.60,852.75,65.75,0.404,4.168,0.321,banana,fresh
37730189,37315,82.50,852.85,65.75,0.403,4.168,0.321,banana,fresh
37731201,37316,82.45,852.75,65.80,0.403,4.168,0.322,banana,fresh
37732211,37317,82.40,852.60,65.60,0.403,4.167,0.321,banana,fresh
37733223,37318,82.30,852.60,65.75,0.402,4.167,0.321,banana,fresh
37734234,37319,82.60,852.75,65.75,0.404,4.168,0.321,banana,fresh
37735245,37320,82.45,852.75,65.70,0.403,4.168,0.321,banana,fresh
37736256,37321,82.60,852.65,65.80,0.404,4.167,0.322,banana,fresh
37737267,37322,82.50,852.50,65.65,0.403,4.167,0.321,banana,fresh
37738278,37323,82.70,852.65,65.75,0.404,4.167,0.321,banana,fresh
37739289,37324,82.70,852.75,65.70,0.404,4.168,0.321,banana,fresh
37740301,37325,82.40,852.65,65.90,0.403,4.167,0.322,banana,fresh
37741312,37326,82.25,852.55,65.85,0.402,4.167,0.322,banana,fresh
37742323,37327,82.40,852.45,65.70,0.403,4.166,0.321,banana,fresh
37743334,37328,82.60,852.65,65.50,0.404,4.167,0.320,banana,fresh
37744346,37329,82.40,852.65,65.70,0.403,4.167,0.321,banana,fresh
37745356,37330,82.45,852.70,65.65,0.403,4.168,0.321,banana,fresh
37746367,37331,82.40,852.65,65.75,0.403,4.167,0.321,banana,fresh
37747379,37332,82.70,852.60,65.60,0.404,4.167,0.321,banana,fresh
37748389,37333,82.50,852.50,65.85,0.403,4.167,0.322,banana,fresh
37749401,37334,82.60,852.60,65.65,0.404,4.167,0.321,banana,fresh
37750412,37335,82.45,852.80,65.65,0.403,4.168,0.321,banana,fresh
37751424,37336,82.35,852.55,65.70,0.402,4.167,0.321,banana,fresh
37752434,37337,82.45,852.55,65.65,0.403,4.167,0.321,banana,fresh
37753445,37338,82.50,852.60,65.55,0.403,4.167,0.320,banana,fresh
37754457,37339,82.35,852.55,65.55,0.402,4.167,0.320,banana,fresh
37755467,37340,82.60,852.65,65.65,0.404,4.167,0.321,banana,fresh
37756479,37341,82.20,852.65,65.60,0.402,4.167,0.321,banana,fresh
37757490,37342,82.55,852.50,65.70,0.403,4.167,0.321,banana,fresh
37758501,37343,82.55,852.40,65.40,0.403,4.166,0.320,banana,fresh
37759512,37344,82.55,852.35,65.75,0.403,4.166,0.321,banana,fresh
37760524,37345,82.60,852.45,65.60,0.404,4.166,0.321,banana,fresh
37761534,37346,82.45,852.60,65.65,0.403,4.167,0.321,banana,fresh
37762545,37347,82.45,852.60,65.45,0.403,4.167,0.320,banana,fresh
37763557,37348,82.50,852.60,65.80,0.403,4.167,0.322,banana,fresh
37764568,37349,82.60,852.50,65.65,0.404,4.167,0.321,banana,fresh
37765579,37350,82.35,852.60,65.65,0.402,4.167,0.321,banana,fresh
37766590,37351,82.50,852.65,65.55,0.403,4.167,0.320,banana,fresh
37767602,37352,82.25,852.50,65.50,0.402,4.167,0.320,banana,fresh
37768612,37353,82.65,852.50,65.70,0.404,4.167,0.321,banana,fresh
37769623,37354,82.30,852.65,65.75,0.402,4.167,0.321,banana,fresh
37770635,37355,82.45,852.65,65.80,0.403,4.167,0.322,banana,fresh
37771645,37356,82.40,852.55,65.45,0.403,4.167,0.320,banana,fresh
37772657,37357,82.65,852.65,65.65,0.404,4.167,0.321,banana,fresh
37773668,37358,82.35,852.55,65.35,0.402,4.167,0.319,banana,fresh
37774680,37359,82.45,852.50,65.65,0.403,4.167,0.321,banana,fresh
37775690,37360,82.55,852.85,65.40,0.403,4.168,0.320,banana,fresh
37776701,37361,82.35,852.55,65.55,0.402,4.167,0.320,banana,fresh
37777713,37362,82.50,852.75,65.65,0.403,4.168,0.321,banana,fresh
37778723,37363,82.50,852.65,65.45,0.403,4.167,0.320,banana,fresh
37779735,37364,82.30,852.40,65.35,0.402,4.166,0.319,banana,fresh
37780746,37365,82.45,852.60,65.70,0.403,4.167,0.321,banana,fresh
37781757,37366,82.40,852.35,65.70,0.403,4.166,0.321,banana,fresh
37782768,37367,82.25,852.55,65.60,0.402,4.167,0.321,banana,fresh
37783780,37368,82.30,852.55,65.45,0.402,4.167,0.320,banana,fresh
37784791,37369,82.30,852.45,65.60,0.402,4.166,0.321,banana,fresh
37785801,37370,82.40,852.60,65.50,0.403,4.167,0.320,banana,fresh
37786813,37371,82.20,852.40,65.80,0.402,4.166,0.322,banana,fresh
37787824,37372,82.40,852.40,65.65,0.403,4.166,0.321,banana,fresh
37788835,37373,82.55,852.60,65.45,0.403,4.167,0.320,banana,fresh
37789846,37374,82.35,852.70,65.45,0.402,4.168,0.320,banana,fresh
37790858,37375,82.30,852.55,65.70,0.402,4.167,0.321,banana,fresh
37791868,37376,82.30,852.50,65.55,0.402,4.167,0.320,banana,fresh
37792879,37377,82.50,852.55,65.35,0.403,4.167,0.319,banana,fresh
37793891,37378,82.30,852.45,65.45,0.402,4.166,0.320,banana,fresh
37794902,37379,82.35,852.40,65.30,0.402,4.166,0.319,banana,fresh
37795913,37380,82.20,852.55,65.50,0.402,4.167,0.320,banana,fresh
37796924,37381,82.45,852.65,65.50,0.403,4.167,0.320,banana,fresh
37797936,37382,82.40,852.50,65.40,0.403,4.167,0.320,banana,fresh
37798946,37383,82.35,852.50,65.40,0.402,4.167,0.320,banana,fresh
37799958,37384,82.40,852.40,65.60,0.403,4.166,0.321,banana,fresh
37800969,37385,82.40,852.65,65.45,0.403,4.167,0.320,banana,fresh
37801979,37386,82.40,852.35,65.40,0.403,4.166,0.320,banana,fresh
37802991,37387,82.30,852.55,65.35,0.402,4.167,0.319,banana,fresh
37804002,37388,82.35,852.50,65.60,0.402,4.167,0.321,banana,fresh
37805014,37389,82.30,852.45,65.25,0.402,4.166,0.319,banana,fresh
37806024,37390,82.45,852.65,65.35,0.403,4.167,0.319,banana,fresh
37807036,37391,82.35,852.50,65.60,0.402,4.167,0.321,banana,fresh
37808047,37392,82.15,852.40,65.60,0.402,4.166,0.321,banana,fresh
37809057,37393,82.35,852.55,65.45,0.402,4.167,0.320,banana,fresh
37810069,37394,82.15,852.40,65.50,0.402,4.166,0.320,banana,fresh
37811080,37395,82.30,852.25,65.50,0.402,4.165,0.320,banana,fresh
37812091,37396,82.40,852.50,65.45,0.403,4.167,0.320,banana,fresh
37813102,37397,82.45,852.55,65.70,0.403,4.167,0.321,banana,fresh
37814114,37398,82.35,852.60,65.45,0.402,4.167,0.320,banana,fresh
37815124,37399,82.45,852.45,65.55,0.403,4.166,0.320,banana,fresh
37816135,37400,82.40,852.35,65.35,0.403,4.166,0.319,banana,fresh
37817147,37401,82.35,852.50,65.40,0.402,4.167,0.320,banana,fresh
37818158,37402,82.25,852.30,65.45,0.402,4.166,0.320,banana,fresh
37819169,37403,82.40,852.50,65.20,0.403,4.167,0.319,banana,fresh
37820180,37404,82.35,852.50,65.35,0.402,4.167,0.319,banana,fresh
37821192,37405,82.15,852.60,65.35,0.402,4.167,0.319,banana,fresh
37822202,37406,82.25,852.45,65.50,0.402,4.166,0.320,banana,fresh
37823213,37407,82.25,852.40,65.55,0.402,4.166,0.320,banana,fresh
37824225,37408,82.40,852.65,65.35,0.403,4.167,0.319,banana,fresh
37825235,37409,82.55,852.45,65.35,0.403,4.166,0.319,banana,fresh
37826247,37410,82.25,852.35,65.45,0.402,4.166,0.320,banana,fresh
37827258,37411,82.35,852.60,65.35,0.402,4.167,0.319,banana,fresh
37828270,37412,82.35,852.25,65.40,0.402,4.165,0.320,banana,fresh
37829280,37413,82.40,852.55,65.40,0.403,4.167,0.320,banana,fresh
37830292,37414,82.20,852.45,65.35,0.402,4.166,0.319,banana,fresh
37831303,37415,82.40,852.40,65.30,0.403,4.166,0.319,banana,fresh
37832313,37416,82.15,852.35,65.40,0.402,4.166,0.320,banana,fresh
37833325,37417,82.40,852.70,65.40,0.403,4.168,0.320,banana,fresh
37834336,37418,82.40,852.30,65.25,0.403,4.166,0.319,banana,fresh
37835347,37419,82.35,852.70,65.50,0.402,4.168,0.320,banana,fresh
37836358,37420,82.35,852.25,65.55,0.402,4.165,0.320,banana,fresh
37837370,37421,82.10,852.45,65.60,0.401,4.166,0.321,banana,fresh
37838381,37422,82.30,852.30,65.25,0.402,4.166,0.319,banana,fresh
37839391,37423,82.25,852.45,65.35,0.402,4.166,0.319,banana,fresh
37840403,37424,82.20,852.55,65.45,0.402,4.167,0.320,banana,fresh
37841414,37425,82.25,852.40,65.35,0.402,4.166,0.319,banana,fresh
37842425,37426,82.25,852.55,65.25,0.402,4.167,0.319,banana,fresh
37843436,37427,82.20,852.45,65.40,0.402,4.166,0.320,banana,fresh
37844448,37428,82.15,852.35,65.40,0.402,4.166,0.320,banana,fresh
37845458,37429,82.30,852.60,65.30,0.402,4.167,0.319,banana,fresh
37846470,37430,82.20,852.65,65.35,0.402,4.167,0.319,banana,fresh
37847481,37431,82.25,852.50,65.35,0.402,4.167,0.319,banana,fresh
37848492,37432,82.40,852.60,65.40,0.403,4.167,0.320,banana,fresh
37849503,37433,82.25,852.40,65.35,0.402,4.166,0.319,banana,fresh
37850514,37434,82.50,852.50,65.30,0.403,4.167,0.319,banana,fresh
37851526,37435,82.30,852.60,65.40,0.402,4.167,0.320,banana,fresh
37852536,37436,82.20,852.40,65.25,0.402,4.166,0.319,banana,fresh
37853548,37437,82.30,852.60,65.35,0.402,4.167,0.319,banana,fresh
37854559,37438,82.15,852.60,65.40,0.402,4.167,0.320,banana,fresh
37855569,37439,82.20,852.55,65.45,0.402,4.167,0.320,banana,fresh
37856581,37440,82.15,852.45,65.50,0.402,4.166,0.320,banana,fresh
37857592,37441,82.15,852.35,65.20,0.402,4.166,0.319,banana,fresh
37858604,37442,82.05,852.50,65.50,0.401,4.167,0.320,banana,fresh
37859614,37443,82.05,852.60,65.35,0.401,4.167,0.319,banana,fresh
37860626,37444,82.25,852.55,65.40,0.402,4.167,0.320,banana,fresh
37861637,37445,82.30,852.30,65.30,0.402,4.166,0.319,banana,fresh
37862647,37446,82.20,852.35,65.40,0.402,4.166,0.320,banana,fresh
37863659,37447,82.20,852.60,65.40,0.402,4.167,0.320,banana,fresh
37864670,37448,82.25,852.50,65.30,0.402,4.167,0.319,banana,fresh
37865681,37449,82.25,852.45,65.20,0.402,4.166,0.319,banana,fresh
37866692,37450,82.10,852.55,65.40,0.401,4.167,0.320,banana,fresh
37867704,37451,82.20,852.55,65.25,0.402,4.167,0.319,banana,fresh
37868715,37452,82.25,852.65,65.45,0.402,4.167,0.320,banana,fresh
37869726,37453,82.10,852.35,65.35,0.401,4.166,0.319,banana,fresh
37870737,37454,82.10,852.45,65.20,0.401,4.166,0.319,banana,fresh
37871748,37455,82.30,852.50,65.35,0.402,4.167,0.319,banana,fresh
37872759,37456,82.10,852.55,65.25,0.401,4.167,0.319,banana,fresh
37873770,37457,82.30,852.50,65.25,0.402,4.167,0.319,banana,fresh
37874782,37458,82.10,852.70,65.25,0.401,4.168,0.319,banana,fresh
37875792,37459,82.25,852.30,65.10,0.402,4.166,0.318,banana,fresh
37876804,37460,82.15,852.35,65.20,0.402,4.166,0.319,banana,fresh
37877815,37461,82.30,852.60,65.15,0.402,4.167,0.318,banana,fresh
37878825,37462,82.20,852.50,65.15,0.402,4.167,0.318,banana,fresh
37879837,37463,82.15,852.60,65.35,0.402,4.167,0.319,banana,fresh
37880848,37464,82.20,852.50,65.30,0.402,4.167,0.319,banana,fresh
37881860,37465,82.30,852.35,65.15,0.402,4.166,0.318,banana,fresh
37882870,37466,82.25,852.70,65.40,0.402,4.168,0.320,banana,fresh
37883882,37467,82.20,852.60,65.40,0.402,4.167,0.320,banana,fresh
37884893,37468,82.10,852.55,65.25,0.401,4.167,0.319,banana,fresh
37885904,37469,82.10,852.45,65.05,0.401,4.166,0.318,banana,fresh
37886915,37470,82.15,852.55,65.20,0.402,4.167,0.319,banana,fresh
37887926,37471,82.00,852.60,65.30,0.401,4.167,0.319,banana,fresh
37888937,37472,82.15,852.35,65.50,0.402,4.166,0.320,banana,fresh
37889948,37473,82.15,852.40,65.30,0.402,4.166,0.319,banana,fresh
37890960,37474,82.25,852.50,65.10,0.402,4.167,0.318,banana,fresh
37891971,37475,82.15,852.50,65.25,0.402,4.167,0.319,banana,fresh
37892982,37476,82.15,852.65,65.30,0.402,4.167,0.319,banana,fresh
37893993,37477,82.15,852.30,65.10,0.402,4.166,0.318,banana,fresh
37895005,37478,82.05,852.50,65.35,0.401,4.167,0.319,banana,fresh
37896015,37479,82.25,852.40,65.25,0.402,4.166,0.319,banana,fresh
37897026,37480,82.20,852.60,65.15,0.402,4.167,0.318,banana,fresh
37898038,37481,82.50,852.65,65.30,0.403,4.167,0.319,banana,fresh
37899048,37482,82.10,852.55,65.25,0.401,4.167,0.319,banana,fresh
37900060,37483,82.10,852.70,65.20,0.401,4.168,0.319,banana,fresh
37901071,37484,82.25,852.60,65.25,0.402,4.167,0.319,banana,fresh
37902083,37485,82.40,852.40,65.25,0.403,4.166,0.319,banana,fresh
37903093,37486,82.20,852.60,65.30,0.402,4.167,0.319,banana,fresh
37904104,37487,82.30,852.50,65.40,0.402,4.167,0.320,banana,fresh
37905116,37488,82.15,852.40,65.20,0.402,4.166,0.319,banana,fresh
37906126,37489,82.25,852.55,65.25,0.402,4.167,0.319,banana,fresh
37907138,37490,82.20,852.40,65.15,0.402,4.166,0.318,banana,fresh
37908149,37491,82.15,852.65,65.35,0.402,4.167,0.319,banana,fresh
37909160,37492,82.10,852.40,65.45,0.401,4.166,0.320,banana,fresh
37910171,37493,82.25,852.45,65.25,0.402,4.166,0.319,banana,fresh
37911183,37494,82.05,852.65,65.55,0.401,4.167,0.320,banana,fresh
37912194,37495,82.05,852.40,65.35,0.401,4.166,0.319,banana,fresh
37913204,37496,82.10,852.65,65.45,0.401,4.167,0.320,banana,fresh
37914216,37497,82.15,852.80,65.35,0.402,4.168,0.319,banana,fresh
37915227,37498,82.25,852.55,65.15,0.402,4.167,0.318,banana,fresh
37916238,37499,82.20,852.80,65.35,0.402,4.168,0.319,banana,fresh
37917249,37500,82.25,852.65,65.45,0.402,4.167,0.320,banana,fresh
37918261,37501,82.15,852.40,65.20,0.402,4.166,0.319,banana,fresh
37919271,37502,82.15,852.55,65.10,0.402,4.167,0.318,banana,fresh
37920282,37503,82.10,852.40,65.25,0.401,4.166,0.319,banana,fresh
37921294,37504,82.25,852.55,65.20,0.402,4.167,0.319,banana,fresh
37922305,37505,82.05,852.65,65.35,0.401,4.167,0.319,banana,fresh
37923316,37506,82.10,852.55,65.15,0.401,4.167,0.318,banana,fresh
37924327,37507,82.25,852.55,65.25,0.402,4.167,0.319,banana,fresh
37925339,37508,82.05,852.45,65.25,0.401,4.166,0.319,banana,fresh
37926349,37509,82.05,852.65,65.20,0.401,4.167,0.319,banana,fresh
37927361,37510,82.15,852.45,65.05,0.402,4.166,0.318,banana,fresh
37928372,37511,82.25,852.45,65.25,0.402,4.166,0.319,banana,fresh
37929382,37512,82.10,852.50,65.35,0.401,4.167,0.319,banana,fresh
37930394,37513,82.10,852.70,65.05,0.401,4.168,0.318,banana,fresh
37931405,37514,82.10,852.55,65.25,0.401,4.167,0.319,banana,fresh
37932417,37515,82.05,852.70,65.10,0.401,4.168,0.318,banana,fresh
37933427,37516,82.20,852.35,65.15,0.402,4.166,0.318,banana,fresh
37934439,37517,82.15,852.45,65.20,0.402,4.166,0.319,banana,fresh
37935450,37518,82.05,852.70,65.35,0.401,4.168,0.319,banana,fresh
37936461,37519,82.15,852.45,65.35,0.402,4.166,0.319,banana,fresh
37937472,37520,82.15,852.45,65.25,0.402,4.166,0.319,banana,fresh
37938483,37521,82.05,852.50,65.20,0.401,4.167,0.319,banana,fresh
37939494,37522,82.05,852.65,65.00,0.401,4.167,0.318,banana,fresh
37940505,37523,82.20,852.65,65.25,0.402,4.167,0.319,banana,fresh
37941517,37524,82.15,852.65,65.30,0.402,4.167,0.319,banana,fresh
37942528,37525,82.10,852.30,65.25,0.401,4.166,0.319,banana,fresh
37943539,37526,82.05,852.70,65.25,0.401,4.168,0.319,banana,fresh
37944550,37527,82.20,852.65,65.20,0.402,4.167,0.319,banana,fresh
37945561,37528,82.15,852.70,65.25,0.402,4.168,0.319,banana,fresh
37946572,37529,82.10,852.55,65.10,0.401,4.167,0.318,banana,fresh
37947583,37530,82.15,852.60,65.30,0.402,4.167,0.319,banana,fresh
37948595,37531,82.15,852.50,65.25,0.402,4.167,0.319,banana,fresh
37949605,37532,82.25,852.55,65.20,0.402,4.167,0.319,banana,fresh
37950617,37533,82.20,852.45,65.30,0.402,4.166,0.319,banana,fresh
37951628,37534,82.05,852.50,65.25,0.401,4.167,0.319,banana,fresh
37952638,37535,82.15,852.65,65.25,0.402,4.167,0.319,banana,fresh
37953650,37536,82.05,852.60,65.15,0.401,4.167,0.318,banana,fresh
37954661,37537,82.35,852.55,65.15,0.402,4.167,0.318,banana,fresh
37955673,37538,82.20,852.45,65.10,0.402,4.166,0.318,banana,fresh
37956683,37539,82.10,852.60,65.20,0.401,4.167,0.319,banana,fresh
37957695,37540,82.20,852.80,65.00,0.402,4.168,0.318,banana,fresh
37958706,37541,82.10,852.40,65.25,0.401,4.166,0.319,banana,fresh
37959717,37542,82.15,852.60,65.05,0.402,4.167,0.318,banana,fresh
37960728,37543,82.10,852.60,65.35,0.401,4.167,0.319,banana,fresh
37961739,37544,82.10,852.65,65.15,0.401,4.167,0.318,banana,fresh
37962750,37545,82.05,852.65,65.20,0.401,4.167,0.319,banana,fresh
37963761,37546,82.20,852.60,65.20,0.402,4.167,0.319,banana,fresh
37964773,37547,82.15,852.70,65.30,0.402,4.168,0.319,banana,fresh
37965784,37548,82.05,852.65,65.25,0.401,4.167,0.319,banana,fresh
37966795,37549,82.10,852.65,65.15,0.401,4.167,0.318,banana,fresh
37967806,37550,82.15,852.70,65.40,0.402,4.168,0.320,banana,fresh
37968817,37551,82.15,852.65,65.15,0.402,4.167,0.318,banana,fresh
37969828,37552,82.00,852.65,65.25,0.401,4.167,0.319,banana,fresh
37970839,37553,82.15,852.80,65.10,0.402,4.168,0.318,banana,fresh
37971851,37554,82.30,852.65,65.15,0.402,4.167,0.318,banana,fresh
37972861,37555,82.25,852.60,65.15,0.402,4.167,0.318,banana,fresh
37973873,37556,82.30,852.70,65.20,0.402,4.168,0.319,banana,fresh
37974884,37557,82.05,852.75,65.30,0.401,4.168,0.319,banana,fresh
37975896,37558,82.10,852.70,65.40,0.401,4.168,0.320,banana,fresh
37976906,37559,82.10,852.60,65.15,0.401,4.167,0.318,banana,fresh
37977917,37560,82.00,852.65,65.15,0.401,4.167,0.318,banana,fresh
37978929,37561,82.10,852.75,65.20,0.401,4.168,0.319,banana,fresh
37979939,37562,82.20,852.65,65.35,0.402,4.167,0.319,banana,fresh
37980951,37563,82.10,852.70,65.10,0.401,4.168,0.318,banana,fresh
37981962,37564,82.05,852.70,65.20,0.401,4.168,0.319,banana,fresh
37982973,37565,82.15,852.70,65.00,0.402,4.168,0.318,banana,fresh
37983984,37566,82.10,852.65,65.20,0.401,4.167,0.319,banana,fresh
37984996,37567,82.10,852.60,65.30,0.401,4.167,0.319,banana,fresh
37986007,37568,82.10,852.75,65.10,0.401,4.168,0.318,banana,fresh
37987017,37569,82.20,852.65,65.35,0.402,4.167,0.319,banana,fresh
37988029,37570,82.15,852.65,65.15,0.402,4.167,0.318,banana,fresh
37989040,37571,82.05,852.85,65.20,0.401,4.168,0.319,banana,fresh
37990051,37572,82.10,852.65,65.20,0.401,4.167,0.319,banana,fresh
37991062,37573,82.15,852.60,65.35,0.402,4.167,0.319,banana,fresh
37992074,37574,82.05,852.70,65.25,0.401,4.168,0.319,banana,fresh
37993084,37575,82.05,852.55,65.25,0.401,4.167,0.319,banana,fresh
37994095,37576,82.05,852.80,65.15,0.401,4.168,0.318,banana,fresh
37995107,37577,82.05,852.60,65.20,0.401,4.167,0.319,banana,fresh
37996118,37578,82.10,852.70,65.15,0.401,4.168,0.318,banana,fresh
37997129,37579,82.20,852.90,65.10,0.402,4.169,0.318,banana,fresh
37998140,37580,82.10,852.65,65.15,0.401,4.167,0.318,banana,fresh
37999152,37581,82.10,852.60,65.10,0.401,4.167,0.318,banana,fresh
38000162,37582,82.05,852.75,65.15,0.401,4.168,0.318,banana,fresh
38001173,37583,82.10,852.60,65.15,0.401,4.167,0.318,banana,fresh
38002185,37584,82.25,852.45,65.05,0.402,4.166,0.318,banana,fresh
38003195,37585,82.05,852.50,65.15,0.401,4.167,0.318,banana,fresh
38004207,37586,82.25,852.75,65.10,0.402,4.168,0.318,banana,fresh
38005218,37587,82.05,852.60,65.10,0.401,4.167,0.318,banana,fresh
38006230,37588,82.10,852.65,65.00,0.401,4.167,0.318,banana,fresh
38007240,37589,82.10,852.80,65.15,0.401,4.168,0.318,banana,fresh
38008252,37590,82.05,852.55,65.10,0.401,4.167,0.318,banana,fresh
38009263,37591,82.10,852.65,65.10,0.401,4.167,0.318,banana,fresh
38010273,37592,82.00,852.80,65.10,0.401,4.168,0.318,banana,fresh
38011285,37593,82.00,852.70,65.20,0.401,4.168,0.319,banana,fresh
38012296,37594,82.05,852.55,65.20,0.401,4.167,0.319,banana,fresh
38013307,37595,82.05,852.60,65.20,0.401,4.167,0.319,banana,fresh
38014318,37596,82.10,852.70,65.30,0.401,4.168,0.319,banana,fresh
38015330,37597,82.15,852.70,65.20,0.402,4.168,0.319,banana,fresh
38016340,37598,82.05,852.60,65.10,0.401,4.167,0.318,banana,fresh
38017351,37599,82.15,852.65,65.20,0.402,4.167,0.319,banana,fresh
38018363,37600,82.10,852.70,65.10,0.401,4.168,0.318,banana,fresh
38019374,37601,82.10,852.50,65.20,0.401,4.167,0.319,banana,fresh
38020385,37602,82.05,852.60,65.10,0.401,4.167,0.318,banana,fresh
38021396,37603,82.15,852.60,65.05,0.402,4.167,0.318,banana,fresh
38022408,37604,82.00,852.65,65.10,0.401,4.167,0.318,banana,fresh
38023418,37605,82.00,852.75,65.10,0.401,4.168,0.318,banana,fresh
38024429,37606,82.15,852.50,65.35,0.402,4.167,0.319,banana,fresh
38025441,37607,82.00,852.70,65.15,0.401,4.168,0.318,banana,fresh
38026451,37608,82.10,852.75,65.15,0.401,4.168,0.318,banana,fresh
38027463,37609,82.15,852.65,65.25,0.402,4.167,0.319,banana,fresh
38028474,37610,82.10,852.75,65.05,0.401,4.168,0.318,banana,fresh
38029486,37611,82.15,852.65,65.10,0.402,4.167,0.318,banana,fresh
38030496,37612,82.15,852.55,65.05,0.402,4.167,0.318,banana,fresh
38031508,37613,82.10,852.65,65.15,0.401,4.167,0.318,banana,fresh
38032519,37614,82.05,852.90,65.15,0.401,4.169,0.318,banana,fresh
38033529,37615,82.10,852.65,65.05,0.401,4.167,0.318,banana,fresh
38034541,37616,82.10,852.75,65.10,0.401,4.168,0.318,banana,fresh
38035552,37617,82.10,852.70,65.15,0.401,4.168,0.318,banana,fresh
38036563,37618,82.05,852.70,65.15,0.401,4.168,0.318,banana,fresh
38037574,37619,82.10,852.60,65.05,0.401,4.167,0.318,banana,fresh
38038586,37620,82.00,852.70,65.05,0.401,4.168,0.318,banana,fresh
38039597,37621,82.10,852.80,65.10,0.401,4.168,0.318,banana,fresh
38040607,37622,82.10,852.90,65.00,0.401,4.169,0.318,banana,fresh
38041619,37623,82.00,852.70,65.00,0.401,4.168,0.318,banana,fresh
38042630,37624,82.15,852.65,65.00,0.402,4.167,0.318,banana,fresh
38043641,37625,82.15,852.55,65.10,0.402,4.167,0.318,banana,fresh
38044652,37626,82.10,852.65,65.25,0.401,4.167,0.319,banana,fresh
38045664,37627,82.20,852.70,65.20,0.402,4.168,0.319,banana,fresh
38046674,37628,82.05,852.60,65.10,0.401,4.167,0.318,banana,fresh
38047685,37629,82.15,852.65,65.10,0.402,4.167,0.318,banana,fresh
38048697,37630,82.00,852.85,65.00,0.401,4.168,0.318,banana,fresh
38049708,37631,82.10,852.65,65.20,0.401,4.167,0.319,banana,fresh
38050719,37632,82.20,852.65,65.05,0.402,4.167,0.318,banana,fresh
38051730,37633,82.05,852.60,65.05,0.401,4.167,0.318,banana,fresh
38052742,37634,82.15,852.55,65.05,0.402,4.167,0.318,banana,fresh
38053752,37635,82.10,852.80,65.10,0.401,4.168,0.318,banana,fresh
38054764,37636,82.20,852.80,65.05,0.402,4.168,0.318,banana,fresh
38055775,37637,82.10,852.65,65.20,0.401,4.167,0.319,banana,fresh
38056785,37638,82.05,852.65,65.10,0.401,4.167,0.318,banana,fresh
38057797,37639,82.05,852.75,65.10,0.401,4.168,0.318,banana,fresh
38058808,37640,82.25,852.60,65.15,0.402,4.167,0.318,banana,fresh
38059820,37641,82.10,852.75,65.05,0.401,4.168,0.318,banana,fresh
38060830,37642,82.00,852.65,65.10,0.401,4.167,0.318,banana,fresh
38061842,37643,82.20,852.75,65.15,0.402,4.168,0.318,banana,fresh
38062853,37644,82.05,852.60,65.15,0.401,4.167,0.318,banana,fresh
38063863,37645,82.15,852.80,65.10,0.402,4.168,0.318,banana,fresh
38064875,37646,82.05,852.75,65.15,0.401,4.168,0.318,banana,fresh
38065886,37647,82.15,852.70,65.05,0.402,4.168,0.318,banana,fresh
38066897,37648,82.05,852.65,65.10,0.401,4.167,0.318,banana,fresh
38067908,37649,82.05,852.75,65.10,0.401,4.168,0.318,banana,fresh
38068920,37650,82.05,852.65,65.10,0.401,4.167,0.318,banana,fresh
38069931,37651,82.05,852.70,65.20,0.401,4.168,0.319,banana,fresh
38070941,37652,82.15,852.60,65.05,0.402,4.167,0.318,banana,fresh
38071953,37653,82.05,852.55,65.05,0.401,4.167,0.318,banana,fresh
38072964,37654,82.05,852.70,65.00,0.401,4.168,0.318,banana,fresh
38073975,37655,82.15,852.60,65.10,0.402,4.167,0.318,banana,fresh
38074986,37656,82.10,852.75,65.05,0.401,4.168,0.318,banana,fresh
38075998,37657,82.10,852.55,65.00,0.401,4.167,0.318,banana,fresh
38077008,37658,82.00,852.65,65.05,0.401,4.167,0.318,banana,fresh
38078020,37659,82.15,852.70,65.00,0.402,4.168,0.318,banana,fresh
38079031,37660,82.20,852.55,65.15,0.402,4.167,0.318,banana,fresh
38080041,37661,82.10,852.55,65.10,0.401,4.167,0.318,banana,fresh
38081053,37662,82.00,852.65,65.10,0.401,4.167,0.318,banana,fresh
38082064,37663,82.20,852.75,65.15,0.402,4.168,0.318,banana,fresh
38083076,37664,82.10,852.55,65.10,0.401,4.167,0.318,banana,fresh
38084086,37665,82.00,852.70,65.10,0.401,4.168,0.318,banana,fresh
38085098,37666,82.00,852.55,65.00,0.401,4.167,0.318,banana,fresh
38086109,37667,82.15,852.55,65.15,0.402,4.167,0.318,banana,fresh
38087120,37668,82.05,852.75,65.15,0.401,4.168,0.318,banana,fresh
38088131,37669,82.00,852.75,65.20,0.401,4.168,0.319,banana,fresh
38089142,37670,82.00,852.60,65.05,0.401,4.167,0.318,banana,fresh
38090153,37671,82.10,852.55,65.05,0.401,4.167,0.318,banana,fresh
38091164,37672,82.00,852.65,65.10,0.401,4.167,0.318,banana,fresh
38092176,37673,82.05,852.45,65.00,0.401,4.166,0.318,banana,fresh
38093187,37674,82.10,852.65,65.10,0.401,4.167,0.318,banana,fresh
38094198,37675,82.20,852.65,65.05,0.402,4.167,0.318,banana,fresh
38095209,37676,82.10,852.70,65.15,0.401,4.168,0.318,banana,fresh
38096220,37677,82.05,852.75,65.15,0.401,4.168,0.318,banana,fresh
38097231,37678,82.10,852.50,65.10,0.401,4.167,0.318,banana,fresh
38098242,37679,82.10,852.60,65.10,0.401,4.167,0.318,banana,fresh
38099254,37680,82.05,852.55,65.05,0.401,4.167,0.318,banana,fresh
38100264,37681,82.10,852.70,65.00,0.401,4.168,0.318,banana,fresh
38101276,37682,82.00,852.65,65.10,0.401,4.167,0.318,banana,fresh
38102287,37683,82.10,852.65,65.10,0.401,4.167,0.318,banana,fresh
38103298,37684,82.10,852.85,65.00,0.401,4.168,0.318,banana,fresh
38104309,37685,82.15,852.65,65.00,0.402,4.167,0.318,banana,fresh
38105320,37686,82.10,852.60,65.10,0.401,4.167,0.318,banana,fresh
38106332,37687,82.10,852.60,65.10,0.401,4.167,0.318,banana,fresh
38107342,37688,82.05,852.70,65.05,0.401,4.168,0.318,banana,fresh
38108354,37689,82.05,852.55,65.00,0.401,4.167,0.318,banana,fresh
38109365,37690,82.15,852.60,65.00,0.402,4.167,0.318,banana,fresh
38110375,37691,82.10,852.60,65.05,0.401,4.167,0.318,banana,fresh
38111387,37692,82.10,852.45,65.00,0.401,4.166,0.318,banana,fresh
38112398,37693,82.05,852.65,65.00,0.401,4.167,0.318,banana,fresh
38113410,37694,82.15,852.45,65.00,0.402,4.166,0.318,banana,fresh
38114420,37695,82.10,852.60,65.05,0.401,4.167,0.318,banana,fresh
38115432,37696,82.00,852.80,65.00,0.401,4.168,0.318,banana,fresh
38116443,37697,82.10,852.55,65.10,0.401,4.167,0.318,banana,fresh
38117453,37698,82.10,852.40,65.05,0.401,4.166,0.318,banana,fresh
38118465,37699,82.20,852.55,65.10,0.402,4.167,0.318,banana,fresh
38119476,37700,82.15,852.50,65.05,0.402,4.167,0.318,banana,fresh
38120487,37701,82.05,852.55,65.00,0.401,4.167,0.318,banana,fresh
38121498,37702,82.10,852.40,65.05,0.401,4.166,0.318,banana,fresh
38122510,37703,82.00,852.55,65.15,0.401,4.167,0.318,banana,fresh
38123521,37704,82.00,852.50,65.00,0.401,4.167,0.318,banana,fresh
38124531,37705,82.15,852.60,65.00,0.402,4.167,0.318,banana,fresh
38125543,37706,82.05,852.65,65.00,0.401,4.167,0.318,banana,fresh
38126554,37707,82.05,852.45,65.00,0.401,4.166,0.318,banana,fresh
38127565,37708,82.00,852.30,65.00,0.401,4.166,0.318,banana,fresh
38128576,37709,82.05,852.50,65.05,0.401,4.167,0.318,banana,fresh
38129588,37710,82.05,852.50,65.05,0.401,4.167,0.318,banana,fresh
38130598,37711,82.05,852.55,65.00,0.401,4.167,0.318,banana,fresh
38131609,37712,82.00,852.40,65.05,0.401,4.166,0.318,banana,fresh
38132621,37713,82.10,852.60,64.95,0.401,4.167,0.317,banana,fresh
38133632,37714,82.10,852.60,65.00,0.401,4.167,0.318,banana,fresh
38134643,37715,82.00,852.60,65.00,0.401,4.167,0.318,banana,fresh
38135654,37716,82.00,852.45,65.00,0.401,4.166,0.318,banana,fresh
38136666,37717,82.00,852.45,65.05,0.401,4.166,0.318,banana,fresh
38137676,37718,81.95,852.50,65.10,0.401,4.167,0.318,banana,fresh
38138687,37719,82.10,852.45,65.00,0.401,4.166,0.318,banana,fresh
38139699,37720,82.10,852.60,65.00,0.401,4.167,0.318,banana,fresh
38140709,37721,82.10,852.75,65.10,0.401,4.168,0.318,banana,fresh
38141721,37722,82.05,852.45,65.05,0.401,4.166,0.318,banana,fresh
38142732,37723,82.10,852.35,65.05,0.401,4.166,0.318,banana,fresh
38143744,37724,82.05,852.55,65.00,0.401,4.167,0.318,banana,fresh
38144754,37725,82.05,852.80,65.00,0.401,4.168,0.318,banana,fresh
38145765,37726,82.05,852.55,65.00,0.401,4.167,0.318,banana,fresh
38146777,37727,82.05,852.55,64.95,0.401,4.167,0.317,banana,fresh
38147787,37728,82.05,852.60,65.00,0.401,4.167,0.318,banana,fresh
38148799,37729,82.05,852.35,65.00,0.401,4.166,0.318,banana,fresh
38149810,37730,82.05,852.50,65.00,0.401,4.167,0.318,banana,fresh
38150821,37731,82.05,852.50,65.05,0.401,4.167,0.318,banana,fresh
38151832,37732,82.05,852.50,65.00,0.401,4.167,0.318,banana,fresh
38152844,37733,82.10,852.50,65.05,0.401,4.167,0.318,banana,fresh
38153854,37734,82.00,852.45,65.05,0.401,4.166,0.318,banana,fresh
38154865,37735,82.05,852.50,65.05,0.401,4.167,0.318,banana,fresh
38155877,37736,82.00,852.45,65.00,0.401,4.166,0.318,banana,fresh
38156888,37737,82.10,852.50,65.00,0.401,4.167,0.318,banana,fresh
38157899,37738,82.05,852.55,65.05,0.401,4.167,0.318,banana,fresh
38158910,37739,82.05,852.55,65.05,0.401,4.167,0.318,banana,fresh
38159922,37740,82.05,852.65,65.05,0.401,4.167,0.318,banana,fresh
38160932,37741,82.10,852.50,65.10,0.401,4.167,0.318,banana,fresh
38161943,37742,82.00,852.55,64.95,0.401,4.167,0.317,banana,fresh
38162955,37743,82.00,852.40,64.95,0.401,4.166,0.317,banana,fresh
38163965,37744,82.00,852.15,65.00,0.401,4.165,0.318,banana,fresh
38164977,37745,82.00,852.55,65.00,0.401,4.167,0.318,banana,fresh
38165988,37746,82.05,852.40,65.00,0.401,4.166,0.318,banana,fresh
38167000,37747,82.05,852.65,65.00,0.401,4.167,0.318,banana,fresh
38168010,37748,82.00,852.45,65.05,0.401,4.166,0.318,banana,fresh
38169021,37749,82.00,852.45,65.00,0.401,4.166,0.318,banana,fresh
38170033,37750,82.05,852.35,65.10,0.401,4.166,0.318,banana,fresh
38171043,37751,82.00,852.30,65.00,0.401,4.166,0.318,banana,fresh
38172055,37752,82.10,852.40,65.00,0.401,4.166,0.318,banana,fresh
38173066,37753,82.05,852.45,65.00,0.401,4.166,0.318,banana,fresh
38174077,37754,82.00,852.45,65.00,0.401,4.166,0.318,banana,fresh
38175088,37755,82.00,852.50,65.00,0.401,4.167,0.318,banana,fresh
38176099,37756,81.95,852.50,65.05,0.401,4.167,0.318,banana,fresh
38177111,37757,82.00,852.35,65.05,0.401,4.166,0.318,banana,fresh
38178121,37758,82.05,852.55,65.05,0.401,4.167,0.318,banana,fresh
38179133,37759,82.00,852.45,65.00,0.401,4.166,0.318,banana,fresh
38180144,37760,81.95,852.45,65.00,0.401,4.166,0.318,banana,fresh
38181154,37761,82.05,852.30,65.00,0.401,4.166,0.318,banana,fresh
38182166,37762,82.05,852.40,65.00,0.401,4.166,0.318,banana,fresh
38183177,37763,82.05,852.30,65.00,0.401,4.166,0.318,banana,fresh
38184188,37764,82.05,852.55,65.00,0.401,4.167,0.318,banana,fresh
38185199,37765,82.00,852.55,65.00,0.401,4.167,0.318,banana,fresh
38186211,37766,82.00,852.45,65.00,0.401,4.166,0.318,banana,fresh
38187222,37767,82.00,852.45,65.05,0.401,4.166,0.318,banana,fresh
38188232,37768,82.00,852.35,65.00,0.401,4.166,0.318,banana,fresh
38189244,37769,82.00,852.60,65.00,0.401,4.167,0.318,banana,fresh
38190255,37770,82.00,852.50,65.00,0.401,4.167,0.318,banana,fresh
38191266,37771,82.00,852.45,65.00,0.401,4.166,0.318,banana,fresh
38192277,37772,82.05,852.55,65.00,0.401,4.167,0.318,banana,fresh
38193289,37773,82.05,852.30,65.05,0.401,4.166,0.318,banana,fresh
38194299,37774,82.05,852.50,65.00,0.401,4.167,0.318,banana,fresh
38195310,37775,82.10,852.35,65.05,0.401,4.166,0.318,banana,fresh
38196322,37776,82.00,852.55,65.00,0.401,4.167,0.318,banana,fresh
38197332,37777,82.00,852.40,65.00,0.401,4.166,0.318,banana,fresh
38198344,37778,82.00,852.55,64.95,0.401,4.167,0.317,banana,fresh
38199355,37779,82.05,852.60,65.10,0.401,4.167,0.318,banana,fresh
38200367,37780,82.00,852.45,65.00,0.401,4.166,0.318,banana,fresh
38201377,37781,81.95,852.45,64.95,0.401,4.166,0.317,banana,fresh
38202388,37782,82.05,852.45,64.95,0.401,4.166,0.317,banana,fresh
38203400,37783,82.00,852.70,65.00,0.401,4.168,0.318,banana,fresh
38204410,37784,82.00,852.50,65.00,0.401,4.167,0.318,banana,fresh
38205422,37785,82.05,852.45,65.00,0.401,4.166,0.318,banana,fresh
38206433,37786,82.00,852.55,65.00,0.401,4.167,0.318,banana,fresh
38207444,37787,82.10,852.45,65.05,0.401,4.166,0.318,banana,fresh
38208455,37788,81.95,852.20,65.00,0.401,4.165,0.318,banana,fresh
38209466,37789,82.00,852.60,65.00,0.401,4.167,0.318,banana,fresh
38210478,37790,82.10,852.45,65.00,0.401,4.166,0.318,banana,fresh
38211488,37791,82.05,852.45,65.00,0.401,4.166,0.318,banana,fresh
38212500,37792,82.05,852.40,65.00,0.401,4.166,0.318,banana,fresh
38213511,37793,82.00,852.35,65.00,0.401,4.166,0.318,banana,fresh
38214522,37794,82.00,852.55,65.05,0.401,4.167,0.318,banana,fresh
38215533,37795,82.05,852.50,64.95,0.401,4.167,0.317,banana,fresh
38216544,37796,81.95,852.80,65.00,0.401,4.168,0.318,banana,fresh
38217555,37797,82.00,852.60,64.95,0.401,4.167,0.317,banana,fresh
38218566,37798,82.05,852.55,65.00,0.401,4.167,0.318,banana,fresh
38219578,37799,82.10,852.70,65.00,0.401,4.168,0.318,banana,fresh
38220589,37800,82.00,852.45,64.95,0.401,4.166,0.317,banana,fresh
38221600,37801,82.00,852.65,64.95,0.401,4.167,0.317,banana,fresh
38222611,37802,81.95,852.55,64.95,0.401,4.167,0.317,banana,fresh
38223622,37803,82.10,852.70,65.00,0.401,4.168,0.318,banana,fresh
38224633,37804,82.05,852.65,64.95,0.401,4.167,0.317,banana,fresh
38225644,37805,82.00,852.70,64.95,0.401,4.168,0.317,banana,fresh
38226656,37806,82.10,852.45,65.00,0.401,4.166,0.318,banana,fresh
38227666,37807,82.00,852.55,65.00,0.401,4.167,0.318,banana,fresh
38228678,37808,82.00,852.55,65.00,0.401,4.167,0.318,banana,fresh
38229689,37809,82.05,852.70,65.00,0.401,4.168,0.318,banana,fresh
38230700,37810,82.00,852.60,65.00,0.401,4.167,0.318,banana,fresh
38231711,37811,82.00,852.40,65.00,0.401,4.166,0.318,banana,fresh
38232722,37812,82.00,852.30,65.05,0.401,4.166,0.318,banana,fresh
38233734,37813,82.00,852.55,65.00,0.401,4.167,0.318,banana,fresh
38234744,37814,82.10,852.70,65.00,0.401,4.168,0.318,banana,fresh
38235756,37815,82.00,852.65,64.95,0.401,4.167,0.317,banana,fresh
38236767,37816,82.05,852.55,65.10,0.401,4.167,0.318,banana,fresh
38237777,37817,82.00,852.40,65.00,0.401,4.166,0.318,banana,fresh
38238789,37818,82.00,852.40,65.00,0.401,4.166,0.318,banana,fresh
38239800,37819,82.05,852.50,65.00,0.401,4.167,0.318,banana,fresh
38240812,37820,82.05,852.60,65.00,0.401,4.167,0.318,banana,fresh
38241822,37821,82.00,852.55,65.00,0.401,4.167,0.318,banana,fresh
38242834,37822,82.00,852.45,65.00,0.401,4.166,0.318,banana,fresh
38243845,37823,82.05,852.50,65.05,0.401,4.167,0.318,banana,fresh
38244855,37824,82.00,852.45,65.00,0.401,4.166,0.318,banana,fresh
38245867,37825,81.95,852.60,65.00,0.401,4.167,0.318,banana,fresh
38246878,37826,82.00,852.55,64.95,0.401,4.167,0.317,banana,fresh
38247889,37827,81.95,852.55,65.00,0.401,4.167,0.318,banana,fresh
38248900,37828,82.05,852.55,64.95,0.401,4.167,0.317,banana,fresh
38249912,37829,81.95,852.35,65.05,0.401,4.166,0.318,banana,fresh
38250923,37830,81.95,852.65,65.00,0.401,4.167,0.318,banana,fresh
38251933,37831,82.00,852.60,65.00,0.401,4.167,0.318,banana,fresh
38252945,37832,82.05,852.45,65.00,0.401,4.166,0.318,banana,fresh
38253956,37833,82.00,852.45,65.00,0.401,4.166,0.318,banana,fresh
38254967,37834,82.00,852.65,65.00,0.401,4.167,0.318,banana,fresh
38255978,37835,82.00,852.55,65.00,0.401,4.167,0.318,banana,fresh
38256990,37836,82.00,852.50,65.00,0.401,4.167,0.318,banana,fresh
38258000,37837,82.00,852.40,65.00,0.401,4.166,0.318,banana,fresh
38259011,37838,81.95,852.40,65.00,0.401,4.166,0.318,banana,fresh
38260023,37839,82.00,852.70,65.00,0.401,4.168,0.318,banana,fresh
38261033,37840,82.05,852.40,65.00,0.401,4.166,0.318,banana,fresh
38262045,37841,82.10,852.50,64.95,0.401,4.167,0.317,banana,fresh
38263056,37842,82.05,852.50,64.95,0.401,4.167,0.317,banana,fresh
38264068,37843,82.00,852.50,64.95,0.401,4.167,0.317,banana,fresh
38265078,37844,82.00,852.40,64.95,0.401,4.166,0.317,banana,fresh
38266089,37845,82.00,852.60,64.95,0.401,4.167,0.317,banana,fresh
38267101,37846,82.05,852.55,65.00,0.401,4.167,0.318,banana,fresh
38268111,37847,82.00,852.55,65.05,0.401,4.167,0.318,banana,fresh
38269123,37848,82.05,852.45,65.00,0.401,4.166,0.318,banana,fresh
38270134,37849,82.00,852.55,64.95,0.401,4.167,0.317,banana,fresh
38271145,37850,82.00,852.45,65.00,0.401,4.166,0.318,banana,fresh
38272156,37851,82.00,852.55,64.95,0.401,4.167,0.317,banana,fresh
38273167,37852,82.00,852.65,64.90,0.401,4.167,0.317,banana,fresh
38274179,37853,81.95,852.50,65.05,0.401,4.167,0.318,banana,fresh
38275189,37854,82.00,852.35,65.00,0.401,4.166,0.318,banana,fresh
38276201,37855,82.00,852.35,65.00,0.401,4.166,0.318,banana,fresh
38277212,37856,82.00,852.50,64.95,0.401,4.167,0.317,banana,fresh
38278223,37857,81.90,852.40,65.00,0.400,4.166,0.318,banana,fresh
38279234,37858,82.00,852.75,65.00,0.401,4.168,0.318,banana,fresh
38280245,37859,82.00,852.55,64.90,0.401,4.167,0.317,banana,fresh
38281256,37860,82.00,852.55,64.95,0.401,4.167,0.317,banana,fresh
38282267,37861,82.00,852.55,65.00,0.401,4.167,0.318,banana,fresh
38283279,37862,82.00,852.40,65.00,0.401,4.166,0.318,banana,fresh
38284290,37863,82.10,852.45,64.95,0.401,4.166,0.317,banana,fresh
38285301,37864,81.95,852.40,64.95,0.401,4.166,0.317,banana,fresh
38286312,37865,82.00,852.50,65.00,0.401,4.167,0.318,banana,fresh
38287323,37866,82.00,852.45,64.95,0.401,4.166,0.317,banana,fresh
38288334,37867,81.90,852.60,64.90,0.400,4.167,0.317,banana,fresh
38289345,37868,82.00,852.65,64.90,0.401,4.167,0.317,banana,fresh
38290357,37869,82.00,852.75,65.00,0.401,4.168,0.318,banana,fresh
38291367,37870,82.00,852.60,64.90,0.401,4.167,0.317,banana,fresh
38292379,37871,82.00,852.65,65.00,0.401,4.167,0.318,banana,fresh
38293390,37872,82.00,852.45,64.95,0.401,4.166,0.317,banana,fresh
38294401,37873,82.00,852.40,65.00,0.401,4.166,0.318,banana,fresh
38295412,37874,82.00,852.30,65.00,0.401,4.166,0.318,banana,fresh
38296423,37875,81.95,852.50,65.05,0.401,4.167,0.318,banana,fresh
38297435,37876,82.00,852.75,65.00,0.401,4.168,0.318,banana,fresh
38298445,37877,82.00,852.55,64.95,0.401,4.167,0.317,banana,fresh
38299457,37878,82.05,852.65,65.00,0.401,4.167,0.318,banana,fresh
38300468,37879,82.00,852.60,64.95,0.401,4.167,0.317,banana,fresh
38301478,37880,82.00,852.60,64.95,0.401,4.167,0.317,banana,fresh
38302490,37881,82.00,852.65,64.95,0.401,4.167,0.317,banana,fresh
38303501,37882,81.95,852.60,64.85,0.401,4.167,0.317,banana,fresh
38304513,37883,82.00,852.45,64.90,0.401,4.166,0.317,banana,fresh
38305523,37884,82.05,852.65,64.90,0.401,4.167,0.317,banana,fresh
38306535,37885,82.00,852.55,64.90,0.401,4.167,0.317,banana,fresh
38307546,37886,81.95,852.40,64.95,0.401,4.166,0.317,banana,fresh
38308557,37887,82.05,852.55,65.00,0.401,4.167,0.318,banana,fresh
38309568,37888,82.00,852.70,64.95,0.401,4.168,0.317,banana,fresh
38310579,37889,81.95,852.45,65.00,0.401,4.166,0.318,banana,fresh
38311590,37890,82.00,852.70,65.00,0.401,4.168,0.318,banana,fresh
38312601,37891,82.00,852.40,64.95,0.401,4.166,0.317,banana,fresh
38313613,37892,82.00,852.50,64.95,0.401,4.167,0.317,banana,fresh
38314624,37893,82.00,852.45,64.90,0.401,4.166,0.317,banana,fresh
38315634,37894,82.05,852.45,64.95,0.401,4.166,0.317,banana,fresh
38316646,37895,82.05,852.60,64.95,0.401,4.167,0.317,banana,fresh
38317657,37896,82.00,852.70,65.00,0.401,4.168,0.318,banana,fresh
38318668,37897,82.00,852.60,64.95,0.401,4.167,0.317,banana,fresh
38319679,37898,82.05,852.70,64.95,0.401,4.168,0.317,banana,fresh
38320691,37899,82.05,852.70,65.00,0.401,4.168,0.318,banana,fresh
38321701,37900,82.00,852.60,65.00,0.401,4.167,0.318,banana,fresh
38322712,37901,82.00,852.50,64.95,0.401,4.167,0.317,banana,fresh
38323724,37902,82.00,852.55,65.00,0.401,4.167,0.318,banana,fresh
38324734,37903,82.00,852.60,64.95,0.401,4.167,0.317,banana,fresh
38325746,37904,81.95,852.45,65.00,0.401,4.166,0.318,banana,fresh
38326757,37905,82.00,852.55,64.80,0.401,4.167,0.317,banana,fresh
38327769,37906,82.00,852.65,64.95,0.401,4.167,0.317,banana,fresh
38328779,37907,82.05,852.55,64.90,0.401,4.167,0.317,banana,fresh
38329790,37908,81.95,852.65,64.95,0.401,4.167,0.317,banana,fresh
38330802,37909,82.05,852.35,64.90,0.401,4.166,0.317,banana,fresh
38331812,37910,82.00,852.70,65.00,0.401,4.168,0.318,banana,fresh
38332824,37911,82.00,852.70,64.95,0.401,4.168,0.317,banana,fresh
38333835,37912,82.10,852.50,65.00,0.401,4.167,0.318,banana,fresh
38334846,37913,82.00,852.60,64.95,0.401,4.167,0.317,banana,fresh
38335857,37914,82.00,852.65,65.00,0.401,4.167,0.318,banana,fresh
38336869,37915,82.00,852.45,64.95,0.401,4.166,0.317,banana,fresh
38337880,37916,81.95,852.40,65.00,0.401,4.166,0.318,banana,fresh
38338890,37917,82.00,852.50,64.95,0.401,4.167,0.317,banana,fresh
38339902,37918,82.00,852.55,65.00,0.401,4.167,0.318,banana,fresh
38340913,37919,82.00,852.55,64.85,0.401,4.167,0.317,banana,fresh
38341924,37920,82.00,852.45,64.95,0.401,4.166,0.317,banana,fresh
38342935,37921,82.00,852.55,64.85,0.401,4.167,0.317,banana,fresh
38343947,37922,82.00,852.50,64.75,0.401,4.167,0.316,banana,fresh
38344957,37923,81.95,852.45,64.95,0.401,4.166,0.317,banana,fresh
38345968,37924,81.95,852.75,64.95,0.401,4.168,0.317,banana,fresh
38346980,37925,82.00,852.65,64.90,0.401,4.167,0.317,banana,fresh
38347991,37926,82.00,852.70,64.95,0.401,4.168,0.317,banana,fresh
38349002,37927,81.95,852.55,64.90,0.401,4.167,0.317,banana,fresh
38350013,37928,82.00,852.65,64.95,0.401,4.167,0.317,banana,fresh
38351025,37929,82.05,852.50,64.90,0.401,4.167,0.317,banana,fresh
38352035,37930,82.00,852.55,65.00,0.401,4.167,0.318,banana,fresh
38353046,37931,81.90,852.55,64.90,0.400,4.167,0.317,banana,fresh
38354058,37932,82.00,852.65,65.00,0.401,4.167,0.318,banana,fresh
38355068,37933,82.05,852.45,65.00,0.401,4.166,0.318,banana,fresh
38356080,37934,81.80,852.70,65.00,0.400,4.168,0.318,banana,fresh
38357091,37935,82.00,852.50,65.05,0.401,4.167,0.318,banana,fresh
38358103,37936,81.95,852.55,64.95,0.401,4.167,0.317,banana,fresh
38359113,37937,82.00,852.55,64.95,0.401,4.167,0.317,banana,fresh
38360124,37938,82.05,852.70,65.00,0.401,4.168,0.318,banana,fresh
38361136,37939,82.00,852.70,64.95,0.401,4.168,0.317,banana,fresh
38362146,37940,82.05,852.65,65.00,0.401,4.167,0.318,banana,fresh
38363158,37941,82.00,852.55,64.90,0.401,4.167,0.317,banana,fresh
38364169,37942,81.90,852.40,65.00,0.400,4.166,0.318,banana,fresh
38365180,37943,82.05,852.75,64.95,0.401,4.168,0.317,banana,fresh
38366191,37944,82.00,852.75,65.00,0.401,4.168,0.318,banana,fresh
38367202,37945,81.90,852.60,65.00,0.400,4.167,0.318,banana,fresh
38368214,37946,81.90,852.55,64.90,0.400,4.167,0.317,banana,fresh
38369224,37947,81.95,852.50,65.05,0.401,4.167,0.318,banana,fresh
38370236,37948,81.95,852.65,64.90,0.401,4.167,0.317,banana,fresh
38371247,37949,81.95,852.55,65.00,0.401,4.167,0.318,banana,fresh
38372258,37950,82.00,852.60,64.95,0.401,4.167,0.317,banana,fresh
38373269,37951,82.00,852.50,65.00,0.401,4.167,0.318,banana,fresh
38374280,37952,81.95,852.40,64.95,0.401,4.166,0.317,banana,fresh
38375291,37953,82.00,852.45,64.85,0.401,4.166,0.317,banana,fresh
38376302,37954,81.95,852.45,64.90,0.401,4.166,0.317,banana,fresh
38377314,37955,82.00,852.40,64.85,0.401,4.166,0.317,banana,fresh
38378324,37956,82.05,852.60,64.80,0.401,4.167,0.317,banana,fresh
38379336,37957,82.00,852.45,65.00,0.401,4.166,0.318,banana,fresh
38380347,37958,82.00,852.55,64.95,0.401,4.167,0.317,banana,fresh
38381359,37959,82.00,852.70,64.80,0.401,4.168,0.317,banana,fresh
38382369,37960,81.95,852.60,65.00,0.401,4.167,0.318,banana,fresh
38383380,37961,81.95,852.55,64.90,0.401,4.167,0.317,banana,fresh
38384392,37962,82.00,852.50,64.75,0.401,4.167,0.316,banana,fresh
38385402,37963,82.00,852.40,64.95,0.401,4.166,0.317,banana,fresh
38386414,37964,82.00,852.60,64.95,0.401,4.167,0.317,banana,fresh
38387425,37965,82.00,852.55,64.95,0.401,4.167,0.317,banana,fresh
38388436,37966,82.00,852.55,64.85,0.401,4.167,0.317,banana,fresh
38389447,37967,81.95,852.75,65.00,0.401,4.168,0.318,banana,fresh
38390458,37968,82.00,852.55,64.75,0.401,4.167,0.316,banana,fresh
38391470,37969,82.00,852.65,64.90,0.401,4.167,0.317,banana,fresh
38392480,37970,82.00,852.65,65.00,0.401,4.167,0.318,banana,fresh
38393492,37971,81.95,852.50,64.80,0.401,4.167,0.317,banana,fresh
38394503,37972,82.00,852.65,64.85,0.401,4.167,0.317,banana,fresh
38395514,37973,82.05,852.60,64.85,0.401,4.167,0.317,banana,fresh
38396525,37974,82.05,852.65,64.85,0.401,4.167,0.317,banana,fresh
38397536,37975,81.90,852.70,64.90,0.400,4.168,0.317,banana,fresh
38398547,37976,82.00,852.50,64.95,0.401,4.167,0.317,banana,fresh
38399558,37977,82.00,852.60,65.00,0.401,4.167,0.318,banana,fresh
38400570,37978,81.90,852.35,64.80,0.400,4.166,0.317,banana,fresh
38401581,37979,81.95,852.75,64.95,0.401,4.168,0.317,banana,fresh
38402592,37980,82.05,852.65,64.95,0.401,4.167,0.317,banana,fresh
38403603,37981,82.05,852.70,64.95,0.401,4.168,0.317,banana,fresh
38404614,37982,82.00,852.65,64.80,0.401,4.167,0.317,banana,fresh
38405625,37983,82.00,852.45,64.85,0.401,4.166,0.317,banana,fresh
38406636,37984,81.95,852.65,64.95,0.401,4.167,0.317,banana,fresh
38407648,37985,81.95,852.70,64.90,0.401,4.168,0.317,banana,fresh
38408658,37986,82.00,852.55,64.90,0.401,4.167,0.317,banana,fresh
38409670,37987,81.90,852.70,65.00,0.400,4.168,0.318,banana,fresh
38410681,37988,81.95,852.60,64.85,0.401,4.167,0.317,banana,fresh
38411692,37989,81.90,852.65,64.90,0.400,4.167,0.317,banana,fresh
38412703,37990,81.95,852.55,64.95,0.401,4.167,0.317,banana,fresh
38413714,37991,82.05,852.65,64.90,0.401,4.167,0.317,banana,fresh
38414726,37992,82.05,852.55,64.90,0.401,4.167,0.317,banana,fresh
38415736,37993,82.00,852.65,64.90,0.401,4.167,0.317,banana,fresh
38416748,37994,81.90,852.60,64.85,0.400,4.167,0.317,banana,fresh
38417759,37995,81.95,852.55,64.95,0.401,4.167,0.317,banana,fresh
38418770,37996,81.95,852.50,64.85,0.401,4.167,0.317,banana,fresh
38419781,37997,82.05,852.60,64.90,0.401,4.167,0.317,banana,fresh
38420792,37998,82.00,852.65,64.90,0.401,4.167,0.317,banana,fresh
38421804,37999,81.85,852.50,64.85,0.400,4.167,0.317,banana,fresh
38422814,38000,81.95,852.60,64.85,0.401,4.167,0.317,banana,fresh
38423826,38001,81.95,852.50,64.85,0.401,4.167,0.317,banana,fresh
38424837,38002,82.00,852.60,64.85,0.401,4.167,0.317,banana,fresh
38425848,38003,82.00,852.65,64.85,0.401,4.167,0.317,banana,fresh
38426859,38004,82.00,852.65,64.85,0.401,4.167,0.317,banana,fresh
38427870,38005,81.95,852.70,64.85,0.401,4.168,0.317,banana,fresh
38428881,38006,82.00,852.60,64.80,0.401,4.167,0.317,banana,fresh
38429892,38007,82.00,852.50,64.95,0.401,4.167,0.317,banana,fresh
38430904,38008,81.90,852.55,64.95,0.400,4.167,0.317,banana,fresh
38431915,38009,81.95,852.50,64.90,0.401,4.167,0.317,banana,fresh
38432926,38010,82.00,852.75,64.90,0.401,4.168,0.317,banana,fresh
38433937,38011,82.00,852.55,64.95,0.401,4.167,0.317,banana,fresh
38434948,38012,82.00,852.85,64.90,0.401,4.168,0.317,banana,fresh
38435959,38013,82.05,852.70,64.80,0.401,4.168,0.317,banana,fresh
38436970,38014,82.00,852.60,65.00,0.401,4.167,0.318,banana,fresh
38437982,38015,82.00,852.55,64.90,0.401,4.167,0.317,banana,fresh
38438992,38016,82.00,852.55,64.90,0.401,4.167,0.317,banana,fresh
38440003,38017,82.00,852.55,64.85,0.401,4.167,0.317,banana,fresh
38441015,38018,82.00,852.55,65.00,0.401,4.167,0.318,banana,fresh
38442025,38019,81.95,852.65,64.85,0.401,4.167,0.317,banana,fresh
38443037,38020,82.05,852.50,64.90,0.401,4.167,0.317,banana,fresh
38444048,38021,82.00,852.80,64.95,0.401,4.168,0.317,banana,fresh
38445060,38022,81.90,852.50,64.95,0.400,4.167,0.317,banana,fresh
38446070,38023,82.05,852.65,64.95,0.401,4.167,0.317,banana,fresh
38447082,38024,82.00,852.65,64.95,0.401,4.167,0.317,banana,fresh
38448093,38025,82.00,852.75,64.95,0.401,4.168,0.317,banana,fresh
38449103,38026,82.00,852.75,64.85,0.401,4.168,0.317,banana,fresh
38450115,38027,82.05,852.60,64.85,0.401,4.167,0.317,banana,fresh
38451126,38028,82.00,852.60,64.85,0.401,4.167,0.317,banana,fresh
38452137,38029,82.00,852.60,64.80,0.401,4.167,0.317,banana,fresh
38453148,38030,82.00,852.50,64.85,0.401,4.167,0.317,banana,fresh
38454160,38031,82.00,852.75,64.90,0.401,4.168,0.317,banana,fresh
38455171,38032,81.95,852.55,64.90,0.401,4.167,0.317,banana,fresh
38456181,38033,82.00,852.60,65.00,0.401,4.167,0.318,banana,fresh
38457193,38034,82.05,852.85,64.85,0.401,4.168,0.317,banana,fresh
38458204,38035,82.00,852.50,64.95,0.401,4.167,0.317,banana,fresh
38459215,38036,82.05,852.65,64.85,0.401,4.167,0.317,banana,fresh
38460226,38037,81.95,852.55,64.80,0.401,4.167,0.317,banana,fresh
38461238,38038,82.05,852.85,64.90,0.401,4.168,0.317,banana,fresh
38462248,38039,82.00,852.75,64.90,0.401,4.168,0.317,banana,fresh
38463259,38040,82.05,852.85,65.00,0.401,4.168,0.318,banana,fresh
38464271,38041,82.00,852.80,65.00,0.401,4.168,0.318,banana,fresh
38465282,38042,82.10,852.70,64.90,0.401,4.168,0.317,banana,fresh
38466293,38043,82.05,852.70,64.85,0.401,4.168,0.317,banana,fresh
38467304,38044,82.00,852.75,64.95,0.401,4.168,0.317,banana,fresh
38468316,38045,82.00,852.80,64.90,0.401,4.168,0.317,banana,fresh
38469326,38046,82.10,852.65,64.90,0.401,4.167,0.317,banana,fresh
38470337,38047,82.00,852.70,64.80,0.401,4.168,0.317,banana,fresh
38471349,38048,82.00,852.75,64.85,0.401,4.168,0.317,banana,fresh
38472359,38049,81.95,852.40,65.00,0.401,4.166,0.318,banana,fresh
38473371,38050,82.00,852.70,64.80,0.401,4.168,0.317,banana,fresh
38474382,38051,82.15,852.75,64.90,0.402,4.168,0.317,banana,fresh
38475394,38052,82.00,852.60,64.90,0.401,4.167,0.317,banana,fresh
38476404,38053,82.00,852.55,64.95,0.401,4.167,0.317,banana,fresh
38477415,38054,82.00,852.70,64.85,0.401,4.168,0.317,banana,fresh
38478427,38055,82.00,852.55,64.95,0.401,4.167,0.317,banana,fresh
38479437,38056,82.05,852.55,65.00,0.401,4.167,0.318,banana,fresh
38480449,38057,81.90,852.55,64.95,0.400,4.167,0.317,banana,fresh
38481460,38058,82.00,852.45,64.90,0.401,4.166,0.317,banana,fresh
38482471,38059,82.00,852.60,64.95,0.401,4.167,0.317,banana,fresh
38483482,38060,81.95,852.50,64.75,0.401,4.167,0.316,banana,fresh
38484493,38061,81.95,852.80,64.85,0.401,4.168,0.317,banana,fresh
38485505,38062,82.05,852.65,64.85,0.401,4.167,0.317,banana,fresh
38486515,38063,82.05,852.60,64.90,0.401,4.167,0.317,banana,fresh
38487527,38064,81.95,852.55,64.85,0.401,4.167,0.317,banana,fresh
38488538,38065,82.05,852.50,64.95,0.401,4.167,0.317,banana,fresh
38489549,38066,82.00,852.55,64.85,0.401,4.167,0.317,banana,fresh
38490560,38067,81.95,852.60,64.90,0.401,4.167,0.317,banana,fresh
38491572,38068,82.00,852.50,64.90,0.401,4.167,0.317,banana,fresh
38492582,38069,82.00,852.55,64.80,0.401,4.167,0.317,banana,fresh
38493593,38070,82.00,852.55,64.95,0.401,4.167,0.317,banana,fresh
38494605,38071,82.00,852.45,64.85,0.401,4.166,0.317,banana,fresh
38495616,38072,82.05,852.50,64.85,0.401,4.167,0.317,banana,fresh
38496627,38073,82.00,852.65,64.90,0.401,4.167,0.317,banana,fresh
38497638,38074,82.00,852.45,64.90,0.401,4.166,0.317,banana,fresh
38498650,38075,82.10,852.65,64.80,0.401,4.167,0.317,banana,fresh
38499660,38076,82.00,852.65,64.85,0.401,4.167,0.317,banana,fresh
38500671,38077,82.00,852.35,64.95,0.401,4.166,0.317,banana,fresh
38501683,38078,82.00,852.40,64.90,0.401,4.166,0.317,banana,fresh
38502693,38079,82.00,852.30,64.95,0.401,4.166,0.317,banana,fresh
38503705,38080,82.00,852.65,64.95,0.401,4.167,0.317,banana,fresh
38504716,38081,82.05,852.35,64.80,0.401,4.166,0.317,banana,fresh
38505728,38082,82.00,852.50,64.85,0.401,4.167,0.317,banana,fresh
38506738,38083,82.00,852.45,64.90,0.401,4.166,0.317,banana,fresh
38507749,38084,82.05,852.50,64.90,0.401,4.167,0.317,banana,fresh
38508761,38085,81.95,852.45,64.95,0.401,4.166,0.317,banana,fresh
38509771,38086,82.00,852.60,64.80,0.401,4.167,0.317,banana,fresh
38510783,38087,82.00,852.60,64.80,0.401,4.167,0.317,banana,fresh
38511794,38088,82.00,852.55,65.00,0.401,4.167,0.318,banana,fresh
38512805,38089,82.00,852.45,64.70,0.401,4.166,0.316,banana,fresh
38513816,38090,82.00,852.35,64.85,0.401,4.166,0.317,banana,fresh
38514827,38091,82.00,852.25,64.90,0.401,4.165,0.317,banana,fresh
38515838,38092,82.00,852.35,64.90,0.401,4.166,0.317,banana,fresh
38516849,38093,82.00,852.50,64.80,0.401,4.167,0.317,banana,fresh
38517861,38094,82.00,852.45,64.80,0.401,4.166,0.317,banana,fresh
38518872,38095,82.00,852.45,64.90,0.401,4.166,0.317,banana,fresh
38519883,38096,82.00,852.45,64.75,0.401,4.166,0.316,banana,fresh
38520894,38097,82.05,852.55,64.75,0.401,4.167,0.316,banana,fresh
38521905,38098,82.00,852.40,64.90,0.401,4.166,0.317,banana,fresh
38522916,38099,82.00,852.45,64.85,0.401,4.166,0.317,banana,fresh
38523927,38100,81.95,852.15,64.80,0.401,4.165,0.317,banana,fresh
38524939,38101,81.95,852.60,64.80,0.401,4.167,0.317,banana,fresh
38525949,38102,82.00,852.40,64.90,0.401,4.166,0.317,banana,fresh
38526961,38103,82.00,852.45,64.65,0.401,4.166,0.316,banana,fresh
38527972,38104,81.95,852.35,64.75,0.401,4.166,0.316,banana,fresh
38528983,38105,82.00,852.55,64.75,0.401,4.167,0.316,banana,fresh
38529994,38106,81.90,852.45,64.85,0.400,4.166,0.317,banana,fresh
38531005,38107,81.95,852.60,64.80,0.401,4.167,0.317,banana,fresh
38532017,38108,82.00,852.45,64.85,0.401,4.166,0.317,banana,fresh
38533027,38109,82.05,852.40,64.85,0.401,4.166,0.317,banana,fresh
38534039,38110,82.00,852.35,64.70,0.401,4.166,0.316,banana,fresh
38535050,38111,81.95,852.45,64.85,0.401,4.166,0.317,banana,fresh
38536060,38112,82.00,852.30,64.75,0.401,4.166,0.316,banana,fresh
38537072,38113,82.00,852.50,64.75,0.401,4.167,0.316,banana,fresh
38538083,38114,81.95,852.45,64.90,0.401,4.166,0.317,banana,fresh
38539095,38115,82.00,852.55,64.65,0.401,4.167,0.316,banana,fresh
38540105,38116,82.05,852.45,64.75,0.401,4.166,0.316,banana,fresh
38541117,38117,81.95,852.30,64.75,0.401,4.166,0.316,banana,fresh
38542128,38118,82.00,852.55,64.75,0.401,4.167,0.316,banana,fresh
38543139,38119,82.00,852.50,64.85,0.401,4.167,0.317,banana,fresh
38544150,38120,82.00,852.40,64.60,0.401,4.166,0.316,banana,fresh
38545161,38121,82.00,852.20,64.65,0.401,4.165,0.316,banana,fresh
38546172,38122,82.00,852.45,64.75,0.401,4.166,0.316,banana,fresh
38547183,38123,82.00,852.60,64.50,0.401,4.167,0.315,banana,fresh
38548195,38124,82.00,852.30,64.60,0.401,4.166,0.316,banana,fresh
38549206,38125,81.95,852.35,64.85,0.401,4.166,0.317,banana,fresh
38550217,38126,81.95,852.30,64.85,0.401,4.166,0.317,banana,fresh
38551228,38127,82.05,852.40,64.65,0.401,4.166,0.316,banana,fresh
38552239,38128,81.95,852.45,64.75,0.401,4.166,0.316,banana,fresh
38553250,38129,82.00,852.25,64.80,0.401,4.165,0.317,banana,fresh
38554261,38130,82.00,852.50,64.85,0.401,4.167,0.317,banana,fresh
38555273,38131,82.00,852.50,64.65,0.401,4.167,0.316,banana,fresh
38556283,38132,82.00,852.25,64.75,0.401,4.165,0.316,banana,fresh
38557295,38133,82.00,852.45,64.65,0.401,4.166,0.316,banana,fresh
38558306,38134,82.00,852.25,64.70,0.401,4.165,0.316,banana,fresh
38559316,38135,82.00,852.35,64.55,0.401,4.166,0.315,banana,fresh
38560328,38136,81.95,852.30,64.70,0.401,4.166,0.316,banana,fresh
38561339,38137,82.00,852.30,64.55,0.401,4.166,0.315,banana,fresh
38562351,38138,82.00,852.55,64.85,0.401,4.167,0.317,banana,fresh
38563361,38139,81.95,852.50,64.60,0.401,4.167,0.316,banana,fresh
38564373,38140,81.95,852.40,64.50,0.401,4.166,0.315,banana,fresh
38565384,38141,82.00,852.35,64.45,0.401,4.166,0.315,banana,fresh
38566394,38142,81.95,852.45,64.45,0.401,4.166,0.315,banana,fresh
38567406,38143,82.00,852.30,64.75,0.401,4.166,0.316,banana,fresh
38568417,38144,82.00,852.35,64.70,0.401,4.166,0.316,banana,fresh
38569428,38145,82.00,852.40,64.55,0.401,4.166,0.315,banana,fresh
38570439,38146,81.95,852.50,64.65,0.401,4.167,0.316,banana,fresh
38571451,38147,82.00,852.30,64.55,0.401,4.166,0.315,banana,fresh
38572462,38148,81.90,852.40,64.75,0.400,4.166,0.316,banana,fresh
38573473,38149,82.00,852.25,64.55,0.401,4.165,0.315,banana,fresh
38574484,38150,81.95,852.15,64.55,0.401,4.165,0.315,banana,fresh
38575495,38151,82.00,852.50,64.60,0.401,4.167,0.316,banana,fresh
38576506,38152,82.00,852.15,64.80,0.401,4.165,0.317,banana,fresh
38577517,38153,81.85,852.45,64.75,0.400,4.166,0.316,banana,fresh
38578529,38154,82.00,852.35,64.75,0.401,4.166,0.316,banana,fresh
38579539,38155,81.95,852.30,64.65,0.401,4.166,0.316,banana,fresh
38580551,38156,82.00,852.30,64.60,0.401,4.166,0.316,banana,fresh
38581562,38157,81.95,852.50,64.65,0.401,4.167,0.316,banana,fresh
38582573,38158,82.00,852.30,64.65,0.401,4.166,0.316,banana,fresh
38583584,38159,81.95,852.35,64.65,0.401,4.166,0.316,banana,fresh
38584595,38160,81.90,852.15,64.35,0.400,4.165,0.315,banana,fresh
38585607,38161,81.95,852.45,64.65,0.401,4.166,0.316,banana,fresh
38586617,38162,82.00,852.25,64.55,0.401,4.165,0.315,banana,fresh
38587629,38163,81.95,852.40,64.60,0.401,4.166,0.316,banana,fresh
38588640,38164,82.00,852.30,64.65,0.401,4.166,0.316,banana,fresh
38589650,38165,82.00,852.45,64.55,0.401,4.166,0.315,banana,fresh
38590662,38166,82.00,852.35,64.55,0.401,4.166,0.315,banana,fresh
38591673,38167,81.95,852.30,64.55,0.401,4.166,0.315,banana,fresh
38592685,38168,82.00,852.25,64.70,0.401,4.165,0.316,banana,fresh
38593695,38169,81.90,852.40,64.60,0.400,4.166,0.316,banana,fresh
38594707,38170,82.00,852.40,64.75,0.401,4.166,0.316,banana,fresh
38595718,38171,82.00,852.25,64.70,0.401,4.165,0.316,banana,fresh
38596728,38172,82.00,852.25,64.75,0.401,4.165,0.316,banana,fresh
38597740,38173,82.00,852.25,64.75,0.401,4.165,0.316,banana,fresh
38598751,38174,81.95,852.45,64.60,0.401,4.166,0.316,banana,fresh
38599762,38175,82.05,852.40,64.55,0.401,4.166,0.315,banana,fresh
38600773,38176,82.00,852.35,64.60,0.401,4.166,0.316,banana,fresh
38601785,38177,82.00,852.20,64.70,0.401,4.165,0.316,banana,fresh
38602796,38178,82.00,852.20,64.75,0.401,4.165,0.316,banana,fresh
38603807,38179,81.95,852.40,64.75,0.401,4.166,0.316,banana,fresh
38604818,38180,81.95,852.30,64.85,0.401,4.166,0.317,banana,fresh
38605829,38181,82.00,852.20,64.75,0.401,4.165,0.316,banana,fresh
38606840,38182,81.95,852.15,64.65,0.401,4.165,0.316,banana,fresh
38607851,38183,82.00,852.20,64.60,0.401,4.165,0.316,banana,fresh
38608863,38184,81.95,852.30,64.70,0.401,4.166,0.316,banana,fresh
38609873,38185,82.00,852.35,64.80,0.401,4.166,0.317,banana,fresh
38610885,38186,82.00,852.30,64.80,0.401,4.166,0.317,banana,fresh
38611896,38187,81.95,852.35,64.80,0.401,4.166,0.317,banana,fresh
38612908,38188,82.00,852.40,64.70,0.401,4.166,0.316,banana,fresh
38613918,38189,81.95,852.30,64.75,0.401,4.166,0.316,banana,fresh
38614929,38190,81.95,852.25,64.70,0.401,4.165,0.316,banana,fresh
38615941,38191,82.00,852.30,64.55,0.401,4.166,0.315,banana,fresh
38616951,38192,82.00,852.20,64.75,0.401,4.165,0.316,banana,fresh
38617963,38193,82.00,852.15,64.60,0.401,4.165,0.316,banana,fresh
38618974,38194,82.00,852.30,64.60,0.401,4.166,0.316,banana,fresh
38619985,38195,81.95,852.35,64.85,0.401,4.166,0.317,banana,fresh
38620996,38196,81.95,852.35,64.95,0.401,4.166,0.317,banana,fresh
38622007,38197,81.95,852.45,64.85,0.401,4.166,0.317,banana,fresh
38623019,38198,81.95,852.20,64.80,0.401,4.165,0.317,banana,fresh
38624029,38199,81.95,852.20,64.45,0.401,4.165,0.315,banana,fresh
38625041,38200,82.00,852.15,64.55,0.401,4.165,0.315,banana,fresh
38626052,38201,81.95,852.30,64.70,0.401,4.166,0.316,banana,fresh
38627063,38202,82.00,852.30,64.45,0.401,4.166,0.315,banana,fresh
38628074,38203,81.85,852.25,64.80,0.400,4.165,0.317,banana,fresh
38629085,38204,82.00,852.35,64.55,0.401,4.166,0.315,banana,fresh
38630096,38205,81.85,852.25,64.55,0.400,4.165,0.315,banana,fresh
38631107,38206,81.95,852.10,64.65,0.401,4.165,0.316,banana,fresh
38632119,38207,82.00,852.10,64.65,0.401,4.165,0.316,banana,fresh
38633129,38208,81.90,852.10,64.80,0.400,4.165,0.317,banana,fresh
38634141,38209,81.95,852.40,64.60,0.401,4.166,0.316,banana,fresh
38635152,38210,81.95,852.15,64.45,0.401,4.165,0.315,banana,fresh
38636164,38211,81.90,852.10,64.30,0.400,4.165,0.314,banana,fresh
38637174,38212,81.90,852.25,64.70,0.400,4.165,0.316,banana,fresh
38638185,38213,82.00,852.15,64.55,0.401,4.165,0.315,banana,fresh
38639197,38214,81.75,852.10,64.40,0.400,4.165,0.315,banana,fresh
38640207,38215,81.80,852.15,64.65,0.400,4.165,0.316,banana,fresh
38641219,38216,81.85,852.10,64.50,0.400,4.165,0.315,banana,fresh
38642230,38217,82.00,852.25,64.50,0.401,4.165,0.315,banana,fresh
38643241,38218,81.80,852.05,64.60,0.400,4.164,0.316,banana,fresh
38644252,38219,82.00,852.10,64.50,0.401,4.165,0.315,banana,fresh
38645263,38220,82.00,852.05,64.40,0.401,4.164,0.315,banana,fresh
38646275,38221,81.90,852.20,64.30,0.400,4.165,0.314,banana,fresh
38647285,38222,81.95,852.15,64.65,0.401,4.165,0.316,banana,fresh
38648297,38223,81.95,852.05,64.65,0.401,4.164,0.316,banana,fresh
38649308,38224,81.90,852.00,64.40,0.400,4.164,0.315,banana,fresh
38650319,38225,81.95,852.10,64.55,0.401,4.165,0.315,banana,fresh
38651330,38226,81.85,852.10,64.50,0.400,4.165,0.315,banana,fresh
38652341,38227,82.00,852.10,64.45,0.401,4.165,0.315,banana,fresh
38653352,38228,81.95,852.10,64.45,0.401,4.165,0.315,banana,fresh
38654363,38229,81.90,852.20,64.55,0.400,4.165,0.315,banana,fresh
38655375,38230,81.90,852.15,64.50,0.400,4.165,0.315,banana,fresh
38656386,38231,82.00,852.00,64.40,0.401,4.164,0.315,banana,fresh
38657397,38232,81.95,852.10,64.75,0.401,4.165,0.316,banana,fresh
38658408,38233,81.95,852.15,64.50,0.401,4.165,0.315,banana,fresh
38659419,38234,81.85,852.20,64.50,0.400,4.165,0.315,banana,fresh
38660430,38235,81.90,852.10,64.50,0.400,4.165,0.315,banana,fresh
38661441,38236,82.00,852.15,64.60,0.401,4.165,0.316,banana,fresh
38662453,38237,81.85,852.15,64.40,0.400,4.165,0.315,banana,fresh
38663463,38238,82.00,852.05,64.60,0.401,4.164,0.316,banana,fresh
38664475,38239,81.95,852.30,64.60,0.401,4.166,0.316,banana,fresh
38665486,38240,81.95,852.20,64.45,0.401,4.165,0.315,banana,fresh
38666497,38241,82.00,852.00,64.65,0.401,4.164,0.316,banana,fresh
38667508,38242,81.85,852.05,64.45,0.400,4.164,0.315,banana,fresh
38668519,38243,81.95,852.25,64.55,0.401,4.165,0.315,banana,fresh
38669531,38244,81.80,852.20,64.45,0.400,4.165,0.315,banana,fresh
38670541,38245,82.00,852.20,64.55,0.401,4.165,0.315,banana,fresh
38671553,38246,81.90,852.05,64.50,0.400,4.164,0.315,banana,fresh
38672564,38247,81.95,852.20,64.55,0.401,4.165,0.315,banana,fresh
38673574,38248,81.95,852.10,64.45,0.401,4.165,0.315,banana,fresh
38674586,38249,81.85,852.10,64.45,0.400,4.165,0.315,banana,fresh
38675597,38250,81.95,852.10,64.35,0.401,4.165,0.315,banana,fresh
38676609,38251,81.95,852.30,64.35,0.401,4.166,0.315,banana,fresh
38677619,38252,82.00,852.20,64.40,0.401,4.165,0.315,banana,fresh
38678631,38253,81.90,852.10,64.30,0.400,4.165,0.314,banana,fresh
38679642,38254,81.85,852.25,64.40,0.400,4.165,0.315,banana,fresh
38680653,38255,81.90,852.15,64.50,0.400,4.165,0.315,banana,fresh
38681664,38256,81.90,852.10,64.60,0.400,4.165,0.316,banana,fresh
38682675,38257,81.90,852.05,64.45,0.400,4.164,0.315,banana,fresh
38683686,38258,81.95,852.15,64.30,0.401,4.165,0.314,banana,fresh
38684697,38259,81.85,852.10,64.45,0.400,4.165,0.315,banana,fresh
38685709,38260,81.85,852.05,64.55,0.400,4.164,0.315,banana,fresh
38686720,38261,81.75,852.10,64.45,0.400,4.165,0.315,banana,fresh
38687731,38262,81.95,852.15,64.45,0.401,4.165,0.315,banana,fresh
38688742,38263,81.95,852.00,64.30,0.401,4.164,0.314,banana,fresh
38689753,38264,81.90,852.10,64.45,0.400,4.165,0.315,banana,fresh
38690764,38265,81.90,852.05,64.30,0.400,4.164,0.314,banana,fresh
38691775,38266,81.85,852.10,64.40,0.400,4.165,0.315,banana,fresh
38692787,38267,81.95,852.10,64.35,0.401,4.165,0.315,banana,fresh
38693797,38268,82.00,852.10,64.35,0.401,4.165,0.315,banana,fresh
38694809,38269,81.90,852.30,64.30,0.400,4.166,0.314,banana,fresh
38695820,38270,81.70,852.15,64.20,0.399,4.165,0.314,banana,fresh
38696830,38271,81.95,852.00,64.15,0.401,4.164,0.314,banana,fresh
38697842,38272,81.85,852.30,64.35,0.400,4.166,0.315,banana,fresh
38698853,38273,81.95,852.00,64.35,0.401,4.164,0.315,banana,fresh
38699865,38274,81.90,852.05,64.25,0.400,4.164,0.314,banana,fresh
38700875,38275,81.85,852.00,64.20,0.400,4.164,0.314,banana,fresh
38701887,38276,81.80,852.05,64.35,0.400,4.164,0.315,banana,fresh
38702898,38277,81.90,852.00,64.35,0.400,4.164,0.315,banana,fresh
38703908,38278,81.85,852.15,64.45,0.400,4.165,0.315,banana,fresh
38704920,38279,81.90,852.15,64.50,0.400,4.165,0.315,banana,fresh
38705931,38280,81.80,852.05,64.20,0.400,4.164,0.314,banana,fresh
38706942,38281,81.90,852.10,64.30,0.400,4.165,0.314,banana,fresh
38707953,38282,81.95,852.05,64.35,0.401,4.164,0.315,banana,fresh
38708965,38283,81.85,852.00,64.35,0.400,4.164,0.315,banana,fresh
38709976,38284,81.75,852.05,64.20,0.400,4.164,0.314,banana,fresh
38710986,38285,81.95,852.05,64.35,0.401,4.164,0.315,banana,fresh
38711998,38286,81.90,852.00,64.25,0.400,4.164,0.314,banana,fresh
38713009,38287,81.85,852.10,64.25,0.400,4.165,0.314,banana,fresh
38714020,38288,81.90,852.00,64.25,0.400,4.164,0.314,banana,fresh
38715031,38289,81.75,852.15,64.20,0.400,4.165,0.314,banana,fresh
38716043,38290,81.85,852.15,64.35,0.400,4.165,0.315,banana,fresh
38717053,38291,82.00,852.10,64.30,0.401,4.165,0.314,banana,fresh
38718064,38292,81.85,852.05,64.20,0.400,4.164,0.314,banana,fresh
38719076,38293,81.90,852.10,64.20,0.400,4.165,0.314,banana,fresh
38720087,38294,81.85,852.05,64.35,0.400,4.164,0.315,banana,fresh
38721098,38295,81.80,852.10,64.35,0.400,4.165,0.315,banana,fresh
38722109,38296,81.80,852.15,64.25,0.400,4.165,0.314,banana,fresh
38723121,38297,81.90,852.05,64.25,0.400,4.164,0.314,banana,fresh
38724131,38298,81.65,852.15,64.25,0.399,4.165,0.314,banana,fresh
38725142,38299,81.85,852.05,64.25,0.400,4.164,0.314,banana,fresh
38726154,38300,81.60,852.05,64.20,0.399,4.164,0.314,banana,fresh
38727164,38301,81.80,852.00,64.10,0.400,4.164,0.313,banana,fresh
38728176,38302,81.80,852.05,64.35,0.400,4.164,0.315,banana,fresh
38729187,38303,81.70,852.00,64.25,0.399,4.164,0.314,banana,fresh
38730199,38304,81.75,852.10,64.20,0.400,4.165,0.314,banana,fresh
38731209,38305,81.75,852.00,64.15,0.400,4.164,0.314,banana,fresh
38732220,38306,81.85,852.10,64.30,0.400,4.165,0.314,banana,fresh
38733232,38307,81.75,852.15,64.15,0.400,4.165,0.314,banana,fresh
38734242,38308,81.65,852.15,64.25,0.399,4.165,0.314,banana,fresh
38735254,38309,81.80,852.15,64.15,0.400,4.165,0.314,banana,fresh
38736265,38310,81.75,852.00,64.20,0.400,4.164,0.314,banana,fresh
38737276,38311,81.65,852.15,64.25,0.399,4.165,0.314,banana,fresh
38738287,38312,81.60,852.10,64.10,0.399,4.165,0.313,banana,fresh
38739299,38313,81.90,852.10,64.05,0.400,4.165,0.313,banana,fresh
38740310,38314,81.55,852.10,64.45,0.399,4.165,0.315,banana,fresh
38741320,38315,81.80,852.05,64.10,0.400,4.164,0.313,banana,fresh
38742332,38316,81.75,852.05,64.20,0.400,4.164,0.314,banana,fresh
38743343,38317,81.75,852.05,64.25,0.400,4.164,0.314,banana,fresh
38744354,38318,81.85,852.15,64.15,0.400,4.165,0.314,banana,fresh
38745365,38319,81.85,852.05,64.15,0.400,4.164,0.314,banana,fresh
38746377,38320,81.75,852.00,64.05,0.400,4.164,0.313,banana,fresh
38747387,38321,81.70,852.10,64.15,0.399,4.165,0.314,banana,fresh
38748398,38322,81.65,852.00,64.05,0.399,4.164,0.313,banana,fresh
38749410,38323,81.75,852.00,64.30,0.400,4.164,0.314,banana,fresh
38750420,38324,81.70,852.05,64.15,0.399,4.164,0.314,banana,fresh
38751432,38325,81.65,852.10,64.20,0.399,4.165,0.314,banana,fresh
38752443,38326,81.75,852.00,64.20,0.400,4.164,0.314,banana,fresh
38753455,38327,81.80,852.05,64.20,0.400,4.164,0.314,banana,fresh
38754465,38328,81.80,852.00,64.15,0.400,4.164,0.314,banana,fresh
38755476,38329,81.85,852.00,64.05,0.400,4.164,0.313,banana,fresh
38756488,38330,81.85,852.00,64.25,0.400,4.164,0.314,banana,fresh
38757498,38331,81.65,852.00,64.05,0.399,4.164,0.313,banana,fresh
38758510,38332,81.75,852.05,64.15,0.400,4.164,0.314,banana,fresh
38759521,38333,81.60,852.10,64.25,0.399,4.165,0.314,banana,fresh
38760532,38334,81.55,852.00,64.15,0.399,4.164,0.314,banana,fresh
38761543,38335,81.60,852.10,64.10,0.399,4.165,0.313,banana,fresh
38762554,38336,81.55,852.15,64.10,0.399,4.165,0.313,banana,fresh
38763566,38337,81.70,852.10,64.15,0.399,4.165,0.314,banana,fresh
38764576,38338,81.70,852.10,64.20,0.399,4.165,0.314,banana,fresh
38765588,38339,81.65,852.00,64.20,0.399,4.164,0.314,banana,fresh
38766599,38340,81.75,852.00,64.10,0.400,4.164,0.313,banana,fresh
38767610,38341,81.75,852.00,64.15,0.400,4.164,0.314,banana,fresh
38768621,38342,81.60,852.10,64.10,0.399,4.165,0.313,banana,fresh
38769633,38343,81.70,852.10,64.15,0.399,4.165,0.314,banana,fresh
38770643,38344,81.75,852.00,64.05,0.400,4.164,0.313,banana,fresh
38771654,38345,81.70,852.05,64.15,0.399,4.164,0.314,banana,fresh
38772666,38346,81.70,852.00,64.15,0.399,4.164,0.314,banana,fresh
38773677,38347,81.65,852.05,64.05,0.399,4.164,0.313,banana,fresh
38774688,38348,81.70,852.05,64.15,0.399,4.164,0.314,banana,fresh
38775699,38349,81.90,852.05,64.05,0.400,4.164,0.313,banana,fresh
38776711,38350,81.75,852.10,64.05,0.400,4.165,0.313,banana,fresh
38777721,38351,81.65,852.10,64.05,0.399,4.165,0.313,banana,fresh
38778732,38352,81.55,852.00,64.05,0.399,4.164,0.313,banana,fresh
38779744,38353,81.65,852.10,64.15,0.399,4.165,0.314,banana,fresh
38780754,38354,81.80,852.00,64.25,0.400,4.164,0.314,banana,fresh
38781766,38355,81.85,852.05,64.15,0.400,4.164,0.314,banana,fresh
38782777,38356,81.65,852.05,64.05,0.399,4.164,0.313,banana,fresh
38783789,38357,81.55,852.05,64.10,0.399,4.164,0.313,banana,fresh
38784799,38358,81.65,852.15,64.10,0.399,4.165,0.313,banana,fresh
38785810,38359,81.70,852.05,64.00,0.399,4.164,0.313,banana,fresh
38786822,38360,81.80,852.00,64.20,0.400,4.164,0.314,banana,fresh
38787832,38361,81.70,852.00,64.10,0.399,4.164,0.313,banana,fresh
38788844,38362,81.80,852.10,64.15,0.400,4.165,0.314,banana,fresh
38789855,38363,81.55,852.05,64.25,0.399,4.164,0.314,banana,fresh
38790866,38364,81.65,852.15,64.10,0.399,4.165,0.313,banana,fresh
38791877,38365,81.75,852.00,64.05,0.400,4.164,0.313,banana,fresh
38792888,38366,81.60,852.05,64.10,0.399,4.164,0.313,banana,fresh
38793900,38367,81.60,852.05,64.05,0.399,4.164,0.313,banana,fresh
38794910,38368,81.70,852.00,64.10,0.399,4.164,0.313,banana,fresh
38795922,38369,81.55,852.05,64.15,0.399,4.164,0.314,banana,fresh
38796933,38370,81.60,852.10,64.10,0.399,4.165,0.313,banana,fresh
38797944,38371,81.70,852.10,64.15,0.399,4.165,0.314,banana,fresh
38798955,38372,81.70,852.00,64.10,0.399,4.164,0.313,banana,fresh
38799967,38373,81.45,852.00,64.10,0.398,4.164,0.313,banana,fresh
38800977,38374,81.45,852.10,64.05,0.398,4.165,0.313,banana,fresh
38801988,38375,81.75,852.00,64.10,0.400,4.164,0.313,banana,fresh
38803000,38376,81.45,852.05,64.10,0.398,4.164,0.313,banana,fresh
38804011,38377,81.50,852.00,64.15,0.398,4.164,0.314,banana,fresh
38805022,38378,81.50,852.00,64.05,0.398,4.164,0.313,banana,fresh
38806033,38379,81.45,852.05,64.10,0.398,4.164,0.313,banana,fresh
38807045,38380,81.55,852.05,64.10,0.399,4.164,0.313,banana,fresh
38808055,38381,81.55,852.00,64.15,0.399,4.164,0.314,banana,fresh
38809066,38382,81.60,852.00,64.05,0.399,4.164,0.313,banana,fresh
38810078,38383,81.50,852.00,64.05,0.398,4.164,0.313,banana,fresh
38811088,38384,81.80,852.15,64.20,0.400,4.165,0.314,banana,fresh
38812100,38385,81.55,852.05,64.25,0.399,4.164,0.314,banana,fresh
38813111,38386,81.55,852.05,64.10,0.399,4.164,0.313,banana,fresh
38814123,38387,81.40,852.05,64.05,0.398,4.164,0.313,banana,fresh
38815133,38388,81.45,852.05,64.15,0.398,4.164,0.314,banana,fresh
38816145,38389,81.45,852.00,64.15,0.398,4.164,0.314,banana,fresh
38817156,38390,81.45,852.05,64.10,0.398,4.164,0.313,banana,fresh
38818166,38391,81.50,852.00,64.05,0.398,4.164,0.313,banana,fresh
38819178,38392,81.55,852.05,64.15,0.399,4.164,0.314,banana,fresh
38820189,38393,81.45,852.05,64.15,0.398,4.164,0.314,banana,fresh
38821200,38394,81.40,852.00,64.20,0.398,4.164,0.314,banana,fresh
38822211,38395,81.55,852.00,64.00,0.399,4.164,0.313,banana,fresh
38823223,38396,81.60,852.00,64.05,0.399,4.164,0.313,banana,fresh
38824233,38397,81.45,852.00,64.10,0.398,4.164,0.313,banana,fresh
38825244,38398,81.40,852.00,64.05,0.398,4.164,0.313,banana,fresh
38826256,38399,81.55,852.00,64.15,0.399,4.164,0.314,banana,fresh
38827267,38400,81.50,852.00,64.00,0.398,4.164,0.313,banana,fresh
38828278,38401,81.30,852.00,64.10,0.397,4.164,0.313,banana,fresh
38829289,38402,81.40,852.00,64.05,0.398,4.164,0.313,banana,fresh
38830301,38403,81.45,852.05,64.10,0.398,4.164,0.313,banana,fresh
38831311,38404,81.50,852.05,64.00,0.398,4.164,0.313,banana,fresh
38832322,38405,81.50,852.00,64.15,0.398,4.164,0.314,banana,fresh
38833334,38406,81.70,852.00,64.00,0.399,4.164,0.313,banana,fresh
38834344,38407,81.45,852.10,64.00,0.398,4.165,0.313,banana,fresh
38835356,38408,81.55,852.00,64.00,0.399,4.164,0.313,banana,fresh
38836367,38409,81.60,852.05,64.05,0.399,4.164,0.313,banana,fresh
38837379,38410,81.45,852.05,64.00,0.398,4.164,0.313,banana,fresh
38838389,38411,81.35,852.05,64.15,0.398,4.164,0.314,banana,fresh
38839400,38412,81.35,852.00,64.00,0.398,4.164,0.313,banana,fresh
38840412,38413,81.45,852.10,64.05,0.398,4.165,0.313,banana,fresh
38841422,38414,81.45,852.05,64.05,0.398,4.164,0.313,banana,fresh
38842434,38415,81.40,852.00,64.05,0.398,4.164,0.313,banana,fresh
38843445,38416,81.50,852.05,64.10,0.398,4.164,0.313,banana,fresh
38844456,38417,81.50,852.00,64.10,0.398,4.164,0.313,banana,fresh
38845467,38418,81.40,852.00,64.20,0.398,4.164,0.314,banana,fresh
38846478,38419,81.50,852.00,64.05,0.398,4.164,0.313,banana,fresh
38847490,38420,81.25,852.00,64.05,0.397,4.164,0.313,banana,fresh
38848500,38421,81.35,852.05,64.10,0.398,4.164,0.313,banana,fresh
38849512,38422,81.25,852.00,64.05,0.397,4.164,0.313,banana,fresh
38850523,38423,81.45,852.15,64.05,0.398,4.165,0.313,banana,fresh
38851534,38424,81.40,852.00,64.05,0.398,4.164,0.313,banana,fresh
38852545,38425,81.65,852.00,64.05,0.399,4.164,0.313,banana,fresh
38853556,38426,81.50,852.05,64.05,0.398,4.164,0.313,banana,fresh
38854567,38427,81.15,852.00,64.05,0.397,4.164,0.313,banana,fresh
38855578,38428,81.10,852.00,64.05,0.396,4.164,0.313,banana,fresh
38856590,38429,81.65,852.00,64.00,0.399,4.164,0.313,banana,fresh
38857601,38430,81.50,852.00,64.00,0.398,4.164,0.313,banana,fresh
38858612,38431,81.55,852.00,64.05,0.399,4.164,0.313,banana,fresh
38859623,38432,81.30,852.00,64.00,0.397,4.164,0.313,banana,fresh
38860634,38433,81.35,852.10,64.05,0.398,4.165,0.313,banana,fresh
38861645,38434,81.30,852.00,64.05,0.397,4.164,0.313,banana,fresh
38862656,38435,81.25,852.00,64.10,0.397,4.164,0.313,banana,fresh
38863668,38436,81.40,852.00,64.05,0.398,4.164,0.313,banana,fresh
38864678,38437,81.50,852.00,64.05,0.398,4.164,0.313,banana,fresh
38865689,38438,81.35,852.00,64.05,0.398,4.164,0.313,banana,fresh
38866701,38439,81.20,852.00,64.10,0.397,4.164,0.313,banana,fresh
38867712,38440,81.15,851.95,64.05,0.397,4.164,0.313,banana,fresh
38868723,38441,81.35,852.05,64.00,0.398,4.164,0.313,banana,fresh
38869734,38442,81.40,852.00,64.10,0.398,4.164,0.313,banana,fresh
38870746,38443,81.45,852.00,64.00,0.398,4.164,0.313,banana,fresh
38871756,38444,81.45,852.05,64.05,0.398,4.164,0.313,banana,fresh
38872767,38445,81.50,852.00,64.00,0.398,4.164,0.313,banana,fresh
38873779,38446,81.45,852.05,64.05,0.398,4.164,0.313,banana,fresh
38874789,38447,81.30,852.05,64.00,0.397,4.164,0.313,banana,fresh
38875801,38448,81.50,852.00,64.00,0.398,4.164,0.313,banana,fresh
38876812,38449,81.35,852.00,64.00,0.398,4.164,0.313,banana,fresh
38877824,38450,81.40,852.00,64.05,0.398,4.164,0.313,banana,fresh
38878834,38451,81.50,852.00,64.05,0.398,4.164,0.313,banana,fresh
38879845,38452,81.30,852.05,64.15,0.397,4.164,0.314,banana,fresh
38880857,38453,81.20,852.00,64.00,0.397,4.164,0.313,banana,fresh
38881867,38454,81.40,852.00,64.05,0.398,4.164,0.313,banana,fresh
38882879,38455,81.40,852.05,64.05,0.398,4.164,0.313,banana,fresh
38883890,38456,81.15,852.00,64.10,0.397,4.164,0.313,banana,fresh
38884901,38457,81.25,852.05,64.10,0.397,4.164,0.313,banana,fresh
38885912,38458,81.30,852.00,64.00,0.397,4.164,0.313,banana,fresh
38886923,38459,81.35,852.00,64.05,0.398,4.164,0.313,banana,fresh
38887934,38460,81.35,852.00,64.00,0.398,4.164,0.313,banana,fresh
38888945,38461,81.35,852.00,64.05,0.398,4.164,0.313,banana,fresh
38889957,38462,81.25,852.00,64.00,0.397,4.164,0.313,banana,fresh
38890968,38463,81.35,852.00,64.05,0.398,4.164,0.313,banana,fresh
38891979,38464,81.30,852.00,64.00,0.397,4.164,0.313,banana,fresh
38892990,38465,81.20,852.00,64.05,0.397,4.164,0.313,banana,fresh
38894001,38466,81.30,852.00,64.05,0.397,4.164,0.313,banana,fresh
38895012,38467,81.35,852.00,64.05,0.398,4.164,0.313,banana,fresh
38896023,38468,81.35,852.05,64.05,0.398,4.164,0.313,banana,fresh
38897035,38469,81.05,852.00,64.00,0.396,4.164,0.313,banana,fresh
38898045,38470,81.25,852.05,64.05,0.397,4.164,0.313,banana,fresh
38899057,38471,81.10,852.05,64.05,0.396,4.164,0.313,banana,fresh
38900068,38472,81.40,852.00,64.00,0.398,4.164,0.313,banana,fresh
38901079,38473,81.35,852.00,64.00,0.398,4.164,0.313,banana,fresh
38902090,38474,81.50,852.05,64.00,0.398,4.164,0.313,banana,fresh
38903101,38475,81.25,852.00,64.10,0.397,4.164,0.313,banana,fresh
38904113,38476,81.35,852.00,64.00,0.398,4.164,0.313,banana,fresh
38905123,38477,81.30,852.00,64.05,0.397,4.164,0.313,banana,fresh
38906135,38478,81.30,852.00,64.00,0.397,4.164,0.313,banana,fresh
38907146,38479,81.45,852.00,64.00,0.398,4.164,0.313,banana,fresh
38908156,38480,81.20,852.00,64.05,0.397,4.164,0.313,banana,fresh
38909168,38481,81.25,852.00,64.00,0.397,4.164,0.313,banana,fresh
38910179,38482,81.10,852.10,64.00,0.396,4.165,0.313,banana,fresh
38911191,38483,81.15,852.00,64.00,0.397,4.164,0.313,banana,fresh
38912201,38484,81.15,852.00,64.05,0.397,4.164,0.313,banana,fresh
38913213,38485,81.20,852.00,64.00,0.397,4.164,0.313,banana,fresh
38914224,38486,81.20,852.10,64.05,0.397,4.165,0.313,banana,fresh
38915234,38487,81.45,852.05,64.05,0.398,4.164,0.313,banana,fresh
38916246,38488,81.30,852.00,64.00,0.397,4.164,0.313,banana,fresh
38917257,38489,81.40,852.05,64.00,0.398,4.164,0.313,banana,fresh
38918268,38490,81.20,852.00,64.00,0.397,4.164,0.313,banana,fresh
38919279,38491,81.30,852.05,64.00,0.397,4.164,0.313,banana,fresh
38920291,38492,81.25,852.05,64.00,0.397,4.164,0.313,banana,fresh
38921302,38493,81.15,852.05,64.05,0.397,4.164,0.313,banana,fresh
38922312,38494,81.15,852.00,64.00,0.397,4.164,0.313,banana,fresh
38923324,38495,81.00,852.05,64.00,0.396,4.164,0.313,banana,fresh
38924335,38496,81.30,852.00,64.00,0.397,4.164,0.313,banana,fresh
38925346,38497,81.20,852.10,64.00,0.397,4.165,0.313,banana,fresh
38926357,38498,81.25,852.00,64.00,0.397,4.164,0.313,banana,fresh
38927369,38499,81.25,852.00,64.00,0.397,4.164,0.313,banana,fresh
38928379,38500,81.55,852.00,64.05,0.399,4.164,0.313,banana,fresh
38929390,38501,81.30,852.05,64.00,0.397,4.164,0.313,banana,fresh
38930402,38502,81.35,852.05,64.10,0.398,4.164,0.313,banana,fresh
38931412,38503,81.40,852.00,64.05,0.398,4.164,0.313,banana,fresh
38932424,38504,81.30,852.05,64.00,0.397,4.164,0.313,banana,fresh
38933435,38505,81.35,852.00,64.00,0.398,4.164,0.313,banana,fresh
38934447,38506,81.20,852.05,64.00,0.397,4.164,0.313,banana,fresh
38935457,38507,81.10,852.00,64.00,0.396,4.164,0.313,banana,fresh
38936468,38508,81.35,851.95,64.00,0.398,4.164,0.313,banana,fresh
38937480,38509,81.45,852.05,64.00,0.398,4.164,0.313,banana,fresh
38938490,38510,81.35,852.00,64.00,0.398,4.164,0.313,banana,fresh
38939502,38511,81.15,852.05,64.00,0.397,4.164,0.313,banana,fresh
38940513,38512,81.20,852.00,64.00,0.397,4.164,0.313,banana,fresh
38941523,38513,81.25,852.00,64.00,0.397,4.164,0.313,banana,fresh
38942535,38514,81.25,852.00,64.00,0.397,4.164,0.313,banana,fresh
38943546,38515,81.10,852.00,64.00,0.396,4.164,0.313,banana,fresh
38944558,38516,81.25,852.00,64.00,0.397,4.164,0.313,banana,fresh
38945568,38517,81.20,852.00,64.00,0.397,4.164,0.313,banana,fresh
38946580,38518,81.35,852.05,64.00,0.398,4.164,0.313,banana,fresh
38947591,38519,81.15,852.00,64.05,0.397,4.164,0.313,banana,fresh
38948601,38520,81.45,852.05,64.00,0.398,4.164,0.313,banana,fresh
38949613,38521,81.20,852.00,64.00,0.397,4.164,0.313,banana,fresh
38950624,38522,81.25,852.05,64.05,0.397,4.164,0.313,banana,fresh
38951635,38523,81.20,852.05,64.00,0.397,4.164,0.313,banana,fresh
38952646,38524,81.20,852.00,64.00,0.397,4.164,0.313,banana,fresh
38953657,38525,81.10,852.00,64.00,0.396,4.164,0.313,banana,fresh
38954669,38526,81.25,852.00,64.10,0.397,4.164,0.313,banana,fresh
38955679,38527,81.05,852.00,64.00,0.396,4.164,0.313,banana,fresh
38956691,38528,81.25,852.00,64.05,0.397,4.164,0.313,banana,fresh
38957702,38529,81.20,852.00,64.05,0.397,4.164,0.313,banana,fresh
38958713,38530,81.25,852.00,64.10,0.397,4.164,0.313,banana,fresh
38959724,38531,81.10,852.00,64.00,0.396,4.164,0.313,banana,fresh
38960736,38532,81.25,852.00,64.00,0.397,4.164,0.313,banana,fresh
38961746,38533,81.15,852.00,64.05,0.397,4.164,0.313,banana,fresh
38962757,38534,81.15,852.00,64.00,0.397,4.164,0.313,banana,fresh
38963769,38535,81.20,852.00,64.00,0.397,4.164,0.313,banana,fresh
38964780,38536,81.20,852.00,64.00,0.397,4.164,0.313,banana,fresh
38965791,38537,81.05,852.00,64.00,0.396,4.164,0.313,banana,fresh
38966802,38538,81.20,852.00,64.00,0.397,4.164,0.313,banana,fresh
38967813,38539,81.25,852.00,64.00,0.397,4.164,0.313,banana,fresh
38968824,38540,81.20,852.05,64.00,0.397,4.164,0.313,banana,fresh
38969835,38541,81.25,852.15,64.00,0.397,4.165,0.313,banana,fresh
38970847,38542,81.15,852.00,64.00,0.397,4.164,0.313,banana,fresh
38971857,38543,81.15,852.05,64.00,0.397,4.164,0.313,banana,fresh
38972869,38544,81.25,852.00,64.00,0.397,4.164,0.313,banana,fresh
38973880,38545,81.25,852.00,64.05,0.397,4.164,0.313,banana,fresh
38974891,38546,81.15,852.10,64.05,0.397,4.165,0.313,banana,fresh
38975902,38547,81.15,852.05,64.00,0.397,4.164,0.313,banana,fresh
38976913,38548,81.10,852.00,64.00,0.396,4.164,0.313,banana,fresh
38977925,38549,81.40,852.00,64.00,0.398,4.164,0.313,banana,fresh
38978935,38550,81.15,852.05,64.05,0.397,4.164,0.313,banana,fresh
38979947,38551,81.15,852.00,64.05,0.397,4.164,0.313,banana,fresh
38980958,38552,81.10,852.00,64.00,0.396,4.164,0.313,banana,fresh
38981968,38553,81.20,852.00,64.00,0.397,4.164,0.313,banana,fresh
38982980,38554,81.20,852.00,64.05,0.397,4.164,0.313,banana,fresh
38983991,38555,81.20,852.00,64.00,0.397,4.164,0.313,banana,fresh
38985003,38556,81.10,852.00,64.00,0.396,4.164,0.313,banana,fresh
38986013,38557,81.25,852.00,64.05,0.397,4.164,0.313,banana,fresh
38987025,38558,81.20,852.00,64.05,0.397,4.164,0.313,banana,fresh
38988036,38559,81.15,852.00,64.00,0.397,4.164,0.313,banana,fresh
38989046,38560,81.15,852.05,64.05,0.397,4.164,0.313,banana,fresh
38990058,38561,81.20,852.00,64.00,0.397,4.164,0.313,banana,fresh
38991069,38562,81.15,852.05,64.00,0.397,4.164,0.313,banana,fresh
38992080,38563,81.10,852.00,64.00,0.396,4.164,0.313,banana,fresh
38993091,38564,81.20,852.05,64.05,0.397,4.164,0.313,banana,fresh
38994103,38565,81.30,852.05,64.00,0.397,4.164,0.313,banana,fresh
38995113,38566,81.20,852.05,64.00,0.397,4.164,0.313,banana,fresh
38996124,38567,81.15,852.10,64.00,0.397,4.165,0.313,banana,fresh
38997136,38568,81.10,852.10,64.00,0.396,4.165,0.313,banana,fresh
38998147,38569,81.05,852.00,64.00,0.396,4.164,0.313,banana,fresh
38999158,38570,81.05,852.10,64.00,0.396,4.165,0.313,banana,fresh
39000169,38571,81.15,852.00,64.00,0.397,4.164,0.313,banana,fresh
39001181,38572,81.10,852.00,64.00,0.396,4.164,0.313,banana,fresh
39002191,38573,81.15,851.95,64.00,0.397,4.164,0.313,banana,fresh
39003202,38574,81.10,852.00,64.05,0.396,4.164,0.313,banana,fresh
39004214,38575,81.10,852.00,64.05,0.396,4.164,0.313,banana,fresh
39005224,38576,81.15,852.00,64.00,0.397,4.164,0.313,banana,fresh
39006236,38577,81.10,852.00,64.00,0.396,4.164,0.313,banana,fresh
39007247,38578,81.15,852.00,64.00,0.397,4.164,0.313,banana,fresh
39008259,38579,81.10,852.00,64.00,0.396,4.164,0.313,banana,fresh
39009269,38580,81.10,852.05,64.00,0.396,4.164,0.313,banana,fresh
39010280,38581,81.10,852.00,64.00,0.396,4.164,0.313,banana,fresh
39011292,38582,81.05,852.00,64.00,0.396,4.164,0.313,banana,fresh
39012302,38583,81.15,852.00,64.00,0.397,4.164,0.313,banana,fresh
39013314,38584,81.15,852.05,64.00,0.397,4.164,0.313,banana,fresh
39014325,38585,81.15,852.00,64.00,0.397,4.164,0.313,banana,fresh
39015335,38586,81.15,852.00,64.00,0.397,4.164,0.313,banana,fresh
39016347,38587,81.10,852.05,64.05,0.396,4.164,0.313,banana,fresh
39017358,38588,81.10,852.05,64.00,0.396,4.164,0.313,banana,fresh
39018370,38589,81.10,852.00,64.00,0.396,4.164,0.313,banana,fresh
39019380,38590,81.30,852.05,64.05,0.397,4.164,0.313,banana,fresh
39020392,38591,81.15,852.05,64.00,0.397,4.164,0.313,banana,fresh
39021403,38592,81.00,852.00,64.00,0.396,4.164,0.313,banana,fresh
39022413,38593,81.10,852.05,64.00,0.396,4.164,0.313,banana,fresh
39023425,38594,81.20,852.00,64.00,0.397,4.164,0.313,banana,fresh
39024436,38595,81.15,852.05,64.00,0.397,4.164,0.313,banana,fresh
39025447,38596,81.10,852.05,64.00,0.396,4.164,0.313,banana,fresh
39026458,38597,81.10,852.05,64.00,0.396,4.164,0.313,banana,fresh
39027470,38598,81.05,852.05,64.00,0.396,4.164,0.313,banana,fresh
39028481,38599,81.20,852.00,64.00,0.397,4.164,0.313,banana,fresh
39029491,38600,81.05,852.00,64.05,0.396,4.164,0.313,banana,fresh
39030503,38601,81.20,852.00,64.00,0.397,4.164,0.313,banana,fresh
39031514,38602,81.10,852.00,64.00,0.396,4.164,0.313,banana,fresh
39032525,38603,81.05,852.00,64.00,0.396,4.164,0.313,banana,fresh
39033536,38604,81.20,852.05,64.05,0.397,4.164,0.313,banana,fresh
39034548,38605,81.15,852.00,63.95,0.397,4.164,0.313,banana,fresh
39035558,38606,81.05,852.05,64.00,0.396,4.164,0.313,banana,fresh
39036569,38607,81.15,852.00,64.00,0.397,4.164,0.313,banana,fresh
39037581,38608,81.15,852.00,64.10,0.397,4.164,0.313,banana,fresh
39038592,38609,81.20,852.05,64.00,0.397,4.164,0.313,banana,fresh
39039603,38610,81.20,852.10,64.05,0.397,4.165,0.313,banana,fresh
39040614,38611,81.05,852.10,64.00,0.396,4.165,0.313,banana,fresh
39041626,38612,81.05,852.10,64.00,0.396,4.165,0.313,banana,fresh
39042636,38613,81.00,852.05,64.00,0.396,4.164,0.313,banana,fresh
39043647,38614,81.05,852.05,64.00,0.396,4.164,0.313,banana,fresh
39044659,38615,81.10,852.00,64.00,0.396,4.164,0.313,banana,fresh
39045669,38616,81.05,852.05,64.05,0.396,4.164,0.313,banana,fresh
39046681,38617,81.10,852.00,64.00,0.396,4.164,0.313,banana,fresh
39047692,38618,81.10,852.05,64.00,0.396,4.164,0.313,banana,fresh
39048702,38619,81.00,852.00,64.00,0.396,4.164,0.313,banana,fresh
39049714,38620,81.05,852.05,64.00,0.396,4.164,0.313,banana,fresh
39050725,38621,81.25,852.00,64.05,0.397,4.164,0.313,banana,fresh
39051737,38622,81.10,852.05,64.00,0.396,4.164,0.313,banana,fresh
39052747,38623,81.20,852.00,64.00,0.397,4.164,0.313,banana,fresh
39053759,38624,81.15,852.05,64.00,0.397,4.164,0.313,banana,fresh
39054770,38625,81.00,852.05,64.00,0.396,4.164,0.313,banana,fresh
39055780,38626,81.15,852.05,64.00,0.397,4.164,0.313,banana,fresh
39056792,38627,81.05,852.00,64.00,0.396,4.164,0.313,banana,fresh
39057803,38628,81.05,852.00,64.00,0.396,4.164,0.313,banana,fresh
39058814,38629,81.10,852.10,64.00,0.396,4.165,0.313,banana,fresh
39059825,38630,81.15,852.05,64.00,0.397,4.164,0.313,banana,fresh
39060837,38631,81.10,852.00,64.00,0.396,4.164,0.313,banana,fresh
39061848,38632,81.05,852.05,64.00,0.396,4.164,0.313,banana,fresh
39062858,38633,81.10,852.05,64.00,0.396,4.164,0.313,banana,fresh
39063870,38634,81.00,852.00,64.00,0.396,4.164,0.313,banana,fresh
39064881,38635,81.05,852.05,64.00,0.396,4.164,0.313,banana,fresh
39065892,38636,81.05,852.00,64.00,0.396,4.164,0.313,banana,fresh
39066903,38637,81.05,852.05,64.00,0.396,4.164,0.313,banana,fresh
39067914,38638,81.05,852.00,64.00,0.396,4.164,0.313,banana,fresh
39068925,38639,81.10,852.00,64.00,0.396,4.164,0.313,banana,fresh
39069936,38640,81.00,852.00,64.00,0.396,4.164,0.313,banana,fresh
39070948,38641,81.05,852.05,64.00,0.396,4.164,0.313,banana,fresh
39071959,38642,81.05,852.00,64.00,0.396,4.164,0.313,banana,fresh
39072970,38643,81.10,852.00,64.05,0.396,4.164,0.313,banana,fresh
39073981,38644,81.00,852.00,64.05,0.396,4.164,0.313,banana,fresh
39074992,38645,81.20,852.05,64.00,0.397,4.164,0.313,banana,fresh
39076003,38646,81.05,852.00,64.00,0.396,4.164,0.313,banana,fresh
39077014,38647,81.00,852.00,64.00,0.396,4.164,0.313,banana,fresh
39078026,38648,81.00,852.05,64.00,0.396,4.164,0.313,banana,fresh
39079036,38649,81.15,852.00,64.00,0.397,4.164,0.313,banana,fresh
39080048,38650,81.10,852.00,64.00,0.396,4.164,0.313,banana,fresh
39081059,38651,81.00,852.00,64.00,0.396,4.164,0.313,banana,fresh
39082070,38652,81.10,852.10,64.00,0.396,4.165,0.313,banana,fresh
39083081,38653,81.10,852.05,64.00,0.396,4.164,0.313,banana,fresh
39084092,38654,81.10,852.00,64.00,0.396,4.164,0.313,banana,fresh
39085104,38655,81.10,852.00,64.00,0.396,4.164,0.313,banana,fresh
39086114,38656,81.00,852.00,64.00,0.396,4.164,0.313,banana,fresh
39087125,38657,80.95,852.00,64.00,0.396,4.164,0.313,banana,fresh
39088137,38658,81.05,852.00,64.00,0.396,4.164,0.313,banana,fresh
39089147,38659,81.05,852.00,64.00,0.396,4.164,0.313,banana,fresh
39090159,38660,81.05,852.10,64.00,0.396,4.165,0.313,banana,fresh
39091170,38661,81.05,852.00,64.00,0.396,4.164,0.313,banana,fresh
39092182,38662,81.15,852.05,64.00,0.397,4.164,0.313,banana,fresh
39093192,38663,81.05,852.00,64.00,0.396,4.164,0.313,banana,fresh
39094203,38664,81.05,852.00,64.00,0.396,4.164,0.313,banana,fresh
39095215,38665,81.05,852.00,64.00,0.396,4.164,0.313,banana,fresh
39096225,38666,81.05,852.00,64.00,0.396,4.164,0.313,banana,fresh
39097237,38667,81.05,852.05,64.00,0.396,4.164,0.313,banana,fresh
39098248,38668,81.15,852.05,64.00,0.397,4.164,0.313,banana,fresh
39099259,38669,81.05,852.05,63.95,0.396,4.164,0.313,banana,fresh
39100270,38670,81.00,852.00,64.00,0.396,4.164,0.313,banana,fresh
39101281,38671,81.05,852.05,64.00,0.396,4.164,0.313,banana,fresh
39102292,38672,81.10,852.10,64.00,0.396,4.165,0.313,banana,fresh
39103303,38673,81.05,852.00,64.00,0.396,4.164,0.313,banana,fresh
39104315,38674,81.05,852.00,64.00,0.396,4.164,0.313,banana,fresh
39105326,38675,81.05,852.05,64.00,0.396,4.164,0.313,banana,fresh
39106336,38676,81.15,852.05,64.00,0.397,4.164,0.313,banana,fresh
39107348,38677,81.10,852.00,64.00,0.396,4.164,0.313,banana,fresh
39108359,38678,81.15,852.00,64.00,0.397,4.164,0.313,banana,fresh
39109370,38679,81.20,852.05,64.00,0.397,4.164,0.313,banana,fresh
39110381,38680,81.00,852.00,64.00,0.396,4.164,0.313,banana,fresh
39111393,38681,80.95,852.05,64.00,0.396,4.164,0.313,banana,fresh
39112403,38682,81.05,852.00,64.00,0.396,4.164,0.313,banana,fresh
39113414,38683,81.10,852.05,64.00,0.396,4.164,0.313,banana,fresh
39114426,38684,81.00,852.05,64.00,0.396,4.164,0.313,banana,fresh
39115437,38685,81.05,852.00,64.00,0.396,4.164,0.313,banana,fresh
39116448,38686,81.00,852.00,64.00,0.396,4.164,0.313,banana,fresh
39117459,38687,80.95,852.00,64.05,0.396,4.164,0.313,banana,fresh
39118471,38688,81.00,852.05,64.00,0.396,4.164,0.313,banana,fresh
39119481,38689,81.10,852.00,64.00,0.396,4.164,0.313,banana,fresh
39120492,38690,81.05,852.00,64.00,0.396,4.164,0.313,banana,fresh
39121504,38691,81.05,852.05,64.00,0.396,4.164,0.313,banana,fresh
39122514,38692,80.90,852.00,64.00,0.395,4.164,0.313,banana,fresh
39123526,38693,81.05,852.10,64.00,0.396,4.165,0.313,banana,fresh
39124537,38694,81.00,852.00,64.00,0.396,4.164,0.313,banana,fresh
39125548,38695,81.05,852.00,64.00,0.396,4.164,0.313,banana,fresh
39126559,38696,81.00,852.00,64.00,0.396,4.164,0.313,banana,fresh
39127570,38697,81.05,852.00,63.95,0.396,4.164,0.313,banana,fresh
39128582,38698,81.05,852.00,64.05,0.396,4.164,0.313,banana,fresh
39129592,38699,81.05,852.00,64.00,0.396,4.164,0.313,banana,fresh
39130604,38700,81.00,852.00,64.00,0.396,4.164,0.313,banana,fresh
39131615,38701,81.00,852.00,64.00,0.396,4.164,0.313,banana,fresh
39132625,38702,81.00,852.00,64.00,0.396,4.164,0.313,banana,fresh
39133637,38703,81.00,852.05,64.00,0.396,4.164,0.313,banana,fresh
39134648,38704,81.05,852.00,64.00,0.396,4.164,0.313,banana,fresh
39135660,38705,81.00,852.05,64.00,0.396,4.164,0.313,banana,fresh
39136670,38706,81.00,852.05,64.00,0.396,4.164,0.313,banana,fresh
39137682,38707,81.05,852.10,64.00,0.396,4.165,0.313,banana,fresh
39138693,38708,81.00,852.00,64.00,0.396,4.164,0.313,banana,fresh
39139703,38709,81.00,852.05,64.00,0.396,4.164,0.313,banana,fresh
39140715,38710,81.05,852.00,64.00,0.396,4.164,0.313,banana,fresh
39141726,38711,81.00,852.05,64.05,0.396,4.164,0.313,banana,fresh
39142737,38712,81.05,852.00,64.00,0.396,4.164,0.313,banana,fresh
39143748,38713,80.95,852.00,64.00,0.396,4.164,0.313,banana,fresh
39144759,38714,81.05,852.10,64.00,0.396,4.165,0.313,banana,fresh
39145771,38715,81.05,852.05,64.00,0.396,4.164,0.313,banana,fresh
39146781,38716,81.05,852.00,64.00,0.396,4.164,0.313,banana,fresh
39147793,38717,81.05,852.00,64.00,0.396,4.164,0.313,banana,fresh
39148804,38718,81.00,852.05,64.00,0.396,4.164,0.313,banana,fresh
39149815,38719,81.00,852.00,64.00,0.396,4.164,0.313,banana,fresh
39150826,38720,81.00,852.00,64.00,0.396,4.164,0.313,banana,fresh
39151837,38721,81.00,852.00,64.00,0.396,4.164,0.313,banana,fresh
39152848,38722,81.00,852.00,64.00,0.396,4.164,0.313,banana,fresh
39153859,38723,81.00,852.00,64.00,0.396,4.164,0.313,banana,fresh
39154871,38724,81.10,852.05,64.00,0.396,4.164,0.313,banana,fresh
39155881,38725,81.10,852.00,64.05,0.396,4.164,0.313,banana,fresh
39156892,38726,81.05,852.00,63.95,0.396,4.164,0.313,banana,fresh
39157904,38727,81.00,852.00,64.00,0.396,4.164,0.313,banana,fresh
39158915,38728,81.00,852.05,64.00,0.396,4.164,0.313,banana,fresh
39159926,38729,81.05,852.00,64.00,0.396,4.164,0.313,banana,fresh
39160937,38730,80.95,852.00,64.00,0.396,4.164,0.313,banana,fresh
39161949,38731,81.10,852.00,64.00,0.396,4.164,0.313,banana,fresh
39162959,38732,81.00,852.00,64.00,0.396,4.164,0.313,banana,fresh
39163970,38733,81.00,852.05,64.00,0.396,4.164,0.313,banana,fresh
39164982,38734,81.05,852.00,63.95,0.396,4.164,0.313,banana,fresh
39165992,38735,81.00,852.00,64.00,0.396,4.164,0.313,banana,fresh
39167004,38736,80.95,852.00,64.00,0.396,4.164,0.313,banana,fresh
39168015,38737,81.10,852.05,63.95,0.396,4.164,0.313,banana,fresh
39169027,38738,81.00,852.00,64.00,0.396,4.164,0.313,banana,fresh
39170037,38739,81.10,852.05,64.00,0.396,4.164,0.313,banana,fresh
39171048,38740,81.00,852.05,64.00,0.396,4.164,0.313,banana,fresh
39172060,38741,80.95,852.00,64.00,0.396,4.164,0.313,banana,fresh
39173070,38742,81.05,852.10,64.00,0.396,4.165,0.313,banana,fresh
39174082,38743,81.00,852.00,64.00,0.396,4.164,0.313,banana,fresh
39175093,38744,81.10,852.05,64.00,0.396,4.164,0.313,banana,fresh
39176103,38745,81.00,852.00,64.00,0.396,4.164,0.313,banana,fresh
39177115,38746,81.00,852.00,64.00,0.396,4.164,0.313,banana,fresh
39178126,38747,81.00,852.00,63.95,0.396,4.164,0.313,banana,fresh
39179138,38748,81.00,852.00,64.00,0.396,4.164,0.313,banana,fresh
39180148,38749,81.05,852.05,64.00,0.396,4.164,0.313,banana,fresh
39181160,38750,81.00,852.05,63.95,0.396,4.164,0.313,banana,fresh
39182171,38751,81.00,852.05,63.95,0.396,4.164,0.313,banana,fresh
39183181,38752,81.00,852.00,63.95,0.396,4.164,0.313,banana,fresh
39184193,38753,81.05,852.00,64.00,0.396,4.164,0.313,banana,fresh
39185204,38754,81.00,852.00,64.05,0.396,4.164,0.313,banana,fresh
39186215,38755,81.00,852.05,64.00,0.396,4.164,0.313,banana,fresh
39187226,38756,81.00,852.00,64.00,0.396,4.164,0.313,banana,fresh
39188238,38757,81.00,852.00,63.95,0.396,4.164,0.313,banana,fresh
39189249,38758,81.05,852.00,64.00,0.396,4.164,0.313,banana,fresh
39190259,38759,81.00,852.00,64.00,0.396,4.164,0.313,banana,fresh
39191271,38760,81.00,852.00,64.00,0.396,4.164,0.313,banana,fresh
39192282,38761,81.00,852.00,64.00,0.396,4.164,0.313,banana,fresh
39193293,38762,80.95,852.05,64.00,0.396,4.164,0.313,banana,fresh
39194304,38763,81.00,852.00,63.95,0.396,4.164,0.313,banana,fresh
39195315,38764,81.00,852.00,64.00,0.396,4.164,0.313,banana,fresh
39196326,38765,81.00,852.05,64.00,0.396,4.164,0.313,banana,fresh
39197337,38766,81.05,852.00,64.00,0.396,4.164,0.313,banana,fresh
39198349,38767,81.05,852.00,64.00,0.396,4.164,0.313,banana,fresh
39199360,38768,80.95,852.00,64.00,0.396,4.164,0.313,banana,fresh
39200371,38769,81.00,851.95,63.90,0.396,4.164,0.312,banana,fresh
39201382,38770,81.00,852.05,64.00,0.396,4.164,0.313,banana,fresh
39202393,38771,80.95,852.00,63.95,0.396,4.164,0.313,banana,fresh
39203404,38772,81.05,852.00,64.00,0.396,4.164,0.313,banana,fresh
39204415,38773,81.10,852.00,64.00,0.396,4.164,0.313,banana,fresh
39205427,38774,81.00,852.00,64.00,0.396,4.164,0.313,banana,fresh
39206437,38775,81.05,852.05,64.00,0.396,4.164,0.313,banana,fresh
39207449,38776,81.00,852.00,64.00,0.396,4.164,0.313,banana,fresh
39208460,38777,81.00,852.05,64.00,0.396,4.164,0.313,banana,fresh
39209470,38778,81.05,852.00,64.00,0.396,4.164,0.313,banana,fresh
39210482,38779,81.00,852.05,64.00,0.396,4.164,0.313,banana,fresh
39211493,38780,81.00,852.05,64.00,0.396,4.164,0.313,banana,fresh
39212505,38781,81.05,852.00,64.00,0.396,4.164,0.313,banana,fresh
39213515,38782,81.00,852.05,64.00,0.396,4.164,0.313,banana,fresh
39214527,38783,81.05,852.10,64.00,0.396,4.165,0.313,banana,fresh
39215538,38784,81.00,852.00,64.00,0.396,4.164,0.313,banana,fresh
39216548,38785,81.00,852.00,64.00,0.396,4.164,0.313,banana,fresh
39217560,38786,81.00,852.05,64.00,0.396,4.164,0.313,banana,fresh
39218571,38787,81.05,852.00,64.00,0.396,4.164,0.313,banana,fresh
39219582,38788,81.00,852.00,64.00,0.396,4.164,0.313,banana,fresh
39220593,38789,80.95,852.00,64.00,0.396,4.164,0.313,banana,fresh
39221604,38790,80.95,852.05,64.00,0.396,4.164,0.313,banana,fresh
39222616,38791,80.95,852.00,64.00,0.396,4.164,0.313,banana,fresh
39223626,38792,81.00,852.00,64.00,0.396,4.164,0.313,banana,fresh
39224638,38793,81.00,852.00,64.00,0.396,4.164,0.313,banana,fresh
39225649,38794,81.00,852.00,63.95,0.396,4.164,0.313,banana,fresh
39226660,38795,81.00,852.05,64.00,0.396,4.164,0.313,banana,fresh
39227671,38796,81.05,852.00,64.00,0.396,4.164,0.313,banana,fresh
39228682,38797,81.00,852.00,64.00,0.396,4.164,0.313,banana,fresh
39229693,38798,81.00,852.00,63.95,0.396,4.164,0.313,banana,fresh
39230704,38799,80.95,852.05,64.00,0.396,4.164,0.313,banana,fresh
39231716,38800,81.05,852.05,64.00,0.396,4.164,0.313,banana,fresh
39232727,38801,80.95,852.00,63.95,0.396,4.164,0.313,banana,fresh
39233738,38802,81.00,852.05,64.00,0.396,4.164,0.313,banana,fresh
39234749,38803,81.00,852.10,63.95,0.396,4.165,0.313,banana,fresh
39235760,38804,81.00,852.05,63.90,0.396,4.164,0.312,banana,fresh
39236771,38805,81.00,852.00,63.95,0.396,4.164,0.313,banana,fresh
39237782,38806,81.00,852.00,64.00,0.396,4.164,0.313,banana,fresh
39238794,38807,81.00,852.00,63.90,0.396,4.164,0.312,banana,fresh
39239804,38808,81.00,852.00,64.00,0.396,4.164,0.313,banana,fresh
39240816,38809,80.90,852.00,64.00,0.395,4.164,0.313,banana,fresh
39241827,38810,81.00,852.00,64.00,0.396,4.164,0.313,banana,fresh
39242838,38811,81.00,852.00,63.90,0.396,4.164,0.312,banana,fresh
39243849,38812,81.00,852.00,64.05,0.396,4.164,0.313,banana,fresh
39244860,38813,81.00,852.00,64.00,0.396,4.164,0.313,banana,fresh
39245872,38814,81.00,852.00,63.95,0.396,4.164,0.313,banana,fresh
39246882,38815,81.00,852.05,63.95,0.396,4.164,0.313,banana,fresh
39247893,38816,81.00,852.00,64.00,0.396,4.164,0.313,banana,fresh
39248905,38817,81.00,852.00,64.00,0.396,4.164,0.313,banana,fresh
39249915,38818,81.00,852.00,63.95,0.396,4.164,0.313,banana,fresh
39250927,38819,81.00,852.00,64.00,0.396,4.164,0.313,banana,fresh
39251938,38820,81.00,852.05,64.00,0.396,4.164,0.313,banana,fresh
39252950,38821,81.10,852.00,63.95,0.396,4.164,0.313,banana,fresh
39253960,38822,81.00,852.05,64.00,0.396,4.164,0.313,banana,fresh
39254971,38823,80.90,852.00,64.00,0.395,4.164,0.313,banana,fresh
39255983,38824,81.00,852.00,63.95,0.396,4.164,0.313,banana,fresh
39256993,38825,81.05,852.00,64.00,0.396,4.164,0.313,banana,fresh
39258005,38826,80.90,852.15,63.95,0.395,4.165,0.313,banana,fresh
39259016,38827,80.90,852.00,63.95,0.395,4.164,0.313,banana,fresh
39260027,38828,80.95,852.10,64.00,0.396,4.165,0.313,banana,fresh
39261038,38829,81.00,852.00,64.00,0.396,4.164,0.313,banana,fresh
39262049,38830,80.85,852.10,63.95,0.395,4.165,0.313,banana,fresh
39263060,38831,81.05,852.05,64.00,0.396,4.164,0.313,banana,fresh
39264071,38832,81.00,852.05,63.95,0.396,4.164,0.313,banana,fresh
39265083,38833,81.00,852.05,64.00,0.396,4.164,0.313,banana,fresh
39266094,38834,81.05,852.00,64.00,0.396,4.164,0.313,banana,fresh
39267105,38835,81.05,852.05,63.95,0.396,4.164,0.313,banana,fresh
39268116,38836,80.90,852.05,63.95,0.395,4.164,0.313,banana,fresh
39269127,38837,80.95,852.00,64.00,0.396,4.164,0.313,banana,fresh
39270138,38838,81.00,852.00,64.00,0.396,4.164,0.313,banana,fresh
39271149,38839,81.00,852.00,63.95,0.396,4.164,0.313,banana,fresh
39272161,38840,81.00,852.05,63.80,0.396,4.164,0.312,banana,fresh
39273171,38841,80.90,852.00,63.95,0.395,4.164,0.313,banana,fresh
39274183,38842,81.00,852.00,64.00,0.396,4.164,0.313,banana,fresh
39275194,38843,81.00,852.00,63.95,0.396,4.164,0.313,banana,fresh
39276205,38844,80.95,852.00,63.95,0.396,4.164,0.313,banana,fresh
39277216,38845,81.00,852.00,63.95,0.396,4.164,0.313,banana,fresh
39278227,38846,80.90,852.00,63.95,0.395,4.164,0.313,banana,fresh
39279239,38847,80.95,852.00,63.90,0.396,4.164,0.312,banana,fresh
39280249,38848,81.00,852.05,64.00,0.396,4.164,0.313,banana,fresh
39281260,38849,81.00,852.00,63.90,0.396,4.164,0.312,banana,fresh
39282272,38850,81.00,852.00,63.95,0.396,4.164,0.313,banana,fresh
39283282,38851,80.90,852.05,64.00,0.395,4.164,0.313,banana,fresh
39284294,38852,81.00,852.00,63.95,0.396,4.164,0.313,banana,fresh
39285305,38853,81.00,852.00,64.00,0.396,4.164,0.313,banana,fresh
39286317,38854,81.00,852.00,64.00,0.396,4.164,0.313,banana,fresh
39287327,38855,81.00,852.00,64.00,0.396,4.164,0.313,banana,fresh
39288338,38856,81.05,852.00,63.95,0.396,4.164,0.313,banana,fresh
39289350,38857,80.95,852.00,63.95,0.396,4.164,0.313,banana,fresh
39290360,38858,81.00,852.00,64.00,0.396,4.164,0.313,banana,fresh
39291372,38859,80.90,852.00,63.95,0.395,4.164,0.313,banana,fresh
39292383,38860,81.00,852.00,63.80,0.396,4.164,0.312,banana,fresh
39293394,38861,81.00,852.05,64.00,0.396,4.164,0.313,banana,fresh
39294405,38862,81.05,852.00,63.95,0.396,4.164,0.313,banana,fresh
39295416,38863,81.00,852.00,63.95,0.396,4.164,0.313,banana,fresh
39296428,38864,80.95,852.00,63.95,0.396,4.164,0.313,banana,fresh
39297438,38865,81.05,852.00,64.00,0.396,4.164,0.313,banana,fresh
39298450,38866,80.95,852.05,64.00,0.396,4.164,0.313,banana,fresh
39299461,38867,81.00,852.00,63.90,0.396,4.164,0.312,banana,fresh
39300472,38868,80.90,852.05,64.00,0.395,4.164,0.313,banana,fresh
39301483,38869,80.95,852.10,64.00,0.396,4.165,0.313,banana,fresh
39302494,38870,80.95,852.05,63.95,0.396,4.164,0.313,banana,fresh
39303505,38871,80.90,852.05,64.00,0.395,4.164,0.313,banana,fresh
39304516,38872,80.95,852.00,63.85,0.396,4.164,0.312,banana,fresh
39305528,38873,81.00,852.05,63.95,0.396,4.164,0.313,banana,fresh
39306539,38874,80.95,852.05,63.95,0.396,4.164,0.313,banana,fresh
39307550,38875,80.95,852.05,63.90,0.396,4.164,0.312,banana,fresh
39308561,38876,81.00,852.05,63.95,0.396,4.164,0.313,banana,fresh
39309572,38877,81.00,852.00,64.00,0.396,4.164,0.313,banana,fresh
39310583,38878,80.95,852.00,63.95,0.396,4.164,0.313,banana,fresh
39311594,38879,80.95,852.00,63.85,0.396,4.164,0.312,banana,fresh
39312606,38880,81.00,851.95,63.95,0.396,4.164,0.313,banana,fresh
39313616,38881,81.00,852.00,63.85,0.396,4.164,0.312,banana,fresh
39314628,38882,80.95,852.10,63.90,0.396,4.165,0.312,banana,fresh
39315639,38883,80.95,852.00,64.00,0.396,4.164,0.313,banana,fresh
39316649,38884,80.95,852.05,63.95,0.396,4.164,0.313,banana,fresh
39317661,38885,80.90,852.00,63.90,0.395,4.164,0.312,banana,fresh
39318672,38886,80.90,852.00,64.00,0.395,4.164,0.313,banana,fresh
39319684,38887,80.95,852.05,63.95,0.396,4.164,0.313,banana,fresh
39320694,38888,80.95,852.00,63.85,0.396,4.164,0.312,banana,fresh
39321706,38889,80.95,852.00,63.90,0.396,4.164,0.312,banana,fresh
39322717,38890,81.00,852.00,63.95,0.396,4.164,0.313,banana,fresh
39323727,38891,80.95,852.05,64.00,0.396,4.164,0.313,banana,fresh
39324739,38892,81.00,852.00,63.95,0.396,4.164,0.313,banana,fresh
39325750,38893,80.95,852.00,64.00,0.396,4.164,0.313,banana,fresh
39326761,38894,80.95,852.00,63.90,0.396,4.164,0.312,banana,fresh
39327772,38895,80.95,852.00,64.00,0.396,4.164,0.313,banana,fresh
39328784,38896,80.95,852.00,63.90,0.396,4.164,0.312,banana,fresh
39329795,38897,80.90,852.00,63.85,0.395,4.164,0.312,banana,fresh
39330805,38898,81.00,852.00,63.85,0.396,4.164,0.312,banana,fresh
39331817,38899,81.00,852.00,63.95,0.396,4.164,0.313,banana,fresh
39332828,38900,81.05,852.00,64.00,0.396,4.164,0.313,banana,fresh
39333839,38901,80.85,852.05,64.00,0.395,4.164,0.313,banana,fresh
39334850,38902,80.90,852.00,63.95,0.395,4.164,0.313,banana,fresh
39335862,38903,81.00,852.00,63.85,0.396,4.164,0.312,banana,fresh
39336872,38904,80.95,852.00,64.00,0.396,4.164,0.313,banana,fresh
39337883,38905,81.00,852.00,63.90,0.396,4.164,0.312,banana,fresh
39338895,38906,80.95,852.00,64.00,0.396,4.164,0.313,banana,fresh
39339906,38907,80.85,852.00,64.00,0.395,4.164,0.313,banana,fresh
39340917,38908,80.95,852.00,63.95,0.396,4.164,0.313,banana,fresh
39341928,38909,80.95,852.00,63.95,0.396,4.164,0.313,banana,fresh
39342939,38910,81.00,852.00,63.80,0.396,4.164,0.312,banana,fresh
39343950,38911,80.95,852.00,63.85,0.396,4.164,0.312,banana,fresh
39344961,38912,80.95,852.00,63.85,0.396,4.164,0.312,banana,fresh
39345973,38913,80.95,852.05,64.00,0.396,4.164,0.313,banana,fresh
39346983,38914,80.95,852.00,63.80,0.396,4.164,0.312,banana,fresh
39347995,38915,80.95,852.00,63.95,0.396,4.164,0.313,banana,fresh
39349006,38916,80.95,852.00,63.90,0.396,4.164,0.312,banana,fresh
39350018,38917,81.00,852.00,63.90,0.396,4.164,0.312,banana,fresh
39351028,38918,80.90,852.00,64.00,0.395,4.164,0.313,banana,fresh
39352039,38919,80.90,852.00,63.95,0.395,4.164,0.313,banana,fresh
39353051,38920,81.00,852.00,63.95,0.396,4.164,0.313,banana,fresh
39354061,38921,80.80,852.05,63.95,0.395,4.164,0.313,banana,fresh
39355073,38922,80.95,852.00,63.95,0.396,4.164,0.313,banana,fresh
39356084,38923,80.95,852.00,63.95,0.396,4.164,0.313,banana,fresh
39357095,38924,80.95,852.00,63.90,0.396,4.164,0.312,banana,fresh
39358106,38925,81.00,852.05,63.95,0.396,4.164,0.313,banana,fresh
39359117,38926,81.00,852.00,64.00,0.396,4.164,0.313,banana,fresh
39360129,38927,80.85,852.00,63.90,0.395,4.164,0.312,banana,fresh
39361139,38928,80.90,852.00,64.00,0.395,4.164,0.313,banana,fresh
39362151,38929,80.95,852.00,64.00,0.396,4.164,0.313,banana,fresh
39363162,38930,80.95,852.00,63.95,0.396,4.164,0.313,banana,fresh
39364173,38931,80.95,852.00,63.85,0.396,4.164,0.312,banana,fresh
39365184,38932,80.95,852.00,64.00,0.396,4.164,0.313,banana,fresh
39366195,38933,81.00,852.00,63.95,0.396,4.164,0.313,banana,fresh
39367206,38934,80.90,852.00,63.80,0.395,4.164,0.312,banana,fresh
39368217,38935,80.80,852.00,63.95,0.395,4.164,0.313,banana,fresh
39369229,38936,80.85,852.00,64.00,0.395,4.164,0.313,banana,fresh
39370240,38937,80.95,851.95,63.95,0.396,4.164,0.313,banana,fresh
39371251,38938,80.85,852.00,63.90,0.395,4.164,0.312,banana,fresh
39372262,38939,80.90,851.95,63.95,0.395,4.164,0.313,banana,fresh
39373273,38940,80.90,852.00,63.75,0.395,4.164,0.312,banana,fresh
39374284,38941,80.95,852.00,64.00,0.396,4.164,0.313,banana,fresh
39375295,38942,80.85,852.00,63.85,0.395,4.164,0.312,banana,fresh
39376307,38943,80.75,852.00,63.85,0.395,4.164,0.312,banana,fresh
39377317,38944,80.85,852.00,63.85,0.395,4.164,0.312,banana,fresh
39378329,38945,80.90,852.05,63.95,0.395,4.164,0.313,banana,fresh
39379340,38946,81.00,852.00,63.95,0.396,4.164,0.313,banana,fresh
39380350,38947,80.95,852.05,64.00,0.396,4.164,0.313,banana,fresh
39381362,38948,81.00,852.00,63.90,0.396,4.164,0.312,banana,fresh
39382373,38949,80.85,852.00,64.00,0.395,4.164,0.313,banana,fresh
39383385,38950,80.95,852.00,64.00,0.396,4.164,0.313,banana,fresh
39384395,38951,80.90,852.00,63.85,0.395,4.164,0.312,banana,fresh
39385407,38952,80.90,852.00,63.95,0.395,4.164,0.313,banana,fresh
39386418,38953,81.00,852.00,64.00,0.396,4.164,0.313,banana,fresh
39387428,38954,80.90,852.00,64.00,0.395,4.164,0.313,banana,fresh
39388440,38955,80.85,852.00,63.80,0.395,4.164,0.312,banana,fresh
39389451,38956,80.95,852.00,63.85,0.396,4.164,0.312,banana,fresh
39390462,38957,80.90,852.00,64.00,0.395,4.164,0.313,banana,fresh
39391473,38958,81.00,852.00,63.90,0.396,4.164,0.312,banana,fresh
39392485,38959,80.90,852.00,64.00,0.395,4.164,0.313,banana,fresh
39393496,38960,80.90,852.00,63.75,0.395,4.164,0.312,banana,fresh
39394506,38961,80.85,852.00,63.90,0.395,4.164,0.312,banana,fresh
39395518,38962,80.90,852.00,63.90,0.395,4.164,0.312,banana,fresh
39396529,38963,80.90,852.00,63.95,0.395,4.164,0.313,banana,fresh
39397540,38964,80.75,851.95,63.95,0.395,4.164,0.313,banana,fresh
39398551,38965,80.90,852.00,63.85,0.395,4.164,0.312,banana,fresh
39399563,38966,80.85,852.00,63.95,0.395,4.164,0.313,banana,fresh
39400573,38967,80.95,852.00,63.95,0.396,4.164,0.313,banana,fresh
39401584,38968,80.95,852.00,64.00,0.396,4.164,0.313,banana,fresh
39402596,38969,81.00,852.00,63.90,0.396,4.164,0.312,banana,fresh
39403607,38970,80.90,852.00,63.90,0.395,4.164,0.312,banana,fresh
39404618,38971,80.90,852.00,63.85,0.395,4.164,0.312,banana,fresh
39405629,38972,80.85,852.00,63.90,0.395,4.164,0.312,banana,fresh
39406640,38973,80.95,852.00,63.90,0.396,4.164,0.312,banana,fresh
39407651,38974,80.90,852.00,64.00,0.395,4.164,0.313,banana,fresh
39408662,38975,80.90,852.00,63.85,0.395,4.164,0.312,banana,fresh
39409674,38976,80.90,851.95,63.90,0.395,4.164,0.312,banana,fresh
39410684,38977,80.90,852.00,63.75,0.395,4.164,0.312,banana,fresh
39411696,38978,80.95,852.00,63.90,0.396,4.164,0.312,banana,fresh
39412707,38979,80.85,851.95,63.80,0.395,4.164,0.312,banana,fresh
39413718,38980,80.75,852.00,63.95,0.395,4.164,0.313,banana,fresh
39414729,38981,80.90,852.00,63.90,0.395,4.164,0.312,banana,fresh
39415740,38982,80.95,852.00,63.90,0.396,4.164,0.312,banana,fresh
39416752,38983,80.90,852.00,63.85,0.395,4.164,0.312,banana,fresh
39417762,38984,80.80,852.00,63.90,0.395,4.164,0.312,banana,fresh
39418774,38985,80.80,852.00,63.80,0.395,4.164,0.312,banana,fresh
39419785,38986,80.90,852.00,63.95,0.395,4.164,0.313,banana,fresh
39420796,38987,80.85,852.00,63.95,0.395,4.164,0.313,banana,fresh
39421807,38988,80.85,852.00,63.80,0.395,4.164,0.312,banana,fresh
39422818,38989,80.90,852.00,63.90,0.395,4.164,0.312,banana,fresh
39423830,38990,80.85,852.00,63.85,0.395,4.164,0.312,banana,fresh
39424840,38991,81.05,852.00,63.75,0.396,4.164,0.312,banana,fresh
39425852,38992,80.80,851.95,63.85,0.395,4.164,0.312,banana,fresh
39426863,38993,80.90,852.00,63.90,0.395,4.164,0.312,banana,fresh
39427874,38994,80.90,852.00,63.80,0.395,4.164,0.312,banana,fresh
39428885,38995,80.80,852.00,63.75,0.395,4.164,0.312,banana,fresh
39429896,38996,80.80,852.05,63.95,0.395,4.164,0.313,banana,fresh
39430907,38997,80.80,852.00,63.95,0.395,4.164,0.313,banana,fresh
39431918,38998,80.80,852.00,63.90,0.395,4.164,0.312,banana,fresh
39432930,38999,80.85,852.00,63.85,0.395,4.164,0.312,banana,fresh
39433940,39000,80.95,852.00,63.85,0.396,4.164,0.312,banana,fresh
39434952,39001,80.95,851.95,63.95,0.396,4.164,0.313,banana,fresh
39435963,39002,80.80,852.00,63.80,0.395,4.164,0.312,banana,fresh
39436974,39003,80.90,852.00,63.80,0.395,4.164,0.312,banana,fresh
39437985,39004,80.80,851.95,63.75,0.395,4.164,0.312,banana,fresh
39438996,39005,80.90,852.00,63.80,0.395,4.164,0.312,banana,fresh
39440008,39006,80.95,852.00,63.80,0.396,4.164,0.312,banana,fresh
39441018,39007,80.75,852.00,63.70,0.395,4.164,0.311,banana,fresh
39442030,39008,80.80,851.95,63.90,0.395,4.164,0.312,banana,fresh
39443041,39009,80.85,851.95,63.75,0.395,4.164,0.312,banana,fresh
39444051,39010,80.90,851.95,63.90,0.395,4.164,0.312,banana,fresh
39445063,39011,81.00,852.00,63.85,0.396,4.164,0.312,banana,fresh
39446074,39012,81.00,852.00,64.00,0.396,4.164,0.313,banana,fresh
39447086,39013,80.75,852.00,63.85,0.395,4.164,0.312,banana,fresh
39448096,39014,80.95,852.00,63.85,0.396,4.164,0.312,banana,fresh
39449108,39015,80.95,852.00,63.90,0.396,4.164,0.312,banana,fresh
39450119,39016,80.85,852.00,63.90,0.395,4.164,0.312,banana,fresh
39451129,39017,80.95,851.95,64.00,0.396,4.164,0.313,banana,fresh
39452141,39018,80.80,852.00,63.90,0.395,4.164,0.312,banana,fresh
39453152,39019,80.75,852.00,63.95,0.395,4.164,0.313,banana,fresh
39454163,39020,80.75,852.00,63.70,0.395,4.164,0.311,banana,fresh
39455174,39021,80.80,852.00,63.85,0.395,4.164,0.312,banana,fresh
39456186,39022,80.75,851.95,63.75,0.395,4.164,0.312,banana,fresh
39457197,39023,80.75,852.00,63.75,0.395,4.164,0.312,banana,fresh
39458208,39024,80.80,852.05,63.85,0.395,4.164,0.312,banana,fresh
39459219,39025,80.85,852.00,63.85,0.395,4.164,0.312,banana,fresh
39460230,39026,80.70,852.05,63.85,0.394,4.164,0.312,banana,fresh
39461241,39027,80.75,852.00,64.00,0.395,4.164,0.313,banana,fresh
39462252,39028,80.90,852.00,63.95,0.395,4.164,0.313,banana,fresh
39463264,39029,80.85,852.00,63.85,0.395,4.164,0.312,banana,fresh
39464274,39030,80.90,852.00,63.95,0.395,4.164,0.313,banana,fresh
39465285,39031,80.80,852.00,63.65,0.395,4.164,0.311,banana,fresh
39466297,39032,80.95,852.00,63.95,0.396,4.164,0.313,banana,fresh
39467308,39033,80.80,851.95,63.80,0.395,4.164,0.312,banana,fresh
39468319,39034,80.70,852.00,63.80,0.394,4.164,0.312,banana,fresh
39469330,39035,80.70,852.00,63.90,0.394,4.164,0.312,banana,fresh
39470342,39036,80.75,852.00,63.85,0.395,4.164,0.312,banana,fresh
39471352,39037,80.65,852.05,63.60,0.394,4.164,0.311,banana,fresh
39472364,39038,80.80,851.95,63.95,0.395,4.164,0.313,banana,fresh
39473375,39039,80.80,852.00,63.85,0.395,4.164,0.312,banana,fresh
39474385,39040,80.70,851.95,63.75,0.394,4.164,0.312,banana,fresh
39475397,39041,80.80,852.00,63.90,0.395,4.164,0.312,banana,fresh
39476408,39042,80.85,852.00,63.85,0.395,4.164,0.312,banana,fresh
39477420,39043,80.80,851.95,63.90,0.395,4.164,0.312,banana,fresh
39478430,39044,80.85,852.00,63.85,0.395,4.164,0.312,banana,fresh
39479442,39045,80.75,852.00,63.90,0.395,4.164,0.312,banana,fresh
39480453,39046,80.85,851.90,63.80,0.395,4.164,0.312,banana,fresh
39481463,39047,80.70,851.95,63.90,0.394,4.164,0.312,banana,fresh
39482475,39048,80.80,852.00,63.75,0.395,4.164,0.312,banana,fresh
39483486,39049,80.80,852.00,63.90,0.395,4.164,0.312,banana,fresh
39484497,39050,80.85,851.95,63.90,0.395,4.164,0.312,banana,fresh
39485508,39051,80.75,851.95,63.70,0.395,4.164,0.311,banana,fresh
39486520,39052,80.85,851.95,63.90,0.395,4.164,0.312,banana,fresh
39487531,39053,80.65,852.00,63.75,0.394,4.164,0.312,banana,fresh
39488541,39054,80.80,852.00,63.90,0.395,4.164,0.312,banana,fresh
39489553,39055,80.80,852.00,63.70,0.395,4.164,0.311,banana,fresh
39490564,39056,80.80,852.00,63.85,0.395,4.164,0.312,banana,fresh
39491575,39057,80.75,851.95,63.85,0.395,4.164,0.312,banana,fresh
39492586,39058,80.70,851.95,63.70,0.394,4.164,0.311,banana,fresh
39493598,39059,80.70,852.00,63.75,0.394,4.164,0.312,banana,fresh
39494608,39060,80.70,852.00,63.80,0.394,4.164,0.312,banana,fresh
39495619,39061,80.80,852.00,63.85,0.395,4.164,0.312,banana,fresh
39496631,39062,81.00,851.95,63.75,0.396,4.164,0.312,banana,fresh
39497641,39063,80.80,851.95,63.75,0.395,4.164,0.312,banana,fresh
39498653,39064,80.75,852.00,63.70,0.395,4.164,0.311,banana,fresh
39499664,39065,80.60,852.00,63.70,0.394,4.164,0.311,banana,fresh
39500676,39066,80.70,852.00,63.80,0.394,4.164,0.312,banana,fresh
39501686,39067,80.55,851.95,63.55,0.394,4.164,0.311,banana,fresh
39502698,39068,80.95,852.00,63.65,0.396,4.164,0.311,banana,fresh
39503709,39069,80.75,851.95,63.60,0.395,4.164,0.311,banana,fresh
39504719,39070,80.70,852.00,63.75,0.394,4.164,0.312,banana,fresh
39505731,39071,80.65,852.00,63.75,0.394,4.164,0.312,banana,fresh
39506742,39072,80.65,852.00,63.75,0.394,4.164,0.312,banana,fresh
39507753,39073,80.75,852.00,63.75,0.395,4.164,0.312,banana,fresh
39508764,39074,80.85,851.95,63.70,0.395,4.164,0.311,banana,fresh
39509776,39075,80.85,852.00,63.85,0.395,4.164,0.312,banana,fresh
39510787,39076,80.85,852.00,63.60,0.395,4.164,0.311,banana,fresh
39511797,39077,80.80,852.00,63.65,0.395,4.164,0.311,banana,fresh
39512809,39078,80.90,852.00,63.70,0.395,4.164,0.311,banana,fresh
39513820,39079,80.85,851.95,63.70,0.395,4.164,0.311,banana,fresh
39514831,39080,80.45,852.00,63.70,0.393,4.164,0.311,banana,fresh
39515842,39081,80.75,852.00,63.65,0.395,4.164,0.311,banana,fresh
39516854,39082,80.80,852.00,63.60,0.395,4.164,0.311,banana,fresh
39517864,39083,80.80,851.95,63.60,0.395,4.164,0.311,banana,fresh
39518875,39084,80.90,851.95,63.70,0.395,4.164,0.311,banana,fresh
39519887,39085,80.70,852.00,63.75,0.394,4.164,0.312,banana,fresh
39520898,39086,80.80,852.00,63.70,0.395,4.164,0.311,banana,fresh
39521909,39087,80.70,852.00,63.60,0.394,4.164,0.311,banana,fresh
39522920,39088,80.90,852.00,63.70,0.395,4.164,0.311,banana,fresh
39523932,39089,80.80,852.00,63.60,0.395,4.164,0.311,banana,fresh
39524942,39090,80.70,852.00,63.70,0.394,4.164,0.311,banana,fresh
39525953,39091,80.75,852.00,63.60,0.395,4.164,0.311,banana,fresh
39526965,39092,80.65,851.95,63.70,0.394,4.164,0.311,banana,fresh
39527975,39093,80.60,851.90,63.65,0.394,4.164,0.311,banana,fresh
39528987,39094,80.70,851.95,63.70,0.394,4.164,0.311,banana,fresh
39529998,39095,80.80,852.00,63.65,0.395,4.164,0.311,banana,fresh
39531010,39096,80.75,852.00,63.70,0.395,4.164,0.311,banana,fresh
39532020,39097,80.60,851.95,63.65,0.394,4.164,0.311,banana,fresh
39533031,39098,80.60,852.00,63.65,0.394,4.164,0.311,banana,fresh
39534043,39099,80.80,851.90,63.80,0.395,4.164,0.312,banana,fresh
39535053,39100,80.70,852.05,63.55,0.394,4.164,0.311,banana,fresh
39536065,39101,80.70,851.95,63.75,0.394,4.164,0.312,banana,fresh
39537076,39102,80.60,852.00,63.85,0.394,4.164,0.312,banana,fresh
39538087,39103,80.75,851.85,63.50,0.395,4.163,0.310,banana,fresh
39539098,39104,80.70,852.00,63.50,0.394,4.164,0.310,banana,fresh
39540109,39105,80.85,851.95,63.65,0.395,4.164,0.311,banana,fresh
39541121,39106,80.80,852.00,63.45,0.395,4.164,0.310,banana,fresh
39542131,39107,80.65,852.00,63.55,0.394,4.164,0.311,banana,fresh
39543143,39108,80.90,852.00,63.65,0.395,4.164,0.311,banana,fresh
39544154,39109,80.60,851.95,63.65,0.394,4.164,0.311,banana,fresh
39545165,39110,80.65,852.00,63.75,0.394,4.164,0.312,banana,fresh
39546176,39111,80.55,852.00,63.75,0.394,4.164,0.312,banana,fresh
39547187,39112,80.75,851.95,63.50,0.395,4.164,0.310,banana,fresh
39548198,39113,80.75,852.00,63.70,0.395,4.164,0.311,banana,fresh
39549209,39114,80.55,851.90,63.55,0.394,4.164,0.311,banana,fresh
39550221,39115,80.65,851.95,63.80,0.394,4.164,0.312,banana,fresh
39551232,39116,80.75,851.90,63.60,0.395,4.164,0.311,banana,fresh
39552243,39117,80.80,852.00,63.70,0.395,4.164,0.311,banana,fresh
39553254,39118,80.70,852.00,63.80,0.394,4.164,0.312,banana,fresh
39554266,39119,80.65,851.90,63.70,0.394,4.164,0.311,banana,fresh
39555276,39120,80.70,851.95,63.60,0.394,4.164,0.311,banana,fresh
39556287,39121,80.75,852.00,63.50,0.395,4.164,0.310,banana,fresh
39557299,39122,80.65,852.00,63.40,0.394,4.164,0.310,banana,fresh
39558309,39123,80.65,852.00,63.70,0.394,4.164,0.311,banana,fresh
39559321,39124,80.70,851.95,63.45,0.394,4.164,0.310,banana,fresh
39560332,39125,80.65,851.95,63.50,0.394,4.164,0.310,banana,fresh
39561344,39126,80.75,851.95,63.80,0.395,4.164,0.312,banana,fresh
39562354,39127,80.55,852.00,63.60,0.394,4.164,0.311,banana,fresh
39563365,39128,80.65,852.00,63.65,0.394,4.164,0.311,banana,fresh
39564377,39129,80.45,852.00,63.65,0.393,4.164,0.311,banana,fresh
39565387,39130,80.50,852.00,63.50,0.393,4.164,0.310,banana,fresh
39566399,39131,80.65,851.95,63.65,0.394,4.164,0.311,banana,fresh
39567410,39132,80.55,852.05,63.40,0.394,4.164,0.310,banana,fresh
39568421,39133,80.65,852.00,63.60,0.394,4.164,0.311,banana,fresh
39569432,39134,80.85,851.95,63.50,0.395,4.164,0.310,banana,fresh
39570443,39135,80.45,852.00,63.60,0.393,4.164,0.311,banana,fresh
39571454,39136,80.70,852.00,63.45,0.394,4.164,0.310,banana,fresh
39572465,39137,80.65,852.00,63.65,0.394,4.164,0.311,banana,fresh
39573477,39138,80.60,851.90,63.65,0.394,4.164,0.311,banana,fresh
39574488,39139,80.75,851.95,63.70,0.395,4.164,0.311,banana,fresh
39575499,39140,80.80,851.95,63.60,0.395,4.164,0.311,banana,fresh
39576510,39141,80.65,852.00,63.65,0.394,4.164,0.311,banana,fresh
39577522,39142,80.70,852.00,63.65,0.394,4.164,0.311,banana,fresh
39578532,39143,80.85,852.00,63.85,0.395,4.164,0.312,banana,fresh
39579543,39144,80.60,852.00,63.55,0.394,4.164,0.311,banana,fresh
39580555,39145,80.70,851.95,63.45,0.394,4.164,0.310,banana,fresh
39581565,39146,80.65,852.00,63.65,0.394,4.164,0.311,banana,fresh
39582577,39147,80.50,852.00,63.30,0.393,4.164,0.309,banana,fresh
39583588,39148,80.80,852.00,63.70,0.395,4.164,0.311,banana,fresh
39584600,39149,80.65,851.95,63.65,0.394,4.164,0.311,banana,fresh
39585610,39150,80.70,852.00,63.65,0.394,4.164,0.311,banana,fresh
39586621,39151,80.65,852.00,63.70,0.394,4.164,0.311,banana,fresh
39587633,39152,80.70,851.95,63.65,0.394,4.164,0.311,banana,fresh
39588643,39153,80.70,851.85,63.50,0.394,4.163,0.310,banana,fresh
39589655,39154,80.70,851.90,63.80,0.394,4.164,0.312,banana,fresh
39590666,39155,80.60,851.95,63.70,0.394,4.164,0.311,banana,fresh
39591677,39156,80.70,852.00,63.60,0.394,4.164,0.311,banana,fresh
39592688,39157,80.55,851.85,63.70,0.394,4.163,0.311,banana,fresh
39593700,39158,80.70,852.00,63.55,0.394,4.164,0.311,banana,fresh
39594711,39159,80.50,851.95,63.55,0.393,4.164,0.311,banana,fresh
39595721,39160,80.65,851.95,63.65,0.394,4.164,0.311,banana,fresh
39596733,39161,80.45,851.85,63.50,0.393,4.163,0.310,banana,fresh
39597744,39162,80.55,852.00,63.55,0.394,4.164,0.311,banana,fresh
39598755,39163,80.60,852.00,63.40,0.394,4.164,0.310,banana,fresh
39599766,39164,80.75,852.00,63.50,0.395,4.164,0.310,banana,fresh
39600778,39165,80.60,852.00,63.55,0.394,4.164,0.311,banana,fresh
39601788,39166,80.85,851.90,63.65,0.395,4.164,0.311,banana,fresh
39602799,39167,80.50,851.90,63.65,0.393,4.164,0.311,banana,fresh
39603811,39168,80.65,852.00,63.60,0.394,4.164,0.311,banana,fresh
39604822,39169,80.55,852.00,63.55,0.394,4.164,0.311,banana,fresh
39605833,39170,80.50,852.00,63.50,0.393,4.164,0.310,banana,fresh
39606844,39171,80.60,851.95,63.45,0.394,4.164,0.310,banana,fresh
39607856,39172,80.80,852.00,63.45,0.395,4.164,0.310,banana,fresh
39608866,39173,80.45,851.90,63.55,0.393,4.164,0.311,banana,fresh
39609878,39174,80.55,851.90,63.45,0.394,4.164,0.310,banana,fresh
39610889,39175,80.55,852.00,63.35,0.394,4.164,0.310,banana,fresh
39611899,39176,80.45,851.95,63.35,0.393,4.164,0.310,banana,fresh
39612911,39177,80.70,851.95,63.40,0.394,4.164,0.310,banana,fresh
39613922,39178,80.45,851.95,63.70,0.393,4.164,0.311,banana,fresh
39614934,39179,80.55,852.00,63.45,0.394,4.164,0.310,banana,fresh
39615944,39180,80.40,852.00,63.65,0.393,4.164,0.311,banana,fresh
39616956,39181,80.50,851.95,63.40,0.393,4.164,0.310,banana,fresh
39617967,39182,80.60,852.00,63.65,0.394,4.164,0.311,banana,fresh
39618977,39183,80.65,852.00,63.80,0.394,4.164,0.312,banana,fresh
39619989,39184,80.75,851.95,63.45,0.395,4.164,0.310,banana,fresh
39621000,39185,80.45,851.95,63.60,0.393,4.164,0.311,banana,fresh
39622011,39186,80.35,851.95,63.35,0.393,4.164,0.310,banana,fresh
39623022,39187,80.75,852.00,63.45,0.395,4.164,0.310,banana,fresh
39624034,39188,80.40,851.95,63.50,0.393,4.164,0.310,banana,fresh
39625044,39189,80.75,851.95,63.50,0.395,4.164,0.310,banana,fresh
39626056,39190,80.35,852.00,63.60,0.393,4.164,0.311,banana,fresh
39627067,39191,80.50,851.90,63.60,0.393,4.164,0.311,banana,fresh
39628078,39192,80.75,851.95,63.20,0.395,4.164,0.309,banana,fresh
39629089,39193,80.50,851.95,63.55,0.393,4.164,0.311,banana,fresh
39630100,39194,80.35,851.90,63.45,0.393,4.164,0.310,banana,fresh
39631112,39195,80.65,851.95,63.25,0.394,4.164,0.309,banana,fresh
39632122,39196,80.50,851.95,63.50,0.393,4.164,0.310,banana,fresh
39633134,39197,80.50,851.85,63.35,0.393,4.163,0.310,banana,fresh
39634145,39198,80.50,851.95,63.55,0.393,4.164,0.311,banana,fresh
39635156,39199,80.55,851.95,63.55,0.394,4.164,0.311,banana,fresh
39636167,39200,80.60,851.80,63.35,0.394,4.163,0.310,banana,fresh
39637178,39201,80.45,851.95,63.50,0.393,4.164,0.310,banana,fresh
39638190,39202,80.75,851.90,63.50,0.395,4.164,0.310,banana,fresh
39639200,39203,80.35,851.95,63.30,0.393,4.164,0.309,banana,fresh
39640212,39204,80.55,851.90,63.30,0.394,4.164,0.309,banana,fresh
39641223,39205,80.50,851.95,63.35,0.393,4.164,0.310,banana,fresh
39642234,39206,80.60,851.95,63.40,0.394,4.164,0.310,banana,fresh
39643245,39207,80.60,851.75,63.40,0.394,4.163,0.310,banana,fresh
39644256,39208,80.45,851.95,63.50,0.393,4.164,0.310,banana,fresh
39645267,39209,80.45,851.90,63.45,0.393,4.164,0.310,banana,fresh
39646278,39210,80.50,851.95,63.50,0.393,4.164,0.310,banana,fresh
39647290,39211,80.50,852.00,63.45,0.393,4.164,0.310,banana,fresh
39648301,39212,80.55,851.95,63.35,0.394,4.164,0.310,banana,fresh
39649312,39213,80.50,851.85,63.50,0.393,4.163,0.310,banana,fresh
39650323,39214,80.65,851.90,63.50,0.394,4.164,0.310,banana,fresh
39651335,39215,80.45,852.00,63.40,0.393,4.164,0.310,banana,fresh
39652345,39216,80.55,851.90,63.40,0.394,4.164,0.310,banana,fresh
39653356,39217,80.35,851.85,63.60,0.393,4.163,0.311,banana,fresh
39654368,39218,80.45,851.85,63.50,0.393,4.163,0.310,banana,fresh
39655378,39219,80.45,851.95,63.40,0.393,4.164,0.310,banana,fresh
39656390,39220,80.60,852.00,63.30,0.394,4.164,0.309,banana,fresh
39657401,39221,80.55,852.00,63.35,0.394,4.164,0.310,banana,fresh
39658413,39222,80.45,851.70,63.60,0.393,4.163,0.311,banana,fresh
39659423,39223,80.45,851.90,63.40,0.393,4.164,0.310,banana,fresh
39660434,39224,80.40,851.95,63.50,0.393,4.164,0.310,banana,fresh
39661446,39225,80.40,851.90,63.35,0.393,4.164,0.310,banana,fresh
39662456,39226,80.40,851.90,63.25,0.393,4.164,0.309,banana,fresh
39663468,39227,80.45,851.95,63.45,0.393,4.164,0.310,banana,fresh
39664479,39228,80.55,851.90,63.45,0.394,4.164,0.310,banana,fresh
39665490,39229,80.55,851.95,63.40,0.394,4.164,0.310,banana,fresh
39666501,39230,80.55,852.00,63.25,0.394,4.164,0.309,banana,fresh
39667513,39231,80.40,851.90,63.35,0.393,4.164,0.310,banana,fresh
39668524,39232,80.45,851.80,63.30,0.393,4.163,0.309,banana,fresh
39669534,39233,80.40,851.90,63.45,0.393,4.164,0.310,banana,fresh
39670546,39234,80.50,851.95,63.40,0.393,4.164,0.310,banana,fresh
39671557,39235,80.50,852.00,63.30,0.393,4.164,0.309,banana,fresh
39672568,39236,80.45,851.85,63.40,0.393,4.163,0.310,banana,fresh
39673579,39237,80.40,851.95,63.65,0.393,4.164,0.311,banana,fresh
39674591,39238,80.50,851.90,63.35,0.393,4.164,0.310,banana,fresh
39675601,39239,80.40,851.90,63.35,0.393,4.164,0.310,banana,fresh
39676613,39240,80.55,851.90,63.30,0.394,4.164,0.309,banana,fresh
39677624,39241,80.30,851.90,63.25,0.392,4.164,0.309,banana,fresh
39678635,39242,80.45,851.90,63.30,0.393,4.164,0.309,banana,fresh
39679646,39243,80.35,851.95,63.50,0.393,4.164,0.310,banana,fresh
39680657,39244,80.30,851.95,63.55,0.392,4.164,0.311,banana,fresh
39681669,39245,80.35,851.95,63.40,0.393,4.164,0.310,banana,fresh
39682679,39246,80.55,851.95,63.55,0.394,4.164,0.311,banana,fresh
39683691,39247,80.40,851.95,63.25,0.393,4.164,0.309,banana,fresh
39684702,39248,80.20,851.75,63.30,0.392,4.163,0.309,banana,fresh
39685712,39249,80.45,851.95,63.50,0.393,4.164,0.310,banana,fresh
39686724,39250,80.25,851.85,63.50,0.392,4.163,0.310,banana,fresh
39687735,39251,80.50,851.90,63.40,0.393,4.164,0.310,banana,fresh
39688747,39252,80.35,851.85,63.30,0.393,4.163,0.309,banana,fresh
39689757,39253,80.35,851.90,63.30,0.393,4.164,0.309,banana,fresh
39690769,39254,80.35,851.90,63.10,0.393,4.164,0.308,banana,fresh
39691780,39255,80.35,851.75,63.45,0.393,4.163,0.310,banana,fresh
39692790,39256,80.25,851.95,63.45,0.392,4.164,0.310,banana,fresh
39693802,39257,80.30,851.85,63.45,0.392,4.163,0.310,banana,fresh
39694813,39258,80.30,851.90,63.30,0.392,4.164,0.309,banana,fresh
39695824,39259,80.65,851.95,63.30,0.394,4.164,0.309,banana,fresh
39696835,39260,80.10,851.95,63.35,0.391,4.164,0.310,banana,fresh
39697847,39261,80.25,851.85,63.35,0.392,4.163,0.310,banana,fresh
39698857,39262,80.25,851.80,63.30,0.392,4.163,0.309,banana,fresh
39699868,39263,80.20,851.95,63.30,0.392,4.164,0.309,banana,fresh
39700880,39264,80.10,851.85,63.20,0.391,4.163,0.309,banana,fresh
39701891,39265,80.15,851.95,63.30,0.392,4.164,0.309,banana,fresh
39702902,39266,80.40,851.90,63.25,0.393,4.164,0.309,banana,fresh
39703913,39267,80.45,851.80,63.40,0.393,4.163,0.310,banana,fresh
39704925,39268,80.25,851.90,63.25,0.392,4.164,0.309,banana,fresh
39705935,39269,80.30,851.95,63.45,0.392,4.164,0.310,banana,fresh
39706947,39270,80.25,851.90,63.35,0.392,4.164,0.310,banana,fresh
39707958,39271,80.40,851.85,63.35,0.393,4.163,0.310,banana,fresh
39708968,39272,80.35,851.90,63.20,0.393,4.164,0.309,banana,fresh
39709980,39273,80.15,851.90,63.50,0.392,4.164,0.310,banana,fresh
39710991,39274,80.60,851.85,63.35,0.394,4.163,0.310,banana,fresh
39712003,39275,80.50,851.95,63.20,0.393,4.164,0.309,banana,fresh
39713013,39276,80.25,851.95,63.25,0.392,4.164,0.309,banana,fresh
39714025,39277,80.20,851.85,63.35,0.392,4.163,0.310,banana,fresh
39715036,39278,80.45,851.75,63.15,0.393,4.163,0.309,banana,fresh
39716047,39279,80.40,851.95,63.35,0.393,4.164,0.310,banana,fresh
39717058,39280,80.30,851.80,63.30,0.392,4.163,0.309,banana,fresh
39718069,39281,80.40,851.95,63.35,0.393,4.164,0.310,banana,fresh
39719080,39282,80.30,851.80,63.30,0.392,4.163,0.309,banana,fresh
39720091,39283,80.40,852.00,63.30,0.393,4.164,0.309,banana,fresh
39721103,39284,80.35,851.85,63.15,0.393,4.163,0.309,banana,fresh
39722114,39285,80.40,851.90,63.35,0.393,4.164,0.310,banana,fresh
39723125,39286,80.30,851.95,63.25,0.392,4.164,0.309,banana,fresh
39724136,39287,80.25,851.95,63.15,0.392,4.164,0.309,banana,fresh
39725147,39288,80.35,851.80,63.10,0.393,4.163,0.308,banana,fresh
39726158,39289,80.35,851.90,63.10,0.393,4.164,0.308,banana,fresh
39727169,39290,80.30,851.75,63.20,0.392,4.163,0.309,banana,fresh
39728181,39291,80.35,851.85,63.30,0.393,4.163,0.309,banana,fresh
39729191,39292,80.35,851.95,63.15,0.393,4.164,0.309,banana,fresh
39730203,39293,80.35,852.00,63.00,0.393,4.164,0.308,banana,fresh
39731214,39294,80.30,851.90,63.20,0.392,4.164,0.309,banana,fresh
39732225,39295,80.20,851.85,63.10,0.392,4.163,0.308,banana,fresh
39733236,39296,80.45,851.80,63.10,0.393,4.163,0.308,banana,fresh
39734247,39297,80.25,851.80,63.20,0.392,4.163,0.309,banana,fresh
39735259,39298,80.50,851.85,63.20,0.393,4.163,0.309,banana,fresh
39736269,39299,80.30,851.85,63.20,0.392,4.163,0.309,banana,fresh
39737281,39300,80.30,851.90,63.15,0.392,4.164,0.309,banana,fresh
39738292,39301,80.25,852.00,63.20,0.392,4.164,0.309,banana,fresh
39739303,39302,80.40,851.95,63.05,0.393,4.164,0.308,banana,fresh
39740314,39303,80.30,851.90,63.15,0.392,4.164,0.309,banana,fresh
39741325,39304,80.25,851.95,63.10,0.392,4.164,0.308,banana,fresh
39742337,39305,80.45,851.75,63.25,0.393,4.163,0.309,banana,fresh
39743347,39306,80.30,851.80,63.20,0.392,4.163,0.309,banana,fresh
39744359,39307,80.40,851.85,63.20,0.393,4.163,0.309,banana,fresh
39745370,39308,80.40,851.80,63.15,0.393,4.163,0.309,banana,fresh
39746381,39309,80.30,851.95,63.15,0.392,4.164,0.309,banana,fresh
39747392,39310,80.15,851.85,63.30,0.392,4.163,0.309,banana,fresh
39748404,39311,80.30,851.85,63.20,0.392,4.163,0.309,banana,fresh
39749414,39312,80.30,851.75,63.10,0.392,4.163,0.308,banana,fresh
39750425,39313,80.35,851.90,63.05,0.393,4.164,0.308,banana,fresh
39751437,39314,80.15,851.85,63.05,0.392,4.163,0.308,banana,fresh
39752448,39315,80.35,851.90,63.05,0.393,4.164,0.308,banana,fresh
39753459,39316,80.20,851.75,63.10,0.392,4.163,0.308,banana,fresh
39754470,39317,80.25,851.95,63.15,0.392,4.164,0.309,banana,fresh
39755482,39318,80.30,851.85,63.20,0.392,4.163,0.309,banana,fresh
39756492,39319,80.25,851.85,63.05,0.392,4.163,0.308,banana,fresh
39757503,39320,80.20,851.95,63.15,0.392,4.164,0.309,banana,fresh
39758515,39321,80.05,851.80,63.30,0.391,4.163,0.309,banana,fresh
39759525,39322,80.10,851.85,63.10,0.391,4.163,0.308,banana,fresh
39760537,39323,80.40,851.90,63.20,0.393,4.164,0.309,banana,fresh
39761548,39324,80.20,851.75,63.25,0.392,4.163,0.309,banana,fresh
39762560,39325,80.25,851.75,63.25,0.392,4.163,0.309,banana,fresh
39763570,39326,80.35,851.70,63.25,0.393,4.163,0.309,banana,fresh
39764582,39327,80.35,851.95,63.25,0.393,4.164,0.309,banana,fresh
39765593,39328,80.20,851.85,63.15,0.392,4.163,0.309,banana,fresh
39766603,39329,80.65,851.95,63.30,0.394,4.164,0.309,banana,fresh
39767615,39330,80.20,851.85,63.10,0.392,4.163,0.308,banana,fresh
39768626,39331,80.15,851.90,63.20,0.392,4.164,0.309,banana,fresh
39769637,39332,80.30,851.90,63.30,0.392,4.164,0.309,banana,fresh
39770648,39333,80.20,851.95,63.15,0.392,4.164,0.309,banana,fresh
39771660,39334,80.25,851.75,63.15,0.392,4.163,0.309,banana,fresh
39772670,39335,80.40,851.65,63.15,0.393,4.163,0.309,banana,fresh
39773681,39336,80.25,851.90,63.05,0.392,4.164,0.308,banana,fresh
39774693,39337,80.30,851.80,63.00,0.392,4.163,0.308,banana,fresh
39775704,39338,80.10,851.95,63.15,0.391,4.164,0.309,banana,fresh
39776715,39339,80.20,851.80,63.15,0.392,4.163,0.309,banana,fresh
39777726,39340,80.35,851.90,63.15,0.393,4.164,0.309,banana,fresh
39778738,39341,80.30,851.70,63.15,0.392,4.163,0.309,banana,fresh
39779748,39342,80.15,851.90,63.10,0.392,4.164,0.308,banana,fresh
39780759,39343,80.20,851.95,63.10,0.392,4.164,0.308,banana,fresh
39781771,39344,80.10,851.80,63.25,0.391,4.163,0.309,banana,fresh
39782781,39345,80.30,851.95,63.00,0.392,4.164,0.308,banana,fresh
39783793,39346,80.35,851.85,63.30,0.393,4.163,0.309,banana,fresh
39784804,39347,80.20,851.90,63.15,0.392,4.164,0.309,banana,fresh
39785816,39348,80.40,852.05,63.15,0.393,4.164,0.309,banana,fresh
39786826,39349,80.15,851.90,63.15,0.392,4.164,0.309,banana,fresh
39787837,39350,80.20,851.80,63.20,0.392,4.163,0.309,banana,fresh
39788849,39351,80.30,851.80,63.20,0.392,4.163,0.309,banana,fresh
39789859,39352,80.20,851.95,63.20,0.392,4.164,0.309,banana,fresh
39790871,39353,80.20,851.85,63.25,0.392,4.163,0.309,banana,fresh
39791882,39354,80.30,852.00,63.20,0.392,4.164,0.309,banana,fresh
39792893,39355,80.25,851.95,63.20,0.392,4.164,0.309,banana,fresh
39793904,39356,80.25,851.80,63.05,0.392,4.163,0.308,banana,fresh
39794915,39357,80.30,851.95,63.15,0.392,4.164,0.309,banana,fresh
39795927,39358,80.55,851.80,63.20,0.394,4.163,0.309,banana,fresh
39796937,39359,80.20,851.80,63.20,0.392,4.163,0.309,banana,fresh
39797949,39360,80.30,852.00,63.30,0.392,4.164,0.309,banana,fresh
39798960,39361,80.20,851.80,63.10,0.392,4.163,0.308,banana,fresh
39799971,39362,80.40,851.90,63.35,0.393,4.164,0.310,banana,fresh
39800982,39363,80.20,851.90,63.15,0.392,4.164,0.309,banana,fresh
39801994,39364,80.30,851.85,63.25,0.392,4.163,0.309,banana,fresh
39803004,39365,80.25,851.90,63.15,0.392,4.164,0.309,banana,fresh
39804015,39366,80.30,851.75,63.25,0.392,4.163,0.309,banana,fresh
39805027,39367,80.20,852.00,63.40,0.392,4.164,0.310,banana,fresh
39806038,39368,80.10,851.70,63.20,0.391,4.163,0.309,banana,fresh
39807049,39369,80.25,851.90,63.20,0.392,4.164,0.309,banana,fresh
39808060,39370,80.20,851.90,63.25,0.392,4.164,0.309,banana,fresh
39809072,39371,80.10,851.85,63.15,0.391,4.163,0.309,banana,fresh
39810082,39372,80.30,851.75,63.30,0.392,4.163,0.309,banana,fresh
39811093,39373,80.25,852.00,63.10,0.392,4.164,0.308,banana,fresh
39812105,39374,80.25,851.85,63.20,0.392,4.163,0.309,banana,fresh
39813115,39375,80.20,851.80,63.40,0.392,4.163,0.310,banana,fresh
39814127,39376,80.30,851.80,63.20,0.392,4.163,0.309,banana,fresh
39815138,39377,80.20,851.95,63.05,0.392,4.164,0.308,banana,fresh
39816150,39378,80.20,851.95,63.20,0.392,4.164,0.309,banana,fresh
39817160,39379,80.10,851.80,63.15,0.391,4.163,0.309,banana,fresh
39818171,39380,80.20,851.90,63.35,0.392,4.164,0.310,banana,fresh
39819183,39381,80.15,851.80,63.20,0.392,4.163,0.309,banana,fresh
39820193,39382,80.05,851.80,63.20,0.391,4.163,0.309,banana,fresh
39821205,39383,80.30,851.80,63.15,0.392,4.163,0.309,banana,fresh
39822216,39384,80.20,851.90,63.15,0.392,4.164,0.309,banana,fresh
39823227,39385,80.40,852.00,63.40,0.393,4.164,0.310,banana,fresh
39824238,39386,80.15,851.70,63.15,0.392,4.163,0.309,banana,fresh
39825250,39387,80.10,851.80,63.10,0.391,4.163,0.308,banana,fresh
39826260,39388,80.10,851.90,63.20,0.391,4.164,0.309,banana,fresh
39827271,39389,80.25,851.75,63.10,0.392,4.163,0.308,banana,fresh
39828283,39390,80.15,851.90,63.10,0.392,4.164,0.308,banana,fresh
39829294,39391,80.25,851.85,63.30,0.392,4.163,0.309,banana,fresh
39830305,39392,80.25,851.95,63.30,0.392,4.164,0.309,banana,fresh
39831316,39393,80.20,851.90,63.30,0.392,4.164,0.309,banana,fresh
39832328,39394,80.10,851.75,63.15,0.391,4.163,0.309,banana,fresh
39833338,39395,80.10,851.85,63.15,0.391,4.163,0.309,banana,fresh
39834350,39396,80.20,851.90,63.15,0.392,4.164,0.309,banana,fresh
39835361,39397,80.25,851.85,63.10,0.392,4.163,0.308,banana,fresh
39836371,39398,80.15,851.85,63.15,0.392,4.163,0.309,banana,fresh
39837383,39399,80.15,851.95,63.15,0.392,4.164,0.309,banana,fresh
39838394,39400,80.10,851.80,63.15,0.391,4.163,0.309,banana,fresh
39839406,39401,80.25,851.95,63.20,0.392,4.164,0.309,banana,fresh
39840416,39402,80.20,851.85,63.30,0.392,4.163,0.309,banana,fresh
39841428,39403,80.25,851.95,63.25,0.392,4.164,0.309,banana,fresh
39842439,39404,80.25,851.75,63.25,0.392,4.163,0.309,banana,fresh
39843449,39405,80.30,851.90,63.25,0.392,4.164,0.309,banana,fresh
39844461,39406,80.40,851.85,63.10,0.393,4.163,0.308,banana,fresh
39845472,39407,80.35,851.80,63.10,0.393,4.163,0.308,banana,fresh
39846483,39408,80.25,851.95,63.25,0.392,4.164,0.309,banana,fresh
39847494,39409,80.15,851.75,63.20,0.392,4.163,0.309,banana,fresh
39848506,39410,80.15,851.85,63.10,0.392,4.163,0.308,banana,fresh
39849517,39411,80.10,851.85,63.15,0.391,4.163,0.309,banana,fresh
39850528,39412,80.25,851.80,63.30,0.392,4.163,0.309,banana,fresh
39851539,39413,80.15,851.85,63.15,0.392,4.163,0.309,banana,fresh
39852550,39414,80.25,851.90,63.05,0.392,4.164,0.308,banana,fresh
39853561,39415,80.20,851.85,63.05,0.392,4.163,0.308,banana,fresh
39854572,39416,80.30,851.85,63.15,0.392,4.163,0.309,banana,fresh
39855584,39417,80.25,851.95,63.00,0.392,4.164,0.308,banana,fresh
39856594,39418,80.10,851.90,63.20,0.391,4.164,0.309,banana,fresh
39857606,39419,80.15,851.90,63.05,0.392,4.164,0.308,banana,fresh
39858617,39420,80.20,851.70,63.15,0.392,4.163,0.309,banana,fresh
39859628,39421,80.15,851.60,63.15,0.392,4.162,0.309,banana,fresh
39860639,39422,80.30,851.85,63.05,0.392,4.163,0.308,banana,fresh
39861650,39423,80.20,851.85,63.10,0.392,4.163,0.308,banana,fresh
39862662,39424,80.30,851.80,63.10,0.392,4.163,0.308,banana,fresh
39863672,39425,80.15,851.80,63.10,0.392,4.163,0.308,banana,fresh
39864684,39426,80.35,851.80,63.15,0.393,4.163,0.309,banana,fresh
39865695,39427,80.30,851.75,63.05,0.392,4.163,0.308,banana,fresh
39866705,39428,80.30,851.90,63.25,0.392,4.164,0.309,banana,fresh
39867717,39429,80.20,851.90,63.05,0.392,4.164,0.308,banana,fresh
39868728,39430,80.10,851.70,63.10,0.391,4.163,0.308,banana,fresh
39869740,39431,80.30,851.90,63.15,0.392,4.164,0.309,banana,fresh
39870750,39432,80.25,851.70,63.10,0.392,4.163,0.308,banana,fresh
39871762,39433,80.20,851.85,63.10,0.392,4.163,0.308,banana,fresh
39872773,39434,80.20,851.85,63.15,0.392,4.163,0.309,banana,fresh
39873784,39435,80.35,851.80,63.05,0.393,4.163,0.308,banana,fresh
39874795,39436,80.25,851.80,63.00,0.392,4.163,0.308,banana,fresh
39875806,39437,80.20,851.60,63.00,0.392,4.162,0.308,banana,fresh
39876817,39438,80.15,851.90,63.15,0.392,4.164,0.309,banana,fresh
39877828,39439,80.10,851.75,63.25,0.391,4.163,0.309,banana,fresh
39878840,39440,80.15,851.75,63.05,0.392,4.163,0.308,banana,fresh
39879851,39441,80.25,851.75,63.15,0.392,4.163,0.309,banana,fresh
39880862,39442,80.15,851.80,63.20,0.392,4.163,0.309,banana,fresh
39881873,39443,80.15,851.85,63.05,0.392,4.163,0.308,banana,fresh
39882885,39444,80.10,851.80,63.10,0.391,4.163,0.308,banana,fresh
39883895,39445,80.30,851.65,63.05,0.392,4.163,0.308,banana,fresh
39884906,39446,80.10,851.80,63.10,0.391,4.163,0.308,banana,fresh
39885918,39447,80.15,851.80,63.10,0.392,4.163,0.308,banana,fresh
39886928,39448,80.05,851.85,63.05,0.391,4.163,0.308,banana,fresh
39887940,39449,80.15,851.85,63.15,0.392,4.163,0.309,banana,fresh
39888951,39450,80.05,851.90,63.10,0.391,4.164,0.308,banana,fresh
39889963,39451,80.10,851.70,63.05,0.391,4.163,0.308,banana,fresh
39890973,39452,80.35,851.45,63.15,0.393,4.162,0.309,banana,fresh
39891984,39453,80.25,851.75,63.00,0.392,4.163,0.308,banana,fresh
39892996,39454,80.15,851.75,63.05,0.392,4.163,0.308,banana,fresh
39894006,39455,80.25,851.85,63.15,0.392,4.163,0.309,banana,fresh
39895018,39456,80.30,851.85,63.30,0.392,4.163,0.309,banana,fresh
39896029,39457,80.15,851.50,63.00,0.392,4.162,0.308,banana,fresh
39897040,39458,80.05,851.80,63.05,0.391,4.163,0.308,banana,fresh
39898051,39459,80.30,851.85,63.10,0.392,4.163,0.308,banana,fresh
39899062,39460,80.25,851.85,63.05,0.392,4.163,0.308,banana,fresh
39900073,39461,80.20,851.80,63.10,0.392,4.163,0.308,banana,fresh
39901084,39462,80.25,851.80,63.00,0.392,4.163,0.308,banana,fresh
39902096,39463,80.05,851.55,63.00,0.391,4.162,0.308,banana,fresh
39903107,39464,80.25,851.75,63.15,0.392,4.163,0.309,banana,fresh
39904118,39465,80.20,851.60,63.05,0.392,4.162,0.308,banana,fresh
39905129,39466,80.20,851.65,63.15,0.392,4.163,0.309,banana,fresh
39906141,39467,80.10,851.80,63.15,0.391,4.163,0.309,banana,fresh
39907151,39468,80.00,851.70,63.05,0.391,4.163,0.308,banana,fresh
39908162,39469,80.50,851.85,63.05,0.393,4.163,0.308,banana,fresh
39909174,39470,80.15,851.65,63.00,0.392,4.163,0.308,banana,fresh
39910184,39471,80.25,851.70,63.25,0.392,4.163,0.309,banana,fresh
39911196,39472,80.15,851.75,63.00,0.392,4.163,0.308,banana,fresh
39912207,39473,80.15,851.80,63.10,0.392,4.163,0.308,banana,fresh
39913219,39474,80.15,851.60,62.95,0.392,4.162,0.308,banana,fresh
39914229,39475,80.35,851.70,63.10,0.393,4.163,0.308,banana,fresh
39915240,39476,80.15,851.80,63.05,0.392,4.163,0.308,banana,fresh
39916252,39477,80.15,851.75,63.10,0.392,4.163,0.308,banana,fresh
39917262,39478,80.15,851.75,63.00,0.392,4.163,0.308,banana,fresh
39918274,39479,80.10,851.90,63.05,0.391,4.164,0.308,banana,fresh
39919285,39480,80.15,851.75,62.95,0.392,4.163,0.308,banana,fresh
39920296,39481,80.10,851.80,63.15,0.391,4.163,0.309,banana,fresh
39921307,39482,80.05,851.65,62.95,0.391,4.163,0.308,banana,fresh
39922319,39483,80.20,851.70,63.10,0.392,4.163,0.308,banana,fresh
39923330,39484,80.25,851.85,63.05,0.392,4.163,0.308,banana,fresh
39924340,39485,80.10,851.60,63.05,0.391,4.162,0.308,banana,fresh
39925352,39486,80.15,851.80,63.10,0.392,4.163,0.308,banana,fresh
39926363,39487,80.05,851.85,63.00,0.391,4.163,0.308,banana,fresh
39927374,39488,80.25,851.85,62.90,0.392,4.163,0.307,banana,fresh
39928385,39489,80.20,851.80,63.10,0.392,4.163,0.308,banana,fresh
39929397,39490,80.10,851.70,63.00,0.391,4.163,0.308,banana,fresh
39930407,39491,80.15,851.65,62.95,0.392,4.163,0.308,banana,fresh
39931418,39492,80.20,851.80,63.00,0.392,4.163,0.308,banana,fresh
39932430,39493,80.15,851.75,63.00,0.392,4.163,0.308,banana,fresh
39933441,39494,80.15,851.60,63.00,0.392,4.162,0.308,banana,fresh
39934452,39495,80.10,851.65,63.00,0.391,4.163,0.308,banana,fresh
39935463,39496,80.10,851.85,63.05,0.391,4.163,0.308,banana,fresh
39936475,39497,80.40,851.90,63.05,0.393,4.164,0.308,banana,fresh
39937485,39498,80.15,851.80,63.00,0.392,4.163,0.308,banana,fresh
39938496,39499,80.15,851.85,63.00,0.392,4.163,0.308,banana,fresh
39939508,39500,80.15,851.55,63.05,0.392,4.162,0.308,banana,fresh
39940518,39501,80.10,851.70,63.10,0.391,4.163,0.308,banana,fresh
39941530,39502,80.15,851.90,63.10,0.392,4.164,0.308,banana,fresh
39942541,39503,80.10,851.70,63.00,0.391,4.163,0.308,banana,fresh
39943553,39504,80.10,851.90,63.10,0.391,4.164,0.308,banana,fresh
39944563,39505,80.20,851.65,62.95,0.392,4.163,0.308,banana,fresh
39945575,39506,80.10,851.80,63.10,0.391,4.163,0.308,banana,fresh
39946586,39507,80.15,851.60,63.05,0.392,4.162,0.308,banana,fresh
39947596,39508,80.00,851.75,63.05,0.391,4.163,0.308,banana,fresh
39948608,39509,80.05,851.60,62.95,0.391,4.162,0.308,banana,fresh
39949619,39510,80.10,851.65,63.05,0.391,4.163,0.308,banana,fresh
39950630,39511,80.10,851.60,62.95,0.391,4.162,0.308,banana,fresh
39951641,39512,80.20,851.75,62.95,0.392,4.163,0.308,banana,fresh
39952653,39513,80.15,851.50,63.05,0.392,4.162,0.308,banana,fresh
39953664,39514,80.15,851.60,63.05,0.392,4.162,0.308,banana,fresh
39954674,39515,80.15,851.65,63.10,0.392,4.163,0.308,banana,fresh
39955686,39516,80.15,851.65,63.05,0.392,4.163,0.308,banana,fresh
39956697,39517,80.20,851.75,63.05,0.392,4.163,0.308,banana,fresh
39957708,39518,80.15,851.75,63.05,0.392,4.163,0.308,banana,fresh
39958719,39519,80.15,851.70,63.10,0.392,4.163,0.308,banana,fresh
39959731,39520,80.10,851.75,63.00,0.391,4.163,0.308,banana,fresh
39960741,39521,80.20,851.85,63.10,0.392,4.163,0.308,banana,fresh
39961752,39522,80.05,851.80,63.05,0.391,4.163,0.308,banana,fresh
39962764,39523,80.00,851.60,63.00,0.391,4.162,0.308,banana,fresh
39963774,39524,80.05,851.70,63.05,0.391,4.163,0.308,banana,fresh
39964786,39525,80.15,851.65,63.00,0.392,4.163,0.308,banana,fresh
39965797,39526,80.00,851.65,63.05,0.391,4.163,0.308,banana,fresh
39966809,39527,80.10,851.55,63.05,0.391,4.162,0.308,banana,fresh
39967819,39528,80.25,851.65,63.05,0.392,4.163,0.308,banana,fresh
39968831,39529,80.20,851.90,63.15,0.392,4.164,0.309,banana,fresh
39969842,39530,80.10,851.75,62.95,0.391,4.163,0.308,banana,fresh
39970852,39531,80.05,851.70,63.00,0.391,4.163,0.308,banana,fresh
39971864,39532,80.10,851.70,63.10,0.391,4.163,0.308,banana,fresh
39972875,39533,80.05,851.85,63.00,0.391,4.163,0.308,banana,fresh
39973886,39534,80.10,851.60,62.95,0.391,4.162,0.308,banana,fresh
39974897,39535,80.05,851.80,63.00,0.391,4.163,0.308,banana,fresh
39975909,39536,80.05,851.80,63.05,0.391,4.163,0.308,banana,fresh
39976920,39537,80.15,851.80,62.85,0.392,4.163,0.307,banana,fresh
39977930,39538,80.15,851.70,63.00,0.392,4.163,0.308,banana,fresh
39978942,39539,80.10,851.70,63.00,0.391,4.163,0.308,banana,fresh
39979953,39540,80.05,851.75,63.00,0.391,4.163,0.308,banana,fresh
39980964,39541,80.15,851.60,63.00,0.392,4.162,0.308,banana,fresh
39981975,39542,80.20,851.80,62.95,0.392,4.163,0.308,banana,fresh
39982987,39543,80.10,851.70,63.00,0.391,4.163,0.308,banana,fresh
39983997,39544,80.15,851.60,63.05,0.392,4.162,0.308,banana,fresh
39985008,39545,80.00,851.80,62.90,0.391,4.163,0.307,banana,fresh
39986020,39546,80.10,851.55,62.95,0.391,4.162,0.308,banana,fresh
39987031,39547,80.05,851.75,63.05,0.391,4.163,0.308,banana,fresh
39988042,39548,80.00,851.60,63.05,0.391,4.162,0.308,banana,fresh
39989053,39549,80.05,851.75,63.10,0.391,4.163,0.308,banana,fresh
39990065,39550,80.10,851.45,63.00,0.391,4.162,0.308,banana,fresh
39991075,39551,80.00,851.55,62.90,0.391,4.162,0.307,banana,fresh
39992086,39552,80.05,851.70,63.00,0.391,4.163,0.308,banana,fresh
39993098,39553,80.15,851.55,63.05,0.392,4.162,0.308,banana,fresh
39994108,39554,80.05,851.55,63.10,0.391,4.162,0.308,banana,fresh
39995120,39555,80.00,851.85,63.05,0.391,4.163,0.308,banana,fresh
39996131,39556,80.05,851.70,63.10,0.391,4.163,0.308,banana,fresh
39997143,39557,80.10,851.50,63.10,0.391,4.162,0.308,banana,fresh
39998153,39558,80.05,851.65,63.00,0.391,4.163,0.308,banana,fresh
39999164,39559,80.00,851.55,63.00,0.391,4.162,0.308,banana,fresh
40000176,39560,80.00,851.45,63.05,0.391,4.162,0.308,banana,fresh
40001186,39561,80.15,851.75,63.05,0.392,4.163,0.308,banana,fresh
40002198,39562,80.10,851.60,63.10,0.391,4.162,0.308,banana,fresh
40003209,39563,80.05,851.65,62.95,0.391,4.163,0.308,banana,fresh
40004220,39564,80.05,851.55,63.10,0.391,4.162,0.308,banana,fresh
40005231,39565,80.05,851.55,63.05,0.391,4.162,0.308,banana,fresh
40006242,39566,80.00,851.45,63.05,0.391,4.162,0.308,banana,fresh
40007254,39567,80.00,851.55,63.00,0.391,4.162,0.308,banana,fresh
40008264,39568,80.05,851.55,63.00,0.391,4.162,0.308,banana,fresh
40009276,39569,80.05,851.85,63.00,0.391,4.163,0.308,banana,fresh
40010287,39570,80.10,851.55,63.05,0.391,4.162,0.308,banana,fresh
40011298,39571,80.00,851.75,63.00,0.391,4.163,0.308,banana,fresh
40012309,39572,80.10,851.75,62.95,0.391,4.163,0.308,banana,fresh
40013320,39573,80.00,851.70,63.05,0.391,4.163,0.308,banana,fresh
40014331,39574,80.15,851.65,63.00,0.392,4.163,0.308,banana,fresh
40015342,39575,80.15,851.55,62.95,0.392,4.162,0.308,banana,fresh
40016354,39576,80.05,851.65,63.05,0.391,4.163,0.308,banana,fresh
40017364,39577,80.05,851.50,63.05,0.391,4.162,0.308,banana,fresh
40018376,39578,80.05,851.70,63.15,0.391,4.163,0.309,banana,fresh
40019387,39579,80.00,851.60,63.05,0.391,4.162,0.308,banana,fresh
40020399,39580,80.05,851.60,63.05,0.391,4.162,0.308,banana,fresh
40021409,39581,80.05,851.55,62.95,0.391,4.162,0.308,banana,fresh
40022420,39582,80.10,851.80,62.95,0.391,4.163,0.308,banana,fresh
40023432,39583,80.00,851.65,63.10,0.391,4.163,0.308,banana,fresh
40024442,39584,80.10,851.60,63.00,0.391,4.162,0.308,banana,fresh
40025454,39585,80.05,851.65,62.80,0.391,4.163,0.307,banana,fresh
40026465,39586,80.05,851.30,62.90,0.391,4.161,0.307,banana,fresh
40027476,39587,80.10,851.60,63.00,0.391,4.162,0.308,banana,fresh
40028487,39588,80.05,851.55,63.15,0.391,4.162,0.309,banana,fresh
40029498,39589,80.05,851.65,63.00,0.391,4.163,0.308,banana,fresh
40030510,39590,80.05,851.60,63.00,0.391,4.162,0.308,banana,fresh
40031520,39591,80.05,851.70,63.00,0.391,4.163,0.308,banana,fresh
40032532,39592,80.05,851.60,62.95,0.391,4.162,0.308,banana,fresh
40033543,39593,80.10,851.45,63.00,0.391,4.162,0.308,banana,fresh
40034554,39594,80.05,851.65,63.00,0.391,4.163,0.308,banana,fresh
40035565,39595,80.15,851.50,62.95,0.392,4.162,0.308,banana,fresh
40036577,39596,80.05,851.50,62.90,0.391,4.162,0.307,banana,fresh
40037587,39597,80.05,851.50,62.90,0.391,4.162,0.307,banana,fresh
40038598,39598,80.05,851.55,63.00,0.391,4.162,0.308,banana,fresh
40039610,39599,80.05,851.65,62.95,0.391,4.163,0.308,banana,fresh
40040621,39600,80.00,851.60,63.00,0.391,4.162,0.308,banana,fresh
40041632,39601,80.05,851.60,63.00,0.391,4.162,0.308,banana,fresh
40042643,39602,80.15,851.80,63.00,0.392,4.163,0.308,banana,fresh
40043655,39603,80.05,851.60,62.75,0.391,4.162,0.307,banana,fresh
40044665,39604,80.05,851.50,62.90,0.391,4.162,0.307,banana,fresh
40045676,39605,80.05,851.60,63.00,0.391,4.162,0.308,banana,fresh
40046688,39606,80.00,851.45,63.05,0.391,4.162,0.308,banana,fresh
40047698,39607,80.10,851.55,62.90,0.391,4.162,0.307,banana,fresh
40048710,39608,80.05,851.65,62.95,0.391,4.163,0.308,banana,fresh
40049721,39609,80.05,851.60,62.95,0.391,4.162,0.308,banana,fresh
40050733,39610,80.00,851.40,63.00,0.391,4.161,0.308,banana,fresh
40051743,39611,80.00,851.55,63.00,0.391,4.162,0.308,banana,fresh
40052754,39612,80.05,851.60,63.10,0.391,4.162,0.308,banana,fresh
40053766,39613,80.05,851.70,62.95,0.391,4.163,0.308,banana,fresh
40054776,39614,80.00,851.60,62.95,0.391,4.162,0.308,banana,fresh
40055788,39615,80.05,851.50,63.00,0.391,4.162,0.308,banana,fresh
40056799,39616,80.05,851.55,62.95,0.391,4.162,0.308,banana,fresh
40057810,39617,80.05,851.55,62.95,0.391,4.162,0.308,banana,fresh
40058821,39618,80.00,851.75,63.00,0.391,4.163,0.308,banana,fresh
40059832,39619,80.05,851.45,62.90,0.391,4.162,0.307,banana,fresh
40060844,39620,80.05,851.60,62.95,0.391,4.162,0.308,banana,fresh
40061854,39621,80.00,851.60,62.95,0.391,4.162,0.308,banana,fresh
40062866,39622,80.05,851.55,63.05,0.391,4.162,0.308,banana,fresh
40063877,39623,80.00,851.50,62.95,0.391,4.162,0.308,banana,fresh
40064888,39624,80.05,851.60,62.95,0.391,4.162,0.308,banana,fresh
40065899,39625,80.00,851.55,63.00,0.391,4.162,0.308,banana,fresh
40066910,39626,80.00,851.30,62.90,0.391,4.161,0.307,banana,fresh
40067921,39627,80.00,851.55,62.90,0.391,4.162,0.307,banana,fresh
40068932,39628,80.00,851.35,63.00,0.391,4.161,0.308,banana,fresh
40069944,39629,80.00,851.35,62.90,0.391,4.161,0.307,banana,fresh
40070955,39630,80.10,851.50,63.10,0.391,4.162,0.308,banana,fresh
40071966,39631,80.05,851.30,62.95,0.391,4.161,0.308,banana,fresh
40072977,39632,80.00,851.60,63.00,0.391,4.162,0.308,banana,fresh
40073988,39633,80.10,851.55,63.00,0.391,4.162,0.308,banana,fresh
40074999,39634,80.05,851.45,62.95,0.391,4.162,0.308,banana,fresh
40076010,39635,80.00,851.55,62.95,0.391,4.162,0.308,banana,fresh
40077022,39636,80.05,851.65,62.95,0.391,4.163,0.308,banana,fresh
40078032,39637,80.00,851.55,62.75,0.391,4.162,0.307,banana,fresh
40079044,39638,80.00,851.10,62.85,0.391,4.160,0.307,banana,fresh
40080055,39639,80.00,851.55,62.90,0.391,4.162,0.307,banana,fresh
40081065,39640,80.00,851.50,62.90,0.391,4.162,0.307,banana,fresh
40082077,39641,80.00,851.40,62.85,0.391,4.161,0.307,banana,fresh
40083088,39642,80.00,851.60,62.90,0.391,4.162,0.307,banana,fresh
40084100,39643,80.00,851.25,63.00,0.391,4.161,0.308,banana,fresh
40085110,39644,80.05,851.40,62.85,0.391,4.161,0.307,banana,fresh
40086122,39645,80.05,851.30,63.05,0.391,4.161,0.308,banana,fresh
40087133,39646,80.00,851.55,62.85,0.391,4.162,0.307,banana,fresh
40088144,39647,80.05,851.55,62.80,0.391,4.162,0.307,banana,fresh
40089155,39648,80.05,851.45,62.90,0.391,4.162,0.307,banana,fresh
40090166,39649,80.10,851.40,62.85,0.391,4.161,0.307,banana,fresh
40091177,39650,80.00,851.40,62.90,0.391,4.161,0.307,banana,fresh
40092188,39651,80.05,851.40,63.05,0.391,4.161,0.308,banana,fresh
40093200,39652,80.05,851.55,62.95,0.391,4.162,0.308,banana,fresh
40094211,39653,80.05,851.25,62.95,0.391,4.161,0.308,banana,fresh
40095222,39654,80.05,851.65,62.75,0.391,4.163,0.307,banana,fresh
40096233,39655,80.00,851.40,62.90,0.391,4.161,0.307,banana,fresh
40097244,39656,80.00,851.25,62.95,0.391,4.161,0.308,banana,fresh
40098255,39657,79.95,851.25,62.95,0.391,4.161,0.308,banana,fresh
40099266,39658,80.00,851.25,62.95,0.391,4.161,0.308,banana,fresh
40100278,39659,80.00,851.30,63.00,0.391,4.161,0.308,banana,fresh
40101288,39660,80.00,851.30,62.90,0.391,4.161,0.307,banana,fresh
40102300,39661,80.00,851.30,62.95,0.391,4.161,0.308,banana,fresh
40103311,39662,80.00,851.45,62.90,0.391,4.162,0.307,banana,fresh
40104322,39663,80.10,851.55,62.95,0.391,4.162,0.308,banana,fresh
40105333,39664,80.05,851.50,62.80,0.391,4.162,0.307,banana,fresh
40106344,39665,80.05,851.40,62.95,0.391,4.161,0.308,banana,fresh
40107356,39666,80.00,851.40,62.95,0.391,4.161,0.308,banana,fresh
40108366,39667,80.10,851.40,62.90,0.391,4.161,0.307,banana,fresh
40109378,39668,80.05,851.60,62.95,0.391,4.162,0.308,banana,fresh
40110389,39669,80.10,851.20,62.90,0.391,4.160,0.307,banana,fresh
40111399,39670,80.00,851.45,62.90,0.391,4.162,0.307,banana,fresh
40112411,39671,80.00,851.45,63.00,0.391,4.162,0.308,banana,fresh
40113422,39672,80.00,851.35,63.00,0.391,4.161,0.308,banana,fresh
40114434,39673,80.00,851.45,62.85,0.391,4.162,0.307,banana,fresh
40115444,39674,80.00,851.60,62.85,0.391,4.162,0.307,banana,fresh
40116456,39675,80.00,851.40,62.80,0.391,4.161,0.307,banana,fresh
40117467,39676,80.00,851.30,63.00,0.391,4.161,0.308,banana,fresh
40118477,39677,80.05,851.20,63.00,0.391,4.160,0.308,banana,fresh
40119489,39678,80.00,851.40,62.95,0.391,4.161,0.308,banana,fresh
40120500,39679,80.00,851.45,62.90,0.391,4.162,0.307,banana,fresh
40121511,39680,80.05,851.50,62.85,0.391,4.162,0.307,banana,fresh
40122522,39681,80.00,851.30,62.95,0.391,4.161,0.308,banana,fresh
40123534,39682,80.05,851.50,62.80,0.391,4.162,0.307,banana,fresh
40124545,39683,80.00,851.30,62.90,0.391,4.161,0.307,banana,fresh
40125555,39684,80.05,851.30,62.85,0.391,4.161,0.307,banana,fresh
40126567,39685,80.00,851.45,62.85,0.391,4.162,0.307,banana,fresh
40127578,39686,80.00,851.40,62.85,0.391,4.161,0.307,banana,fresh
40128589,39687,80.05,851.30,62.95,0.391,4.161,0.308,banana,fresh
40129600,39688,80.00,851.20,62.85,0.391,4.160,0.307,banana,fresh
40130612,39689,80.00,851.40,62.80,0.391,4.161,0.307,banana,fresh
40131622,39690,80.00,851.35,62.65,0.391,4.161,0.306,banana,fresh
40132633,39691,80.00,851.45,62.85,0.391,4.162,0.307,banana,fresh
40133645,39692,80.00,851.45,62.85,0.391,4.162,0.307,banana,fresh
40134656,39693,80.00,851.45,62.95,0.391,4.162,0.308,banana,fresh
40135667,39694,80.00,851.60,62.90,0.391,4.162,0.307,banana,fresh
40136678,39695,80.00,851.40,62.85,0.391,4.161,0.307,banana,fresh
40137690,39696,80.05,851.40,62.85,0.391,4.161,0.307,banana,fresh
40138700,39697,80.00,851.35,63.00,0.391,4.161,0.308,banana,fresh
40139711,39698,80.00,851.25,62.80,0.391,4.161,0.307,banana,fresh
40140723,39699,80.05,851.35,62.85,0.391,4.161,0.307,banana,fresh
40141733,39700,80.05,851.40,62.75,0.391,4.161,0.307,banana,fresh
40142745,39701,80.00,851.40,62.75,0.391,4.161,0.307,banana,fresh
40143756,39702,80.00,851.30,62.85,0.391,4.161,0.307,banana,fresh
40144768,39703,80.00,851.35,62.95,0.391,4.161,0.308,banana,fresh
40145778,39704,80.00,851.50,62.90,0.391,4.162,0.307,banana,fresh
40146789,39705,80.00,851.35,62.85,0.391,4.161,0.307,banana,fresh
40147801,39706,80.10,851.35,62.75,0.391,4.161,0.307,banana,fresh
40148811,39707,80.00,851.20,62.85,0.391,4.160,0.307,banana,fresh
40149823,39708,80.00,851.25,62.75,0.391,4.161,0.307,banana,fresh
40150834,39709,80.00,851.30,62.90,0.391,4.161,0.307,banana,fresh
40151845,39710,80.00,851.15,62.85,0.391,4.160,0.307,banana,fresh
40152856,39711,80.05,851.25,62.90,0.391,4.161,0.307,banana,fresh
40153867,39712,80.00,851.30,62.80,0.391,4.161,0.307,banana,fresh
40154878,39713,80.05,851.50,62.75,0.391,4.162,0.307,banana,fresh
40155889,39714,80.00,851.35,62.90,0.391,4.161,0.307,banana,fresh
40156901,39715,80.00,851.20,62.85,0.391,4.160,0.307,banana,fresh
40157912,39716,80.05,851.45,62.85,0.391,4.162,0.307,banana,fresh
40158923,39717,80.00,851.35,62.85,0.391,4.161,0.307,banana,fresh
40159934,39718,80.00,851.20,62.95,0.391,4.160,0.308,banana,fresh
40160946,39719,80.00,851.15,62.85,0.391,4.160,0.307,banana,fresh
40161956,39720,80.00,851.30,62.95,0.391,4.161,0.308,banana,fresh
40162967,39721,80.05,851.35,62.80,0.391,4.161,0.307,banana,fresh
40163979,39722,80.00,851.40,62.85,0.391,4.161,0.307,banana,fresh
40164989,39723,80.00,851.40,62.80,0.391,4.161,0.307,banana,fresh
40166001,39724,80.00,851.25,62.95,0.391,4.161,0.308,banana,fresh
40167012,39725,80.00,851.50,62.95,0.391,4.162,0.308,banana,fresh
40168024,39726,80.05,851.20,62.85,0.391,4.160,0.307,banana,fresh
40169034,39727,80.00,851.35,62.90,0.391,4.161,0.307,banana,fresh
40170045,39728,80.00,851.45,62.85,0.391,4.162,0.307,banana,fresh
40171057,39729,80.00,851.25,62.95,0.391,4.161,0.308,banana,fresh
40172067,39730,80.00,851.25,62.85,0.391,4.161,0.307,banana,fresh
40173079,39731,80.00,851.25,62.80,0.391,4.161,0.307,banana,fresh
40174090,39732,80.00,851.45,62.90,0.391,4.162,0.307,banana,fresh
40175101,39733,80.00,851.25,62.85,0.391,4.161,0.307,banana,fresh
40176112,39734,80.05,851.20,62.70,0.391,4.160,0.306,banana,fresh
40177123,39735,80.00,851.20,62.80,0.391,4.160,0.307,banana,fresh
40178135,39736,80.05,851.30,62.75,0.391,4.161,0.307,banana,fresh
40179145,39737,80.00,851.35,62.85,0.391,4.161,0.307,banana,fresh
40180157,39738,80.00,851.30,62.80,0.391,4.161,0.307,banana,fresh
40181168,39739,80.00,851.25,62.85,0.391,4.161,0.307,banana,fresh
40182179,39740,80.00,851.40,62.80,0.391,4.161,0.307,banana,fresh
40183190,39741,80.00,851.20,62.90,0.391,4.160,0.307,banana,fresh
40184201,39742,80.00,851.35,62.85,0.391,4.161,0.307,banana,fresh
40185212,39743,80.00,851.35,63.00,0.391,4.161,0.308,banana,fresh
40186223,39744,80.00,851.25,62.85,0.391,4.161,0.307,banana,fresh
40187235,39745,80.00,851.40,62.80,0.391,4.161,0.307,banana,fresh
40188246,39746,80.00,851.30,62.70,0.391,4.161,0.306,banana,fresh
40189257,39747,80.00,851.40,62.75,0.391,4.161,0.307,banana,fresh
40190268,39748,80.10,851.25,62.60,0.391,4.161,0.306,banana,fresh
40191280,39749,80.05,851.25,62.80,0.391,4.161,0.307,banana,fresh
40192290,39750,79.95,851.20,62.70,0.391,4.160,0.306,banana,fresh
40193301,39751,80.00,851.15,62.85,0.391,4.160,0.307,banana,fresh
40194313,39752,80.00,851.40,62.95,0.391,4.161,0.308,banana,fresh
40195323,39753,80.00,851.30,62.70,0.391,4.161,0.306,banana,fresh
40196335,39754,80.00,851.40,62.80,0.391,4.161,0.307,banana,fresh
40197346,39755,80.00,851.30,62.85,0.391,4.161,0.307,banana,fresh
40198358,39756,80.05,851.30,62.75,0.391,4.161,0.307,banana,fresh
40199368,39757,80.00,851.45,62.80,0.391,4.162,0.307,banana,fresh
40200379,39758,80.05,851.40,62.65,0.391,4.161,0.306,banana,fresh
40201391,39759,80.00,851.25,62.85,0.391,4.161,0.307,banana,fresh
40202401,39760,80.00,851.45,62.80,0.391,4.162,0.307,banana,fresh
40203413,39761,80.05,851.25,62.85,0.391,4.161,0.307,banana,fresh
40204424,39762,80.00,851.25,62.80,0.391,4.161,0.307,banana,fresh
40205435,39763,80.00,851.40,62.80,0.391,4.161,0.307,banana,fresh
40206446,39764,80.00,851.30,62.85,0.391,4.161,0.307,banana,fresh
40207457,39765,80.05,851.20,62.85,0.391,4.160,0.307,banana,fresh
40208468,39766,80.00,851.20,62.85,0.391,4.160,0.307,banana,fresh
40209479,39767,80.00,851.50,62.85,0.391,4.162,0.307,banana,fresh
40210491,39768,80.00,851.40,62.80,0.391,4.161,0.307,banana,fresh
40211502,39769,80.05,851.25,62.70,0.391,4.161,0.306,banana,fresh
40212513,39770,80.10,851.30,62.70,0.391,4.161,0.306,banana,fresh
40213524,39771,80.05,851.30,62.60,0.391,4.161,0.306,banana,fresh
40214535,39772,80.00,851.30,62.85,0.391,4.161,0.307,banana,fresh
40215546,39773,80.00,851.15,62.75,0.391,4.160,0.307,banana,fresh
40216557,39774,80.05,851.25,62.85,0.391,4.161,0.307,banana,fresh
40217569,39775,79.90,851.20,62.60,0.391,4.160,0.306,banana,fresh
40218579,39776,80.05,851.35,62.90,0.391,4.161,0.307,banana,fresh
40219591,39777,80.05,851.30,62.70,0.391,4.161,0.306,banana,fresh
40220602,39778,80.00,851.30,62.95,0.391,4.161,0.308,banana,fresh
40221613,39779,80.00,851.30,62.85,0.391,4.161,0.307,banana,fresh
40222624,39780,80.05,851.35,62.70,0.391,4.161,0.306,banana,fresh
40223635,39781,80.00,851.15,62.95,0.391,4.160,0.308,banana,fresh
40224647,39782,80.00,851.30,62.65,0.391,4.161,0.306,banana,fresh
40225657,39783,80.00,851.45,62.85,0.391,4.162,0.307,banana,fresh
40226669,39784,80.00,851.25,62.65,0.391,4.161,0.306,banana,fresh
40227680,39785,80.00,851.20,62.80,0.391,4.160,0.307,banana,fresh
40228690,39786,80.00,851.30,62.80,0.391,4.161,0.307,banana,fresh
40229702,39787,79.95,851.20,62.70,0.391,4.160,0.306,banana,fresh
40230713,39788,80.00,851.15,62.75,0.391,4.160,0.307,banana,fresh
40231725,39789,79.95,851.35,62.65,0.391,4.161,0.306,banana,fresh
40232735,39790,80.00,851.25,62.65,0.391,4.161,0.306,banana,fresh
40233747,39791,80.00,851.35,62.85,0.391,4.161,0.307,banana,fresh
40234758,39792,79.95,851.35,62.70,0.391,4.161,0.306,banana,fresh
40235769,39793,80.00,851.25,62.65,0.391,4.161,0.306,banana,fresh
40236780,39794,80.00,851.20,62.65,0.391,4.160,0.306,banana,fresh
40237791,39795,79.90,851.35,62.70,0.391,4.161,0.306,banana,fresh
40238802,39796,80.05,851.30,62.65,0.391,4.161,0.306,banana,fresh
40239813,39797,80.00,851.40,62.90,0.391,4.161,0.307,banana,fresh
40240825,39798,79.95,851.30,62.55,0.391,4.161,0.306,banana,fresh
40241836,39799,80.00,851.15,62.65,0.391,4.160,0.306,banana,fresh
40242847,39800,80.00,851.30,62.60,0.391,4.161,0.306,banana,fresh
40243858,39801,80.00,851.45,62.75,0.391,4.162,0.307,banana,fresh
40244869,39802,80.00,851.25,62.55,0.391,4.161,0.306,banana,fresh
40245880,39803,80.00,851.35,62.60,0.391,4.161,0.306,banana,fresh
40246891,39804,80.00,851.25,62.75,0.391,4.161,0.307,banana,fresh
40247903,39805,80.00,851.65,62.70,0.391,4.163,0.306,banana,fresh
40248913,39806,80.00,851.35,62.75,0.391,4.161,0.307,banana,fresh
40249925,39807,80.00,851.45,62.65,0.391,4.162,0.306,banana,fresh
40250936,39808,79.95,851.30,62.50,0.391,4.161,0.305,banana,fresh
40251947,39809,80.00,851.10,62.70,0.391,4.160,0.306,banana,fresh
40252958,39810,79.95,851.25,62.60,0.391,4.161,0.306,banana,fresh
40253969,39811,80.00,851.20,62.60,0.391,4.160,0.306,banana,fresh
40254981,39812,79.95,851.10,62.80,0.391,4.160,0.307,banana,fresh
40255991,39813,80.00,851.20,62.65,0.391,4.160,0.306,banana,fresh
40257003,39814,80.00,851.25,62.75,0.391,4.161,0.307,banana,fresh
40258014,39815,79.95,851.30,62.75,0.391,4.161,0.307,banana,fresh
40259025,39816,80.00,851.35,62.65,0.391,4.161,0.306,banana,fresh
40260036,39817,80.00,851.35,62.55,0.391,4.161,0.306,banana,fresh
40261047,39818,80.00,851.15,62.80,0.391,4.160,0.307,banana,fresh
40262059,39819,80.00,851.35,62.80,0.391,4.161,0.307,banana,fresh
40263069,39820,80.00,851.30,62.65,0.391,4.161,0.306,banana,fresh
40264081,39821,80.00,851.25,62.80,0.391,4.161,0.307,banana,fresh
40265092,39822,80.00,851.25,62.45,0.391,4.161,0.305,banana,fresh
40266103,39823,80.00,851.30,62.60,0.391,4.161,0.306,banana,fresh
40267114,39824,79.95,851.20,62.60,0.391,4.160,0.306,banana,fresh
40268125,39825,79.95,851.25,63.00,0.391,4.161,0.308,banana,fresh
40269136,39826,80.00,851.20,62.65,0.391,4.160,0.306,banana,fresh
40270147,39827,79.90,851.15,62.60,0.391,4.160,0.306,banana,fresh
40271159,39828,80.00,851.35,62.65,0.391,4.161,0.306,banana,fresh
40272169,39829,79.95,851.30,62.60,0.391,4.161,0.306,banana,fresh
40273181,39830,80.05,851.55,62.65,0.391,4.162,0.306,banana,fresh
40274192,39831,80.00,851.30,62.70,0.391,4.161,0.306,banana,fresh
40275203,39832,79.95,851.30,62.80,0.391,4.161,0.307,banana,fresh
40276214,39833,80.00,851.30,62.65,0.391,4.161,0.306,banana,fresh
40277225,39834,79.95,851.15,62.60,0.391,4.160,0.306,banana,fresh
40278237,39835,80.00,851.15,62.60,0.391,4.160,0.306,banana,fresh
40279247,39836,80.00,851.20,62.65,0.391,4.160,0.306,banana,fresh
40280259,39837,80.00,851.25,62.60,0.391,4.161,0.306,banana,fresh
40281270,39838,79.95,851.35,62.60,0.391,4.161,0.306,banana,fresh
40282280,39839,80.00,851.35,62.65,0.391,4.161,0.306,banana,fresh
40283292,39840,80.00,851.30,62.50,0.391,4.161,0.305,banana,fresh
40284303,39841,80.00,851.15,62.60,0.391,4.160,0.306,banana,fresh
40285315,39842,80.00,851.30,62.80,0.391,4.161,0.307,banana,fresh
40286325,39843,80.00,851.25,62.70,0.391,4.161,0.306,banana,fresh
40287337,39844,80.00,851.05,62.70,0.391,4.160,0.306,banana,fresh
40288348,39845,79.95,851.35,62.65,0.391,4.161,0.306,banana,fresh
40289359,39846,79.95,851.25,62.50,0.391,4.161,0.305,banana,fresh
40290370,39847,80.00,851.30,62.50,0.391,4.161,0.305,banana,fresh
40291381,39848,80.00,851.25,62.65,0.391,4.161,0.306,banana,fresh
40292392,39849,79.95,851.35,62.50,0.391,4.161,0.305,banana,fresh
40293403,39850,80.00,851.35,62.80,0.391,4.161,0.307,banana,fresh
40294415,39851,79.95,851.05,62.45,0.391,4.160,0.305,banana,fresh
40295426,39852,79.90,851.10,62.60,0.391,4.160,0.306,banana,fresh
40296437,39853,80.00,851.20,62.65,0.391,4.160,0.306,banana,fresh
40297448,39854,80.00,851.20,62.45,0.391,4.160,0.305,banana,fresh
40298459,39855,79.95,851.20,62.55,0.391,4.160,0.306,banana,fresh
40299470,39856,80.00,851.20,62.65,0.391,4.160,0.306,banana,fresh
40300481,39857,80.00,851.10,62.65,0.391,4.160,0.306,banana,fresh
40301493,39858,80.00,851.10,62.65,0.391,4.160,0.306,banana,fresh
40302503,39859,80.00,851.20,62.50,0.391,4.160,0.305,banana,fresh
40303515,39860,80.00,851.20,62.50,0.391,4.160,0.305,banana,fresh
40304526,39861,80.05,851.30,62.40,0.391,4.161,0.305,banana,fresh
40305537,39862,80.00,851.20,62.50,0.391,4.160,0.305,banana,fresh
40306548,39863,80.00,851.20,62.70,0.391,4.160,0.306,banana,fresh
40307559,39864,80.00,851.10,62.60,0.391,4.160,0.306,banana,fresh
40308571,39865,79.95,851.15,62.45,0.391,4.160,0.305,banana,fresh
40309581,39866,80.00,851.20,62.45,0.391,4.160,0.305,banana,fresh
40310593,39867,80.00,851.00,62.50,0.391,4.159,0.305,banana,fresh
40311604,39868,80.00,851.35,62.65,0.391,4.161,0.306,banana,fresh
40312614,39869,80.00,851.15,62.50,0.391,4.160,0.305,banana,fresh
40313626,39870,79.95,851.20,62.70,0.391,4.160,0.306,banana,fresh
40314637,39871,79.95,851.20,62.45,0.391,4.160,0.305,banana,fresh
40315649,39872,80.00,851.15,62.75,0.391,4.160,0.307,banana,fresh
40316659,39873,80.00,851.15,62.55,0.391,4.160,0.306,banana,fresh
40317671,39874,79.90,851.10,62.50,0.391,4.160,0.305,banana,fresh
40318682,39875,80.00,851.25,62.60,0.391,4.161,0.306,banana,fresh
40319692,39876,79.90,851.15,62.65,0.391,4.160,0.306,banana,fresh
40320704,39877,79.95,851.25,62.65,0.391,4.161,0.306,banana,fresh
40321715,39878,79.90,851.05,62.45,0.391,4.160,0.305,banana,fresh
40322726,39879,80.00,851.10,62.40,0.391,4.160,0.305,banana,fresh
40323737,39880,79.95,851.10,62.55,0.391,4.160,0.306,banana,fresh
40324749,39881,79.95,851.25,62.40,0.391,4.161,0.305,banana,fresh
40325760,39882,80.00,851.10,62.55,0.391,4.160,0.306,banana,fresh
40326770,39883,79.95,851.10,62.45,0.391,4.160,0.305,banana,fresh
40327782,39884,80.00,851.10,62.75,0.391,4.160,0.307,banana,fresh
40328793,39885,80.00,851.20,62.55,0.391,4.160,0.306,banana,fresh
40329804,39886,79.90,851.20,62.50,0.391,4.160,0.305,banana,fresh
40330815,39887,80.00,851.10,62.65,0.391,4.160,0.306,banana,fresh
40331827,39888,79.90,851.15,62.80,0.391,4.160,0.307,banana,fresh
40332837,39889,80.00,851.00,62.60,0.391,4.159,0.306,banana,fresh
40333849,39890,79.90,851.05,62.65,0.391,4.160,0.306,banana,fresh
40334860,39891,80.00,851.15,62.70,0.391,4.160,0.306,banana,fresh
40335870,39892,79.90,851.15,62.65,0.391,4.160,0.306,banana,fresh
40336882,39893,79.95,851.10,62.35,0.391,4.160,0.305,banana,fresh
40337893,39894,79.85,851.30,62.65,0.390,4.161,0.306,banana,fresh
40338905,39895,79.95,851.15,62.70,0.391,4.160,0.306,banana,fresh
40339915,39896,79.90,851.20,62.60,0.391,4.160,0.306,banana,fresh
40340927,39897,80.00,851.10,62.60,0.391,4.160,0.306,banana,fresh
40341938,39898,79.85,851.10,62.60,0.390,4.160,0.306,banana,fresh
40342948,39899,79.95,851.15,62.70,0.391,4.160,0.306,banana,fresh
40343960,39900,80.00,851.10,62.30,0.391,4.160,0.304,banana,fresh
40344971,39901,80.00,851.10,62.45,0.391,4.160,0.305,banana,fresh
40345982,39902,80.00,851.10,62.55,0.391,4.160,0.306,banana,fresh
40346993,39903,79.95,851.40,62.55,0.391,4.161,0.306,banana,fresh
40348005,39904,79.95,851.25,62.50,0.391,4.161,0.305,banana,fresh
40349016,39905,79.90,851.20,62.65,0.391,4.160,0.306,banana,fresh
40350026,39906,79.95,851.15,62.50,0.391,4.160,0.305,banana,fresh
40351038,39907,80.00,851.05,62.55,0.391,4.160,0.306,banana,fresh
40352049,39908,79.95,851.10,62.45,0.391,4.160,0.305,banana,fresh
40353060,39909,79.95,851.15,62.45,0.391,4.160,0.305,banana,fresh
40354071,39910,80.00,851.15,62.50,0.391,4.160,0.305,banana,fresh
40355083,39911,79.95,851.10,62.50,0.391,4.160,0.305,banana,fresh
40356093,39912,79.95,851.10,62.60,0.391,4.160,0.306,banana,fresh
40357104,39913,80.00,851.05,62.45,0.391,4.160,0.305,banana,fresh
40358116,39914,79.90,851.15,62.55,0.391,4.160,0.306,banana,fresh
40359127,39915,79.95,851.15,62.30,0.391,4.160,0.304,banana,fresh
40360138,39916,79.95,851.20,62.50,0.391,4.160,0.305,banana,fresh
40361149,39917,79.85,851.25,62.40,0.390,4.161,0.305,banana,fresh
40362161,39918,79.90,851.25,62.25,0.391,4.161,0.304,banana,fresh
40363171,39919,79.90,851.30,62.45,0.391,4.161,0.305,banana,fresh
40364183,39920,79.95,851.20,62.45,0.391,4.160,0.305,banana,fresh
40365194,39921,79.90,851.20,62.40,0.391,4.160,0.305,banana,fresh
40366204,39922,79.90,851.30,62.60,0.391,4.161,0.306,banana,fresh
40367216,39923,79.85,851.00,62.50,0.390,4.159,0.305,banana,fresh
40368227,39924,79.90,851.20,62.60,0.391,4.160,0.306,banana,fresh
40369239,39925,80.00,851.00,62.60,0.391,4.159,0.306,banana,fresh
40370249,39926,79.95,851.05,62.65,0.391,4.160,0.306,banana,fresh
40371261,39927,79.85,851.10,62.40,0.390,4.160,0.305,banana,fresh
40372272,39928,79.95,851.05,62.65,0.391,4.160,0.306,banana,fresh
40373282,39929,79.95,851.15,62.45,0.391,4.160,0.305,banana,fresh
40374294,39930,79.90,851.20,62.45,0.391,4.160,0.305,banana,fresh
40375305,39931,80.00,851.05,62.40,0.391,4.160,0.305,banana,fresh
40376316,39932,79.85,851.10,62.35,0.390,4.160,0.305,banana,fresh
40377327,39933,79.95,851.00,62.50,0.391,4.159,0.305,banana,fresh
40378339,39934,79.95,851.15,62.35,0.391,4.160,0.305,banana,fresh
40379350,39935,79.95,851.20,62.55,0.391,4.160,0.306,banana,fresh
40380360,39936,79.95,851.10,62.30,0.391,4.160,0.304,banana,fresh
40381372,39937,79.85,851.00,62.45,0.390,4.159,0.305,banana,fresh
40382383,39938,79.90,851.05,62.40,0.391,4.160,0.305,banana,fresh
40383394,39939,79.90,851.20,62.40,0.391,4.160,0.305,banana,fresh
40384405,39940,79.90,851.05,62.50,0.391,4.160,0.305,banana,fresh
40385417,39941,79.90,851.05,62.35,0.391,4.160,0.305,banana,fresh
40386427,39942,79.80,851.20,62.45,0.390,4.160,0.305,banana,fresh
40387438,39943,79.95,851.15,62.35,0.391,4.160,0.305,banana,fresh
40388450,39944,79.90,851.05,62.30,0.391,4.160,0.304,banana,fresh
40389460,39945,79.90,851.10,62.40,0.391,4.160,0.305,banana,fresh
40390472,39946,79.90,851.00,62.55,0.391,4.159,0.306,banana,fresh
40391483,39947,79.85,851.10,62.40,0.390,4.160,0.305,banana,fresh
40392495,39948,79.95,851.05,62.30,0.391,4.160,0.304,banana,fresh
40393505,39949,79.95,851.25,62.25,0.391,4.161,0.304,banana,fresh
40394517,39950,79.95,851.05,62.40,0.391,4.160,0.305,banana,fresh
40395528,39951,80.00,851.10,62.55,0.391,4.160,0.306,banana,fresh
40396538,39952,79.95,851.00,62.45,0.391,4.159,0.305,banana,fresh
40397550,39953,79.95,851.15,62.25,0.391,4.160,0.304,banana,fresh
40398561,39954,79.90,851.15,62.60,0.391,4.160,0.306,banana,fresh
40399572,39955,79.95,851.15,62.40,0.391,4.160,0.305,banana,fresh
40400583,39956,79.95,851.05,62.40,0.391,4.160,0.305,banana,fresh
40401595,39957,79.90,851.05,62.45,0.391,4.160,0.305,banana,fresh
40402606,39958,80.00,851.10,62.60,0.391,4.160,0.306,banana,fresh
40403616,39959,80.00,851.15,62.45,0.391,4.160,0.305,banana,fresh
40404628,39960,79.90,851.05,62.40,0.391,4.160,0.305,banana,fresh
40405639,39961,79.85,851.00,62.35,0.390,4.159,0.305,banana,fresh
40406650,39962,79.90,851.00,62.30,0.391,4.159,0.304,banana,fresh
40407661,39963,79.90,851.10,62.40,0.391,4.160,0.305,banana,fresh
40408673,39964,79.90,851.05,62.65,0.391,4.160,0.306,banana,fresh
40409683,39965,80.00,851.05,62.50,0.391,4.160,0.305,banana,fresh
40410695,39966,79.85,851.00,62.50,0.390,4.159,0.305,banana,fresh
40411706,39967,79.80,851.10,62.45,0.390,4.160,0.305,banana,fresh
40412717,39968,79.85,851.10,62.35,0.390,4.160,0.305,banana,fresh
40413728,39969,79.95,851.10,62.60,0.391,4.160,0.306,banana,fresh
40414739,39970,79.85,851.15,62.20,0.390,4.160,0.304,banana,fresh
40415751,39971,80.00,851.10,62.45,0.391,4.160,0.305,banana,fresh
40416761,39972,79.95,851.05,62.30,0.391,4.160,0.304,banana,fresh
40417773,39973,79.95,851.05,62.50,0.391,4.160,0.305,banana,fresh
40418784,39974,80.00,851.10,62.50,0.391,4.160,0.305,banana,fresh
40419794,39975,79.95,851.10,62.55,0.391,4.160,0.306,banana,fresh
40420806,39976,79.90,851.00,62.45,0.391,4.159,0.305,banana,fresh
40421817,39977,79.95,851.05,62.35,0.391,4.160,0.305,banana,fresh
40422829,39978,79.80,851.10,62.50,0.390,4.160,0.305,banana,fresh
40423839,39979,80.00,851.10,62.35,0.391,4.160,0.305,banana,fresh
40424851,39980,79.90,851.20,62.35,0.391,4.160,0.305,banana,fresh
40425862,39981,79.95,851.15,62.35,0.391,4.160,0.305,banana,fresh
40426872,39982,79.90,851.10,62.25,0.391,4.160,0.304,banana,fresh
40427884,39983,79.85,851.05,62.25,0.390,4.160,0.304,banana,fresh
40428895,39984,79.90,851.10,62.30,0.391,4.160,0.304,banana,fresh
40429906,39985,79.95,851.10,62.35,0.391,4.160,0.305,banana,fresh
40430917,39986,80.00,851.05,62.50,0.391,4.160,0.305,banana,fresh
40431929,39987,79.90,851.05,62.30,0.391,4.160,0.304,banana,fresh
40432940,39988,79.95,851.15,62.45,0.391,4.160,0.305,banana,fresh
40433950,39989,79.85,851.05,62.35,0.390,4.160,0.305,banana,fresh
40434962,39990,79.80,851.05,62.50,0.390,4.160,0.305,banana,fresh
40435973,39991,79.85,851.20,62.40,0.390,4.160,0.305,banana,fresh
40436984,39992,79.95,851.05,62.30,0.391,4.160,0.304,banana,fresh
40437995,39993,79.90,851.10,62.40,0.391,4.160,0.305,banana,fresh
40439007,39994,79.95,851.10,62.55,0.391,4.160,0.306,banana,fresh
40440017,39995,79.90,851.10,62.25,0.391,4.160,0.304,banana,fresh
40441028,39996,79.90,851.00,62.35,0.391,4.159,0.305,banana,fresh
40442040,39997,80.00,851.10,62.20,0.391,4.160,0.304,banana,fresh
40443051,39998,79.90,851.15,62.30,0.391,4.160,0.304,banana,fresh
40444062,39999,79.95,851.10,62.30,0.391,4.160,0.304,banana,fresh
40445073,40000,79.90,851.05,62.45,0.391,4.160,0.305,banana,fresh
40446085,40001,79.75,851.05,62.35,0.390,4.160,0.305,banana,fresh
40447095,40002,79.95,851.10,62.40,0.391,4.160,0.305,banana,fresh
40448106,40003,79.85,851.15,62.60,0.390,4.160,0.306,banana,fresh
40449118,40004,79.95,851.15,62.25,0.391,4.160,0.304,banana,fresh
40450128,40005,79.90,851.05,62.15,0.391,4.160,0.304,banana,fresh
40451140,40006,79.95,851.10,62.45,0.391,4.160,0.305,banana,fresh
40452151,40007,79.85,851.10,62.40,0.390,4.160,0.305,banana,fresh
40453163,40008,79.95,851.10,62.25,0.391,4.160,0.304,banana,fresh
40454173,40009,79.90,851.05,62.45,0.391,4.160,0.305,banana,fresh
40455185,40010,79.95,851.15,62.35,0.391,4.160,0.305,banana,fresh
40456196,40011,80.00,851.00,62.40,0.391,4.159,0.305,banana,fresh
40457206,40012,79.95,851.10,62.25,0.391,4.160,0.304,banana,fresh
40458218,40013,80.00,851.05,62.25,0.391,4.160,0.304,banana,fresh
40459229,40014,79.85,851.15,62.45,0.390,4.160,0.305,banana,fresh
40460240,40015,79.85,851.05,62.40,0.390,4.160,0.305,banana,fresh
40461251,40016,79.95,851.05,62.20,0.391,4.160,0.304,banana,fresh
40462263,40017,80.00,851.10,62.35,0.391,4.160,0.305,banana,fresh
40463273,40018,79.90,851.15,62.30,0.391,4.160,0.304,banana,fresh
40464284,40019,79.80,851.05,62.25,0.390,4.160,0.304,banana,fresh
40465296,40020,79.85,851.20,62.45,0.390,4.160,0.305,banana,fresh
40466307,40021,79.85,851.25,62.30,0.390,4.161,0.304,banana,fresh
40467318,40022,79.75,851.00,62.50,0.390,4.159,0.305,banana,fresh
40468329,40023,79.95,851.10,62.20,0.391,4.160,0.304,banana,fresh
40469341,40024,79.95,851.20,62.15,0.391,4.160,0.304,banana,fresh
40470351,40025,79.85,851.00,62.30,0.390,4.159,0.304,banana,fresh
40471362,40026,79.85,851.05,62.35,0.390,4.160,0.305,banana,fresh
40472374,40027,80.00,851.10,62.55,0.391,4.160,0.306,banana,fresh
40473384,40028,79.85,851.00,62.50,0.390,4.159,0.305,banana,fresh
40474396,40029,79.95,851.10,62.40,0.391,4.160,0.305,banana,fresh
40475407,40030,79.85,851.15,62.30,0.390,4.160,0.304,banana,fresh
40476419,40031,79.90,851.15,62.30,0.391,4.160,0.304,banana,fresh
40477429,40032,79.65,851.15,62.30,0.389,4.160,0.304,banana,fresh
40478440,40033,79.75,851.15,62.35,0.390,4.160,0.305,banana,fresh
40479452,40034,79.90,851.15,62.50,0.391,4.160,0.305,banana,fresh
40480462,40035,79.85,851.10,62.35,0.390,4.160,0.305,banana,fresh
40481474,40036,79.85,851.00,62.20,0.390,4.159,0.304,banana,fresh
40482485,40037,79.95,851.05,62.40,0.391,4.160,0.305,banana,fresh
40483496,40038,79.85,851.10,62.40,0.390,4.160,0.305,banana,fresh
40484507,40039,79.90,851.10,62.30,0.391,4.160,0.304,banana,fresh
40485518,40040,79.95,851.00,62.20,0.391,4.159,0.304,banana,fresh
40486530,40041,79.85,851.05,62.45,0.390,4.160,0.305,banana,fresh
40487540,40042,79.95,851.10,62.35,0.391,4.160,0.305,banana,fresh
40488552,40043,79.75,851.00,62.45,0.390,4.159,0.305,banana,fresh
40489563,40044,79.80,851.05,62.20,0.390,4.160,0.304,banana,fresh
40490574,40045,79.85,851.15,62.35,0.390,4.160,0.305,banana,fresh
40491585,40046,79.85,851.05,62.35,0.390,4.160,0.305,banana,fresh
40492596,40047,79.85,851.10,62.45,0.390,4.160,0.305,banana,fresh
40493607,40048,79.95,851.00,62.20,0.391,4.159,0.304,banana,fresh
40494618,40049,79.75,851.15,62.45,0.390,4.160,0.305,banana,fresh
40495630,40050,79.85,851.05,62.25,0.390,4.160,0.304,banana,fresh
40496641,40051,79.95,851.10,62.30,0.391,4.160,0.304,banana,fresh
40497652,40052,79.85,851.10,62.30,0.390,4.160,0.304,banana,fresh
40498663,40053,79.90,851.15,62.35,0.391,4.160,0.305,banana,fresh
40499675,40054,79.80,851.00,62.45,0.390,4.159,0.305,banana,fresh
40500685,40055,79.85,851.10,62.30,0.390,4.160,0.304,banana,fresh
40501696,40056,79.75,851.00,62.20,0.390,4.159,0.304,banana,fresh
40502708,40057,79.75,851.15,62.35,0.390,4.160,0.305,banana,fresh
40503718,40058,79.90,851.00,62.20,0.391,4.159,0.304,banana,fresh
40504730,40059,79.80,851.00,62.35,0.390,4.159,0.305,banana,fresh
40505741,40060,79.90,851.05,62.35,0.391,4.160,0.305,banana,fresh
40506753,40061,79.85,851.20,62.20,0.390,4.160,0.304,banana,fresh
40507763,40062,79.85,851.00,62.35,0.390,4.159,0.305,banana,fresh
40508774,40063,79.80,851.05,62.35,0.390,4.160,0.305,banana,fresh
40509786,40064,79.75,851.05,62.25,0.390,4.160,0.304,banana,fresh
40510796,40065,79.95,851.00,62.35,0.391,4.159,0.305,banana,fresh
40511808,40066,79.85,851.05,62.35,0.390,4.160,0.305,banana,fresh
40512819,40067,79.85,851.00,62.45,0.390,4.159,0.305,banana,fresh
40513830,40068,79.80,851.05,62.20,0.390,4.160,0.304,banana,fresh
40514841,40069,79.90,851.00,62.40,0.391,4.159,0.305,banana,fresh
40515852,40070,79.90,851.00,62.10,0.391,4.159,0.304,banana,fresh
40516864,40071,79.75,851.00,62.20,0.390,4.159,0.304,banana,fresh
40517874,40072,79.80,851.10,62.35,0.390,4.160,0.305,banana,fresh
40518886,40073,79.65,851.05,62.20,0.389,4.160,0.304,banana,fresh
40519897,40074,79.75,851.05,62.45,0.390,4.160,0.305,banana,fresh
40520908,40075,79.75,851.05,62.20,0.390,4.160,0.304,banana,fresh
40521919,40076,79.95,851.05,62.20,0.391,4.160,0.304,banana,fresh
40522930,40077,79.80,851.10,62.45,0.390,4.160,0.305,banana,fresh
40523941,40078,79.80,851.00,62.30,0.390,4.159,0.304,banana,fresh
40524952,40079,80.00,851.10,62.25,0.391,4.160,0.304,banana,fresh
40525964,40080,79.80,851.00,62.20,0.390,4.159,0.304,banana,fresh
40526974,40081,79.90,851.00,62.15,0.391,4.159,0.304,banana,fresh
40527986,40082,79.75,851.05,62.40,0.390,4.160,0.305,banana,fresh
40528997,40083,79.90,851.00,62.35,0.391,4.159,0.305,banana,fresh
40530008,40084,79.65,851.05,62.30,0.389,4.160,0.304,banana,fresh
40531019,40085,79.95,851.00,62.40,0.391,4.159,0.305,banana,fresh
40532030,40086,79.65,851.00,62.15,0.389,4.159,0.304,banana,fresh
40533042,40087,79.80,851.00,62.25,0.390,4.159,0.304,banana,fresh
40534052,40088,79.85,851.10,62.15,0.390,4.160,0.304,banana,fresh
40535064,40089,79.85,851.20,62.40,0.390,4.160,0.305,banana,fresh
40536075,40090,79.95,851.00,62.30,0.391,4.159,0.304,banana,fresh
40537085,40091,79.75,851.05,62.25,0.390,4.160,0.304,banana,fresh
40538097,40092,79.95,851.10,62.40,0.391,4.160,0.305,banana,fresh
40539108,40093,79.90,851.15,62.40,0.391,4.160,0.305,banana,fresh
40540120,40094,80.00,851.05,62.30,0.391,4.160,0.304,banana,fresh
40541130,40095,79.85,851.10,62.30,0.390,4.160,0.304,banana,fresh
40542142,40096,79.80,851.00,62.30,0.390,4.159,0.304,banana,fresh
40543153,40097,80.00,851.10,62.20,0.391,4.160,0.304,banana,fresh
40544163,40098,79.80,851.00,62.50,0.390,4.159,0.305,banana,fresh
40545175,40099,79.90,851.30,62.05,0.391,4.161,0.303,banana,fresh
40546186,40100,79.95,851.10,62.40,0.391,4.160,0.305,banana,fresh
40547197,40101,79.75,851.20,62.10,0.390,4.160,0.304,banana,fresh
40548208,40102,79.90,851.15,62.25,0.391,4.160,0.304,banana,fresh
40549220,40103,79.85,851.10,62.30,0.390,4.160,0.304,banana,fresh
40550231,40104,79.80,851.00,62.30,0.390,4.159,0.304,banana,fresh
40551241,40105,79.85,851.05,62.30,0.390,4.160,0.304,banana,fresh
40552253,40106,79.90,851.05,62.30,0.391,4.160,0.304,banana,fresh
40553264,40107,79.80,851.05,62.25,0.390,4.160,0.304,banana,fresh
40554275,40108,79.90,851.20,62.25,0.391,4.160,0.304,banana,fresh
40555286,40109,79.90,851.20,62.20,0.391,4.160,0.304,banana,fresh
40556298,40110,79.90,851.10,62.30,0.391,4.160,0.304,banana,fresh
40557308,40111,79.90,851.10,62.35,0.391,4.160,0.305,banana,fresh
40558320,40112,79.90,851.10,62.30,0.391,4.160,0.304,banana,fresh
40559331,40113,79.90,851.20,62.25,0.391,4.160,0.304,banana,fresh
40560342,40114,79.95,851.10,62.30,0.391,4.160,0.304,banana,fresh
40561353,40115,79.75,851.10,62.25,0.390,4.160,0.304,banana,fresh
40562364,40116,79.85,851.10,62.20,0.390,4.160,0.304,banana,fresh
40563376,40117,79.85,851.10,62.35,0.390,4.160,0.305,banana,fresh
40564386,40118,79.90,851.15,62.20,0.391,4.160,0.304,banana,fresh
40565398,40119,79.70,851.05,62.20,0.390,4.160,0.304,banana,fresh
40566409,40120,79.85,851.05,62.20,0.390,4.160,0.304,banana,fresh
40567419,40121,79.55,851.10,62.10,0.389,4.160,0.304,banana,fresh
40568431,40122,79.95,851.20,62.20,0.391,4.160,0.304,banana,fresh
40569442,40123,79.90,851.15,62.05,0.391,4.160,0.303,banana,fresh
40570454,40124,79.95,851.10,62.20,0.391,4.160,0.304,banana,fresh
40571464,40125,79.65,851.15,62.15,0.389,4.160,0.304,banana,fresh
40572476,40126,79.80,851.00,62.20,0.390,4.159,0.304,banana,fresh
40573487,40127,79.90,851.00,62.15,0.391,4.159,0.304,banana,fresh
40574497,40128,79.95,851.10,62.40,0.391,4.160,0.305,banana,fresh
40575509,40129,79.90,851.05,62.30,0.391,4.160,0.304,banana,fresh
40576520,40130,79.80,851.05,62.25,0.390,4.160,0.304,banana,fresh
40577531,40131,79.85,851.10,62.25,0.390,4.160,0.304,banana,fresh
40578542,40132,79.90,851.10,62.35,0.391,4.160,0.305,banana,fresh
40579554,40133,79.95,851.15,62.20,0.391,4.160,0.304,banana,fresh
40580564,40134,79.85,851.10,62.25,0.390,4.160,0.304,banana,fresh
40581575,40135,79.85,851.00,62.20,0.390,4.159,0.304,banana,fresh
40582587,40136,79.80,851.10,62.30,0.390,4.160,0.304,banana,fresh
40583598,40137,79.80,851.15,62.20,0.390,4.160,0.304,banana,fresh
40584609,40138,79.95,851.05,62.15,0.391,4.160,0.304,banana,fresh
40585620,40139,79.85,851.00,62.20,0.390,4.159,0.304,banana,fresh
40586632,40140,79.85,851.05,62.25,0.390,4.160,0.304,banana,fresh
40587642,40141,79.80,851.10,62.20,0.390,4.160,0.304,banana,fresh
40588653,40142,79.85,851.20,62.20,0.390,4.160,0.304,banana,fresh
40589665,40143,79.85,851.10,62.20,0.390,4.160,0.304,banana,fresh
40590675,40144,79.85,851.20,62.25,0.390,4.160,0.304,banana,fresh
40591687,40145,79.85,851.00,62.25,0.390,4.159,0.304,banana,fresh
40592698,40146,79.90,851.05,62.15,0.391,4.160,0.304,banana,fresh
40593710,40147,79.80,851.15,62.20,0.390,4.160,0.304,banana,fresh
40594720,40148,79.85,851.10,62.35,0.390,4.160,0.305,banana,fresh
40595731,40149,79.85,851.00,62.25,0.390,4.159,0.304,banana,fresh
40596743,40150,79.95,851.00,62.35,0.391,4.159,0.305,banana,fresh
40597753,40151,79.85,851.15,62.20,0.390,4.160,0.304,banana,fresh
40598765,40152,79.85,851.10,62.20,0.390,4.160,0.304,banana,fresh
40599776,40153,79.85,851.15,62.20,0.390,4.160,0.304,banana,fresh
40600787,40154,79.95,851.15,62.15,0.391,4.160,0.304,banana,fresh
40601798,40155,79.90,851.15,62.25,0.391,4.160,0.304,banana,fresh
40602809,40156,79.80,851.10,62.30,0.390,4.160,0.304,banana,fresh
40603821,40157,79.90,851.10,62.20,0.391,4.160,0.304,banana,fresh
40604831,40158,79.75,851.15,62.30,0.390,4.160,0.304,banana,fresh
40605843,40159,79.80,851.15,62.15,0.390,4.160,0.304,banana,fresh
40606854,40160,79.80,851.10,62.20,0.390,4.160,0.304,banana,fresh
40607865,40161,79.85,851.05,62.40,0.390,4.160,0.305,banana,fresh
40608876,40162,79.95,851.10,62.30,0.391,4.160,0.304,banana,fresh
40609887,40163,79.85,851.20,62.40,0.390,4.160,0.305,banana,fresh
40610898,40164,79.80,851.10,62.25,0.390,4.160,0.304,banana,fresh
40611909,40165,79.75,851.20,62.05,0.390,4.160,0.303,banana,fresh
40612921,40166,79.75,851.10,62.10,0.390,4.160,0.304,banana,fresh
40613932,40167,79.85,851.10,62.20,0.390,4.160,0.304,banana,fresh
40614943,40168,79.80,851.15,62.15,0.390,4.160,0.304,banana,fresh
40615954,40169,79.95,851.05,62.25,0.391,4.160,0.304,banana,fresh
40616965,40170,79.75,851.05,62.15,0.390,4.160,0.304,banana,fresh
40617976,40171,79.90,851.20,62.05,0.391,4.160,0.303,banana,fresh
40618987,40172,79.85,851.10,62.30,0.390,4.160,0.304,banana,fresh
40619999,40173,79.80,851.00,62.40,0.390,4.159,0.305,banana,fresh
40621009,40174,79.90,851.00,62.15,0.391,4.159,0.304,banana,fresh
40622021,40175,79.90,851.15,62.20,0.391,4.160,0.304,banana,fresh
40623032,40176,79.80,851.15,62.45,0.390,4.160,0.305,banana,fresh
40624043,40177,79.85,851.15,62.10,0.390,4.160,0.304,banana,fresh
40625054,40178,79.85,851.10,62.10,0.390,4.160,0.304,banana,fresh
40626065,40179,79.90,851.05,62.15,0.391,4.160,0.304,banana,fresh
40627077,40180,79.80,851.00,62.30,0.390,4.159,0.304,banana,fresh
40628087,40181,79.80,851.05,62.25,0.390,4.160,0.304,banana,fresh
40629099,40182,79.80,851.00,62.25,0.390,4.159,0.304,banana,fresh
40630110,40183,79.75,851.05,62.10,0.390,4.160,0.304,banana,fresh
40631121,40184,79.95,851.00,62.10,0.391,4.159,0.304,banana,fresh
40632132,40185,79.80,851.15,62.35,0.390,4.160,0.305,banana,fresh
40633143,40186,79.65,851.10,62.20,0.389,4.160,0.304,banana,fresh
40634155,40187,79.80,851.00,62.30,0.390,4.159,0.304,banana,fresh
40635165,40188,79.80,851.10,62.15,0.390,4.160,0.304,banana,fresh
40636177,40189,79.85,851.10,62.10,0.390,4.160,0.304,banana,fresh
40637188,40190,79.90,851.10,62.15,0.391,4.160,0.304,banana,fresh
40638199,40191,79.90,851.10,62.05,0.391,4.160,0.303,banana,fresh
40639210,40192,79.95,851.05,62.40,0.391,4.160,0.305,banana,fresh
40640221,40193,79.75,851.05,62.35,0.390,4.160,0.305,banana,fresh
40641232,40194,79.85,851.05,62.20,0.390,4.160,0.304,banana,fresh
40642243,40195,79.85,851.15,62.30,0.390,4.160,0.304,banana,fresh
40643255,40196,79.80,851.05,62.20,0.390,4.160,0.304,banana,fresh
40644265,40197,79.75,851.15,62.10,0.390,4.160,0.304,banana,fresh
40645277,40198,79.80,851.00,62.15,0.390,4.159,0.304,banana,fresh
40646288,40199,79.85,851.00,62.10,0.390,4.159,0.304,banana,fresh
40647299,40200,79.95,851.05,62.10,0.391,4.160,0.304,banana,fresh
40648310,40201,79.85,851.00,62.25,0.390,4.159,0.304,banana,fresh
40649321,40202,79.65,851.00,62.25,0.389,4.159,0.304,banana,fresh
40650333,40203,79.85,851.00,62.25,0.390,4.159,0.304,banana,fresh
40651343,40204,79.70,851.30,62.20,0.390,4.161,0.304,banana,fresh
40652355,40205,79.85,851.10,62.30,0.390,4.160,0.304,banana,fresh
40653366,40206,79.85,851.05,62.20,0.390,4.160,0.304,banana,fresh
40654376,40207,79.80,851.05,62.10,0.390,4.160,0.304,banana,fresh
40655388,40208,79.70,851.10,62.20,0.390,4.160,0.304,banana,fresh
40656399,40209,79.85,851.00,62.20,0.390,4.159,0.304,banana,fresh
40657411,40210,79.90,851.05,62.05,0.391,4.160,0.303,banana,fresh
40658421,40211,79.85,851.15,62.10,0.390,4.160,0.304,banana,fresh
40659433,40212,79.85,851.15,62.10,0.390,4.160,0.304,banana,fresh
40660444,40213,79.75,851.10,62.05,0.390,4.160,0.303,banana,fresh
40661454,40214,80.00,851.00,62.10,0.391,4.159,0.304,banana,fresh
40662466,40215,79.90,851.10,62.30,0.391,4.160,0.304,banana,fresh
40663477,40216,79.85,851.00,62.15,0.390,4.159,0.304,banana,fresh
40664488,40217,79.85,851.00,62.20,0.390,4.159,0.304,banana,fresh
40665499,40218,79.75,851.05,62.20,0.390,4.160,0.304,banana,fresh
40666511,40219,79.95,851.05,62.10,0.391,4.160,0.304,banana,fresh
40667522,40220,79.70,851.10,62.20,0.390,4.160,0.304,banana,fresh
40668532,40221,79.75,851.00,62.20,0.390,4.159,0.304,banana,fresh
40669544,40222,79.85,851.15,62.15,0.390,4.160,0.304,banana,fresh
40670555,40223,79.75,851.00,62.20,0.390,4.159,0.304,banana,fresh
40671566,40224,79.85,851.10,62.10,0.390,4.160,0.304,banana,fresh
40672577,40225,79.65,851.10,62.20,0.389,4.160,0.304,banana,fresh
40673589,40226,79.80,851.15,62.20,0.390,4.160,0.304,banana,fresh
40674599,40227,79.85,851.10,62.15,0.390,4.160,0.304,banana,fresh
40675610,40228,79.85,851.35,62.20,0.390,4.161,0.304,banana,fresh
40676622,40229,79.70,851.05,62.25,0.390,4.160,0.304,banana,fresh
40677633,40230,79.85,851.10,62.10,0.390,4.160,0.304,banana,fresh
40678644,40231,79.90,851.10,62.05,0.391,4.160,0.303,banana,fresh
40679655,40232,79.80,851.10,62.10,0.390,4.160,0.304,banana,fresh
40680667,40233,79.65,851.00,62.10,0.389,4.159,0.304,banana,fresh
40681677,40234,79.70,851.05,62.10,0.390,4.160,0.304,banana,fresh
40682688,40235,79.85,851.00,62.15,0.390,4.159,0.304,banana,fresh
40683700,40236,79.75,851.05,62.10,0.390,4.160,0.304,banana,fresh
40684710,40237,79.75,851.15,62.10,0.390,4.160,0.304,banana,fresh
40685722,40238,79.65,851.00,62.20,0.389,4.159,0.304,banana,fresh
40686733,40239,79.90,851.10,62.05,0.391,4.160,0.303,banana,fresh
40687745,40240,79.85,851.10,62.10,0.390,4.160,0.304,banana,fresh
40688755,40241,79.75,851.00,62.15,0.390,4.159,0.304,banana,fresh
40689766,40242,79.80,851.10,62.15,0.390,4.160,0.304,banana,fresh
40690778,40243,79.85,851.05,62.05,0.390,4.160,0.303,banana,fresh
40691788,40244,79.90,851.05,62.05,0.391,4.160,0.303,banana,fresh
40692800,40245,79.85,850.95,62.05,0.390,4.159,0.303,banana,fresh
40693811,40246,79.60,851.05,62.05,0.389,4.160,0.303,banana,fresh
40694822,40247,79.85,851.20,62.05,0.390,4.160,0.303,banana,fresh
40695833,40248,79.90,851.05,62.15,0.391,4.160,0.304,banana,fresh
40696844,40249,79.90,851.00,62.05,0.391,4.159,0.303,banana,fresh
40697856,40250,79.70,851.00,62.10,0.390,4.159,0.304,banana,fresh
40698866,40251,79.80,851.10,62.10,0.390,4.160,0.304,banana,fresh
40699878,40252,79.80,851.05,62.15,0.390,4.160,0.304,banana,fresh
40700889,40253,79.75,851.10,62.25,0.390,4.160,0.304,banana,fresh
40701900,40254,79.65,851.00,62.00,0.389,4.159,0.303,banana,fresh
40702911,40255,79.85,851.00,62.00,0.390,4.159,0.303,banana,fresh
40703922,40256,79.80,851.10,62.20,0.390,4.160,0.304,banana,fresh
40704933,40257,79.70,851.00,62.05,0.390,4.159,0.303,banana,fresh
40705944,40258,79.85,851.00,62.15,0.390,4.159,0.304,banana,fresh
40706956,40259,79.70,851.00,62.05,0.390,4.159,0.303,banana,fresh
40707966,40260,79.75,851.05,62.10,0.390,4.160,0.304,banana,fresh
40708978,40261,79.65,851.10,62.25,0.389,4.160,0.304,banana,fresh
40709989,40262,79.90,851.10,62.15,0.391,4.160,0.304,banana,fresh
40711000,40263,79.90,851.10,62.05,0.391,4.160,0.303,banana,fresh
40712011,40264,80.00,851.05,62.00,0.391,4.160,0.303,banana,fresh
40713022,40265,79.70,851.00,62.20,0.390,4.159,0.304,banana,fresh
40714034,40266,79.75,851.10,62.10,0.390,4.160,0.304,banana,fresh
40715044,40267,79.65,851.00,62.10,0.389,4.159,0.304,banana,fresh
40716056,40268,79.75,851.00,62.05,0.390,4.159,0.303,banana,fresh
40717067,40269,79.75,851.10,62.10,0.390,4.160,0.304,banana,fresh
40718077,40270,79.65,851.05,62.05,0.389,4.160,0.303,banana,fresh
40719089,40271,79.85,851.00,62.05,0.390,4.159,0.303,banana,fresh
40720100,40272,79.80,851.05,62.20,0.390,4.160,0.304,banana,fresh
40721112,40273,79.85,851.05,62.00,0.390,4.160,0.303,banana,fresh
40722122,40274,79.85,851.15,62.05,0.390,4.160,0.303,banana,fresh
40723134,40275,79.80,851.05,62.05,0.390,4.160,0.303,banana,fresh
40724145,40276,79.75,851.05,62.05,0.390,4.160,0.303,banana,fresh
40725155,40277,79.80,851.15,62.05,0.390,4.160,0.303,banana,fresh
40726167,40278,79.85,851.10,62.05,0.390,4.160,0.303,banana,fresh
40727178,40279,79.75,851.05,62.15,0.390,4.160,0.304,banana,fresh
40728189,40280,79.75,851.05,62.00,0.390,4.160,0.303,banana,fresh
40729200,40281,79.80,851.00,62.10,0.390,4.159,0.304,banana,fresh
40730212,40282,79.90,851.05,62.15,0.391,4.160,0.304,banana,fresh
40731223,40283,79.75,851.00,62.10,0.390,4.159,0.304,banana,fresh
40732233,40284,79.80,851.00,62.15,0.390,4.159,0.304,banana,fresh
40733245,40285,79.85,851.15,62.05,0.390,4.160,0.303,banana,fresh
40734256,40286,79.70,851.10,62.05,0.390,4.160,0.303,banana,fresh
40735267,40287,79.85,851.00,62.05,0.390,4.159,0.303,banana,fresh
40736278,40288,79.85,851.05,62.10,0.390,4.160,0.304,banana,fresh
40737290,40289,79.75,851.05,62.00,0.390,4.160,0.303,banana,fresh
40738300,40290,79.65,851.00,62.05,0.389,4.159,0.303,banana,fresh
40739311,40291,79.80,851.00,62.15,0.390,4.159,0.304,banana,fresh
40740323,40292,79.75,851.10,62.05,0.390,4.160,0.303,banana,fresh
40741334,40293,79.75,851.00,62.05,0.390,4.159,0.303,banana,fresh
40742345,40294,79.80,851.05,62.05,0.390,4.160,0.303,banana,fresh
40743356,40295,79.85,851.05,62.15,0.390,4.160,0.304,banana,fresh
40744368,40296,79.60,851.05,62.20,0.389,4.160,0.304,banana,fresh
40745378,40297,79.70,851.10,62.00,0.390,4.160,0.303,banana,fresh
40746389,40298,79.75,851.00,62.00,0.390,4.159,0.303,banana,fresh
40747401,40299,79.80,851.05,62.05,0.390,4.160,0.303,banana,fresh
40748411,40300,79.65,851.05,62.15,0.389,4.160,0.304,banana,fresh
40749423,40301,79.40,851.00,62.10,0.388,4.159,0.304,banana,fresh
40750434,40302,79.75,851.05,62.10,0.390,4.160,0.304,banana,fresh
40751446,40303,79.50,851.00,62.10,0.389,4.159,0.304,banana,fresh
40752456,40304,79.60,851.00,62.10,0.389,4.159,0.304,banana,fresh
40753467,40305,79.85,851.05,62.10,0.390,4.160,0.304,banana,fresh
40754479,40306,79.65,851.00,62.10,0.389,4.159,0.304,banana,fresh
40755489,40307,79.70,851.00,62.10,0.390,4.159,0.304,banana,fresh
40756501,40308,79.70,851.05,62.05,0.390,4.160,0.303,banana,fresh
40757512,40309,79.70,850.95,62.15,0.390,4.159,0.304,banana,fresh
40758523,40310,79.70,851.00,62.30,0.390,4.159,0.304,banana,fresh
40759534,40311,79.65,851.00,62.10,0.389,4.159,0.304,banana,fresh
40760545,40312,79.60,851.00,62.10,0.389,4.159,0.304,banana,fresh
40761556,40313,79.75,851.05,62.10,0.390,4.160,0.304,banana,fresh
40762567,40314,79.85,851.00,62.05,0.390,4.159,0.303,banana,fresh
40763579,40315,79.40,851.00,62.00,0.388,4.159,0.303,banana,fresh
40764590,40316,79.65,851.05,62.10,0.389,4.160,0.304,banana,fresh
40765601,40317,79.70,851.00,62.00,0.390,4.159,0.303,banana,fresh
40766612,40318,79.50,851.15,62.05,0.389,4.160,0.303,banana,fresh
40767623,40319,79.70,851.05,62.10,0.390,4.160,0.304,banana,fresh
40768634,40320,79.55,851.00,62.20,0.389,4.159,0.304,banana,fresh
40769645,40321,79.60,851.10,62.05,0.389,4.160,0.303,banana,fresh
40770657,40322,79.85,851.00,62.10,0.390,4.159,0.304,banana,fresh
40771667,40323,79.75,851.00,62.05,0.390,4.159,0.303,banana,fresh
40772679,40324,79.80,851.05,62.05,0.390,4.160,0.303,banana,fresh
40773690,40325,79.70,851.15,62.10,0.390,4.160,0.304,banana,fresh
40774701,40326,79.60,851.05,62.10,0.389,4.160,0.304,banana,fresh
40775712,40327,79.80,851.00,62.05,0.390,4.159,0.303,banana,fresh
40776723,40328,79.40,851.05,62.10,0.388,4.160,0.304,banana,fresh
40777735,40329,79.70,851.10,62.10,0.390,4.160,0.304,banana,fresh
40778745,40330,79.55,851.05,62.10,0.389,4.160,0.304,banana,fresh
40779757,40331,79.65,851.05,62.10,0.389,4.160,0.304,banana,fresh
40780768,40332,79.50,851.00,62.05,0.389,4.159,0.303,banana,fresh
40781778,40333,79.65,851.00,62.10,0.389,4.159,0.304,banana,fresh
40782790,40334,79.60,851.00,62.10,0.389,4.159,0.304,banana,fresh
40783801,40335,79.65,851.10,62.15,0.389,4.160,0.304,banana,fresh
40784813,40336,79.65,851.00,62.05,0.389,4.159,0.303,banana,fresh
40785823,40337,79.90,851.00,62.05,0.391,4.159,0.303,banana,fresh
40786835,40338,79.65,851.00,62.05,0.389,4.159,0.303,banana,fresh
40787846,40339,79.70,851.00,62.05,0.390,4.159,0.303,banana,fresh
40788856,40340,79.70,851.05,62.05,0.390,4.160,0.303,banana,fresh
40789868,40341,79.60,851.00,62.10,0.389,4.159,0.304,banana,fresh
40790879,40342,79.70,851.10,62.05,0.390,4.160,0.303,banana,fresh
40791890,40343,79.65,851.00,62.10,0.389,4.159,0.304,banana,fresh
40792901,40344,79.60,851.00,62.15,0.389,4.159,0.304,banana,fresh
40793913,40345,79.60,851.00,62.05,0.389,4.159,0.303,banana,fresh
40794924,40346,79.60,851.00,62.05,0.389,4.159,0.303,banana,fresh
40795934,40347,79.65,851.00,62.05,0.389,4.159,0.303,banana,fresh
40796946,40348,79.80,851.00,62.10,0.390,4.159,0.304,banana,fresh
40797957,40349,79.70,851.00,62.05,0.390,4.159,0.303,banana,fresh
40798968,40350,79.45,851.00,62.15,0.388,4.159,0.304,banana,fresh
40799979,40351,79.70,851.10,62.15,0.390,4.160,0.304,banana,fresh
40800991,40352,79.60,851.00,62.00,0.389,4.159,0.303,banana,fresh
40802001,40353,79.60,851.00,62.05,0.389,4.159,0.303,banana,fresh
40803012,40354,79.60,851.00,62.20,0.389,4.159,0.304,banana,fresh
40804024,40355,79.60,851.00,62.05,0.389,4.159,0.303,banana,fresh
40805035,40356,79.80,851.10,62.05,0.390,4.160,0.303,banana,fresh
40806046,40357,79.80,851.00,62.15,0.390,4.159,0.304,banana,fresh
40807057,40358,79.55,851.05,62.00,0.389,4.160,0.303,banana,fresh
40808069,40359,79.80,851.05,62.10,0.390,4.160,0.304,banana,fresh
40809079,40360,79.75,851.15,62.10,0.390,4.160,0.304,banana,fresh
40810090,40361,79.70,851.00,62.10,0.390,4.159,0.304,banana,fresh
40811102,40362,79.80,851.00,62.00,0.390,4.159,0.303,banana,fresh
40812112,40363,79.65,851.05,62.05,0.389,4.160,0.303,banana,fresh
40813124,40364,79.80,851.05,62.05,0.390,4.160,0.303,banana,fresh
40814135,40365,79.75,851.05,62.05,0.390,4.160,0.303,banana,fresh
40815145,40366,79.80,851.05,62.10,0.390,4.160,0.304,banana,fresh
40816157,40367,79.85,851.00,62.05,0.390,4.159,0.303,banana,fresh
40817168,40368,79.70,851.00,62.00,0.390,4.159,0.303,banana,fresh
40818180,40369,79.60,851.00,62.00,0.389,4.159,0.303,banana,fresh
40819190,40370,79.60,851.05,62.00,0.389,4.160,0.303,banana,fresh
40820202,40371,79.80,851.00,62.05,0.390,4.159,0.303,banana,fresh
40821213,40372,79.70,851.00,62.00,0.390,4.159,0.303,banana,fresh
40822223,40373,79.70,851.00,62.00,0.390,4.159,0.303,banana,fresh
40823235,40374,79.65,851.15,62.05,0.389,4.160,0.303,banana,fresh
40824246,40375,79.60,851.05,62.00,0.389,4.160,0.303,banana,fresh
40825257,40376,79.70,851.15,62.00,0.390,4.160,0.303,banana,fresh
40826268,40377,79.65,851.00,62.05,0.389,4.159,0.303,banana,fresh
40827280,40378,79.50,851.00,62.10,0.389,4.159,0.304,banana,fresh
40828291,40379,79.55,851.00,62.05,0.389,4.159,0.303,banana,fresh
40829301,40380,79.80,851.10,62.15,0.390,4.160,0.304,banana,fresh
40830313,40381,79.65,851.05,62.10,0.389,4.160,0.304,banana,fresh
40831324,40382,79.65,851.00,62.05,0.389,4.159,0.303,banana,fresh
40832335,40383,79.85,851.10,62.10,0.390,4.160,0.304,banana,fresh
40833346,40384,79.70,851.00,62.15,0.390,4.159,0.304,banana,fresh
40834358,40385,79.75,851.10,62.00,0.390,4.160,0.303,banana,fresh
40835368,40386,79.70,851.10,62.05,0.390,4.160,0.303,banana,fresh
40836379,40387,79.65,851.00,62.05,0.389,4.159,0.303,banana,fresh
40837391,40388,79.60,851.00,62.00,0.389,4.159,0.303,banana,fresh
40838402,40389,79.60,851.00,62.05,0.389,4.159,0.303,banana,fresh
40839413,40390,79.70,851.05,62.05,0.390,4.160,0.303,banana,fresh
40840424,40391,79.50,851.00,62.05,0.389,4.159,0.303,banana,fresh
40841436,40392,79.55,851.00,62.05,0.389,4.159,0.303,banana,fresh
40842446,40393,79.70,851.00,62.00,0.390,4.159,0.303,banana,fresh
40843457,40394,79.75,851.05,62.00,0.390,4.160,0.303,banana,fresh
40844469,40395,79.75,851.00,62.05,0.390,4.159,0.303,banana,fresh
40845479,40396,79.55,851.00,62.00,0.389,4.159,0.303,banana,fresh
40846491,40397,79.70,851.00,62.10,0.390,4.159,0.304,banana,fresh
40847502,40398,79.80,851.05,62.05,0.390,4.160,0.303,banana,fresh
40848514,40399,79.80,851.05,62.05,0.390,4.160,0.303,banana,fresh
40849524,40400,79.65,851.10,62.05,0.389,4.160,0.303,banana,fresh
40850535,40401,79.60,850.95,62.05,0.389,4.159,0.303,banana,fresh
40851547,40402,79.65,851.00,62.00,0.389,4.159,0.303,banana,fresh
40852557,40403,79.60,851.00,62.00,0.389,4.159,0.303,banana,fresh
40853569,40404,79.50,851.00,62.00,0.389,4.159,0.303,banana,fresh
40854580,40405,79.65,851.10,62.05,0.389,4.160,0.303,banana,fresh
40855590,40406,79.70,851.00,62.05,0.390,4.159,0.303,banana,fresh
40856602,40407,79.50,851.05,62.00,0.389,4.160,0.303,banana,fresh
40857613,40408,79.55,851.00,62.00,0.389,4.159,0.303,banana,fresh
40858625,40409,79.50,851.00,62.10,0.389,4.159,0.304,banana,fresh
40859635,40410,79.70,850.95,62.05,0.390,4.159,0.303,banana,fresh
40860647,40411,79.60,851.00,62.05,0.389,4.159,0.303,banana,fresh
40861658,40412,79.50,851.05,62.00,0.389,4.160,0.303,banana,fresh
40862668,40413,79.55,851.00,62.00,0.389,4.159,0.303,banana,fresh
40863680,40414,79.65,851.00,62.05,0.389,4.159,0.303,banana,fresh
40864691,40415,79.70,851.00,62.05,0.390,4.159,0.303,banana,fresh
40865702,40416,79.45,851.05,62.05,0.388,4.160,0.303,banana,fresh
40866713,40417,79.45,851.00,62.05,0.388,4.159,0.303,banana,fresh
40867725,40418,79.45,851.00,62.10,0.388,4.159,0.304,banana,fresh
40868736,40419,79.45,851.00,62.00,0.388,4.159,0.303,banana,fresh
40869746,40420,79.60,851.05,62.05,0.389,4.160,0.303,banana,fresh
40870758,40421,79.55,851.00,62.00,0.389,4.159,0.303,banana,fresh
40871769,40422,79.40,851.00,62.00,0.388,4.159,0.303,banana,fresh
40872780,40423,79.60,851.00,62.05,0.389,4.159,0.303,banana,fresh
40873791,40424,79.65,851.00,62.05,0.389,4.159,0.303,banana,fresh
40874803,40425,79.50,851.00,62.10,0.389,4.159,0.304,banana,fresh
40875813,40426,79.70,851.00,62.05,0.390,4.159,0.303,banana,fresh
40876824,40427,79.50,851.00,62.05,0.389,4.159,0.303,banana,fresh
40877836,40428,79.65,851.00,62.05,0.389,4.159,0.303,banana,fresh
40878846,40429,79.40,851.00,62.00,0.388,4.159,0.303,banana,fresh
40879858,40430,79.65,851.00,62.00,0.389,4.159,0.303,banana,fresh
40880869,40431,79.60,851.00,62.00,0.389,4.159,0.303,banana,fresh
40881880,40432,79.60,851.00,62.00,0.389,4.159,0.303,banana,fresh
40882891,40433,79.50,851.05,62.00,0.389,4.160,0.303,banana,fresh
40883902,40434,79.60,851.00,62.00,0.389,4.159,0.303,banana,fresh
40884914,40435,79.45,851.00,62.10,0.388,4.159,0.304,banana,fresh
40885924,40436,79.65,851.00,62.05,0.389,4.159,0.303,banana,fresh
40886936,40437,79.75,851.05,62.05,0.390,4.160,0.303,banana,fresh
40887947,40438,79.50,851.00,62.05,0.389,4.159,0.303,banana,fresh
40888957,40439,79.55,851.00,62.00,0.389,4.159,0.303,banana,fresh
40889969,40440,79.55,851.00,62.00,0.389,4.159,0.303,banana,fresh
40890980,40441,79.45,851.00,62.00,0.388,4.159,0.303,banana,fresh
40891992,40442,79.60,851.00,62.05,0.389,4.159,0.303,banana,fresh
40893002,40443,79.60,851.00,62.05,0.389,4.159,0.303,banana,fresh
40894014,40444,79.50,851.00,62.05,0.389,4.159,0.303,banana,fresh
40895025,40445,79.55,851.05,62.00,0.389,4.160,0.303,banana,fresh
40896035,40446,79.65,851.00,62.05,0.389,4.159,0.303,banana,fresh
40897047,40447,79.65,851.00,62.00,0.389,4.159,0.303,banana,fresh
40898058,40448,79.50,851.05,62.00,0.389,4.160,0.303,banana,fresh
40899069,40449,79.45,851.00,62.00,0.388,4.159,0.303,banana,fresh
40900080,40450,79.35,851.00,62.00,0.388,4.159,0.303,banana,fresh
40901092,40451,79.50,850.95,62.05,0.389,4.159,0.303,banana,fresh
40902103,40452,79.65,851.00,62.00,0.389,4.159,0.303,banana,fresh
40903113,40453,79.45,851.00,62.00,0.388,4.159,0.303,banana,fresh
40904125,40454,79.60,851.00,62.05,0.389,4.159,0.303,banana,fresh
40905136,40455,79.75,851.00,62.05,0.390,4.159,0.303,banana,fresh
40906147,40456,79.45,851.00,62.00,0.388,4.159,0.303,banana,fresh
40907158,40457,79.60,851.00,62.00,0.389,4.159,0.303,banana,fresh
40908170,40458,79.70,850.95,62.00,0.390,4.159,0.303,banana,fresh
40909180,40459,79.55,851.00,62.05,0.389,4.159,0.303,banana,fresh
40910191,40460,79.55,851.00,62.10,0.389,4.159,0.304,banana,fresh
40911203,40461,79.55,851.05,62.00,0.389,4.160,0.303,banana,fresh
40912214,40462,79.50,851.00,62.00,0.389,4.159,0.303,banana,fresh
40913225,40463,79.50,851.00,62.05,0.389,4.159,0.303,banana,fresh
40914236,40464,79.30,851.00,62.00,0.388,4.159,0.303,banana,fresh
40915248,40465,79.40,851.00,62.00,0.388,4.159,0.303,banana,fresh
40916258,40466,79.55,851.00,62.00,0.389,4.159,0.303,banana,fresh
40917269,40467,79.55,851.05,62.00,0.389,4.160,0.303,banana,fresh
40918281,40468,79.55,851.00,61.95,0.389,4.159,0.303,banana,fresh
40919291,40469,79.45,851.05,62.00,0.388,4.160,0.303,banana,fresh
40920303,40470,79.50,851.00,62.00,0.389,4.159,0.303,banana,fresh
40921314,40471,79.50,851.00,62.05,0.389,4.159,0.303,banana,fresh
40922324,40472,79.60,851.00,61.95,0.389,4.159,0.303,banana,fresh
40923336,40473,79.50,851.00,62.05,0.389,4.159,0.303,banana,fresh
40924347,40474,79.40,851.10,62.00,0.388,4.160,0.303,banana,fresh
40925359,40475,79.70,851.05,62.00,0.390,4.160,0.303,banana,fresh
40926369,40476,79.40,851.00,62.00,0.388,4.159,0.303,banana,fresh
40927381,40477,79.35,851.00,62.10,0.388,4.159,0.304,banana,fresh
40928392,40478,79.45,851.00,62.10,0.388,4.159,0.304,banana,fresh
40929402,40479,79.50,851.00,61.95,0.389,4.159,0.303,banana,fresh
40930414,40480,79.45,851.00,62.05,0.388,4.159,0.303,banana,fresh
40931425,40481,79.50,851.00,62.05,0.389,4.159,0.303,banana,fresh
40932436,40482,79.40,851.00,62.00,0.388,4.159,0.303,banana,fresh
40933447,40483,79.45,851.00,62.00,0.388,4.159,0.303,banana,fresh
40934459,40484,79.50,851.00,61.95,0.389,4.159,0.303,banana,fresh
40935470,40485,79.60,851.00,62.00,0.389,4.159,0.303,banana,fresh
40936480,40486,79.50,851.05,62.00,0.389,4.160,0.303,banana,fresh
40937492,40487,79.60,851.00,62.00,0.389,4.159,0.303,banana,fresh
40938503,40488,79.30,851.05,61.95,0.388,4.160,0.303,banana,fresh
40939514,40489,79.60,851.00,62.00,0.389,4.159,0.303,banana,fresh
40940525,40490,79.40,851.00,62.00,0.388,4.159,0.303,banana,fresh
40941536,40491,79.45,851.00,62.00,0.388,4.159,0.303,banana,fresh
40942547,40492,79.55,851.00,62.00,0.389,4.159,0.303,banana,fresh
40943558,40493,79.40,851.00,62.00,0.388,4.159,0.303,banana,fresh
40944570,40494,79.40,851.05,62.00,0.388,4.160,0.303,banana,fresh
40945581,40495,79.45,851.00,62.00,0.388,4.159,0.303,banana,fresh
40946592,40496,79.50,851.00,62.00,0.389,4.159,0.303,banana,fresh
40947603,40497,79.70,851.00,62.05,0.390,4.159,0.303,banana,fresh
40948614,40498,79.60,851.00,62.00,0.389,4.159,0.303,banana,fresh
40949625,40499,79.75,851.00,62.00,0.390,4.159,0.303,banana,fresh
40950636,40500,79.55,851.00,62.00,0.389,4.159,0.303,banana,fresh
40951648,40501,79.50,851.00,62.05,0.389,4.159,0.303,banana,fresh
40952658,40502,79.35,851.00,62.05,0.388,4.159,0.303,banana,fresh
40953670,40503,79.30,850.95,62.10,0.388,4.159,0.304,banana,fresh
40954681,40504,79.35,851.00,61.95,0.388,4.159,0.303,banana,fresh
40955692,40505,79.50,851.00,62.10,0.389,4.159,0.304,banana,fresh
40956703,40506,79.35,851.00,62.05,0.388,4.159,0.303,banana,fresh
40957714,40507,79.35,851.00,62.05,0.388,4.159,0.303,banana,fresh
40958726,40508,79.45,851.00,62.05,0.388,4.159,0.303,banana,fresh
40959736,40509,79.45,851.00,62.05,0.388,4.159,0.303,banana,fresh
40960748,40510,79.40,851.00,62.00,0.388,4.159,0.303,banana,fresh
40961759,40511,79.40,851.00,62.05,0.388,4.159,0.303,banana,fresh
40962769,40512,79.60,851.00,62.00,0.389,4.159,0.303,banana,fresh
40963781,40513,79.40,851.00,62.00,0.388,4.159,0.303,banana,fresh
40964792,40514,79.70,851.00,62.00,0.390,4.159,0.303,banana,fresh
40965804,40515,79.50,851.00,62.00,0.389,4.159,0.303,banana,fresh
40966814,40516,79.55,850.95,62.00,0.389,4.159,0.303,banana,fresh
40967826,40517,79.45,851.00,62.00,0.388,4.159,0.303,banana,fresh
40968837,40518,79.40,851.00,62.00,0.388,4.159,0.303,banana,fresh
40969847,40519,79.35,851.00,62.00,0.388,4.159,0.303,banana,fresh
40970859,40520,79.55,851.00,62.00,0.389,4.159,0.303,banana,fresh
40971870,40521,79.50,851.00,62.00,0.389,4.159,0.303,banana,fresh
40972881,40522,79.40,851.00,62.00,0.388,4.159,0.303,banana,fresh
40973892,40523,79.50,851.00,62.05,0.389,4.159,0.303,banana,fresh
40974904,40524,79.45,850.95,62.05,0.388,4.159,0.303,banana,fresh
40975915,40525,79.30,851.00,62.00,0.388,4.159,0.303,banana,fresh
40976925,40526,79.45,851.05,62.00,0.388,4.160,0.303,banana,fresh
40977937,40527,79.50,851.05,61.95,0.389,4.160,0.303,banana,fresh
40978948,40528,79.40,851.00,62.00,0.388,4.159,0.303,banana,fresh
40979959,40529,79.30,851.00,62.00,0.388,4.159,0.303,banana,fresh
40980970,40530,79.60,851.00,61.95,0.389,4.159,0.303,banana,fresh
40981981,40531,79.40,851.00,62.00,0.388,4.159,0.303,banana,fresh
40982992,40532,79.55,850.95,62.00,0.389,4.159,0.303,banana,fresh
40984003,40533,79.55,851.00,61.90,0.389,4.159,0.303,banana,fresh
40985015,40534,79.60,851.00,62.00,0.389,4.159,0.303,banana,fresh
40986025,40535,79.45,851.00,62.00,0.388,4.159,0.303,banana,fresh
40987037,40536,79.40,851.00,62.00,0.388,4.159,0.303,banana,fresh
40988048,40537,79.50,851.00,62.00,0.389,4.159,0.303,banana,fresh
40989059,40538,79.65,851.00,62.00,0.389,4.159,0.303,banana,fresh
40990070,40539,79.35,851.05,62.05,0.388,4.160,0.303,banana,fresh
40991081,40540,79.35,851.00,62.00,0.388,4.159,0.303,banana,fresh
40992093,40541,79.50,851.05,62.00,0.389,4.160,0.303,banana,fresh
40993103,40542,79.40,851.00,62.10,0.388,4.159,0.304,banana,fresh
40994114,40543,79.35,851.00,62.00,0.388,4.159,0.303,banana,fresh
40995126,40544,79.45,851.00,62.05,0.388,4.159,0.303,banana,fresh
40996136,40545,79.40,851.00,62.00,0.388,4.159,0.303,banana,fresh
40997148,40546,79.40,851.00,62.00,0.388,4.159,0.303,banana,fresh
40998159,40547,79.40,850.95,62.00,0.388,4.159,0.303,banana,fresh
40999171,40548,79.25,850.95,62.00,0.387,4.159,0.303,banana,fresh
41000181,40549,79.40,850.95,62.10,0.388,4.159,0.304,banana,fresh
41001192,40550,79.30,850.95,62.00,0.388,4.159,0.303,banana,fresh
41002204,40551,79.45,851.00,62.00,0.388,4.159,0.303,banana,fresh
41003214,40552,79.50,851.00,62.05,0.389,4.159,0.303,banana,fresh
41004226,40553,79.20,851.00,62.00,0.387,4.159,0.303,banana,fresh
41005237,40554,79.40,851.00,62.00,0.388,4.159,0.303,banana,fresh
41006248,40555,79.25,851.00,61.95,0.387,4.159,0.303,banana,fresh
41007259,40556,79.40,851.00,61.95,0.388,4.159,0.303,banana,fresh
41008270,40557,79.30,851.00,62.00,0.388,4.159,0.303,banana,fresh
41009282,40558,79.40,851.00,62.00,0.388,4.159,0.303,banana,fresh
41010292,40559,79.50,851.00,62.00,0.389,4.159,0.303,banana,fresh
41011304,40560,79.45,851.00,62.00,0.388,4.159,0.303,banana,fresh
41012315,40561,79.15,851.00,62.00,0.387,4.159,0.303,banana,fresh
41013325,40562,79.40,851.00,62.10,0.388,4.159,0.304,banana,fresh
41014337,40563,79.40,851.00,62.00,0.388,4.159,0.303,banana,fresh
41015348,40564,79.35,851.05,62.00,0.388,4.160,0.303,banana,fresh
41016359,40565,79.30,851.00,61.95,0.388,4.159,0.303,banana,fresh
41017370,40566,79.20,851.00,61.95,0.387,4.159,0.303,banana,fresh
41018382,40567,79.50,851.00,62.00,0.389,4.159,0.303,banana,fresh
41019393,40568,79.30,851.00,62.00,0.388,4.159,0.303,banana,fresh
41020403,40569,79.25,851.00,62.00,0.387,4.159,0.303,banana,fresh
41021415,40570,79.45,851.00,62.00,0.388,4.159,0.303,banana,fresh
41022426,40571,79.25,850.90,61.85,0.387,4.159,0.302,banana,fresh
41023437,40572,79.40,851.00,61.95,0.388,4.159,0.303,banana,fresh
41024448,40573,79.35,851.00,62.00,0.388,4.159,0.303,banana,fresh
41025460,40574,79.35,851.00,62.05,0.388,4.159,0.303,banana,fresh
41026470,40575,79.40,851.00,61.85,0.388,4.159,0.302,banana,fresh
41027481,40576,79.50,850.85,62.00,0.389,4.159,0.303,banana,fresh
41028493,40577,79.30,851.00,62.00,0.388,4.159,0.303,banana,fresh
41029504,40578,79.20,851.00,62.00,0.387,4.159,0.303,banana,fresh
41030515,40579,79.45,851.00,61.95,0.388,4.159,0.303,banana,fresh
41031526,40580,79.40,851.00,62.00,0.388,4.159,0.303,banana,fresh
41032538,40581,79.50,851.00,62.05,0.389,4.159,0.303,banana,fresh
41033548,40582,79.40,851.00,62.00,0.388,4.159,0.303,banana,fresh
41034559,40583,79.50,850.90,62.00,0.389,4.159,0.303,banana,fresh
41035571,40584,79.45,850.95,62.00,0.388,4.159,0.303,banana,fresh
41036581,40585,79.30,850.95,61.95,0.388,4.159,0.303,banana,fresh
41037593,40586,79.45,851.00,62.00,0.388,4.159,0.303,banana,fresh
41038604,40587,79.45,851.00,62.05,0.388,4.159,0.303,banana,fresh
41039616,40588,79.10,850.95,62.05,0.387,4.159,0.303,banana,fresh
41040626,40589,79.30,850.95,62.00,0.388,4.159,0.303,banana,fresh
41041637,40590,79.45,851.00,62.00,0.388,4.159,0.303,banana,fresh
41042649,40591,79.25,851.00,61.95,0.387,4.159,0.303,banana,fresh
41043659,40592,79.50,851.05,62.05,0.389,4.160,0.303,banana,fresh
41044671,40593,79.30,851.00,61.95,0.388,4.159,0.303,banana,fresh
41045682,40594,79.30,850.95,62.00,0.388,4.159,0.303,banana,fresh
41046693,40595,79.25,851.00,62.00,0.387,4.159,0.303,banana,fresh
41047704,40596,79.35,850.95,61.90,0.388,4.159,0.303,banana,fresh
41048715,40597,79.20,851.00,61.95,0.387,4.159,0.303,banana,fresh
41049726,40598,79.55,851.00,62.00,0.389,4.159,0.303,banana,fresh
41050737,40599,79.50,850.95,62.00,0.389,4.159,0.303,banana,fresh
41051749,40600,79.20,850.95,62.00,0.387,4.159,0.303,banana,fresh
41052760,40601,79.35,850.95,62.00,0.388,4.159,0.303,banana,fresh
41053770,40602,79.45,851.00,62.00,0.388,4.159,0.303,banana,fresh
41054782,40603,79.30,851.05,62.00,0.388,4.160,0.303,banana,fresh
41055793,40604,79.35,851.00,62.00,0.388,4.159,0.303,banana,fresh
41056804,40605,79.45,851.00,62.00,0.388,4.159,0.303,banana,fresh
41057815,40606,79.20,851.00,62.00,0.387,4.159,0.303,banana,fresh
41058827,40607,79.45,851.00,62.05,0.388,4.159,0.303,banana,fresh
41059837,40608,79.40,850.90,62.00,0.388,4.159,0.303,banana,fresh
41060848,40609,79.20,850.90,62.00,0.387,4.159,0.303,banana,fresh
41061860,40610,79.40,850.95,62.00,0.388,4.159,0.303,banana,fresh
41062871,40611,79.40,851.00,61.95,0.388,4.159,0.303,banana,fresh
41063882,40612,79.20,851.00,62.05,0.387,4.159,0.303,banana,fresh
41064893,40613,79.20,851.00,61.95,0.387,4.159,0.303,banana,fresh
41065905,40614,79.30,851.00,61.90,0.388,4.159,0.303,banana,fresh
41066915,40615,79.35,851.00,62.00,0.388,4.159,0.303,banana,fresh
41067926,40616,79.10,851.00,62.00,0.387,4.159,0.303,banana,fresh
41068938,40617,79.45,850.95,62.00,0.388,4.159,0.303,banana,fresh
41069948,40618,79.35,851.00,62.00,0.388,4.159,0.303,banana,fresh
41070960,40619,79.25,850.95,62.00,0.387,4.159,0.303,banana,fresh
41071971,40620,79.35,851.00,62.00,0.388,4.159,0.303,banana,fresh
41072983,40621,79.25,850.95,62.00,0.387,4.159,0.303,banana,fresh
41073993,40622,79.35,850.95,62.00,0.388,4.159,0.303,banana,fresh
41075004,40623,79.20,851.00,62.00,0.387,4.159,0.303,banana,fresh
41076016,40624,79.55,851.00,62.00,0.389,4.159,0.303,banana,fresh
41077026,40625,79.35,851.00,61.95,0.388,4.159,0.303,banana,fresh
41078038,40626,79.25,850.90,62.00,0.387,4.159,0.303,banana,fresh
41079049,40627,79.50,851.00,62.00,0.389,4.159,0.303,banana,fresh
41080059,40628,79.15,851.00,62.00,0.387,4.159,0.303,banana,fresh
41081071,40629,79.30,850.95,62.00,0.388,4.159,0.303,banana,fresh
41082082,40630,79.25,851.00,62.00,0.387,4.159,0.303,banana,fresh
41083094,40631,79.10,850.95,62.00,0.387,4.159,0.303,banana,fresh
41084104,40632,79.35,851.00,62.00,0.388,4.159,0.303,banana,fresh
41085116,40633,79.25,850.95,62.00,0.387,4.159,0.303,banana,fresh
41086127,40634,79.35,850.95,62.00,0.388,4.159,0.303,banana,fresh
41087137,40635,79.15,850.95,62.00,0.387,4.159,0.303,banana,fresh
41088149,40636,79.40,850.90,62.00,0.388,4.159,0.303,banana,fresh
41089160,40637,79.15,851.00,61.95,0.387,4.159,0.303,banana,fresh
41090171,40638,79.15,851.05,62.00,0.387,4.160,0.303,banana,fresh
41091182,40639,79.10,850.95,62.00,0.387,4.159,0.303,banana,fresh
41092194,40640,79.35,851.00,61.95,0.388,4.159,0.303,banana,fresh
41093204,40641,79.40,850.85,61.95,0.388,4.159,0.303,banana,fresh
41094215,40642,79.35,850.95,62.00,0.388,4.159,0.303,banana,fresh
41095227,40643,79.45,851.00,62.00,0.388,4.159,0.303,banana,fresh
41096238,40644,79.35,850.95,62.00,0.388,4.159,0.303,banana,fresh
41097249,40645,79.25,851.00,61.95,0.387,4.159,0.303,banana,fresh
41098260,40646,79.20,851.00,61.90,0.387,4.159,0.303,banana,fresh
41099272,40647,79.25,850.95,61.95,0.387,4.159,0.303,banana,fresh
41100282,40648,79.20,850.95,62.00,0.387,4.159,0.303,banana,fresh
41101293,40649,79.20,850.95,62.00,0.387,4.159,0.303,banana,fresh
41102305,40650,79.15,851.00,62.05,0.387,4.159,0.303,banana,fresh
41103315,40651,79.30,851.00,61.95,0.388,4.159,0.303,banana,fresh
41104327,40652,79.10,851.00,62.00,0.387,4.159,0.303,banana,fresh
41105338,40653,79.20,850.95,62.00,0.387,4.159,0.303,banana,fresh
41106350,40654,79.10,851.00,61.95,0.387,4.159,0.303,banana,fresh
41107360,40655,79.50,850.90,62.00,0.389,4.159,0.303,banana,fresh
41108371,40656,79.45,850.95,62.00,0.388,4.159,0.303,banana,fresh
41109383,40657,79.30,851.00,62.00,0.388,4.159,0.303,banana,fresh
41110393,40658,79.20,851.00,62.00,0.387,4.159,0.303,banana,fresh
41111405,40659,79.20,851.00,62.00,0.387,4.159,0.303,banana,fresh
41112416,40660,79.35,851.00,62.00,0.388,4.159,0.303,banana,fresh
41113426,40661,79.45,851.00,61.95,0.388,4.159,0.303,banana,fresh
41114438,40662,79.25,851.00,62.00,0.387,4.159,0.303,banana,fresh
41115449,40663,79.25,851.00,62.00,0.387,4.159,0.303,banana,fresh
41116461,40664,79.35,851.00,62.00,0.388,4.159,0.303,banana,fresh
41117471,40665,79.10,851.00,62.00,0.387,4.159,0.303,banana,fresh
41118483,40666,79.30,851.00,61.95,0.388,4.159,0.303,banana,fresh
41119494,40667,79.25,850.90,61.95,0.387,4.159,0.303,banana,fresh
41120504,40668,79.25,851.00,62.00,0.387,4.159,0.303,banana,fresh
41121516,40669,79.25,850.95,61.95,0.387,4.159,0.303,banana,fresh
41122527,40670,79.15,851.00,62.00,0.387,4.159,0.303,banana,fresh
41123538,40671,79.25,851.00,62.05,0.387,4.159,0.303,banana,fresh
41124549,40672,79.15,851.00,62.00,0.387,4.159,0.303,banana,fresh
41125561,40673,79.20,851.00,61.95,0.387,4.159,0.303,banana,fresh
41126572,40674,79.40,850.95,62.00,0.388,4.159,0.303,banana,fresh
41127582,40675,79.35,850.95,61.95,0.388,4.159,0.303,banana,fresh
41128594,40676,79.25,850.95,62.00,0.387,4.159,0.303,banana,fresh
41129605,40677,79.30,851.00,61.95,0.388,4.159,0.303,banana,fresh
41130616,40678,79.25,850.95,62.00,0.387,4.159,0.303,banana,fresh
41131627,40679,79.25,850.90,61.95,0.387,4.159,0.303,banana,fresh
41132639,40680,79.30,851.00,62.00,0.388,4.159,0.303,banana,fresh
41133649,40681,79.30,851.00,61.95,0.388,4.159,0.303,banana,fresh
41134660,40682,79.30,851.00,61.95,0.388,4.159,0.303,banana,fresh
41135672,40683,79.20,850.95,61.95,0.387,4.159,0.303,banana,fresh
41136683,40684,79.15,850.95,61.95,0.387,4.159,0.303,banana,fresh
41137694,40685,79.25,850.95,62.00,0.387,4.159,0.303,banana,fresh
41138705,40686,79.15,851.00,61.95,0.387,4.159,0.303,banana,fresh
41139717,40687,79.35,851.00,61.95,0.388,4.159,0.303,banana,fresh
41140727,40688,79.25,850.95,61.95,0.387,4.159,0.303,banana,fresh
41141738,40689,79.30,851.00,62.00,0.388,4.159,0.303,banana,fresh
41142750,40690,79.15,851.00,62.00,0.387,4.159,0.303,banana,fresh
41143760,40691,79.25,851.00,62.00,0.387,4.159,0.303,banana,fresh
41144772,40692,79.15,850.95,61.95,0.387,4.159,0.303,banana,fresh
41145783,40693,79.15,851.00,62.00,0.387,4.159,0.303,banana,fresh
41146795,40694,79.15,850.90,61.95,0.387,4.159,0.303,banana,fresh
41147805,40695,79.25,850.95,62.00,0.387,4.159,0.303,banana,fresh
41148816,40696,79.45,850.95,62.00,0.388,4.159,0.303,banana,fresh
41149828,40697,79.25,850.90,62.00,0.387,4.159,0.303,banana,fresh
41150838,40698,79.15,850.95,62.05,0.387,4.159,0.303,banana,fresh
41151850,40699,79.25,850.95,61.95,0.387,4.159,0.303,banana,fresh
41152861,40700,79.20,851.00,61.95,0.387,4.159,0.303,banana,fresh
41153872,40701,79.35,850.95,62.05,0.388,4.159,0.303,banana,fresh
41154883,40702,79.10,851.00,62.00,0.387,4.159,0.303,banana,fresh
41155894,40703,79.00,851.00,61.95,0.386,4.159,0.303,banana,fresh
41156905,40704,79.40,851.00,61.95,0.388,4.159,0.303,banana,fresh
41157916,40705,79.15,851.00,62.00,0.387,4.159,0.303,banana,fresh
41158928,40706,79.30,850.95,61.95,0.388,4.159,0.303,banana,fresh
41159939,40707,79.20,851.00,61.95,0.387,4.159,0.303,banana,fresh
41160950,40708,79.05,851.00,62.00,0.386,4.159,0.303,banana,fresh
41161961,40709,79.20,850.95,62.00,0.387,4.159,0.303,banana,fresh
41162972,40710,79.20,850.95,62.00,0.387,4.159,0.303,banana,fresh
41163983,40711,79.20,850.90,61.95,0.387,4.159,0.303,banana,fresh
41164994,40712,79.15,851.00,62.00,0.387,4.159,0.303,banana,fresh
41166006,40713,79.35,851.00,62.00,0.388,4.159,0.303,banana,fresh
41167016,40714,79.30,851.00,61.95,0.388,4.159,0.303,banana,fresh
41168028,40715,79.25,851.00,61.95,0.387,4.159,0.303,banana,fresh
41169039,40716,79.45,850.90,61.85,0.388,4.159,0.302,banana,fresh
41170050,40717,79.15,851.00,61.95,0.387,4.159,0.303,banana,fresh
41171061,40718,79.30,850.85,61.90,0.388,4.159,0.303,banana,fresh
41172072,40719,79.35,851.00,62.00,0.388,4.159,0.303,banana,fresh
41173084,40720,79.20,851.00,61.95,0.387,4.159,0.303,banana,fresh
41174094,40721,79.15,850.95,62.00,0.387,4.159,0.303,banana,fresh
41175106,40722,79.20,850.95,62.00,0.387,4.159,0.303,banana,fresh
41176117,40723,79.15,851.00,62.00,0.387,4.159,0.303,banana,fresh
41177127,40724,79.20,850.95,61.95,0.387,4.159,0.303,banana,fresh
41178139,40725,79.20,851.00,62.00,0.387,4.159,0.303,banana,fresh
41179150,40726,79.05,850.95,61.95,0.386,4.159,0.303,banana,fresh
41180162,40727,79.25,851.00,61.95,0.387,4.159,0.303,banana,fresh
41181172,40728,79.15,850.95,61.85,0.387,4.159,0.302,banana,fresh
41182184,40729,79.15,851.00,62.00,0.387,4.159,0.303,banana,fresh
41183195,40730,79.25,851.00,62.00,0.387,4.159,0.303,banana,fresh
41184205,40731,79.10,851.00,62.00,0.387,4.159,0.303,banana,fresh
41185217,40732,79.15,851.00,61.90,0.387,4.159,0.303,banana,fresh
41186228,40733,79.10,850.95,61.95,0.387,4.159,0.303,banana,fresh
41187239,40734,79.20,851.00,62.00,0.387,4.159,0.303,banana,fresh
41188250,40735,79.20,850.95,62.00,0.387,4.159,0.303,banana,fresh
41189261,40736,79.20,851.00,62.00,0.387,4.159,0.303,banana,fresh
41190273,40737,79.20,850.95,62.00,0.387,4.159,0.303,banana,fresh
41191283,40738,79.20,850.95,61.95,0.387,4.159,0.303,banana,fresh
41192295,40739,79.15,850.90,61.95,0.387,4.159,0.303,banana,fresh
41193306,40740,79.15,850.85,61.90,0.387,4.159,0.303,banana,fresh
41194317,40741,79.20,851.00,62.00,0.387,4.159,0.303,banana,fresh
41195328,40742,79.10,850.95,61.95,0.387,4.159,0.303,banana,fresh
41196340,40743,79.10,851.00,62.00,0.387,4.159,0.303,banana,fresh
41197350,40744,79.20,851.00,62.00,0.387,4.159,0.303,banana,fresh
41198361,40745,79.10,851.00,61.95,0.387,4.159,0.303,banana,fresh
41199373,40746,79.25,851.00,61.90,0.387,4.159,0.303,banana,fresh
41200384,40747,79.10,851.00,61.95,0.387,4.159,0.303,banana,fresh
41201395,40748,79.20,850.95,61.95,0.387,4.159,0.303,banana,fresh
41202406,40749,79.20,850.95,61.95,0.387,4.159,0.303,banana,fresh
41203418,40750,79.10,850.90,61.95,0.387,4.159,0.303,banana,fresh
41204428,40751,79.10,851.00,61.95,0.387,4.159,0.303,banana,fresh
41205439,40752,79.10,851.00,62.00,0.387,4.159,0.303,banana,fresh
41206451,40753,79.20,851.00,61.95,0.387,4.159,0.303,banana,fresh
41207461,40754,79.15,851.00,62.05,0.387,4.159,0.303,banana,fresh
41208473,40755,79.20,850.90,62.00,0.387,4.159,0.303,banana,fresh
41209484,40756,79.15,850.95,62.00,0.387,4.159,0.303,banana,fresh
41210496,40757,79.20,851.00,62.00,0.387,4.159,0.303,banana,fresh
41211506,40758,79.20,851.05,62.00,0.387,4.160,0.303,banana,fresh
41212517,40759,79.25,850.95,61.90,0.387,4.159,0.303,banana,fresh
41213529,40760,79.15,851.00,61.95,0.387,4.159,0.303,banana,fresh
41214539,40761,79.20,851.05,62.00,0.387,4.160,0.303,banana,fresh
41215551,40762,79.05,850.90,61.90,0.386,4.159,0.303,banana,fresh
41216562,40763,79.15,851.00,61.85,0.387,4.159,0.302,banana,fresh
41217573,40764,79.15,851.00,61.95,0.387,4.159,0.303,banana,fresh
41218584,40765,79.10,851.00,61.95,0.387,4.159,0.303,banana,fresh
41219595,40766,79.20,850.95,62.00,0.387,4.159,0.303,banana,fresh
41220606,40767,79.05,851.00,62.00,0.386,4.159,0.303,banana,fresh
41221617,40768,79.15,851.00,62.00,0.387,4.159,0.303,banana,fresh
41222629,40769,79.05,851.00,62.00,0.386,4.159,0.303,banana,fresh
41223640,40770,79.25,851.00,61.95,0.387,4.159,0.303,banana,fresh
41224651,40771,79.15,850.95,61.95,0.387,4.159,0.303,banana,fresh
41225662,40772,79.10,850.90,61.95,0.387,4.159,0.303,banana,fresh
41226673,40773,79.25,851.00,61.90,0.387,4.159,0.303,banana,fresh
41227684,40774,79.30,850.95,62.00,0.388,4.159,0.303,banana,fresh
41228695,40775,79.00,851.00,61.90,0.386,4.159,0.303,banana,fresh
41229707,40776,79.15,850.95,61.95,0.387,4.159,0.303,banana,fresh
41230717,40777,79.15,851.00,62.00,0.387,4.159,0.303,banana,fresh
41231729,40778,79.00,851.00,61.95,0.386,4.159,0.303,banana,fresh
41232740,40779,79.05,850.95,62.00,0.386,4.159,0.303,banana,fresh
41233751,40780,79.15,851.00,62.00,0.387,4.159,0.303,banana,fresh
41234762,40781,79.05,850.95,61.95,0.386,4.159,0.303,banana,fresh
41235773,40782,79.15,850.85,62.00,0.387,4.159,0.303,banana,fresh
41236785,40783,79.25,851.00,62.00,0.387,4.159,0.303,banana,fresh
41237795,40784,79.20,850.95,62.00,0.387,4.159,0.303,banana,fresh
41238807,40785,79.20,851.00,61.90,0.387,4.159,0.303,banana,fresh
41239818,40786,79.25,850.95,62.00,0.387,4.159,0.303,banana,fresh
41240828,40787,79.15,851.00,62.00,0.387,4.159,0.303,banana,fresh
41241840,40788,79.20,851.00,61.95,0.387,4.159,0.303,banana,fresh
41242851,40789,79.10,850.85,62.00,0.387,4.159,0.303,banana,fresh
41243863,40790,79.10,850.95,62.00,0.387,4.159,0.303,banana,fresh
41244873,40791,79.15,851.00,61.85,0.387,4.159,0.302,banana,fresh
41245885,40792,79.25,850.95,61.95,0.387,4.159,0.303,banana,fresh
41246896,40793,79.20,850.95,61.95,0.387,4.159,0.303,banana,fresh
41247906,40794,79.05,850.95,61.90,0.386,4.159,0.303,banana,fresh
41248918,40795,79.30,850.95,61.95,0.388,4.159,0.303,banana,fresh
41249929,40796,79.10,850.95,61.90,0.387,4.159,0.303,banana,fresh
41250940,40797,79.10,851.00,62.00,0.387,4.159,0.303,banana,fresh
41251951,40798,79.20,851.00,61.90,0.387,4.159,0.303,banana,fresh
41252963,40799,79.10,850.80,61.90,0.387,4.158,0.303,banana,fresh
41253974,40800,79.15,850.95,61.75,0.387,4.159,0.302,banana,fresh
41254984,40801,79.25,850.95,61.85,0.387,4.159,0.302,banana,fresh
41255996,40802,79.10,850.80,61.95,0.387,4.158,0.303,banana,fresh
41257007,40803,79.20,851.00,62.00,0.387,4.159,0.303,banana,fresh
41258018,40804,79.20,850.95,61.80,0.387,4.159,0.302,banana,fresh
41259029,40805,79.05,851.00,61.85,0.386,4.159,0.302,banana,fresh
41260041,40806,79.15,851.00,61.95,0.387,4.159,0.303,banana,fresh
41261051,40807,79.10,851.00,61.80,0.387,4.159,0.302,banana,fresh
41262062,40808,79.15,850.90,61.85,0.387,4.159,0.302,banana,fresh
41263074,40809,79.05,850.95,61.90,0.386,4.159,0.303,banana,fresh
41264084,40810,79.15,851.00,61.80,0.387,4.159,0.302,banana,fresh
41265096,40811,79.10,850.95,61.90,0.387,4.159,0.303,banana,fresh
41266107,40812,79.15,851.00,61.95,0.387,4.159,0.303,banana,fresh
41267119,40813,79.20,851.05,61.90,0.387,4.160,0.303,banana,fresh
41268129,40814,79.10,851.00,61.90,0.387,4.159,0.303,banana,fresh
41269140,40815,79.15,850.90,61.95,0.387,4.159,0.303,banana,fresh
41270152,40816,79.15,850.90,62.00,0.387,4.159,0.303,banana,fresh
41271162,40817,79.10,850.95,61.80,0.387,4.159,0.302,banana,fresh
41272174,40818,79.20,851.00,61.80,0.387,4.159,0.302,banana,fresh
41273185,40819,79.20,850.95,62.00,0.387,4.159,0.303,banana,fresh
41274196,40820,79.15,851.00,61.90,0.387,4.159,0.303,banana,fresh
41275207,40821,79.20,850.95,61.70,0.387,4.159,0.302,banana,fresh
41276218,40822,79.10,851.00,61.85,0.387,4.159,0.302,banana,fresh
41277230,40823,79.25,850.85,61.85,0.387,4.159,0.302,banana,fresh
41278240,40824,79.15,851.00,61.85,0.387,4.159,0.302,banana,fresh
41279252,40825,79.35,850.90,61.95,0.388,4.159,0.303,banana,fresh
41280263,40826,79.15,851.00,61.95,0.387,4.159,0.303,banana,fresh
41281274,40827,79.05,850.80,61.95,0.386,4.158,0.303,banana,fresh
41282285,40828,79.25,851.00,61.90,0.387,4.159,0.303,banana,fresh
41283296,40829,79.25,850.90,61.90,0.387,4.159,0.303,banana,fresh
41284307,40830,79.15,850.95,61.85,0.387,4.159,0.302,banana,fresh
41285318,40831,79.10,850.90,61.95,0.387,4.159,0.303,banana,fresh
41286330,40832,79.10,851.00,61.90,0.387,4.159,0.303,banana,fresh
41287341,40833,79.20,851.00,61.75,0.387,4.159,0.302,banana,fresh
41288352,40834,79.30,850.95,61.95,0.388,4.159,0.303,banana,fresh
41289363,40835,79.15,851.00,61.80,0.387,4.159,0.302,banana,fresh
41290375,40836,79.05,850.95,61.90,0.386,4.159,0.303,banana,fresh
41291385,40837,79.10,850.90,62.00,0.387,4.159,0.303,banana,fresh
41292396,40838,79.10,851.00,61.95,0.387,4.159,0.303,banana,fresh
41293408,40839,79.15,850.90,61.85,0.387,4.159,0.302,banana,fresh
41294418,40840,79.05,850.90,61.85,0.386,4.159,0.302,banana,fresh
41295430,40841,79.05,850.95,61.95,0.386,4.159,0.303,banana,fresh
41296441,40842,79.15,851.00,62.00,0.387,4.159,0.303,banana,fresh
41297453,40843,79.25,850.95,61.90,0.387,4.159,0.303,banana,fresh
41298463,40844,79.10,850.95,61.85,0.387,4.159,0.302,banana,fresh
41299474,40845,79.20,851.00,61.90,0.387,4.159,0.303,banana,fresh
41300486,40846,79.20,851.00,62.00,0.387,4.159,0.303,banana,fresh
41301496,40847,79.10,851.00,61.90,0.387,4.159,0.303,banana,fresh
41302508,40848,79.05,850.95,61.90,0.386,4.159,0.303,banana,fresh
41303519,40849,79.10,850.95,61.95,0.387,4.159,0.303,banana,fresh
41304530,40850,79.20,850.95,61.95,0.387,4.159,0.303,banana,fresh
41305541,40851,79.15,850.95,62.00,0.387,4.159,0.303,banana,fresh
41306552,40852,79.15,851.00,61.95,0.387,4.159,0.303,banana,fresh
41307564,40853,79.10,851.00,61.90,0.387,4.159,0.303,banana,fresh
41308574,40854,79.10,850.95,61.85,0.387,4.159,0.302,banana,fresh
41309586,40855,79.15,851.00,61.95,0.387,4.159,0.303,banana,fresh
41310597,40856,79.15,851.00,61.90,0.387,4.159,0.303,banana,fresh
41311608,40857,79.15,850.95,61.90,0.387,4.159,0.303,banana,fresh
41312619,40858,79.05,850.95,61.95,0.386,4.159,0.303,banana,fresh
41313630,40859,79.15,850.95,62.00,0.387,4.159,0.303,banana,fresh
41314641,40860,79.05,851.00,61.90,0.386,4.159,0.303,banana,fresh
41315652,40861,79.05,851.00,61.95,0.386,4.159,0.303,banana,fresh
41316664,40862,79.25,851.00,61.95,0.387,4.159,0.303,banana,fresh
41317675,40863,79.25,851.00,61.95,0.387,4.159,0.303,banana,fresh
41318686,40864,79.15,851.00,61.90,0.387,4.159,0.303,banana,fresh
41319697,40865,79.10,851.00,61.90,0.387,4.159,0.303,banana,fresh
41320708,40866,79.00,850.90,61.85,0.386,4.159,0.302,banana,fresh
41321719,40867,79.10,850.95,61.95,0.387,4.159,0.303,banana,fresh
41322730,40868,79.15,851.00,61.95,0.387,4.159,0.303,banana,fresh
41323742,40869,79.15,851.00,62.00,0.387,4.159,0.303,banana,fresh
41324752,40870,79.10,851.00,61.90,0.387,4.159,0.303,banana,fresh
41325764,40871,79.05,851.00,61.95,0.386,4.159,0.303,banana,fresh
41326775,40872,79.05,850.95,61.95,0.386,4.159,0.303,banana,fresh
41327785,40873,79.30,850.95,62.00,0.388,4.159,0.303,banana,fresh
41328797,40874,79.15,851.00,61.85,0.387,4.159,0.302,banana,fresh
41329808,40875,79.15,851.00,61.95,0.387,4.159,0.303,banana,fresh
41330820,40876,79.10,850.90,61.85,0.387,4.159,0.302,banana,fresh
41331830,40877,79.30,851.00,62.00,0.388,4.159,0.303,banana,fresh
41332842,40878,79.10,851.00,61.95,0.387,4.159,0.303,banana,fresh
41333853,40879,79.15,851.00,62.00,0.387,4.159,0.303,banana,fresh
41334863,40880,79.15,850.90,61.95,0.387,4.159,0.303,banana,fresh
41335875,40881,79.00,851.00,61.95,0.386,4.159,0.303,banana,fresh
41336886,40882,79.20,850.95,61.85,0.387,4.159,0.302,banana,fresh
41337897,40883,79.25,850.90,61.95,0.387,4.159,0.303,banana,fresh
41338908,40884,79.10,851.00,61.90,0.387,4.159,0.303,banana,fresh
41339920,40885,79.30,851.00,61.95,0.388,4.159,0.303,banana,fresh
41340931,40886,79.15,851.00,61.95,0.387,4.159,0.303,banana,fresh
41341941,40887,79.20,850.95,62.00,0.387,4.159,0.303,banana,fresh
41342953,40888,79.25,851.00,62.00,0.387,4.159,0.303,banana,fresh
41343964,40889,79.20,851.00,61.85,0.387,4.159,0.302,banana,fresh
41344975,40890,79.05,850.95,62.00,0.386,4.159,0.303,banana,fresh
41345986,40891,79.05,851.00,61.90,0.386,4.159,0.303,banana,fresh
41346998,40892,79.15,851.00,62.00,0.387,4.159,0.303,banana,fresh
41348008,40893,79.10,850.95,62.00,0.387,4.159,0.303,banana,fresh
41349019,40894,79.05,850.90,61.85,0.386,4.159,0.302,banana,fresh
41350031,40895,79.15,850.90,61.95,0.387,4.159,0.303,banana,fresh
41351042,40896,79.05,850.90,61.95,0.386,4.159,0.303,banana,fresh
41352053,40897,79.10,851.00,61.95,0.387,4.159,0.303,banana,fresh
41353064,40898,79.15,851.00,61.90,0.387,4.159,0.303,banana,fresh
41354076,40899,79.05,850.95,61.90,0.386,4.159,0.303,banana,fresh
41355086,40900,79.10,850.90,62.00,0.387,4.159,0.303,banana,fresh
41356097,40901,79.10,850.95,61.90,0.387,4.159,0.303,banana,fresh
41357109,40902,79.15,851.00,61.95,0.387,4.159,0.303,banana,fresh
41358119,40903,79.15,851.00,61.95,0.387,4.159,0.303,banana,fresh
41359131,40904,79.20,851.00,61.95,0.387,4.159,0.303,banana,fresh
41360142,40905,79.20,850.85,61.90,0.387,4.159,0.303,banana,fresh
41361154,40906,79.10,850.95,62.00,0.387,4.159,0.303,banana,fresh
41362164,40907,79.10,850.95,61.95,0.387,4.159,0.303,banana,fresh
41363176,40908,79.15,851.00,61.95,0.387,4.159,0.303,banana,fresh
41364187,40909,79.10,850.90,62.00,0.387,4.159,0.303,banana,fresh
41365197,40910,79.15,850.95,61.90,0.387,4.159,0.303,banana,fresh
41366209,40911,79.15,850.95,61.95,0.387,4.159,0.303,banana,fresh
41367220,40912,79.05,850.85,61.90,0.386,4.159,0.303,banana,fresh
41368231,40913,79.05,851.00,62.00,0.386,4.159,0.303,banana,fresh
41369242,40914,79.20,850.95,62.00,0.387,4.159,0.303,banana,fresh
41370254,40915,79.05,850.85,61.85,0.386,4.159,0.302,banana,fresh
41371265,40916,79.05,850.95,61.85,0.386,4.159,0.302,banana,fresh
41372275,40917,79.15,851.00,61.95,0.387,4.159,0.303,banana,fresh
41373287,40918,79.20,850.90,61.90,0.387,4.159,0.303,banana,fresh
41374298,40919,79.10,850.95,62.00,0.387,4.159,0.303,banana,fresh
41375309,40920,79.10,850.90,61.90,0.387,4.159,0.303,banana,fresh
41376320,40921,79.10,850.90,61.90,0.387,4.159,0.303,banana,fresh
41377332,40922,79.25,851.00,61.75,0.387,4.159,0.302,banana,fresh
41378342,40923,79.25,850.90,61.90,0.387,4.159,0.303,banana,fresh
41379353,40924,79.00,851.00,61.90,0.386,4.159,0.303,banana,fresh
41380365,40925,79.20,850.90,61.85,0.387,4.159,0.302,banana,fresh
41381376,40926,79.10,851.00,61.85,0.387,4.159,0.302,banana,fresh
41382387,40927,79.10,850.90,61.85,0.387,4.159,0.302,banana,fresh
41383398,40928,79.15,850.95,61.90,0.387,4.159,0.303,banana,fresh
41384410,40929,79.35,851.00,61.85,0.388,4.159,0.302,banana,fresh
41385420,40930,79.10,851.00,61.85,0.387,4.159,0.302,banana,fresh
41386431,40931,79.25,850.80,61.85,0.387,4.158,0.302,banana,fresh
41387443,40932,79.05,850.90,61.85,0.386,4.159,0.302,banana,fresh
41388453,40933,79.10,851.00,61.95,0.387,4.159,0.303,banana,fresh
41389465,40934,79.15,850.90,61.80,0.387,4.159,0.302,banana,fresh
41390476,40935,79.10,850.90,61.70,0.387,4.159,0.302,banana,fresh
41391488,40936,79.05,850.85,61.85,0.386,4.159,0.302,banana,fresh
41392498,40937,79.05,851.00,61.80,0.386,4.159,0.302,banana,fresh
41393509,40938,79.15,850.90,61.95,0.387,4.159,0.303,banana,fresh
41394521,40939,79.10,850.95,61.85,0.387,4.159,0.302,banana,fresh
41395531,40940,79.05,850.90,61.75,0.386,4.159,0.302,banana,fresh
41396543,40941,79.10,850.90,61.95,0.387,4.159,0.303,banana,fresh
41397554,40942,79.20,850.95,61.90,0.387,4.159,0.303,banana,fresh
41398565,40943,79.30,850.85,61.90,0.388,4.159,0.303,banana,fresh
41399576,40944,79.05,850.85,61.90,0.386,4.159,0.303,banana,fresh
41400587,40945,79.05,850.85,61.85,0.386,4.159,0.302,banana,fresh
41401598,40946,79.15,850.80,61.75,0.387,4.158,0.302,banana,fresh
41402609,40947,79.10,850.85,61.85,0.387,4.159,0.302,banana,fresh
41403621,40948,79.00,850.80,61.75,0.386,4.158,0.302,banana,fresh
41404632,40949,79.20,850.85,61.85,0.387,4.159,0.302,banana,fresh
41405643,40950,79.15,850.80,61.85,0.387,4.158,0.302,banana,fresh
41406654,40951,79.15,850.95,61.90,0.387,4.159,0.303,banana,fresh
41407666,40952,79.20,850.90,61.85,0.387,4.159,0.302,banana,fresh
41408676,40953,79.30,850.95,61.85,0.388,4.159,0.302,banana,fresh
41409687,40954,79.15,851.00,61.90,0.387,4.159,0.303,banana,fresh
41410699,40955,79.10,850.90,61.90,0.387,4.159,0.303,banana,fresh
41411709,40956,79.05,850.95,61.70,0.386,4.159,0.302,banana,fresh
41412721,40957,79.10,850.95,61.85,0.387,4.159,0.302,banana,fresh
41413732,40958,79.05,850.90,61.85,0.386,4.159,0.302,banana,fresh
41414744,40959,79.20,850.85,62.00,0.387,4.159,0.303,banana,fresh
41415754,40960,79.15,850.90,61.85,0.387,4.159,0.302,banana,fresh
41416765,40961,79.00,850.90,61.80,0.386,4.159,0.302,banana,fresh
41417777,40962,79.10,850.95,61.80,0.387,4.159,0.302,banana,fresh
41418787,40963,79.05,850.90,61.85,0.386,4.159,0.302,banana,fresh
41419799,40964,79.10,850.85,61.75,0.387,4.159,0.302,banana,fresh
41420810,40965,79.15,851.00,61.95,0.387,4.159,0.303,banana,fresh
41421821,40966,79.05,850.85,61.95,0.386,4.159,0.303,banana,fresh
41422832,40967,79.20,850.80,61.95,0.387,4.158,0.303,banana,fresh
41423843,40968,79.05,851.00,61.90,0.386,4.159,0.303,banana,fresh
41424855,40969,79.10,850.90,61.90,0.387,4.159,0.303,banana,fresh
41425865,40970,79.05,850.85,61.80,0.386,4.159,0.302,banana,fresh
41426877,40971,79.10,850.95,61.90,0.387,4.159,0.303,banana,fresh
41427888,40972,79.10,850.85,62.00,0.387,4.159,0.303,banana,fresh
41428899,40973,79.15,850.75,61.70,0.387,4.158,0.302,banana,fresh
41429910,40974,79.05,850.85,61.80,0.386,4.159,0.302,banana,fresh
41430921,40975,79.10,850.95,61.80,0.387,4.159,0.302,banana,fresh
41431932,40976,79.00,850.90,61.75,0.386,4.159,0.302,banana,fresh
41432943,40977,79.00,850.95,61.90,0.386,4.159,0.303,banana,fresh
41433955,40978,79.25,850.90,61.95,0.387,4.159,0.303,banana,fresh
41434966,40979,79.05,850.90,61.70,0.386,4.159,0.302,banana,fresh
41435977,40980,79.10,851.00,61.70,0.387,4.159,0.302,banana,fresh
41436988,40981,79.15,850.90,61.75,0.387,4.159,0.302,banana,fresh
41438000,40982,79.15,851.00,61.75,0.387,4.159,0.302,banana,fresh
41439010,40983,79.05,850.85,61.75,0.386,4.159,0.302,banana,fresh
41440021,40984,79.05,850.95,61.80,0.386,4.159,0.302,banana,fresh
41441033,40985,79.20,850.85,61.85,0.387,4.159,0.302,banana,fresh
41442043,40986,79.10,850.85,61.75,0.387,4.159,0.302,banana,fresh
41443055,40987,79.20,850.75,61.85,0.387,4.158,0.302,banana,fresh
41444066,40988,79.05,850.95,62.00,0.386,4.159,0.303,banana,fresh
41445078,40989,79.15,850.90,61.85,0.387,4.159,0.302,banana,fresh
41446088,40990,79.05,851.00,61.95,0.386,4.159,0.303,banana,fresh
41447099,40991,79.15,850.90,61.85,0.387,4.159,0.302,banana,fresh
41448111,40992,79.00,850.85,61.80,0.386,4.159,0.302,banana,fresh
41449121,40993,79.10,850.90,61.80,0.387,4.159,0.302,banana,fresh
41450133,40994,79.10,850.95,61.90,0.387,4.159,0.303,banana,fresh
41451144,40995,79.05,850.95,61.95,0.386,4.159,0.303,banana,fresh
41452155,40996,79.10,850.95,61.55,0.387,4.159,0.301,banana,fresh
41453166,40997,79.05,850.85,61.95,0.386,4.159,0.303,banana,fresh
41454177,40998,79.20,850.90,61.80,0.387,4.159,0.302,banana,fresh
41455188,40999,79.10,850.90,61.85,0.387,4.159,0.302,banana,fresh
41456199,41000,79.10,851.00,61.85,0.387,4.159,0.302,banana,fresh
41457211,41001,79.00,850.95,61.75,0.386,4.159,0.302,banana,fresh
41458222,41002,79.20,850.80,61.75,0.387,4.158,0.302,banana,fresh
41459233,41003,79.05,850.75,61.70,0.386,4.158,0.302,banana,fresh
41460244,41004,79.15,850.95,61.90,0.387,4.159,0.303,banana,fresh
41461256,41005,79.05,850.60,61.85,0.386,4.157,0.302,banana,fresh
41462266,41006,79.15,850.80,61.85,0.387,4.158,0.302,banana,fresh
41463277,41007,79.15,850.95,61.75,0.387,4.159,0.302,banana,fresh
41464289,41008,79.15,850.85,61.75,0.387,4.159,0.302,banana,fresh
41465299,41009,79.25,850.85,61.70,0.387,4.159,0.302,banana,fresh
41466311,41010,79.05,850.90,62.00,0.386,4.159,0.303,banana,fresh
41467322,41011,79.05,851.00,61.75,0.386,4.159,0.302,banana,fresh
41468334,41012,79.00,850.90,61.75,0.386,4.159,0.302,banana,fresh
41469344,41013,79.00,850.95,61.85,0.386,4.159,0.302,banana,fresh
41470355,41014,79.05,850.90,61.80,0.386,4.159,0.302,banana,fresh
41471367,41015,79.10,850.95,61.75,0.387,4.159,0.302,banana,fresh
41472377,41016,79.05,850.95,61.80,0.386,4.159,0.302,banana,fresh
41473389,41017,79.20,850.85,61.85,0.387,4.159,0.302,banana,fresh
41474400,41018,79.20,850.85,61.75,0.387,4.159,0.302,banana,fresh
41475411,41019,79.10,850.90,61.75,0.387,4.159,0.302,banana,fresh
41476422,41020,79.15,850.90,61.85,0.387,4.159,0.302,banana,fresh
41477433,41021,79.15,850.75,61.75,0.387,4.158,0.302,banana,fresh
41478445,41022,79.25,850.95,61.85,0.387,4.159,0.302,banana,fresh
41479455,41023,79.20,850.70,61.70,0.387,4.158,0.302,banana,fresh
41480467,41024,79.15,851.00,61.90,0.387,4.159,0.303,banana,fresh
41481478,41025,79.15,850.75,61.65,0.387,4.158,0.301,banana,fresh
41482489,41026,79.10,850.85,61.55,0.387,4.159,0.301,banana,fresh
41483500,41027,79.10,850.90,61.80,0.387,4.159,0.302,banana,fresh
41484511,41028,79.00,850.90,61.85,0.386,4.159,0.302,banana,fresh
41485522,41029,79.15,850.85,61.55,0.387,4.159,0.301,banana,fresh
41486533,41030,79.00,850.95,61.85,0.386,4.159,0.302,banana,fresh
41487545,41031,79.10,851.00,61.75,0.387,4.159,0.302,banana,fresh
41488556,41032,79.20,850.80,61.70,0.387,4.158,0.302,banana,fresh
41489567,41033,79.05,850.90,61.75,0.386,4.159,0.302,banana,fresh
41490578,41034,79.15,850.95,61.90,0.387,4.159,0.303,banana,fresh
41491590,41035,79.10,850.75,61.90,0.387,4.158,0.303,banana,fresh
41492600,41036,79.05,850.85,61.75,0.386,4.159,0.302,banana,fresh
41493611,41037,79.15,851.00,61.70,0.387,4.159,0.302,banana,fresh
41494623,41038,79.15,850.85,61.75,0.387,4.159,0.302,banana,fresh
41495633,41039,79.00,850.90,61.70,0.386,4.159,0.302,banana,fresh
41496645,41040,79.10,850.70,61.80,0.387,4.158,0.302,banana,fresh
41497656,41041,79.15,850.85,61.60,0.387,4.159,0.301,banana,fresh
41498668,41042,79.00,850.80,61.80,0.386,4.158,0.302,banana,fresh
41499678,41043,79.10,850.65,61.75,0.387,4.158,0.302,banana,fresh
41500690,41044,79.10,850.85,61.50,0.387,4.159,0.301,banana,fresh
41501701,41045,78.95,850.75,61.65,0.386,4.158,0.301,banana,fresh
41502711,41046,79.30,850.80,61.90,0.388,4.158,0.303,banana,fresh
41503723,41047,79.10,850.85,61.80,0.387,4.159,0.302,banana,fresh
41504734,41048,79.10,850.90,61.80,0.387,4.159,0.302,banana,fresh
41505745,41049,79.10,850.85,61.80,0.387,4.159,0.302,banana,fresh
41506756,41050,79.10,850.85,61.85,0.387,4.159,0.302,banana,fresh
41507768,41051,79.05,850.90,61.70,0.386,4.159,0.302,banana,fresh
41508779,41052,79.10,850.85,61.75,0.387,4.159,0.302,banana,fresh
41509789,41053,79.10,850.95,61.80,0.387,4.159,0.302,banana,fresh
41510801,41054,79.15,850.70,61.70,0.387,4.158,0.302,banana,fresh
41511812,41055,79.15,850.80,61.75,0.387,4.158,0.302,banana,fresh
41512823,41056,79.15,850.85,61.75,0.387,4.159,0.302,banana,fresh
41513834,41057,79.05,850.90,61.70,0.386,4.159,0.302,banana,fresh
41514846,41058,79.10,850.90,61.80,0.387,4.159,0.302,banana,fresh
41515856,41059,79.00,850.85,61.75,0.386,4.159,0.302,banana,fresh
41516867,41060,79.10,850.95,61.90,0.387,4.159,0.303,banana,fresh
41517879,41061,79.10,850.75,61.80,0.387,4.158,0.302,banana,fresh
41518889,41062,79.00,850.95,61.95,0.386,4.159,0.303,banana,fresh
41519901,41063,79.00,850.85,61.90,0.386,4.159,0.303,banana,fresh
41520912,41064,79.10,850.85,61.90,0.387,4.159,0.303,banana,fresh
41521924,41065,79.00,850.90,61.90,0.386,4.159,0.303,banana,fresh
41522934,41066,79.10,850.95,61.70,0.387,4.159,0.302,banana,fresh
41523945,41067,79.05,850.85,61.85,0.386,4.159,0.302,banana,fresh
41524957,41068,79.10,850.85,61.75,0.387,4.159,0.302,banana,fresh
41525967,41069,79.10,851.00,61.80,0.387,4.159,0.302,banana,fresh
41526979,41070,79.05,850.90,61.70,0.386,4.159,0.302,banana,fresh
41527990,41071,79.10,850.95,61.65,0.387,4.159,0.301,banana,fresh
41529001,41072,79.20,850.85,61.75,0.387,4.159,0.302,banana,fresh
41530012,41073,79.15,850.90,61.75,0.387,4.159,0.302,banana,fresh
41531024,41074,79.10,851.00,61.85,0.387,4.159,0.302,banana,fresh
41532035,41075,79.15,850.85,61.90,0.387,4.159,0.303,banana,fresh
41533045,41076,79.10,851.00,61.90,0.387,4.159,0.303,banana,fresh
41534057,41077,79.05,850.90,61.60,0.386,4.159,0.301,banana,fresh
41535068,41078,79.15,850.95,61.75,0.387,4.159,0.302,banana,fresh
41536079,41079,79.05,850.90,61.90,0.386,4.159,0.303,banana,fresh
41537090,41080,79.10,851.00,61.85,0.387,4.159,0.302,banana,fresh
41538102,41081,79.10,850.90,61.80,0.387,4.159,0.302,banana,fresh
41539112,41082,79.10,851.00,61.95,0.387,4.159,0.303,banana,fresh
41540123,41083,79.05,850.75,61.70,0.386,4.158,0.302,banana,fresh
41541135,41084,79.20,850.95,61.85,0.387,4.159,0.302,banana,fresh
41542146,41085,79.05,850.90,61.85,0.386,4.159,0.302,banana,fresh
41543157,41086,79.15,850.85,61.80,0.387,4.159,0.302,banana,fresh
41544168,41087,79.10,850.90,61.85,0.387,4.159,0.302,banana,fresh
41545180,41088,79.05,851.00,61.65,0.386,4.159,0.301,banana,fresh
41546190,41089,79.15,850.90,61.85,0.387,4.159,0.302,banana,fresh
41547201,41090,79.05,850.90,61.85,0.386,4.159,0.302,banana,fresh
41548213,41091,79.10,850.90,61.80,0.387,4.159,0.302,banana,fresh
41549223,41092,79.10,850.95,61.85,0.387,4.159,0.302,banana,fresh
41550235,41093,79.10,850.95,61.85,0.387,4.159,0.302,banana,fresh
41551246,41094,79.10,850.90,61.80,0.387,4.159,0.302,banana,fresh
41552258,41095,79.05,850.90,61.80,0.386,4.159,0.302,banana,fresh
41553268,41096,79.05,850.70,61.80,0.386,4.158,0.302,banana,fresh
41554279,41097,79.25,850.90,61.75,0.387,4.159,0.302,banana,fresh
41555291,41098,79.10,851.00,61.85,0.387,4.159,0.302,banana,fresh
41556301,41099,79.10,850.95,61.85,0.387,4.159,0.302,banana,fresh
41557313,41100,79.05,850.80,61.85,0.386,4.158,0.302,banana,fresh
41558324,41101,79.05,850.95,61.80,0.386,4.159,0.302,banana,fresh
41559335,41102,79.05,850.95,61.60,0.386,4.159,0.301,banana,fresh
41560346,41103,79.15,851.00,61.90,0.387,4.159,0.303,banana,fresh
41561357,41104,79.15,850.90,61.70,0.387,4.159,0.302,banana,fresh
41562369,41105,79.00,850.80,61.85,0.386,4.158,0.302,banana,fresh
41563379,41106,79.05,851.00,61.80,0.386,4.159,0.302,banana,fresh
41564391,41107,79.15,850.90,61.70,0.387,4.159,0.302,banana,fresh
41565402,41108,79.10,850.95,61.85,0.387,4.159,0.302,banana,fresh
41566413,41109,79.10,850.90,61.90,0.387,4.159,0.303,banana,fresh
41567424,41110,79.05,850.85,61.80,0.386,4.159,0.302,banana,fresh
41568436,41111,79.00,851.00,61.75,0.386,4.159,0.302,banana,fresh
41569446,41112,79.00,850.70,61.65,0.386,4.158,0.301,banana,fresh
41570457,41113,79.05,850.95,61.65,0.386,4.159,0.301,banana,fresh
41571469,41114,79.05,850.85,61.90,0.386,4.159,0.303,banana,fresh
41572480,41115,79.20,851.00,61.80,0.387,4.159,0.302,banana,fresh
41573491,41116,79.15,850.85,61.70,0.387,4.159,0.302,banana,fresh
41574502,41117,79.25,850.80,61.65,0.387,4.158,0.301,banana,fresh
41575514,41118,79.15,850.95,61.75,0.387,4.159,0.302,banana,fresh
41576524,41119,79.05,850.90,61.75,0.386,4.159,0.302,banana,fresh
41577535,41120,79.10,850.80,61.65,0.387,4.158,0.301,banana,fresh
41578547,41121,79.15,850.90,61.75,0.387,4.159,0.302,banana,fresh
41579557,41122,79.10,850.85,61.60,0.387,4.159,0.301,banana,fresh
41580569,41123,79.20,850.85,61.80,0.387,4.159,0.302,banana,fresh
41581580,41124,79.00,850.90,61.75,0.386,4.159,0.302,banana,fresh
41582592,41125,79.05,850.85,61.85,0.386,4.159,0.302,banana,fresh
41583602,41126,79.15,850.95,61.65,0.387,4.159,0.301,banana,fresh
41584614,41127,79.05,850.95,61.95,0.386,4.159,0.303,banana,fresh
41585625,41128,79.10,850.85,61.70,0.387,4.159,0.302,banana,fresh
41586635,41129,79.15,850.90,61.90,0.387,4.159,0.303,banana,fresh
41587647,41130,79.15,850.95,61.85,0.387,4.159,0.302,banana,fresh
41588658,41131,79.25,850.85,61.80,0.387,4.159,0.302,banana,fresh
41589669,41132,79.00,850.95,61.70,0.386,4.159,0.302,banana,fresh
41590680,41133,79.00,850.90,61.90,0.386,4.159,0.303,banana,fresh
41591692,41134,79.05,850.95,61.70,0.386,4.159,0.302,banana,fresh
41592702,41135,79.15,850.95,61.75,0.387,4.159,0.302,banana,fresh
41593714,41136,79.10,850.90,61.55,0.387,4.159,0.301,banana,fresh
41594725,41137,79.05,850.95,61.85,0.386,4.159,0.302,banana,fresh
41595736,41138,79.15,850.95,61.75,0.387,4.159,0.302,banana,fresh
41596747,41139,79.05,850.80,61.90,0.386,4.158,0.303,banana,fresh
41597758,41140,79.05,850.70,61.80,0.386,4.158,0.302,banana,fresh
41598770,41141,79.10,850.95,61.80,0.387,4.159,0.302,banana,fresh
41599780,41142,79.10,850.85,61.70,0.387,4.159,0.302,banana,fresh
41600792,41143,79.20,850.80,61.70,0.387,4.158,0.302,banana,fresh
41601803,41144,79.05,850.80,61.65,0.386,4.158,0.301,banana,fresh
41602813,41145,79.00,850.85,61.80,0.386,4.159,0.302,banana,fresh
41603825,41146,79.15,850.95,61.85,0.387,4.159,0.302,banana,fresh
41604836,41147,79.10,850.90,61.65,0.387,4.159,0.301,banana,fresh
41605848,41148,79.10,850.90,61.65,0.387,4.159,0.301,banana,fresh
41606858,41149,79.05,850.95,61.70,0.386,4.159,0.302,banana,fresh
41607870,41150,79.05,851.00,61.70,0.386,4.159,0.302,banana,fresh
41608881,41151,79.10,850.90,61.75,0.387,4.159,0.302,banana,fresh
41609891,41152,79.00,850.95,61.70,0.386,4.159,0.302,banana,fresh
41610903,41153,79.05,850.95,61.90,0.386,4.159,0.303,banana,fresh
41611914,41154,79.05,850.85,61.65,0.386,4.159,0.301,banana,fresh
41612925,41155,79.05,850.90,61.80,0.386,4.159,0.302,banana,fresh
41613936,41156,79.10,850.90,61.65,0.387,4.159,0.301,banana,fresh
41614948,41157,79.05,850.95,61.60,0.386,4.159,0.301,banana,fresh
41615959,41158,79.10,850.95,61.65,0.387,4.159,0.301,banana,fresh
41616969,41159,79.10,850.90,61.80,0.387,4.159,0.302,banana,fresh
41617981,41160,79.10,850.80,61.50,0.387,4.158,0.301,banana,fresh
41618992,41161,79.00,850.80,61.70,0.386,4.158,0.302,banana,fresh
41620003,41162,79.10,850.95,61.80,0.387,4.159,0.302,banana,fresh
41621014,41163,79.05,850.95,61.60,0.386,4.159,0.301,banana,fresh
41622026,41164,79.05,850.90,61.80,0.386,4.159,0.302,banana,fresh
41623036,41165,79.10,850.90,61.55,0.387,4.159,0.301,banana,fresh
41624048,41166,79.05,850.95,61.80,0.386,4.159,0.302,banana,fresh
41625059,41167,79.05,850.85,61.80,0.386,4.159,0.302,banana,fresh
41626070,41168,79.05,850.80,61.85,0.386,4.158,0.302,banana,fresh
41627081,41169,79.00,850.85,61.80,0.386,4.159,0.302,banana,fresh
41628092,41170,79.05,850.90,61.70,0.386,4.159,0.302,banana,fresh
41629104,41171,79.05,850.85,61.65,0.386,4.159,0.301,banana,fresh
41630114,41172,79.05,850.90,61.80,0.386,4.159,0.302,banana,fresh
41631126,41173,79.05,850.90,61.75,0.386,4.159,0.302,banana,fresh
41632137,41174,79.00,850.85,61.65,0.386,4.159,0.301,banana,fresh
41633147,41175,79.15,850.95,61.75,0.387,4.159,0.302,banana,fresh
41634159,41176,79.10,850.85,61.65,0.387,4.159,0.301,banana,fresh
41635170,41177,79.25,851.00,61.60,0.387,4.159,0.301,banana,fresh
41636182,41178,79.05,850.90,61.85,0.386,4.159,0.302,banana,fresh
41637192,41179,79.05,851.00,61.85,0.386,4.159,0.302,banana,fresh
41638204,41180,79.10,850.70,61.60,0.387,4.158,0.301,banana,fresh
41639215,41181,79.10,850.95,61.90,0.387,4.159,0.303,banana,fresh
41640225,41182,79.00,851.00,61.65,0.386,4.159,0.301,banana,fresh
41641237,41183,79.00,850.95,61.75,0.386,4.159,0.302,banana,fresh
41642248,41184,79.15,850.90,61.80,0.387,4.159,0.302,banana,fresh
41643259,41185,79.00,851.00,61.85,0.386,4.159,0.302,banana,fresh
41644270,41186,79.05,850.85,61.95,0.386,4.159,0.303,banana,fresh
41645282,41187,79.15,850.90,61.75,0.387,4.159,0.302,banana,fresh
41646292,41188,79.05,850.90,61.75,0.386,4.159,0.302,banana,fresh
41647303,41189,79.10,850.90,61.85,0.387,4.159,0.302,banana,fresh
41648315,41190,79.10,850.85,61.80,0.387,4.159,0.302,banana,fresh
41649326,41191,79.10,851.00,61.70,0.387,4.159,0.302,banana,fresh
41650337,41192,79.00,850.85,61.90,0.386,4.159,0.303,banana,fresh
41651348,41193,79.10,850.95,61.75,0.387,4.159,0.302,banana,fresh
41652360,41194,79.10,850.90,61.85,0.387,4.159,0.302,banana,fresh
41653370,41195,79.10,850.90,61.80,0.387,4.159,0.302,banana,fresh
41654381,41196,79.00,850.95,61.60,0.386,4.159,0.301,banana,fresh
41655393,41197,79.10,850.95,61.75,0.387,4.159,0.302,banana,fresh
41656403,41198,79.10,850.95,61.70,0.387,4.159,0.302,banana,fresh
41657415,41199,79.05,850.95,61.70,0.386,4.159,0.302,banana,fresh
41658426,41200,79.05,850.85,61.65,0.386,4.159,0.301,banana,fresh
41659438,41201,79.05,850.90,61.70,0.386,4.159,0.302,banana,fresh
41660448,41202,79.10,850.85,61.85,0.387,4.159,0.302,banana,fresh
41661459,41203,79.10,851.00,61.80,0.387,4.159,0.302,banana,fresh
41662471,41204,79.10,850.80,61.85,0.387,4.158,0.302,banana,fresh
41663481,41205,79.05,850.85,61.85,0.386,4.159,0.302,banana,fresh
41664493,41206,79.10,850.90,61.60,0.387,4.159,0.301,banana,fresh
41665504,41207,79.10,850.85,61.60,0.387,4.159,0.301,banana,fresh
41666515,41208,79.05,850.95,61.85,0.386,4.159,0.302,banana,fresh
41667526,41209,79.00,850.85,61.90,0.386,4.159,0.303,banana,fresh
41668537,41210,79.00,850.90,61.85,0.386,4.159,0.302,banana,fresh
41669549,41211,79.10,851.00,61.80,0.387,4.159,0.302,banana,fresh
41670559,41212,79.05,850.95,61.80,0.386,4.159,0.302,banana,fresh
41671571,41213,79.10,850.80,61.80,0.387,4.158,0.302,banana,fresh
41672582,41214,79.15,850.95,61.60,0.387,4.159,0.301,banana,fresh
41673593,41215,79.05,850.85,61.95,0.386,4.159,0.303,banana,fresh
41674604,41216,79.05,850.80,61.85,0.386,4.158,0.302,banana,fresh
41675615,41217,79.10,850.95,61.85,0.387,4.159,0.302,banana,fresh
41676626,41218,79.05,851.00,61.75,0.386,4.159,0.302,banana,fresh
41677637,41219,79.10,850.90,61.70,0.387,4.159,0.302,banana,fresh
41678649,41220,79.10,850.80,61.75,0.387,4.158,0.302,banana,fresh
41679660,41221,79.10,850.85,61.75,0.387,4.159,0.302,banana,fresh
41680671,41222,79.05,850.95,61.80,0.386,4.159,0.302,banana,fresh
41681682,41223,79.10,850.90,61.70,0.387,4.159,0.302,banana,fresh
41682694,41224,79.05,850.90,61.80,0.386,4.159,0.302,banana,fresh
41683704,41225,79.00,850.90,61.85,0.386,4.159,0.302,banana,fresh
41684715,41226,79.05,850.95,61.75,0.386,4.159,0.302,banana,fresh
41685727,41227,78.95,850.90,61.60,0.386,4.159,0.301,banana,fresh
41686737,41228,79.00,851.00,61.85,0.386,4.159,0.302,banana,fresh
41687749,41229,79.00,850.95,61.75,0.386,4.159,0.302,banana,fresh
41688760,41230,79.00,850.95,61.90,0.386,4.159,0.303,banana,fresh
41689772,41231,79.05,850.90,61.75,0.386,4.159,0.302,banana,fresh
41690782,41232,79.10,850.90,61.80,0.387,4.159,0.302,banana,fresh
41691793,41233,79.05,850.80,61.60,0.386,4.158,0.301,banana,fresh
41692805,41234,79.15,850.90,61.85,0.387,4.159,0.302,banana,fresh
41693815,41235,79.15,850.95,61.85,0.387,4.159,0.302,banana,fresh
41694827,41236,79.15,850.95,61.75,0.387,4.159,0.302,banana,fresh
41695838,41237,79.05,850.80,61.70,0.386,4.158,0.302,banana,fresh
41696849,41238,79.00,850.95,61.70,0.386,4.159,0.302,banana,fresh
41697860,41239,79.05,850.95,61.75,0.386,4.159,0.302,banana,fresh
41698871,41240,79.00,850.85,61.80,0.386,4.159,0.302,banana,fresh
41699883,41241,79.05,850.75,61.70,0.386,4.158,0.302,banana,fresh
41700893,41242,79.10,850.85,61.85,0.387,4.159,0.302,banana,fresh
41701905,41243,79.10,850.90,61.80,0.387,4.159,0.302,banana,fresh
41702916,41244,79.00,850.90,61.80,0.386,4.159,0.302,banana,fresh
41703927,41245,79.05,850.90,61.70,0.386,4.159,0.302,banana,fresh
41704938,41246,79.15,850.95,61.80,0.387,4.159,0.302,banana,fresh
41705949,41247,79.00,850.80,61.70,0.386,4.158,0.302,banana,fresh
41706960,41248,79.10,850.85,61.85,0.387,4.159,0.302,banana,fresh
41707971,41249,79.05,851.00,61.60,0.386,4.159,0.301,banana,fresh
41708983,41250,79.05,851.00,61.70,0.386,4.159,0.302,banana,fresh
41709993,41251,79.00,850.90,61.85,0.386,4.159,0.302,banana,fresh
41711005,41252,79.05,851.00,61.80,0.386,4.159,0.302,banana,fresh
41712016,41253,79.00,850.95,61.60,0.386,4.159,0.301,banana,fresh
41713027,41254,79.05,850.90,61.70,0.386,4.159,0.302,banana,fresh
41714038,41255,79.05,850.90,61.90,0.386,4.159,0.303,banana,fresh
41715049,41256,79.00,850.95,61.70,0.386,4.159,0.302,banana,fresh
41716061,41257,79.05,851.00,61.80,0.386,4.159,0.302,banana,fresh
41717071,41258,79.00,851.00,61.80,0.386,4.159,0.302,banana,fresh
41718083,41259,79.10,850.80,61.75,0.387,4.158,0.302,banana,fresh
41719094,41260,79.00,850.95,61.80,0.386,4.159,0.302,banana,fresh
41720104,41261,79.10,851.05,61.80,0.387,4.160,0.302,banana,fresh
41721116,41262,79.10,850.90,61.80,0.387,4.159,0.302,banana,fresh
41722127,41263,79.05,850.90,61.70,0.386,4.159,0.302,banana,fresh
41723139,41264,79.05,850.95,61.65,0.386,4.159,0.301,banana,fresh
41724149,41265,79.05,850.85,61.65,0.386,4.159,0.301,banana,fresh
41725161,41266,79.05,850.90,61.90,0.386,4.159,0.303,banana,fresh
41726172,41267,79.05,851.00,61.75,0.386,4.159,0.302,banana,fresh
41727183,41268,79.00,850.95,61.60,0.386,4.159,0.301,banana,fresh
41728194,41269,79.05,851.00,61.80,0.386,4.159,0.302,banana,fresh
41729205,41270,79.05,850.85,61.80,0.386,4.159,0.302,banana,fresh
41730216,41271,79.25,850.95,61.85,0.387,4.159,0.302,banana,fresh
41731227,41272,79.10,850.85,61.90,0.387,4.159,0.303,banana,fresh
41732239,41273,79.05,850.95,61.70,0.386,4.159,0.302,banana,fresh
41733250,41274,79.05,851.00,61.70,0.386,4.159,0.302,banana,fresh
41734261,41275,79.10,850.95,61.55,0.387,4.159,0.301,banana,fresh
41735272,41276,79.05,850.90,61.85,0.386,4.159,0.302,banana,fresh
41736283,41277,79.05,850.85,61.80,0.386,4.159,0.302,banana,fresh
41737294,41278,79.15,850.90,61.85,0.387,4.159,0.302,banana,fresh
41738305,41279,79.10,850.85,61.80,0.387,4.159,0.302,banana,fresh
41739317,41280,79.05,850.95,61.75,0.386,4.159,0.302,banana,fresh
41740327,41281,79.00,850.90,61.75,0.386,4.159,0.302,banana,fresh
41741339,41282,79.05,850.85,61.75,0.386,4.159,0.302,banana,fresh
41742350,41283,79.20,850.85,61.70,0.387,4.159,0.302,banana,fresh
41743361,41284,79.10,850.95,61.80,0.387,4.159,0.302,banana,fresh
41744372,41285,79.00,850.90,61.75,0.386,4.159,0.302,banana,fresh
41745383,41286,79.10,850.85,61.70,0.387,4.159,0.302,banana,fresh
41746395,41287,78.95,850.95,61.70,0.386,4.159,0.302,banana,fresh
41747405,41288,79.30,850.95,61.55,0.388,4.159,0.301,banana,fresh
41748417,41289,79.15,850.95,61.80,0.387,4.159,0.302,banana,fresh
41749428,41290,79.05,850.85,61.65,0.386,4.159,0.301,banana,fresh
41750439,41291,79.00,850.95,61.55,0.386,4.159,0.301,banana,fresh
41751450,41292,79.10,850.95,61.80,0.387,4.159,0.302,banana,fresh
41752461,41293,79.10,850.80,61.70,0.387,4.158,0.302,banana,fresh
41753473,41294,79.10,850.85,61.75,0.387,4.159,0.302,banana,fresh
41754483,41295,79.10,850.70,61.70,0.387,4.158,0.302,banana,fresh
41755495,41296,79.10,850.85,61.75,0.387,4.159,0.302,banana,fresh
41756506,41297,79.20,850.85,61.85,0.387,4.159,0.302,banana,fresh
41757517,41298,79.10,850.80,61.80,0.387,4.158,0.302,banana,fresh
41758528,41299,79.10,850.90,61.60,0.387,4.159,0.301,banana,fresh
41759539,41300,79.20,850.80,61.60,0.387,4.158,0.301,banana,fresh
41760550,41301,79.10,850.95,61.85,0.387,4.159,0.302,banana,fresh
41761561,41302,79.05,850.90,61.75,0.386,4.159,0.302,banana,fresh
41762573,41303,79.05,850.80,61.85,0.386,4.158,0.302,banana,fresh
41763584,41304,79.10,850.80,61.70,0.387,4.158,0.302,banana,fresh
41764595,41305,79.15,850.90,61.85,0.387,4.159,0.302,banana,fresh
41765606,41306,79.00,851.00,61.70,0.386,4.159,0.302,banana,fresh
41766618,41307,79.00,850.90,61.80,0.386,4.159,0.302,banana,fresh
41767628,41308,79.05,850.95,61.60,0.386,4.159,0.301,banana,fresh
41768639,41309,79.20,850.95,61.70,0.387,4.159,0.302,banana,fresh
41769651,41310,79.05,850.95,61.50,0.386,4.159,0.301,banana,fresh
41770661,41311,79.10,850.80,61.65,0.387,4.158,0.301,banana,fresh
41771673,41312,79.10,850.95,61.75,0.387,4.159,0.302,banana,fresh
41772684,41313,79.10,850.95,61.70,0.387,4.159,0.302,banana,fresh
41773696,41314,79.05,850.85,61.85,0.386,4.159,0.302,banana,fresh
41774706,41315,79.05,850.90,61.80,0.386,4.159,0.302,banana,fresh
41775717,41316,78.95,850.85,61.70,0.386,4.159,0.302,banana,fresh
41776729,41317,79.00,850.85,61.65,0.386,4.159,0.301,banana,fresh
41777739,41318,79.15,850.95,61.85,0.387,4.159,0.302,banana,fresh
41778751,41319,79.05,850.95,61.65,0.386,4.159,0.301,banana,fresh
41779762,41320,79.15,850.90,61.65,0.387,4.159,0.301,banana,fresh
41780773,41321,79.00,850.85,61.80,0.386,4.159,0.302,banana,fresh
41781784,41322,79.00,850.90,61.70,0.386,4.159,0.302,banana,fresh
41782796,41323,79.10,850.90,61.60,0.387,4.159,0.301,banana,fresh
41783806,41324,79.00,850.80,61.70,0.386,4.158,0.302,banana,fresh
41784817,41325,79.05,850.95,61.75,0.386,4.159,0.302,banana,fresh
41785829,41326,78.95,850.85,61.60,0.386,4.159,0.301,banana,fresh
41786840,41327,79.15,850.95,61.95,0.387,4.159,0.303,banana,fresh
41787851,41328,79.05,850.90,61.85,0.386,4.159,0.302,banana,fresh
41788862,41329,79.10,850.85,61.65,0.387,4.159,0.301,banana,fresh
41789874,41330,79.05,850.85,61.70,0.386,4.159,0.302,banana,fresh
41790884,41331,79.00,851.00,61.85,0.386,4.159,0.302,banana,fresh
41791895,41332,79.00,850.90,61.80,0.386,4.159,0.302,banana,fresh
41792907,41333,79.20,850.95,61.65,0.387,4.159,0.301,banana,fresh
41793917,41334,79.05,850.90,61.75,0.386,4.159,0.302,banana,fresh
41794929,41335,79.10,850.95,61.80,0.387,4.159,0.302,banana,fresh
41795940,41336,79.10,850.80,61.65,0.387,4.158,0.301,banana,fresh
41796952,41337,79.20,850.95,61.70,0.387,4.159,0.302,banana,fresh
41797962,41338,79.00,850.85,61.75,0.386,4.159,0.302,banana,fresh
41798973,41339,79.05,850.90,61.85,0.386,4.159,0.302,banana,fresh
41799985,41340,79.10,850.90,61.75,0.387,4.159,0.302,banana,fresh
41800995,41341,79.00,850.95,61.75,0.386,4.159,0.302,banana,fresh
41802007,41342,79.05,850.80,61.90,0.386,4.158,0.303,banana,fresh
41803018,41343,79.15,850.90,61.65,0.387,4.159,0.301,banana,fresh
41804029,41344,79.00,850.90,61.80,0.386,4.159,0.302,banana,fresh
41805040,41345,79.10,850.95,61.80,0.387,4.159,0.302,banana,fresh
41806051,41346,79.05,851.00,61.75,0.386,4.159,0.302,banana,fresh
41807063,41347,79.00,850.80,61.70,0.386,4.158,0.302,banana,fresh
41808073,41348,79.05,850.80,61.60,0.386,4.158,0.301,banana,fresh
41809085,41349,79.10,850.95,61.65,0.387,4.159,0.301,banana,fresh
41810096,41350,79.20,850.80,61.55,0.387,4.158,0.301,banana,fresh
41811107,41351,79.00,850.90,61.60,0.386,4.159,0.301,banana,fresh
41812118,41352,79.20,850.85,61.70,0.387,4.159,0.302,banana,fresh
41813130,41353,79.15,850.90,61.85,0.387,4.159,0.302,banana,fresh
41814140,41354,79.10,850.80,61.85,0.387,4.158,0.302,banana,fresh
41815151,41355,79.15,850.80,61.75,0.387,4.158,0.302,banana,fresh
41816163,41356,78.95,850.80,61.50,0.386,4.158,0.301,banana,fresh
41817174,41357,79.10,850.85,61.75,0.387,4.159,0.302,banana,fresh
41818185,41358,79.15,850.85,61.80,0.387,4.159,0.302,banana,fresh
41819196,41359,79.10,850.95,61.70,0.387,4.159,0.302,banana,fresh
41820208,41360,79.15,850.95,61.70,0.387,4.159,0.302,banana,fresh
41821218,41361,79.05,850.95,61.85,0.386,4.159,0.302,banana,fresh
41822229,41362,79.15,850.90,61.60,0.387,4.159,0.301,banana,fresh
41823241,41363,79.10,850.95,61.90,0.387,4.159,0.303,banana,fresh
41824251,41364,79.05,850.70,61.65,0.386,4.158,0.301,banana,fresh
41825263,41365,79.00,850.75,61.85,0.386,4.158,0.302,banana,fresh
41826274,41366,79.00,850.85,61.75,0.386,4.159,0.302,banana,fresh
41827286,41367,79.05,850.95,61.70,0.386,4.159,0.302,banana,fresh
41828296,41368,79.15,850.80,61.75,0.387,4.158,0.302,banana,fresh
41829307,41369,79.10,850.85,61.65,0.387,4.159,0.301,banana,fresh
41830319,41370,79.05,850.90,61.70,0.386,4.159,0.302,banana,fresh
41831329,41371,79.25,850.80,61.75,0.387,4.158,0.302,banana,fresh
41832341,41372,79.10,850.85,61.80,0.387,4.159,0.302,banana,fresh
41833352,41373,79.05,850.80,61.75,0.386,4.158,0.302,banana,fresh
41834363,41374,79.00,850.95,61.80,0.386,4.159,0.302,banana,fresh
41835374,41375,79.15,850.90,61.60,0.387,4.159,0.301,banana,fresh
41836386,41376,79.05,850.85,61.70,0.386,4.159,0.302,banana,fresh
41837396,41377,79.00,850.95,61.70,0.386,4.159,0.302,banana,fresh
41838407,41378,79.30,850.95,61.80,0.388,4.159,0.302,banana,fresh
41839419,41379,79.00,850.90,61.75,0.386,4.159,0.302,banana,fresh
41840430,41380,79.00,850.95,61.70,0.386,4.159,0.302,banana,fresh
41841441,41381,79.05,850.85,61.80,0.386,4.159,0.302,banana,fresh
41842452,41382,79.00,850.80,61.65,0.386,4.158,0.301,banana,fresh
41843463,41383,79.15,850.80,61.65,0.387,4.158,0.301,banana,fresh
41844474,41384,79.10,850.90,61.65,0.387,4.159,0.301,banana,fresh
41845485,41385,79.05,850.85,61.75,0.386,4.159,0.302,banana,fresh
41846497,41386,79.10,850.95,61.80,0.387,4.159,0.302,banana,fresh
41847507,41387,79.10,850.75,61.70,0.387,4.158,0.302,banana,fresh
41848519,41388,79.00,850.85,61.70,0.386,4.159,0.302,banana,fresh
41849530,41389,79.25,851.00,61.75,0.387,4.159,0.302,banana,fresh
41850541,41390,79.05,850.95,61.55,0.386,4.159,0.301,banana,fresh
41851552,41391,79.20,850.80,61.70,0.387,4.158,0.302,banana,fresh
41852563,41392,79.25,850.85,61.90,0.387,4.159,0.303,banana,fresh
41853575,41393,79.15,850.90,61.70,0.387,4.159,0.302,banana,fresh
41854585,41394,79.05,850.85,61.80,0.386,4.159,0.302,banana,fresh
41855597,41395,79.20,850.70,61.75,0.387,4.158,0.302,banana,fresh
41856608,41396,79.10,850.85,61.60,0.387,4.159,0.301,banana,fresh
41857618,41397,79.10,850.75,61.75,0.387,4.158,0.302,banana,fresh
41858630,41398,79.15,850.85,61.80,0.387,4.159,0.302,banana,fresh
41859641,41399,79.30,850.85,61.75,0.388,4.159,0.302,banana,fresh
41860653,41400,79.05,850.75,61.65,0.386,4.158,0.301,banana,fresh
41861663,41401,79.15,850.95,61.55,0.387,4.159,0.301,banana,fresh
41862675,41402,79.10,850.85,61.55,0.387,4.159,0.301,banana,fresh
41863686,41403,79.10,850.80,61.65,0.387,4.158,0.301,banana,fresh
41864697,41404,79.20,850.95,61.60,0.387,4.159,0.301,banana,fresh
41865708,41405,79.15,850.70,61.65,0.387,4.158,0.301,banana,fresh
41866719,41406,79.25,850.80,61.80,0.387,4.158,0.302,banana,fresh
41867730,41407,79.05,850.70,61.70,0.386,4.158,0.302,banana,fresh
41868741,41408,79.10,850.90,61.75,0.387,4.159,0.302,banana,fresh
41869753,41409,79.10,850.80,61.50,0.387,4.158,0.301,banana,fresh
41870764,41410,79.05,850.90,61.70,0.386,4.159,0.302,banana,fresh
41871775,41411,79.10,850.90,61.75,0.387,4.159,0.302,banana,fresh
41872786,41412,79.15,850.80,61.75,0.387,4.158,0.302,banana,fresh
41873797,41413,79.10,850.85,61.85,0.387,4.159,0.302,banana,fresh
41874808,41414,79.20,850.85,61.65,0.387,4.159,0.301,banana,fresh
41875819,41415,79.10,850.95,61.70,0.387,4.159,0.302,banana,fresh
41876831,41416,79.05,850.90,61.70,0.386,4.159,0.302,banana,fresh
41877841,41417,79.00,850.85,61.65,0.386,4.159,0.301,banana,fresh
41878853,41418,79.10,850.85,61.60,0.387,4.159,0.301,banana,fresh
41879864,41419,79.05,850.90,61.65,0.386,4.159,0.301,banana,fresh
41880876,41420,79.10,850.95,61.90,0.387,4.159,0.303,banana,fresh
41881886,41421,79.05,850.75,61.75,0.386,4.158,0.302,banana,fresh
41882897,41422,79.00,850.80,61.65,0.386,4.158,0.301,banana,fresh
41883909,41423,79.15,850.85,61.75,0.387,4.159,0.302,banana,fresh
41884919,41424,79.20,850.95,61.70,0.387,4.159,0.302,banana,fresh
41885931,41425,79.10,850.80,61.85,0.387,4.158,0.302,banana,fresh
41886942,41426,79.25,850.80,61.60,0.387,4.158,0.301,banana,fresh
41887953,41427,79.05,850.90,61.65,0.386,4.159,0.301,banana,fresh
41888964,41428,79.10,850.80,61.50,0.387,4.158,0.301,banana,fresh
41889975,41429,79.15,850.80,61.70,0.387,4.158,0.302,banana,fresh
41890987,41430,79.15,850.85,61.65,0.387,4.159,0.301,banana,fresh
41891997,41431,79.20,850.85,61.65,0.387,4.159,0.301,banana,fresh
41893009,41432,79.00,850.80,61.90,0.386,4.158,0.303,banana,fresh
41894020,41433,79.15,850.85,61.60,0.387,4.159,0.301,banana,fresh
41895031,41434,79.05,850.70,61.50,0.386,4.158,0.301,banana,fresh
41896042,41435,79.10,850.80,61.75,0.387,4.158,0.302,banana,fresh
41897054,41436,79.05,850.75,61.80,0.386,4.158,0.302,banana,fresh
41898064,41437,79.10,850.75,61.50,0.387,4.158,0.301,banana,fresh
41899075,41438,79.05,850.70,61.60,0.386,4.158,0.301,banana,fresh
41900087,41439,79.10,850.65,61.85,0.387,4.158,0.302,banana,fresh
41901097,41440,79.00,850.80,61.55,0.386,4.158,0.301,banana,fresh
41902109,41441,79.15,850.75,61.70,0.387,4.158,0.302,banana,fresh
41903120,41442,79.00,850.85,61.70,0.386,4.159,0.302,banana,fresh
41904132,41443,79.10,850.85,61.75,0.387,4.159,0.302,banana,fresh
41905142,41444,79.05,850.50,61.60,0.386,4.157,0.301,banana,fresh
41906153,41445,79.05,850.70,61.55,0.386,4.158,0.301,banana,fresh
41907165,41446,79.10,850.75,61.60,0.387,4.158,0.301,banana,fresh
41908175,41447,79.05,850.60,61.35,0.386,4.157,0.300,banana,fresh
41909187,41448,79.25,850.85,61.65,0.387,4.159,0.301,banana,fresh
41910198,41449,79.05,850.75,61.60,0.386,4.158,0.301,banana,fresh
41911209,41450,79.15,850.70,61.65,0.387,4.158,0.301,banana,fresh
41912220,41451,79.10,850.75,61.45,0.387,4.158,0.300,banana,fresh
41913231,41452,79.15,850.85,61.70,0.387,4.159,0.302,banana,fresh
41914243,41453,79.10,850.55,61.75,0.387,4.157,0.302,banana,fresh
41915253,41454,79.15,850.75,61.55,0.387,4.158,0.301,banana,fresh
41916265,41455,79.10,850.70,61.50,0.387,4.158,0.301,banana,fresh
41917276,41456,79.20,850.60,61.70,0.387,4.157,0.302,banana,fresh
41918287,41457,79.05,850.90,61.40,0.386,4.159,0.300,banana,fresh
41919298,41458,79.05,850.90,61.55,0.386,4.159,0.301,banana,fresh
41920310,41459,79.05,850.65,61.60,0.386,4.158,0.301,banana,fresh
41921320,41460,79.15,850.65,61.50,0.387,4.158,0.301,banana,fresh
41922331,41461,79.15,850.65,61.65,0.387,4.158,0.301,banana,fresh
41923343,41462,79.15,850.70,61.60,0.387,4.158,0.301,banana,fresh
41924354,41463,79.10,850.80,61.75,0.387,4.158,0.302,banana,fresh
41925365,41464,79.00,850.65,61.55,0.386,4.158,0.301,banana,fresh
41926376,41465,79.05,850.95,61.40,0.386,4.159,0.300,banana,fresh
41927388,41466,79.15,850.65,61.60,0.387,4.158,0.301,banana,fresh
41928398,41467,79.00,850.70,61.70,0.386,4.158,0.302,banana,fresh
41929409,41468,79.10,850.80,61.70,0.387,4.158,0.302,banana,fresh
41930421,41469,79.10,850.60,61.70,0.387,4.157,0.302,banana,fresh
41931431,41470,79.10,850.65,61.60,0.387,4.158,0.301,banana,fresh
41932443,41471,79.05,850.85,61.55,0.386,4.159,0.301,banana,fresh
41933454,41472,79.10,850.60,61.75,0.387,4.157,0.302,banana,fresh
41934466,41473,79.00,850.85,61.50,0.386,4.159,0.301,banana,fresh
41935476,41474,79.10,850.80,61.60,0.387,4.158,0.301,banana,fresh
41936487,41475,79.00,850.70,61.55,0.386,4.158,0.301,banana,fresh
41937499,41476,79.10,850.70,61.65,0.387,4.158,0.301,banana,fresh
41938509,41477,79.15,850.65,61.55,0.387,4.158,0.301,banana,fresh
41939521,41478,79.20,850.80,61.60,0.387,4.158,0.301,banana,fresh
41940532,41479,79.05,850.75,61.70,0.386,4.158,0.302,banana,fresh
41941543,41480,79.15,850.70,61.60,0.387,4.158,0.301,banana,fresh
41942554,41481,79.05,850.75,61.65,0.386,4.158,0.301,banana,fresh
41943566,41482,79.15,850.80,61.80,0.387,4.158,0.302,banana,fresh
41944577,41483,79.00,850.75,61.45,0.386,4.158,0.300,banana,fresh
41945587,41484,79.05,850.75,61.55,0.386,4.158,0.301,banana,fresh
41946599,41485,79.15,850.65,61.60,0.387,4.158,0.301,banana,fresh
41947610,41486,79.05,850.80,61.70,0.386,4.158,0.302,banana,fresh
41948621,41487,79.15,850.75,61.55,0.387,4.158,0.301,banana,fresh
41949632,41488,79.10,850.80,61.45,0.387,4.158,0.300,banana,fresh
41950644,41489,79.15,850.75,61.50,0.387,4.158,0.301,banana,fresh
41951654,41490,79.10,850.65,61.75,0.387,4.158,0.302,banana,fresh
41952666,41491,79.00,850.75,61.65,0.386,4.158,0.301,banana,fresh
41953677,41492,79.00,850.85,61.90,0.386,4.159,0.303,banana,fresh
41954688,41493,79.10,850.85,61.55,0.387,4.159,0.301,banana,fresh
41955699,41494,79.05,850.75,61.80,0.386,4.158,0.302,banana,fresh
41956710,41495,79.10,850.70,61.70,0.387,4.158,0.302,banana,fresh
41957722,41496,79.10,850.60,61.50,0.387,4.157,0.301,banana,fresh
41958732,41497,79.15,850.65,61.80,0.387,4.158,0.302,banana,fresh
41959744,41498,79.20,850.80,61.65,0.387,4.158,0.301,banana,fresh
41960755,41499,79.15,850.80,61.80,0.387,4.158,0.302,banana,fresh
41961765,41500,79.15,850.85,61.65,0.387,4.159,0.301,banana,fresh
41962777,41501,79.10,850.85,61.65,0.387,4.159,0.301,banana,fresh
41963788,41502,79.15,850.85,61.75,0.387,4.159,0.302,banana,fresh
41964800,41503,79.05,850.90,61.60,0.386,4.159,0.301,banana,fresh
41965810,41504,79.10,850.85,61.70,0.387,4.159,0.302,banana,fresh
41966822,41505,79.20,850.85,61.60,0.387,4.159,0.301,banana,fresh
41967833,41506,79.15,850.75,61.50,0.387,4.158,0.301,banana,fresh
41968843,41507,79.10,850.80,61.65,0.387,4.158,0.301,banana,fresh
41969855,41508,79.10,850.70,61.80,0.387,4.158,0.302,banana,fresh
41970866,41509,79.15,850.85,61.70,0.387,4.159,0.302,banana,fresh
41971877,41510,79.15,850.80,61.60,0.387,4.158,0.301,banana,fresh
41972888,41511,79.05,850.85,61.80,0.386,4.159,0.302,banana,fresh
41973900,41512,79.10,850.70,61.45,0.387,4.158,0.300,banana,fresh
41974910,41513,79.10,850.75,61.75,0.387,4.158,0.302,banana,fresh
41975921,41514,79.10,850.65,61.80,0.387,4.158,0.302,banana,fresh
41976933,41515,79.15,850.65,61.70,0.387,4.158,0.302,banana,fresh
41977944,41516,79.25,850.75,61.80,0.387,4.158,0.302,banana,fresh
41978955,41517,79.05,850.70,61.60,0.386,4.158,0.301,banana,fresh
41979966,41518,79.15,850.55,61.45,0.387,4.157,0.300,banana,fresh
41980978,41519,79.15,850.75,61.70,0.387,4.158,0.302,banana,fresh
41981988,41520,79.05,850.65,61.70,0.386,4.158,0.302,banana,fresh
41983000,41521,79.15,850.90,61.70,0.387,4.159,0.302,banana,fresh
41984011,41522,79.05,850.70,61.55,0.386,4.158,0.301,banana,fresh
41985021,41523,79.05,850.70,61.65,0.386,4.158,0.301,banana,fresh
41986033,41524,79.10,850.80,61.65,0.387,4.158,0.301,banana,fresh
41987044,41525,79.00,850.65,61.65,0.386,4.158,0.301,banana,fresh
41988056,41526,79.00,850.70,61.65,0.386,4.158,0.301,banana,fresh
41989066,41527,79.15,850.65,61.55,0.387,4.158,0.301,banana,fresh
41990078,41528,79.00,850.75,61.65,0.386,4.158,0.301,banana,fresh
41991089,41529,79.00,850.70,61.75,0.386,4.158,0.302,banana,fresh
41992099,41530,79.10,850.70,61.65,0.387,4.158,0.301,banana,fresh
41993111,41531,79.00,850.75,61.70,0.386,4.158,0.302,banana,fresh
41994122,41532,79.10,850.55,61.45,0.387,4.157,0.300,banana,fresh
41995133,41533,79.10,850.65,61.65,0.387,4.158,0.301,banana,fresh
41996144,41534,79.00,850.85,61.70,0.386,4.159,0.302,banana,fresh
41997156,41535,79.05,850.80,61.55,0.386,4.158,0.301,banana,fresh
41998167,41536,79.05,850.75,61.70,0.386,4.158,0.302,banana,fresh
41999177,41537,79.10,850.95,61.60,0.387,4.159,0.301,banana,fresh
42000189,41538,79.00,850.80,61.75,0.386,4.158,0.302,banana,fresh
42001200,41539,79.00,850.75,61.75,0.386,4.158,0.302,banana,fresh
42002211,41540,79.10,850.70,61.50,0.387,4.158,0.301,banana,fresh
42003222,41541,79.10,850.80,61.65,0.387,4.158,0.301,banana,fresh
42004234,41542,79.20,850.60,61.80,0.387,4.157,0.302,banana,fresh
42005244,41543,79.10,850.85,61.75,0.387,4.159,0.302,banana,fresh
42006255,41544,79.15,850.80,61.55,0.387,4.158,0.301,banana,fresh
42007267,41545,79.25,850.50,61.55,0.387,4.157,0.301,banana,fresh
42008278,41546,79.15,850.85,61.35,0.387,4.159,0.300,banana,fresh
42009289,41547,79.05,850.75,61.50,0.386,4.158,0.301,banana,fresh
42010300,41548,79.10,850.60,61.70,0.387,4.157,0.302,banana,fresh
42011312,41549,79.10,850.70,61.45,0.387,4.158,0.300,banana,fresh
42012322,41550,79.20,850.65,61.60,0.387,4.158,0.301,banana,fresh
42013333,41551,79.05,850.55,61.60,0.386,4.157,0.301,banana,fresh
42014345,41552,79.00,850.60,61.50,0.386,4.157,0.301,banana,fresh
42015355,41553,79.05,850.75,61.60,0.386,4.158,0.301,banana,fresh
42016367,41554,79.10,850.50,61.60,0.387,4.157,0.301,banana,fresh
42017378,41555,79.00,850.60,61.75,0.386,4.157,0.302,banana,fresh
42018390,41556,79.05,850.60,61.40,0.386,4.157,0.300,banana,fresh
42019400,41557,79.30,850.55,61.60,0.388,4.157,0.301,banana,fresh
42020411,41558,79.05,850.65,61.75,0.386,4.158,0.302,banana,fresh
42021423,41559,79.15,850.45,61.50,0.387,4.157,0.301,banana,fresh
42022433,41560,79.10,850.65,61.50,0.387,4.158,0.301,banana,fresh
42023445,41561,78.95,850.60,61.55,0.386,4.157,0.301,banana,fresh
42024456,41562,79.20,850.70,61.70,0.387,4.158,0.302,banana,fresh
42025467,41563,79.00,850.55,61.50,0.386,4.157,0.301,banana,fresh
42026478,41564,79.05,850.65,61.60,0.386,4.158,0.301,banana,fresh
42027490,41565,79.30,850.70,61.60,0.388,4.158,0.301,banana,fresh
42028500,41566,79.05,850.70,61.50,0.386,4.158,0.301,banana,fresh
42029511,41567,79.20,850.65,61.70,0.387,4.158,0.302,banana,fresh
42030523,41568,79.05,850.65,61.45,0.386,4.158,0.300,banana,fresh
42031534,41569,79.00,850.55,61.65,0.386,4.157,0.301,banana,fresh
42032545,41570,79.05,850.55,61.65,0.386,4.157,0.301,banana,fresh
42033556,41571,79.15,850.50,61.70,0.387,4.157,0.302,banana,fresh
42034568,41572,79.10,850.50,61.70,0.387,4.157,0.302,banana,fresh
42035578,41573,79.05,850.45,61.50,0.386,4.157,0.301,banana,fresh
42036589,41574,79.00,850.65,61.50,0.386,4.158,0.301,banana,fresh
42037601,41575,79.10,850.65,61.40,0.387,4.158,0.300,banana,fresh
42038611,41576,79.05,850.60,61.35,0.386,4.157,0.300,banana,fresh
42039623,41577,79.05,850.65,61.55,0.386,4.158,0.301,banana,fresh
42040634,41578,79.05,850.60,61.55,0.386,4.157,0.301,banana,fresh
42041646,41579,79.15,850.60,61.50,0.387,4.157,0.301,banana,fresh
42042656,41580,79.05,850.40,61.45,0.386,4.156,0.300,banana,fresh
42043667,41581,79.15,850.65,61.60,0.387,4.158,0.301,banana,fresh
42044679,41582,79.00,850.65,61.50,0.386,4.158,0.301,banana,fresh
42045689,41583,79.10,850.70,61.60,0.387,4.158,0.301,banana,fresh
42046701,41584,79.15,850.55,61.75,0.387,4.157,0.302,banana,fresh
42047712,41585,79.15,850.60,61.55,0.387,4.157,0.301,banana,fresh
42048723,41586,79.15,850.60,61.45,0.387,4.157,0.300,banana,fresh
42049734,41587,79.15,850.70,61.60,0.387,4.158,0.301,banana,fresh
42050745,41588,79.10,850.45,61.60,0.387,4.157,0.301,banana,fresh
42051757,41589,79.15,850.60,61.65,0.387,4.157,0.301,banana,fresh
42052767,41590,79.05,850.65,61.45,0.386,4.158,0.300,banana,fresh
42053779,41591,79.10,850.50,61.40,0.387,4.157,0.300,banana,fresh
42054790,41592,79.15,850.60,61.45,0.387,4.157,0.300,banana,fresh
42055801,41593,79.25,850.40,61.45,0.387,4.156,0.300,banana,fresh
42056812,41594,79.20,850.50,61.50,0.387,4.157,0.301,banana,fresh
42057823,41595,79.05,850.75,61.30,0.386,4.158,0.300,banana,fresh
42058834,41596,79.10,850.50,61.35,0.387,4.157,0.300,banana,fresh
42059845,41597,79.15,850.60,61.55,0.387,4.157,0.301,banana,fresh
42060857,41598,79.10,850.50,61.45,0.387,4.157,0.300,banana,fresh
42061868,41599,79.15,850.60,61.50,0.387,4.157,0.301,banana,fresh
42062879,41600,79.00,850.55,61.45,0.386,4.157,0.300,banana,fresh
42063890,41601,79.05,850.50,61.45,0.386,4.157,0.300,banana,fresh
42064901,41602,79.05,850.65,61.35,0.386,4.158,0.300,banana,fresh
42065912,41603,79.10,850.75,61.50,0.387,4.158,0.301,banana,fresh
42066923,41604,79.05,850.75,61.55,0.386,4.158,0.301,banana,fresh
42067935,41605,79.05,850.50,61.45,0.386,4.157,0.300,banana,fresh
42068945,41606,79.15,850.60,61.30,0.387,4.157,0.300,banana,fresh
42069957,41607,79.15,850.50,61.50,0.387,4.157,0.301,banana,fresh
42070968,41608,79.00,850.50,61.45,0.386,4.157,0.300,banana,fresh
42071979,41609,79.10,850.40,61.50,0.387,4.156,0.301,banana,fresh
42072990,41610,79.15,850.55,61.30,0.387,4.157,0.300,banana,fresh
42074001,41611,79.20,850.65,61.50,0.387,4.158,0.301,banana,fresh
42075013,41612,79.20,850.60,61.50,0.387,4.157,0.301,banana,fresh
42076023,41613,79.10,850.40,61.40,0.387,4.156,0.300,banana,fresh
42077035,41614,79.10,850.50,61.55,0.387,4.157,0.301,banana,fresh
42078046,41615,79.10,850.50,61.55,0.387,4.157,0.301,banana,fresh
42079057,41616,79.15,850.60,61.35,0.387,4.157,0.300,banana,fresh
42080068,41617,79.10,850.70,61.40,0.387,4.158,0.300,banana,fresh
42081079,41618,79.05,850.60,61.35,0.386,4.157,0.300,banana,fresh
42082091,41619,79.10,850.45,61.50,0.387,4.157,0.301,banana,fresh
42083101,41620,79.00,850.70,61.45,0.386,4.158,0.300,banana,fresh
42084113,41621,79.10,850.35,61.35,0.387,4.156,0.300,banana,fresh
42085124,41622,79.10,850.50,61.30,0.387,4.157,0.300,banana,fresh
42086135,41623,79.10,850.40,61.40,0.387,4.156,0.300,banana,fresh
42087146,41624,79.05,850.60,61.35,0.386,4.157,0.300,banana,fresh
42088157,41625,79.10,850.55,61.35,0.387,4.157,0.300,banana,fresh
42089168,41626,79.15,850.35,61.30,0.387,4.156,0.300,banana,fresh
42090179,41627,79.00,850.45,61.40,0.386,4.157,0.300,banana,fresh
42091191,41628,79.05,850.55,61.35,0.386,4.157,0.300,banana,fresh
42092201,41629,79.10,850.55,61.55,0.387,4.157,0.301,banana,fresh
42093213,41630,79.00,850.40,61.25,0.386,4.156,0.299,banana,fresh
42094224,41631,78.95,850.60,61.35,0.386,4.157,0.300,banana,fresh
42095235,41632,79.00,850.65,61.35,0.386,4.158,0.300,banana,fresh
42096246,41633,79.10,850.40,61.30,0.387,4.156,0.300,banana,fresh
42097257,41634,79.05,850.45,61.40,0.386,4.157,0.300,banana,fresh
42098269,41635,79.05,850.40,61.45,0.386,4.156,0.300,banana,fresh
42099279,41636,79.00,850.45,61.40,0.386,4.157,0.300,banana,fresh
42100291,41637,79.15,850.40,61.30,0.387,4.156,0.300,banana,fresh
42101302,41638,79.05,850.55,61.30,0.386,4.157,0.300,banana,fresh
42102312,41639,79.05,850.55,61.55,0.386,4.157,0.301,banana,fresh
42103324,41640,79.05,850.65,61.40,0.386,4.158,0.300,banana,fresh
42104335,41641,79.05,850.45,61.40,0.386,4.157,0.300,banana,fresh
42105347,41642,79.05,850.40,61.55,0.386,4.156,0.301,banana,fresh
42106357,41643,79.10,850.50,61.35,0.387,4.157,0.300,banana,fresh
42107369,41644,79.05,850.45,61.40,0.386,4.157,0.300,banana,fresh
42108380,41645,79.15,850.60,61.55,0.387,4.157,0.301,banana,fresh
42109390,41646,79.05,850.50,61.45,0.386,4.157,0.300,banana,fresh
42110402,41647,79.05,850.50,61.45,0.386,4.157,0.300,banana,fresh
42111413,41648,79.00,850.50,61.35,0.386,4.157,0.300,banana,fresh
42112424,41649,79.05,850.55,61.50,0.386,4.157,0.301,banana,fresh
42113435,41650,79.10,850.65,61.30,0.387,4.158,0.300,banana,fresh
42114447,41651,79.15,850.60,61.20,0.387,4.157,0.299,banana,fresh
42115458,41652,79.00,850.50,61.45,0.386,4.157,0.300,banana,fresh
42116469,41653,79.05,850.65,61.55,0.386,4.158,0.301,banana,fresh
42117480,41654,79.25,850.40,61.30,0.387,4.156,0.300,banana,fresh
42118491,41655,79.10,850.35,61.45,0.387,4.156,0.300,banana,fresh
42119502,41656,79.00,850.65,61.40,0.386,4.158,0.300,banana,fresh
42120513,41657,79.00,850.50,61.65,0.386,4.157,0.301,banana,fresh
42121525,41658,79.15,850.70,61.50,0.387,4.158,0.301,banana,fresh
42122535,41659,79.15,850.60,61.50,0.387,4.157,0.301,banana,fresh
42123547,41660,79.05,850.55,61.40,0.386,4.157,0.300,banana,fresh
42124558,41661,79.00,850.35,61.60,0.386,4.156,0.301,banana,fresh
42125569,41662,79.00,850.65,61.50,0.386,4.158,0.301,banana,fresh
42126580,41663,79.00,850.35,61.40,0.386,4.156,0.300,banana,fresh
42127591,41664,79.15,850.70,61.45,0.387,4.158,0.300,banana,fresh
42128603,41665,79.00,850.40,61.55,0.386,4.156,0.301,banana,fresh
42129613,41666,79.00,850.50,61.15,0.386,4.157,0.299,banana,fresh
42130624,41667,79.00,850.55,61.30,0.386,4.157,0.300,banana,fresh
42131636,41668,79.05,850.40,61.40,0.386,4.156,0.300,banana,fresh
42132646,41669,79.10,850.30,61.45,0.387,4.156,0.300,banana,fresh
42133658,41670,79.05,850.45,61.25,0.386,4.157,0.299,banana,fresh
42134669,41671,79.05,850.65,61.25,0.386,4.158,0.299,banana,fresh
42135681,41672,79.15,850.70,61.60,0.387,4.158,0.301,banana,fresh
42136691,41673,79.15,850.45,61.35,0.387,4.157,0.300,banana,fresh
42137703,41674,79.25,850.40,61.35,0.387,4.156,0.300,banana,fresh
42138714,41675,79.15,850.35,61.30,0.387,4.156,0.300,banana,fresh
42139724,41676,79.00,850.45,61.45,0.386,4.157,0.300,banana,fresh
42140736,41677,79.10,850.50,61.60,0.387,4.157,0.301,banana,fresh
42141747,41678,79.15,850.65,61.40,0.387,4.158,0.300,banana,fresh
42142758,41679,79.15,850.45,61.40,0.387,4.157,0.300,banana,fresh
42143769,41680,79.00,850.40,61.35,0.386,4.156,0.300,banana,fresh
42144781,41681,79.15,850.40,61.50,0.387,4.156,0.301,banana,fresh
42145792,41682,79.05,850.45,61.30,0.386,4.157,0.300,banana,fresh
42146802,41683,79.00,850.70,61.50,0.386,4.158,0.301,banana,fresh
42147814,41684,79.15,850.50,61.45,0.387,4.157,0.300,banana,fresh
42148825,41685,79.05,850.60,61.25,0.386,4.157,0.299,banana,fresh
42149836,41686,79.05,850.65,61.35,0.386,4.158,0.300,banana,fresh
42150847,41687,79.05,850.50,61.50,0.386,4.157,0.301,banana,fresh
42151859,41688,79.15,850.80,61.30,0.387,4.158,0.300,banana,fresh
42152869,41689,79.05,850.70,61.35,0.386,4.158,0.300,banana,fresh
42153880,41690,79.05,850.70,61.40,0.386,4.158,0.300,banana,fresh
42154892,41691,79.10,850.45,61.45,0.387,4.157,0.300,banana,fresh
42155902,41692,79.15,850.60,61.30,0.387,4.157,0.300,banana,fresh
42156914,41693,79.05,850.60,61.35,0.386,4.157,0.300,banana,fresh
42157925,41694,79.15,850.55,61.45,0.387,4.157,0.300,banana,fresh
42158937,41695,79.10,850.45,61.35,0.387,4.157,0.300,banana,fresh
42159947,41696,79.10,850.55,61.25,0.387,4.157,0.299,banana,fresh
42160959,41697,79.10,850.70,61.45,0.387,4.158,0.300,banana,fresh
42161970,41698,79.05,850.45,61.10,0.386,4.157,0.299,banana,fresh
42162980,41699,79.00,850.40,61.50,0.386,4.156,0.301,banana,fresh
42163992,41700,79.10,850.55,61.35,0.387,4.157,0.300,banana,fresh
42165003,41701,78.95,850.65,61.35,0.386,4.158,0.300,banana,fresh
42166014,41702,79.05,850.75,61.40,0.386,4.158,0.300,banana,fresh
42167025,41703,79.10,850.60,61.25,0.387,4.157,0.299,banana,fresh
42168037,41704,79.00,850.80,61.30,0.386,4.158,0.300,banana,fresh
42169048,41705,79.05,850.60,61.60,0.386,4.157,0.301,banana,fresh
42170058,41706,79.00,850.50,61.20,0.386,4.157,0.299,banana,fresh
42171070,41707,79.05,850.40,61.45,0.386,4.156,0.300,banana,fresh
42172081,41708,79.10,850.45,61.45,0.387,4.157,0.300,banana,fresh
42173092,41709,79.05,850.45,61.50,0.386,4.157,0.301,banana,fresh
42174103,41710,79.00,850.65,61.40,0.386,4.158,0.300,banana,fresh
42175115,41711,79.05,850.70,61.35,0.386,4.158,0.300,banana,fresh
42176125,41712,79.15,850.70,61.30,0.387,4.158,0.300,banana,fresh
42177136,41713,79.00,850.30,61.30,0.386,4.156,0.300,banana,fresh
42178148,41714,79.10,850.60,61.15,0.387,4.157,0.299,banana,fresh
42179159,41715,79.15,850.50,61.25,0.387,4.157,0.299,banana,fresh
42180170,41716,79.10,850.55,61.30,0.387,4.157,0.300,banana,fresh
42181181,41717,79.00,850.55,61.65,0.386,4.157,0.301,banana,fresh
42182193,41718,79.10,850.55,61.35,0.387,4.157,0.300,banana,fresh
42183203,41719,79.05,850.45,61.40,0.386,4.157,0.300,banana,fresh
42184214,41720,79.05,850.50,61.35,0.386,4.157,0.300,banana,fresh
42185226,41721,79.05,850.50,61.30,0.386,4.157,0.300,banana,fresh
42186236,41722,79.05,850.50,61.15,0.386,4.157,0.299,banana,fresh
42187248,41723,79.10,850.45,61.35,0.387,4.157,0.300,banana,fresh
42188259,41724,79.05,850.30,61.40,0.386,4.156,0.300,banana,fresh
42189271,41725,79.05,850.65,61.20,0.386,4.158,0.299,banana,fresh
42190281,41726,79.00,850.70,61.40,0.386,4.158,0.300,banana,fresh
42191292,41727,79.10,850.60,61.40,0.387,4.157,0.300,banana,fresh
42192304,41728,79.10,850.50,61.25,0.387,4.157,0.299,banana,fresh
42193314,41729,79.00,850.55,61.35,0.386,4.157,0.300,banana,fresh
42194326,41730,79.05,850.60,61.40,0.386,4.157,0.300,banana,fresh
42195337,41731,79.15,850.45,61.20,0.387,4.157,0.299,banana,fresh
42196348,41732,79.15,850.70,61.30,0.387,4.158,0.300,banana,fresh
42197359,41733,79.05,850.30,61.40,0.386,4.156,0.300,banana,fresh
42198370,41734,79.10,850.50,61.45,0.387,4.157,0.300,banana,fresh
42199382,41735,79.05,850.70,61.50,0.386,4.158,0.301,banana,fresh
42200392,41736,79.00,850.60,61.30,0.386,4.157,0.300,banana,fresh
42201404,41737,79.00,850.55,61.45,0.386,4.157,0.300,banana,fresh
42202415,41738,79.15,850.50,61.45,0.387,4.157,0.300,banana,fresh
42203426,41739,79.05,850.40,61.25,0.386,4.156,0.299,banana,fresh
42204437,41740,79.10,850.40,61.30,0.387,4.156,0.300,banana,fresh
42205448,41741,79.05,850.45,61.45,0.386,4.157,0.300,banana,fresh
42206459,41742,79.10,850.50,61.40,0.387,4.157,0.300,banana,fresh
42207470,41743,79.00,850.65,61.45,0.386,4.158,0.300,banana,fresh
42208482,41744,79.00,850.65,61.35,0.386,4.158,0.300,banana,fresh
42209492,41745,79.15,850.70,61.40,0.387,4.158,0.300,banana,fresh
42210504,41746,79.00,850.50,61.40,0.386,4.157,0.300,banana,fresh
42211515,41747,79.15,850.55,61.45,0.387,4.157,0.300,banana,fresh
42212526,41748,79.05,850.65,61.35,0.386,4.158,0.300,banana,fresh
42213537,41749,79.05,850.45,61.40,0.386,4.157,0.300,banana,fresh
42214548,41750,79.00,850.60,61.65,0.386,4.157,0.301,banana,fresh
42215560,41751,79.00,850.60,61.40,0.386,4.157,0.300,banana,fresh
42216570,41752,79.05,850.55,61.50,0.386,4.157,0.301,banana,fresh
42217582,41753,79.00,850.60,61.35,0.386,4.157,0.300,banana,fresh
42218593,41754,79.05,850.70,61.25,0.386,4.158,0.299,banana,fresh
42219603,41755,79.05,850.45,61.35,0.386,4.157,0.300,banana,fresh
42220615,41756,79.10,850.65,61.35,0.387,4.158,0.300,banana,fresh
42221626,41757,79.10,850.45,61.20,0.387,4.157,0.299,banana,fresh
42222638,41758,79.05,850.65,61.50,0.386,4.158,0.301,banana,fresh
42223648,41759,79.00,850.60,61.50,0.386,4.157,0.301,banana,fresh
42224660,41760,79.10,850.75,61.35,0.387,4.158,0.300,banana,fresh
42225671,41761,79.10,850.45,61.35,0.387,4.157,0.300,banana,fresh
42226681,41762,79.10,850.55,61.50,0.387,4.157,0.301,banana,fresh
42227693,41763,79.10,850.60,61.20,0.387,4.157,0.299,banana,fresh
42228704,41764,79.00,850.50,61.25,0.386,4.157,0.299,banana,fresh
42229715,41765,79.10,850.55,61.25,0.387,4.157,0.299,banana,fresh
42230726,41766,79.00,850.55,61.40,0.386,4.157,0.300,banana,fresh
42231738,41767,79.10,850.70,61.40,0.387,4.158,0.300,banana,fresh
42232749,41768,79.10,850.50,61.50,0.387,4.157,0.301,banana,fresh
42233760,41769,79.00,850.55,61.45,0.386,4.157,0.300,banana,fresh
42234771,41770,79.05,850.45,61.30,0.386,4.157,0.300,banana,fresh
42235782,41771,79.00,850.60,61.35,0.386,4.157,0.300,banana,fresh
42236793,41772,79.05,850.65,61.35,0.386,4.158,0.300,banana,fresh
42237804,41773,79.15,850.45,61.55,0.387,4.157,0.301,banana,fresh
42238816,41774,79.10,850.55,61.40,0.387,4.157,0.300,banana,fresh
42239826,41775,79.15,850.75,61.45,0.387,4.158,0.300,banana,fresh
42240838,41776,79.10,850.60,61.25,0.387,4.157,0.299,banana,fresh
42241849,41777,79.10,850.80,61.30,0.387,4.158,0.300,banana,fresh
42242860,41778,79.05,850.60,61.45,0.386,4.157,0.300,banana,fresh
42243871,41779,79.15,850.70,61.25,0.387,4.158,0.299,banana,fresh
42244882,41780,79.00,850.65,61.45,0.386,4.158,0.300,banana,fresh
42245894,41781,79.05,850.70,61.30,0.386,4.158,0.300,banana,fresh
42246904,41782,79.05,850.55,61.55,0.386,4.157,0.301,banana,fresh
42247916,41783,79.15,850.60,61.40,0.387,4.157,0.300,banana,fresh
42248927,41784,79.00,850.60,61.35,0.386,4.157,0.300,banana,fresh
42249937,41785,79.15,850.55,61.20,0.387,4.157,0.299,banana,fresh
42250949,41786,79.10,850.55,61.35,0.387,4.157,0.300,banana,fresh
42251960,41787,79.05,850.45,61.35,0.386,4.157,0.300,banana,fresh
42252972,41788,79.10,850.55,61.40,0.387,4.157,0.300,banana,fresh
42253982,41789,79.05,850.75,61.30,0.386,4.158,0.300,banana,fresh
42254994,41790,79.05,850.60,61.45,0.386,4.157,0.300,banana,fresh
42256005,41791,79.05,850.75,61.30,0.386,4.158,0.300,banana,fresh
42257015,41792,79.00,850.70,61.30,0.386,4.158,0.300,banana,fresh
42258027,41793,79.00,850.60,61.30,0.386,4.157,0.300,banana,fresh
42259038,41794,79.00,850.65,61.25,0.386,4.158,0.299,banana,fresh
42260049,41795,79.05,850.50,61.50,0.386,4.157,0.301,banana,fresh
42261060,41796,79.10,850.55,61.55,0.387,4.157,0.301,banana,fresh
42262072,41797,79.20,850.45,61.50,0.387,4.157,0.301,banana,fresh
42263083,41798,79.10,850.70,61.35,0.387,4.158,0.300,banana,fresh
42264093,41799,79.05,850.45,61.45,0.386,4.157,0.300,banana,fresh
42265105,41800,79.05,850.35,61.65,0.386,4.156,0.301,banana,fresh
42266116,41801,79.05,850.55,61.35,0.386,4.157,0.300,banana,fresh
42267127,41802,79.05,850.55,61.25,0.386,4.157,0.299,banana,fresh
42268138,41803,78.95,850.50,61.35,0.386,4.157,0.300,banana,fresh
42269150,41804,79.05,850.40,61.40,0.386,4.156,0.300,banana,fresh
42270160,41805,79.15,850.55,61.20,0.387,4.157,0.299,banana,fresh
42271171,41806,79.00,850.45,61.15,0.386,4.157,0.299,banana,fresh
42272183,41807,79.05,850.50,61.45,0.386,4.157,0.300,banana,fresh
42273193,41808,79.05,850.60,61.30,0.386,4.157,0.300,banana,fresh
42274205,41809,79.10,850.45,61.25,0.387,4.157,0.299,banana,fresh
42275216,41810,79.00,850.65,61.45,0.386,4.158,0.300,banana,fresh
42276228,41811,79.05,850.55,61.50,0.386,4.157,0.301,banana,fresh
42277238,41812,79.05,850.70,61.55,0.386,4.158,0.301,banana,fresh
42278249,41813,79.20,850.80,61.15,0.387,4.158,0.299,banana,fresh
42279261,41814,79.00,850.45,61.40,0.386,4.157,0.300,banana,fresh
42280271,41815,79.05,850.65,61.25,0.386,4.158,0.299,banana,fresh
42281283,41816,79.10,850.65,61.40,0.387,4.158,0.300,banana,fresh
42282294,41817,79.05,850.50,61.40,0.386,4.157,0.300,banana,fresh
42283305,41818,78.95,850.40,61.45,0.386,4.156,0.300,banana,fresh
42284316,41819,79.10,850.70,61.25,0.387,4.158,0.299,banana,fresh
42285327,41820,79.10,850.65,61.30,0.387,4.158,0.300,banana,fresh
42286339,41821,79.00,850.50,61.40,0.386,4.157,0.300,banana,fresh
42287349,41822,79.10,850.40,61.45,0.387,4.156,0.300,banana,fresh
42288361,41823,79.10,850.65,61.40,0.387,4.158,0.300,banana,fresh
42289372,41824,79.05,850.45,61.50,0.386,4.157,0.301,banana,fresh
42290383,41825,79.05,850.55,61.20,0.386,4.157,0.299,banana,fresh
42291394,41826,79.00,850.65,61.45,0.386,4.158,0.300,banana,fresh
42292405,41827,79.00,850.35,61.50,0.386,4.156,0.301,banana,fresh
42293416,41828,79.10,850.50,61.35,0.387,4.157,0.300,banana,fresh
42294427,41829,79.00,850.50,61.45,0.386,4.157,0.300,banana,fresh
42295439,41830,79.05,850.60,61.15,0.386,4.157,0.299,banana,fresh
42296450,41831,79.15,850.30,61.30,0.387,4.156,0.300,banana,fresh
42297461,41832,79.05,850.60,61.45,0.386,4.157,0.300,banana,fresh
42298472,41833,79.15,850.65,61.30,0.387,4.158,0.300,banana,fresh
42299483,41834,79.00,850.65,61.20,0.386,4.158,0.299,banana,fresh
42300494,41835,79.05,850.35,61.30,0.386,4.156,0.300,banana,fresh
42301505,41836,79.10,850.70,61.40,0.387,4.158,0.300,banana,fresh
42302517,41837,79.05,850.50,61.45,0.386,4.157,0.300,banana,fresh
42303527,41838,79.05,850.60,61.35,0.386,4.157,0.300,banana,fresh
42304539,41839,79.10,850.60,61.35,0.387,4.157,0.300,banana,fresh
42305550,41840,78.95,850.60,61.35,0.386,4.157,0.300,banana,fresh
42306561,41841,79.05,850.80,61.35,0.386,4.158,0.300,banana,fresh
42307572,41842,79.05,850.65,61.25,0.386,4.158,0.299,banana,fresh
42308583,41843,79.00,850.55,61.35,0.386,4.157,0.300,banana,fresh
42309595,41844,79.10,850.50,61.40,0.387,4.157,0.300,banana,fresh
42310605,41845,79.05,850.65,61.50,0.386,4.158,0.301,banana,fresh
42311617,41846,79.05,850.50,61.45,0.386,4.157,0.300,banana,fresh
42312628,41847,79.05,850.65,61.20,0.386,4.158,0.299,banana,fresh
42313638,41848,79.05,850.80,61.50,0.386,4.158,0.301,banana,fresh
42314650,41849,79.05,850.55,61.35,0.386,4.157,0.300,banana,fresh
42315661,41850,79.05,850.70,61.40,0.386,4.158,0.300,banana,fresh
42316673,41851,79.10,850.60,61.35,0.387,4.157,0.300,banana,fresh
42317683,41852,79.10,850.75,61.25,0.387,4.158,0.299,banana,fresh
42318695,41853,79.15,850.70,61.25,0.387,4.158,0.299,banana,fresh
42319706,41854,79.00,850.55,61.35,0.386,4.157,0.300,banana,fresh
42320716,41855,78.95,850.70,61.25,0.386,4.158,0.299,banana,fresh
42321728,41856,79.00,850.70,61.25,0.386,4.158,0.299,banana,fresh
42322739,41857,79.10,850.70,61.35,0.387,4.158,0.300,banana,fresh
42323750,41858,79.10,850.75,61.10,0.387,4.158,0.299,banana,fresh
42324761,41859,78.95,850.80,61.35,0.386,4.158,0.300,banana,fresh
42325773,41860,79.05,850.65,61.25,0.386,4.158,0.299,banana,fresh
42326784,41861,79.10,850.65,61.40,0.387,4.158,0.300,banana,fresh
42327795,41862,79.05,850.60,61.35,0.386,4.157,0.300,banana,fresh
42328806,41863,78.95,850.50,61.50,0.386,4.157,0.301,banana,fresh
42329817,41864,79.00,850.70,61.20,0.386,4.158,0.299,banana,fresh
42330828,41865,79.00,850.85,61.25,0.386,4.159,0.299,banana,fresh
42331839,41866,79.05,850.60,61.25,0.386,4.157,0.299,banana,fresh
42332851,41867,79.10,850.70,61.20,0.387,4.158,0.299,banana,fresh
42333861,41868,79.05,850.80,61.15,0.386,4.158,0.299,banana,fresh
42334873,41869,79.00,850.45,61.30,0.386,4.157,0.300,banana,fresh
42335884,41870,79.00,850.65,61.20,0.386,4.158,0.299,banana,fresh
42336894,41871,78.95,850.65,61.25,0.386,4.158,0.299,banana,fresh
42337906,41872,79.00,850.55,61.30,0.386,4.157,0.300,banana,fresh
42338917,41873,79.05,850.60,61.20,0.386,4.157,0.299,banana,fresh
42339929,41874,79.00,850.60,61.35,0.386,4.157,0.300,banana,fresh
42340939,41875,79.00,850.55,61.40,0.386,4.157,0.300,banana,fresh
42341951,41876,79.00,850.80,61.35,0.386,4.158,0.300,banana,fresh
42342962,41877,79.05,850.65,61.25,0.386,4.158,0.299,banana,fresh
42343972,41878,79.05,850.65,61.35,0.386,4.158,0.300,banana,fresh
42344984,41879,79.00,850.60,61.40,0.386,4.157,0.300,banana,fresh
42345995,41880,79.10,850.60,61.20,0.387,4.157,0.299,banana,fresh
42347006,41881,79.00,850.60,61.40,0.386,4.157,0.300,banana,fresh
42348017,41882,79.10,850.45,61.30,0.387,4.157,0.300,banana,fresh
42349029,41883,79.00,850.70,61.20,0.386,4.158,0.299,banana,fresh
42350040,41884,79.00,850.60,61.30,0.386,4.157,0.300,banana,fresh
42351050,41885,79.00,850.70,61.35,0.386,4.158,0.300,banana,fresh
42352062,41886,79.05,850.65,61.40,0.386,4.158,0.300,banana,fresh
42353073,41887,78.95,850.60,61.30,0.386,4.157,0.300,banana,fresh
42354084,41888,79.10,850.80,61.15,0.387,4.158,0.299,banana,fresh
42355095,41889,79.00,850.80,61.20,0.386,4.158,0.299,banana,fresh
42356107,41890,79.00,850.75,61.20,0.386,4.158,0.299,banana,fresh
42357117,41891,79.05,850.70,61.20,0.386,4.158,0.299,banana,fresh
42358128,41892,79.00,850.60,61.35,0.386,4.157,0.300,banana,fresh
42359140,41893,79.05,850.80,61.20,0.386,4.158,0.299,banana,fresh
42360151,41894,79.00,850.60,61.10,0.386,4.157,0.299,banana,fresh
42361162,41895,79.00,850.70,61.10,0.386,4.158,0.299,banana,fresh
42362173,41896,79.00,850.65,61.25,0.386,4.158,0.299,banana,fresh
42363185,41897,79.00,850.70,61.50,0.386,4.158,0.301,banana,fresh
42364195,41898,79.05,850.65,61.25,0.386,4.158,0.299,banana,fresh
42365206,41899,79.00,850.70,61.30,0.386,4.158,0.300,banana,fresh
42366218,41900,79.00,850.60,61.30,0.386,4.157,0.300,banana,fresh
42367228,41901,79.05,850.65,61.30,0.386,4.158,0.300,banana,fresh
42368240,41902,79.00,850.40,61.15,0.386,4.156,0.299,banana,fresh
42369251,41903,79.05,850.70,61.25,0.386,4.158,0.299,banana,fresh
42370263,41904,79.05,850.75,61.20,0.386,4.158,0.299,banana,fresh
42371273,41905,79.00,850.55,61.15,0.386,4.157,0.299,banana,fresh
42372284,41906,79.00,850.70,61.45,0.386,4.158,0.300,banana,fresh
42373296,41907,79.00,850.60,61.30,0.386,4.157,0.300,banana,fresh
42374306,41908,79.00,850.65,61.15,0.386,4.158,0.299,banana,fresh
42375318,41909,79.00,850.75,61.30,0.386,4.158,0.300,banana,fresh
42376329,41910,79.05,850.80,61.10,0.386,4.158,0.299,banana,fresh
42377340,41911,79.00,850.50,61.30,0.386,4.157,0.300,banana,fresh
42378351,41912,78.95,850.55,61.30,0.386,4.157,0.300,banana,fresh
42379362,41913,79.10,850.75,61.60,0.387,4.158,0.301,banana,fresh
42380374,41914,79.05,850.60,61.25,0.386,4.157,0.299,banana,fresh
42381384,41915,79.05,850.55,61.25,0.386,4.157,0.299,banana,fresh
42382396,41916,79.00,850.60,61.20,0.386,4.157,0.299,banana,fresh
42383407,41917,78.95,850.45,61.40,0.386,4.157,0.300,banana,fresh
42384418,41918,79.00,850.60,61.30,0.386,4.157,0.300,banana,fresh
42385429,41919,78.95,850.65,61.15,0.386,4.158,0.299,banana,fresh
42386440,41920,78.95,850.30,61.25,0.386,4.156,0.299,banana,fresh
42387451,41921,79.05,850.55,61.15,0.386,4.157,0.299,banana,fresh
42388462,41922,79.00,850.50,61.35,0.386,4.157,0.300,banana,fresh
42389474,41923,79.00,850.75,61.45,0.386,4.158,0.300,banana,fresh
42390484,41924,79.05,850.55,61.15,0.386,4.157,0.299,banana,fresh
42391496,41925,79.10,850.65,61.25,0.387,4.158,0.299,banana,fresh
42392507,41926,78.95,850.50,61.40,0.386,4.157,0.300,banana,fresh
42393519,41927,79.05,850.45,61.20,0.386,4.157,0.299,banana,fresh
42394529,41928,79.05,850.25,61.35,0.386,4.156,0.300,banana,fresh
42395540,41929,79.00,850.55,61.20,0.386,4.157,0.299,banana,fresh
42396552,41930,79.00,850.60,61.20,0.386,4.157,0.299,banana,fresh
42397562,41931,79.00,850.75,61.20,0.386,4.158,0.299,banana,fresh
42398574,41932,79.00,850.50,61.30,0.386,4.157,0.300,banana,fresh
42399585,41933,79.00,850.55,61.20,0.386,4.157,0.299,banana,fresh
42400596,41934,79.00,850.55,61.35,0.386,4.157,0.300,banana,fresh
42401607,41935,79.00,850.50,61.25,0.386,4.157,0.299,banana,fresh
42402618,41936,79.00,850.50,61.35,0.386,4.157,0.300,banana,fresh
42403630,41937,79.05,850.70,61.10,0.386,4.158,0.299,banana,fresh
42404640,41938,79.00,850.65,61.30,0.386,4.158,0.300,banana,fresh
42405652,41939,79.05,850.45,61.10,0.386,4.157,0.299,banana,fresh
42406663,41940,78.95,850.50,61.10,0.386,4.157,0.299,banana,fresh
42407674,41941,79.05,850.60,61.30,0.386,4.157,0.300,banana,fresh
42408685,41942,78.90,850.50,61.40,0.386,4.157,0.300,banana,fresh
42409696,41943,78.95,850.45,61.10,0.386,4.157,0.299,banana,fresh
42410707,41944,79.00,850.50,61.15,0.386,4.157,0.299,banana,fresh
42411718,41945,79.00,850.25,61.10,0.386,4.156,0.299,banana,fresh
42412730,41946,79.00,850.25,61.40,0.386,4.156,0.300,banana,fresh
42413741,41947,79.05,850.50,61.20,0.386,4.157,0.299,banana,fresh
42414752,41948,78.95,850.55,61.15,0.386,4.157,0.299,banana,fresh
42415763,41949,78.95,850.60,61.05,0.386,4.157,0.298,banana,fresh
42416774,41950,79.00,850.35,61.10,0.386,4.156,0.299,banana,fresh
42417785,41951,79.00,850.35,61.15,0.386,4.156,0.299,banana,fresh
42418796,41952,79.00,850.50,61.15,0.386,4.157,0.299,banana,fresh
42419808,41953,79.00,850.30,61.15,0.386,4.156,0.299,banana,fresh
42420818,41954,79.00,850.45,61.20,0.386,4.157,0.299,banana,fresh
42421830,41955,79.00,850.45,61.05,0.386,4.157,0.298,banana,fresh
42422841,41956,79.05,850.20,61.05,0.386,4.155,0.298,banana,fresh
42423852,41957,78.95,850.65,61.25,0.386,4.158,0.299,banana,fresh
42424863,41958,79.00,850.65,61.25,0.386,4.158,0.299,banana,fresh
42425874,41959,78.90,850.45,61.15,0.386,4.157,0.299,banana,fresh
42426886,41960,79.00,850.30,61.10,0.386,4.156,0.299,banana,fresh
42427896,41961,79.00,850.60,61.15,0.386,4.157,0.299,banana,fresh
42428908,41962,79.05,850.70,61.45,0.386,4.158,0.300,banana,fresh
42429919,41963,79.00,850.50,61.25,0.386,4.157,0.299,banana,fresh
42430930,41964,79.00,850.35,61.10,0.386,4.156,0.299,banana,fresh
42431941,41965,78.95,850.40,61.20,0.386,4.156,0.299,banana,fresh
42432952,41966,79.00,850.45,61.10,0.386,4.157,0.299,banana,fresh
42433964,41967,79.00,850.50,61.15,0.386,4.157,0.299,banana,fresh
42434974,41968,79.00,850.50,61.10,0.386,4.157,0.299,banana,fresh
42435986,41969,79.00,850.45,61.20,0.386,4.157,0.299,banana,fresh
42436997,41970,79.00,850.30,61.25,0.386,4.156,0.299,banana,fresh
42438008,41971,78.95,850.45,61.10,0.386,4.157,0.299,banana,fresh
42439019,41972,79.00,850.55,61.15,0.386,4.157,0.299,banana,fresh
42440030,41973,79.05,850.45,61.35,0.386,4.157,0.300,banana,fresh
42441041,41974,78.95,850.35,61.05,0.386,4.156,0.298,banana,fresh
42442052,41975,79.00,850.65,61.20,0.386,4.158,0.299,banana,fresh
42443064,41976,79.00,850.50,61.20,0.386,4.157,0.299,banana,fresh
42444075,41977,79.00,850.55,61.10,0.386,4.157,0.299,banana,fresh
42445086,41978,78.95,850.60,61.05,0.386,4.157,0.298,banana,fresh
42446097,41979,79.05,850.50,61.05,0.386,4.157,0.298,banana,fresh
42447108,41980,79.00,850.40,61.05,0.386,4.156,0.298,banana,fresh
42448119,41981,78.90,850.30,61.25,0.386,4.156,0.299,banana,fresh
42449130,41982,78.95,850.50,61.00,0.386,4.157,0.298,banana,fresh
42450142,41983,79.00,850.35,61.15,0.386,4.156,0.299,banana,fresh
42451152,41984,78.95,850.25,61.15,0.386,4.156,0.299,banana,fresh
42452164,41985,78.85,850.20,61.20,0.385,4.155,0.299,banana,fresh
42453175,41986,78.95,850.55,61.35,0.386,4.157,0.300,banana,fresh
42454185,41987,79.00,850.45,61.15,0.386,4.157,0.299,banana,fresh
42455197,41988,79.00,850.60,61.10,0.386,4.157,0.299,banana,fresh
42456208,41989,79.00,850.50,61.15,0.386,4.157,0.299,banana,fresh
42457220,41990,79.00,850.40,61.20,0.386,4.156,0.299,banana,fresh
42458230,41991,78.95,850.50,61.20,0.386,4.157,0.299,banana,fresh
42459242,41992,79.00,850.45,61.10,0.386,4.157,0.299,banana,fresh
42460253,41993,78.95,850.35,61.05,0.386,4.156,0.298,banana,fresh
42461263,41994,78.95,850.15,61.10,0.386,4.155,0.299,banana,fresh
42462275,41995,78.95,850.30,61.05,0.386,4.156,0.298,banana,fresh
42463286,41996,79.00,850.40,61.20,0.386,4.156,0.299,banana,fresh
42464297,41997,78.95,850.40,61.15,0.386,4.156,0.299,banana,fresh
42465308,41998,78.90,850.40,61.05,0.386,4.156,0.298,banana,fresh
42466320,41999,78.90,850.40,61.10,0.386,4.156,0.299,banana,fresh
42467331,42000,78.95,850.35,61.30,0.386,4.156,0.300,banana,fresh
42468341,42001,78.95,850.50,61.05,0.386,4.157,0.298,banana,fresh
42469353,42002,79.05,850.35,61.15,0.386,4.156,0.299,banana,fresh
42470364,42003,78.95,850.30,61.20,0.386,4.156,0.299,banana,fresh
42471375,42004,79.00,850.25,61.00,0.386,4.156,0.298,banana,fresh
42472386,42005,78.95,850.30,61.15,0.386,4.156,0.299,banana,fresh
42473398,42006,79.00,850.30,61.20,0.386,4.156,0.299,banana,fresh
42474408,42007,79.00,850.40,61.10,0.386,4.156,0.299,banana,fresh
42475420,42008,78.95,850.30,61.20,0.386,4.156,0.299,banana,fresh
42476431,42009,78.95,850.30,61.15,0.386,4.156,0.299,banana,fresh
42477442,42010,79.00,850.30,61.15,0.386,4.156,0.299,banana,fresh
42478453,42011,79.00,850.45,61.05,0.386,4.157,0.298,banana,fresh
42479464,42012,78.95,850.35,61.05,0.386,4.156,0.298,banana,fresh
42480476,42013,79.00,850.35,61.10,0.386,4.156,0.299,banana,fresh
42481486,42014,78.90,850.55,61.10,0.386,4.157,0.299,banana,fresh
42482498,42015,79.00,850.35,61.05,0.386,4.156,0.298,banana,fresh
42483509,42016,78.85,850.35,61.15,0.385,4.156,0.299,banana,fresh
42484519,42017,78.95,850.25,61.10,0.386,4.156,0.299,banana,fresh
42485531,42018,79.00,850.35,61.15,0.386,4.156,0.299,banana,fresh
42486542,42019,78.95,850.30,61.20,0.386,4.156,0.299,banana,fresh
42487554,42020,79.00,850.20,61.10,0.386,4.155,0.299,banana,fresh
42488564,42021,79.00,850.20,61.25,0.386,4.155,0.299,banana,fresh
42489576,42022,78.90,850.35,61.25,0.386,4.156,0.299,banana,fresh
42490587,42023,78.85,850.35,61.15,0.385,4.156,0.299,banana,fresh
42491598,42024,78.95,850.40,61.15,0.386,4.156,0.299,banana,fresh
42492609,42025,79.05,850.25,61.15,0.386,4.156,0.299,banana,fresh
42493620,42026,78.95,850.30,61.20,0.386,4.156,0.299,banana,fresh
42494631,42027,78.90,850.35,61.10,0.386,4.156,0.299,banana,fresh
42495642,42028,78.90,850.55,61.05,0.386,4.157,0.298,banana,fresh
42496654,42029,78.95,850.20,61.05,0.386,4.155,0.298,banana,fresh
42497665,42030,78.85,850.30,61.20,0.385,4.156,0.299,banana,fresh
42498676,42031,78.85,850.30,61.05,0.385,4.156,0.298,banana,fresh
42499687,42032,78.90,850.25,61.05,0.386,4.156,0.298,banana,fresh
42500698,42033,79.05,850.15,61.00,0.386,4.155,0.298,banana,fresh
42501709,42034,78.85,850.30,61.20,0.385,4.156,0.299,banana,fresh
42502720,42035,79.00,850.25,61.05,0.386,4.156,0.298,banana,fresh
42503732,42036,78.95,850.20,61.20,0.386,4.155,0.299,banana,fresh
42504742,42037,78.90,850.35,61.25,0.386,4.156,0.299,banana,fresh
42505754,42038,78.90,850.30,61.05,0.386,4.156,0.298,banana,fresh
42506765,42039,78.95,850.30,61.10,0.386,4.156,0.299,banana,fresh
42507776,42040,78.90,850.20,61.10,0.386,4.155,0.299,banana,fresh
42508787,42041,78.90,850.40,61.35,0.386,4.156,0.300,banana,fresh
42509798,42042,78.80,850.30,61.15,0.385,4.156,0.299,banana,fresh
42510810,42043,78.90,850.25,61.15,0.386,4.156,0.299,banana,fresh
42511820,42044,78.95,850.40,60.95,0.386,4.156,0.298,banana,fresh
42512832,42045,78.90,850.35,61.00,0.386,4.156,0.298,banana,fresh
42513843,42046,79.00,850.30,61.10,0.386,4.156,0.299,banana,fresh
42514853,42047,78.80,850.30,61.15,0.385,4.156,0.299,banana,fresh
42515865,42048,79.00,850.20,61.05,0.386,4.155,0.298,banana,fresh
42516876,42049,78.90,850.35,61.20,0.386,4.156,0.299,banana,fresh
42517888,42050,79.05,850.35,61.05,0.386,4.156,0.298,banana,fresh
42518898,42051,78.95,850.30,61.15,0.386,4.156,0.299,banana,fresh
42519910,42052,78.90,850.30,61.00,0.386,4.156,0.298,banana,fresh
42520921,42053,78.80,850.30,61.10,0.385,4.156,0.299,banana,fresh
42521931,42054,78.95,850.35,61.10,0.386,4.156,0.299,banana,fresh
42522943,42055,78.95,850.20,61.00,0.386,4.155,0.298,banana,fresh
42523954,42056,79.00,850.20,61.05,0.386,4.155,0.298,banana,fresh
42524965,42057,78.90,850.20,61.05,0.386,4.155,0.298,banana,fresh
42525976,42058,78.90,850.25,61.00,0.386,4.156,0.298,banana,fresh
42526988,42059,78.85,850.35,61.15,0.385,4.156,0.299,banana,fresh
42527998,42060,78.85,850.25,61.10,0.385,4.156,0.299,banana,fresh
42529010,42061,78.75,850.10,61.10,0.385,4.155,0.299,banana,fresh
42530021,42062,78.85,850.20,61.10,0.385,4.155,0.299,banana,fresh
42531032,42063,78.75,850.25,61.20,0.385,4.156,0.299,banana,fresh
42532043,42064,78.90,850.10,61.10,0.386,4.155,0.299,banana,fresh
42533054,42065,78.75,850.20,61.05,0.385,4.155,0.298,banana,fresh
42534066,42066,78.95,850.35,61.25,0.386,4.156,0.299,banana,fresh
42535076,42067,78.70,850.15,61.10,0.385,4.155,0.299,banana,fresh
42536088,42068,79.00,850.20,61.05,0.386,4.155,0.298,banana,fresh
42537099,42069,78.90,850.30,61.05,0.386,4.156,0.298,banana,fresh
42538109,42070,78.95,850.15,61.10,0.386,4.155,0.299,banana,fresh
42539121,42071,79.00,850.30,61.05,0.386,4.156,0.298,banana,fresh
42540132,42072,78.95,850.15,61.10,0.386,4.155,0.299,banana,fresh
42541144,42073,78.80,850.35,61.05,0.385,4.156,0.298,banana,fresh
42542154,42074,78.90,850.10,61.15,0.386,4.155,0.299,banana,fresh
42543166,42075,78.95,850.15,61.05,0.386,4.155,0.298,banana,fresh
42544177,42076,78.90,850.20,61.05,0.386,4.155,0.298,banana,fresh
42545188,42077,78.80,850.10,61.00,0.385,4.155,0.298,banana,fresh
42546199,42078,78.95,850.15,61.05,0.386,4.155,0.298,banana,fresh
42547210,42079,78.85,850.05,61.05,0.385,4.155,0.298,banana,fresh
42548221,42080,78.90,850.25,61.15,0.386,4.156,0.299,banana,fresh
42549232,42081,78.90,850.20,61.10,0.386,4.155,0.299,banana,fresh
42550244,42082,78.95,850.10,61.05,0.386,4.155,0.298,banana,fresh
42551255,42083,78.90,850.15,61.05,0.386,4.155,0.298,banana,fresh
42552266,42084,78.90,850.10,61.10,0.386,4.155,0.299,banana,fresh
42553277,42085,78.95,850.10,61.00,0.386,4.155,0.298,banana,fresh
42554288,42086,78.90,850.25,61.10,0.386,4.156,0.299,banana,fresh
42555299,42087,78.90,850.20,61.00,0.386,4.155,0.298,banana,fresh
42556310,42088,78.95,850.15,61.00,0.386,4.155,0.298,banana,fresh
42557322,42089,78.90,850.25,61.10,0.386,4.156,0.299,banana,fresh
42558332,42090,78.95,850.15,61.00,0.386,4.155,0.298,banana,fresh
42559344,42091,78.95,850.40,61.05,0.386,4.156,0.298,banana,fresh
42560355,42092,78.90,850.25,61.10,0.386,4.156,0.299,banana,fresh
42561366,42093,78.85,850.25,61.00,0.385,4.156,0.298,banana,fresh
42562377,42094,78.90,850.15,61.15,0.386,4.155,0.299,banana,fresh
42563388,42095,78.90,850.20,61.20,0.386,4.155,0.299,banana,fresh
42564400,42096,78.80,850.25,61.10,0.385,4.156,0.299,banana,fresh
42565410,42097,79.00,850.25,61.00,0.386,4.156,0.298,banana,fresh
42566422,42098,78.85,850.15,61.00,0.385,4.155,0.298,banana,fresh
42567433,42099,78.80,850.20,61.00,0.385,4.155,0.298,banana,fresh
42568444,42100,78.95,850.40,61.20,0.386,4.156,0.299,banana,fresh
42569455,42101,78.90,850.10,61.00,0.386,4.155,0.298,banana,fresh
42570466,42102,78.95,850.20,61.00,0.386,4.155,0.298,banana,fresh
42571478,42103,78.95,850.30,61.00,0.386,4.156,0.298,banana,fresh
42572488,42104,78.95,850.20,61.00,0.386,4.155,0.298,banana,fresh
42573500,42105,78.75,850.15,61.20,0.385,4.155,0.299,banana,fresh
42574511,42106,78.90,850.10,61.05,0.386,4.155,0.298,banana,fresh
42575522,42107,78.95,850.10,61.05,0.386,4.155,0.298,banana,fresh
42576533,42108,78.90,850.20,61.10,0.386,4.155,0.299,banana,fresh
42577544,42109,78.80,850.15,61.10,0.385,4.155,0.299,banana,fresh
42578555,42110,79.00,850.05,61.15,0.386,4.155,0.299,banana,fresh
42579566,42111,78.90,850.15,61.00,0.386,4.155,0.298,banana,fresh
42580578,42112,79.00,850.25,61.05,0.386,4.156,0.298,banana,fresh
42581588,42113,78.90,850.00,61.00,0.386,4.154,0.298,banana,fresh
42582600,42114,78.85,850.05,61.15,0.385,4.155,0.299,banana,fresh
42583611,42115,78.90,850.20,61.00,0.386,4.155,0.298,banana,fresh
42584622,42116,78.85,850.05,61.05,0.385,4.155,0.298,banana,fresh
42585633,42117,78.80,850.25,61.05,0.385,4.156,0.298,banana,fresh
42586644,42118,78.85,850.05,61.05,0.385,4.155,0.298,banana,fresh
42587656,42119,78.75,850.05,61.10,0.385,4.155,0.299,banana,fresh
42588666,42120,78.85,850.15,61.05,0.385,4.155,0.298,banana,fresh
42589678,42121,78.90,850.10,61.00,0.386,4.155,0.298,banana,fresh
42590689,42122,78.80,850.10,61.05,0.385,4.155,0.298,banana,fresh
42591699,42123,78.90,850.05,61.05,0.386,4.155,0.298,banana,fresh
42592711,42124,78.85,850.00,61.10,0.385,4.154,0.299,banana,fresh
42593722,42125,78.90,850.20,61.10,0.386,4.155,0.299,banana,fresh
42594734,42126,78.85,850.05,61.05,0.385,4.155,0.298,banana,fresh
42595744,42127,78.90,850.20,61.05,0.386,4.155,0.298,banana,fresh
42596756,42128,78.95,850.00,61.00,0.386,4.154,0.298,banana,fresh
42597767,42129,78.95,850.00,61.05,0.386,4.154,0.298,banana,fresh
42598778,42130,78.85,850.25,61.10,0.385,4.156,0.299,banana,fresh
42599789,42131,78.90,850.15,61.00,0.386,4.155,0.298,banana,fresh
42600800,42132,78.85,850.15,61.00,0.385,4.155,0.298,banana,fresh
42601811,42133,78.70,850.30,61.15,0.385,4.156,0.299,banana,fresh
42602822,42134,78.60,850.10,61.10,0.384,4.155,0.299,banana,fresh
42603834,42135,78.80,850.10,61.10,0.385,4.155,0.299,banana,fresh
42604845,42136,78.85,850.20,61.05,0.385,4.155,0.298,banana,fresh
42605856,42137,78.85,850.05,61.05,0.385,4.155,0.298,banana,fresh
42606867,42138,78.75,850.15,61.10,0.385,4.155,0.299,banana,fresh
42607878,42139,78.85,850.10,61.05,0.385,4.155,0.298,banana,fresh
42608889,42140,78.85,850.20,61.10,0.385,4.155,0.299,banana,fresh
42609900,42141,78.85,850.05,61.00,0.385,4.155,0.298,banana,fresh
42610912,42142,78.85,850.05,61.00,0.385,4.155,0.298,banana,fresh
42611922,42143,78.75,850.15,61.05,0.385,4.155,0.298,banana,fresh
42612934,42144,78.80,850.05,61.00,0.385,4.155,0.298,banana,fresh
42613945,42145,78.85,850.05,61.05,0.385,4.155,0.298,banana,fresh
42614956,42146,78.80,850.15,61.00,0.385,4.155,0.298,banana,fresh
42615967,42147,78.80,850.10,61.00,0.385,4.155,0.298,banana,fresh
42616978,42148,78.90,850.05,61.05,0.386,4.155,0.298,banana,fresh
42617990,42149,78.95,850.05,61.10,0.386,4.155,0.299,banana,fresh
42619000,42150,78.75,850.10,61.00,0.385,4.155,0.298,banana,fresh
42620012,42151,78.95,850.10,60.95,0.386,4.155,0.298,banana,fresh
42621023,42152,78.75,850.15,61.05,0.385,4.155,0.298,banana,fresh
42622033,42153,78.85,850.10,61.00,0.385,4.155,0.298,banana,fresh
42623045,42154,78.90,850.10,61.00,0.386,4.155,0.298,banana,fresh
42624056,42155,78.90,850.10,61.00,0.386,4.155,0.298,banana,fresh
42625068,42156,78.80,850.10,61.05,0.385,4.155,0.298,banana,fresh
42626078,42157,78.80,850.25,61.00,0.385,4.156,0.298,banana,fresh
42627090,42158,78.85,850.20,61.00,0.385,4.155,0.298,banana,fresh
42628101,42159,78.95,850.10,61.00,0.386,4.155,0.298,banana,fresh
42629111,42160,78.85,850.10,61.10,0.385,4.155,0.299,banana,fresh
42630123,42161,78.80,850.15,61.05,0.385,4.155,0.298,banana,fresh
42631134,42162,78.85,850.05,61.00,0.385,4.155,0.298,banana,fresh
42632145,42163,78.90,850.05,61.00,0.386,4.155,0.298,banana,fresh
42633156,42164,78.90,850.10,61.05,0.386,4.155,0.298,banana,fresh
42634168,42165,78.80,850.05,61.00,0.385,4.155,0.298,banana,fresh
42635179,42166,79.00,850.00,61.00,0.386,4.154,0.298,banana,fresh
42636190,42167,78.90,850.20,61.15,0.386,4.155,0.299,banana,fresh
42637201,42168,78.80,850.00,61.05,0.385,4.154,0.298,banana,fresh
42638212,42169,78.85,850.10,61.05,0.385,4.155,0.298,banana,fresh
42639223,42170,78.90,850.25,61.00,0.386,4.156,0.298,banana,fresh
42640234,42171,78.95,850.15,61.00,0.386,4.155,0.298,banana,fresh
42641246,42172,78.90,850.10,61.05,0.386,4.155,0.298,banana,fresh
42642256,42173,78.80,850.15,61.05,0.385,4.155,0.298,banana,fresh
42643268,42174,78.80,850.05,61.00,0.385,4.155,0.298,banana,fresh
42644279,42175,78.70,850.15,61.05,0.385,4.155,0.298,banana,fresh
42645289,42176,78.65,850.05,61.05,0.384,4.155,0.298,banana,fresh
42646301,42177,78.85,850.10,61.00,0.385,4.155,0.298,banana,fresh
42647312,42178,78.65,850.15,61.00,0.384,4.155,0.298,banana,fresh
42648324,42179,78.85,850.10,61.10,0.385,4.155,0.299,banana,fresh
42649334,42180,78.75,850.00,61.00,0.385,4.154,0.298,banana,fresh
42650346,42181,78.85,850.10,61.00,0.385,4.155,0.298,banana,fresh
42651357,42182,78.85,850.05,61.00,0.385,4.155,0.298,banana,fresh
42652367,42183,78.75,850.00,61.05,0.385,4.154,0.298,banana,fresh
42653379,42184,78.80,850.05,61.05,0.385,4.155,0.298,banana,fresh
42654390,42185,78.80,850.05,61.10,0.385,4.155,0.299,banana,fresh
42655401,42186,78.55,850.10,61.00,0.384,4.155,0.298,banana,fresh
42656412,42187,78.85,850.00,61.00,0.385,4.154,0.298,banana,fresh
42657423,42188,78.85,850.15,61.00,0.385,4.155,0.298,banana,fresh
42658435,42189,78.80,850.00,61.05,0.385,4.154,0.298,banana,fresh
42659445,42190,78.85,850.25,61.05,0.385,4.156,0.298,banana,fresh
42660457,42191,78.80,850.05,61.00,0.385,4.155,0.298,banana,fresh
42661468,42192,78.70,850.10,61.00,0.385,4.155,0.298,banana,fresh
42662479,42193,78.85,850.10,61.00,0.385,4.155,0.298,banana,fresh
42663490,42194,78.75,850.05,61.05,0.385,4.155,0.298,banana,fresh
42664502,42195,78.80,850.10,61.00,0.385,4.155,0.298,banana,fresh
42665512,42196,78.80,850.10,61.00,0.385,4.155,0.298,banana,fresh
42666523,42197,78.90,850.10,61.05,0.386,4.155,0.298,banana,fresh
42667535,42198,78.95,850.00,61.15,0.386,4.154,0.299,banana,fresh
42668546,42199,78.75,850.00,61.05,0.385,4.154,0.298,banana,fresh
42669557,42200,78.85,850.10,61.00,0.385,4.155,0.298,banana,fresh
42670568,42201,79.00,850.05,61.00,0.386,4.155,0.298,banana,fresh
42671580,42202,78.60,850.05,61.05,0.384,4.155,0.298,banana,fresh
42672590,42203,78.80,850.10,61.00,0.385,4.155,0.298,banana,fresh
42673601,42204,78.80,850.05,61.05,0.385,4.155,0.298,banana,fresh
42674613,42205,78.70,850.05,61.00,0.385,4.155,0.298,banana,fresh
42675623,42206,78.90,850.10,61.00,0.386,4.155,0.298,banana,fresh
42676635,42207,78.70,850.00,61.05,0.385,4.154,0.298,banana,fresh
42677646,42208,78.90,850.15,61.05,0.386,4.155,0.298,banana,fresh
42678658,42209,78.75,850.15,61.00,0.385,4.155,0.298,banana,fresh
42679668,42210,78.70,850.20,61.00,0.385,4.155,0.298,banana,fresh
42680679,42211,78.80,850.15,61.00,0.385,4.155,0.298,banana,fresh
42681691,42212,78.65,850.00,61.05,0.384,4.154,0.298,banana,fresh
42682701,42213,78.75,850.00,61.05,0.385,4.154,0.298,banana,fresh
42683713,42214,78.70,850.05,61.00,0.385,4.155,0.298,banana,fresh
42684724,42215,78.60,850.00,61.05,0.384,4.154,0.298,banana,fresh
42685735,42216,78.65,850.10,61.15,0.384,4.155,0.299,banana,fresh
42686746,42217,78.90,850.05,61.00,0.386,4.155,0.298,banana,fresh
42687757,42218,78.70,850.00,61.15,0.385,4.154,0.299,banana,fresh
42688769,42219,78.80,850.10,61.10,0.385,4.155,0.299,banana,fresh
42689779,42220,78.75,850.15,61.00,0.385,4.155,0.298,banana,fresh
42690791,42221,78.80,850.10,61.00,0.385,4.155,0.298,banana,fresh
42691802,42222,78.75,850.00,61.00,0.385,4.154,0.298,banana,fresh
42692813,42223,78.60,850.20,61.05,0.384,4.155,0.298,banana,fresh
42693824,42224,78.75,850.10,61.05,0.385,4.155,0.298,banana,fresh
42694835,42225,78.70,850.00,61.00,0.385,4.154,0.298,banana,fresh
42695846,42226,78.60,850.05,61.00,0.384,4.155,0.298,banana,fresh
42696857,42227,78.85,850.10,61.00,0.385,4.155,0.298,banana,fresh
42697869,42228,78.75,850.05,60.95,0.385,4.155,0.298,banana,fresh
42698880,42229,78.75,850.20,61.05,0.385,4.155,0.298,banana,fresh
42699891,42230,78.75,850.15,61.05,0.385,4.155,0.298,banana,fresh
42700902,42231,78.65,850.05,61.05,0.384,4.155,0.298,banana,fresh
42701913,42232,78.70,850.05,61.05,0.385,4.155,0.298,banana,fresh
42702924,42233,78.80,850.00,61.00,0.385,4.154,0.298,banana,fresh
42703935,42234,78.80,850.00,61.05,0.385,4.154,0.298,banana,fresh
42704947,42235,78.60,850.05,61.00,0.384,4.155,0.298,banana,fresh
42705957,42236,78.80,850.00,61.05,0.385,4.154,0.298,banana,fresh
42706969,42237,78.85,850.20,61.05,0.385,4.155,0.298,banana,fresh
42707980,42238,78.70,850.00,61.00,0.385,4.154,0.298,banana,fresh
42708990,42239,78.70,850.10,61.05,0.385,4.155,0.298,banana,fresh
42710002,42240,78.75,850.05,61.00,0.385,4.155,0.298,banana,fresh
42711013,42241,78.90,850.10,61.00,0.386,4.155,0.298,banana,fresh
42712025,42242,78.70,850.20,60.95,0.385,4.155,0.298,banana,fresh
42713035,42243,78.80,850.10,61.05,0.385,4.155,0.298,banana,fresh
42714047,42244,78.65,850.10,61.10,0.384,4.155,0.299,banana,fresh
42715058,42245,78.60,850.10,61.10,0.384,4.155,0.299,banana,fresh
42716068,42246,78.75,850.10,61.00,0.385,4.155,0.298,banana,fresh
42717080,42247,78.70,850.10,61.05,0.385,4.155,0.298,banana,fresh
42718091,42248,78.60,850.10,61.05,0.384,4.155,0.298,banana,fresh
42719102,42249,78.55,850.15,61.00,0.384,4.155,0.298,banana,fresh
42720113,42250,78.65,850.15,61.00,0.384,4.155,0.298,banana,fresh
42721125,42251,78.85,850.05,61.00,0.385,4.155,0.298,banana,fresh
42722136,42252,78.70,850.05,61.00,0.385,4.155,0.298,banana,fresh
42723146,42253,78.70,850.05,61.00,0.385,4.155,0.298,banana,fresh
42724158,42254,78.75,850.05,60.95,0.385,4.155,0.298,banana,fresh
42725169,42255,78.70,850.05,61.00,0.385,4.155,0.298,banana,fresh
42726180,42256,78.75,850.05,61.00,0.385,4.155,0.298,banana,fresh
42727191,42257,78.80,850.05,61.00,0.385,4.155,0.298,banana,fresh
42728203,42258,78.60,850.00,61.00,0.384,4.154,0.298,banana,fresh
42729213,42259,78.85,850.10,61.10,0.385,4.155,0.299,banana,fresh
42730225,42260,78.75,850.10,61.00,0.385,4.155,0.298,banana,fresh
42731236,42261,78.75,850.00,61.00,0.385,4.154,0.298,banana,fresh
42732247,42262,78.80,850.00,61.00,0.385,4.154,0.298,banana,fresh
42733258,42263,78.75,850.05,61.05,0.385,4.155,0.298,banana,fresh
42734269,42264,78.75,850.05,61.05,0.385,4.155,0.298,banana,fresh
42735281,42265,78.75,850.05,61.00,0.385,4.155,0.298,banana,fresh
42736291,42266,78.65,850.05,61.00,0.384,4.155,0.298,banana,fresh
42737303,42267,78.60,850.10,61.05,0.384,4.155,0.298,banana,fresh
42738314,42268,78.75,850.15,61.05,0.385,4.155,0.298,banana,fresh
42739324,42269,78.50,850.05,61.00,0.384,4.155,0.298,banana,fresh
42740336,42270,78.60,850.10,61.05,0.384,4.155,0.298,banana,fresh
42741347,42271,78.75,850.10,61.00,0.385,4.155,0.298,banana,fresh
42742359,42272,78.80,850.10,61.00,0.385,4.155,0.298,banana,fresh
42743369,42273,78.55,850.00,61.00,0.384,4.154,0.298,banana,fresh
42744381,42274,78.65,850.00,61.00,0.384,4.154,0.298,banana,fresh
42745392,42275,78.70,850.05,61.00,0.385,4.155,0.298,banana,fresh
42746402,42276,78.90,850.10,61.00,0.386,4.155,0.298,banana,fresh
42747414,42277,78.80,850.00,61.00,0.385,4.154,0.298,banana,fresh
42748425,42278,78.65,850.05,61.00,0.384,4.155,0.298,banana,fresh
42749436,42279,78.60,850.00,61.00,0.384,4.154,0.298,banana,fresh
42750447,42280,78.50,850.00,61.05,0.384,4.154,0.298,banana,fresh
42751459,42281,78.90,850.00,61.00,0.386,4.154,0.298,banana,fresh
42752470,42282,78.80,850.05,61.00,0.385,4.155,0.298,banana,fresh
42753480,42283,78.60,850.00,61.00,0.384,4.154,0.298,banana,fresh
42754492,42284,78.70,850.15,61.05,0.385,4.155,0.298,banana,fresh
42755503,42285,78.85,850.05,61.00,0.385,4.155,0.298,banana,fresh
42756514,42286,78.65,850.00,61.00,0.384,4.154,0.298,banana,fresh
42757525,42287,78.65,850.05,61.05,0.384,4.155,0.298,banana,fresh
42758537,42288,78.65,850.05,61.00,0.384,4.155,0.298,banana,fresh
42759547,42289,78.65,850.10,61.00,0.384,4.155,0.298,banana,fresh
42760558,42290,78.65,850.05,61.00,0.384,4.155,0.298,banana,fresh
42761570,42291,78.80,850.05,60.95,0.385,4.155,0.298,banana,fresh
42762580,42292,78.45,850.15,61.00,0.383,4.155,0.298,banana,fresh
42763592,42293,78.70,850.10,61.00,0.385,4.155,0.298,banana,fresh
42764603,42294,78.85,850.05,61.00,0.385,4.155,0.298,banana,fresh
42765615,42295,78.60,850.00,61.05,0.384,4.154,0.298,banana,fresh
42766625,42296,78.65,850.05,61.00,0.384,4.155,0.298,banana,fresh
42767636,42297,78.60,850.05,61.00,0.384,4.155,0.298,banana,fresh
42768648,42298,78.60,850.00,61.00,0.384,4.154,0.298,banana,fresh
42769658,42299,78.65,850.00,61.00,0.384,4.154,0.298,banana,fresh
42770670,42300,78.75,850.00,61.05,0.385,4.154,0.298,banana,fresh
42771681,42301,78.70,850.00,61.10,0.385,4.154,0.299,banana,fresh
42772692,42302,78.60,850.00,61.00,0.384,4.154,0.298,banana,fresh
42773703,42303,78.65,850.00,61.15,0.384,4.154,0.299,banana,fresh
42774714,42304,78.75,850.05,61.00,0.385,4.155,0.298,banana,fresh
42775726,42305,78.60,850.00,61.00,0.384,4.154,0.298,banana,fresh
42776736,42306,78.60,850.05,61.00,0.384,4.155,0.298,banana,fresh
42777748,42307,78.70,850.05,61.00,0.385,4.155,0.298,banana,fresh
42778759,42308,78.65,850.05,61.00,0.384,4.155,0.298,banana,fresh
42779769,42309,78.50,850.00,61.05,0.384,4.154,0.298,banana,fresh
42780781,42310,78.70,850.00,61.00,0.385,4.154,0.298,banana,fresh
42781792,42311,78.75,850.00,61.05,0.385,4.154,0.298,banana,fresh
42782803,42312,78.75,850.00,61.05,0.385,4.154,0.298,banana,fresh
42783814,42313,78.65,850.00,61.00,0.384,4.154,0.298,banana,fresh
42784826,42314,78.45,850.00,61.00,0.383,4.154,0.298,banana,fresh
42785837,42315,78.75,850.00,61.00,0.385,4.154,0.298,banana,fresh
42786847,42316,78.60,850.00,61.00,0.384,4.154,0.298,banana,fresh
42787859,42317,78.80,850.00,61.00,0.385,4.154,0.298,banana,fresh
42788870,42318,78.70,850.05,61.00,0.385,4.155,0.298,banana,fresh
42789881,42319,78.70,850.00,60.95,0.385,4.154,0.298,banana,fresh
42790892,42320,78.50,850.00,61.00,0.384,4.154,0.298,banana,fresh
42791904,42321,78.65,850.00,61.00,0.384,4.154,0.298,banana,fresh
42792914,42322,78.60,850.00,61.00,0.384,4.154,0.298,banana,fresh
42793925,42323,78.55,850.00,61.05,0.384,4.154,0.298,banana,fresh
42794937,42324,78.70,850.00,61.00,0.385,4.154,0.298,banana,fresh
42795948,42325,78.55,850.00,61.00,0.384,4.154,0.298,banana,fresh
42796959,42326,78.75,850.00,61.00,0.385,4.154,0.298,banana,fresh
42797970,42327,78.60,850.05,61.00,0.384,4.155,0.298,banana,fresh
42798982,42328,78.75,850.05,61.00,0.385,4.155,0.298,banana,fresh
42799992,42329,78.60,850.00,61.00,0.384,4.154,0.298,banana,fresh
42801003,42330,78.50,850.05,61.00,0.384,4.155,0.298,banana,fresh
42802015,42331,78.65,850.00,61.05,0.384,4.154,0.298,banana,fresh
42803025,42332,78.65,850.10,61.00,0.384,4.155,0.298,banana,fresh
42804037,42333,78.70,850.00,61.00,0.385,4.154,0.298,banana,fresh
42805048,42334,78.80,850.00,61.05,0.385,4.154,0.298,banana,fresh
42806059,42335,78.50,850.00,61.05,0.384,4.154,0.298,banana,fresh
42807070,42336,78.60,850.00,61.00,0.384,4.154,0.298,banana,fresh
42808081,42337,78.70,850.00,61.00,0.385,4.154,0.298,banana,fresh
42809093,42338,78.50,850.00,60.95,0.384,4.154,0.298,banana,fresh
42810103,42339,78.60,850.00,61.00,0.384,4.154,0.298,banana,fresh
42811115,42340,78.55,850.05,61.00,0.384,4.155,0.298,banana,fresh
42812126,42341,78.55,850.00,61.00,0.384,4.154,0.298,banana,fresh
42813136,42342,78.80,850.00,60.95,0.385,4.154,0.298,banana,fresh
42814148,42343,78.60,850.10,61.05,0.384,4.155,0.298,banana,fresh
42815159,42344,78.70,850.00,61.00,0.385,4.154,0.298,banana,fresh
42816171,42345,78.65,850.05,60.95,0.384,4.155,0.298,banana,fresh
42817181,42346,78.65,850.00,61.00,0.384,4.154,0.298,banana,fresh
42818193,42347,78.60,850.00,61.00,0.384,4.154,0.298,banana,fresh
42819204,42348,78.50,849.95,60.95,0.384,4.154,0.298,banana,fresh
42820214,42349,78.55,850.00,61.00,0.384,4.154,0.298,banana,fresh
42821226,42350,78.75,850.05,61.00,0.385,4.155,0.298,banana,fresh
42822237,42351,78.65,850.00,61.00,0.384,4.154,0.298,banana,fresh
42823248,42352,78.55,850.00,61.00,0.384,4.154,0.298,banana,fresh
42824259,42353,78.55,850.05,61.00,0.384,4.155,0.298,banana,fresh
42825271,42354,78.65,850.05,61.00,0.384,4.155,0.298,banana,fresh
42826281,42355,78.55,850.00,61.00,0.384,4.154,0.298,banana,fresh
42827292,42356,78.40,850.00,61.00,0.383,4.154,0.298,banana,fresh
42828304,42357,78.55,850.10,61.00,0.384,4.155,0.298,banana,fresh
42829315,42358,78.55,850.10,60.95,0.384,4.155,0.298,banana,fresh
42830326,42359,78.80,850.00,61.00,0.385,4.154,0.298,banana,fresh
42831337,42360,78.75,850.10,61.00,0.385,4.155,0.298,banana,fresh
42832349,42361,78.45,850.00,61.05,0.383,4.154,0.298,banana,fresh
42833359,42362,78.70,850.00,61.00,0.385,4.154,0.298,banana,fresh
42834370,42363,78.60,850.00,61.00,0.384,4.154,0.298,banana,fresh
42835382,42364,78.60,850.00,61.00,0.384,4.154,0.298,banana,fresh
42836392,42365,78.65,850.00,61.05,0.384,4.154,0.298,banana,fresh
42837404,42366,78.60,850.00,61.00,0.384,4.154,0.298,banana,fresh
42838415,42367,78.70,850.00,61.00,0.385,4.154,0.298,banana,fresh
42839426,42368,78.45,850.00,61.00,0.383,4.154,0.298,banana,fresh
42840437,42369,78.60,850.00,61.00,0.384,4.154,0.298,banana,fresh
42841448,42370,78.70,850.00,61.00,0.385,4.154,0.298,banana,fresh
42842460,42371,78.70,850.05,61.05,0.385,4.155,0.298,banana,fresh
42843470,42372,78.50,850.00,61.00,0.384,4.154,0.298,banana,fresh
42844482,42373,78.65,850.10,61.00,0.384,4.155,0.298,banana,fresh
42845493,42374,78.55,849.95,61.00,0.384,4.154,0.298,banana,fresh
42846503,42375,78.60,850.00,60.95,0.384,4.154,0.298,banana,fresh
42847515,42376,78.50,850.00,61.00,0.384,4.154,0.298,banana,fresh
42848526,42377,78.65,850.00,61.00,0.384,4.154,0.298,banana,fresh
42849538,42378,78.45,850.00,61.00,0.383,4.154,0.298,banana,fresh
42850548,42379,78.50,850.05,61.00,0.384,4.155,0.298,banana,fresh
42851560,42380,78.60,850.15,60.95,0.384,4.155,0.298,banana,fresh
42852571,42381,78.50,850.00,61.05,0.384,4.154,0.298,banana,fresh
42853581,42382,78.65,850.05,60.95,0.384,4.155,0.298,banana,fresh
42854593,42383,78.55,850.00,61.00,0.384,4.154,0.298,banana,fresh
42855604,42384,78.65,850.00,61.00,0.384,4.154,0.298,banana,fresh
42856615,42385,78.65,850.00,61.00,0.384,4.154,0.298,banana,fresh
42857626,42386,78.65,850.05,61.05,0.384,4.155,0.298,banana,fresh
42858638,42387,78.70,850.10,60.95,0.385,4.155,0.298,banana,fresh
42859649,42388,78.35,850.00,61.00,0.383,4.154,0.298,banana,fresh
42860659,42389,78.50,850.00,61.00,0.384,4.154,0.298,banana,fresh
42861671,42390,78.50,850.00,61.05,0.384,4.154,0.298,banana,fresh
42862682,42391,78.50,850.00,61.00,0.384,4.154,0.298,banana,fresh
42863693,42392,78.45,850.00,60.95,0.383,4.154,0.298,banana,fresh
42864704,42393,78.60,850.10,61.00,0.384,4.155,0.298,banana,fresh
42865716,42394,78.55,850.10,60.95,0.384,4.155,0.298,banana,fresh
42866726,42395,78.60,850.00,61.00,0.384,4.154,0.298,banana,fresh
42867737,42396,78.50,850.00,61.00,0.384,4.154,0.298,banana,fresh
42868749,42397,78.60,850.05,61.00,0.384,4.155,0.298,banana,fresh
42869760,42398,78.55,850.00,61.00,0.384,4.154,0.298,banana,fresh
42870771,42399,78.75,850.00,61.00,0.385,4.154,0.298,banana,fresh
42871782,42400,78.65,850.00,61.00,0.384,4.154,0.298,banana,fresh
42872794,42401,78.45,850.00,61.00,0.383,4.154,0.298,banana,fresh
42873804,42402,78.40,850.00,61.00,0.383,4.154,0.298,banana,fresh
42874815,42403,78.70,850.00,61.00,0.385,4.154,0.298,banana,fresh
42875827,42404,78.45,850.05,61.10,0.383,4.155,0.299,banana,fresh
42876837,42405,78.55,850.05,61.00,0.384,4.155,0.298,banana,fresh
42877849,42406,78.55,850.05,61.00,0.384,4.155,0.298,banana,fresh
42878860,42407,78.50,850.00,60.90,0.384,4.154,0.298,banana,fresh
42879872,42408,78.50,850.05,61.00,0.384,4.155,0.298,banana,fresh
42880882,42409,78.50,850.00,60.95,0.384,4.154,0.298,banana,fresh
42881893,42410,78.55,850.05,60.95,0.384,4.155,0.298,banana,fresh
42882905,42411,78.55,850.00,60.95,0.384,4.154,0.298,banana,fresh
42883915,42412,78.65,850.00,61.00,0.384,4.154,0.298,banana,fresh
42884927,42413,78.45,850.00,61.05,0.383,4.154,0.298,banana,fresh
42885938,42414,78.45,850.00,61.00,0.383,4.154,0.298,banana,fresh
42886949,42415,78.30,850.00,61.00,0.383,4.154,0.298,banana,fresh
42887960,42416,78.75,850.00,61.00,0.385,4.154,0.298,banana,fresh
42888971,42417,78.50,850.05,60.95,0.384,4.155,0.298,banana,fresh
42889982,42418,78.55,850.00,61.00,0.384,4.154,0.298,banana,fresh
42890993,42419,78.60,850.05,60.95,0.384,4.155,0.298,banana,fresh
42892005,42420,78.55,850.00,61.00,0.384,4.154,0.298,banana,fresh
42893016,42421,78.55,850.00,61.05,0.384,4.154,0.298,banana,fresh
42894026,42422,78.75,850.00,60.95,0.385,4.154,0.298,banana,fresh
42895038,42423,78.45,850.05,60.95,0.383,4.155,0.298,banana,fresh
42896049,42424,78.60,850.00,61.00,0.384,4.154,0.298,banana,fresh
42897060,42425,78.50,850.00,60.90,0.384,4.154,0.298,banana,fresh
42898071,42426,78.55,850.00,61.00,0.384,4.154,0.298,banana,fresh
42899083,42427,78.55,850.00,61.00,0.384,4.154,0.298,banana,fresh
42900093,42428,78.50,850.00,61.00,0.384,4.154,0.298,banana,fresh
42901104,42429,78.55,850.00,61.00,0.384,4.154,0.298,banana,fresh
42902116,42430,78.30,850.00,61.00,0.383,4.154,0.298,banana,fresh
42903127,42431,78.40,850.00,60.95,0.383,4.154,0.298,banana,fresh
42904138,42432,78.55,850.00,61.00,0.384,4.154,0.298,banana,fresh
42905149,42433,78.45,850.05,61.00,0.383,4.155,0.298,banana,fresh
42906161,42434,78.60,850.00,61.05,0.384,4.154,0.298,banana,fresh
42907171,42435,78.55,850.00,61.00,0.384,4.154,0.298,banana,fresh
42908182,42436,78.45,850.00,60.95,0.383,4.154,0.298,banana,fresh
42909194,42437,78.30,850.00,60.95,0.383,4.154,0.298,banana,fresh
42910204,42438,78.35,850.00,61.00,0.383,4.154,0.298,banana,fresh
42911216,42439,78.35,850.05,60.95,0.383,4.155,0.298,banana,fresh
42912227,42440,78.50,850.00,61.00,0.384,4.154,0.298,banana,fresh
42913239,42441,78.35,850.00,61.00,0.383,4.154,0.298,banana,fresh
42914249,42442,78.45,850.00,61.00,0.383,4.154,0.298,banana,fresh
42915260,42443,78.50,850.05,61.00,0.384,4.155,0.298,banana,fresh
42916272,42444,78.30,850.00,61.00,0.383,4.154,0.298,banana,fresh
42917282,42445,78.30,850.05,61.00,0.383,4.155,0.298,banana,fresh
42918294,42446,78.45,850.05,61.00,0.383,4.155,0.298,banana,fresh
42919305,42447,78.40,850.00,61.00,0.383,4.154,0.298,banana,fresh
42920316,42448,78.40,850.00,61.00,0.383,4.154,0.298,banana,fresh
42921327,42449,78.50,850.00,60.95,0.384,4.154,0.298,banana,fresh
42922338,42450,78.60,850.00,61.00,0.384,4.154,0.298,banana,fresh
42923350,42451,78.45,850.00,60.90,0.383,4.154,0.298,banana,fresh
42924360,42452,78.45,850.00,61.00,0.383,4.154,0.298,banana,fresh
42925372,42453,78.65,850.00,61.00,0.384,4.154,0.298,banana,fresh
42926383,42454,78.50,850.00,60.95,0.384,4.154,0.298,banana,fresh
42927393,42455,78.40,850.00,61.00,0.383,4.154,0.298,banana,fresh
42928405,42456,78.55,850.00,60.85,0.384,4.154,0.297,banana,fresh
42929416,42457,78.50,850.00,61.00,0.384,4.154,0.298,banana,fresh
42930427,42458,78.50,850.00,60.95,0.384,4.154,0.298,banana,fresh
42931438,42459,78.35,850.00,61.00,0.383,4.154,0.298,banana,fresh
42932450,42460,78.45,850.00,61.00,0.383,4.154,0.298,banana,fresh
42933460,42461,78.35,850.00,60.95,0.383,4.154,0.298,banana,fresh
42934471,42462,78.40,850.00,60.95,0.383,4.154,0.298,banana,fresh
42935483,42463,78.45,850.00,61.00,0.383,4.154,0.298,banana,fresh
42936494,42464,78.35,850.00,61.00,0.383,4.154,0.298,banana,fresh
42937505,42465,78.40,850.05,61.00,0.383,4.155,0.298,banana,fresh
42938516,42466,78.25,850.00,60.95,0.382,4.154,0.298,banana,fresh
42939528,42467,78.50,850.00,61.00,0.384,4.154,0.298,banana,fresh
42940538,42468,78.50,850.00,60.95,0.384,4.154,0.298,banana,fresh
42941549,42469,78.45,850.00,60.95,0.383,4.154,0.298,banana,fresh
42942561,42470,78.40,850.00,61.00,0.383,4.154,0.298,banana,fresh
42943571,42471,78.40,850.00,61.00,0.383,4.154,0.298,banana,fresh
42944583,42472,78.50,850.00,60.95,0.384,4.154,0.298,banana,fresh
42945594,42473,78.65,850.00,61.00,0.384,4.154,0.298,banana,fresh
42946605,42474,78.35,850.00,61.00,0.383,4.154,0.298,banana,fresh
42947616,42475,78.50,850.00,61.00,0.384,4.154,0.298,banana,fresh
42948627,42476,78.45,850.00,61.00,0.383,4.154,0.298,banana,fresh
42949639,42477,78.55,850.00,61.00,0.384,4.154,0.298,banana,fresh
42950649,42478,78.25,850.00,60.90,0.382,4.154,0.298,banana,fresh
42951661,42479,78.50,850.00,61.00,0.384,4.154,0.298,banana,fresh
42952672,42480,78.40,850.05,61.00,0.383,4.155,0.298,banana,fresh
42953682,42481,78.35,850.00,61.00,0.383,4.154,0.298,banana,fresh
42954694,42482,78.45,850.00,61.00,0.383,4.154,0.298,banana,fresh
42955705,42483,78.45,850.05,61.00,0.383,4.155,0.298,banana,fresh
42956717,42484,78.30,850.00,61.00,0.383,4.154,0.298,banana,fresh
42957727,42485,78.40,850.05,61.00,0.383,4.155,0.298,banana,fresh
42958739,42486,78.45,850.05,61.00,0.383,4.155,0.298,banana,fresh
42959750,42487,78.55,850.00,61.00,0.384,4.154,0.298,banana,fresh
42960760,42488,78.30,850.00,61.00,0.383,4.154,0.298,banana,fresh
42961772,42489,78.40,850.05,60.95,0.383,4.155,0.298,banana,fresh
42962783,42490,78.30,850.00,60.95,0.383,4.154,0.298,banana,fresh
42963794,42491,78.50,850.00,61.00,0.384,4.154,0.298,banana,fresh
42964805,42492,78.55,850.00,60.85,0.384,4.154,0.297,banana,fresh
42965817,42493,78.60,850.00,61.00,0.384,4.154,0.298,banana,fresh
42966828,42494,78.50,850.00,60.95,0.384,4.154,0.298,banana,fresh
42967838,42495,78.25,850.00,60.90,0.382,4.154,0.298,banana,fresh
42968850,42496,78.45,850.05,61.00,0.383,4.155,0.298,banana,fresh
42969861,42497,78.55,850.00,61.00,0.384,4.154,0.298,banana,fresh
42970872,42498,78.40,850.00,60.95,0.383,4.154,0.298,banana,fresh
42971883,42499,78.50,850.00,60.95,0.384,4.154,0.298,banana,fresh
42972895,42500,78.30,849.95,60.95,0.383,4.154,0.298,banana,fresh
42973905,42501,78.45,850.00,60.95,0.383,4.154,0.298,banana,fresh
42974916,42502,78.25,850.00,60.95,0.382,4.154,0.298,banana,fresh
42975928,42503,78.40,850.00,61.00,0.383,4.154,0.298,banana,fresh
42976939,42504,78.50,849.95,60.95,0.384,4.154,0.298,banana,fresh
42977950,42505,78.35,850.00,61.00,0.383,4.154,0.298,banana,fresh
42978961,42506,78.30,850.00,61.00,0.383,4.154,0.298,banana,fresh
42979973,42507,78.45,850.00,60.95,0.383,4.154,0.298,banana,fresh
42980983,42508,78.50,850.00,60.95,0.384,4.154,0.298,banana,fresh
42981994,42509,78.25,850.05,60.95,0.382,4.155,0.298,banana,fresh
42983006,42510,78.30,850.00,60.90,0.383,4.154,0.298,banana,fresh
42984016,42511,78.35,850.00,61.00,0.383,4.154,0.298,banana,fresh
42985028,42512,78.50,850.05,60.95,0.384,4.155,0.298,banana,fresh
42986039,42513,78.40,850.05,60.95,0.383,4.155,0.298,banana,fresh
42987051,42514,78.45,850.10,60.95,0.383,4.155,0.298,banana,fresh
42988061,42515,78.45,849.95,60.95,0.383,4.154,0.298,banana,fresh
42989072,42516,78.45,850.00,61.00,0.383,4.154,0.298,banana,fresh
42990084,42517,78.40,850.00,61.00,0.383,4.154,0.298,banana,fresh
42991094,42518,78.40,850.00,60.95,0.383,4.154,0.298,banana,fresh
42992106,42519,78.35,850.00,60.95,0.383,4.154,0.298,banana,fresh
42993117,42520,78.35,850.00,60.95,0.383,4.154,0.298,banana,fresh
42994128,42521,78.40,850.00,61.00,0.383,4.154,0.298,banana,fresh
42995139,42522,78.25,850.00,61.00,0.382,4.154,0.298,banana,fresh
42996150,42523,78.45,850.00,60.95,0.383,4.154,0.298,banana,fresh
42997161,42524,78.45,849.95,61.00,0.383,4.154,0.298,banana,fresh
42998172,42525,78.45,849.95,61.05,0.383,4.154,0.298,banana,fresh
42999184,42526,78.35,850.00,60.85,0.383,4.154,0.297,banana,fresh
43000195,42527,78.25,849.95,60.95,0.382,4.154,0.298,banana,fresh
43001206,42528,78.40,849.95,61.00,0.383,4.154,0.298,banana,fresh
43002217,42529,78.30,850.00,61.00,0.383,4.154,0.298,banana,fresh
43003228,42530,78.55,850.00,60.95,0.384,4.154,0.298,banana,fresh
43004239,42531,78.35,850.00,60.90,0.383,4.154,0.298,banana,fresh
43005250,42532,78.25,850.00,61.00,0.382,4.154,0.298,banana,fresh
43006262,42533,78.45,850.00,60.95,0.383,4.154,0.298,banana,fresh
43007272,42534,78.25,850.00,61.00,0.382,4.154,0.298,banana,fresh
43008284,42535,78.35,849.95,61.00,0.383,4.154,0.298,banana,fresh
43009295,42536,78.30,850.00,60.90,0.383,4.154,0.298,banana,fresh
43010306,42537,78.25,850.00,60.95,0.382,4.154,0.298,banana,fresh
43011317,42538,78.25,850.00,61.00,0.382,4.154,0.298,banana,fresh
43012328,42539,78.35,850.00,60.95,0.383,4.154,0.298,banana,fresh
43013340,42540,78.20,850.00,60.95,0.382,4.154,0.298,banana,fresh
43014350,42541,78.30,849.95,60.90,0.383,4.154,0.298,banana,fresh
43015362,42542,78.35,850.00,61.00,0.383,4.154,0.298,banana,fresh
43016373,42543,78.55,850.00,61.00,0.384,4.154,0.298,banana,fresh
43017383,42544,78.10,850.00,60.95,0.382,4.154,0.298,banana,fresh
43018395,42545,78.50,850.00,60.95,0.384,4.154,0.298,banana,fresh
43019406,42546,78.40,849.95,60.95,0.383,4.154,0.298,banana,fresh
43020418,42547,78.20,850.00,60.95,0.382,4.154,0.298,banana,fresh
43021428,42548,78.25,849.95,60.95,0.382,4.154,0.298,banana,fresh
43022440,42549,78.45,849.95,60.90,0.383,4.154,0.298,banana,fresh
43023451,42550,78.35,850.00,61.00,0.383,4.154,0.298,banana,fresh
43024461,42551,78.40,850.00,60.90,0.383,4.154,0.298,banana,fresh
43025473,42552,78.20,849.95,60.90,0.382,4.154,0.298,banana,fresh
43026484,42553,78.30,850.00,61.00,0.383,4.154,0.298,banana,fresh
43027495,42554,78.30,850.00,61.00,0.383,4.154,0.298,banana,fresh
43028506,42555,78.50,850.00,61.00,0.384,4.154,0.298,banana,fresh
43029518,42556,78.40,849.95,61.00,0.383,4.154,0.298,banana,fresh
43030529,42557,78.40,850.00,61.00,0.383,4.154,0.298,banana,fresh
43031539,42558,78.40,850.00,60.95,0.383,4.154,0.298,banana,fresh
43032551,42559,78.35,850.00,60.95,0.383,4.154,0.298,banana,fresh
43033562,42560,78.35,850.00,60.95,0.383,4.154,0.298,banana,fresh
43034573,42561,78.35,849.95,61.00,0.383,4.154,0.298,banana,fresh
43035584,42562,78.30,849.85,61.00,0.383,4.154,0.298,banana,fresh
43036596,42563,78.40,850.00,60.95,0.383,4.154,0.298,banana,fresh
43037606,42564,78.15,849.95,60.95,0.382,4.154,0.298,banana,fresh
43038617,42565,78.25,850.00,61.00,0.382,4.154,0.298,banana,fresh
43039629,42566,78.35,850.00,60.95,0.383,4.154,0.298,banana,fresh
43040640,42567,78.30,850.00,60.95,0.383,4.154,0.298,banana,fresh
43041651,42568,78.25,849.95,61.00,0.382,4.154,0.298,banana,fresh
43042662,42569,78.30,850.05,61.00,0.383,4.155,0.298,banana,fresh
43043674,42570,78.45,850.00,61.00,0.383,4.154,0.298,banana,fresh
43044684,42571,78.45,850.00,60.95,0.383,4.154,0.298,banana,fresh
43045695,42572,78.25,850.00,60.90,0.382,4.154,0.298,banana,fresh
43046707,42573,78.50,850.00,60.90,0.384,4.154,0.298,banana,fresh
43047717,42574,78.25,849.95,60.90,0.382,4.154,0.298,banana,fresh
43048729,42575,78.25,850.00,61.00,0.382,4.154,0.298,banana,fresh
43049740,42576,78.20,850.05,61.00,0.382,4.155,0.298,banana,fresh
43050752,42577,78.30,850.00,61.00,0.383,4.154,0.298,banana,fresh
43051762,42578,78.40,850.00,60.95,0.383,4.154,0.298,banana,fresh
43052773,42579,78.40,849.95,61.00,0.383,4.154,0.298,banana,fresh
43053785,42580,78.40,850.00,61.00,0.383,4.154,0.298,banana,fresh
43054795,42581,78.35,850.00,60.95,0.383,4.154,0.298,banana,fresh
43055807,42582,78.35,850.05,60.95,0.383,4.155,0.298,banana,fresh
43056818,42583,78.40,850.00,60.90,0.383,4.154,0.298,banana,fresh
43057829,42584,78.40,850.00,61.00,0.383,4.154,0.298,banana,fresh
43058840,42585,78.30,849.95,61.00,0.383,4.154,0.298,banana,fresh
43059851,42586,78.30,850.00,60.95,0.383,4.154,0.298,banana,fresh
43060862,42587,78.45,849.95,61.00,0.383,4.154,0.298,banana,fresh
43061873,42588,78.40,849.95,60.90,0.383,4.154,0.298,banana,fresh
43062885,42589,78.60,849.95,61.00,0.384,4.154,0.298,banana,fresh
43063896,42590,78.25,850.00,61.00,0.382,4.154,0.298,banana,fresh
43064906,42591,78.25,850.00,60.90,0.382,4.154,0.298,banana,fresh
43065918,42592,78.40,850.00,60.95,0.383,4.154,0.298,banana,fresh
43066929,42593,78.40,850.00,61.00,0.383,4.154,0.298,banana,fresh
43067940,42594,78.30,849.95,61.00,0.383,4.154,0.298,banana,fresh
43068951,42595,78.40,850.00,60.85,0.383,4.154,0.297,banana,fresh
43069963,42596,78.35,850.00,60.95,0.383,4.154,0.298,banana,fresh
43070973,42597,78.45,849.95,61.00,0.383,4.154,0.298,banana,fresh
43071984,42598,78.55,850.00,61.00,0.384,4.154,0.298,banana,fresh
43072996,42599,78.30,850.00,61.00,0.383,4.154,0.298,banana,fresh
43074007,42600,78.50,849.95,61.00,0.384,4.154,0.298,banana,fresh
43075018,42601,78.50,849.90,61.00,0.384,4.154,0.298,banana,fresh
43076029,42602,78.25,850.00,60.95,0.382,4.154,0.298,banana,fresh
43077041,42603,78.45,849.95,60.85,0.383,4.154,0.297,banana,fresh
43078051,42604,78.50,850.00,60.95,0.384,4.154,0.298,banana,fresh
43079062,42605,78.40,850.00,61.00,0.383,4.154,0.298,banana,fresh
43080074,42606,78.30,850.00,60.90,0.383,4.154,0.298,banana,fresh
43081084,42607,78.40,849.95,61.05,0.383,4.154,0.298,banana,fresh
43082096,42608,78.30,850.00,61.00,0.383,4.154,0.298,banana,fresh
43083107,42609,78.15,849.95,61.00,0.382,4.154,0.298,banana,fresh
43084119,42610,78.30,850.00,60.95,0.383,4.154,0.298,banana,fresh
43085129,42611,78.35,850.00,60.95,0.383,4.154,0.298,banana,fresh
43086140,42612,78.45,850.00,60.90,0.383,4.154,0.298,banana,fresh
43087152,42613,78.60,850.00,60.95,0.384,4.154,0.298,banana,fresh
43088162,42614,78.45,850.00,61.00,0.383,4.154,0.298,banana,fresh
43089174,42615,78.30,850.00,61.00,0.383,4.154,0.298,banana,fresh
43090185,42616,78.35,849.95,61.00,0.383,4.154,0.298,banana,fresh
43091196,42617,78.25,850.00,60.95,0.382,4.154,0.298,banana,fresh
43092207,42618,78.20,850.00,60.95,0.382,4.154,0.298,banana,fresh
43093218,42619,78.25,850.00,61.00,0.382,4.154,0.298,banana,fresh
43094230,42620,78.25,849.95,60.90,0.382,4.154,0.298,banana,fresh
43095240,42621,78.35,849.95,60.95,0.383,4.154,0.298,banana,fresh
43096252,42622,78.25,850.00,60.90,0.382,4.154,0.298,banana,fresh
43097263,42623,78.10,850.00,61.00,0.382,4.154,0.298,banana,fresh
43098274,42624,78.20,849.95,60.90,0.382,4.154,0.298,banana,fresh
43099285,42625,78.35,849.95,60.95,0.383,4.154,0.298,banana,fresh
43100297,42626,78.50,849.90,60.95,0.384,4.154,0.298,banana,fresh
43101307,42627,78.30,850.00,61.00,0.383,4.154,0.298,banana,fresh
43102318,42628,78.15,850.00,60.90,0.382,4.154,0.298,banana,fresh
43103330,42629,78.20,850.00,61.00,0.382,4.154,0.298,banana,fresh
43104340,42630,78.50,850.05,60.90,0.384,4.155,0.298,banana,fresh
43105352,42631,78.35,850.00,60.85,0.383,4.154,0.297,banana,fresh
43106363,42632,78.40,850.00,60.90,0.383,4.154,0.298,banana,fresh
43107375,42633,78.30,850.00,60.95,0.383,4.154,0.298,banana,fresh
43108385,42634,78.45,849.95,60.95,0.383,4.154,0.298,banana,fresh
43109396,42635,78.50,849.95,61.00,0.384,4.154,0.298,banana,fresh
43110408,42636,78.15,849.95,61.00,0.382,4.154,0.298,banana,fresh
43111418,42637,78.30,850.00,61.00,0.383,4.154,0.298,banana,fresh
43112430,42638,78.40,850.00,61.00,0.383,4.154,0.298,banana,fresh
43113441,42639,78.45,849.90,60.95,0.383,4.154,0.298,banana,fresh
43114452,42640,78.20,850.00,60.95,0.382,4.154,0.298,banana,fresh
43115463,42641,78.55,850.00,60.95,0.384,4.154,0.298,banana,fresh
43116474,42642,78.50,850.00,60.85,0.384,4.154,0.297,banana,fresh
43117486,42643,78.35,850.00,60.95,0.383,4.154,0.298,banana,fresh
43118496,42644,78.35,850.00,60.90,0.383,4.154,0.298,banana,fresh
43119508,42645,78.45,849.95,60.95,0.383,4.154,0.298,banana,fresh
43120519,42646,78.30,850.00,60.90,0.383,4.154,0.298,banana,fresh
43121530,42647,78.25,850.00,60.90,0.382,4.154,0.298,banana,fresh
43122541,42648,78.35,850.00,60.90,0.383,4.154,0.298,banana,fresh
43123552,42649,78.20,850.00,60.90,0.382,4.154,0.298,banana,fresh
43124563,42650,78.35,849.85,61.00,0.383,4.154,0.298,banana,fresh
43125574,42651,78.30,849.95,60.95,0.383,4.154,0.298,banana,fresh
43126586,42652,78.40,849.95,60.95,0.383,4.154,0.298,banana,fresh
43127597,42653,78.30,850.00,60.95,0.383,4.154,0.298,banana,fresh
43128608,42654,78.60,850.00,60.95,0.384,4.154,0.298,banana,fresh
43129619,42655,78.50,850.00,60.95,0.384,4.154,0.298,banana,fresh
43130630,42656,78.45,849.85,60.95,0.383,4.154,0.298,banana,fresh
43131641,42657,78.15,850.00,61.00,0.382,4.154,0.298,banana,fresh
43132652,42658,78.40,850.00,60.95,0.383,4.154,0.298,banana,fresh
43133664,42659,78.30,850.00,60.95,0.383,4.154,0.298,banana,fresh
43134674,42660,78.30,850.00,60.85,0.383,4.154,0.297,banana,fresh
43135686,42661,78.30,849.90,60.90,0.383,4.154,0.298,banana,fresh
43136697,42662,78.20,849.95,60.90,0.382,4.154,0.298,banana,fresh
43137708,42663,78.40,850.00,60.85,0.383,4.154,0.297,banana,fresh
43138719,42664,78.30,849.95,60.90,0.383,4.154,0.298,banana,fresh
43139730,42665,78.45,849.95,60.85,0.383,4.154,0.297,banana,fresh
43140742,42666,78.30,850.00,60.85,0.383,4.154,0.297,banana,fresh
43141752,42667,78.40,849.95,60.90,0.383,4.154,0.298,banana,fresh
43142764,42668,78.25,850.00,60.85,0.382,4.154,0.297,banana,fresh
43143775,42669,78.35,849.95,61.00,0.383,4.154,0.298,banana,fresh
43144786,42670,78.30,849.95,60.90,0.383,4.154,0.298,banana,fresh
43145797,42671,78.35,850.00,60.95,0.383,4.154,0.298,banana,fresh
43146808,42672,78.20,850.00,60.90,0.382,4.154,0.298,banana,fresh
43147820,42673,78.35,849.95,60.90,0.383,4.154,0.298,banana,fresh
43148830,42674,78.25,849.95,61.00,0.382,4.154,0.298,banana,fresh
43149842,42675,78.15,850.05,60.85,0.382,4.155,0.297,banana,fresh
43150853,42676,78.50,850.05,60.80,0.384,4.155,0.297,banana,fresh
43151864,42677,78.20,850.00,60.80,0.382,4.154,0.297,banana,fresh
43152875,42678,78.35,849.95,60.95,0.383,4.154,0.298,banana,fresh
43153886,42679,78.30,850.00,60.95,0.383,4.154,0.298,banana,fresh
43154897,42680,78.30,850.00,60.90,0.383,4.154,0.298,banana,fresh
43155908,42681,78.30,849.95,60.90,0.383,4.154,0.298,banana,fresh
43156920,42682,78.40,849.95,60.80,0.383,4.154,0.297,banana,fresh
43157931,42683,78.35,850.00,60.95,0.383,4.154,0.298,banana,fresh
43158942,42684,78.45,850.00,60.85,0.383,4.154,0.297,banana,fresh
43159953,42685,78.35,849.90,60.90,0.383,4.154,0.298,banana,fresh
43160964,42686,78.15,850.00,60.90,0.382,4.154,0.298,banana,fresh
43161975,42687,78.35,850.00,60.95,0.383,4.154,0.298,banana,fresh
43162986,42688,78.25,849.95,61.00,0.382,4.154,0.298,banana,fresh
43163998,42689,78.25,850.00,60.95,0.382,4.154,0.298,banana,fresh
43165008,42690,78.35,850.00,60.95,0.383,4.154,0.298,banana,fresh
43166020,42691,78.30,849.95,61.00,0.383,4.154,0.298,banana,fresh
43167031,42692,78.35,849.95,61.00,0.383,4.154,0.298,banana,fresh
43168041,42693,78.40,849.95,60.80,0.383,4.154,0.297,banana,fresh
43169053,42694,78.25,850.00,60.85,0.382,4.154,0.297,banana,fresh
43170064,42695,78.40,850.00,60.90,0.383,4.154,0.298,banana,fresh
43171076,42696,78.20,849.90,61.00,0.382,4.154,0.298,banana,fresh
43172086,42697,78.15,850.00,60.90,0.382,4.154,0.298,banana,fresh
43173098,42698,78.35,849.95,60.85,0.383,4.154,0.297,banana,fresh
43174109,42699,78.30,849.90,60.85,0.383,4.154,0.297,banana,fresh
43175120,42700,78.35,850.00,60.95,0.383,4.154,0.298,banana,fresh
43176131,42701,78.30,849.95,60.95,0.383,4.154,0.298,banana,fresh
43177142,42702,78.30,849.95,60.95,0.383,4.154,0.298,banana,fresh
43178153,42703,78.40,850.00,60.85,0.383,4.154,0.297,banana,fresh
43179164,42704,78.30,849.85,60.85,0.383,4.154,0.297,banana,fresh
43180176,42705,78.55,849.85,60.90,0.384,4.154,0.298,banana,fresh
43181187,42706,78.35,849.90,60.90,0.383,4.154,0.298,banana,fresh
43182198,42707,78.25,850.00,60.85,0.382,4.154,0.297,banana,fresh
43183209,42708,78.25,849.90,60.90,0.382,4.154,0.298,banana,fresh
43184220,42709,78.35,849.90,60.85,0.383,4.154,0.297,banana,fresh
43185231,42710,78.40,849.95,60.85,0.383,4.154,0.297,banana,fresh
43186242,42711,78.25,849.95,61.00,0.382,4.154,0.298,banana,fresh
43187254,42712,78.25,849.85,61.00,0.382,4.154,0.298,banana,fresh
43188264,42713,78.25,849.90,60.95,0.382,4.154,0.298,banana,fresh
43189276,42714,78.30,849.95,61.00,0.383,4.154,0.298,banana,fresh
43190287,42715,78.30,849.95,60.90,0.383,4.154,0.298,banana,fresh
43191299,42716,78.25,850.00,61.00,0.382,4.154,0.298,banana,fresh
43192309,42717,78.35,849.95,60.85,0.383,4.154,0.297,banana,fresh
43193320,42718,78.40,849.90,60.95,0.383,4.154,0.298,banana,fresh
43194332,42719,78.25,849.95,60.95,0.382,4.154,0.298,banana,fresh
43195342,42720,78.35,850.00,60.90,0.383,4.154,0.298,banana,fresh
43196354,42721,78.10,849.95,60.95,0.382,4.154,0.298,banana,fresh
43197365,42722,78.60,849.85,60.80,0.384,4.154,0.297,banana,fresh
43198376,42723,78.15,849.95,60.85,0.382,4.154,0.297,banana,fresh
43199387,42724,78.20,849.90,61.00,0.382,4.154,0.298,banana,fresh
43200398,42725,78.20,849.95,60.95,0.382,4.154,0.298,banana,fresh
43201410,42726,78.40,849.95,60.90,0.383,4.154,0.298,banana,fresh
43202420,42727,78.20,849.85,60.85,0.382,4.154,0.297,banana,fresh
43203432,42728,78.40,850.00,61.00,0.383,4.154,0.298,banana,fresh
43204443,42729,78.25,849.95,60.65,0.382,4.154,0.296,banana,fresh
43205454,42730,78.10,850.00,60.95,0.382,4.154,0.298,banana,fresh
43206465,42731,78.15,850.00,60.90,0.382,4.154,0.298,banana,fresh
43207477,42732,78.15,849.95,60.95,0.382,4.154,0.298,banana,fresh
43208487,42733,78.35,850.00,60.90,0.383,4.154,0.298,banana,fresh
43209498,42734,78.25,850.00,60.85,0.382,4.154,0.297,banana,fresh
43210510,42735,78.20,849.95,61.00,0.382,4.154,0.298,banana,fresh
43211521,42736,78.25,850.00,60.95,0.382,4.154,0.298,banana,fresh
43212532,42737,78.20,849.95,60.90,0.382,4.154,0.298,banana,fresh
43213543,42738,78.25,849.95,60.85,0.382,4.154,0.297,banana,fresh
43214555,42739,78.10,850.00,60.90,0.382,4.154,0.298,banana,fresh
43215565,42740,78.40,849.95,60.95,0.383,4.154,0.298,banana,fresh
43216576,42741,78.30,849.95,60.90,0.383,4.154,0.298,banana,fresh
43217588,42742,78.35,850.00,61.00,0.383,4.154,0.298,banana,fresh
43218598,42743,78.25,850.00,60.90,0.382,4.154,0.298,banana,fresh
43219610,42744,78.25,849.90,60.85,0.382,4.154,0.297,banana,fresh
43220621,42745,78.25,849.95,60.90,0.382,4.154,0.298,banana,fresh
43221633,42746,78.35,849.95,61.00,0.383,4.154,0.298,banana,fresh
43222643,42747,78.20,849.95,60.70,0.382,4.154,0.297,banana,fresh
43223654,42748,78.30,849.95,60.85,0.383,4.154,0.297,banana,fresh
43224666,42749,78.20,849.90,60.85,0.382,4.154,0.297,banana,fresh
43225676,42750,78.25,850.00,60.90,0.382,4.154,0.298,banana,fresh
43226688,42751,78.35,849.95,61.00,0.383,4.154,0.298,banana,fresh
43227699,42752,78.15,849.90,60.85,0.382,4.154,0.297,banana,fresh
43228710,42753,78.30,849.90,60.95,0.383,4.154,0.298,banana,fresh
43229721,42754,78.35,849.90,60.90,0.383,4.154,0.298,banana,fresh
43230733,42755,78.15,849.95,60.95,0.382,4.154,0.298,banana,fresh
43231744,42756,78.15,849.90,60.85,0.382,4.154,0.297,banana,fresh
43232754,42757,78.30,849.85,60.75,0.383,4.154,0.297,banana,fresh
43233766,42758,78.25,849.95,60.80,0.382,4.154,0.297,banana,fresh
43234777,42759,78.25,849.90,60.95,0.382,4.154,0.298,banana,fresh
43235788,42760,78.25,849.90,60.95,0.382,4.154,0.298,banana,fresh
43236799,42761,78.25,849.95,60.80,0.382,4.154,0.297,banana,fresh
43237811,42762,78.15,850.00,60.90,0.382,4.154,0.298,banana,fresh
43238821,42763,78.10,850.00,60.75,0.382,4.154,0.297,banana,fresh
43239832,42764,78.40,850.00,60.75,0.383,4.154,0.297,banana,fresh
43240844,42765,78.35,849.90,60.95,0.383,4.154,0.298,banana,fresh
43241854,42766,78.30,849.85,60.85,0.383,4.154,0.297,banana,fresh
43242866,42767,78.15,850.00,61.00,0.382,4.154,0.298,banana,fresh
43243877,42768,78.20,849.90,60.80,0.382,4.154,0.297,banana,fresh
43244889,42769,78.40,850.00,60.95,0.383,4.154,0.298,banana,fresh
43245899,42770,78.20,849.85,60.90,0.382,4.154,0.298,banana,fresh
43246911,42771,78.25,850.00,60.85,0.382,4.154,0.297,banana,fresh
43247922,42772,78.20,850.00,60.80,0.382,4.154,0.297,banana,fresh
43248932,42773,78.05,849.90,60.80,0.381,4.154,0.297,banana,fresh
43249944,42774,78.20,850.00,60.90,0.382,4.154,0.298,banana,fresh
43250955,42775,78.15,849.90,61.00,0.382,4.154,0.298,banana,fresh
43251966,42776,78.30,849.80,60.90,0.383,4.153,0.298,banana,fresh
43252977,42777,78.15,849.90,60.90,0.382,4.154,0.298,banana,fresh
43253989,42778,78.25,849.85,60.85,0.382,4.154,0.297,banana,fresh
43255000,42779,78.25,849.85,60.90,0.382,4.154,0.298,banana,fresh
43256010,42780,78.15,850.00,60.85,0.382,4.154,0.297,banana,fresh
43257022,42781,78.15,849.85,60.85,0.382,4.154,0.297,banana,fresh
43258033,42782,78.30,849.80,60.85,0.383,4.153,0.297,banana,fresh
43259044,42783,78.05,849.95,60.90,0.381,4.154,0.298,banana,fresh
43260055,42784,78.25,849.95,60.80,0.382,4.154,0.297,banana,fresh
43261067,42785,78.20,849.95,60.90,0.382,4.154,0.298,banana,fresh
43262077,42786,78.30,849.85,60.95,0.383,4.154,0.298,banana,fresh
43263089,42787,78.25,849.95,60.95,0.382,4.154,0.298,banana,fresh
43264100,42788,78.10,849.90,60.90,0.382,4.154,0.298,banana,fresh
43265111,42789,78.10,849.80,60.80,0.382,4.153,0.297,banana,fresh
43266122,42790,78.30,849.95,60.85,0.383,4.154,0.297,banana,fresh
43267133,42791,78.20,849.90,60.90,0.382,4.154,0.298,banana,fresh
43268145,42792,78.40,850.00,60.80,0.383,4.154,0.297,banana,fresh
43269155,42793,78.05,849.90,61.00,0.381,4.154,0.298,banana,fresh
43270167,42794,78.15,849.95,60.85,0.382,4.154,0.297,banana,fresh
43271178,42795,78.30,849.90,60.90,0.383,4.154,0.298,banana,fresh
43272188,42796,78.20,849.85,60.95,0.382,4.154,0.298,banana,fresh
43273200,42797,78.10,850.00,60.85,0.382,4.154,0.297,banana,fresh
43274211,42798,78.30,850.00,60.85,0.383,4.154,0.297,banana,fresh
43275223,42799,78.15,850.00,60.85,0.382,4.154,0.297,banana,fresh
43276233,42800,78.25,849.70,60.90,0.382,4.153,0.298,banana,fresh
43277245,42801,78.30,849.85,60.85,0.383,4.154,0.297,banana,fresh
43278256,42802,78.20,849.95,60.90,0.382,4.154,0.298,banana,fresh
43279266,42803,78.25,850.00,60.90,0.382,4.154,0.298,banana,fresh
43280278,42804,78.20,849.85,60.90,0.382,4.154,0.298,banana,fresh
43281289,42805,78.40,849.95,60.75,0.383,4.154,0.297,banana,fresh
43282300,42806,78.30,849.80,60.85,0.383,4.153,0.297,banana,fresh
43283311,42807,78.15,849.90,61.00,0.382,4.154,0.298,banana,fresh
43284323,42808,78.30,849.80,60.80,0.383,4.153,0.297,banana,fresh
43285334,42809,78.10,849.70,60.80,0.382,4.153,0.297,banana,fresh
43286344,42810,78.05,849.80,60.95,0.381,4.153,0.298,banana,fresh
43287356,42811,78.15,849.95,60.95,0.382,4.154,0.298,banana,fresh
43288367,42812,78.35,849.80,60.85,0.383,4.153,0.297,banana,fresh
43289378,42813,78.15,849.85,60.80,0.382,4.154,0.297,banana,fresh
43290389,42814,78.15,849.80,60.80,0.382,4.153,0.297,banana,fresh
43291401,42815,78.00,849.85,60.75,0.381,4.154,0.297,banana,fresh
43292411,42816,78.30,849.75,60.80,0.383,4.153,0.297,banana,fresh
43293423,42817,78.25,849.90,60.85,0.382,4.154,0.297,banana,fresh
43294434,42818,78.20,849.90,60.90,0.382,4.154,0.298,banana,fresh
43295444,42819,78.20,849.90,60.85,0.382,4.154,0.297,banana,fresh
43296456,42820,78.15,849.90,60.90,0.382,4.154,0.298,banana,fresh
43297467,42821,78.30,849.80,60.95,0.383,4.153,0.298,banana,fresh
43298479,42822,78.15,849.80,61.00,0.382,4.153,0.298,banana,fresh
43299489,42823,78.15,849.75,60.85,0.382,4.153,0.297,banana,fresh
43300501,42824,78.15,849.95,60.95,0.382,4.154,0.298,banana,fresh
43301512,42825,78.10,849.80,60.95,0.382,4.153,0.298,banana,fresh
43302522,42826,78.20,849.85,60.95,0.382,4.154,0.298,banana,fresh
43303534,42827,78.10,850.00,60.90,0.382,4.154,0.298,banana,fresh
43304545,42828,78.10,849.95,60.95,0.382,4.154,0.298,banana,fresh
43305556,42829,78.15,849.95,60.85,0.382,4.154,0.297,banana,fresh
43306567,42830,78.05,849.80,60.85,0.381,4.153,0.297,banana,fresh
43307579,42831,78.05,849.85,60.90,0.381,4.154,0.298,banana,fresh
43308590,42832,78.15,849.95,60.75,0.382,4.154,0.297,banana,fresh
43309601,42833,78.25,849.95,60.95,0.382,4.154,0.298,banana,fresh
43310612,42834,78.05,849.95,60.70,0.381,4.154,0.297,banana,fresh
43311623,42835,78.20,849.90,60.90,0.382,4.154,0.298,banana,fresh
43312634,42836,78.10,849.95,60.75,0.382,4.154,0.297,banana,fresh
43313645,42837,78.35,849.75,60.90,0.383,4.153,0.298,banana,fresh
43314657,42838,78.25,849.95,60.90,0.382,4.154,0.298,banana,fresh
43315667,42839,78.25,849.90,60.90,0.382,4.154,0.298,banana,fresh
43316679,42840,78.00,849.90,60.80,0.381,4.154,0.297,banana,fresh
43317690,42841,78.20,849.90,60.85,0.382,4.154,0.297,banana,fresh
43318701,42842,78.05,849.85,60.90,0.381,4.154,0.298,banana,fresh
43319712,42843,78.20,849.85,60.90,0.382,4.154,0.298,banana,fresh
43320723,42844,78.20,849.90,60.85,0.382,4.154,0.297,banana,fresh
43321735,42845,78.10,849.85,60.80,0.382,4.154,0.297,banana,fresh
43322745,42846,78.15,849.90,60.90,0.382,4.154,0.298,banana,fresh
43323757,42847,78.15,849.95,60.75,0.382,4.154,0.297,banana,fresh
43324768,42848,78.20,849.85,60.80,0.382,4.154,0.297,banana,fresh
43325779,42849,78.10,849.95,60.90,0.382,4.154,0.298,banana,fresh
43326790,42850,78.05,849.95,60.80,0.381,4.154,0.297,banana,fresh
43327801,42851,78.15,849.75,60.90,0.382,4.153,0.298,banana,fresh
43328813,42852,78.25,849.80,60.90,0.382,4.153,0.298,banana,fresh
43329823,42853,78.30,849.80,60.90,0.383,4.153,0.298,banana,fresh
43330835,42854,78.10,849.80,60.70,0.382,4.153,0.297,banana,fresh
43331846,42855,78.10,849.65,60.80,0.382,4.153,0.297,banana,fresh
43332857,42856,78.10,849.90,60.80,0.382,4.154,0.297,banana,fresh
43333868,42857,78.25,849.85,60.75,0.382,4.154,0.297,banana,fresh
43334880,42858,78.05,849.85,60.90,0.381,4.154,0.298,banana,fresh
43335890,42859,78.15,849.90,60.90,0.382,4.154,0.298,banana,fresh
43336901,42860,78.10,849.90,60.80,0.382,4.154,0.297,banana,fresh
43337913,42861,78.10,849.85,60.85,0.382,4.154,0.297,banana,fresh
43338924,42862,78.20,849.80,60.80,0.382,4.153,0.297,banana,fresh
43339935,42863,78.10,849.95,60.85,0.382,4.154,0.297,banana,fresh
43340946,42864,78.25,849.85,60.90,0.382,4.154,0.298,banana,fresh
43341958,42865,78.25,849.95,60.80,0.382,4.154,0.297,banana,fresh
43342968,42866,78.05,849.90,60.75,0.381,4.154,0.297,banana,fresh
43343979,42867,78.15,849.80,60.90,0.382,4.153,0.298,banana,fresh
43344991,42868,78.20,849.85,60.85,0.382,4.154,0.297,banana,fresh
43346001,42869,78.05,850.00,60.85,0.381,4.154,0.297,banana,fresh
43347013,42870,78.15,849.85,60.65,0.382,4.154,0.296,banana,fresh
43348024,42871,78.05,849.85,60.85,0.381,4.154,0.297,banana,fresh
43349036,42872,78.15,849.80,60.90,0.382,4.153,0.298,banana,fresh
43350046,42873,78.05,849.85,60.85,0.381,4.154,0.297,banana,fresh
43351057,42874,78.10,849.85,60.70,0.382,4.154,0.297,banana,fresh
43352069,42875,78.15,849.85,60.95,0.382,4.154,0.298,banana,fresh
43353079,42876,78.25,849.85,60.95,0.382,4.154,0.298,banana,fresh
43354091,42877,78.05,849.90,60.70,0.381,4.154,0.297,banana,fresh
43355102,42878,78.20,849.80,60.85,0.382,4.153,0.297,banana,fresh
43356113,42879,78.05,849.90,60.95,0.381,4.154,0.298,banana,fresh
43357124,42880,78.20,849.85,60.75,0.382,4.154,0.297,banana,fresh
43358136,42881,78.20,849.95,60.85,0.382,4.154,0.297,banana,fresh
43359147,42882,78.30,849.85,60.70,0.383,4.154,0.297,banana,fresh
43360157,42883,78.20,849.90,60.80,0.382,4.154,0.297,banana,fresh
43361169,42884,78.35,849.90,60.70,0.383,4.154,0.297,banana,fresh
43362180,42885,78.10,849.90,60.75,0.382,4.154,0.297,banana,fresh
43363191,42886,78.35,849.90,60.95,0.383,4.154,0.298,banana,fresh
43364202,42887,78.20,849.85,60.80,0.382,4.154,0.297,banana,fresh
43365214,42888,78.10,849.90,60.95,0.382,4.154,0.298,banana,fresh
43366224,42889,78.10,849.85,60.95,0.382,4.154,0.298,banana,fresh
43367236,42890,78.10,849.70,60.75,0.382,4.153,0.297,banana,fresh
43368247,42891,78.15,849.85,60.60,0.382,4.154,0.296,banana,fresh
43369257,42892,78.15,849.85,60.75,0.382,4.154,0.297,banana,fresh
43370269,42893,78.05,849.95,60.85,0.381,4.154,0.297,banana,fresh
43371280,42894,78.10,849.80,60.65,0.382,4.153,0.296,banana,fresh
43372292,42895,78.10,849.95,60.80,0.382,4.154,0.297,banana,fresh
43373302,42896,78.20,849.70,60.70,0.382,4.153,0.297,banana,fresh
43374314,42897,78.25,849.70,60.85,0.382,4.153,0.297,banana,fresh
43375325,42898,78.05,849.85,60.90,0.381,4.154,0.298,banana,fresh
43376335,42899,78.15,849.90,60.80,0.382,4.154,0.297,banana,fresh
43377347,42900,78.10,849.80,60.85,0.382,4.153,0.297,banana,fresh
43378358,42901,78.15,849.90,60.90,0.382,4.154,0.298,banana,fresh
43379369,42902,78.15,849.75,60.80,0.382,4.153,0.297,banana,fresh
43380380,42903,78.10,849.80,60.80,0.382,4.153,0.297,banana,fresh
43381392,42904,78.10,849.85,60.85,0.382,4.154,0.297,banana,fresh
43382403,42905,78.10,849.95,60.65,0.382,4.154,0.296,banana,fresh
43383414,42906,78.20,849.85,60.75,0.382,4.154,0.297,banana,fresh
43384425,42907,78.25,849.95,60.70,0.382,4.154,0.297,banana,fresh
43385436,42908,78.20,849.95,60.95,0.382,4.154,0.298,banana,fresh
43386447,42909,78.05,849.80,60.65,0.381,4.153,0.296,banana,fresh
43387458,42910,78.20,849.60,60.80,0.382,4.152,0.297,banana,fresh
43388470,42911,78.10,849.85,60.75,0.382,4.154,0.297,banana,fresh
43389480,42912,78.20,849.90,60.75,0.382,4.154,0.297,banana,fresh
43390492,42913,78.10,849.90,60.75,0.382,4.154,0.297,banana,fresh
43391503,42914,78.10,849.80,60.75,0.382,4.153,0.297,banana,fresh
43392514,42915,78.15,849.80,60.85,0.382,4.153,0.297,banana,fresh
43393525,42916,78.25,849.80,60.90,0.382,4.153,0.298,banana,fresh
43394536,42917,78.05,849.85,60.75,0.381,4.154,0.297,banana,fresh
43395548,42918,78.10,849.90,60.85,0.382,4.154,0.297,banana,fresh
43396558,42919,78.10,849.80,60.80,0.382,4.153,0.297,banana,fresh
43397570,42920,78.20,849.55,60.75,0.382,4.152,0.297,banana,fresh
43398581,42921,78.20,849.75,60.75,0.382,4.153,0.297,banana,fresh
43399591,42922,78.10,849.90,60.80,0.382,4.154,0.297,banana,fresh
43400603,42923,78.15,849.95,60.90,0.382,4.154,0.298,banana,fresh
43401614,42924,78.05,849.85,60.80,0.381,4.154,0.297,banana,fresh
43402626,42925,78.25,849.75,60.90,0.382,4.153,0.298,banana,fresh
43403636,42926,78.25,849.85,60.75,0.382,4.154,0.297,banana,fresh
43404648,42927,78.10,849.80,60.85,0.382,4.153,0.297,banana,fresh
43405659,42928,78.20,849.85,60.85,0.382,4.154,0.297,banana,fresh
43406670,42929,78.00,849.85,60.75,0.381,4.154,0.297,banana,fresh
43407681,42930,78.10,849.80,60.95,0.382,4.153,0.298,banana,fresh
43408692,42931,78.15,849.85,60.80,0.382,4.154,0.297,banana,fresh
43409703,42932,78.15,849.80,60.85,0.382,4.153,0.297,banana,fresh
43410714,42933,78.25,849.85,60.85,0.382,4.154,0.297,banana,fresh
43411726,42934,78.10,849.75,60.80,0.382,4.153,0.297,banana,fresh
43412737,42935,78.00,849.80,60.80,0.381,4.153,0.297,banana,fresh
43413748,42936,78.05,849.90,60.75,0.381,4.154,0.297,banana,fresh
43414759,42937,78.05,849.90,60.90,0.381,4.154,0.298,banana,fresh
43415770,42938,78.05,849.85,60.75,0.381,4.154,0.297,banana,fresh
43416781,42939,78.30,849.65,60.75,0.383,4.153,0.297,banana,fresh
43417792,42940,78.20,849.90,60.95,0.382,4.154,0.298,banana,fresh
43418804,42941,78.05,849.80,60.80,0.381,4.153,0.297,banana,fresh
43419814,42942,78.20,849.85,60.95,0.382,4.154,0.298,banana,fresh
43420826,42943,78.10,849.85,60.85,0.382,4.154,0.297,banana,fresh
43421837,42944,78.00,849.80,60.70,0.381,4.153,0.297,banana,fresh
43422849,42945,78.15,849.90,60.55,0.382,4.154,0.296,banana,fresh
43423859,42946,78.10,849.85,60.65,0.382,4.154,0.296,banana,fresh
43424870,42947,78.10,849.85,60.80,0.382,4.154,0.297,banana,fresh
43425882,42948,78.05,849.80,60.75,0.381,4.153,0.297,banana,fresh
43426892,42949,78.20,849.85,60.75,0.382,4.154,0.297,banana,fresh
43427904,42950,78.05,849.85,60.70,0.381,4.154,0.297,banana,fresh
43428915,42951,78.00,849.95,60.75,0.381,4.154,0.297,banana,fresh
43429926,42952,78.05,849.70,60.70,0.381,4.153,0.297,banana,fresh
43430937,42953,78.00,849.90,60.90,0.381,4.154,0.298,banana,fresh
43431948,42954,78.10,849.95,60.90,0.382,4.154,0.298,banana,fresh
43432960,42955,78.05,849.70,60.80,0.381,4.153,0.297,banana,fresh
43433970,42956,78.10,849.80,60.80,0.382,4.153,0.297,banana,fresh
43434982,42957,78.10,849.80,60.90,0.382,4.153,0.298,banana,fresh
43435993,42958,78.15,849.80,60.90,0.382,4.153,0.298,banana,fresh
43437004,42959,78.25,850.00,60.65,0.382,4.154,0.296,banana,fresh
43438015,42960,78.10,849.80,60.75,0.382,4.153,0.297,banana,fresh
43439027,42961,78.05,849.75,60.75,0.381,4.153,0.297,banana,fresh
43440037,42962,78.05,849.85,60.90,0.381,4.154,0.298,banana,fresh
43441048,42963,78.10,849.65,60.70,0.382,4.153,0.297,banana,fresh
43442060,42964,78.05,849.85,60.80,0.381,4.154,0.297,banana,fresh
43443070,42965,78.00,849.65,60.90,0.381,4.153,0.298,banana,fresh
43444082,42966,78.30,849.80,60.90,0.383,4.153,0.298,banana,fresh
43445093,42967,78.20,849.70,60.85,0.382,4.153,0.297,banana,fresh
43446105,42968,78.15,849.90,60.90,0.382,4.154,0.298,banana,fresh
43447115,42969,78.15,849.90,60.55,0.382,4.154,0.296,banana,fresh
43448127,42970,78.10,849.90,60.85,0.382,4.154,0.297,banana,fresh
43449138,42971,78.10,849.90,60.75,0.382,4.154,0.297,banana,fresh
43450148,42972,78.05,849.80,60.75,0.381,4.153,0.297,banana,fresh
43451160,42973,78.05,849.80,60.90,0.381,4.153,0.298,banana,fresh
43452171,42974,78.05,849.90,60.75,0.381,4.154,0.297,banana,fresh
43453182,42975,78.25,849.70,60.80,0.382,4.153,0.297,banana,fresh
43454193,42976,78.15,849.85,60.90,0.382,4.154,0.298,banana,fresh
43455205,42977,78.10,849.90,60.70,0.382,4.154,0.297,banana,fresh
43456216,42978,78.05,849.85,60.90,0.381,4.154,0.298,banana,fresh
43457226,42979,78.10,849.90,60.80,0.382,4.154,0.297,banana,fresh
43458238,42980,78.05,849.95,60.65,0.381,4.154,0.296,banana,fresh
43459249,42981,78.05,849.70,60.70,0.381,4.153,0.297,banana,fresh
43460260,42982,78.15,849.90,60.80,0.382,4.154,0.297,banana,fresh
43461271,42983,78.05,849.60,60.85,0.381,4.152,0.297,banana,fresh
43462283,42984,78.05,849.80,60.80,0.381,4.153,0.297,banana,fresh
43463293,42985,78.20,849.90,60.80,0.382,4.154,0.297,banana,fresh
43464304,42986,78.05,849.85,60.75,0.381,4.154,0.297,banana,fresh
43465316,42987,78.00,849.90,60.75,0.381,4.154,0.297,banana,fresh
43466327,42988,78.05,849.85,60.90,0.381,4.154,0.298,banana,fresh
43467338,42989,78.00,849.75,60.70,0.381,4.153,0.297,banana,fresh
43468349,42990,78.05,849.85,60.90,0.381,4.154,0.298,banana,fresh
43469361,42991,78.30,849.75,60.85,0.383,4.153,0.297,banana,fresh
43470371,42992,78.10,849.95,60.90,0.382,4.154,0.298,banana,fresh
43471382,42993,78.05,849.90,60.75,0.381,4.154,0.297,banana,fresh
43472394,42994,78.25,849.85,60.80,0.382,4.154,0.297,banana,fresh
43473404,42995,78.15,850.00,60.60,0.382,4.154,0.296,banana,fresh
43474416,42996,78.05,849.85,60.85,0.381,4.154,0.297,banana,fresh
43475427,42997,78.10,849.75,60.75,0.382,4.153,0.297,banana,fresh
43476439,42998,78.05,849.75,60.80,0.381,4.153,0.297,banana,fresh
43477449,42999,78.15,849.70,60.90,0.382,4.153,0.298,banana,fresh
43478461,43000,78.05,849.85,60.65,0.381,4.154,0.296,banana,fresh
43479472,43001,78.25,849.75,60.70,0.382,4.153,0.297,banana,fresh
43480482,43002,78.10,849.90,60.70,0.382,4.154,0.297,banana,fresh
43481494,43003,78.20,849.90,60.75,0.382,4.154,0.297,banana,fresh
43482505,43004,78.15,849.70,60.85,0.382,4.153,0.297,banana,fresh
43483516,43005,78.10,849.75,60.75,0.382,4.153,0.297,banana,fresh
43484527,43006,78.00,849.80,60.75,0.381,4.153,0.297,banana,fresh
43485539,43007,78.15,849.80,60.80,0.382,4.153,0.297,banana,fresh
43486550,43008,78.10,849.85,60.75,0.382,4.154,0.297,banana,fresh
43487561,43009,78.25,849.70,60.75,0.382,4.153,0.297,banana,fresh
43488572,43010,78.25,849.90,60.80,0.382,4.154,0.297,banana,fresh
43489583,43011,78.05,849.95,60.65,0.381,4.154,0.296,banana,fresh
43490594,43012,78.25,849.95,60.75,0.382,4.154,0.297,banana,fresh
43491605,43013,78.20,849.85,60.75,0.382,4.154,0.297,banana,fresh
43492617,43014,78.15,849.80,60.70,0.382,4.153,0.297,banana,fresh
43493627,43015,78.10,849.85,60.70,0.382,4.154,0.297,banana,fresh
43494639,43016,78.05,850.00,60.70,0.381,4.154,0.297,banana,fresh
43495650,43017,78.05,849.85,60.80,0.381,4.154,0.297,banana,fresh
43496660,43018,78.15,849.85,60.85,0.382,4.154,0.297,banana,fresh
43497672,43019,78.10,849.85,60.75,0.382,4.154,0.297,banana,fresh
43498683,43020,78.05,849.75,60.80,0.381,4.153,0.297,banana,fresh
43499695,43021,78.10,849.80,60.85,0.382,4.153,0.297,banana,fresh
43500705,43022,78.10,849.80,60.75,0.382,4.153,0.297,banana,fresh
43501717,43023,78.05,849.95,60.65,0.381,4.154,0.296,banana,fresh
43502728,43024,78.10,849.90,60.70,0.382,4.154,0.297,banana,fresh
43503738,43025,78.15,849.85,60.85,0.382,4.154,0.297,banana,fresh
43504750,43026,78.00,849.70,60.70,0.381,4.153,0.297,banana,fresh
43505761,43027,78.20,849.90,60.70,0.382,4.154,0.297,banana,fresh
43506772,43028,78.10,850.00,60.70,0.382,4.154,0.297,banana,fresh
43507783,43029,78.15,849.80,60.75,0.382,4.153,0.297,banana,fresh
43508795,43030,78.00,849.85,60.75,0.381,4.154,0.297,banana,fresh
43509806,43031,78.00,849.90,60.80,0.381,4.154,0.297,banana,fresh
43510817,43032,78.20,849.80,60.80,0.382,4.153,0.297,banana,fresh
43511828,43033,78.10,849.70,60.75,0.382,4.153,0.297,banana,fresh
43512839,43034,78.10,849.85,60.65,0.382,4.154,0.296,banana,fresh
43513850,43035,78.05,849.80,60.75,0.381,4.153,0.297,banana,fresh
43514861,43036,78.10,849.65,60.65,0.382,4.153,0.296,banana,fresh
43515873,43037,78.10,849.85,60.85,0.382,4.154,0.297,banana,fresh
43516883,43038,78.10,849.65,60.65,0.382,4.153,0.296,banana,fresh
43517895,43039,78.00,849.80,60.70,0.381,4.153,0.297,banana,fresh
43518906,43040,78.15,849.90,60.75,0.382,4.154,0.297,banana,fresh
43519917,43041,78.10,849.80,60.65,0.382,4.153,0.296,banana,fresh
43520928,43042,78.10,849.80,60.70,0.382,4.153,0.297,banana,fresh
43521939,43043,78.05,849.65,60.70,0.381,4.153,0.297,banana,fresh
43522951,43044,78.00,849.70,60.85,0.381,4.153,0.297,banana,fresh
43523961,43045,78.10,849.65,60.70,0.382,4.153,0.297,banana,fresh
43524973,43046,78.15,849.85,60.60,0.382,4.154,0.296,banana,fresh
43525984,43047,78.05,849.75,60.70,0.381,4.153,0.297,banana,fresh
43526995,43048,78.15,849.65,60.70,0.382,4.153,0.297,banana,fresh
43528006,43049,78.10,849.70,60.60,0.382,4.153,0.296,banana,fresh
43529017,43050,78.05,849.85,60.55,0.381,4.154,0.296,banana,fresh
43530029,43051,78.10,849.70,60.70,0.382,4.153,0.297,banana,fresh
43531039,43052,78.05,849.70,60.90,0.381,4.153,0.298,banana,fresh
43532051,43053,78.00,849.75,60.65,0.381,4.153,0.296,banana,fresh
43533062,43054,78.15,849.85,60.55,0.382,4.154,0.296,banana,fresh
43534073,43055,78.10,849.75,60.60,0.382,4.153,0.296,banana,fresh
43535084,43056,78.15,849.70,60.65,0.382,4.153,0.296,banana,fresh
43536096,43057,78.00,849.80,60.55,0.381,4.153,0.296,banana,fresh
43537106,43058,78.00,849.85,60.75,0.381,4.154,0.297,banana,fresh
43538117,43059,78.05,849.75,60.50,0.381,4.153,0.296,banana,fresh
43539129,43060,78.05,849.55,60.65,0.381,4.152,0.296,banana,fresh
43540140,43061,78.10,849.70,60.80,0.382,4.153,0.297,banana,fresh
43541151,43062,78.05,849.85,60.75,0.381,4.154,0.297,banana,fresh
43542162,43063,78.00,849.65,60.75,0.381,4.153,0.297,banana,fresh
43543174,43064,78.25,849.75,60.75,0.382,4.153,0.297,banana,fresh
43544184,43065,78.00,849.70,60.55,0.381,4.153,0.296,banana,fresh
43545195,43066,78.00,849.90,60.65,0.381,4.154,0.296,banana,fresh
43546207,43067,78.05,849.60,60.75,0.381,4.152,0.297,banana,fresh
43547217,43068,78.00,849.80,60.45,0.381,4.153,0.295,banana,fresh
43548229,43069,77.95,849.70,60.65,0.381,4.153,0.296,banana,fresh
43549240,43070,78.05,849.60,60.90,0.381,4.152,0.298,banana,fresh
43550252,43071,78.00,849.75,60.70,0.381,4.153,0.297,banana,fresh
43551262,43072,78.05,849.65,60.70,0.381,4.153,0.297,banana,fresh
43552274,43073,78.00,849.80,60.60,0.381,4.153,0.296,banana,fresh
43553285,43074,78.05,849.50,60.80,0.381,4.152,0.297,banana,fresh
43554295,43075,78.05,849.55,60.45,0.381,4.152,0.295,banana,fresh
43555307,43076,78.00,849.85,60.80,0.381,4.154,0.297,banana,fresh
43556318,43077,78.10,849.60,60.60,0.382,4.152,0.296,banana,fresh
43557329,43078,78.00,849.65,60.35,0.381,4.153,0.295,banana,fresh
43558340,43079,78.15,849.85,60.45,0.382,4.154,0.295,banana,fresh
43559352,43080,78.15,849.65,60.70,0.382,4.153,0.297,banana,fresh
43560363,43081,78.05,849.70,60.65,0.381,4.153,0.296,banana,fresh
43561373,43082,78.10,849.60,60.55,0.382,4.152,0.296,banana,fresh
43562385,43083,78.00,849.60,60.60,0.381,4.152,0.296,banana,fresh
43563396,43084,78.05,849.65,60.65,0.381,4.153,0.296,banana,fresh
43564407,43085,78.15,849.60,60.55,0.382,4.152,0.296,banana,fresh
43565418,43086,78.00,849.70,60.60,0.381,4.153,0.296,banana,fresh
43566430,43087,78.00,849.85,60.70,0.381,4.154,0.297,banana,fresh
43567440,43088,77.95,849.65,60.70,0.381,4.153,0.297,banana,fresh
43568452,43089,78.05,849.70,60.80,0.381,4.153,0.297,banana,fresh
43569463,43090,78.00,849.75,60.60,0.381,4.153,0.296,banana,fresh
43570473,43091,78.05,849.65,60.70,0.381,4.153,0.297,banana,fresh
43571485,43092,78.05,849.70,60.70,0.381,4.153,0.297,banana,fresh
43572496,43093,78.00,849.65,60.45,0.381,4.153,0.295,banana,fresh
43573508,43094,78.05,849.60,60.35,0.381,4.152,0.295,banana,fresh
43574518,43095,78.10,849.60,60.50,0.382,4.152,0.296,banana,fresh
43575530,43096,78.00,849.85,60.75,0.381,4.154,0.297,banana,fresh
43576541,43097,78.00,849.85,60.70,0.381,4.154,0.297,banana,fresh
43577551,43098,78.05,849.80,60.60,0.381,4.153,0.296,banana,fresh
43578563,43099,78.05,849.65,60.60,0.381,4.153,0.296,banana,fresh
43579574,43100,78.00,849.80,60.60,0.381,4.153,0.296,banana,fresh
43580585,43101,78.10,849.30,60.55,0.382,4.151,0.296,banana,fresh
43581596,43102,78.00,849.70,60.55,0.381,4.153,0.296,banana,fresh
43582608,43103,78.10,849.75,60.60,0.382,4.153,0.296,banana,fresh
43583619,43104,78.05,849.50,60.75,0.381,4.152,0.297,banana,fresh
43584629,43105,78.05,849.75,60.70,0.381,4.153,0.297,banana,fresh
43585641,43106,78.00,849.50,60.65,0.381,4.152,0.296,banana,fresh
43586652,43107,78.05,849.65,60.50,0.381,4.153,0.296,banana,fresh
43587663,43108,78.05,849.65,60.40,0.381,4.153,0.295,banana,fresh
43588674,43109,78.05,849.85,60.65,0.381,4.154,0.296,banana,fresh
43589686,43110,78.00,849.50,60.65,0.381,4.152,0.296,banana,fresh
43590696,43111,78.00,849.55,60.65,0.381,4.152,0.296,banana,fresh
43591707,43112,78.05,849.70,60.75,0.381,4.153,0.297,banana,fresh
43592719,43113,78.05,849.60,60.80,0.381,4.152,0.297,banana,fresh
43593730,43114,78.00,849.65,60.55,0.381,4.153,0.296,banana,fresh
43594741,43115,78.05,849.60,60.65,0.381,4.152,0.296,banana,fresh
43595752,43116,78.00,849.65,60.50,0.381,4.153,0.296,banana,fresh
43596764,43117,78.10,849.45,60.45,0.382,4.152,0.295,banana,fresh
43597774,43118,78.05,849.60,60.70,0.381,4.152,0.297,banana,fresh
43598785,43119,78.05,849.70,60.50,0.381,4.153,0.296,banana,fresh
43599797,43120,78.00,849.65,60.55,0.381,4.153,0.296,banana,fresh
43600807,43121,78.00,849.55,60.50,0.381,4.152,0.296,banana,fresh
43601819,43122,78.05,849.85,60.65,0.381,4.154,0.296,banana,fresh
43602830,43123,78.05,849.55,60.60,0.381,4.152,0.296,banana,fresh
43603842,43124,78.00,849.70,60.50,0.381,4.153,0.296,banana,fresh
43604852,43125,78.10,849.75,60.40,0.382,4.153,0.295,banana,fresh
43605863,43126,78.00,849.50,60.65,0.381,4.152,0.296,banana,fresh
43606875,43127,78.05,849.65,60.50,0.381,4.153,0.296,banana,fresh
43607885,43128,78.00,849.60,60.65,0.381,4.152,0.296,banana,fresh
43608897,43129,78.10,849.85,60.45,0.382,4.154,0.295,banana,fresh
43609908,43130,77.95,849.45,60.50,0.381,4.152,0.296,banana,fresh
43610919,43131,78.00,849.45,60.55,0.381,4.152,0.296,banana,fresh
43611930,43132,78.05,849.65,60.70,0.381,4.153,0.297,banana,fresh
43612942,43133,78.05,849.50,60.50,0.381,4.152,0.296,banana,fresh
43613953,43134,78.00,849.60,60.70,0.381,4.152,0.297,banana,fresh
43614963,43135,78.00,849.60,60.65,0.381,4.152,0.296,banana,fresh
43615975,43136,78.05,849.65,60.65,0.381,4.153,0.296,banana,fresh
43616986,43137,78.00,849.60,60.60,0.381,4.152,0.296,banana,fresh
43617997,43138,78.00,849.50,60.60,0.381,4.152,0.296,banana,fresh
43619008,43139,78.00,849.55,60.65,0.381,4.152,0.296,banana,fresh
43620020,43140,78.00,849.60,60.30,0.381,4.152,0.295,banana,fresh
43621030,43141,78.00,849.70,60.75,0.381,4.153,0.297,banana,fresh
43622041,43142,78.00,849.70,60.45,0.381,4.153,0.295,banana,fresh
43623053,43143,78.05,849.55,60.70,0.381,4.152,0.297,banana,fresh
43624064,43144,78.00,849.60,60.60,0.381,4.152,0.296,banana,fresh
43625075,43145,78.00,849.75,60.45,0.381,4.153,0.295,banana,fresh
43626086,43146,78.00,849.85,60.65,0.381,4.154,0.296,banana,fresh
43627098,43147,78.00,849.70,60.25,0.381,4.153,0.294,banana,fresh
43628108,43148,78.05,849.60,60.65,0.381,4.152,0.296,banana,fresh
43629119,43149,78.00,849.70,60.40,0.381,4.153,0.295,banana,fresh
43630131,43150,78.05,849.60,60.60,0.381,4.152,0.296,banana,fresh
43631141,43151,78.00,849.60,60.55,0.381,4.152,0.296,banana,fresh
43632153,43152,78.15,849.55,60.60,0.382,4.152,0.296,banana,fresh
43633164,43153,78.05,849.80,60.35,0.381,4.153,0.295,banana,fresh
43634176,43154,78.10,849.70,60.65,0.382,4.153,0.296,banana,fresh
43635186,43155,78.05,849.60,60.50,0.381,4.152,0.296,banana,fresh
43636198,43156,78.05,849.85,60.60,0.381,4.154,0.296,banana,fresh
43637209,43157,78.15,849.75,60.55,0.382,4.153,0.296,banana,fresh
43638219,43158,78.00,849.55,60.65,0.381,4.152,0.296,banana,fresh
43639231,43159,78.00,849.80,60.70,0.381,4.153,0.297,banana,fresh
43640242,43160,78.05,849.60,60.50,0.381,4.152,0.296,banana,fresh
43641253,43161,78.10,849.80,60.45,0.382,4.153,0.295,banana,fresh
43642264,43162,78.00,849.45,60.30,0.381,4.152,0.295,banana,fresh
43643276,43163,78.10,849.65,60.55,0.382,4.153,0.296,banana,fresh
43644286,43164,78.00,849.65,60.70,0.381,4.153,0.297,banana,fresh
43645297,43165,78.05,849.60,60.75,0.381,4.152,0.297,banana,fresh
43646309,43166,78.00,849.65,60.50,0.381,4.153,0.296,banana,fresh
43647320,43167,78.00,849.70,60.45,0.381,4.153,0.295,banana,fresh
43648331,43168,77.95,849.55,60.50,0.381,4.152,0.296,banana,fresh
43649342,43169,78.00,849.55,60.55,0.381,4.152,0.296,banana,fresh
43650354,43170,78.00,849.70,60.55,0.381,4.153,0.296,banana,fresh
43651364,43171,77.95,849.60,60.50,0.381,4.152,0.296,banana,fresh
43652376,43172,78.05,849.60,60.50,0.381,4.152,0.296,banana,fresh
43653387,43173,78.10,849.55,60.55,0.382,4.152,0.296,banana,fresh
43654397,43174,77.95,849.65,60.65,0.381,4.153,0.296,banana,fresh
43655409,43175,78.00,849.65,60.40,0.381,4.153,0.295,banana,fresh
43656420,43176,78.10,849.90,60.55,0.382,4.154,0.296,banana,fresh
43657432,43177,78.05,849.50,60.60,0.381,4.152,0.296,banana,fresh
43658442,43178,78.00,849.75,60.55,0.381,4.153,0.296,banana,fresh
43659454,43179,78.00,849.65,60.70,0.381,4.153,0.297,banana,fresh
43660465,43180,78.00,849.80,60.65,0.381,4.153,0.296,banana,fresh
43661475,43181,78.00,849.55,60.65,0.381,4.152,0.296,banana,fresh
43662487,43182,77.95,849.50,60.55,0.381,4.152,0.296,banana,fresh
43663498,43183,78.00,849.70,60.55,0.381,4.153,0.296,banana,fresh
43664509,43184,78.00,849.70,60.30,0.381,4.153,0.295,banana,fresh
43665520,43185,78.05,849.65,60.65,0.381,4.153,0.296,banana,fresh
43666532,43186,78.00,849.65,60.75,0.381,4.153,0.297,banana,fresh
43667543,43187,78.00,849.65,60.60,0.381,4.153,0.296,banana,fresh
43668554,43188,78.05,849.65,60.55,0.381,4.153,0.296,banana,fresh
43669565,43189,78.00,849.55,60.65,0.381,4.152,0.296,banana,fresh
43670576,43190,78.00,849.65,60.70,0.381,4.153,0.297,banana,fresh
43671587,43191,78.00,849.55,60.45,0.381,4.152,0.295,banana,fresh
43672598,43192,78.00,849.50,60.60,0.381,4.152,0.296,banana,fresh
43673610,43193,78.00,849.70,60.55,0.381,4.153,0.296,banana,fresh
43674620,43194,78.05,849.70,60.75,0.381,4.153,0.297,banana,fresh
43675632,43195,78.00,849.85,60.30,0.381,4.154,0.295,banana,fresh
43676643,43196,78.00,849.75,60.60,0.381,4.153,0.296,banana,fresh
43677654,43197,78.05,849.60,60.50,0.381,4.152,0.296,banana,fresh
43678665,43198,78.00,849.45,60.60,0.381,4.152,0.296,banana,fresh
43679676,43199,78.00,849.60,60.40,0.381,4.152,0.295,banana,fresh
43680688,43200,78.00,849.65,60.40,0.381,4.153,0.295,banana,fresh
43681698,43201,78.00,849.65,60.65,0.381,4.153,0.296,banana,fresh
43682710,43202,78.00,849.55,60.45,0.381,4.152,0.295,banana,fresh
43683721,43203,78.00,849.55,60.40,0.381,4.152,0.295,banana,fresh
43684731,43204,78.05,849.60,60.45,0.381,4.152,0.295,banana,fresh
43685743,43205,78.10,849.65,60.70,0.382,4.153,0.297,banana,fresh
43686754,43206,78.00,849.75,60.70,0.381,4.153,0.297,banana,fresh
43687766,43207,78.05,849.60,60.55,0.381,4.152,0.296,banana,fresh
43688776,43208,78.00,849.60,60.60,0.381,4.152,0.296,banana,fresh
43689788,43209,78.00,849.65,60.75,0.381,4.153,0.297,banana,fresh
43690799,43210,78.00,849.80,60.55,0.381,4.153,0.296,banana,fresh
43691810,43211,78.10,849.65,60.55,0.382,4.153,0.296,banana,fresh
43692821,43212,78.05,849.60,60.55,0.381,4.152,0.296,banana,fresh
43693832,43213,78.00,849.80,60.50,0.381,4.153,0.296,banana,fresh
43694843,43214,78.05,849.70,60.70,0.381,4.153,0.297,banana,fresh
43695854,43215,78.05,849.60,60.55,0.381,4.152,0.296,banana,fresh
43696866,43216,78.10,849.60,60.70,0.382,4.152,0.297,banana,fresh
43697876,43217,78.05,849.50,60.35,0.381,4.152,0.295,banana,fresh
43698888,43218,78.05,849.70,60.40,0.381,4.153,0.295,banana,fresh
43699899,43219,78.10,849.60,60.65,0.382,4.152,0.296,banana,fresh
43700910,43220,78.05,849.60,60.70,0.381,4.152,0.297,banana,fresh
43701921,43221,78.05,849.80,60.60,0.381,4.153,0.296,banana,fresh
43702932,43222,78.00,849.60,60.70,0.381,4.152,0.297,banana,fresh
43703944,43223,78.00,849.55,60.45,0.381,4.152,0.295,banana,fresh
43704954,43224,78.05,849.45,60.55,0.381,4.152,0.296,banana,fresh
43705966,43225,78.00,849.65,60.70,0.381,4.153,0.297,banana,fresh
43706977,43226,78.00,849.80,60.55,0.381,4.153,0.296,banana,fresh
43707988,43227,78.05,849.60,60.60,0.381,4.152,0.296,banana,fresh
43708999,43228,78.05,849.70,60.60,0.381,4.153,0.296,banana,fresh
43710010,43229,78.00,849.60,60.80,0.381,4.152,0.297,banana,fresh
43711022,43230,78.00,849.60,60.65,0.381,4.152,0.296,banana,fresh
43712032,43231,78.05,849.60,60.60,0.381,4.152,0.296,banana,fresh
43713044,43232,78.05,849.40,60.60,0.381,4.152,0.296,banana,fresh
43714055,43233,78.00,849.65,60.45,0.381,4.153,0.295,banana,fresh
43715066,43234,78.00,849.65,60.35,0.381,4.153,0.295,banana,fresh
43716077,43235,78.00,849.75,60.65,0.381,4.153,0.296,banana,fresh
43717088,43236,78.00,849.70,60.55,0.381,4.153,0.296,banana,fresh
43718099,43237,78.05,849.40,60.50,0.381,4.152,0.296,banana,fresh
43719110,43238,78.05,849.65,60.35,0.381,4.153,0.295,banana,fresh
43720122,43239,78.00,849.65,60.60,0.381,4.153,0.296,banana,fresh
43721133,43240,78.00,849.65,60.55,0.381,4.153,0.296,banana,fresh
43722144,43241,78.00,849.45,60.65,0.381,4.152,0.296,banana,fresh
43723155,43242,78.00,849.70,60.70,0.381,4.153,0.297,banana,fresh
43724166,43243,78.05,849.65,60.55,0.381,4.153,0.296,banana,fresh
43725177,43244,78.05,849.50,60.70,0.381,4.152,0.297,banana,fresh
43726188,43245,78.00,849.65,60.50,0.381,4.153,0.296,banana,fresh
43727200,43246,78.05,849.55,60.70,0.381,4.152,0.297,banana,fresh
43728210,43247,78.00,849.70,60.60,0.381,4.153,0.296,banana,fresh
43729222,43248,78.00,849.75,60.50,0.381,4.153,0.296,banana,fresh
43730233,43249,78.15,849.80,60.40,0.382,4.153,0.295,banana,fresh
43731245,43250,78.05,849.55,60.50,0.381,4.152,0.296,banana,fresh
43732255,43251,78.05,849.80,60.50,0.381,4.153,0.296,banana,fresh
43733266,43252,78.00,849.70,60.25,0.381,4.153,0.294,banana,fresh
43734278,43253,78.05,849.40,60.60,0.381,4.152,0.296,banana,fresh
43735288,43254,78.00,849.50,60.65,0.381,4.152,0.296,banana,fresh
43736300,43255,78.00,849.65,60.60,0.381,4.153,0.296,banana,fresh
43737311,43256,78.10,849.55,60.50,0.382,4.152,0.296,banana,fresh
43738322,43257,78.05,849.55,60.40,0.381,4.152,0.295,banana,fresh
43739333,43258,78.05,849.55,60.40,0.381,4.152,0.295,banana,fresh
43740344,43259,78.00,849.65,60.40,0.381,4.153,0.295,banana,fresh
43741356,43260,78.00,849.60,60.60,0.381,4.152,0.296,banana,fresh
43742366,43261,78.05,849.65,60.45,0.381,4.153,0.295,banana,fresh
43743378,43262,78.00,849.55,60.55,0.381,4.152,0.296,banana,fresh
43744389,43263,78.00,849.50,60.55,0.381,4.152,0.296,banana,fresh
43745400,43264,78.05,849.65,60.50,0.381,4.153,0.296,banana,fresh
43746411,43265,78.00,849.50,60.40,0.381,4.152,0.295,banana,fresh
43747423,43266,78.05,849.70,60.40,0.381,4.153,0.295,banana,fresh
43748433,43267,78.05,849.55,60.45,0.381,4.152,0.295,banana,fresh
43749444,43268,78.05,849.50,60.55,0.381,4.152,0.296,banana,fresh
43750456,43269,78.05,849.50,60.50,0.381,4.152,0.296,banana,fresh
43751467,43270,78.05,849.55,60.45,0.381,4.152,0.295,banana,fresh
43752478,43271,78.00,849.50,60.40,0.381,4.152,0.295,banana,fresh
43753489,43272,78.00,849.60,60.70,0.381,4.152,0.297,banana,fresh
43754501,43273,78.00,849.35,60.50,0.381,4.151,0.296,banana,fresh
43755511,43274,78.00,849.60,60.40,0.381,4.152,0.295,banana,fresh
43756522,43275,78.00,849.65,60.40,0.381,4.153,0.295,banana,fresh
43757534,43276,78.00,849.65,60.40,0.381,4.153,0.295,banana,fresh
43758544,43277,77.95,849.55,60.55,0.381,4.152,0.296,banana,fresh
43759556,43278,78.00,849.75,60.55,0.381,4.153,0.296,banana,fresh
43760567,43279,78.00,849.45,60.40,0.381,4.152,0.295,banana,fresh
43761579,43280,78.15,849.40,60.60,0.382,4.152,0.296,banana,fresh
43762589,43281,78.10,849.30,60.50,0.382,4.151,0.296,banana,fresh
43763601,43282,78.05,849.55,60.65,0.381,4.152,0.296,banana,fresh
43764612,43283,78.05,849.40,60.40,0.381,4.152,0.295,banana,fresh
43765622,43284,78.00,849.40,60.65,0.381,4.152,0.296,banana,fresh
43766634,43285,78.05,849.75,60.45,0.381,4.153,0.295,banana,fresh
43767645,43286,78.00,849.55,60.60,0.381,4.152,0.296,banana,fresh
43768656,43287,78.00,849.55,60.50,0.381,4.152,0.296,banana,fresh
43769667,43288,78.05,849.45,60.55,0.381,4.152,0.296,banana,fresh
43770679,43289,78.05,849.60,60.40,0.381,4.152,0.295,banana,fresh
43771689,43290,78.00,849.70,60.55,0.381,4.153,0.296,banana,fresh
43772700,43291,78.05,849.70,60.55,0.381,4.153,0.296,banana,fresh
43773712,43292,78.05,849.65,60.50,0.381,4.153,0.296,banana,fresh
43774723,43293,78.00,849.70,60.70,0.381,4.153,0.297,banana,fresh
43775734,43294,78.00,849.55,60.50,0.381,4.152,0.296,banana,fresh
43776745,43295,78.05,849.70,60.55,0.381,4.153,0.296,banana,fresh
43777757,43296,78.05,849.45,60.60,0.381,4.152,0.296,banana,fresh
43778767,43297,78.00,849.50,60.75,0.381,4.152,0.297,banana,fresh
43779779,43298,78.05,849.35,60.35,0.381,4.151,0.295,banana,fresh
43780790,43299,78.05,849.50,60.50,0.381,4.152,0.296,banana,fresh
43781800,43300,78.00,849.70,60.45,0.381,4.153,0.295,banana,fresh
43782812,43301,78.05,849.55,60.55,0.381,4.152,0.296,banana,fresh
43783823,43302,78.05,849.50,60.30,0.381,4.152,0.295,banana,fresh
43784835,43303,78.05,849.60,60.50,0.381,4.152,0.296,banana,fresh
43785845,43304,78.10,849.50,60.65,0.382,4.152,0.296,banana,fresh
43786857,43305,78.10,849.55,60.35,0.382,4.152,0.295,banana,fresh
43787868,43306,78.05,849.65,60.35,0.381,4.153,0.295,banana,fresh
43788879,43307,78.15,849.35,60.50,0.382,4.151,0.296,banana,fresh
43789890,43308,78.10,849.60,60.55,0.382,4.152,0.296,banana,fresh
43790901,43309,78.00,849.70,60.45,0.381,4.153,0.295,banana,fresh
43791912,43310,78.05,849.70,60.35,0.381,4.153,0.295,banana,fresh
43792923,43311,78.00,849.70,60.55,0.381,4.153,0.296,banana,fresh
43793935,43312,78.05,849.40,60.45,0.381,4.152,0.295,banana,fresh
43794946,43313,78.25,849.50,60.55,0.382,4.152,0.296,banana,fresh
43795957,43314,78.05,849.50,60.50,0.381,4.152,0.296,banana,fresh
43796968,43315,78.00,849.50,60.65,0.381,4.152,0.296,banana,fresh
43797979,43316,78.00,849.35,60.55,0.381,4.151,0.296,banana,fresh
43798990,43317,78.00,849.45,60.50,0.381,4.152,0.296,banana,fresh
43800001,43318,78.05,849.50,60.50,0.381,4.152,0.296,banana,fresh
43801013,43319,78.00,849.80,60.55,0.381,4.153,0.296,banana,fresh
43802023,43320,78.00,849.65,60.55,0.381,4.153,0.296,banana,fresh
43803035,43321,78.00,849.65,60.50,0.381,4.153,0.296,banana,fresh
43804046,43322,78.05,849.70,60.35,0.381,4.153,0.295,banana,fresh
43805057,43323,78.05,849.55,60.65,0.381,4.152,0.296,banana,fresh
43806068,43324,78.10,849.45,60.50,0.382,4.152,0.296,banana,fresh
43807079,43325,78.15,849.45,60.55,0.382,4.152,0.296,banana,fresh
43808091,43326,78.00,849.30,60.45,0.381,4.151,0.295,banana,fresh
43809101,43327,78.00,849.65,60.45,0.381,4.153,0.295,banana,fresh
43810113,43328,78.10,849.35,60.50,0.382,4.151,0.296,banana,fresh
43811124,43329,78.05,849.65,60.45,0.381,4.153,0.295,banana,fresh
43812135,43330,78.10,849.35,60.45,0.382,4.151,0.295,banana,fresh
43813146,43331,78.05,849.55,60.60,0.381,4.152,0.296,banana,fresh
43814158,43332,78.00,849.45,60.30,0.381,4.152,0.295,banana,fresh
43815169,43333,78.00,849.40,60.45,0.381,4.152,0.295,banana,fresh
43816179,43334,78.00,849.25,60.45,0.381,4.151,0.295,banana,fresh
43817191,43335,78.05,849.45,60.55,0.381,4.152,0.296,banana,fresh
43818202,43336,78.05,849.50,60.55,0.381,4.152,0.296,banana,fresh
43819213,43337,78.00,849.50,60.55,0.381,4.152,0.296,banana,fresh
43820224,43338,78.00,849.50,60.55,0.381,4.152,0.296,banana,fresh
43821236,43339,78.05,849.40,60.55,0.381,4.152,0.296,banana,fresh
43822246,43340,78.00,849.40,60.30,0.381,4.152,0.295,banana,fresh
43823257,43341,78.00,849.50,60.40,0.381,4.152,0.295,banana,fresh
43824269,43342,78.05,849.55,60.50,0.381,4.152,0.296,banana,fresh
43825280,43343,78.05,849.50,60.45,0.381,4.152,0.295,banana,fresh
43826291,43344,78.00,849.40,60.45,0.381,4.152,0.295,banana,fresh
43827302,43345,78.05,849.50,60.30,0.381,4.152,0.295,banana,fresh
43828314,43346,78.10,849.40,60.60,0.382,4.152,0.296,banana,fresh
43829324,43347,78.00,849.45,60.35,0.381,4.152,0.295,banana,fresh
43830335,43348,78.05,849.45,60.45,0.381,4.152,0.295,banana,fresh
43831347,43349,78.05,849.70,60.40,0.381,4.153,0.295,banana,fresh
43832357,43350,78.00,849.45,60.45,0.381,4.152,0.295,banana,fresh
43833369,43351,78.20,849.45,60.45,0.382,4.152,0.295,banana,fresh
43834380,43352,78.15,849.40,60.35,0.382,4.152,0.295,banana,fresh
43835392,43353,78.10,849.55,60.50,0.382,4.152,0.296,banana,fresh
43836402,43354,78.00,849.40,60.35,0.381,4.152,0.295,banana,fresh
43837414,43355,78.05,849.40,60.40,0.381,4.152,0.295,banana,fresh
43838425,43356,78.00,849.55,60.45,0.381,4.152,0.295,banana,fresh
43839435,43357,78.00,849.30,60.50,0.381,4.151,0.296,banana,fresh
43840447,43358,78.15,849.50,60.50,0.382,4.152,0.296,banana,fresh
43841458,43359,77.95,849.45,60.40,0.381,4.152,0.295,banana,fresh
43842469,43360,78.15,849.40,60.45,0.382,4.152,0.295,banana,fresh
43843480,43361,78.05,849.25,60.20,0.381,4.151,0.294,banana,fresh
43844492,43362,78.10,849.60,60.35,0.382,4.152,0.295,banana,fresh
43845502,43363,77.95,849.30,60.65,0.381,4.151,0.296,banana,fresh
43846514,43364,78.00,849.40,60.55,0.381,4.152,0.296,banana,fresh
43847525,43365,78.00,849.40,60.55,0.381,4.152,0.296,banana,fresh
43848536,43366,78.05,849.30,60.45,0.381,4.151,0.295,banana,fresh
43849547,43367,78.00,849.35,60.40,0.381,4.151,0.295,banana,fresh
43850558,43368,78.20,849.20,60.35,0.382,4.151,0.295,banana,fresh
43851570,43369,78.05,849.40,60.45,0.381,4.152,0.295,banana,fresh
43852580,43370,78.05,849.15,60.20,0.381,4.150,0.294,banana,fresh
43853592,43371,78.10,849.60,60.30,0.382,4.152,0.295,banana,fresh
43854603,43372,78.10,849.35,60.10,0.382,4.151,0.294,banana,fresh
43855613,43373,78.05,849.40,60.30,0.381,4.152,0.295,banana,fresh
43856625,43374,78.00,849.60,60.55,0.381,4.152,0.296,banana,fresh
43857636,43375,78.05,849.50,60.40,0.381,4.152,0.295,banana,fresh
43858648,43376,78.05,849.40,60.50,0.381,4.152,0.296,banana,fresh
43859658,43377,77.95,849.35,60.45,0.381,4.151,0.295,banana,fresh
43860670,43378,78.00,849.30,60.45,0.381,4.151,0.295,banana,fresh
43861681,43379,78.05,849.25,60.50,0.381,4.151,0.296,banana,fresh
43862691,43380,78.00,849.45,60.65,0.381,4.152,0.296,banana,fresh
43863703,43381,78.05,849.40,60.35,0.381,4.152,0.295,banana,fresh
43864714,43382,78.00,849.60,60.50,0.381,4.152,0.296,banana,fresh
43865725,43383,78.05,849.45,60.55,0.381,4.152,0.296,banana,fresh
43866736,43384,78.10,849.25,60.30,0.382,4.151,0.295,banana,fresh
43867748,43385,78.00,849.40,60.50,0.381,4.152,0.296,banana,fresh
43868759,43386,78.10,849.50,60.45,0.382,4.152,0.295,banana,fresh
43869770,43387,78.10,849.25,60.60,0.382,4.151,0.296,banana,fresh
43870781,43388,78.05,849.45,60.60,0.381,4.152,0.296,banana,fresh
43871792,43389,78.05,849.25,60.50,0.381,4.151,0.296,banana,fresh
43872803,43390,78.10,849.30,60.60,0.382,4.151,0.296,banana,fresh
43873814,43391,78.00,849.45,60.50,0.381,4.152,0.296,banana,fresh
43874826,43392,78.00,849.50,60.40,0.381,4.152,0.295,banana,fresh
43875836,43393,78.05,849.45,60.25,0.381,4.152,0.294,banana,fresh
43876848,43394,77.95,849.40,60.50,0.381,4.152,0.296,banana,fresh
43877859,43395,78.00,849.55,60.25,0.381,4.152,0.294,banana,fresh
43878870,43396,78.00,849.60,60.50,0.381,4.152,0.296,banana,fresh
43879881,43397,78.05,849.25,60.55,0.381,4.151,0.296,banana,fresh
43880892,43398,78.00,849.45,60.50,0.381,4.152,0.296,banana,fresh
43881904,43399,78.10,849.35,60.35,0.382,4.151,0.295,banana,fresh
43882914,43400,78.05,849.30,60.50,0.381,4.151,0.296,banana,fresh
43883926,43401,78.15,849.35,60.40,0.382,4.151,0.295,banana,fresh
43884937,43402,78.10,849.50,60.45,0.382,4.152,0.295,banana,fresh
43885948,43403,78.00,849.15,60.50,0.381,4.150,0.296,banana,fresh
43886959,43404,78.10,849.30,60.35,0.382,4.151,0.295,banana,fresh
43887970,43405,78.00,849.45,60.45,0.381,4.152,0.295,banana,fresh
43888982,43406,78.00,849.20,60.50,0.381,4.151,0.296,banana,fresh
43889992,43407,78.15,849.25,60.35,0.382,4.151,0.295,banana,fresh
43891004,43408,78.00,849.40,60.40,0.381,4.152,0.295,banana,fresh
43892015,43409,78.15,849.30,60.25,0.382,4.151,0.294,banana,fresh
43893026,43410,78.05,849.30,60.40,0.381,4.151,0.295,banana,fresh
43894037,43411,77.95,849.60,60.40,0.381,4.152,0.295,banana,fresh
43895049,43412,78.05,849.40,60.35,0.381,4.152,0.295,banana,fresh
43896059,43413,78.10,849.45,60.50,0.382,4.152,0.296,banana,fresh
43897070,43414,78.00,849.40,60.35,0.381,4.152,0.295,banana,fresh
43898082,43415,78.00,849.50,60.25,0.381,4.152,0.294,banana,fresh
43899092,43416,78.05,849.40,60.50,0.381,4.152,0.296,banana,fresh
43900104,43417,78.10,849.30,60.30,0.382,4.151,0.295,banana,fresh
43901115,43418,78.00,849.25,60.60,0.381,4.151,0.296,banana,fresh
43902127,43419,78.15,849.40,60.45,0.382,4.152,0.295,banana,fresh
43903137,43420,78.05,849.25,60.35,0.381,4.151,0.295,banana,fresh
43904148,43421,78.05,849.10,60.60,0.381,4.150,0.296,banana,fresh
43905160,43422,78.15,849.40,60.60,0.382,4.152,0.296,banana,fresh
43906170,43423,78.10,849.30,60.50,0.382,4.151,0.296,banana,fresh
43907182,43424,78.00,849.25,60.55,0.381,4.151,0.296,banana,fresh
43908193,43425,78.05,849.35,60.40,0.381,4.151,0.295,banana,fresh
43909204,43426,77.95,849.30,60.45,0.381,4.151,0.295,banana,fresh
43910215,43427,78.00,849.35,60.50,0.381,4.151,0.296,banana,fresh
43911226,43428,78.00,849.20,60.50,0.381,4.151,0.296,banana,fresh
43912238,43429,78.05,849.35,60.60,0.381,4.151,0.296,banana,fresh
43913248,43430,78.05,849.25,60.40,0.381,4.151,0.295,banana,fresh
43914260,43431,78.05,849.35,60.60,0.381,4.151,0.296,banana,fresh
43915271,43432,78.00,849.40,60.45,0.381,4.152,0.295,banana,fresh
43916282,43433,78.05,849.40,60.40,0.381,4.152,0.295,banana,fresh
43917293,43434,78.00,849.30,60.60,0.381,4.151,0.296,banana,fresh
43918305,43435,78.05,849.40,60.40,0.381,4.152,0.295,banana,fresh
43919315,43436,78.00,849.30,60.50,0.381,4.151,0.296,banana,fresh
43920326,43437,78.00,849.25,60.40,0.381,4.151,0.295,banana,fresh
43921338,43438,78.10,849.30,60.70,0.382,4.151,0.297,banana,fresh
43922349,43439,78.05,849.20,60.50,0.381,4.151,0.296,banana,fresh
43923360,43440,78.15,849.45,60.30,0.382,4.152,0.295,banana,fresh
43924371,43441,78.00,849.45,60.40,0.381,4.152,0.295,banana,fresh
43925383,43442,78.10,849.55,60.55,0.382,4.152,0.296,banana,fresh
43926393,43443,78.00,849.40,60.70,0.381,4.152,0.297,banana,fresh
43927404,43444,78.00,849.45,60.45,0.381,4.152,0.295,banana,fresh
43928416,43445,78.15,849.55,60.35,0.382,4.152,0.295,banana,fresh
43929426,43446,78.00,849.25,60.45,0.381,4.151,0.295,banana,fresh
43930438,43447,78.25,849.40,60.50,0.382,4.152,0.296,banana,fresh
43931449,43448,78.15,849.35,60.70,0.382,4.151,0.297,banana,fresh
43932461,43449,78.00,849.20,60.40,0.381,4.151,0.295,banana,fresh
43933471,43450,78.05,849.25,60.50,0.381,4.151,0.296,banana,fresh
43934483,43451,78.15,849.35,60.40,0.382,4.151,0.295,banana,fresh
43935494,43452,78.05,849.35,60.40,0.381,4.151,0.295,banana,fresh
43936504,43453,78.10,849.50,60.35,0.382,4.152,0.295,banana,fresh
43937516,43454,78.00,849.45,60.35,0.381,4.152,0.295,banana,fresh
43938527,43455,78.05,849.45,60.40,0.381,4.152,0.295,banana,fresh
43939538,43456,78.00,849.35,60.55,0.381,4.151,0.296,banana,fresh
43940549,43457,78.05,849.45,60.40,0.381,4.152,0.295,banana,fresh
43941561,43458,78.10,849.35,60.55,0.382,4.151,0.296,banana,fresh
43942572,43459,78.20,849.40,60.55,0.382,4.152,0.296,banana,fresh
43943583,43460,78.15,849.55,60.55,0.382,4.152,0.296,banana,fresh
43944594,43461,78.15,849.45,60.45,0.382,4.152,0.295,banana,fresh
43945605,43462,78.10,849.35,60.55,0.382,4.151,0.296,banana,fresh
43946616,43463,78.05,849.20,60.55,0.381,4.151,0.296,banana,fresh
43947627,43464,78.05,849.25,60.55,0.381,4.151,0.296,banana,fresh
43948639,43465,78.05,849.60,60.45,0.381,4.152,0.295,banana,fresh
43949649,43466,78.05,849.35,60.30,0.381,4.151,0.295,banana,fresh
43950661,43467,78.00,849.25,60.40,0.381,4.151,0.295,banana,fresh
43951672,43468,78.05,849.30,60.50,0.381,4.151,0.296,banana,fresh
43952683,43469,78.10,849.45,60.45,0.382,4.152,0.295,banana,fresh
43953694,43470,78.20,849.30,60.60,0.382,4.151,0.296,banana,fresh
43954705,43471,78.15,849.30,60.60,0.382,4.151,0.296,banana,fresh
43955717,43472,78.00,849.45,60.45,0.381,4.152,0.295,banana,fresh
43956727,43473,78.00,849.30,60.70,0.381,4.151,0.297,banana,fresh
43957739,43474,78.05,849.40,60.45,0.381,4.152,0.295,banana,fresh
43958750,43475,78.20,849.20,60.60,0.382,4.151,0.296,banana,fresh
43959761,43476,78.05,849.30,60.45,0.381,4.151,0.295,banana,fresh
43960772,43477,78.05,849.60,60.55,0.381,4.152,0.296,banana,fresh
43961783,43478,78.10,849.45,60.45,0.382,4.152,0.295,banana,fresh
43962795,43479,78.05,849.30,60.50,0.381,4.151,0.296,banana,fresh
43963805,43480,78.15,849.40,60.35,0.382,4.152,0.295,banana,fresh
43964817,43481,78.00,849.35,60.30,0.381,4.151,0.295,banana,fresh
43965828,43482,78.05,849.40,60.40,0.381,4.152,0.295,banana,fresh
43966839,43483,78.10,849.35,60.55,0.382,4.151,0.296,banana,fresh
43967850,43484,78.20,849.25,60.55,0.382,4.151,0.296,banana,fresh
43968862,43485,78.05,849.15,60.65,0.381,4.150,0.296,banana,fresh
43969872,43486,78.00,849.15,60.55,0.381,4.150,0.296,banana,fresh
43970883,43487,78.10,849.25,60.55,0.382,4.151,0.296,banana,fresh
43971895,43488,78.05,849.50,60.60,0.381,4.152,0.296,banana,fresh
43972905,43489,78.15,849.20,60.65,0.382,4.151,0.296,banana,fresh
43973917,43490,78.10,849.50,60.45,0.382,4.152,0.295,banana,fresh
43974928,43491,78.10,849.25,60.55,0.382,4.151,0.296,banana,fresh
43975940,43492,78.05,849.45,60.60,0.381,4.152,0.296,banana,fresh
43976950,43493,78.15,849.50,60.50,0.382,4.152,0.296,banana,fresh
43977961,43494,78.00,849.50,60.55,0.381,4.152,0.296,banana,fresh
43978973,43495,78.15,849.40,60.65,0.382,4.152,0.296,banana,fresh
43979983,43496,78.15,849.20,60.55,0.382,4.151,0.296,banana,fresh
43980995,43497,78.20,849.35,60.45,0.382,4.151,0.295,banana,fresh
43982006,43498,78.10,849.15,60.35,0.382,4.150,0.295,banana,fresh
43983017,43499,78.10,849.30,60.50,0.382,4.151,0.296,banana,fresh
43984028,43500,78.05,849.35,60.40,0.381,4.151,0.295,banana,fresh
43985040,43501,78.15,849.30,60.60,0.382,4.151,0.296,banana,fresh
43986051,43502,78.10,849.25,60.60,0.382,4.151,0.296,banana,fresh
43987061,43503,78.05,849.40,60.65,0.381,4.152,0.296,banana,fresh
43988073,43504,78.10,849.35,60.50,0.382,4.151,0.296,banana,fresh
43989084,43505,78.10,849.30,60.55,0.382,4.151,0.296,banana,fresh
43990095,43506,78.20,849.35,60.50,0.382,4.151,0.296,banana,fresh
43991106,43507,78.10,849.40,60.45,0.382,4.152,0.295,banana,fresh
43992118,43508,78.05,849.50,60.50,0.381,4.152,0.296,banana,fresh
43993128,43509,78.10,849.35,60.60,0.382,4.151,0.296,banana,fresh
43994139,43510,78.05,849.40,60.65,0.381,4.152,0.296,banana,fresh
43995151,43511,78.10,849.40,60.60,0.382,4.152,0.296,banana,fresh
43996162,43512,78.20,849.55,60.70,0.382,4.152,0.297,banana,fresh
43997173,43513,78.20,849.40,60.75,0.382,4.152,0.297,banana,fresh
43998184,43514,78.15,849.20,60.40,0.382,4.151,0.295,banana,fresh
43999196,43515,78.05,849.25,60.70,0.381,4.151,0.297,banana,fresh
44000206,43516,78.05,849.30,60.60,0.381,4.151,0.296,banana,fresh
44001217,43517,78.15,849.30,60.50,0.382,4.151,0.296,banana,fresh
44002229,43518,78.05,849.50,60.45,0.381,4.152,0.295,banana,fresh
44003239,43519,78.10,849.45,60.70,0.382,4.152,0.297,banana,fresh
44004251,43520,78.10,849.40,60.55,0.382,4.152,0.296,banana,fresh
44005262,43521,78.10,849.40,60.35,0.382,4.152,0.295,banana,fresh
44006274,43522,78.10,849.50,60.60,0.382,4.152,0.296,banana,fresh
44007284,43523,78.15,849.70,60.55,0.382,4.153,0.296,banana,fresh
44008296,43524,78.20,849.40,60.55,0.382,4.152,0.296,banana,fresh
44009307,43525,78.15,849.35,60.65,0.382,4.151,0.296,banana,fresh
44010317,43526,78.10,849.45,60.55,0.382,4.152,0.296,banana,fresh
44011329,43527,78.10,849.60,60.65,0.382,4.152,0.296,banana,fresh
44012340,43528,78.10,849.40,60.70,0.382,4.152,0.297,banana,fresh
44013351,43529,78.15,849.70,60.55,0.382,4.153,0.296,banana,fresh
44014362,43530,78.25,849.50,60.55,0.382,4.152,0.296,banana,fresh
44015374,43531,78.20,849.40,60.55,0.382,4.152,0.296,banana,fresh
44016385,43532,78.05,849.45,60.45,0.381,4.152,0.295,banana,fresh
44017396,43533,78.05,849.25,60.70,0.381,4.151,0.297,banana,fresh
44018407,43534,78.00,849.55,60.60,0.381,4.152,0.296,banana,fresh
44019418,43535,78.20,849.60,60.60,0.382,4.152,0.296,banana,fresh
44020429,43536,78.20,849.55,60.75,0.382,4.152,0.297,banana,fresh
44021440,43537,78.30,849.60,60.70,0.383,4.152,0.297,banana,fresh
44022452,43538,78.10,849.70,60.80,0.382,4.153,0.297,banana,fresh
44023462,43539,78.20,849.60,60.80,0.382,4.152,0.297,banana,fresh
44024474,43540,78.30,849.70,60.70,0.383,4.153,0.297,banana,fresh
44025485,43541,78.10,849.65,60.50,0.382,4.153,0.296,banana,fresh
44026496,43542,78.15,849.65,60.60,0.382,4.153,0.296,banana,fresh
44027507,43543,78.25,849.50,60.80,0.382,4.152,0.297,banana,fresh
44028518,43544,78.15,849.45,60.60,0.382,4.152,0.296,banana,fresh
44029530,43545,78.25,849.50,60.55,0.382,4.152,0.296,banana,fresh
44030540,43546,78.10,849.65,60.60,0.382,4.153,0.296,banana,fresh
44031552,43547,78.15,849.55,60.50,0.382,4.152,0.296,banana,fresh
44032563,43548,78.15,849.65,60.65,0.382,4.153,0.296,banana,fresh
44033574,43549,78.10,849.50,60.65,0.382,4.152,0.296,banana,fresh
44034585,43550,78.30,849.55,60.65,0.383,4.152,0.296,banana,fresh
44035596,43551,78.30,849.60,60.80,0.383,4.152,0.297,banana,fresh
44036608,43552,78.40,849.45,60.80,0.383,4.152,0.297,banana,fresh
44037618,43553,78.20,849.50,60.55,0.382,4.152,0.296,banana,fresh
44038630,43554,78.10,849.60,60.60,0.382,4.152,0.296,banana,fresh
44039641,43555,78.25,849.40,60.50,0.382,4.152,0.296,banana,fresh
44040652,43556,78.15,849.50,60.70,0.382,4.152,0.297,banana,fresh
44041663,43557,78.20,849.60,60.70,0.382,4.152,0.297,banana,fresh
44042674,43558,78.10,849.45,60.80,0.382,4.152,0.297,banana,fresh
44043685,43559,78.10,849.55,60.80,0.382,4.152,0.297,banana,fresh
44044696,43560,78.25,849.65,60.60,0.382,4.153,0.296,banana,fresh
44045708,43561,78.20,849.50,60.65,0.382,4.152,0.296,banana,fresh
44046718,43562,78.10,849.50,60.55,0.382,4.152,0.296,banana,fresh
44047730,43563,78.20,849.70,60.65,0.382,4.153,0.296,banana,fresh
44048741,43564,78.25,849.65,60.60,0.382,4.153,0.296,banana,fresh
44049753,43565,78.15,849.65,60.60,0.382,4.153,0.296,banana,fresh
44050763,43566,78.30,849.65,60.65,0.383,4.153,0.296,banana,fresh
44051774,43567,78.15,849.70,60.80,0.382,4.153,0.297,banana,fresh
44052786,43568,78.40,849.65,60.40,0.383,4.153,0.295,banana,fresh
44053796,43569,78.30,849.80,60.50,0.383,4.153,0.296,banana,fresh
44054808,43570,78.10,849.45,60.70,0.382,4.152,0.297,banana,fresh
44055819,43571,78.35,849.60,60.70,0.383,4.152,0.297,banana,fresh
44056830,43572,78.10,849.65,60.60,0.382,4.153,0.296,banana,fresh
44057841,43573,78.10,849.75,60.55,0.382,4.153,0.296,banana,fresh
44058853,43574,78.25,849.55,60.80,0.382,4.152,0.297,banana,fresh
44059864,43575,78.10,849.45,60.55,0.382,4.152,0.296,banana,fresh
44060874,43576,78.25,849.55,60.80,0.382,4.152,0.297,banana,fresh
44061886,43577,78.25,849.60,60.75,0.382,4.152,0.297,banana,fresh
44062897,43578,78.15,849.60,60.55,0.382,4.152,0.296,banana,fresh
44063908,43579,78.25,849.65,60.65,0.382,4.153,0.296,banana,fresh
44064919,43580,78.25,849.80,60.70,0.382,4.153,0.297,banana,fresh
44065931,43581,78.25,849.60,60.40,0.382,4.152,0.295,banana,fresh
44066941,43582,78.35,849.75,60.60,0.383,4.153,0.296,banana,fresh
44067952,43583,78.15,849.70,60.50,0.382,4.153,0.296,banana,fresh
44068964,43584,78.15,849.50,60.50,0.382,4.152,0.296,banana,fresh
44069975,43585,78.10,849.75,60.55,0.382,4.153,0.296,banana,fresh
44070986,43586,78.20,849.75,60.55,0.382,4.153,0.296,banana,fresh
44071997,43587,78.20,849.65,60.80,0.382,4.153,0.297,banana,fresh
44073009,43588,78.50,849.65,60.85,0.384,4.153,0.297,banana,fresh
44074019,43589,78.35,849.60,60.50,0.383,4.152,0.296,banana,fresh
44075030,43590,78.50,849.65,60.85,0.384,4.153,0.297,banana,fresh
44076042,43591,78.25,849.80,60.75,0.382,4.153,0.297,banana,fresh
44077052,43592,78.30,849.60,60.60,0.383,4.152,0.296,banana,fresh
44078064,43593,78.20,849.75,60.65,0.382,4.153,0.296,banana,fresh
44079075,43594,78.40,849.65,60.60,0.383,4.153,0.296,banana,fresh
44080087,43595,78.25,849.60,60.90,0.382,4.152,0.298,banana,fresh
44081097,43596,78.20,849.75,60.75,0.382,4.153,0.297,banana,fresh
44082109,43597,78.40,849.70,60.50,0.383,4.153,0.296,banana,fresh
44083120,43598,78.55,849.75,60.85,0.384,4.153,0.297,banana,fresh
44084130,43599,78.35,849.65,60.60,0.383,4.153,0.296,banana,fresh
44085142,43600,78.25,849.70,60.80,0.382,4.153,0.297,banana,fresh
44086153,43601,78.30,849.70,60.75,0.383,4.153,0.297,banana,fresh
44087164,43602,78.45,849.75,60.70,0.383,4.153,0.297,banana,fresh
44088175,43603,78.15,849.85,60.85,0.382,4.154,0.297,banana,fresh
44089187,43604,78.20,849.85,60.80,0.382,4.154,0.297,banana,fresh
44090198,43605,78.20,849.70,60.60,0.382,4.153,0.296,banana,fresh
44091209,43606,78.40,849.70,60.75,0.383,4.153,0.297,banana,fresh
44092220,43607,78.45,849.75,60.85,0.383,4.153,0.297,banana,fresh
44093231,43608,78.45,849.85,60.55,0.383,4.154,0.296,banana,fresh
44094242,43609,78.45,849.80,60.55,0.383,4.153,0.296,banana,fresh
44095253,43610,78.30,849.90,60.90,0.383,4.154,0.298,banana,fresh
44096265,43611,78.35,849.85,60.75,0.383,4.154,0.297,banana,fresh
44097275,43612,78.45,849.80,60.70,0.383,4.153,0.297,banana,fresh
44098287,43613,78.40,849.85,60.55,0.383,4.154,0.296,banana,fresh
44099298,43614,78.40,849.95,60.95,0.383,4.154,0.298,banana,fresh
44100308,43615,78.40,849.85,60.65,0.383,4.154,0.296,banana,fresh
44101320,43616,78.45,849.85,60.80,0.383,4.154,0.297,banana,fresh
44102331,43617,78.35,849.75,60.85,0.383,4.153,0.297,banana,fresh
44103343,43618,78.50,849.90,60.70,0.384,4.154,0.297,banana,fresh
44104353,43619,78.30,849.80,60.80,0.383,4.153,0.297,banana,fresh
44105365,43620,78.65,849.75,60.75,0.384,4.153,0.297,banana,fresh
44106376,43621,78.45,849.90,60.75,0.383,4.154,0.297,banana,fresh
44107386,43622,78.45,849.65,60.70,0.383,4.153,0.297,banana,fresh
44108398,43623,78.50,849.85,60.60,0.384,4.154,0.296,banana,fresh
44109409,43624,78.55,849.85,60.60,0.384,4.154,0.296,banana,fresh
44110420,43625,78.45,849.90,60.65,0.383,4.154,0.296,banana,fresh
44111431,43626,78.45,849.80,60.70,0.383,4.153,0.297,banana,fresh
44112443,43627,78.70,849.75,60.55,0.385,4.153,0.296,banana,fresh
44113454,43628,78.60,849.95,60.65,0.384,4.154,0.296,banana,fresh
44114465,43629,78.60,849.75,60.60,0.384,4.153,0.296,banana,fresh
44115476,43630,78.25,849.95,60.70,0.382,4.154,0.297,banana,fresh
44116487,43631,78.40,849.95,60.75,0.383,4.154,0.297,banana,fresh
44117498,43632,78.25,849.85,60.75,0.382,4.154,0.297,banana,fresh
44118509,43633,78.40,849.80,60.50,0.383,4.153,0.296,banana,fresh
44119521,43634,78.45,850.00,60.85,0.383,4.154,0.297,banana,fresh
44120531,43635,78.45,849.95,60.70,0.383,4.154,0.297,banana,fresh
44121543,43636,78.60,849.95,60.75,0.384,4.154,0.297,banana,fresh
44122554,43637,78.35,849.80,60.35,0.383,4.153,0.295,banana,fresh
44123566,43638,78.35,849.85,60.70,0.383,4.154,0.297,banana,fresh
44124576,43639,78.55,849.85,60.75,0.384,4.154,0.297,banana,fresh
44125587,43640,78.40,849.90,60.75,0.383,4.154,0.297,banana,fresh
44126599,43641,78.55,849.85,60.85,0.384,4.154,0.297,banana,fresh
44127609,43642,78.50,849.85,60.85,0.384,4.154,0.297,banana,fresh
44128621,43643,78.50,849.80,60.65,0.384,4.153,0.296,banana,fresh
44129632,43644,78.65,849.70,60.70,0.384,4.153,0.297,banana,fresh
44130643,43645,78.65,849.95,60.65,0.384,4.154,0.296,banana,fresh
44131654,43646,78.55,849.90,60.60,0.384,4.154,0.296,banana,fresh
44132665,43647,78.40,850.00,60.75,0.383,4.154,0.297,banana,fresh
44133677,43648,78.50,849.85,60.75,0.384,4.154,0.297,banana,fresh
44134687,43649,78.50,849.95,60.75,0.384,4.154,0.297,banana,fresh
44135699,43650,78.55,849.90,60.65,0.384,4.154,0.296,banana,fresh
44136710,43651,78.50,849.70,60.65,0.384,4.153,0.296,banana,fresh
44137721,43652,78.45,849.95,60.65,0.383,4.154,0.296,banana,fresh
44138732,43653,78.50,850.00,60.75,0.384,4.154,0.297,banana,fresh
44139743,43654,78.50,849.85,60.70,0.384,4.154,0.297,banana,fresh
44140754,43655,78.40,849.90,60.75,0.383,4.154,0.297,banana,fresh
44141765,43656,78.70,849.90,60.65,0.385,4.154,0.296,banana,fresh
44142777,43657,78.50,849.85,60.70,0.384,4.154,0.297,banana,fresh
44143788,43658,78.50,850.00,60.80,0.384,4.154,0.297,banana,fresh
44144799,43659,78.50,850.00,60.60,0.384,4.154,0.296,banana,fresh
44145810,43660,78.45,849.90,60.60,0.383,4.154,0.296,banana,fresh
44146822,43661,78.60,849.85,60.65,0.384,4.154,0.296,banana,fresh
44147832,43662,78.60,849.90,60.75,0.384,4.154,0.297,banana,fresh
44148843,43663,78.55,849.90,60.55,0.384,4.154,0.296,banana,fresh
44149855,43664,78.50,849.95,60.50,0.384,4.154,0.296,banana,fresh
44150865,43665,78.35,849.90,60.65,0.383,4.154,0.296,banana,fresh
44151877,43666,78.65,849.85,60.55,0.384,4.154,0.296,banana,fresh
44152888,43667,78.80,849.90,60.80,0.385,4.154,0.297,banana,fresh
44153900,43668,78.60,850.00,60.80,0.384,4.154,0.297,banana,fresh
44154910,43669,78.45,849.90,60.75,0.383,4.154,0.297,banana,fresh
44155921,43670,78.65,849.90,60.65,0.384,4.154,0.296,banana,fresh
44156933,43671,78.50,849.90,60.75,0.384,4.154,0.297,banana,fresh
44157943,43672,78.65,849.90,60.65,0.384,4.154,0.296,banana,fresh
44158955,43673,78.55,849.95,60.55,0.384,4.154,0.296,banana,fresh
44159966,43674,78.65,850.00,60.75,0.384,4.154,0.297,banana,fresh
44160977,43675,78.45,849.85,60.55,0.383,4.154,0.296,banana,fresh
44161988,43676,78.40,849.95,60.60,0.383,4.154,0.296,banana,fresh
44163000,43677,78.50,849.95,60.50,0.384,4.154,0.296,banana,fresh
44164011,43678,78.65,849.90,60.70,0.384,4.154,0.297,banana,fresh
44165021,43679,78.60,849.95,60.70,0.384,4.154,0.297,banana,fresh
44166033,43680,78.65,850.00,60.70,0.384,4.154,0.297,banana,fresh
44167044,43681,78.60,850.00,60.60,0.384,4.154,0.296,banana,fresh
44168055,43682,78.70,849.95,60.65,0.385,4.154,0.296,banana,fresh
44169066,43683,78.60,849.95,60.50,0.384,4.154,0.296,banana,fresh
44170078,43684,78.55,850.00,60.70,0.384,4.154,0.297,banana,fresh
44171088,43685,78.65,849.90,60.75,0.384,4.154,0.297,banana,fresh
44172099,43686,78.75,849.95,60.75,0.385,4.154,0.297,banana,fresh
44173111,43687,78.50,850.00,60.65,0.384,4.154,0.296,banana,fresh
44174121,43688,78.50,850.00,60.65,0.384,4.154,0.296,banana,fresh
44175133,43689,78.70,849.90,60.85,0.385,4.154,0.297,banana,fresh
44176144,43690,78.60,850.00,60.50,0.384,4.154,0.296,banana,fresh
44177156,43691,78.65,849.80,60.65,0.384,4.153,0.296,banana,fresh
44178166,43692,78.35,850.00,60.75,0.383,4.154,0.297,banana,fresh
44179177,43693,78.60,849.95,60.65,0.384,4.154,0.296,banana,fresh
44180189,43694,78.65,849.95,60.70,0.384,4.154,0.297,banana,fresh
44181199,43695,78.65,849.90,60.80,0.384,4.154,0.297,banana,fresh
44182211,43696,78.55,849.85,60.65,0.384,4.154,0.296,banana,fresh
44183222,43697,78.45,850.00,60.55,0.383,4.154,0.296,banana,fresh
44184233,43698,78.60,850.00,60.55,0.384,4.154,0.296,banana,fresh
44185244,43699,78.70,850.00,60.45,0.385,4.154,0.295,banana,fresh
44186256,43700,78.60,850.00,60.60,0.384,4.154,0.296,banana,fresh
44187267,43701,78.45,849.95,60.60,0.383,4.154,0.296,banana,fresh
44188277,43702,78.55,850.00,60.60,0.384,4.154,0.296,banana,fresh
44189289,43703,78.65,850.00,60.55,0.384,4.154,0.296,banana,fresh
44190300,43704,78.40,850.00,60.80,0.383,4.154,0.297,banana,fresh
44191311,43705,78.65,849.85,60.55,0.384,4.154,0.296,banana,fresh
44192322,43706,78.45,850.00,60.55,0.383,4.154,0.296,banana,fresh
44193334,43707,78.50,850.00,60.50,0.384,4.154,0.296,banana,fresh
44194344,43708,78.70,850.00,60.60,0.385,4.154,0.296,banana,fresh
44195355,43709,78.60,850.00,60.60,0.384,4.154,0.296,banana,fresh
44196367,43710,78.70,849.95,60.90,0.385,4.154,0.298,banana,fresh
44197378,43711,78.50,850.00,60.70,0.384,4.154,0.297,banana,fresh
44198389,43712,78.65,850.00,60.75,0.384,4.154,0.297,banana,fresh
44199400,43713,78.60,849.95,60.75,0.384,4.154,0.297,banana,fresh
44200412,43714,78.80,850.00,60.70,0.385,4.154,0.297,banana,fresh
44201422,43715,78.55,850.00,60.75,0.384,4.154,0.297,banana,fresh
44202433,43716,78.45,849.95,60.60,0.383,4.154,0.296,banana,fresh
44203445,43717,78.65,850.00,60.70,0.384,4.154,0.297,banana,fresh
44204455,43718,78.75,850.00,60.80,0.385,4.154,0.297,banana,fresh
44205467,43719,78.60,849.95,60.65,0.384,4.154,0.296,banana,fresh
44206478,43720,78.45,849.95,60.55,0.383,4.154,0.296,banana,fresh
44207490,43721,78.65,850.00,60.60,0.384,4.154,0.296,banana,fresh
44208500,43722,78.65,849.95,60.55,0.384,4.154,0.296,banana,fresh
44209512,43723,78.55,849.95,60.65,0.384,4.154,0.296,banana,fresh
44210523,43724,78.65,849.95,60.70,0.384,4.154,0.297,banana,fresh
44211533,43725,78.60,849.95,60.65,0.384,4.154,0.296,banana,fresh
44212545,43726,78.50,850.00,60.50,0.384,4.154,0.296,banana,fresh
44213556,43727,78.50,849.95,60.50,0.384,4.154,0.296,banana,fresh
44214567,43728,78.85,850.00,60.70,0.385,4.154,0.297,banana,fresh
44215578,43729,78.70,850.00,60.70,0.385,4.154,0.297,banana,fresh
44216590,43730,78.35,850.00,60.70,0.383,4.154,0.297,banana,fresh
44217601,43731,78.70,850.00,60.70,0.385,4.154,0.297,banana,fresh
44218611,43732,78.65,850.00,60.45,0.384,4.154,0.295,banana,fresh
44219623,43733,78.45,850.00,60.65,0.383,4.154,0.296,banana,fresh
44220634,43734,78.85,850.00,60.70,0.385,4.154,0.297,banana,fresh
44221645,43735,78.75,850.00,60.45,0.385,4.154,0.295,banana,fresh
44222656,43736,78.65,850.00,60.60,0.384,4.154,0.296,banana,fresh
44223668,43737,78.55,850.00,60.70,0.384,4.154,0.297,banana,fresh
44224678,43738,78.70,850.00,60.45,0.385,4.154,0.295,banana,fresh
44225689,43739,78.75,850.00,60.60,0.385,4.154,0.296,banana,fresh
44226701,43740,78.60,850.00,60.65,0.384,4.154,0.296,banana,fresh
44227712,43741,78.70,850.00,60.45,0.385,4.154,0.295,banana,fresh
44228723,43742,78.55,850.00,60.55,0.384,4.154,0.296,banana,fresh
44229734,43743,78.75,850.00,60.60,0.385,4.154,0.296,banana,fresh
44230746,43744,78.65,849.90,60.70,0.384,4.154,0.297,banana,fresh
44231756,43745,78.75,850.00,60.45,0.385,4.154,0.295,banana,fresh
44232767,43746,78.80,849.95,60.35,0.385,4.154,0.295,banana,fresh
44233779,43747,78.80,850.00,60.65,0.385,4.154,0.296,banana,fresh
44234789,43748,78.60,849.95,60.65,0.384,4.154,0.296,banana,fresh
44235801,43749,78.90,850.00,60.65,0.386,4.154,0.296,banana,fresh
44236812,43750,78.60,850.00,60.60,0.384,4.154,0.296,banana,fresh
44237824,43751,78.75,850.00,60.65,0.385,4.154,0.296,banana,fresh
44238834,43752,78.85,850.05,60.60,0.385,4.155,0.296,banana,fresh
44239845,43753,78.55,850.00,60.85,0.384,4.154,0.297,banana,fresh
44240857,43754,78.75,850.00,60.65,0.385,4.154,0.296,banana,fresh
44241867,43755,78.55,850.00,60.70,0.384,4.154,0.297,banana,fresh
44242879,43756,78.75,849.95,60.70,0.385,4.154,0.297,banana,fresh
44243890,43757,78.65,850.00,60.65,0.384,4.154,0.296,banana,fresh
44244901,43758,78.50,850.00,60.60,0.384,4.154,0.296,banana,fresh
44245912,43759,78.65,850.00,60.55,0.384,4.154,0.296,banana,fresh
44246923,43760,78.75,850.00,60.60,0.385,4.154,0.296,banana,fresh
44247934,43761,78.75,850.00,60.50,0.385,4.154,0.296,banana,fresh
44248945,43762,78.80,850.00,60.60,0.385,4.154,0.296,banana,fresh
44249957,43763,78.80,850.00,60.80,0.385,4.154,0.297,banana,fresh
44250968,43764,78.80,850.00,60.60,0.385,4.154,0.296,banana,fresh
44251979,43765,78.60,850.00,60.55,0.384,4.154,0.296,banana,fresh
44252990,43766,78.70,850.00,60.70,0.385,4.154,0.297,banana,fresh
44254001,43767,78.80,850.00,60.75,0.385,4.154,0.297,banana,fresh
44255012,43768,78.75,850.00,60.60,0.385,4.154,0.296,banana,fresh
44256023,43769,78.65,850.00,60.60,0.384,4.154,0.296,banana,fresh
44257035,43770,78.65,850.00,60.55,0.384,4.154,0.296,banana,fresh
44258045,43771,78.85,850.00,60.75,0.385,4.154,0.297,banana,fresh
44259057,43772,78.80,850.00,60.55,0.385,4.154,0.296,banana,fresh
44260068,43773,78.60,850.00,60.55,0.384,4.154,0.296,banana,fresh
44261079,43774,78.75,850.00,60.65,0.385,4.154,0.296,banana,fresh
44262090,43775,78.55,850.00,60.60,0.384,4.154,0.296,banana,fresh
44263101,43776,78.60,850.00,60.55,0.384,4.154,0.296,banana,fresh
44264113,43777,78.80,850.00,60.55,0.385,4.154,0.296,banana,fresh
44265123,43778,78.70,850.00,60.50,0.385,4.154,0.296,banana,fresh
44266135,43779,78.80,850.00,60.60,0.385,4.154,0.296,banana,fresh
44267146,43780,78.80,850.00,60.80,0.385,4.154,0.297,banana,fresh
44268157,43781,78.80,850.00,60.60,0.385,4.154,0.296,banana,fresh
44269168,43782,78.60,850.00,60.85,0.384,4.154,0.297,banana,fresh
44270179,43783,78.75,849.95,60.55,0.385,4.154,0.296,banana,fresh
44271191,43784,78.85,850.00,60.65,0.385,4.154,0.296,banana,fresh
44272201,43785,78.75,850.00,60.55,0.385,4.154,0.296,banana,fresh
44273213,43786,78.65,850.00,60.60,0.384,4.154,0.296,banana,fresh
44274224,43787,78.70,850.00,60.40,0.385,4.154,0.295,banana,fresh
44275235,43788,78.70,850.00,60.80,0.385,4.154,0.297,banana,fresh
44276246,43789,78.60,850.00,60.70,0.384,4.154,0.297,banana,fresh
44277257,43790,78.75,850.00,60.55,0.385,4.154,0.296,banana,fresh
44278268,43791,78.70,850.00,60.70,0.385,4.154,0.297,banana,fresh
44279279,43792,78.70,850.00,60.65,0.385,4.154,0.296,banana,fresh
44280291,43793,78.75,850.00,60.75,0.385,4.154,0.297,banana,fresh
44281302,43794,78.75,850.00,60.65,0.385,4.154,0.296,banana,fresh
44282313,43795,78.85,850.00,60.65,0.385,4.154,0.296,banana,fresh
44283324,43796,78.75,850.00,60.60,0.385,4.154,0.296,banana,fresh
44284335,43797,78.65,850.00,60.65,0.384,4.154,0.296,banana,fresh
44285346,43798,78.70,850.00,60.60,0.385,4.154,0.296,banana,fresh
44286357,43799,78.80,850.00,60.40,0.385,4.154,0.295,banana,fresh
44287369,43800,78.80,850.00,60.65,0.385,4.154,0.296,banana,fresh
44288379,43801,78.70,850.00,60.65,0.385,4.154,0.296,banana,fresh
44289391,43802,78.55,850.05,60.65,0.384,4.155,0.296,banana,fresh
44290402,43803,79.00,850.00,60.70,0.386,4.154,0.297,banana,fresh
44291412,43804,78.85,850.00,60.70,0.385,4.154,0.297,banana,fresh
44292424,43805,78.80,850.05,60.60,0.385,4.155,0.296,banana,fresh
44293435,43806,78.70,850.00,60.80,0.385,4.154,0.297,banana,fresh
44294447,43807,78.65,850.00,60.60,0.384,4.154,0.296,banana,fresh
44295457,43808,78.80,850.00,60.70,0.385,4.154,0.297,banana,fresh
44296469,43809,78.80,850.00,60.65,0.385,4.154,0.296,banana,fresh
44297480,43810,78.90,850.05,60.65,0.386,4.155,0.296,banana,fresh
44298490,43811,78.80,850.00,60.50,0.385,4.154,0.296,banana,fresh
44299502,43812,78.85,850.00,60.50,0.385,4.154,0.296,banana,fresh
44300513,43813,78.70,850.00,60.50,0.385,4.154,0.296,banana,fresh
44301524,43814,78.70,850.05,60.65,0.385,4.155,0.296,banana,fresh
44302535,43815,78.80,850.00,60.70,0.385,4.154,0.297,banana,fresh
44303547,43816,78.85,850.00,60.60,0.385,4.154,0.296,banana,fresh
44304558,43817,78.60,850.00,60.55,0.384,4.154,0.296,banana,fresh
44305568,43818,78.85,850.05,60.60,0.385,4.155,0.296,banana,fresh
44306580,43819,78.80,850.00,60.55,0.385,4.154,0.296,banana,fresh
44307591,43820,78.85,850.05,60.70,0.385,4.155,0.297,banana,fresh
44308602,43821,78.70,850.00,60.60,0.385,4.154,0.296,banana,fresh
44309613,43822,78.80,850.00,60.75,0.385,4.154,0.297,banana,fresh
44310625,43823,78.80,850.05,60.65,0.385,4.155,0.296,banana,fresh
44311635,43824,78.85,850.00,60.75,0.385,4.154,0.297,banana,fresh
44312646,43825,78.65,850.00,60.65,0.384,4.154,0.296,banana,fresh
44313658,43826,78.90,850.05,60.55,0.386,4.155,0.296,banana,fresh
44314669,43827,78.85,850.10,60.90,0.385,4.155,0.298,banana,fresh
44315680,43828,78.85,850.00,60.45,0.385,4.154,0.295,banana,fresh
44316691,43829,78.75,850.05,60.50,0.385,4.155,0.296,banana,fresh
44317703,43830,78.85,850.00,60.45,0.385,4.154,0.295,banana,fresh
44318713,43831,78.85,850.00,60.50,0.385,4.154,0.296,banana,fresh
44319724,43832,78.90,850.05,60.55,0.386,4.155,0.296,banana,fresh
44320736,43833,78.90,850.05,60.80,0.386,4.155,0.297,banana,fresh
44321746,43834,78.65,850.00,60.60,0.384,4.154,0.296,banana,fresh
44322758,43835,78.60,850.10,60.75,0.384,4.155,0.297,banana,fresh
44323769,43836,78.60,850.00,60.60,0.384,4.154,0.296,banana,fresh
44324781,43837,78.80,850.00,60.65,0.385,4.154,0.296,banana,fresh
44325791,43838,78.75,850.00,60.70,0.385,4.154,0.297,banana,fresh
44326803,43839,78.90,850.05,60.80,0.386,4.155,0.297,banana,fresh
44327814,43840,78.90,850.05,60.65,0.386,4.155,0.296,banana,fresh
44328824,43841,78.90,850.05,60.50,0.386,4.155,0.296,banana,fresh
44329836,43842,78.85,850.10,60.60,0.385,4.155,0.296,banana,fresh
44330847,43843,78.75,850.00,60.70,0.385,4.154,0.297,banana,fresh
44331858,43844,78.85,850.00,60.60,0.385,4.154,0.296,banana,fresh
44332869,43845,78.70,850.10,60.75,0.385,4.155,0.297,banana,fresh
44333881,43846,78.75,850.05,60.65,0.385,4.155,0.296,banana,fresh
44334892,43847,78.85,850.00,60.65,0.385,4.154,0.296,banana,fresh
44335902,43848,78.90,850.10,60.60,0.386,4.155,0.296,banana,fresh
44336914,43849,78.85,850.10,60.55,0.385,4.155,0.296,banana,fresh
44337925,43850,78.80,850.00,60.60,0.385,4.154,0.296,banana,fresh
44338936,43851,78.80,850.00,60.50,0.385,4.154,0.296,banana,fresh
44339947,43852,78.85,850.00,60.70,0.385,4.154,0.297,banana,fresh
44340959,43853,78.85,850.00,60.40,0.385,4.154,0.295,banana,fresh
44341969,43854,78.70,850.00,60.60,0.385,4.154,0.296,banana,fresh
44342980,43855,78.95,850.00,60.60,0.386,4.154,0.296,banana,fresh
44343992,43856,78.85,850.00,60.70,0.385,4.154,0.297,banana,fresh
44345003,43857,78.85,850.05,60.45,0.385,4.155,0.295,banana,fresh
44346014,43858,78.70,850.00,60.85,0.385,4.154,0.297,banana,fresh
44347025,43859,78.80,850.05,60.75,0.385,4.155,0.297,banana,fresh
44348037,43860,78.75,849.95,60.65,0.385,4.154,0.296,banana,fresh
44349047,43861,78.65,850.15,60.60,0.384,4.155,0.296,banana,fresh
44350058,43862,78.75,850.05,60.60,0.385,4.155,0.296,banana,fresh
44351070,43863,78.70,850.00,60.65,0.385,4.154,0.296,banana,fresh
44352080,43864,78.70,850.05,60.65,0.385,4.155,0.296,banana,fresh
44353092,43865,78.95,850.10,60.75,0.386,4.155,0.297,banana,fresh
44354103,43866,78.95,850.10,60.80,0.386,4.155,0.297,banana,fresh
44355115,43867,78.90,850.10,60.60,0.386,4.155,0.296,banana,fresh
44356125,43868,78.90,850.05,60.55,0.386,4.155,0.296,banana,fresh
44357136,43869,78.75,850.10,60.65,0.385,4.155,0.296,banana,fresh
44358148,43870,78.80,850.10,60.50,0.385,4.155,0.296,banana,fresh
44359158,43871,78.80,850.05,60.65,0.385,4.155,0.296,banana,fresh
44360170,43872,78.90,850.05,60.70,0.386,4.155,0.297,banana,fresh
44361181,43873,78.85,850.00,60.55,0.385,4.154,0.296,banana,fresh
44362192,43874,78.95,850.05,60.85,0.386,4.155,0.297,banana,fresh
44363203,43875,78.85,850.05,60.65,0.385,4.155,0.296,banana,fresh
44364215,43876,78.90,850.10,60.75,0.386,4.155,0.297,banana,fresh
44365225,43877,78.75,850.05,60.75,0.385,4.155,0.297,banana,fresh
44366236,43878,78.85,850.00,60.60,0.385,4.154,0.296,banana,fresh
44367248,43879,78.80,850.10,60.70,0.385,4.155,0.297,banana,fresh
44368259,43880,78.85,850.00,60.70,0.385,4.154,0.297,banana,fresh
44369270,43881,78.85,850.00,60.80,0.385,4.154,0.297,banana,fresh
44370281,43882,78.85,850.00,60.70,0.385,4.154,0.297,banana,fresh
44371293,43883,78.90,850.00,60.80,0.386,4.154,0.297,banana,fresh
44372303,43884,78.85,850.00,60.90,0.385,4.154,0.298,banana,fresh
44373314,43885,78.75,850.00,60.80,0.385,4.154,0.297,banana,fresh
44374326,43886,78.85,850.00,60.70,0.385,4.154,0.297,banana,fresh
44375336,43887,78.80,850.00,60.60,0.385,4.154,0.296,banana,fresh
44376348,43888,78.95,850.00,60.75,0.386,4.154,0.297,banana,fresh
44377359,43889,78.80,850.00,60.45,0.385,4.154,0.295,banana,fresh
44378371,43890,78.95,850.00,60.65,0.386,4.154,0.296,banana,fresh
44379381,43891,78.90,850.00,60.50,0.386,4.154,0.296,banana,fresh
44380392,43892,78.80,850.05,60.70,0.385,4.155,0.297,banana,fresh
44381404,43893,78.75,850.00,60.55,0.385,4.154,0.296,banana,fresh
44382414,43894,78.85,850.00,60.75,0.385,4.154,0.297,banana,fresh
44383426,43895,78.85,850.00,60.90,0.385,4.154,0.298,banana,fresh
44384437,43896,78.85,850.00,60.65,0.385,4.154,0.296,banana,fresh
44385448,43897,78.75,850.00,60.60,0.385,4.154,0.296,banana,fresh
44386459,43898,78.80,850.00,60.55,0.385,4.154,0.296,banana,fresh
44387470,43899,78.75,850.00,60.65,0.385,4.154,0.296,banana,fresh
44388482,43900,78.75,850.05,60.75,0.385,4.155,0.297,banana,fresh
44389492,43901,78.95,850.00,60.45,0.386,4.154,0.295,banana,fresh
44390504,43902,78.90,850.00,60.70,0.386,4.154,0.297,banana,fresh
44391515,43903,78.80,850.05,60.80,0.385,4.155,0.297,banana,fresh
44392526,43904,78.90,850.00,60.70,0.386,4.154,0.297,banana,fresh
44393537,43905,78.95,850.10,60.60,0.386,4.155,0.296,banana,fresh
44394549,43906,78.95,850.05,60.50,0.386,4.155,0.296,banana,fresh
44395559,43907,78.90,850.00,60.70,0.386,4.154,0.297,banana,fresh
44396570,43908,78.95,850.00,60.70,0.386,4.154,0.297,banana,fresh
44397582,43909,78.95,850.00,60.75,0.386,4.154,0.297,banana,fresh
44398593,43910,78.90,850.10,60.70,0.386,4.155,0.297,banana,fresh
44399604,43911,78.80,850.00,60.35,0.385,4.154,0.295,banana,fresh
44400615,43912,78.85,850.05,60.50,0.385,4.155,0.296,banana,fresh
44401627,43913,78.90,850.10,60.60,0.386,4.155,0.296,banana,fresh
44402637,43914,78.80,850.00,60.45,0.385,4.154,0.295,banana,fresh
44403648,43915,78.85,850.05,60.65,0.385,4.155,0.296,banana,fresh
44404660,43916,78.95,850.05,60.65,0.386,4.155,0.296,banana,fresh
44405670,43917,78.95,850.00,60.55,0.386,4.154,0.296,banana,fresh
44406682,43918,78.90,850.00,60.55,0.386,4.154,0.296,banana,fresh
44407693,43919,78.75,850.00,60.45,0.385,4.154,0.295,banana,fresh
44408705,43920,78.90,850.05,60.65,0.386,4.155,0.296,banana,fresh
44409715,43921,78.60,850.00,60.40,0.384,4.154,0.295,banana,fresh
44410726,43922,78.90,850.05,60.55,0.386,4.155,0.296,banana,fresh
44411738,43923,78.95,850.00,60.45,0.386,4.154,0.295,banana,fresh
44412748,43924,78.90,850.00,60.50,0.386,4.154,0.296,banana,fresh
44413760,43925,78.95,850.05,60.80,0.386,4.155,0.297,banana,fresh
44414771,43926,78.80,850.10,60.40,0.385,4.155,0.295,banana,fresh
44415782,43927,78.95,850.10,60.65,0.386,4.155,0.296,banana,fresh
44416793,43928,78.95,850.05,60.60,0.386,4.155,0.296,banana,fresh
44417805,43929,78.85,850.10,60.60,0.385,4.155,0.296,banana,fresh
44418816,43930,78.95,850.05,60.50,0.386,4.155,0.296,banana,fresh
44419826,43931,78.90,850.00,60.50,0.386,4.154,0.296,banana,fresh
44420838,43932,78.80,850.05,60.45,0.385,4.155,0.295,banana,fresh
44421849,43933,78.85,850.00,60.55,0.385,4.154,0.296,banana,fresh
44422860,43934,78.70,850.05,60.40,0.385,4.155,0.295,banana,fresh
44423871,43935,78.90,850.00,60.25,0.386,4.154,0.294,banana,fresh
44424883,43936,78.70,850.00,60.40,0.385,4.154,0.295,banana,fresh
44425893,43937,78.85,850.00,60.35,0.385,4.154,0.295,banana,fresh
44426904,43938,78.90,850.05,60.55,0.386,4.155,0.296,banana,fresh
44427916,43939,78.85,850.10,60.35,0.385,4.155,0.295,banana,fresh
44428926,43940,78.85,850.00,60.55,0.385,4.154,0.296,banana,fresh
44429938,43941,78.85,850.05,60.65,0.385,4.155,0.296,banana,fresh
44430949,43942,78.90,850.00,60.45,0.386,4.154,0.295,banana,fresh
44431961,43943,78.65,850.00,60.55,0.384,4.154,0.296,banana,fresh
44432971,43944,78.95,850.00,60.55,0.386,4.154,0.296,banana,fresh
44433983,43945,78.95,850.00,60.55,0.386,4.154,0.296,banana,fresh
44434994,43946,78.95,850.00,60.60,0.386,4.154,0.296,banana,fresh
44436004,43947,78.90,850.00,60.60,0.386,4.154,0.296,banana,fresh
44437016,43948,78.80,850.00,60.60,0.385,4.154,0.296,banana,fresh
44438027,43949,78.85,850.00,60.40,0.385,4.154,0.295,banana,fresh
44439038,43950,78.85,850.00,60.50,0.385,4.154,0.296,banana,fresh
44440049,43951,78.80,850.05,60.60,0.385,4.155,0.296,banana,fresh
44441061,43952,78.70,850.05,60.60,0.385,4.155,0.296,banana,fresh
44442072,43953,78.90,850.00,60.65,0.386,4.154,0.296,banana,fresh
44443082,43954,78.70,850.05,60.65,0.385,4.155,0.296,banana,fresh
44444094,43955,78.75,850.00,60.45,0.385,4.154,0.295,banana,fresh
44445105,43956,78.85,850.00,60.80,0.385,4.154,0.297,banana,fresh
44446116,43957,78.90,850.05,60.50,0.386,4.155,0.296,banana,fresh
44447127,43958,78.95,850.05,60.40,0.386,4.155,0.295,banana,fresh
44448139,43959,78.80,850.00,60.45,0.385,4.154,0.295,banana,fresh
44449149,43960,78.75,850.05,60.65,0.385,4.155,0.296,banana,fresh
44450161,43961,78.85,850.10,60.50,0.385,4.155,0.296,banana,fresh
44451172,43962,78.85,850.15,60.30,0.385,4.155,0.295,banana,fresh
44452183,43963,78.90,850.05,60.50,0.386,4.155,0.296,banana,fresh
44453194,43964,78.75,850.00,60.65,0.385,4.154,0.296,banana,fresh
44454205,43965,78.80,850.05,60.55,0.385,4.155,0.296,banana,fresh
44455217,43966,78.85,850.05,60.55,0.385,4.155,0.296,banana,fresh
44456227,43967,78.75,850.00,60.35,0.385,4.154,0.295,banana,fresh
44457239,43968,78.75,850.00,60.65,0.385,4.154,0.296,banana,fresh
44458250,43969,78.80,850.00,60.50,0.385,4.154,0.296,banana,fresh
44459260,43970,78.70,850.10,60.40,0.385,4.155,0.295,banana,fresh
44460272,43971,78.85,850.05,60.55,0.385,4.155,0.296,banana,fresh
44461283,43972,78.90,850.10,60.30,0.386,4.155,0.295,banana,fresh
44462295,43973,78.85,850.05,60.45,0.385,4.155,0.295,banana,fresh
44463305,43974,78.75,850.00,60.55,0.385,4.154,0.296,banana,fresh
44464317,43975,78.90,850.00,60.60,0.386,4.154,0.296,banana,fresh
44465328,43976,78.80,850.00,60.65,0.385,4.154,0.296,banana,fresh
44466338,43977,78.85,850.00,60.30,0.385,4.154,0.295,banana,fresh
44467350,43978,78.70,850.05,60.60,0.385,4.155,0.296,banana,fresh
44468361,43979,78.90,850.05,60.55,0.386,4.155,0.296,banana,fresh
44469372,43980,78.75,850.05,60.40,0.385,4.155,0.295,banana,fresh
44470383,43981,78.80,850.00,60.40,0.385,4.154,0.295,banana,fresh
44471395,43982,79.00,850.00,60.65,0.386,4.154,0.296,banana,fresh
44472406,43983,78.75,850.05,60.45,0.385,4.155,0.295,banana,fresh
44473417,43984,78.90,850.10,60.40,0.386,4.155,0.295,banana,fresh
44474428,43985,78.85,850.05,60.45,0.385,4.155,0.295,banana,fresh
44475439,43986,78.75,850.00,60.60,0.385,4.154,0.296,banana,fresh
44476450,43987,78.90,850.00,60.45,0.386,4.154,0.295,banana,fresh
44477461,43988,78.65,850.05,60.60,0.384,4.155,0.296,banana,fresh
44478473,43989,78.75,850.10,60.45,0.385,4.155,0.295,banana,fresh
44479483,43990,78.80,850.20,60.20,0.385,4.155,0.294,banana,fresh
44480495,43991,78.90,850.00,60.55,0.386,4.154,0.296,banana,fresh
44481506,43992,78.80,850.00,60.40,0.385,4.154,0.295,banana,fresh
44482516,43993,78.85,850.00,60.35,0.385,4.154,0.295,banana,fresh
44483528,43994,78.65,850.00,60.45,0.384,4.154,0.295,banana,fresh
44484539,43995,78.80,850.00,60.40,0.385,4.154,0.295,banana,fresh
44485551,43996,78.80,850.00,60.40,0.385,4.154,0.295,banana,fresh
44486561,43997,78.80,850.05,60.65,0.385,4.155,0.296,banana,fresh
44487573,43998,78.90,850.05,60.30,0.386,4.155,0.295,banana,fresh
44488584,43999,78.75,850.05,60.35,0.385,4.155,0.295,banana,fresh
44489594,44000,78.80,850.05,60.40,0.385,4.155,0.295,banana,fresh
44490606,44001,78.80,850.05,60.70,0.385,4.155,0.297,banana,fresh
44491617,44002,78.75,850.00,60.40,0.385,4.154,0.295,banana,fresh
44492628,44003,78.95,850.00,60.35,0.386,4.154,0.295,banana,fresh
44493639,44004,78.80,850.10,60.55,0.385,4.155,0.296,banana,fresh
44494651,44005,78.85,850.05,60.40,0.385,4.155,0.295,banana,fresh
44495662,44006,78.90,850.00,60.55,0.386,4.154,0.296,banana,fresh
44496672,44007,78.80,850.00,60.50,0.385,4.154,0.296,banana,fresh
44497684,44008,78.85,850.00,60.55,0.385,4.154,0.296,banana,fresh
44498695,44009,78.80,850.05,60.55,0.385,4.155,0.296,banana,fresh
44499706,44010,78.90,850.05,60.45,0.386,4.155,0.295,banana,fresh
44500717,44011,78.85,850.00,60.55,0.385,4.154,0.296,banana,fresh
44501729,44012,78.80,850.05,60.35,0.385,4.155,0.295,banana,fresh
44502739,44013,78.80,850.05,60.70,0.385,4.155,0.297,banana,fresh
44503751,44014,78.90,850.05,60.45,0.386,4.155,0.295,banana,fresh
44504762,44015,78.80,850.05,60.50,0.385,4.155,0.296,banana,fresh
44505773,44016,78.80,850.00,60.25,0.385,4.154,0.294,banana,fresh
44506784,44017,78.85,850.00,60.50,0.385,4.154,0.296,banana,fresh
44507795,44018,78.90,850.05,60.45,0.386,4.155,0.295,banana,fresh
44508807,44019,78.65,850.00,60.55,0.384,4.154,0.296,banana,fresh
44509817,44020,78.90,850.15,60.45,0.386,4.155,0.295,banana,fresh
44510829,44021,79.00,850.05,60.20,0.386,4.155,0.294,banana,fresh
44511840,44022,78.65,850.10,60.35,0.384,4.155,0.295,banana,fresh
44512851,44023,78.95,850.00,60.65,0.386,4.154,0.296,banana,fresh
44513862,44024,78.65,850.10,60.35,0.384,4.155,0.295,banana,fresh
44514873,44025,78.95,850.15,60.45,0.386,4.155,0.295,banana,fresh
44515885,44026,78.75,850.00,60.60,0.385,4.154,0.296,banana,fresh
44516895,44027,78.90,850.00,60.55,0.386,4.154,0.296,banana,fresh
44517907,44028,78.90,850.10,60.45,0.386,4.155,0.295,banana,fresh
44518918,44029,78.80,850.10,60.30,0.385,4.155,0.295,banana,fresh
44519929,44030,79.00,850.00,60.50,0.386,4.154,0.296,banana,fresh
44520940,44031,78.90,850.00,60.55,0.386,4.154,0.296,banana,fresh
44521951,44032,78.80,850.05,60.35,0.385,4.155,0.295,banana,fresh
44522962,44033,78.90,850.10,60.30,0.386,4.155,0.295,banana,fresh
44523973,44034,78.90,850.00,60.45,0.386,4.154,0.295,banana,fresh
44524985,44035,78.85,850.35,60.55,0.385,4.156,0.296,banana,fresh
44525996,44036,78.85,850.05,60.50,0.385,4.155,0.296,banana,fresh
44527007,44037,78.90,850.10,60.60,0.386,4.155,0.296,banana,fresh
44528018,44038,78.85,850.00,60.45,0.385,4.154,0.295,banana,fresh
44529029,44039,78.85,850.20,60.50,0.385,4.155,0.296,banana,fresh
44530040,44040,78.85,850.10,60.25,0.385,4.155,0.294,banana,fresh
44531051,44041,78.95,850.05,60.30,0.386,4.155,0.295,banana,fresh
44532063,44042,78.90,850.00,60.30,0.386,4.154,0.295,banana,fresh
44533073,44043,78.75,850.05,60.55,0.385,4.155,0.296,banana,fresh
44534085,44044,78.90,850.05,60.50,0.386,4.155,0.296,banana,fresh
44535096,44045,78.85,850.20,60.45,0.385,4.155,0.295,banana,fresh
44536108,44046,79.00,850.00,60.40,0.386,4.154,0.295,banana,fresh
44537118,44047,78.90,850.00,60.40,0.386,4.154,0.295,banana,fresh
44538129,44048,79.00,850.00,60.30,0.386,4.154,0.295,banana,fresh
44539141,44049,78.85,850.05,60.30,0.385,4.155,0.295,banana,fresh
44540151,44050,78.95,850.00,60.35,0.386,4.154,0.295,banana,fresh
44541163,44051,78.90,850.05,60.65,0.386,4.155,0.296,banana,fresh
44542174,44052,78.90,850.10,60.50,0.386,4.155,0.296,banana,fresh
44543185,44053,78.95,850.00,60.40,0.386,4.154,0.295,banana,fresh
44544196,44054,78.95,850.05,60.55,0.386,4.155,0.296,banana,fresh
44545207,44055,78.95,850.05,60.55,0.386,4.155,0.296,banana,fresh
44546219,44056,78.95,850.05,60.40,0.386,4.155,0.295,banana,fresh
44547229,44057,78.80,850.05,60.40,0.385,4.155,0.295,banana,fresh
44548241,44058,78.95,850.00,60.40,0.386,4.154,0.295,banana,fresh
44549252,44059,78.85,850.00,60.35,0.385,4.154,0.295,banana,fresh
44550263,44060,79.00,850.00,60.40,0.386,4.154,0.295,banana,fresh
44551274,44061,78.90,850.15,60.30,0.386,4.155,0.295,banana,fresh
44552286,44062,78.95,850.10,60.55,0.386,4.155,0.296,banana,fresh
44553296,44063,78.95,850.00,60.40,0.386,4.154,0.295,banana,fresh
44554307,44064,79.00,850.15,60.45,0.386,4.155,0.295,banana,fresh
44555319,44065,78.90,850.00,60.35,0.386,4.154,0.295,banana,fresh
44556329,44066,78.95,850.05,60.55,0.386,4.155,0.296,banana,fresh
44557341,44067,78.85,850.20,60.55,0.385,4.155,0.296,banana,fresh
44558352,44068,78.90,850.05,60.30,0.386,4.155,0.295,banana,fresh
44559364,44069,79.00,850.05,60.50,0.386,4.155,0.296,banana,fresh
44560374,44070,79.00,850.00,60.50,0.386,4.154,0.296,banana,fresh
44561385,44071,78.90,850.05,60.60,0.386,4.155,0.296,banana,fresh
44562397,44072,79.00,850.05,60.60,0.386,4.155,0.296,banana,fresh
44563407,44073,78.95,850.05,60.50,0.386,4.155,0.296,banana,fresh
44564419,44074,78.95,850.20,60.60,0.386,4.155,0.296,banana,fresh
44565430,44075,79.00,850.00,60.50,0.386,4.154,0.296,banana,fresh
44566441,44076,78.85,850.05,60.40,0.385,4.155,0.295,banana,fresh
44567452,44077,79.00,850.00,60.60,0.386,4.154,0.296,banana,fresh
44568463,44078,78.90,850.10,60.60,0.386,4.155,0.296,banana,fresh
44569475,44079,79.00,850.10,60.45,0.386,4.155,0.295,banana,fresh
44570485,44080,78.95,850.20,60.70,0.386,4.155,0.297,banana,fresh
44571497,44081,78.90,850.10,60.45,0.386,4.155,0.295,banana,fresh
44572508,44082,79.00,850.05,60.30,0.386,4.155,0.295,banana,fresh
44573519,44083,79.00,850.15,60.40,0.386,4.155,0.295,banana,fresh
44574530,44084,79.00,850.00,60.45,0.386,4.154,0.295,banana,fresh
44575541,44085,78.95,850.00,60.65,0.386,4.154,0.296,banana,fresh
44576552,44086,79.00,850.15,60.50,0.386,4.155,0.296,banana,fresh
44577563,44087,79.00,850.10,60.60,0.386,4.155,0.296,banana,fresh
44578575,44088,78.95,850.10,60.60,0.386,4.155,0.296,banana,fresh
44579586,44089,79.00,850.15,60.55,0.386,4.155,0.296,banana,fresh
44580597,44090,78.80,850.05,60.55,0.385,4.155,0.296,banana,fresh
44581608,44091,78.85,850.20,60.60,0.385,4.155,0.296,banana,fresh
44582619,44092,79.00,850.00,60.50,0.386,4.154,0.296,banana,fresh
44583630,44093,79.00,850.20,60.60,0.386,4.155,0.296,banana,fresh
44584641,44094,78.90,850.10,60.60,0.386,4.155,0.296,banana,fresh
44585653,44095,78.95,850.05,60.65,0.386,4.155,0.296,banana,fresh
44586663,44096,79.00,850.05,60.55,0.386,4.155,0.296,banana,fresh
44587675,44097,78.90,850.10,60.55,0.386,4.155,0.296,banana,fresh
44588686,44098,78.95,850.05,60.60,0.386,4.155,0.296,banana,fresh
44589697,44099,78.95,850.10,60.40,0.386,4.155,0.295,banana,fresh
44590708,44100,78.95,850.10,60.70,0.386,4.155,0.297,banana,fresh
44591719,44101,78.90,850.05,60.40,0.386,4.155,0.295,banana,fresh
44592731,44102,78.95,850.10,60.40,0.386,4.155,0.295,banana,fresh
44593741,44103,78.90,850.05,60.40,0.386,4.155,0.295,banana,fresh
44594753,44104,78.90,850.10,60.45,0.386,4.155,0.295,banana,fresh
44595764,44105,78.95,850.00,60.45,0.386,4.154,0.295,banana,fresh
44596775,44106,78.95,850.10,60.60,0.386,4.155,0.296,banana,fresh
44597786,44107,78.90,850.15,60.35,0.386,4.155,0.295,banana,fresh
44598797,44108,79.00,850.00,60.40,0.386,4.154,0.295,banana,fresh
44599809,44109,79.00,850.15,60.55,0.386,4.155,0.296,banana,fresh
44600819,44110,79.00,850.10,60.50,0.386,4.155,0.296,banana,fresh
44601831,44111,79.00,850.15,60.55,0.386,4.155,0.296,banana,fresh
44602842,44112,79.05,850.10,60.70,0.386,4.155,0.297,banana,fresh
44603853,44113,78.95,850.10,60.55,0.386,4.155,0.296,banana,fresh
44604864,44114,78.90,850.20,60.70,0.386,4.155,0.297,banana,fresh
44605875,44115,78.95,850.20,60.25,0.386,4.155,0.294,banana,fresh
44606886,44116,78.95,850.15,60.60,0.386,4.155,0.296,banana,fresh
44607897,44117,78.95,850.15,60.55,0.386,4.155,0.296,banana,fresh
44608909,44118,79.00,850.20,60.65,0.386,4.155,0.296,banana,fresh
44609920,44119,78.90,850.20,60.40,0.386,4.155,0.295,banana,fresh
44610931,44120,78.90,850.00,60.35,0.386,4.154,0.295,banana,fresh
44611942,44121,78.95,850.15,60.40,0.386,4.155,0.295,banana,fresh
44612953,44122,79.00,850.10,60.30,0.386,4.155,0.295,banana,fresh
44613964,44123,78.95,850.25,60.50,0.386,4.156,0.296,banana,fresh
44614975,44124,79.00,850.25,60.40,0.386,4.156,0.295,banana,fresh
44615987,44125,78.95,850.10,60.45,0.386,4.155,0.295,banana,fresh
44616997,44126,79.00,850.15,60.35,0.386,4.155,0.295,banana,fresh
44618009,44127,79.00,850.10,60.45,0.386,4.155,0.295,banana,fresh
44619020,44128,78.95,850.10,60.35,0.386,4.155,0.295,banana,fresh
44620032,44129,78.95,850.10,60.45,0.386,4.155,0.295,banana,fresh
44621042,44130,78.95,850.15,60.30,0.386,4.155,0.295,banana,fresh
44622053,44131,79.00,850.15,60.50,0.386,4.155,0.296,banana,fresh
44623065,44132,79.00,850.20,60.60,0.386,4.155,0.296,banana,fresh
44624075,44133,79.00,850.30,60.45,0.386,4.156,0.295,banana,fresh
44625087,44134,78.85,850.20,60.35,0.385,4.155,0.295,banana,fresh
44626098,44135,78.95,850.15,60.35,0.386,4.155,0.295,banana,fresh
44627109,44136,78.95,850.05,60.55,0.386,4.155,0.296,banana,fresh
44628120,44137,78.95,850.20,60.40,0.386,4.155,0.295,banana,fresh
44629131,44138,78.90,850.25,60.40,0.386,4.156,0.295,banana,fresh
44630142,44139,78.85,850.00,60.25,0.385,4.154,0.294,banana,fresh
44631153,44140,79.00,850.30,60.50,0.386,4.156,0.296,banana,fresh
44632165,44141,79.00,850.30,60.50,0.386,4.156,0.296,banana,fresh
44633176,44142,79.00,850.15,60.50,0.386,4.155,0.296,banana,fresh
44634187,44143,78.95,850.15,60.40,0.386,4.155,0.295,banana,fresh
44635198,44144,78.95,850.15,60.35,0.386,4.155,0.295,banana,fresh
44636210,44145,78.90,850.15,60.20,0.386,4.155,0.294,banana,fresh
44637220,44146,79.00,850.25,60.20,0.386,4.156,0.294,banana,fresh
44638231,44147,78.80,850.10,60.35,0.385,4.155,0.295,banana,fresh
44639243,44148,78.95,850.20,60.35,0.386,4.155,0.295,banana,fresh
44640253,44149,78.95,850.25,60.30,0.386,4.156,0.295,banana,fresh
44641265,44150,78.95,850.20,60.30,0.386,4.155,0.295,banana,fresh
44642276,44151,78.90,850.15,60.35,0.386,4.155,0.295,banana,fresh
44643288,44152,78.90,850.25,60.40,0.386,4.156,0.295,banana,fresh
44644298,44153,78.95,850.15,60.60,0.386,4.155,0.296,banana,fresh
44645310,44154,78.90,850.25,60.55,0.386,4.156,0.296,banana,fresh
44646321,44155,79.00,850.20,60.20,0.386,4.155,0.294,banana,fresh
44647331,44156,78.95,850.20,60.45,0.386,4.155,0.295,banana,fresh
44648343,44157,79.00,850.30,60.60,0.386,4.156,0.296,banana,fresh
44649354,44158,78.95,850.40,60.25,0.386,4.156,0.294,banana,fresh
44650365,44159,79.00,850.25,60.30,0.386,4.156,0.295,banana,fresh
44651376,44160,78.80,850.20,60.40,0.385,4.155,0.295,banana,fresh
44652388,44161,78.95,850.10,60.40,0.386,4.155,0.295,banana,fresh
44653399,44162,79.00,850.20,60.40,0.386,4.155,0.295,banana,fresh
44654409,44163,78.90,850.25,60.20,0.386,4.156,0.294,banana,fresh
44655421,44164,79.00,850.15,60.35,0.386,4.155,0.295,banana,fresh
44656432,44165,78.95,850.15,60.30,0.386,4.155,0.295,banana,fresh
44657443,44166,78.95,850.25,60.40,0.386,4.156,0.295,banana,fresh
44658454,44167,78.90,850.05,60.40,0.386,4.155,0.295,banana,fresh
44659466,44168,79.00,850.35,60.40,0.386,4.156,0.295,banana,fresh
44660476,44169,79.05,850.10,60.60,0.386,4.155,0.296,banana,fresh
44661487,44170,78.70,850.25,60.35,0.385,4.156,0.295,banana,fresh
44662499,44171,78.95,850.25,60.15,0.386,4.156,0.294,banana,fresh
44663510,44172,79.00,850.20,60.40,0.386,4.155,0.295,banana,fresh
44664521,44173,78.85,850.25,60.25,0.385,4.156,0.294,banana,fresh
44665532,44174,79.00,850.35,60.50,0.386,4.156,0.296,banana,fresh
44666544,44175,78.95,850.10,60.20,0.386,4.155,0.294,banana,fresh
44667554,44176,78.95,850.35,60.55,0.386,4.156,0.296,banana,fresh
44668566,44177,78.95,850.10,60.20,0.386,4.155,0.294,banana,fresh
44669577,44178,78.95,850.25,60.45,0.386,4.156,0.295,banana,fresh
44670587,44179,79.05,850.20,60.25,0.386,4.155,0.294,banana,fresh
44671599,44180,79.00,850.00,60.25,0.386,4.154,0.294,banana,fresh
44672610,44181,78.90,850.15,60.40,0.386,4.155,0.295,banana,fresh
44673622,44182,78.95,850.25,60.40,0.386,4.156,0.295,banana,fresh
44674632,44183,79.00,850.15,60.45,0.386,4.155,0.295,banana,fresh
44675644,44184,79.00,850.20,60.30,0.386,4.155,0.295,banana,fresh
44676655,44185,78.95,850.25,60.35,0.386,4.156,0.295,banana,fresh
44677666,44186,79.00,850.05,60.35,0.386,4.155,0.295,banana,fresh
44678677,44187,78.95,850.25,60.35,0.386,4.156,0.295,banana,fresh
44679688,44188,78.95,850.35,60.35,0.386,4.156,0.295,banana,fresh
44680699,44189,79.00,850.20,60.20,0.386,4.155,0.294,banana,fresh
44681710,44190,78.85,850.25,60.30,0.385,4.156,0.295,banana,fresh
44682722,44191,78.90,850.30,60.30,0.386,4.156,0.295,banana,fresh
44683732,44192,78.95,850.25,60.40,0.386,4.156,0.295,banana,fresh
44684744,44193,78.95,850.20,60.20,0.386,4.155,0.294,banana,fresh
44685755,44194,79.00,850.15,60.30,0.386,4.155,0.295,banana,fresh
44686767,44195,79.00,850.25,60.35,0.386,4.156,0.295,banana,fresh
44687777,44196,79.00,850.20,60.35,0.386,4.155,0.295,banana,fresh
44688788,44197,78.95,850.15,60.35,0.386,4.155,0.295,banana,fresh
44689800,44198,78.90,850.15,60.20,0.386,4.155,0.294,banana,fresh
44690810,44199,78.85,850.15,60.30,0.385,4.155,0.295,banana,fresh
44691822,44200,79.00,850.20,60.15,0.386,4.155,0.294,banana,fresh
44692833,44201,78.90,850.50,60.25,0.386,4.157,0.294,banana,fresh
44693844,44202,78.95,850.35,60.40,0.386,4.156,0.295,banana,fresh
44694855,44203,78.90,850.25,60.40,0.386,4.156,0.295,banana,fresh
44695866,44204,79.00,850.25,60.35,0.386,4.156,0.295,banana,fresh
44696878,44205,78.95,850.20,60.40,0.386,4.155,0.295,banana,fresh
44697888,44206,79.00,850.00,60.25,0.386,4.154,0.294,banana,fresh
44698900,44207,78.90,850.20,60.35,0.386,4.155,0.295,banana,fresh
44699911,44208,78.90,850.25,60.30,0.386,4.156,0.295,banana,fresh
44700922,44209,79.00,850.35,60.25,0.386,4.156,0.294,banana,fresh
44701933,44210,79.00,850.20,60.40,0.386,4.155,0.295,banana,fresh
44702945,44211,78.90,850.20,60.20,0.386,4.155,0.294,banana,fresh
44703955,44212,78.90,850.30,60.35,0.386,4.156,0.295,banana,fresh
44704966,44213,79.05,850.45,60.40,0.386,4.157,0.295,banana,fresh
44705978,44214,79.00,850.05,60.25,0.386,4.155,0.294,banana,fresh
44706989,44215,78.90,850.20,60.35,0.386,4.155,0.295,banana,fresh
44708000,44216,78.95,850.20,60.30,0.386,4.155,0.295,banana,fresh
44709011,44217,78.85,850.25,60.30,0.385,4.156,0.295,banana,fresh
44710023,44218,78.95,850.35,60.35,0.386,4.156,0.295,banana,fresh
44711033,44219,79.00,850.10,60.40,0.386,4.155,0.295,banana,fresh
44712044,44220,78.90,850.35,60.20,0.386,4.156,0.294,banana,fresh
44713056,44221,79.00,850.30,60.25,0.386,4.156,0.294,banana,fresh
44714066,44222,78.90,850.15,60.15,0.386,4.155,0.294,banana,fresh
44715078,44223,78.95,850.40,60.35,0.386,4.156,0.295,banana,fresh
44716089,44224,78.90,850.15,60.30,0.386,4.155,0.295,banana,fresh
44717101,44225,78.85,850.20,60.40,0.385,4.155,0.295,banana,fresh
44718111,44226,78.90,850.15,60.30,0.386,4.155,0.295,banana,fresh
44719123,44227,78.85,850.45,60.30,0.385,4.157,0.295,banana,fresh
44720134,44228,78.90,850.25,60.25,0.386,4.156,0.294,banana,fresh
44721144,44229,79.00,850.15,60.25,0.386,4.155,0.294,banana,fresh
44722156,44230,78.85,850.10,60.30,0.385,4.155,0.295,banana,fresh
44723167,44231,78.95,850.20,60.40,0.386,4.155,0.295,banana,fresh
44724178,44232,78.85,850.25,60.30,0.385,4.156,0.295,banana,fresh
44725189,44233,79.00,850.45,60.35,0.386,4.157,0.295,banana,fresh
44726201,44234,78.95,850.45,60.20,0.386,4.157,0.294,banana,fresh
44727212,44235,78.85,850.35,60.30,0.385,4.156,0.295,banana,fresh
44728223,44236,78.95,850.30,60.30,0.386,4.156,0.295,banana,fresh
44729234,44237,79.00,850.45,60.35,0.386,4.157,0.295,banana,fresh
44730245,44238,78.95,850.30,60.25,0.386,4.156,0.294,banana,fresh
44731256,44239,79.00,850.30,60.25,0.386,4.156,0.294,banana,fresh
44732267,44240,79.00,850.25,60.35,0.386,4.156,0.295,banana,fresh
44733279,44241,78.95,850.50,60.40,0.386,4.157,0.295,banana,fresh
44734289,44242,78.95,850.35,60.30,0.386,4.156,0.295,banana,fresh
44735301,44243,79.00,850.10,60.30,0.386,4.155,0.295,banana,fresh
44736312,44244,79.00,850.35,60.55,0.386,4.156,0.296,banana,fresh
44737323,44245,78.95,850.20,60.30,0.386,4.155,0.295,banana,fresh
44738334,44246,78.95,850.20,60.40,0.386,4.155,0.295,banana,fresh
44739345,44247,78.95,850.30,60.45,0.386,4.156,0.295,banana,fresh
44740357,44248,78.90,850.35,60.10,0.386,4.156,0.294,banana,fresh
44741367,44249,78.95,850.10,60.25,0.386,4.155,0.294,banana,fresh
44742379,44250,79.00,850.40,60.40,0.386,4.156,0.295,banana,fresh
44743390,44251,78.90,850.15,60.35,0.386,4.155,0.295,banana,fresh
44744401,44252,78.95,850.20,60.30,0.386,4.155,0.295,banana,fresh
44745412,44253,78.95,850.20,60.45,0.386,4.155,0.295,banana,fresh
44746423,44254,78.90,850.30,60.30,0.386,4.156,0.295,banana,fresh
44747435,44255,78.90,850.25,60.25,0.386,4.156,0.294,banana,fresh
44748445,44256,79.00,850.15,60.35,0.386,4.155,0.295,banana,fresh
44749457,44257,79.00,850.35,60.15,0.386,4.156,0.294,banana,fresh
44750468,44258,78.95,850.25,60.20,0.386,4.156,0.294,banana,fresh
44751479,44259,78.95,850.05,60.25,0.386,4.155,0.294,banana,fresh
44752490,44260,78.90,850.45,60.30,0.386,4.157,0.295,banana,fresh
44753501,44261,78.80,850.30,60.25,0.385,4.156,0.294,banana,fresh
44754512,44262,78.95,850.20,60.25,0.386,4.155,0.294,banana,fresh
44755523,44263,78.85,850.20,60.40,0.385,4.155,0.295,banana,fresh
44756535,44264,78.95,850.15,60.30,0.386,4.155,0.295,banana,fresh
44757545,44265,78.80,850.45,60.20,0.385,4.157,0.294,banana,fresh
44758557,44266,78.90,850.25,60.15,0.386,4.156,0.294,banana,fresh
44759568,44267,78.95,850.30,60.30,0.386,4.156,0.295,banana,fresh
44760579,44268,79.00,850.35,60.35,0.386,4.156,0.295,banana,fresh
44761590,44269,79.00,850.15,60.25,0.386,4.155,0.294,banana,fresh
44762601,44270,78.95,850.25,60.15,0.386,4.156,0.294,banana,fresh
44763613,44271,78.75,850.30,60.30,0.385,4.156,0.295,banana,fresh
44764623,44272,79.00,850.20,60.30,0.386,4.155,0.295,banana,fresh
44765635,44273,78.90,850.10,60.15,0.386,4.155,0.294,banana,fresh
44766646,44274,78.85,850.35,60.25,0.385,4.156,0.294,banana,fresh
44767657,44275,78.95,850.15,60.30,0.386,4.155,0.295,banana,fresh
44768668,44276,78.90,850.20,60.25,0.386,4.155,0.294,banana,fresh
44769679,44277,78.90,850.15,60.20,0.386,4.155,0.294,banana,fresh
44770691,44278,78.95,850.10,60.20,0.386,4.155,0.294,banana,fresh
44771701,44279,79.00,850.15,60.45,0.386,4.155,0.295,banana,fresh
44772713,44280,78.90,850.30,60.30,0.386,4.156,0.295,banana,fresh
44773724,44281,78.85,850.20,60.35,0.385,4.155,0.295,banana,fresh
44774735,44282,78.85,850.50,60.30,0.385,4.157,0.295,banana,fresh
44775746,44283,78.90,850.10,60.25,0.386,4.155,0.294,banana,fresh
44776757,44284,78.90,850.35,60.50,0.386,4.156,0.296,banana,fresh
44777768,44285,78.95,850.20,60.45,0.386,4.155,0.295,banana,fresh
44778779,44286,78.85,850.40,60.40,0.385,4.156,0.295,banana,fresh
44779791,44287,78.95,850.40,60.25,0.386,4.156,0.294,banana,fresh
44780802,44288,78.90,850.30,60.45,0.386,4.156,0.295,banana,fresh
44781813,44289,78.95,850.15,60.40,0.386,4.155,0.295,banana,fresh
44782824,44290,78.95,850.35,60.30,0.386,4.156,0.295,banana,fresh
44783836,44291,78.85,850.15,60.45,0.385,4.155,0.295,banana,fresh
44784846,44292,78.90,850.20,60.30,0.386,4.155,0.295,banana,fresh
44785857,44293,78.95,850.35,60.35,0.386,4.156,0.295,banana,fresh
44786869,44294,78.95,850.15,60.35,0.386,4.155,0.295,banana,fresh
44787879,44295,78.95,850.25,60.45,0.386,4.156,0.295,banana,fresh
44788891,44296,78.90,850.35,60.50,0.386,4.156,0.296,banana,fresh
44789902,44297,78.80,850.30,60.20,0.385,4.156,0.294,banana,fresh
44790914,44298,78.85,850.20,60.30,0.385,4.155,0.295,banana,fresh
44791924,44299,78.90,850.25,60.45,0.386,4.156,0.295,banana,fresh
44792936,44300,78.95,850.15,60.35,0.386,4.155,0.295,banana,fresh
44793947,44301,78.85,850.15,60.35,0.385,4.155,0.295,banana,fresh
44794957,44302,78.95,850.25,60.10,0.386,4.156,0.294,banana,fresh
44795969,44303,78.85,850.20,60.30,0.385,4.155,0.295,banana,fresh
44796980,44304,79.00,850.25,60.45,0.386,4.156,0.295,banana,fresh
44797991,44305,78.95,850.35,60.20,0.386,4.156,0.294,banana,fresh
44799002,44306,78.90,850.35,60.35,0.386,4.156,0.295,banana,fresh
44800014,44307,78.85,850.25,60.35,0.385,4.156,0.295,banana,fresh
44801025,44308,78.90,850.25,60.35,0.386,4.156,0.295,banana,fresh
44802036,44309,78.90,850.00,60.30,0.386,4.154,0.295,banana,fresh
44803047,44310,78.95,850.15,60.40,0.386,4.155,0.295,banana,fresh
44804058,44311,78.80,850.30,60.20,0.385,4.156,0.294,banana,fresh
44805069,44312,78.85,850.25,60.40,0.385,4.156,0.295,banana,fresh
44806080,44313,78.85,850.10,60.30,0.385,4.155,0.295,banana,fresh
44807092,44314,78.90,850.10,60.30,0.386,4.155,0.295,banana,fresh
44808102,44315,78.90,850.15,60.55,0.386,4.155,0.296,banana,fresh
44809114,44316,78.90,850.20,60.25,0.386,4.155,0.294,banana,fresh
44810125,44317,78.95,850.20,60.45,0.386,4.155,0.295,banana,fresh
44811136,44318,78.85,850.10,60.40,0.385,4.155,0.295,banana,fresh
44812147,44319,78.95,850.15,60.15,0.386,4.155,0.294,banana,fresh
44813158,44320,78.95,850.25,60.40,0.386,4.156,0.295,banana,fresh
44814170,44321,78.90,850.10,60.30,0.386,4.155,0.295,banana,fresh
44815180,44322,78.95,850.30,60.30,0.386,4.156,0.295,banana,fresh
44816192,44323,78.95,850.20,60.25,0.386,4.155,0.294,banana,fresh
44817203,44324,78.95,850.25,60.45,0.386,4.156,0.295,banana,fresh
44818214,44325,78.95,850.15,60.25,0.386,4.155,0.294,banana,fresh
44819225,44326,78.75,850.15,60.35,0.385,4.155,0.295,banana,fresh
44820236,44327,78.85,850.20,60.45,0.385,4.155,0.295,banana,fresh
44821248,44328,79.00,850.25,60.30,0.386,4.156,0.295,banana,fresh
44822258,44329,78.90,850.20,60.40,0.386,4.155,0.295,banana,fresh
44823270,44330,79.00,850.20,60.60,0.386,4.155,0.296,banana,fresh
44824281,44331,78.90,850.40,60.20,0.386,4.156,0.294,banana,fresh
44825292,44332,78.90,850.30,60.30,0.386,4.156,0.295,banana,fresh
44826303,44333,78.90,850.10,60.45,0.386,4.155,0.295,banana,fresh
44827314,44334,78.85,850.25,60.35,0.385,4.156,0.295,banana,fresh
44828325,44335,78.80,850.15,60.35,0.385,4.155,0.295,banana,fresh
44829336,44336,79.00,850.15,60.25,0.386,4.155,0.294,banana,fresh
44830348,44337,79.00,850.35,60.40,0.386,4.156,0.295,banana,fresh
44831358,44338,78.90,850.35,60.45,0.386,4.156,0.295,banana,fresh
44832370,44339,78.85,850.30,60.45,0.385,4.156,0.295,banana,fresh
44833381,44340,78.95,850.15,60.45,0.386,4.155,0.295,banana,fresh
44834392,44341,78.95,850.30,60.40,0.386,4.156,0.295,banana,fresh
44835403,44342,79.00,850.10,60.30,0.386,4.155,0.295,banana,fresh
44836414,44343,78.85,850.20,60.40,0.385,4.155,0.295,banana,fresh
44837426,44344,78.90,850.25,60.45,0.386,4.156,0.295,banana,fresh
44838436,44345,78.90,850.25,60.60,0.386,4.156,0.296,banana,fresh
44839448,44346,78.95,850.05,60.25,0.386,4.155,0.294,banana,fresh
44840459,44347,78.85,850.25,60.40,0.385,4.156,0.295,banana,fresh
44841470,44348,78.90,850.35,60.30,0.386,4.156,0.295,banana,fresh
44842481,44349,79.00,850.25,60.30,0.386,4.156,0.295,banana,fresh
44843492,44350,78.90,850.35,60.30,0.386,4.156,0.295,banana,fresh
44844504,44351,78.85,850.10,60.20,0.385,4.155,0.294,banana,fresh
44845514,44352,78.95,850.20,60.40,0.386,4.155,0.295,banana,fresh
44846526,44353,78.80,850.20,60.25,0.385,4.155,0.294,banana,fresh
44847537,44354,79.00,850.15,60.25,0.386,4.155,0.294,banana,fresh
44848548,44355,78.90,850.15,60.35,0.386,4.155,0.295,banana,fresh
44849559,44356,78.90,850.20,60.45,0.386,4.155,0.295,banana,fresh
44850570,44357,78.90,850.20,60.20,0.386,4.155,0.294,banana,fresh
44851581,44358,78.95,850.35,60.35,0.386,4.156,0.295,banana,fresh
44852592,44359,78.95,850.25,60.30,0.386,4.156,0.295,banana,fresh
44853604,44360,78.90,850.25,60.35,0.386,4.156,0.295,banana,fresh
44854615,44361,79.00,850.20,60.20,0.386,4.155,0.294,banana,fresh
44855626,44362,79.00,850.30,60.20,0.386,4.156,0.294,banana,fresh
44856637,44363,79.00,850.30,60.30,0.386,4.156,0.295,banana,fresh
44857648,44364,78.90,850.20,60.40,0.386,4.155,0.295,banana,fresh
44858659,44365,78.95,850.10,60.40,0.386,4.155,0.295,banana,fresh
44859670,44366,78.95,850.25,60.45,0.386,4.156,0.295,banana,fresh
44860682,44367,78.90,850.15,60.35,0.386,4.155,0.295,banana,fresh
44861692,44368,78.85,850.35,60.30,0.385,4.156,0.295,banana,fresh
44862704,44369,78.90,850.25,60.45,0.386,4.156,0.295,banana,fresh
44863715,44370,78.85,850.20,60.40,0.385,4.155,0.295,banana,fresh
44864727,44371,78.85,850.20,60.30,0.385,4.155,0.295,banana,fresh
44865737,44372,78.85,850.15,60.35,0.385,4.155,0.295,banana,fresh
44866748,44373,78.95,850.20,60.25,0.386,4.155,0.294,banana,fresh
44867760,44374,78.90,850.20,60.25,0.386,4.155,0.294,banana,fresh
44868770,44375,79.00,850.25,60.35,0.386,4.156,0.295,banana,fresh
44869782,44376,78.90,850.40,60.20,0.386,4.156,0.294,banana,fresh
44870793,44377,79.00,850.05,60.20,0.386,4.155,0.294,banana,fresh
44871804,44378,78.85,850.20,60.40,0.385,4.155,0.295,banana,fresh
44872815,44379,78.90,850.05,60.30,0.386,4.155,0.295,banana,fresh
44873826,44380,79.00,850.20,60.35,0.386,4.155,0.295,banana,fresh
44874838,44381,78.90,850.20,60.30,0.386,4.155,0.295,banana,fresh
44875848,44382,79.00,850.15,60.35,0.386,4.155,0.295,banana,fresh
44876860,44383,78.80,850.20,60.30,0.385,4.155,0.295,banana,fresh
44877871,44384,79.00,850.15,60.25,0.386,4.155,0.294,banana,fresh
44878882,44385,78.95,850.30,60.45,0.386,4.156,0.295,banana,fresh
44879893,44386,79.00,850.50,60.35,0.386,4.157,0.295,banana,fresh
44880905,44387,78.90,850.30,60.35,0.386,4.156,0.295,banana,fresh
44881915,44388,78.90,850.15,60.25,0.386,4.155,0.294,banana,fresh
44882926,44389,79.05,850.15,60.50,0.386,4.155,0.296,banana,fresh
44883938,44390,79.00,850.25,60.40,0.386,4.156,0.295,banana,fresh
44884948,44391,78.90,850.10,60.35,0.386,4.155,0.295,banana,fresh
44885960,44392,78.90,850.20,60.45,0.386,4.155,0.295,banana,fresh
44886971,44393,78.95,850.00,60.50,0.386,4.154,0.296,banana,fresh
44887983,44394,79.05,850.10,60.40,0.386,4.155,0.295,banana,fresh
44888993,44395,79.00,850.35,60.25,0.386,4.156,0.294,banana,fresh
44890004,44396,78.85,850.15,60.50,0.385,4.155,0.296,banana,fresh
44891016,44397,78.95,850.20,60.35,0.386,4.155,0.295,banana,fresh
44892026,44398,78.95,850.05,60.30,0.386,4.155,0.295,banana,fresh
44893038,44399,78.90,850.15,60.40,0.386,4.155,0.295,banana,fresh
44894049,44400,78.90,850.15,60.55,0.386,4.155,0.296,banana,fresh
44895060,44401,78.90,850.30,60.20,0.386,4.156,0.294,banana,fresh
44896071,44402,78.90,850.15,60.35,0.386,4.155,0.295,banana,fresh
44897083,44403,78.90,850.15,60.30,0.386,4.155,0.295,banana,fresh
44898094,44404,78.90,850.20,60.25,0.386,4.155,0.294,banana,fresh
44899104,44405,78.95,850.35,60.25,0.386,4.156,0.294,banana,fresh
44900116,44406,78.95,850.20,60.20,0.386,4.155,0.294,banana,fresh
44901127,44407,78.90,850.10,60.35,0.386,4.155,0.295,banana,fresh
44902138,44408,78.95,850.15,60.25,0.386,4.155,0.294,banana,fresh
44903149,44409,79.00,850.15,60.25,0.386,4.155,0.294,banana,fresh
44904161,44410,78.90,850.15,60.40,0.386,4.155,0.295,banana,fresh
44905171,44411,79.00,850.10,60.35,0.386,4.155,0.295,banana,fresh
44906182,44412,79.00,850.10,60.40,0.386,4.155,0.295,banana,fresh
44907194,44413,78.90,850.05,60.35,0.386,4.155,0.295,banana,fresh
44908205,44414,79.00,850.20,60.30,0.386,4.155,0.295,banana,fresh
44909216,44415,78.95,850.10,60.55,0.386,4.155,0.296,banana,fresh
44910227,44416,79.00,850.15,60.20,0.386,4.155,0.294,banana,fresh
44911239,44417,78.90,850.10,60.40,0.386,4.155,0.295,banana,fresh
44912249,44418,78.95,850.05,60.40,0.386,4.155,0.295,banana,fresh
44913261,44419,78.90,850.10,60.30,0.386,4.155,0.295,banana,fresh
44914272,44420,78.80,850.05,60.20,0.385,4.155,0.294,banana,fresh
44915282,44421,78.95,850.00,60.30,0.386,4.154,0.295,banana,fresh
44916294,44422,78.90,850.00,60.30,0.386,4.154,0.295,banana,fresh
44917305,44423,78.85,850.15,60.45,0.385,4.155,0.295,banana,fresh
44918317,44424,78.85,850.15,60.40,0.385,4.155,0.295,banana,fresh
44919327,44425,79.00,850.15,60.25,0.386,4.155,0.294,banana,fresh
44920339,44426,78.95,850.05,60.40,0.386,4.155,0.295,banana,fresh
44921350,44427,79.00,850.25,60.45,0.386,4.156,0.295,banana,fresh
44922360,44428,78.95,850.10,60.40,0.386,4.155,0.295,banana,fresh
44923372,44429,79.05,850.05,60.45,0.386,4.155,0.295,banana,fresh
44924383,44430,78.90,850.05,60.45,0.386,4.155,0.295,banana,fresh
44925394,44431,78.95,850.10,60.35,0.386,4.155,0.295,banana,fresh
44926405,44432,78.90,850.10,60.30,0.386,4.155,0.295,banana,fresh
44927417,44433,78.95,850.10,60.20,0.386,4.155,0.294,banana,fresh
44928428,44434,78.95,850.05,60.35,0.386,4.155,0.295,banana,fresh
44929439,44435,78.95,850.00,60.25,0.386,4.154,0.294,banana,fresh
44930450,44436,79.00,850.00,60.55,0.386,4.154,0.296,banana,fresh
44931461,44437,79.00,850.05,60.25,0.386,4.155,0.294,banana,fresh
44932472,44438,78.95,850.10,60.35,0.386,4.155,0.295,banana,fresh
44933483,44439,78.85,850.10,60.30,0.385,4.155,0.295,banana,fresh
44934495,44440,79.05,850.15,60.25,0.386,4.155,0.294,banana,fresh
44935505,44441,78.95,850.05,60.30,0.386,4.155,0.295,banana,fresh
44936517,44442,78.95,850.05,60.15,0.386,4.155,0.294,banana,fresh
44937528,44443,78.95,850.15,60.30,0.386,4.155,0.295,banana,fresh
44938540,44444,78.90,850.05,60.45,0.386,4.155,0.295,banana,fresh
44939550,44445,79.00,850.10,60.30,0.386,4.155,0.295,banana,fresh
44940561,44446,78.95,850.10,60.45,0.386,4.155,0.295,banana,fresh
44941573,44447,79.00,850.15,60.40,0.386,4.155,0.295,banana,fresh
44942583,44448,79.00,850.05,60.15,0.386,4.155,0.294,banana,fresh
44943595,44449,78.95,850.00,60.20,0.386,4.154,0.294,banana,fresh
44944606,44450,79.00,850.20,60.45,0.386,4.155,0.295,banana,fresh
44945617,44451,79.00,850.00,60.45,0.386,4.154,0.295,banana,fresh
44946628,44452,78.90,850.10,60.40,0.386,4.155,0.295,banana,fresh
44947639,44453,79.00,850.05,60.20,0.386,4.155,0.294,banana,fresh
44948651,44454,79.05,850.10,60.20,0.386,4.155,0.294,banana,fresh
44949661,44455,78.95,850.05,60.30,0.386,4.155,0.295,banana,fresh
44950673,44456,79.00,850.05,60.30,0.386,4.155,0.295,banana,fresh
44951684,44457,79.00,850.05,60.30,0.386,4.155,0.295,banana,fresh
44952695,44458,78.95,850.05,60.30,0.386,4.155,0.295,banana,fresh
44953706,44459,78.95,850.15,60.40,0.386,4.155,0.295,banana,fresh
44954717,44460,79.05,850.05,60.25,0.386,4.155,0.294,banana,fresh
44955728,44461,78.95,850.05,60.45,0.386,4.155,0.295,banana,fresh
44956739,44462,79.00,850.05,60.20,0.386,4.155,0.294,banana,fresh
44957751,44463,78.95,850.10,60.30,0.386,4.155,0.295,banana,fresh
44958761,44464,78.90,850.05,60.30,0.386,4.155,0.295,banana,fresh
44959773,44465,78.90,850.05,60.30,0.386,4.155,0.295,banana,fresh
44960784,44466,78.95,850.05,60.45,0.386,4.155,0.295,banana,fresh
44961795,44467,79.00,850.05,60.30,0.386,4.155,0.295,banana,fresh
44962806,44468,78.95,850.00,60.30,0.386,4.154,0.295,banana,fresh
44963817,44469,78.95,850.00,60.30,0.386,4.154,0.295,banana,fresh
44964829,44470,79.05,850.05,60.35,0.386,4.155,0.295,banana,fresh
44965839,44471,79.00,850.05,60.25,0.386,4.155,0.294,banana,fresh
44966851,44472,79.00,850.05,60.35,0.386,4.155,0.295,banana,fresh
44967862,44473,78.95,850.05,60.10,0.386,4.155,0.294,banana,fresh
44968872,44474,78.95,850.10,60.40,0.386,4.155,0.295,banana,fresh
44969884,44475,78.95,850.05,60.30,0.386,4.155,0.295,banana,fresh
44970895,44476,78.85,850.05,60.35,0.385,4.155,0.295,banana,fresh
44971907,44477,78.95,850.05,60.30,0.386,4.155,0.295,banana,fresh
44972917,44478,78.95,850.10,60.20,0.386,4.155,0.294,banana,fresh
44973929,44479,78.90,850.05,60.25,0.386,4.155,0.294,banana,fresh
44974940,44480,78.95,850.05,60.40,0.386,4.155,0.295,banana,fresh
44975950,44481,78.85,850.10,60.40,0.385,4.155,0.295,banana,fresh
44976962,44482,79.00,850.00,60.40,0.386,4.154,0.295,banana,fresh
44977973,44483,79.05,850.05,60.30,0.386,4.155,0.295,banana,fresh
44978984,44484,79.00,850.05,60.55,0.386,4.155,0.296,banana,fresh
44979995,44485,78.95,850.00,60.40,0.386,4.154,0.295,banana,fresh
44981007,44486,79.00,850.15,60.35,0.386,4.155,0.295,banana,fresh
44982018,44487,79.00,850.05,60.45,0.386,4.155,0.295,banana,fresh
44983029,44488,79.00,850.10,60.55,0.386,4.155,0.296,banana,fresh
44984040,44489,78.95,850.05,60.55,0.386,4.155,0.296,banana,fresh
44985051,44490,78.95,850.00,60.50,0.386,4.154,0.296,banana,fresh
44986062,44491,78.90,850.00,60.25,0.386,4.154,0.294,banana,fresh
44987073,44492,79.00,850.00,60.20,0.386,4.154,0.294,banana,fresh
44988085,44493,78.95,850.10,60.55,0.386,4.155,0.296,banana,fresh
44989095,44494,78.80,850.00,60.25,0.385,4.154,0.294,banana,fresh
44990107,44495,79.00,850.05,60.30,0.386,4.155,0.295,banana,fresh
44991118,44496,78.90,850.00,60.25,0.386,4.154,0.294,banana,fresh
44992129,44497,78.95,850.10,60.35,0.386,4.155,0.295,banana,fresh
44993140,44498,78.90,850.00,60.35,0.386,4.154,0.295,banana,fresh
44994151,44499,78.90,850.00,60.25,0.386,4.154,0.294,banana,fresh
44995163,44500,78.95,850.05,60.45,0.386,4.155,0.295,banana,fresh
44996173,44501,78.90,850.00,60.35,0.386,4.154,0.295,banana,fresh
44997185,44502,78.95,850.05,60.35,0.386,4.155,0.295,banana,fresh
44998196,44503,78.85,850.05,60.35,0.385,4.155,0.295,banana,fresh
44999207,44504,78.90,850.00,60.30,0.386,4.154,0.295,banana,fresh
45000218,44505,78.95,850.05,60.20,0.386,4.155,0.294,banana,fresh
45001229,44506,78.95,850.05,60.35,0.386,4.155,0.295,banana,fresh
45002241,44507,78.95,850.00,60.20,0.386,4.154,0.294,banana,fresh
45003251,44508,78.90,850.00,60.30,0.386,4.154,0.295,banana,fresh
45004263,44509,78.85,850.00,60.40,0.385,4.154,0.295,banana,fresh
45005274,44510,78.90,850.00,60.35,0.386,4.154,0.295,banana,fresh
45006285,44511,78.80,850.00,60.45,0.385,4.154,0.295,banana,fresh
45007296,44512,78.85,850.00,60.35,0.385,4.154,0.295,banana,fresh
45008307,44513,78.80,850.00,60.30,0.385,4.154,0.295,banana,fresh
45009318,44514,78.90,850.05,60.45,0.386,4.155,0.295,banana,fresh
45010329,44515,78.95,850.00,60.25,0.386,4.154,0.294,banana,fresh
45011341,44516,78.95,850.05,60.25,0.386,4.155,0.294,banana,fresh
45012352,44517,78.95,850.00,60.35,0.386,4.154,0.295,banana,fresh
45013363,44518,79.00,850.10,60.40,0.386,4.155,0.295,banana,fresh
45014374,44519,78.85,850.00,60.40,0.385,4.154,0.295,banana,fresh
45015385,44520,78.95,850.00,60.50,0.386,4.154,0.296,banana,fresh
45016396,44521,78.95,850.05,60.40,0.386,4.155,0.295,banana,fresh
45017407,44522,79.00,850.05,60.40,0.386,4.155,0.295,banana,fresh
45018419,44523,78.85,850.00,60.25,0.385,4.154,0.294,banana,fresh
45019429,44524,78.95,850.05,60.10,0.386,4.155,0.294,banana,fresh
45020441,44525,78.90,850.05,60.45,0.386,4.155,0.295,banana,fresh
45021452,44526,78.70,850.10,60.40,0.385,4.155,0.295,banana,fresh
45022464,44527,78.85,850.00,60.35,0.385,4.154,0.295,banana,fresh
45023474,44528,78.80,850.05,60.40,0.385,4.155,0.295,banana,fresh
45024485,44529,78.80,850.00,60.30,0.385,4.154,0.295,banana,fresh
45025497,44530,78.90,850.00,60.30,0.386,4.154,0.295,banana,fresh
45026507,44531,78.85,850.05,60.30,0.385,4.155,0.295,banana,fresh
45027519,44532,78.95,850.05,60.35,0.386,4.155,0.295,banana,fresh
45028530,44533,78.75,850.00,60.25,0.385,4.154,0.294,banana,fresh
45029541,44534,79.00,850.00,60.35,0.386,4.154,0.295,banana,fresh
45030552,44535,78.90,850.05,60.25,0.386,4.155,0.294,banana,fresh
45031563,44536,78.90,850.05,60.35,0.386,4.155,0.295,banana,fresh
45032574,44537,78.90,850.05,60.50,0.386,4.155,0.296,banana,fresh
45033585,44538,78.85,850.10,60.25,0.385,4.155,0.294,banana,fresh
45034597,44539,78.85,850.00,60.30,0.385,4.154,0.295,banana,fresh
45035608,44540,78.70,850.00,60.35,0.385,4.154,0.295,banana,fresh
45036619,44541,78.80,850.05,60.50,0.385,4.155,0.296,banana,fresh
45037630,44542,78.90,850.00,60.25,0.386,4.154,0.294,banana,fresh
45038642,44543,78.90,850.05,60.20,0.386,4.155,0.294,banana,fresh
45039652,44544,78.85,850.00,60.35,0.385,4.154,0.295,banana,fresh
45040663,44545,78.85,850.00,60.30,0.385,4.154,0.295,banana,fresh
45041675,44546,78.85,850.00,60.50,0.385,4.154,0.296,banana,fresh
45042685,44547,78.80,850.00,60.45,0.385,4.154,0.295,banana,fresh
45043697,44548,78.80,850.05,60.70,0.385,4.155,0.297,banana,fresh
45044708,44549,78.75,850.00,60.60,0.385,4.154,0.296,banana,fresh
45045720,44550,78.85,850.10,60.45,0.385,4.155,0.295,banana,fresh
45046730,44551,79.00,850.05,60.35,0.386,4.155,0.295,banana,fresh
45047741,44552,79.00,850.00,60.35,0.386,4.154,0.295,banana,fresh
45048753,44553,78.75,850.00,60.25,0.385,4.154,0.294,banana,fresh
45049763,44554,78.95,850.00,60.45,0.386,4.154,0.295,banana,fresh
45050775,44555,78.85,850.00,60.65,0.385,4.154,0.296,banana,fresh
45051786,44556,78.90,850.00,60.50,0.386,4.154,0.296,banana,fresh
45052797,44557,78.70,850.05,60.45,0.385,4.155,0.295,banana,fresh
45053808,44558,78.85,850.00,60.35,0.385,4.154,0.295,banana,fresh
45054819,44559,78.95,850.05,60.40,0.386,4.155,0.295,banana,fresh
45055831,44560,78.90,850.05,60.20,0.386,4.155,0.294,banana,fresh
45056841,44561,78.80,850.00,60.30,0.385,4.154,0.295,banana,fresh
45057853,44562,78.85,850.00,60.50,0.385,4.154,0.296,banana,fresh
45058864,44563,79.00,850.00,60.30,0.386,4.154,0.295,banana,fresh
45059875,44564,78.85,850.05,60.35,0.385,4.155,0.295,banana,fresh
45060886,44565,78.90,850.05,60.25,0.386,4.155,0.294,banana,fresh
45061898,44566,78.90,850.00,60.45,0.386,4.154,0.295,banana,fresh
45062908,44567,78.85,850.00,60.60,0.385,4.154,0.296,banana,fresh
45063919,44568,78.90,850.00,60.35,0.386,4.154,0.295,banana,fresh
45064931,44569,78.70,850.00,60.15,0.385,4.154,0.294,banana,fresh
45065942,44570,78.85,850.00,60.45,0.385,4.154,0.295,banana,fresh
45066953,44571,78.90,850.00,60.30,0.386,4.154,0.295,banana,fresh
45067964,44572,78.80,850.00,60.45,0.385,4.154,0.295,banana,fresh
45068976,44573,78.90,850.00,60.35,0.386,4.154,0.295,banana,fresh
45069986,44574,78.75,850.05,60.35,0.385,4.155,0.295,banana,fresh
45070997,44575,78.85,850.00,60.50,0.385,4.154,0.296,banana,fresh
45072009,44576,78.95,850.00,60.45,0.386,4.154,0.295,banana,fresh
45073019,44577,78.90,850.00,60.40,0.386,4.154,0.295,banana,fresh
45074031,44578,78.95,850.00,60.30,0.386,4.154,0.295,banana,fresh
45075042,44579,78.90,849.95,60.35,0.386,4.154,0.295,banana,fresh
45076054,44580,78.90,850.00,60.30,0.386,4.154,0.295,banana,fresh
45077064,44581,78.65,850.00,60.35,0.384,4.154,0.295,banana,fresh
45078075,44582,78.95,850.00,60.30,0.386,4.154,0.295,banana,fresh
45079087,44583,78.75,850.00,60.50,0.385,4.154,0.296,banana,fresh
45080097,44584,78.95,850.00,60.20,0.386,4.154,0.294,banana,fresh
45081109,44585,79.00,850.00,60.45,0.386,4.154,0.295,banana,fresh
45082120,44586,78.80,850.00,60.45,0.385,4.154,0.295,banana,fresh
45083131,44587,78.80,850.00,60.30,0.385,4.154,0.295,banana,fresh
45084142,44588,78.80,850.00,60.35,0.385,4.154,0.295,banana,fresh
45085153,44589,78.80,850.00,60.45,0.385,4.154,0.295,banana,fresh
45086164,44590,78.95,850.00,60.40,0.386,4.154,0.295,banana,fresh
45087175,44591,78.85,850.00,60.50,0.385,4.154,0.296,banana,fresh
45088187,44592,78.80,850.00,60.30,0.385,4.154,0.295,banana,fresh
45089198,44593,78.80,850.00,60.50,0.385,4.154,0.296,banana,fresh
45090209,44594,78.75,850.00,60.35,0.385,4.154,0.295,banana,fresh
45091220,44595,78.85,850.00,60.30,0.385,4.154,0.295,banana,fresh
45092231,44596,78.90,850.00,60.30,0.386,4.154,0.295,banana,fresh
45093242,44597,78.75,850.00,60.25,0.385,4.154,0.294,banana,fresh
45094253,44598,78.75,850.05,60.30,0.385,4.155,0.295,banana,fresh
45095265,44599,78.85,850.00,60.50,0.385,4.154,0.296,banana,fresh
45096275,44600,78.90,850.00,60.55,0.386,4.154,0.296,banana,fresh
45097287,44601,78.60,850.00,60.60,0.384,4.154,0.296,banana,fresh
45098298,44602,78.85,850.05,60.25,0.385,4.155,0.294,banana,fresh
45099309,44603,78.95,850.00,60.30,0.386,4.154,0.295,banana,fresh
45100320,44604,78.80,850.00,60.50,0.385,4.154,0.296,banana,fresh
45101331,44605,78.95,850.00,60.55,0.386,4.154,0.296,banana,fresh
45102343,44606,78.75,850.00,60.50,0.385,4.154,0.296,banana,fresh
45103353,44607,78.85,850.05,60.35,0.385,4.155,0.295,banana,fresh
45104365,44608,78.80,849.95,60.55,0.385,4.154,0.296,banana,fresh
45105376,44609,78.80,850.00,60.30,0.385,4.154,0.295,banana,fresh
45106386,44610,79.00,850.00,60.45,0.386,4.154,0.295,banana,fresh
45107398,44611,78.75,850.00,60.30,0.385,4.154,0.295,banana,fresh
45108409,44612,78.90,850.00,60.45,0.386,4.154,0.295,banana,fresh
45109421,44613,78.75,850.00,60.25,0.385,4.154,0.294,banana,fresh
45110431,44614,78.80,850.00,60.35,0.385,4.154,0.295,banana,fresh
45111443,44615,78.60,850.00,60.35,0.384,4.154,0.295,banana,fresh
45112454,44616,78.80,849.95,60.35,0.385,4.154,0.295,banana,fresh
45113464,44617,78.90,850.00,60.45,0.386,4.154,0.295,banana,fresh
45114476,44618,78.85,850.00,60.40,0.385,4.154,0.295,banana,fresh
45115487,44619,78.85,850.00,60.30,0.385,4.154,0.295,banana,fresh
45116498,44620,78.70,850.00,60.15,0.385,4.154,0.294,banana,fresh
45117509,44621,78.70,850.00,60.35,0.385,4.154,0.295,banana,fresh
45118521,44622,78.85,850.00,60.45,0.385,4.154,0.295,banana,fresh
45119532,44623,78.90,850.00,60.20,0.386,4.154,0.294,banana,fresh
45120542,44624,78.85,850.00,60.30,0.385,4.154,0.295,banana,fresh
45121554,44625,78.70,850.00,60.50,0.385,4.154,0.296,banana,fresh
45122565,44626,78.85,849.95,60.50,0.385,4.154,0.296,banana,fresh
45123576,44627,78.70,850.00,60.25,0.385,4.154,0.294,banana,fresh
45124587,44628,78.70,850.00,60.40,0.385,4.154,0.295,banana,fresh
45125599,44629,78.65,850.00,60.15,0.384,4.154,0.294,banana,fresh
45126609,44630,78.90,850.00,60.30,0.386,4.154,0.295,banana,fresh
45127620,44631,78.75,850.00,60.50,0.385,4.154,0.296,banana,fresh
45128632,44632,78.95,849.95,60.40,0.386,4.154,0.295,banana,fresh
45129643,44633,78.55,850.00,60.45,0.384,4.154,0.295,banana,fresh
45130654,44634,78.75,850.00,60.40,0.385,4.154,0.295,banana,fresh
45131665,44635,78.80,850.00,60.50,0.385,4.154,0.296,banana,fresh
45132677,44636,78.85,850.00,60.35,0.385,4.154,0.295,banana,fresh
45133687,44637,78.75,850.00,60.30,0.385,4.154,0.295,banana,fresh
45134698,44638,78.85,850.00,60.25,0.385,4.154,0.294,banana,fresh
45135710,44639,78.55,850.00,60.45,0.384,4.154,0.295,banana,fresh
45136720,44640,78.75,850.00,60.45,0.385,4.154,0.295,banana,fresh
45137732,44641,78.75,850.00,60.40,0.385,4.154,0.295,banana,fresh
45138743,44642,78.70,850.00,60.60,0.385,4.154,0.296,banana,fresh
45139755,44643,78.85,850.00,60.35,0.385,4.154,0.295,banana,fresh
45140765,44644,78.85,850.00,60.45,0.385,4.154,0.295,banana,fresh
45141777,44645,78.65,850.00,60.40,0.384,4.154,0.295,banana,fresh
45142788,44646,78.75,850.00,60.25,0.385,4.154,0.294,banana,fresh
45143798,44647,78.80,849.95,60.45,0.385,4.154,0.295,banana,fresh
45144810,44648,78.80,849.90,60.40,0.385,4.154,0.295,banana,fresh
45145821,44649,78.80,849.95,60.25,0.385,4.154,0.294,banana,fresh
45146832,44650,78.80,850.00,60.25,0.385,4.154,0.294,banana,fresh
45147843,44651,78.55,850.00,60.30,0.384,4.154,0.295,banana,fresh
45148855,44652,78.75,849.95,60.30,0.385,4.154,0.295,banana,fresh
45149865,44653,78.80,850.00,60.30,0.385,4.154,0.295,banana,fresh
45150876,44654,78.95,849.95,60.25,0.386,4.154,0.294,banana,fresh
45151888,44655,78.80,850.00,60.25,0.385,4.154,0.294,banana,fresh
45152899,44656,78.50,849.90,60.40,0.384,4.154,0.295,banana,fresh
45153910,44657,78.75,850.00,60.40,0.385,4.154,0.295,banana,fresh
45154921,44658,78.80,850.00,60.25,0.385,4.154,0.294,banana,fresh
45155933,44659,78.70,850.00,60.55,0.385,4.154,0.296,banana,fresh
45156943,44660,78.75,850.00,60.25,0.385,4.154,0.294,banana,fresh
45157954,44661,78.90,850.00,60.35,0.386,4.154,0.295,banana,fresh
45158966,44662,78.65,849.95,60.50,0.384,4.154,0.296,banana,fresh
45159976,44663,78.75,849.95,60.40,0.385,4.154,0.295,banana,fresh
45160988,44664,78.80,849.95,60.35,0.385,4.154,0.295,banana,fresh
45161999,44665,78.70,850.00,60.10,0.385,4.154,0.294,banana,fresh
45163011,44666,78.80,849.95,60.50,0.385,4.154,0.296,banana,fresh
45164021,44667,78.70,849.95,60.50,0.385,4.154,0.296,banana,fresh
45165032,44668,78.80,850.00,60.25,0.385,4.154,0.294,banana,fresh
45166044,44669,78.75,850.00,60.45,0.385,4.154,0.295,banana,fresh
45167054,44670,78.70,850.00,60.30,0.385,4.154,0.295,banana,fresh
45168066,44671,78.80,850.00,60.40,0.385,4.154,0.295,banana,fresh
45169077,44672,78.65,849.95,60.15,0.384,4.154,0.294,banana,fresh
45170088,44673,78.70,850.00,60.50,0.385,4.154,0.296,banana,fresh
45171099,44674,78.65,850.00,60.55,0.384,4.154,0.296,banana,fresh
45172110,44675,78.60,849.90,60.50,0.384,4.154,0.296,banana,fresh
45173122,44676,78.70,850.00,60.35,0.385,4.154,0.295,banana,fresh
45174132,44677,78.85,849.95,60.20,0.385,4.154,0.294,banana,fresh
45175144,44678,78.55,849.95,60.15,0.384,4.154,0.294,banana,fresh
45176155,44679,78.75,850.00,60.30,0.385,4.154,0.295,banana,fresh
45177166,44680,78.70,850.00,60.25,0.385,4.154,0.294,banana,fresh
45178177,44681,78.75,850.00,60.30,0.385,4.154,0.295,banana,fresh
45179189,44682,78.65,849.95,60.40,0.384,4.154,0.295,banana,fresh
45180199,44683,78.50,849.95,60.30,0.384,4.154,0.295,banana,fresh
45181210,44684,78.80,849.95,60.35,0.385,4.154,0.295,banana,fresh
45182222,44685,78.60,850.00,60.30,0.384,4.154,0.295,banana,fresh
45183233,44686,78.75,850.00,60.20,0.385,4.154,0.294,banana,fresh
45184244,44687,78.70,849.95,60.35,0.385,4.154,0.295,banana,fresh
45185255,44688,78.80,850.00,60.35,0.385,4.154,0.295,banana,fresh
45186267,44689,78.65,849.95,60.40,0.384,4.154,0.295,banana,fresh
45187277,44690,78.65,850.00,60.40,0.384,4.154,0.295,banana,fresh
45188288,44691,78.85,850.00,60.50,0.385,4.154,0.296,banana,fresh
45189300,44692,78.80,850.00,60.40,0.385,4.154,0.295,banana,fresh
45190310,44693,78.80,849.95,60.40,0.385,4.154,0.295,banana,fresh
45191322,44694,78.90,850.00,60.40,0.386,4.154,0.295,banana,fresh
45192333,44695,78.55,850.00,60.25,0.384,4.154,0.294,banana,fresh
45193345,44696,78.75,850.00,60.40,0.385,4.154,0.295,banana,fresh
45194355,44697,78.55,849.95,60.35,0.384,4.154,0.295,banana,fresh
45195366,44698,78.70,850.00,60.35,0.385,4.154,0.295,banana,fresh
45196378,44699,78.70,849.95,60.45,0.385,4.154,0.295,banana,fresh
45197388,44700,78.75,850.00,60.30,0.385,4.154,0.295,banana,fresh
45198400,44701,78.70,850.00,60.25,0.385,4.154,0.294,banana,fresh
45199411,44702,78.70,850.00,60.45,0.385,4.154,0.295,banana,fresh
45200422,44703,78.60,850.00,60.45,0.384,4.154,0.295,banana,fresh
45201433,44704,78.80,850.00,60.35,0.385,4.154,0.295,banana,fresh
45202444,44705,78.55,849.95,60.15,0.384,4.154,0.294,banana,fresh
45203456,44706,78.65,850.00,60.35,0.384,4.154,0.295,banana,fresh
45204466,44707,78.70,850.00,60.35,0.385,4.154,0.295,banana,fresh
45205478,44708,78.85,849.85,60.30,0.385,4.154,0.295,banana,fresh
45206489,44709,78.50,850.00,60.65,0.384,4.154,0.296,banana,fresh
45207500,44710,78.85,850.00,60.35,0.385,4.154,0.295,banana,fresh
45208511,44711,78.75,850.00,60.30,0.385,4.154,0.295,banana,fresh
45209523,44712,78.65,850.00,60.45,0.384,4.154,0.295,banana,fresh
45210533,44713,78.75,850.00,60.25,0.385,4.154,0.294,banana,fresh
45211544,44714,78.65,849.85,60.30,0.384,4.154,0.295,banana,fresh
45212556,44715,78.65,849.95,60.45,0.384,4.154,0.295,banana,fresh
45213566,44716,78.70,850.00,60.35,0.385,4.154,0.295,banana,fresh
45214578,44717,78.70,849.90,60.25,0.385,4.154,0.294,banana,fresh
45215589,44718,78.85,849.95,60.20,0.385,4.154,0.294,banana,fresh
45216601,44719,78.75,849.90,60.35,0.385,4.154,0.295,banana,fresh
45217611,44720,78.70,849.90,60.20,0.385,4.154,0.294,banana,fresh
45218622,44721,78.70,849.95,60.25,0.385,4.154,0.294,banana,fresh
45219634,44722,78.75,849.95,60.20,0.385,4.154,0.294,banana,fresh
45220644,44723,78.75,850.00,60.35,0.385,4.154,0.295,banana,fresh
45221656,44724,78.70,850.00,60.45,0.385,4.154,0.295,banana,fresh
45222667,44725,78.50,849.95,60.40,0.384,4.154,0.295,banana,fresh
45223678,44726,78.70,850.00,60.40,0.385,4.154,0.295,banana,fresh
45224689,44727,78.75,849.95,60.30,0.385,4.154,0.295,banana,fresh
45225700,44728,78.55,850.00,60.40,0.384,4.154,0.295,banana,fresh
45226712,44729,78.75,849.95,60.35,0.385,4.154,0.295,banana,fresh
45227722,44730,78.70,850.00,60.40,0.385,4.154,0.295,banana,fresh
45228734,44731,78.60,850.00,60.55,0.384,4.154,0.296,banana,fresh
45229745,44732,78.70,850.00,60.50,0.385,4.154,0.296,banana,fresh
45230756,44733,78.60,850.00,60.35,0.384,4.154,0.295,banana,fresh
45231767,44734,78.80,850.00,60.40,0.385,4.154,0.295,banana,fresh
45232779,44735,78.75,850.00,60.30,0.385,4.154,0.295,banana,fresh
45233789,44736,78.80,850.00,60.25,0.385,4.154,0.294,banana,fresh
45234800,44737,78.85,850.00,60.30,0.385,4.154,0.295,banana,fresh
45235812,44738,78.60,849.95,60.45,0.384,4.154,0.295,banana,fresh
45236823,44739,78.70,850.00,60.45,0.385,4.154,0.295,banana,fresh
45237834,44740,78.70,850.00,60.40,0.385,4.154,0.295,banana,fresh
45238845,44741,78.75,850.00,60.60,0.385,4.154,0.296,banana,fresh
45239857,44742,78.75,850.00,60.30,0.385,4.154,0.295,banana,fresh
45240867,44743,78.80,850.00,60.30,0.385,4.154,0.295,banana,fresh
45241878,44744,78.55,849.95,60.40,0.384,4.154,0.295,banana,fresh
45242890,44745,78.75,850.00,60.35,0.385,4.154,0.295,banana,fresh
45243900,44746,78.75,850.00,60.25,0.385,4.154,0.294,banana,fresh
45244912,44747,78.65,849.95,60.55,0.384,4.154,0.296,banana,fresh
45245923,44748,78.80,849.95,60.40,0.385,4.154,0.295,banana,fresh
45246935,44749,78.60,849.95,60.25,0.384,4.154,0.294,banana,fresh
45247945,44750,78.55,850.00,60.20,0.384,4.154,0.294,banana,fresh
45248956,44751,78.80,849.95,60.35,0.385,4.154,0.295,banana,fresh
45249968,44752,78.75,850.00,60.40,0.385,4.154,0.295,banana,fresh
45250978,44753,78.70,850.00,60.50,0.385,4.154,0.296,banana,fresh
45251990,44754,78.85,849.95,60.55,0.385,4.154,0.296,banana,fresh
45253001,44755,78.85,850.00,60.60,0.385,4.154,0.296,banana,fresh
45254012,44756,78.65,849.95,60.30,0.384,4.154,0.295,banana,fresh
45255023,44757,78.75,849.95,60.15,0.385,4.154,0.294,banana,fresh
45256034,44758,78.75,849.90,60.40,0.385,4.154,0.295,banana,fresh
45257046,44759,78.80,849.95,60.50,0.385,4.154,0.296,banana,fresh
45258056,44760,78.75,849.95,60.40,0.385,4.154,0.295,banana,fresh
45259068,44761,78.80,850.00,60.55,0.385,4.154,0.296,banana,fresh
45260079,44762,78.65,849.95,60.30,0.384,4.154,0.295,banana,fresh
45261090,44763,78.80,850.00,60.25,0.385,4.154,0.294,banana,fresh
45262101,44764,78.60,849.95,60.25,0.384,4.154,0.294,banana,fresh
45263112,44765,78.80,849.95,60.35,0.385,4.154,0.295,banana,fresh
45264123,44766,78.70,849.90,60.35,0.385,4.154,0.295,banana,fresh
45265134,44767,78.85,850.00,60.20,0.385,4.154,0.294,banana,fresh
45266146,44768,78.65,849.95,60.30,0.384,4.154,0.295,banana,fresh
45267156,44769,78.75,849.95,60.35,0.385,4.154,0.295,banana,fresh
45268168,44770,78.65,849.90,60.50,0.384,4.154,0.296,banana,fresh
45269179,44771,78.55,849.90,60.45,0.384,4.154,0.295,banana,fresh
45270191,44772,78.75,850.00,60.35,0.385,4.154,0.295,banana,fresh
45271201,44773,78.50,849.95,60.20,0.384,4.154,0.294,banana,fresh
45272212,44774,78.70,849.95,60.65,0.385,4.154,0.296,banana,fresh
45273224,44775,78.85,849.90,60.30,0.385,4.154,0.295,banana,fresh
45274234,44776,78.65,849.95,60.40,0.384,4.154,0.295,banana,fresh
45275246,44777,78.70,849.90,60.30,0.385,4.154,0.295,banana,fresh
45276257,44778,78.70,849.90,60.40,0.385,4.154,0.295,banana,fresh
45277268,44779,78.55,849.80,60.35,0.384,4.153,0.295,banana,fresh
45278279,44780,78.45,849.95,60.40,0.383,4.154,0.295,banana,fresh
45279291,44781,78.65,850.00,60.30,0.384,4.154,0.295,banana,fresh
45280302,44782,78.65,850.00,60.35,0.384,4.154,0.295,banana,fresh
45281312,44783,78.80,850.00,60.25,0.385,4.154,0.294,banana,fresh
45282324,44784,78.85,850.00,60.45,0.385,4.154,0.295,banana,fresh
45283335,44785,78.80,849.90,60.30,0.385,4.154,0.295,banana,fresh
45284346,44786,78.85,849.90,60.30,0.385,4.154,0.295,banana,fresh
45285357,44787,78.85,849.85,60.40,0.385,4.154,0.295,banana,fresh
45286369,44788,78.80,849.90,60.20,0.385,4.154,0.294,banana,fresh
45287379,44789,78.80,849.95,60.35,0.385,4.154,0.295,banana,fresh
45288390,44790,78.65,850.00,60.20,0.384,4.154,0.294,banana,fresh
45289402,44791,78.55,849.95,60.40,0.384,4.154,0.295,banana,fresh
45290413,44792,78.65,849.95,60.30,0.384,4.154,0.295,banana,fresh
45291424,44793,78.90,849.95,60.40,0.386,4.154,0.295,banana,fresh
45292435,44794,78.80,849.95,60.50,0.385,4.154,0.296,banana,fresh
45293447,44795,78.70,850.00,60.25,0.385,4.154,0.294,banana,fresh
45294457,44796,78.80,849.95,60.30,0.385,4.154,0.295,banana,fresh
45295468,44797,78.80,849.90,60.40,0.385,4.154,0.295,banana,fresh
45296480,44798,78.70,849.95,60.35,0.385,4.154,0.295,banana,fresh
45297490,44799,78.80,849.95,60.25,0.385,4.154,0.294,banana,fresh
45298502,44800,78.60,850.00,60.35,0.384,4.154,0.295,banana,fresh
45299513,44801,78.65,849.95,60.45,0.384,4.154,0.295,banana,fresh
45300525,44802,78.70,849.95,60.35,0.385,4.154,0.295,banana,fresh
45301535,44803,78.90,849.85,60.60,0.386,4.154,0.296,banana,fresh
45302547,44804,78.60,850.00,60.25,0.384,4.154,0.294,banana,fresh
45303558,44805,78.65,850.00,60.25,0.384,4.154,0.294,banana,fresh
45304568,44806,78.70,849.95,60.30,0.385,4.154,0.295,banana,fresh
45305580,44807,78.70,849.85,60.50,0.385,4.154,0.296,banana,fresh
45306591,44808,78.80,849.95,60.45,0.385,4.154,0.295,banana,fresh
45307602,44809,78.90,849.95,60.45,0.386,4.154,0.295,banana,fresh
45308613,44810,78.80,849.90,60.40,0.385,4.154,0.295,banana,fresh
45309625,44811,78.85,849.90,60.45,0.385,4.154,0.295,banana,fresh
45310636,44812,78.80,850.00,60.45,0.385,4.154,0.295,banana,fresh
45311646,44813,78.90,850.00,60.35,0.386,4.154,0.295,banana,fresh
45312658,44814,78.85,849.90,60.30,0.385,4.154,0.295,banana,fresh
45313669,44815,78.65,849.90,60.35,0.384,4.154,0.295,banana,fresh
45314680,44816,78.90,849.95,60.25,0.386,4.154,0.294,banana,fresh
45315691,44817,78.75,849.90,60.30,0.385,4.154,0.295,banana,fresh
45316703,44818,78.70,849.95,60.10,0.385,4.154,0.294,banana,fresh
45317713,44819,78.85,849.95,60.35,0.385,4.154,0.295,banana,fresh
45318725,44820,78.70,849.90,60.30,0.385,4.154,0.295,banana,fresh
45319736,44821,78.75,850.00,60.45,0.385,4.154,0.295,banana,fresh
45320747,44822,78.70,849.95,60.30,0.385,4.154,0.295,banana,fresh
45321758,44823,78.85,850.00,60.15,0.385,4.154,0.294,banana,fresh
45322769,44824,78.85,850.00,60.30,0.385,4.154,0.295,banana,fresh
45323781,44825,78.85,850.00,60.65,0.385,4.154,0.296,banana,fresh
45324791,44826,78.75,849.95,60.45,0.385,4.154,0.295,banana,fresh
45325803,44827,78.65,849.90,60.25,0.384,4.154,0.294,banana,fresh
45326814,44828,78.75,849.95,60.35,0.385,4.154,0.295,banana,fresh
45327825,44829,78.80,849.90,60.45,0.385,4.154,0.295,banana,fresh
45328836,44830,78.80,849.95,60.30,0.385,4.154,0.295,banana,fresh
45329847,44831,78.95,850.00,60.25,0.386,4.154,0.294,banana,fresh
45330859,44832,78.85,850.00,60.45,0.385,4.154,0.295,banana,fresh
45331869,44833,78.60,849.95,60.45,0.384,4.154,0.295,banana,fresh
45332881,44834,78.80,850.00,60.40,0.385,4.154,0.295,banana,fresh
45333892,44835,78.70,849.95,60.20,0.385,4.154,0.294,banana,fresh
45334903,44836,78.65,849.80,60.30,0.384,4.153,0.295,banana,fresh
45335914,44837,78.85,849.95,60.05,0.385,4.154,0.293,banana,fresh
45336925,44838,78.75,849.95,60.35,0.385,4.154,0.295,banana,fresh
45337936,44839,78.55,849.95,60.45,0.384,4.154,0.295,banana,fresh
45338947,44840,78.80,849.85,60.15,0.385,4.154,0.294,banana,fresh
45339959,44841,78.85,849.90,60.25,0.385,4.154,0.294,banana,fresh
45340969,44842,78.75,849.85,60.30,0.385,4.154,0.295,banana,fresh
45341981,44843,78.75,849.85,60.35,0.385,4.154,0.295,banana,fresh
45342992,44844,78.70,849.90,60.35,0.385,4.154,0.295,banana,fresh
45344003,44845,78.70,849.95,60.30,0.385,4.154,0.295,banana,fresh
45345014,44846,78.75,849.90,60.50,0.385,4.154,0.296,banana,fresh
45346025,44847,78.70,849.85,60.30,0.385,4.154,0.295,banana,fresh
45347037,44848,78.85,849.80,60.30,0.385,4.153,0.295,banana,fresh
45348047,44849,78.65,849.90,60.30,0.384,4.154,0.295,banana,fresh
45349059,44850,78.80,849.85,60.55,0.385,4.154,0.296,banana,fresh
45350070,44851,78.90,849.85,60.30,0.386,4.154,0.295,banana,fresh
45351081,44852,78.65,850.00,60.25,0.384,4.154,0.294,banana,fresh
45352092,44853,78.85,850.00,60.25,0.385,4.154,0.294,banana,fresh
45353103,44854,78.75,849.85,60.20,0.385,4.154,0.294,banana,fresh
45354115,44855,78.80,849.85,60.25,0.385,4.154,0.294,banana,fresh
45355125,44856,78.75,849.95,60.40,0.385,4.154,0.295,banana,fresh
45356137,44857,78.95,849.90,60.35,0.386,4.154,0.295,banana,fresh
45357148,44858,78.70,849.85,60.30,0.385,4.154,0.295,banana,fresh
45358159,44859,78.70,849.95,60.15,0.385,4.154,0.294,banana,fresh
45359170,44860,78.70,849.95,60.35,0.385,4.154,0.295,banana,fresh
45360182,44861,78.75,849.90,60.25,0.385,4.154,0.294,banana,fresh
45361192,44862,78.60,849.75,60.35,0.384,4.153,0.295,banana,fresh
45362203,44863,78.75,849.80,60.30,0.385,4.153,0.295,banana,fresh
45363215,44864,78.85,849.90,60.25,0.385,4.154,0.294,banana,fresh
45364226,44865,78.60,849.90,60.20,0.384,4.154,0.294,banana,fresh
45365237,44866,78.70,849.95,60.30,0.385,4.154,0.295,banana,fresh
45366248,44867,78.80,849.95,60.40,0.385,4.154,0.295,banana,fresh
45367260,44868,78.60,849.90,60.30,0.384,4.154,0.295,banana,fresh
45368270,44869,78.80,849.95,60.45,0.385,4.154,0.295,banana,fresh
45369281,44870,78.80,849.80,60.10,0.385,4.153,0.294,banana,fresh
45370293,44871,78.70,849.90,60.30,0.385,4.154,0.295,banana,fresh
45371303,44872,78.90,849.80,60.35,0.386,4.153,0.295,banana,fresh
45372315,44873,78.75,849.85,60.25,0.385,4.154,0.294,banana,fresh
45373326,44874,78.80,849.95,60.30,0.385,4.154,0.295,banana,fresh
45374338,44875,78.70,849.90,60.30,0.385,4.154,0.295,banana,fresh
45375348,44876,78.80,849.95,60.45,0.385,4.154,0.295,banana,fresh
45376359,44877,78.80,849.85,60.35,0.385,4.154,0.295,banana,fresh
45377371,44878,78.90,849.75,60.35,0.386,4.153,0.295,banana,fresh
45378381,44879,78.55,849.85,60.50,0.384,4.154,0.296,banana,fresh
45379393,44880,78.85,849.85,60.15,0.385,4.154,0.294,banana,fresh
45380404,44881,78.80,849.85,60.20,0.385,4.154,0.294,banana,fresh
45381415,44882,78.75,849.85,60.30,0.385,4.154,0.295,banana,fresh
45382426,44883,78.70,849.90,60.20,0.385,4.154,0.294,banana,fresh
45383438,44884,78.80,849.90,60.40,0.385,4.154,0.295,banana,fresh
45384449,44885,78.75,849.85,60.40,0.385,4.154,0.295,banana,fresh
45385459,44886,78.75,849.75,60.25,0.385,4.153,0.294,banana,fresh
45386471,44887,78.70,849.75,60.10,0.385,4.153,0.294,banana,fresh
45387482,44888,78.80,849.85,60.05,0.385,4.154,0.293,banana,fresh
45388493,44889,78.85,849.80,60.30,0.385,4.153,0.295,banana,fresh
45389504,44890,78.85,849.95,60.15,0.385,4.154,0.294,banana,fresh
45390516,44891,78.85,849.80,60.10,0.385,4.153,0.294,banana,fresh
45391526,44892,78.85,849.75,60.35,0.385,4.153,0.295,banana,fresh
45392538,44893,78.70,849.80,60.25,0.385,4.153,0.294,banana,fresh
45393549,44894,78.55,849.90,60.15,0.384,4.154,0.294,banana,fresh
45394560,44895,78.60,849.75,60.25,0.384,4.153,0.294,banana,fresh
45395571,44896,78.75,849.95,60.05,0.385,4.154,0.293,banana,fresh
45396582,44897,78.90,849.95,60.15,0.386,4.154,0.294,banana,fresh
45397594,44898,78.70,849.80,60.15,0.385,4.153,0.294,banana,fresh
45398604,44899,78.75,849.85,60.25,0.385,4.154,0.294,banana,fresh
45399616,44900,78.70,849.80,60.10,0.385,4.153,0.294,banana,fresh
45400627,44901,78.85,849.80,60.35,0.385,4.153,0.295,banana,fresh
45401637,44902,78.85,849.90,60.25,0.385,4.154,0.294,banana,fresh
45402649,44903,78.80,849.90,60.20,0.385,4.154,0.294,banana,fresh
45403660,44904,78.80,849.80,60.35,0.385,4.153,0.295,banana,fresh
45404672,44905,78.60,849.70,60.20,0.384,4.153,0.294,banana,fresh
45405682,44906,79.00,849.85,60.25,0.386,4.154,0.294,banana,fresh
45406694,44907,78.80,849.65,60.40,0.385,4.153,0.295,banana,fresh
45407705,44908,78.75,849.85,60.30,0.385,4.154,0.295,banana,fresh
45408716,44909,78.65,849.80,60.35,0.384,4.153,0.295,banana,fresh
45409727,44910,78.80,849.80,60.20,0.385,4.153,0.294,banana,fresh
45410738,44911,78.70,849.60,60.35,0.385,4.152,0.295,banana,fresh
45411749,44912,78.60,849.80,60.35,0.384,4.153,0.295,banana,fresh
45412760,44913,78.70,850.00,60.15,0.385,4.154,0.294,banana,fresh
45413772,44914,78.80,850.00,60.35,0.385,4.154,0.295,banana,fresh
45414782,44915,78.80,849.75,60.30,0.385,4.153,0.295,banana,fresh
45415794,44916,78.85,849.80,60.15,0.385,4.153,0.294,banana,fresh
45416805,44917,78.85,849.90,60.25,0.385,4.154,0.294,banana,fresh
45417816,44918,78.80,849.80,60.25,0.385,4.153,0.294,banana,fresh
45418827,44919,78.95,849.90,60.30,0.386,4.154,0.295,banana,fresh
45419838,44920,78.85,849.90,60.35,0.385,4.154,0.295,banana,fresh
45420850,44921,78.75,849.90,60.15,0.385,4.154,0.294,banana,fresh
45421860,44922,78.75,849.90,60.35,0.385,4.154,0.295,banana,fresh
45422872,44923,78.80,849.95,60.35,0.385,4.154,0.295,banana,fresh
45423883,44924,78.80,849.85,60.25,0.385,4.154,0.294,banana,fresh
45424893,44925,78.70,849.80,60.25,0.385,4.153,0.294,banana,fresh
45425905,44926,78.80,849.75,60.25,0.385,4.153,0.294,banana,fresh
45426916,44927,78.65,849.70,60.20,0.384,4.153,0.294,banana,fresh
45427928,44928,78.55,849.85,60.40,0.384,4.154,0.295,banana,fresh
45428938,44929,78.80,849.80,60.15,0.385,4.153,0.294,banana,fresh
45429950,44930,78.80,849.75,60.15,0.385,4.153,0.294,banana,fresh
45430961,44931,78.60,849.90,60.10,0.384,4.154,0.294,banana,fresh
45431972,44932,78.70,849.85,60.20,0.385,4.154,0.294,banana,fresh
45432983,44933,78.85,849.75,60.10,0.385,4.153,0.294,banana,fresh
45433994,44934,78.70,849.75,60.25,0.385,4.153,0.294,banana,fresh
45435005,44935,78.80,849.85,60.05,0.385,4.154,0.293,banana,fresh
45436016,44936,78.90,849.85,60.25,0.386,4.154,0.294,banana,fresh
45437028,44937,78.80,849.85,60.10,0.385,4.154,0.294,banana,fresh
45438039,44938,78.80,849.85,60.35,0.385,4.154,0.295,banana,fresh
45439050,44939,78.80,849.90,60.30,0.385,4.154,0.295,banana,fresh
45440061,44940,78.85,849.70,60.35,0.385,4.153,0.295,banana,fresh
45441073,44941,78.75,849.95,60.25,0.385,4.154,0.294,banana,fresh
45442083,44942,78.75,849.75,60.25,0.385,4.153,0.294,banana,fresh
45443094,44943,78.75,849.60,60.20,0.385,4.152,0.294,banana,fresh
45444106,44944,78.70,849.85,60.30,0.385,4.154,0.295,banana,fresh
45445116,44945,78.65,849.95,60.25,0.384,4.154,0.294,banana,fresh
45446128,44946,78.85,849.85,60.15,0.385,4.154,0.294,banana,fresh
45447139,44947,78.80,849.90,60.40,0.385,4.154,0.295,banana,fresh
45448151,44948,78.90,849.75,60.15,0.386,4.153,0.294,banana,fresh
45449161,44949,78.80,849.85,60.05,0.385,4.154,0.293,banana,fresh
45450172,44950,78.95,849.85,60.15,0.386,4.154,0.294,banana,fresh
45451184,44951,78.85,849.75,60.20,0.385,4.153,0.294,banana,fresh
45452194,44952,78.85,849.95,60.20,0.385,4.154,0.294,banana,fresh
45453206,44953,78.80,849.80,60.25,0.385,4.153,0.294,banana,fresh
45454217,44954,78.60,849.85,60.20,0.384,4.154,0.294,banana,fresh
45455228,44955,78.95,849.90,60.10,0.386,4.154,0.294,banana,fresh
45456239,44956,78.95,849.85,60.30,0.386,4.154,0.295,banana,fresh
45457251,44957,78.90,849.80,60.25,0.386,4.153,0.294,banana,fresh
45458262,44958,78.85,849.85,60.35,0.385,4.154,0.295,banana,fresh
45459272,44959,78.90,849.80,60.10,0.386,4.153,0.294,banana,fresh
45460284,44960,78.85,849.95,60.20,0.385,4.154,0.294,banana,fresh
45461295,44961,78.90,849.80,60.15,0.386,4.153,0.294,banana,fresh
45462306,44962,78.75,849.75,60.15,0.385,4.153,0.294,banana,fresh
45463317,44963,78.85,849.90,60.15,0.385,4.154,0.294,banana,fresh
45464329,44964,78.95,849.85,60.05,0.386,4.154,0.293,banana,fresh
45465339,44965,78.80,849.80,60.35,0.385,4.153,0.295,banana,fresh
45466350,44966,78.65,849.75,60.25,0.384,4.153,0.294,banana,fresh
45467362,44967,78.65,849.95,60.25,0.384,4.154,0.294,banana,fresh
45468372,44968,78.75,849.85,60.20,0.385,4.154,0.294,banana,fresh
45469384,44969,78.85,849.80,60.10,0.385,4.153,0.294,banana,fresh
45470395,44970,78.70,849.90,60.20,0.385,4.154,0.294,banana,fresh
45471407,44971,78.70,849.75,60.20,0.385,4.153,0.294,banana,fresh
45472417,44972,78.70,849.80,60.15,0.385,4.153,0.294,banana,fresh
45473428,44973,78.80,849.75,60.10,0.385,4.153,0.294,banana,fresh
45474440,44974,78.75,849.95,60.20,0.385,4.154,0.294,banana,fresh
45475450,44975,78.65,849.85,60.00,0.384,4.154,0.293,banana,fresh
45476462,44976,78.65,849.80,60.25,0.384,4.153,0.294,banana,fresh
45477473,44977,78.75,849.85,60.25,0.385,4.154,0.294,banana,fresh
45478484,44978,78.65,849.85,60.05,0.384,4.154,0.293,banana,fresh
45479495,44979,78.80,849.70,60.15,0.385,4.153,0.294,banana,fresh
45480507,44980,78.85,849.75,60.20,0.385,4.153,0.294,banana,fresh
45481518,44981,78.80,849.70,60.25,0.385,4.153,0.294,banana,fresh
45482528,44982,78.75,849.85,60.15,0.385,4.154,0.294,banana,fresh
45483540,44983,78.90,849.90,60.15,0.386,4.154,0.294,banana,fresh
45484551,44984,78.60,849.80,60.20,0.384,4.153,0.294,banana,fresh
45485562,44985,78.70,849.85,60.30,0.385,4.154,0.295,banana,fresh
45486573,44986,78.70,849.70,60.05,0.385,4.153,0.293,banana,fresh
45487585,44987,78.85,849.85,60.10,0.385,4.154,0.294,banana,fresh
45488595,44988,78.90,849.65,60.15,0.386,4.153,0.294,banana,fresh
45489607,44989,78.85,849.75,60.00,0.385,4.153,0.293,banana,fresh
45490618,44990,78.85,849.80,60.15,0.385,4.153,0.294,banana,fresh
45491629,44991,78.70,849.70,60.30,0.385,4.153,0.295,banana,fresh
45492640,44992,78.65,849.95,60.10,0.384,4.154,0.294,banana,fresh
45493651,44993,78.85,849.80,60.15,0.385,4.153,0.294,banana,fresh
45494663,44994,78.80,849.95,60.10,0.385,4.154,0.294,banana,fresh
45495673,44995,78.85,849.85,60.20,0.385,4.154,0.294,banana,fresh
45496685,44996,78.85,849.90,60.10,0.385,4.154,0.294,banana,fresh
45497696,44997,78.85,849.95,60.05,0.385,4.154,0.293,banana,fresh
45498706,44998,78.75,849.85,60.20,0.385,4.154,0.294,banana,fresh
45499718,44999,78.85,850.00,60.10,0.385,4.154,0.294,banana,fresh
45500729,45000,78.95,849.65,60.15,0.386,4.153,0.294,banana,fresh
45501741,45001,78.65,849.85,60.20,0.384,4.154,0.294,banana,fresh
45502751,45002,78.95,849.80,60.35,0.386,4.153,0.295,banana,fresh
45503763,45003,78.80,849.75,60.20,0.385,4.153,0.294,banana,fresh
45504774,45004,78.80,849.85,60.25,0.385,4.154,0.294,banana,fresh
45505784,45005,78.85,849.85,60.30,0.385,4.154,0.295,banana,fresh
45506796,45006,78.90,849.70,60.25,0.386,4.153,0.294,banana,fresh
45507807,45007,78.75,849.75,60.10,0.385,4.153,0.294,banana,fresh
45508818,45008,78.95,849.70,60.10,0.386,4.153,0.294,banana,fresh
45509829,45009,78.70,849.85,60.20,0.385,4.154,0.294,banana,fresh
45510841,45010,78.85,849.80,60.05,0.385,4.153,0.293,banana,fresh
45511852,45011,78.90,849.80,60.10,0.386,4.153,0.294,banana,fresh
45512863,45012,78.85,849.85,60.10,0.385,4.154,0.294,banana,fresh
45513874,45013,78.85,849.80,60.10,0.385,4.153,0.294,banana,fresh
45514885,45014,78.90,849.80,60.20,0.386,4.153,0.294,banana,fresh
45515896,45015,78.80,850.00,60.20,0.385,4.154,0.294,banana,fresh
45516907,45016,78.80,849.70,60.00,0.385,4.153,0.293,banana,fresh
45517919,45017,78.90,849.90,60.15,0.386,4.154,0.294,banana,fresh
45518929,45018,78.85,849.85,60.10,0.385,4.154,0.294,banana,fresh
45519941,45019,78.85,849.75,60.20,0.385,4.153,0.294,banana,fresh
45520952,45020,78.85,849.85,60.10,0.385,4.154,0.294,banana,fresh
45521963,45021,78.85,849.75,60.15,0.385,4.153,0.294,banana,fresh
45522974,45022,78.90,849.75,60.10,0.386,4.153,0.294,banana,fresh
45523985,45023,78.90,849.80,60.15,0.386,4.153,0.294,banana,fresh
45524997,45024,78.55,849.80,60.30,0.384,4.153,0.295,banana,fresh
45526007,45025,78.85,849.70,60.15,0.385,4.153,0.294,banana,fresh
45527019,45026,78.75,849.90,60.10,0.385,4.154,0.294,banana,fresh
45528030,45027,78.85,849.80,60.10,0.385,4.153,0.294,banana,fresh
45529040,45028,78.85,849.70,60.05,0.385,4.153,0.293,banana,fresh
45530052,45029,78.75,849.80,60.10,0.385,4.153,0.294,banana,fresh
45531063,45030,78.90,849.90,60.20,0.386,4.154,0.294,banana,fresh
45532075,45031,78.80,849.65,60.15,0.385,4.153,0.294,banana,fresh
45533085,45032,78.95,849.85,60.10,0.386,4.154,0.294,banana,fresh
45534097,45033,78.85,849.75,60.05,0.385,4.153,0.293,banana,fresh
45535108,45034,78.85,849.75,60.05,0.385,4.153,0.293,banana,fresh
45536119,45035,78.85,849.85,60.05,0.385,4.154,0.293,banana,fresh
45537130,45036,78.80,849.90,60.15,0.385,4.154,0.294,banana,fresh
45538141,45037,78.85,849.90,60.10,0.385,4.154,0.294,banana,fresh
45539152,45038,78.90,849.60,60.10,0.386,4.152,0.294,banana,fresh
45540163,45039,78.85,849.80,60.30,0.385,4.153,0.295,banana,fresh
45541175,45040,78.90,849.80,60.10,0.386,4.153,0.294,banana,fresh
45542185,45041,78.85,849.75,60.10,0.385,4.153,0.294,banana,fresh
45543197,45042,78.80,849.90,60.10,0.385,4.154,0.294,banana,fresh
45544208,45043,78.65,849.80,60.10,0.384,4.153,0.294,banana,fresh
45545219,45044,78.80,849.75,60.00,0.385,4.153,0.293,banana,fresh
45546230,45045,78.80,849.85,60.10,0.385,4.154,0.294,banana,fresh
45547241,45046,78.80,849.85,60.15,0.385,4.154,0.294,banana,fresh
45548253,45047,78.90,849.80,60.00,0.386,4.153,0.293,banana,fresh
45549263,45048,78.75,849.75,60.05,0.385,4.153,0.293,banana,fresh
45550275,45049,78.90,849.95,60.00,0.386,4.154,0.293,banana,fresh
45551286,45050,78.75,849.70,60.10,0.385,4.153,0.294,banana,fresh
45552297,45051,78.70,849.80,60.10,0.385,4.153,0.294,banana,fresh
45553308,45052,78.85,849.85,60.10,0.385,4.154,0.294,banana,fresh
45554319,45053,78.75,849.85,60.15,0.385,4.154,0.294,banana,fresh
45555331,45054,78.80,849.65,60.20,0.385,4.153,0.294,banana,fresh
45556341,45055,78.90,849.65,59.95,0.386,4.153,0.293,banana,fresh
45557353,45056,78.95,849.75,60.00,0.386,4.153,0.293,banana,fresh
45558364,45057,78.80,849.90,60.20,0.385,4.154,0.294,banana,fresh
45559375,45058,78.90,849.70,60.10,0.386,4.153,0.294,banana,fresh
45560386,45059,78.95,849.75,60.10,0.386,4.153,0.294,banana,fresh
45561398,45060,78.85,849.70,60.15,0.385,4.153,0.294,banana,fresh
45562408,45061,78.85,849.85,60.10,0.385,4.154,0.294,banana,fresh
45563419,45062,78.95,849.75,60.00,0.386,4.153,0.293,banana,fresh
45564431,45063,78.75,849.75,60.10,0.385,4.153,0.294,banana,fresh
45565442,45064,78.70,849.75,60.15,0.385,4.153,0.294,banana,fresh
45566453,45065,79.00,849.80,60.00,0.386,4.153,0.293,banana,fresh
45567464,45066,78.80,849.90,60.15,0.385,4.154,0.294,banana,fresh
45568476,45067,78.75,849.75,60.10,0.385,4.153,0.294,banana,fresh
45569486,45068,78.90,849.80,60.00,0.386,4.153,0.293,banana,fresh
45570497,45069,78.80,849.75,60.20,0.385,4.153,0.294,banana,fresh
45571509,45070,78.90,849.85,60.10,0.386,4.154,0.294,banana,fresh
45572519,45071,78.90,849.90,60.10,0.386,4.154,0.294,banana,fresh
45573531,45072,79.00,849.80,60.10,0.386,4.153,0.294,banana,fresh
45574542,45073,78.90,849.95,60.05,0.386,4.154,0.293,banana,fresh
45575554,45074,78.85,849.75,60.00,0.385,4.153,0.293,banana,fresh
45576564,45075,78.75,849.75,60.05,0.385,4.153,0.293,banana,fresh
45577575,45076,78.80,849.75,60.00,0.385,4.153,0.293,banana,fresh
45578587,45077,78.80,849.75,60.05,0.385,4.153,0.293,banana,fresh
45579597,45078,78.85,849.85,60.05,0.385,4.154,0.293,banana,fresh
45580609,45079,78.85,849.85,60.10,0.385,4.154,0.294,banana,fresh
45581620,45080,78.75,849.85,60.05,0.385,4.154,0.293,banana,fresh
45582631,45081,78.95,849.80,59.95,0.386,4.153,0.293,banana,fresh
45583642,45082,78.70,849.75,60.25,0.385,4.153,0.294,banana,fresh
45584653,45083,78.80,849.85,60.05,0.385,4.154,0.293,banana,fresh
45585665,45084,78.85,849.85,60.05,0.385,4.154,0.293,banana,fresh
45586675,45085,78.75,849.80,60.05,0.385,4.153,0.293,banana,fresh
45587687,45086,78.80,849.90,60.10,0.385,4.154,0.294,banana,fresh
45588698,45087,79.00,849.80,60.05,0.386,4.153,0.293,banana,fresh
45589709,45088,78.85,849.75,60.05,0.385,4.153,0.293,banana,fresh
45590720,45089,78.95,849.80,60.10,0.386,4.153,0.294,banana,fresh
45591732,45090,78.75,849.80,60.00,0.385,4.153,0.293,banana,fresh
45592742,45091,78.75,850.00,60.15,0.385,4.154,0.294,banana,fresh
45593753,45092,78.85,849.85,60.15,0.385,4.154,0.294,banana,fresh
45594765,45093,78.75,849.80,60.15,0.385,4.153,0.294,banana,fresh
45595776,45094,78.80,849.90,60.05,0.385,4.154,0.293,banana,fresh
45596787,45095,78.90,849.85,60.15,0.386,4.154,0.294,banana,fresh
45597798,45096,78.85,849.70,60.10,0.385,4.153,0.294,banana,fresh
45598810,45097,78.90,849.95,60.10,0.386,4.154,0.294,banana,fresh
45599820,45098,78.95,849.80,60.10,0.386,4.153,0.294,banana,fresh
45600831,45099,78.70,849.80,60.05,0.385,4.153,0.293,banana,fresh
45601843,45100,78.90,849.95,60.10,0.386,4.154,0.294,banana,fresh
45602853,45101,78.80,849.65,60.00,0.385,4.153,0.293,banana,fresh
45603865,45102,78.75,849.85,60.05,0.385,4.154,0.293,banana,fresh
45604876,45103,78.85,849.75,60.15,0.385,4.153,0.294,banana,fresh
45605888,45104,78.90,849.90,60.05,0.386,4.154,0.293,banana,fresh
45606898,45105,78.85,849.80,60.15,0.385,4.153,0.294,banana,fresh
45607910,45106,78.95,849.90,60.10,0.386,4.154,0.294,banana,fresh
45608921,45107,78.85,849.85,60.10,0.385,4.154,0.294,banana,fresh
45609931,45108,78.95,849.80,60.05,0.386,4.153,0.293,banana,fresh
45610943,45109,78.90,849.95,60.05,0.386,4.154,0.293,banana,fresh
45611954,45110,78.75,849.70,60.05,0.385,4.153,0.293,banana,fresh
45612965,45111,78.75,849.85,60.10,0.385,4.154,0.294,banana,fresh
45613976,45112,78.90,849.95,60.10,0.386,4.154,0.294,banana,fresh
45614988,45113,78.90,849.80,60.05,0.386,4.153,0.293,banana,fresh
45615998,45114,78.90,849.95,60.05,0.386,4.154,0.293,banana,fresh
45617009,45115,78.95,849.90,60.00,0.386,4.154,0.293,banana,fresh
45618021,45116,78.95,849.80,60.10,0.386,4.153,0.294,banana,fresh
45619032,45117,78.90,849.95,60.00,0.386,4.154,0.293,banana,fresh
45620043,45118,79.00,849.80,60.20,0.386,4.153,0.294,banana,fresh
45621054,45119,78.95,849.70,60.20,0.386,4.153,0.294,banana,fresh
45622066,45120,78.85,849.75,60.10,0.385,4.153,0.294,banana,fresh
45623076,45121,78.95,849.85,60.20,0.386,4.154,0.294,banana,fresh
45624088,45122,79.00,849.75,60.20,0.386,4.153,0.294,banana,fresh
45625099,45123,78.95,849.95,60.05,0.386,4.154,0.293,banana,fresh
45626109,45124,78.75,849.85,60.15,0.385,4.154,0.294,banana,fresh
45627121,45125,78.95,850.00,60.05,0.386,4.154,0.293,banana,fresh
45628132,45126,78.75,849.80,60.15,0.385,4.153,0.294,banana,fresh
45629144,45127,79.00,849.85,60.00,0.386,4.154,0.293,banana,fresh
45630154,45128,78.90,849.90,60.05,0.386,4.154,0.293,banana,fresh
45631166,45129,78.90,849.95,60.15,0.386,4.154,0.294,banana,fresh
45632177,45130,78.90,849.95,60.15,0.386,4.154,0.294,banana,fresh
45633187,45131,78.85,849.80,60.05,0.385,4.153,0.293,banana,fresh
45634199,45132,78.95,849.90,60.10,0.386,4.154,0.294,banana,fresh
45635210,45133,78.80,849.90,60.00,0.385,4.154,0.293,banana,fresh
45636221,45134,78.95,849.80,60.00,0.386,4.153,0.293,banana,fresh
45637232,45135,78.95,849.85,60.20,0.386,4.154,0.294,banana,fresh
45638244,45136,78.90,849.75,60.15,0.386,4.153,0.294,banana,fresh
45639255,45137,78.95,849.90,60.15,0.386,4.154,0.294,banana,fresh
45640266,45138,78.75,849.85,60.10,0.385,4.154,0.294,banana,fresh
45641277,45139,78.95,849.95,60.10,0.386,4.154,0.294,banana,fresh
45642288,45140,78.90,849.70,60.00,0.386,4.153,0.293,banana,fresh
45643299,45141,78.80,850.00,60.05,0.385,4.154,0.293,banana,fresh
45644310,45142,78.90,849.95,60.00,0.386,4.154,0.293,banana,fresh
45645322,45143,78.95,849.80,60.00,0.386,4.153,0.293,banana,fresh
45646332,45144,78.80,849.90,60.10,0.385,4.154,0.294,banana,fresh
45647344,45145,79.00,850.00,60.20,0.386,4.154,0.294,banana,fresh
45648355,45146,78.95,849.95,60.05,0.386,4.154,0.293,banana,fresh
45649366,45147,78.95,849.90,60.10,0.386,4.154,0.294,banana,fresh
45650377,45148,78.95,849.90,60.05,0.386,4.154,0.293,banana,fresh
45651388,45149,78.70,849.90,60.05,0.385,4.154,0.293,banana,fresh
45652400,45150,78.90,849.80,60.10,0.386,4.153,0.294,banana,fresh
45653410,45151,79.00,849.85,60.20,0.386,4.154,0.294,banana,fresh
45654422,45152,78.85,849.90,60.00,0.385,4.154,0.293,banana,fresh
45655433,45153,78.90,849.85,60.25,0.386,4.154,0.294,banana,fresh
45656443,45154,78.90,849.95,60.15,0.386,4.154,0.294,banana,fresh
45657455,45155,79.00,849.80,60.10,0.386,4.153,0.294,banana,fresh
45658466,45156,78.90,849.95,60.00,0.386,4.154,0.293,banana,fresh
45659478,45157,78.80,849.80,60.05,0.385,4.153,0.293,banana,fresh
45660488,45158,78.95,849.95,60.25,0.386,4.154,0.294,banana,fresh
45661500,45159,78.90,849.90,60.20,0.386,4.154,0.294,banana,fresh
45662511,45160,78.95,849.90,60.15,0.386,4.154,0.294,banana,fresh
45663522,45161,78.95,849.80,60.05,0.386,4.153,0.293,banana,fresh
45664533,45162,78.95,849.85,60.10,0.386,4.154,0.294,banana,fresh
45665544,45163,78.85,849.90,60.05,0.385,4.154,0.293,banana,fresh
45666555,45164,79.00,849.90,60.00,0.386,4.154,0.293,banana,fresh
45667566,45165,78.90,849.95,60.15,0.386,4.154,0.294,banana,fresh
45668578,45166,79.00,849.90,60.05,0.386,4.154,0.293,banana,fresh
45669588,45167,79.00,849.90,60.10,0.386,4.154,0.294,banana,fresh
45670600,45168,79.00,850.00,60.10,0.386,4.154,0.294,banana,fresh
45671611,45169,78.85,850.00,60.25,0.385,4.154,0.294,banana,fresh
45672622,45170,79.00,850.00,60.00,0.386,4.154,0.293,banana,fresh
45673633,45171,78.90,850.00,60.05,0.386,4.154,0.293,banana,fresh
45674644,45172,78.90,849.90,60.05,0.386,4.154,0.293,banana,fresh
45675656,45173,78.90,849.90,60.15,0.386,4.154,0.294,banana,fresh
45676666,45174,78.95,849.95,60.00,0.386,4.154,0.293,banana,fresh
45677678,45175,78.90,849.95,60.10,0.386,4.154,0.294,banana,fresh
45678689,45176,78.90,849.95,60.10,0.386,4.154,0.294,banana,fresh
45679699,45177,78.90,849.90,60.05,0.386,4.154,0.293,banana,fresh
45680711,45178,79.00,849.95,60.05,0.386,4.154,0.293,banana,fresh
45681722,45179,78.95,850.00,60.10,0.386,4.154,0.294,banana,fresh
45682734,45180,78.90,849.95,60.10,0.386,4.154,0.294,banana,fresh
45683744,45181,79.05,849.85,60.10,0.386,4.154,0.294,banana,fresh
45684756,45182,78.90,849.95,60.15,0.386,4.154,0.294,banana,fresh
45685767,45183,78.95,849.75,60.05,0.386,4.153,0.293,banana,fresh
45686778,45184,78.95,849.80,60.10,0.386,4.153,0.294,banana,fresh
45687789,45185,78.90,849.90,60.00,0.386,4.154,0.293,banana,fresh
45688800,45186,79.00,849.95,60.05,0.386,4.154,0.293,banana,fresh
45689811,45187,78.90,849.90,60.20,0.386,4.154,0.294,banana,fresh
45690822,45188,78.85,849.95,60.20,0.385,4.154,0.294,banana,fresh
45691834,45189,79.00,850.00,60.10,0.386,4.154,0.294,banana,fresh
45692845,45190,78.95,850.00,60.10,0.386,4.154,0.294,banana,fresh
45693856,45191,79.00,849.85,60.05,0.386,4.154,0.293,banana,fresh
45694867,45192,78.90,849.95,60.05,0.386,4.154,0.293,banana,fresh
45695878,45193,78.90,849.90,60.15,0.386,4.154,0.294,banana,fresh
45696889,45194,79.00,849.95,60.10,0.386,4.154,0.294,banana,fresh
45697900,45195,78.95,849.95,60.15,0.386,4.154,0.294,banana,fresh
45698912,45196,78.95,849.90,60.05,0.386,4.154,0.293,banana,fresh
45699922,45197,79.00,850.00,60.15,0.386,4.154,0.294,banana,fresh
45700934,45198,78.95,849.90,60.15,0.386,4.154,0.294,banana,fresh
45701945,45199,78.95,850.00,60.15,0.386,4.154,0.294,banana,fresh
45702957,45200,78.95,850.00,60.15,0.386,4.154,0.294,banana,fresh
45703967,45201,79.00,850.00,60.10,0.386,4.154,0.294,banana,fresh
45704978,45202,78.95,850.00,60.05,0.386,4.154,0.293,banana,fresh
45705990,45203,79.00,850.00,60.20,0.386,4.154,0.294,banana,fresh
45707000,45204,78.90,849.95,60.10,0.386,4.154,0.294,banana,fresh
45708012,45205,78.95,849.95,60.10,0.386,4.154,0.294,banana,fresh
45709023,45206,79.00,849.90,60.05,0.386,4.154,0.293,banana,fresh
45710034,45207,79.00,849.95,60.20,0.386,4.154,0.294,banana,fresh
45711045,45208,78.95,849.85,60.00,0.386,4.154,0.293,banana,fresh
45712056,45209,78.95,849.90,60.10,0.386,4.154,0.294,banana,fresh
45713068,45210,79.00,849.95,60.10,0.386,4.154,0.294,banana,fresh
45714078,45211,78.95,850.00,60.05,0.386,4.154,0.293,banana,fresh
45715090,45212,78.85,849.95,60.10,0.385,4.154,0.294,banana,fresh
45716101,45213,79.00,849.95,60.05,0.386,4.154,0.293,banana,fresh
45717112,45214,79.00,849.90,60.05,0.386,4.154,0.293,banana,fresh
45718123,45215,78.90,849.95,60.20,0.386,4.154,0.294,banana,fresh
45719135,45216,78.90,849.95,60.10,0.386,4.154,0.294,banana,fresh
45720145,45217,79.00,850.00,60.05,0.386,4.154,0.293,banana,fresh
45721156,45218,78.95,849.90,60.05,0.386,4.154,0.293,banana,fresh
45722168,45219,78.95,850.00,60.05,0.386,4.154,0.293,banana,fresh
45723179,45220,79.00,849.95,60.05,0.386,4.154,0.293,banana,fresh
45724190,45221,79.00,850.00,60.15,0.386,4.154,0.294,banana,fresh
45725201,45222,79.00,849.85,60.15,0.386,4.154,0.294,banana,fresh
45726213,45223,79.00,849.95,60.05,0.386,4.154,0.293,banana,fresh
45727223,45224,79.00,849.90,60.20,0.386,4.154,0.294,banana,fresh
45728234,45225,78.95,849.95,60.15,0.386,4.154,0.294,banana,fresh
45729246,45226,78.95,849.95,60.15,0.386,4.154,0.294,banana,fresh
45730256,45227,78.95,849.95,60.05,0.386,4.154,0.293,banana,fresh
45731268,45228,78.90,849.95,60.00,0.386,4.154,0.293,banana,fresh
45732279,45229,78.95,849.95,60.10,0.386,4.154,0.294,banana,fresh
45733291,45230,78.95,850.00,60.05,0.386,4.154,0.293,banana,fresh
45734301,45231,78.95,849.95,60.20,0.386,4.154,0.294,banana,fresh
45735312,45232,79.00,850.00,60.15,0.386,4.154,0.294,banana,fresh
45736324,45233,79.00,850.00,60.15,0.386,4.154,0.294,banana,fresh
45737334,45234,79.00,849.90,60.10,0.386,4.154,0.294,banana,fresh
45738346,45235,78.95,849.95,60.10,0.386,4.154,0.294,banana,fresh
45739357,45236,78.95,849.95,60.00,0.386,4.154,0.293,banana,fresh
45740368,45237,79.05,849.90,60.00,0.386,4.154,0.293,banana,fresh
45741379,45238,78.90,849.95,60.15,0.386,4.154,0.294,banana,fresh
45742391,45239,78.95,850.00,60.05,0.386,4.154,0.293,banana,fresh
45743401,45240,79.00,849.90,60.05,0.386,4.154,0.293,banana,fresh
45744412,45241,78.95,849.95,60.10,0.386,4.154,0.294,banana,fresh
45745424,45242,78.95,850.00,60.00,0.386,4.154,0.293,banana,fresh
45746435,45243,78.95,850.00,60.05,0.386,4.154,0.293,banana,fresh
45747446,45244,79.05,850.00,60.15,0.386,4.154,0.294,banana,fresh
45748457,45245,78.95,850.00,60.10,0.386,4.154,0.294,banana,fresh
45749468,45246,79.00,850.00,60.00,0.386,4.154,0.293,banana,fresh
45750479,45247,78.95,849.90,60.20,0.386,4.154,0.294,banana,fresh
45751490,45248,79.00,850.00,60.00,0.386,4.154,0.293,banana,fresh
45752502,45249,79.05,849.90,60.15,0.386,4.154,0.294,banana,fresh
45753512,45250,78.95,849.85,60.05,0.386,4.154,0.293,banana,fresh
45754524,45251,79.00,850.00,60.10,0.386,4.154,0.294,banana,fresh
45755535,45252,79.00,849.95,60.10,0.386,4.154,0.294,banana,fresh
45756546,45253,78.95,850.00,60.15,0.386,4.154,0.294,banana,fresh
45757557,45254,78.85,849.85,60.10,0.385,4.154,0.294,banana,fresh
45758568,45255,78.95,849.95,60.15,0.386,4.154,0.294,banana,fresh
45759580,45256,78.95,849.95,60.10,0.386,4.154,0.294,banana,fresh
45760590,45257,79.00,849.95,60.05,0.386,4.154,0.293,banana,fresh
45761602,45258,79.00,850.00,60.10,0.386,4.154,0.294,banana,fresh
45762613,45259,78.80,850.00,60.00,0.385,4.154,0.293,banana,fresh
45763624,45260,79.00,850.00,60.30,0.386,4.154,0.295,banana,fresh
45764635,45261,78.80,850.00,60.05,0.385,4.154,0.293,banana,fresh
45765646,45262,78.75,850.00,60.05,0.385,4.154,0.293,banana,fresh
45766658,45263,78.95,849.90,60.10,0.386,4.154,0.294,banana,fresh
45767668,45264,79.00,850.00,60.05,0.386,4.154,0.293,banana,fresh
45768680,45265,79.05,850.00,60.05,0.386,4.154,0.293,banana,fresh
45769691,45266,79.00,849.90,60.25,0.386,4.154,0.294,banana,fresh
45770702,45267,79.00,850.00,60.10,0.386,4.154,0.294,banana,fresh
45771713,45268,78.95,850.00,60.10,0.386,4.154,0.294,banana,fresh
45772724,45269,78.95,849.95,60.05,0.386,4.154,0.293,banana,fresh
45773735,45270,79.00,849.90,60.15,0.386,4.154,0.294,banana,fresh
45774746,45271,79.00,850.00,60.00,0.386,4.154,0.293,banana,fresh
45775758,45272,79.00,849.95,60.10,0.386,4.154,0.294,banana,fresh
45776769,45273,79.00,849.95,60.05,0.386,4.154,0.293,banana,fresh
45777780,45274,79.00,849.85,60.10,0.386,4.154,0.294,banana,fresh
45778791,45275,79.00,850.00,60.10,0.386,4.154,0.294,banana,fresh
45779802,45276,79.05,849.90,60.20,0.386,4.154,0.294,banana,fresh
45780813,45277,79.00,849.90,60.15,0.386,4.154,0.294,banana,fresh
45781824,45278,79.05,849.90,60.05,0.386,4.154,0.293,banana,fresh
45782836,45279,78.95,849.85,60.00,0.386,4.154,0.293,banana,fresh
45783846,45280,78.85,849.85,60.05,0.385,4.154,0.293,banana,fresh
45784858,45281,79.00,849.95,60.15,0.386,4.154,0.294,banana,fresh
45785869,45282,79.00,849.85,60.15,0.386,4.154,0.294,banana,fresh
45786880,45283,78.95,849.90,60.15,0.386,4.154,0.294,banana,fresh
45787891,45284,79.05,850.00,60.10,0.386,4.154,0.294,banana,fresh
45788902,45285,79.05,849.95,60.05,0.386,4.154,0.293,banana,fresh
45789914,45286,79.00,849.95,60.05,0.386,4.154,0.293,banana,fresh
45790924,45287,79.00,849.90,59.95,0.386,4.154,0.293,banana,fresh
45791936,45288,79.00,849.85,60.10,0.386,4.154,0.294,banana,fresh
45792947,45289,78.95,849.95,60.00,0.386,4.154,0.293,banana,fresh
45793957,45290,79.10,849.95,60.00,0.387,4.154,0.293,banana,fresh
45794969,45291,78.95,849.90,60.00,0.386,4.154,0.293,banana,fresh
45795980,45292,79.00,849.85,60.10,0.386,4.154,0.294,banana,fresh
45796992,45293,78.95,849.95,60.05,0.386,4.154,0.293,banana,fresh
45798002,45294,79.00,850.00,60.10,0.386,4.154,0.294,banana,fresh
45799014,45295,79.00,849.95,60.05,0.386,4.154,0.293,banana,fresh
45800025,45296,79.00,849.85,60.05,0.386,4.154,0.293,banana,fresh
45801035,45297,78.95,849.95,60.05,0.386,4.154,0.293,banana,fresh
45802047,45298,78.95,850.00,60.15,0.386,4.154,0.294,banana,fresh
45803058,45299,79.00,850.00,60.05,0.386,4.154,0.293,banana,fresh
45804069,45300,78.95,849.95,60.15,0.386,4.154,0.294,banana,fresh
45805080,45301,79.05,849.95,60.05,0.386,4.154,0.293,banana,fresh
45806092,45302,78.95,850.00,60.20,0.386,4.154,0.294,banana,fresh
45807102,45303,78.90,849.95,60.30,0.386,4.154,0.295,banana,fresh
45808113,45304,78.95,850.00,60.10,0.386,4.154,0.294,banana,fresh
45809125,45305,79.00,849.85,60.10,0.386,4.154,0.294,banana,fresh
45810136,45306,79.05,849.95,60.05,0.386,4.154,0.293,banana,fresh
45811147,45307,78.95,849.95,60.00,0.386,4.154,0.293,banana,fresh
45812158,45308,78.95,850.00,60.10,0.386,4.154,0.294,banana,fresh
45813170,45309,78.95,849.90,60.10,0.386,4.154,0.294,banana,fresh
45814180,45310,78.90,849.90,60.05,0.386,4.154,0.293,banana,fresh
45815192,45311,78.90,849.95,60.05,0.386,4.154,0.293,banana,fresh
45816203,45312,79.00,849.95,60.10,0.386,4.154,0.294,banana,fresh
45817213,45313,79.00,850.00,60.10,0.386,4.154,0.294,banana,fresh
45818225,45314,79.05,850.00,60.00,0.386,4.154,0.293,banana,fresh
45819236,45315,78.95,849.95,60.10,0.386,4.154,0.294,banana,fresh
45820248,45316,79.00,849.90,60.20,0.386,4.154,0.294,banana,fresh
45821258,45317,79.00,849.85,60.05,0.386,4.154,0.293,banana,fresh
45822270,45318,79.00,850.00,60.00,0.386,4.154,0.293,banana,fresh
45823281,45319,78.95,850.00,60.15,0.386,4.154,0.294,banana,fresh
45824291,45320,79.10,849.85,60.05,0.387,4.154,0.293,banana,fresh
45825303,45321,78.95,849.85,60.00,0.386,4.154,0.293,banana,fresh
45826314,45322,79.00,849.85,60.30,0.386,4.154,0.295,banana,fresh
45827325,45323,78.95,849.90,60.00,0.386,4.154,0.293,banana,fresh
45828336,45324,79.00,850.00,60.15,0.386,4.154,0.294,banana,fresh
45829348,45325,79.00,850.00,60.00,0.386,4.154,0.293,banana,fresh
45830359,45326,79.00,849.95,60.00,0.386,4.154,0.293,banana,fresh
45831369,45327,79.05,849.95,59.95,0.386,4.154,0.293,banana,fresh
45832381,45328,78.95,850.00,60.05,0.386,4.154,0.293,banana,fresh
45833392,45329,78.95,849.85,60.10,0.386,4.154,0.294,banana,fresh
45834403,45330,79.00,849.90,60.05,0.386,4.154,0.293,banana,fresh
45835414,45331,78.95,849.90,60.05,0.386,4.154,0.293,banana,fresh
45836426,45332,79.10,849.75,60.15,0.387,4.153,0.294,banana,fresh
45837436,45333,79.00,849.85,60.00,0.386,4.154,0.293,banana,fresh
45838447,45334,79.05,849.65,60.05,0.386,4.153,0.293,banana,fresh
45839459,45335,79.00,849.80,60.15,0.386,4.153,0.294,banana,fresh
45840470,45336,78.95,849.85,60.10,0.386,4.154,0.294,banana,fresh
45841481,45337,79.00,849.90,60.10,0.386,4.154,0.294,banana,fresh
45842492,45338,78.95,849.90,60.10,0.386,4.154,0.294,banana,fresh
45843504,45339,79.00,849.95,60.00,0.386,4.154,0.293,banana,fresh
45844514,45340,79.05,849.85,60.10,0.386,4.154,0.294,banana,fresh
45845526,45341,79.10,849.80,60.10,0.387,4.153,0.294,banana,fresh
45846537,45342,79.00,849.95,60.00,0.386,4.154,0.293,banana,fresh
45847547,45343,79.10,849.80,60.05,0.387,4.153,0.293,banana,fresh
45848559,45344,79.00,849.90,60.05,0.386,4.154,0.293,banana,fresh
45849570,45345,79.05,849.95,60.05,0.386,4.154,0.293,banana,fresh
45850582,45346,78.95,849.95,60.05,0.386,4.154,0.293,banana,fresh
45851592,45347,78.95,849.90,60.05,0.386,4.154,0.293,banana,fresh
45852604,45348,79.05,849.90,60.00,0.386,4.154,0.293,banana,fresh
45853615,45349,78.95,849.85,60.05,0.386,4.154,0.293,banana,fresh
45854625,45350,79.10,849.95,60.10,0.387,4.154,0.294,banana,fresh
45855637,45351,79.00,849.95,60.10,0.386,4.154,0.294,banana,fresh
45856648,45352,79.00,849.80,60.00,0.386,4.153,0.293,banana,fresh
45857659,45353,78.95,849.85,60.05,0.386,4.154,0.293,banana,fresh
45858670,45354,78.95,849.90,60.00,0.386,4.154,0.293,banana,fresh
45859682,45355,79.00,850.00,60.00,0.386,4.154,0.293,banana,fresh
45860692,45356,79.00,849.85,60.00,0.386,4.154,0.293,banana,fresh
45861703,45357,79.00,849.95,60.10,0.386,4.154,0.294,banana,fresh
45862715,45358,78.95,849.95,60.05,0.386,4.154,0.293,banana,fresh
45863726,45359,79.05,849.85,60.00,0.386,4.154,0.293,banana,fresh
45864737,45360,79.10,849.85,60.05,0.387,4.154,0.293,banana,fresh
45865748,45361,79.10,849.90,60.10,0.387,4.154,0.294,banana,fresh
45866760,45362,79.00,850.00,60.00,0.386,4.154,0.293,banana,fresh
45867770,45363,79.00,849.95,60.10,0.386,4.154,0.294,banana,fresh
45868781,45364,79.05,849.95,60.05,0.386,4.154,0.293,banana,fresh
45869793,45365,79.00,850.00,60.00,0.386,4.154,0.293,banana,fresh
45870803,45366,79.00,849.95,60.00,0.386,4.154,0.293,banana,fresh
45871815,45367,79.00,850.00,60.10,0.386,4.154,0.294,banana,fresh
45872826,45368,79.00,850.00,60.15,0.386,4.154,0.294,banana,fresh
45873838,45369,79.00,849.95,60.00,0.386,4.154,0.293,banana,fresh
45874848,45370,79.00,849.95,60.00,0.386,4.154,0.293,banana,fresh
45875859,45371,79.05,849.90,60.00,0.386,4.154,0.293,banana,fresh
45876871,45372,79.00,849.95,60.00,0.386,4.154,0.293,banana,fresh
45877881,45373,79.00,849.95,60.10,0.386,4.154,0.294,banana,fresh
45878893,45374,78.95,850.00,60.00,0.386,4.154,0.293,banana,fresh
45879904,45375,79.05,849.90,60.00,0.386,4.154,0.293,banana,fresh
45880915,45376,79.05,849.90,60.10,0.386,4.154,0.294,banana,fresh
45881926,45377,78.95,849.95,60.05,0.386,4.154,0.293,banana,fresh
45882937,45378,79.00,849.90,59.95,0.386,4.154,0.293,banana,fresh
45883949,45379,79.00,849.95,60.15,0.386,4.154,0.294,banana,fresh
45884959,45380,79.05,849.90,60.00,0.386,4.154,0.293,banana,fresh
45885971,45381,79.00,849.90,60.05,0.386,4.154,0.293,banana,fresh
45886982,45382,79.10,849.85,60.05,0.387,4.154,0.293,banana,fresh
45887993,45383,79.10,849.95,60.10,0.387,4.154,0.294,banana,fresh
45889004,45384,79.00,850.00,60.05,0.386,4.154,0.293,banana,fresh
45890015,45385,79.00,849.85,60.15,0.386,4.154,0.294,banana,fresh
45891026,45386,79.05,849.90,60.05,0.386,4.154,0.293,banana,fresh
45892037,45387,79.05,849.95,60.10,0.386,4.154,0.294,banana,fresh
45893049,45388,79.00,849.85,60.10,0.386,4.154,0.294,banana,fresh
45894060,45389,79.10,849.95,60.00,0.387,4.154,0.293,banana,fresh
45895071,45390,79.00,849.80,60.00,0.386,4.153,0.293,banana,fresh
45896082,45391,79.00,849.85,60.00,0.386,4.154,0.293,banana,fresh
45897093,45392,78.95,849.95,60.05,0.386,4.154,0.293,banana,fresh
45898104,45393,79.05,849.95,60.10,0.386,4.154,0.294,banana,fresh
45899115,45394,79.00,849.85,60.05,0.386,4.154,0.293,banana,fresh
45900127,45395,78.95,849.90,60.10,0.386,4.154,0.294,banana,fresh
45901137,45396,79.00,849.90,60.05,0.386,4.154,0.293,banana,fresh
45902149,45397,79.00,849.95,60.05,0.386,4.154,0.293,banana,fresh
45903160,45398,79.00,850.00,60.00,0.386,4.154,0.293,banana,fresh
45904171,45399,79.05,849.95,60.10,0.386,4.154,0.294,banana,fresh
45905182,45400,79.05,849.95,60.15,0.386,4.154,0.294,banana,fresh
45906193,45401,79.05,849.85,60.00,0.386,4.154,0.293,banana,fresh
45907205,45402,79.05,849.95,60.10,0.386,4.154,0.294,banana,fresh
45908215,45403,79.00,849.95,60.05,0.386,4.154,0.293,banana,fresh
45909227,45404,79.00,849.85,60.20,0.386,4.154,0.294,banana,fresh
45910238,45405,79.00,849.95,60.05,0.386,4.154,0.293,banana,fresh
45911248,45406,79.00,849.90,60.00,0.386,4.154,0.293,banana,fresh
45912260,45407,79.00,850.00,60.00,0.386,4.154,0.293,banana,fresh
45913271,45408,79.00,849.95,60.05,0.386,4.154,0.293,banana,fresh
45914283,45409,78.95,849.90,60.05,0.386,4.154,0.293,banana,fresh
45915293,45410,78.95,849.95,60.15,0.386,4.154,0.294,banana,fresh
45916305,45411,79.15,849.85,60.00,0.387,4.154,0.293,banana,fresh
45917316,45412,78.95,849.90,60.05,0.386,4.154,0.293,banana,fresh
45918326,45413,79.00,849.90,60.20,0.386,4.154,0.294,banana,fresh
45919338,45414,78.95,849.90,60.05,0.386,4.154,0.293,banana,fresh
45920349,45415,79.05,850.00,60.15,0.386,4.154,0.294,banana,fresh
45921360,45416,79.05,849.95,60.10,0.386,4.154,0.294,banana,fresh
45922371,45417,79.00,849.90,60.00,0.386,4.154,0.293,banana,fresh
45923383,45418,78.95,849.95,60.00,0.386,4.154,0.293,banana,fresh
45924393,45419,79.05,849.90,60.10,0.386,4.154,0.294,banana,fresh
45925404,45420,79.05,849.85,60.05,0.386,4.154,0.293,banana,fresh
45926416,45421,79.00,849.95,60.00,0.386,4.154,0.293,banana,fresh
45927427,45422,79.05,849.95,60.10,0.386,4.154,0.294,banana,fresh
45928438,45423,79.15,849.95,60.05,0.387,4.154,0.293,banana,fresh
45929449,45424,79.05,850.00,60.00,0.386,4.154,0.293,banana,fresh
45930461,45425,79.05,849.95,60.05,0.386,4.154,0.293,banana,fresh
45931471,45426,78.95,849.95,60.05,0.386,4.154,0.293,banana,fresh
45932482,45427,79.00,849.90,60.05,0.386,4.154,0.293,banana,fresh
45933494,45428,79.05,849.90,60.10,0.386,4.154,0.294,banana,fresh
45934504,45429,79.00,850.00,60.00,0.386,4.154,0.293,banana,fresh
45935516,45430,79.00,850.00,60.05,0.386,4.154,0.293,banana,fresh
45936527,45431,79.10,850.00,60.10,0.387,4.154,0.294,banana,fresh
45937539,45432,79.00,850.00,60.05,0.386,4.154,0.293,banana,fresh
45938549,45433,79.00,850.00,60.10,0.386,4.154,0.294,banana,fresh
45939561,45434,79.05,850.00,60.05,0.386,4.154,0.293,banana,fresh
45940572,45435,79.00,850.00,60.05,0.386,4.154,0.293,banana,fresh
45941582,45436,79.05,849.95,60.15,0.386,4.154,0.294,banana,fresh
45942594,45437,79.05,849.90,59.95,0.386,4.154,0.293,banana,fresh
45943605,45438,79.00,850.00,60.05,0.386,4.154,0.293,banana,fresh
45944616,45439,79.10,850.00,60.10,0.387,4.154,0.294,banana,fresh
45945627,45440,79.05,850.00,60.05,0.386,4.154,0.293,banana,fresh
45946639,45441,79.00,849.95,60.05,0.386,4.154,0.293,banana,fresh
45947650,45442,79.05,850.00,60.05,0.386,4.154,0.293,banana,fresh
45948660,45443,79.05,849.95,60.05,0.386,4.154,0.293,banana,fresh
45949672,45444,79.10,850.00,60.05,0.387,4.154,0.293,banana,fresh
45950683,45445,79.00,849.95,60.10,0.386,4.154,0.294,banana,fresh
45951694,45446,79.10,849.95,60.05,0.387,4.154,0.293,banana,fresh
45952705,45447,79.05,849.95,60.10,0.386,4.154,0.294,banana,fresh
45953717,45448,79.05,849.95,60.00,0.386,4.154,0.293,banana,fresh
45954727,45449,79.00,849.95,60.00,0.386,4.154,0.293,banana,fresh
45955738,45450,79.05,850.00,60.15,0.386,4.154,0.294,banana,fresh
45956750,45451,79.00,849.95,60.10,0.386,4.154,0.294,banana,fresh
45957761,45452,79.10,849.95,60.00,0.387,4.154,0.293,banana,fresh
45958772,45453,79.05,849.90,60.05,0.386,4.154,0.293,banana,fresh
45959783,45454,79.00,850.00,60.15,0.386,4.154,0.294,banana,fresh
45960795,45455,79.05,849.95,60.10,0.386,4.154,0.294,banana,fresh
45961805,45456,78.95,850.00,60.15,0.386,4.154,0.294,banana,fresh
45962816,45457,79.05,849.95,60.00,0.386,4.154,0.293,banana,fresh
45963828,45458,79.05,850.00,60.15,0.386,4.154,0.294,banana,fresh
45964838,45459,79.10,850.00,60.25,0.387,4.154,0.294,banana,fresh
45965850,45460,79.10,850.00,60.05,0.387,4.154,0.293,banana,fresh
45966861,45461,79.10,849.95,60.00,0.387,4.154,0.293,banana,fresh
45967873,45462,79.05,850.00,60.05,0.386,4.154,0.293,banana,fresh
45968883,45463,79.05,849.95,60.10,0.386,4.154,0.294,banana,fresh
45969894,45464,79.05,850.00,60.10,0.386,4.154,0.294,banana,fresh
45970906,45465,79.00,849.90,60.10,0.386,4.154,0.294,banana,fresh
45971916,45466,79.00,850.00,60.05,0.386,4.154,0.293,banana,fresh
45972928,45467,79.00,849.95,60.15,0.386,4.154,0.294,banana,fresh
45973939,45468,79.05,850.00,60.10,0.386,4.154,0.294,banana,fresh
45974950,45469,79.10,850.00,60.05,0.387,4.154,0.293,banana,fresh
45975961,45470,79.00,850.00,60.20,0.386,4.154,0.294,banana,fresh
45976972,45471,79.10,849.90,60.10,0.387,4.154,0.294,banana,fresh
45977984,45472,79.10,850.00,60.05,0.387,4.154,0.293,banana,fresh
45978994,45473,79.00,849.95,60.05,0.386,4.154,0.293,banana,fresh
45980006,45474,79.00,849.90,60.05,0.386,4.154,0.293,banana,fresh
45981017,45475,79.05,850.00,60.05,0.386,4.154,0.293,banana,fresh
45982028,45476,79.05,850.00,60.05,0.386,4.154,0.293,banana,fresh
45983039,45477,79.00,849.90,60.00,0.386,4.154,0.293,banana,fresh
45984050,45478,79.10,850.00,60.05,0.387,4.154,0.293,banana,fresh
45985061,45479,79.10,850.00,60.05,0.387,4.154,0.293,banana,fresh
45986072,45480,79.00,849.95,60.10,0.386,4.154,0.294,banana,fresh
45987084,45481,79.00,850.05,60.10,0.386,4.155,0.294,banana,fresh
45988094,45482,79.05,849.80,60.20,0.386,4.153,0.294,banana,fresh
45989106,45483,78.95,850.00,60.20,0.386,4.154,0.294,banana,fresh
45990117,45484,79.05,850.00,60.05,0.386,4.154,0.293,banana,fresh
45991128,45485,79.10,849.95,60.00,0.387,4.154,0.293,banana,fresh
45992139,45486,79.05,849.85,60.10,0.386,4.154,0.294,banana,fresh
45993150,45487,79.00,849.90,60.05,0.386,4.154,0.293,banana,fresh
45994162,45488,79.00,850.00,60.10,0.386,4.154,0.294,banana,fresh
45995172,45489,79.10,849.90,60.00,0.387,4.154,0.293,banana,fresh
45996184,45490,79.05,849.95,60.05,0.386,4.154,0.293,banana,fresh
45997195,45491,79.05,850.00,60.00,0.386,4.154,0.293,banana,fresh
45998205,45492,79.10,850.00,60.15,0.387,4.154,0.294,banana,fresh
45999217,45493,79.10,850.00,60.05,0.387,4.154,0.293,banana,fresh
46000228,45494,79.05,849.85,60.05,0.386,4.154,0.293,banana,fresh
46001240,45495,79.10,850.00,60.10,0.387,4.154,0.294,banana,fresh
46002250,45496,79.00,850.00,60.10,0.386,4.154,0.294,banana,fresh
46003262,45497,79.05,850.00,60.10,0.386,4.154,0.294,banana,fresh
46004273,45498,79.10,849.95,60.10,0.387,4.154,0.294,banana,fresh
46005283,45499,79.10,849.95,60.05,0.387,4.154,0.293,banana,fresh
46006295,45500,79.00,849.95,60.10,0.386,4.154,0.294,banana,fresh
46007306,45501,79.05,850.00,60.05,0.386,4.154,0.293,banana,fresh
46008317,45502,79.30,849.85,60.05,0.388,4.154,0.293,banana,fresh
46009328,45503,79.00,850.00,60.10,0.386,4.154,0.294,banana,fresh
46010340,45504,79.10,849.95,60.00,0.387,4.154,0.293,banana,fresh
46011351,45505,79.00,850.00,60.00,0.386,4.154,0.293,banana,fresh
46012362,45506,79.05,850.00,60.10,0.386,4.154,0.294,banana,fresh
46013373,45507,79.00,849.90,60.00,0.386,4.154,0.293,banana,fresh
46014384,45508,78.95,850.00,60.05,0.386,4.154,0.293,banana,fresh
46015395,45509,79.05,850.00,60.10,0.386,4.154,0.294,banana,fresh
46016406,45510,79.05,849.95,60.05,0.386,4.154,0.293,banana,fresh
46017418,45511,79.05,849.95,60.15,0.386,4.154,0.294,banana,fresh
46018428,45512,79.05,849.90,60.05,0.386,4.154,0.293,banana,fresh
46019440,45513,79.20,850.00,60.00,0.387,4.154,0.293,banana,fresh
46020451,45514,79.25,849.90,60.10,0.387,4.154,0.294,banana,fresh
46021462,45515,79.00,849.80,60.00,0.386,4.153,0.293,banana,fresh
46022473,45516,79.15,849.95,60.05,0.387,4.154,0.293,banana,fresh
46023484,45517,79.05,849.85,60.00,0.386,4.154,0.293,banana,fresh
46024496,45518,79.15,850.00,60.10,0.387,4.154,0.294,banana,fresh
46025506,45519,79.15,850.00,60.10,0.387,4.154,0.294,banana,fresh
46026518,45520,79.20,849.95,60.00,0.387,4.154,0.293,banana,fresh
46027529,45521,79.05,850.00,60.05,0.386,4.154,0.293,banana,fresh
46028539,45522,79.10,850.00,60.10,0.387,4.154,0.294,banana,fresh
46029551,45523,79.15,849.95,60.20,0.387,4.154,0.294,banana,fresh
46030562,45524,79.10,850.00,60.10,0.387,4.154,0.294,banana,fresh
46031574,45525,79.20,849.95,60.10,0.387,4.154,0.294,banana,fresh
46032584,45526,79.05,849.95,60.05,0.386,4.154,0.293,banana,fresh
46033596,45527,79.10,850.00,60.15,0.387,4.154,0.294,banana,fresh
46034607,45528,79.05,849.95,60.10,0.386,4.154,0.294,banana,fresh
46035618,45529,79.10,850.00,60.05,0.387,4.154,0.293,banana,fresh
46036629,45530,79.05,849.90,60.10,0.386,4.154,0.294,banana,fresh
46037640,45531,79.10,850.00,60.15,0.387,4.154,0.294,banana,fresh
46038651,45532,79.15,850.00,60.00,0.387,4.154,0.293,banana,fresh
46039662,45533,79.25,849.90,60.00,0.387,4.154,0.293,banana,fresh
46040674,45534,79.15,850.00,60.05,0.387,4.154,0.293,banana,fresh
46041684,45535,79.10,850.00,60.05,0.387,4.154,0.293,banana,fresh
46042696,45536,79.15,850.00,60.10,0.387,4.154,0.294,banana,fresh
46043707,45537,79.05,849.90,60.05,0.386,4.154,0.293,banana,fresh
46044718,45538,79.10,850.00,60.05,0.387,4.154,0.293,banana,fresh
46045729,45539,79.10,849.95,60.00,0.387,4.154,0.293,banana,fresh
46046740,45540,79.05,850.00,60.15,0.386,4.154,0.294,banana,fresh
46047752,45541,79.05,849.95,60.05,0.386,4.154,0.293,banana,fresh
46048762,45542,79.20,849.95,60.10,0.387,4.154,0.294,banana,fresh
46049774,45543,79.05,850.00,60.05,0.386,4.154,0.293,banana,fresh
46050785,45544,79.15,849.95,60.10,0.387,4.154,0.294,banana,fresh
46051795,45545,79.15,850.00,60.05,0.387,4.154,0.293,banana,fresh
46052807,45546,79.05,850.00,60.00,0.386,4.154,0.293,banana,fresh
46053818,45547,79.15,850.00,60.20,0.387,4.154,0.294,banana,fresh
46054830,45548,79.15,850.05,60.10,0.387,4.155,0.294,banana,fresh
46055840,45549,79.10,849.95,60.10,0.387,4.154,0.294,banana,fresh
46056852,45550,79.00,850.00,60.10,0.386,4.154,0.294,banana,fresh
46057863,45551,79.05,850.00,60.05,0.386,4.154,0.293,banana,fresh
46058873,45552,79.05,849.95,60.10,0.386,4.154,0.294,banana,fresh
46059885,45553,79.05,850.00,60.15,0.386,4.154,0.294,banana,fresh
46060896,45554,79.15,849.95,60.20,0.387,4.154,0.294,banana,fresh
46061907,45555,79.10,849.90,60.05,0.387,4.154,0.293,banana,fresh
46062918,45556,79.10,850.00,60.00,0.387,4.154,0.293,banana,fresh
46063930,45557,79.15,850.00,60.10,0.387,4.154,0.294,banana,fresh
46064941,45558,79.05,849.95,60.20,0.386,4.154,0.294,banana,fresh
46065951,45559,79.15,850.00,60.10,0.387,4.154,0.294,banana,fresh
46066963,45560,79.15,850.00,60.05,0.387,4.154,0.293,banana,fresh
46067974,45561,79.10,849.95,60.10,0.387,4.154,0.294,banana,fresh
46068985,45562,79.15,849.95,60.20,0.387,4.154,0.294,banana,fresh
46069996,45563,79.20,850.00,60.05,0.387,4.154,0.293,banana,fresh
46071008,45564,79.15,850.00,60.15,0.387,4.154,0.294,banana,fresh
46072018,45565,79.10,849.95,60.15,0.387,4.154,0.294,banana,fresh
46073030,45566,79.05,849.95,60.05,0.386,4.154,0.293,banana,fresh
46074041,45567,79.00,849.95,60.05,0.386,4.154,0.293,banana,fresh
46075052,45568,79.00,849.95,60.10,0.386,4.154,0.294,banana,fresh
46076063,45569,79.00,850.00,60.10,0.386,4.154,0.294,banana,fresh
46077074,45570,79.05,849.95,60.15,0.386,4.154,0.294,banana,fresh
46078086,45571,79.10,849.95,60.05,0.387,4.154,0.293,banana,fresh
46079096,45572,79.05,850.00,60.05,0.386,4.154,0.293,banana,fresh
46080108,45573,79.25,849.95,60.10,0.387,4.154,0.294,banana,fresh
46081119,45574,79.15,850.05,60.10,0.387,4.155,0.294,banana,fresh
46082129,45575,79.15,850.00,60.10,0.387,4.154,0.294,banana,fresh
46083141,45576,79.20,849.95,60.15,0.387,4.154,0.294,banana,fresh
46084152,45577,79.00,850.00,60.15,0.386,4.154,0.294,banana,fresh
46085164,45578,79.10,850.00,60.00,0.387,4.154,0.293,banana,fresh
46086174,45579,79.05,849.95,60.05,0.386,4.154,0.293,banana,fresh
46087186,45580,79.05,849.95,60.15,0.386,4.154,0.294,banana,fresh
46088197,45581,79.05,849.95,60.05,0.386,4.154,0.293,banana,fresh
46089207,45582,79.05,849.95,60.10,0.386,4.154,0.294,banana,fresh
46090219,45583,79.05,850.00,60.10,0.386,4.154,0.294,banana,fresh
46091230,45584,79.00,850.00,60.05,0.386,4.154,0.293,banana,fresh
46092241,45585,79.15,850.00,60.10,0.387,4.154,0.294,banana,fresh
46093252,45586,79.20,850.00,60.10,0.387,4.154,0.294,banana,fresh
46094264,45587,79.10,850.00,60.20,0.387,4.154,0.294,banana,fresh
46095275,45588,79.05,850.00,60.10,0.386,4.154,0.294,banana,fresh
46096285,45589,79.05,850.00,60.10,0.386,4.154,0.294,banana,fresh
46097297,45590,79.05,850.00,60.25,0.386,4.154,0.294,banana,fresh
46098308,45591,79.10,849.95,60.10,0.387,4.154,0.294,banana,fresh
46099319,45592,79.10,850.00,60.20,0.387,4.154,0.294,banana,fresh
46100330,45593,79.10,850.00,60.10,0.387,4.154,0.294,banana,fresh
46101342,45594,79.10,850.00,60.15,0.387,4.154,0.294,banana,fresh
46102352,45595,79.10,850.00,60.15,0.387,4.154,0.294,banana,fresh
46103364,45596,79.15,850.00,60.10,0.387,4.154,0.294,banana,fresh
46104375,45597,79.15,849.85,60.05,0.387,4.154,0.293,banana,fresh
46105385,45598,79.10,850.00,60.20,0.387,4.154,0.294,banana,fresh
46106397,45599,79.15,849.95,60.00,0.387,4.154,0.293,banana,fresh
46107408,45600,79.10,850.00,60.05,0.387,4.154,0.293,banana,fresh
46108420,45601,79.20,850.05,60.10,0.387,4.155,0.294,banana,fresh
46109430,45602,79.00,849.95,60.05,0.386,4.154,0.293,banana,fresh
46110442,45603,79.25,850.05,60.15,0.387,4.155,0.294,banana,fresh
46111453,45604,79.10,850.00,60.05,0.387,4.154,0.293,banana,fresh
46112463,45605,79.10,850.00,60.10,0.387,4.154,0.294,banana,fresh
46113475,45606,79.05,849.95,60.15,0.386,4.154,0.294,banana,fresh
46114486,45607,79.10,850.10,60.20,0.387,4.155,0.294,banana,fresh
46115497,45608,79.05,850.00,60.00,0.386,4.154,0.293,banana,fresh
46116508,45609,79.05,850.00,60.00,0.386,4.154,0.293,banana,fresh
46117520,45610,79.15,850.00,60.20,0.387,4.154,0.294,banana,fresh
46118531,45611,79.10,850.00,60.20,0.387,4.154,0.294,banana,fresh
46119541,45612,79.05,850.00,60.10,0.386,4.154,0.294,banana,fresh
46120553,45613,79.00,849.95,60.20,0.386,4.154,0.294,banana,fresh
46121564,45614,79.10,850.00,60.20,0.387,4.154,0.294,banana,fresh
46122575,45615,79.10,850.00,60.05,0.387,4.154,0.293,banana,fresh
46123586,45616,79.15,850.00,60.15,0.387,4.154,0.294,banana,fresh
46124598,45617,79.20,849.95,60.05,0.387,4.154,0.293,banana,fresh
46125608,45618,79.15,850.00,60.05,0.387,4.154,0.293,banana,fresh
46126619,45619,79.10,850.00,60.15,0.387,4.154,0.294,banana,fresh
46127631,45620,79.05,849.95,60.30,0.386,4.154,0.295,banana,fresh
46128642,45621,79.10,849.95,60.15,0.387,4.154,0.294,banana,fresh
46129653,45622,79.05,850.00,60.15,0.386,4.154,0.294,banana,fresh
46130664,45623,79.05,850.00,60.15,0.386,4.154,0.294,banana,fresh
46131676,45624,79.15,850.05,60.15,0.387,4.155,0.294,banana,fresh
46132686,45625,79.10,850.00,60.05,0.387,4.154,0.293,banana,fresh
46133697,45626,79.00,850.00,60.15,0.386,4.154,0.294,banana,fresh
46134709,45627,79.20,849.95,60.00,0.387,4.154,0.293,banana,fresh
46135719,45628,79.05,850.00,60.10,0.386,4.154,0.294,banana,fresh
46136731,45629,79.00,850.00,60.15,0.386,4.154,0.294,banana,fresh
46137742,45630,79.05,850.00,60.20,0.386,4.154,0.294,banana,fresh
46138754,45631,79.10,850.00,60.20,0.387,4.154,0.294,banana,fresh
46139764,45632,79.10,850.00,60.10,0.387,4.154,0.294,banana,fresh
46140775,45633,79.15,850.00,60.15,0.387,4.154,0.294,banana,fresh
46141787,45634,79.10,850.05,60.15,0.387,4.155,0.294,banana,fresh
46142797,45635,79.05,850.00,60.05,0.386,4.154,0.293,banana,fresh
46143809,45636,79.05,850.00,60.15,0.386,4.154,0.294,banana,fresh
46144820,45637,79.05,849.95,60.20,0.386,4.154,0.294,banana,fresh
46145831,45638,79.00,850.00,60.20,0.386,4.154,0.294,banana,fresh
46146842,45639,79.10,850.00,60.20,0.387,4.154,0.294,banana,fresh
46147853,45640,79.00,850.05,60.20,0.386,4.155,0.294,banana,fresh
46148865,45641,79.10,850.00,60.15,0.387,4.154,0.294,banana,fresh
46149875,45642,79.05,850.00,60.00,0.386,4.154,0.293,banana,fresh
46150887,45643,79.05,850.00,60.10,0.386,4.154,0.294,banana,fresh
46151898,45644,79.15,850.00,60.05,0.387,4.154,0.293,banana,fresh
46152909,45645,79.10,850.00,60.20,0.387,4.154,0.294,banana,fresh
46153920,45646,79.15,850.00,60.10,0.387,4.154,0.294,banana,fresh
46154931,45647,79.10,850.00,60.10,0.387,4.154,0.294,banana,fresh
46155942,45648,79.10,850.00,60.30,0.387,4.154,0.295,banana,fresh
46156953,45649,79.00,850.00,60.25,0.386,4.154,0.294,banana,fresh
46157965,45650,79.15,850.00,60.25,0.387,4.154,0.294,banana,fresh
46158976,45651,79.00,850.00,60.10,0.386,4.154,0.294,banana,fresh
46159987,45652,79.10,850.00,60.05,0.387,4.154,0.293,banana,fresh
46160998,45653,79.10,850.00,60.00,0.387,4.154,0.293,banana,fresh
46162009,45654,79.15,850.00,60.25,0.387,4.154,0.294,banana,fresh
46163020,45655,79.10,850.00,60.05,0.387,4.154,0.293,banana,fresh
46164031,45656,79.15,850.00,60.35,0.387,4.154,0.295,banana,fresh
46165043,45657,79.00,849.95,60.20,0.386,4.154,0.294,banana,fresh
46166053,45658,79.10,850.00,60.10,0.387,4.154,0.294,banana,fresh
46167065,45659,79.10,850.00,60.25,0.387,4.154,0.294,banana,fresh
46168076,45660,79.10,849.95,60.15,0.387,4.154,0.294,banana,fresh
46169086,45661,79.15,849.95,60.10,0.387,4.154,0.294,banana,fresh
46170098,45662,79.10,850.00,60.15,0.387,4.154,0.294,banana,fresh
46171109,45663,79.10,850.00,60.10,0.387,4.154,0.294,banana,fresh
46172121,45664,79.10,850.00,60.25,0.387,4.154,0.294,banana,fresh
46173131,45665,78.95,850.00,60.15,0.386,4.154,0.294,banana,fresh
46174143,45666,79.15,850.00,60.10,0.387,4.154,0.294,banana,fresh
46175154,45667,79.10,850.00,60.15,0.387,4.154,0.294,banana,fresh
46176165,45668,79.10,850.00,60.05,0.387,4.154,0.293,banana,fresh
46177176,45669,79.25,850.00,60.10,0.387,4.154,0.294,banana,fresh
46178187,45670,79.25,850.00,60.10,0.387,4.154,0.294,banana,fresh
46179198,45671,79.10,850.00,60.05,0.387,4.154,0.293,banana,fresh
46180209,45672,79.15,850.00,60.25,0.387,4.154,0.294,banana,fresh
46181221,45673,79.20,850.00,60.20,0.387,4.154,0.294,banana,fresh
46182232,45674,79.20,850.05,60.15,0.387,4.155,0.294,banana,fresh
46183243,45675,79.15,850.00,60.25,0.387,4.154,0.294,banana,fresh
46184254,45676,79.00,850.00,60.25,0.386,4.154,0.294,banana,fresh
46185265,45677,79.10,850.00,60.30,0.387,4.154,0.295,banana,fresh
46186276,45678,79.20,850.00,60.05,0.387,4.154,0.293,banana,fresh
46187287,45679,79.05,850.00,60.15,0.386,4.154,0.294,banana,fresh
46188299,45680,79.05,849.95,60.10,0.386,4.154,0.294,banana,fresh
46189309,45681,79.05,850.00,60.20,0.386,4.154,0.294,banana,fresh
46190321,45682,79.10,850.00,60.10,0.387,4.154,0.294,banana,fresh
46191332,45683,79.10,850.00,60.20,0.387,4.154,0.294,banana,fresh
46192343,45684,79.05,850.00,60.15,0.386,4.154,0.294,banana,fresh
46193354,45685,79.10,850.05,60.20,0.387,4.155,0.294,banana,fresh
46194365,45686,79.10,850.00,60.05,0.387,4.154,0.293,banana,fresh
46195377,45687,79.05,850.00,60.25,0.386,4.154,0.294,banana,fresh
46196387,45688,79.05,850.00,60.25,0.386,4.154,0.294,banana,fresh
46197399,45689,79.10,850.00,60.20,0.387,4.154,0.294,banana,fresh
46198410,45690,79.10,850.00,60.10,0.387,4.154,0.294,banana,fresh
46199420,45691,79.15,850.00,60.15,0.387,4.154,0.294,banana,fresh
46200432,45692,79.20,849.95,60.20,0.387,4.154,0.294,banana,fresh
46201443,45693,79.15,850.00,60.15,0.387,4.154,0.294,banana,fresh
46202455,45694,79.15,850.00,60.15,0.387,4.154,0.294,banana,fresh
46203465,45695,79.05,850.00,60.05,0.386,4.154,0.293,banana,fresh
46204477,45696,79.15,850.00,60.05,0.387,4.154,0.293,banana,fresh
46205488,45697,79.25,850.00,60.20,0.387,4.154,0.294,banana,fresh
46206498,45698,79.15,850.00,60.15,0.387,4.154,0.294,banana,fresh
46207510,45699,79.10,850.00,60.20,0.387,4.154,0.294,banana,fresh
46208521,45700,79.05,850.10,60.20,0.386,4.155,0.294,banana,fresh
46209532,45701,79.05,850.00,60.10,0.386,4.154,0.294,banana,fresh
46210543,45702,79.05,850.00,60.15,0.386,4.154,0.294,banana,fresh
46211555,45703,79.10,850.00,60.20,0.387,4.154,0.294,banana,fresh
46212566,45704,79.20,850.00,60.00,0.387,4.154,0.293,banana,fresh
46213576,45705,79.20,850.00,60.05,0.387,4.154,0.293,banana,fresh
46214588,45706,79.15,850.00,60.25,0.387,4.154,0.294,banana,fresh
46215599,45707,79.30,850.00,60.15,0.388,4.154,0.294,banana,fresh
46216610,45708,79.10,850.00,60.35,0.387,4.154,0.295,banana,fresh
46217621,45709,79.20,850.00,60.05,0.387,4.154,0.293,banana,fresh
46218633,45710,79.05,850.00,60.25,0.386,4.154,0.294,banana,fresh
46219643,45711,79.05,850.00,60.20,0.386,4.154,0.294,banana,fresh
46220654,45712,79.10,850.00,60.15,0.387,4.154,0.294,banana,fresh
46221666,45713,79.15,850.00,60.10,0.387,4.154,0.294,banana,fresh
46222676,45714,79.20,850.00,60.25,0.387,4.154,0.294,banana,fresh
46223688,45715,79.15,850.00,60.20,0.387,4.154,0.294,banana,fresh
46224699,45716,79.00,850.00,60.10,0.386,4.154,0.294,banana,fresh
46225711,45717,79.10,850.00,60.05,0.387,4.154,0.293,banana,fresh
46226721,45718,79.20,850.00,60.30,0.387,4.154,0.295,banana,fresh
46227732,45719,79.10,850.05,60.10,0.387,4.155,0.294,banana,fresh
46228744,45720,79.00,850.00,60.10,0.386,4.154,0.294,banana,fresh
46229754,45721,79.15,850.00,60.15,0.387,4.154,0.294,banana,fresh
46230766,45722,79.25,850.00,60.10,0.387,4.154,0.294,banana,fresh
46231777,45723,79.20,850.00,60.15,0.387,4.154,0.294,banana,fresh
46232788,45724,79.00,850.00,60.35,0.386,4.154,0.295,banana,fresh
46233799,45725,79.20,850.05,60.05,0.387,4.155,0.293,banana,fresh
46234810,45726,79.05,850.00,60.20,0.386,4.154,0.294,banana,fresh
46235822,45727,79.15,850.00,60.15,0.387,4.154,0.294,banana,fresh
46236832,45728,79.15,850.00,60.10,0.387,4.154,0.294,banana,fresh
46237844,45729,79.05,850.00,60.15,0.386,4.154,0.294,banana,fresh
46238855,45730,79.15,850.00,60.15,0.387,4.154,0.294,banana,fresh
46239866,45731,79.15,850.05,60.20,0.387,4.155,0.294,banana,fresh
46240877,45732,79.20,850.00,60.00,0.387,4.154,0.293,banana,fresh
46241889,45733,79.10,850.00,60.15,0.387,4.154,0.294,banana,fresh
46242899,45734,79.15,850.00,60.20,0.387,4.154,0.294,banana,fresh
46243910,45735,79.30,850.00,60.10,0.388,4.154,0.294,banana,fresh
46244922,45736,79.10,850.00,60.15,0.387,4.154,0.294,banana,fresh
46245933,45737,79.10,850.00,60.15,0.387,4.154,0.294,banana,fresh
46246944,45738,79.25,850.05,60.10,0.387,4.155,0.294,banana,fresh
46247955,45739,79.05,849.95,60.25,0.386,4.154,0.294,banana,fresh
46248967,45740,79.20,850.00,60.30,0.387,4.154,0.295,banana,fresh
46249977,45741,79.05,850.00,60.25,0.386,4.154,0.294,banana,fresh
46250988,45742,79.15,850.00,60.20,0.387,4.154,0.294,banana,fresh
46252000,45743,79.20,850.00,60.20,0.387,4.154,0.294,banana,fresh
46253010,45744,79.15,850.00,60.05,0.387,4.154,0.293,banana,fresh
46254022,45745,79.15,850.05,60.00,0.387,4.155,0.293,banana,fresh
46255033,45746,79.05,850.00,60.20,0.386,4.154,0.294,banana,fresh
46256045,45747,79.10,850.00,60.15,0.387,4.154,0.294,banana,fresh
46257055,45748,79.10,850.05,60.30,0.387,4.155,0.295,banana,fresh
46258066,45749,79.20,850.00,60.15,0.387,4.154,0.294,banana,fresh
46259078,45750,79.10,850.00,60.10,0.387,4.154,0.294,banana,fresh
46260088,45751,79.10,850.00,60.15,0.387,4.154,0.294,banana,fresh
46261100,45752,79.00,849.95,60.35,0.386,4.154,0.295,banana,fresh
46262111,45753,79.20,850.00,60.15,0.387,4.154,0.294,banana,fresh
46263122,45754,79.10,850.00,60.15,0.387,4.154,0.294,banana,fresh
46264133,45755,79.05,850.00,60.10,0.386,4.154,0.294,banana,fresh
46265144,45756,79.15,850.00,60.20,0.387,4.154,0.294,banana,fresh
46266156,45757,79.00,850.00,60.10,0.386,4.154,0.294,banana,fresh
46267166,45758,79.10,850.00,60.20,0.387,4.154,0.294,banana,fresh
46268178,45759,79.10,850.00,60.05,0.387,4.154,0.293,banana,fresh
46269189,45760,79.10,850.00,60.20,0.387,4.154,0.294,banana,fresh
46270200,45761,79.20,850.05,60.30,0.387,4.155,0.295,banana,fresh
46271211,45762,79.05,850.00,60.10,0.386,4.154,0.294,banana,fresh
46272222,45763,79.25,850.00,60.15,0.387,4.154,0.294,banana,fresh
46273233,45764,79.05,850.00,60.15,0.386,4.154,0.294,banana,fresh
46274244,45765,79.20,850.00,60.20,0.387,4.154,0.294,banana,fresh
46275256,45766,79.15,850.00,60.10,0.387,4.154,0.294,banana,fresh
46276267,45767,79.00,849.95,60.15,0.386,4.154,0.294,banana,fresh
46277278,45768,79.10,850.00,60.10,0.387,4.154,0.294,banana,fresh
46278289,45769,79.10,850.00,60.20,0.387,4.154,0.294,banana,fresh
46279300,45770,79.10,850.00,60.00,0.387,4.154,0.293,banana,fresh
46280311,45771,79.20,849.95,60.15,0.387,4.154,0.294,banana,fresh
46281322,45772,79.10,850.00,60.30,0.387,4.154,0.295,banana,fresh
46282334,45773,79.05,850.00,60.15,0.386,4.154,0.294,banana,fresh
46283344,45774,79.15,850.05,60.15,0.387,4.155,0.294,banana,fresh
46284356,45775,79.05,850.00,60.20,0.386,4.154,0.294,banana,fresh
46285367,45776,79.15,850.00,60.15,0.387,4.154,0.294,banana,fresh
46286377,45777,79.05,850.00,60.25,0.386,4.154,0.294,banana,fresh
46287389,45778,79.00,850.00,60.05,0.386,4.154,0.293,banana,fresh
46288400,45779,79.15,850.00,60.20,0.387,4.154,0.294,banana,fresh
46289412,45780,79.05,850.00,60.15,0.386,4.154,0.294,banana,fresh
46290422,45781,79.10,850.00,60.10,0.387,4.154,0.294,banana,fresh
46291434,45782,79.10,850.00,60.25,0.387,4.154,0.294,banana,fresh
46292445,45783,79.20,850.00,60.10,0.387,4.154,0.294,banana,fresh
46293455,45784,79.15,849.95,60.10,0.387,4.154,0.294,banana,fresh
46294467,45785,79.10,850.00,60.25,0.387,4.154,0.294,banana,fresh
46295478,45786,79.10,850.00,60.10,0.387,4.154,0.294,banana,fresh
46296489,45787,79.05,850.00,60.25,0.386,4.154,0.294,banana,fresh
46297500,45788,79.10,850.00,60.10,0.387,4.154,0.294,banana,fresh
46298512,45789,79.20,850.00,60.35,0.387,4.154,0.295,banana,fresh
46299523,45790,79.10,850.00,60.35,0.387,4.154,0.295,banana,fresh
46300534,45791,79.10,850.00,60.10,0.387,4.154,0.294,banana,fresh
46301545,45792,79.15,850.00,60.20,0.387,4.154,0.294,banana,fresh
46302556,45793,79.10,850.00,60.25,0.387,4.154,0.294,banana,fresh
46303567,45794,79.20,850.00,60.15,0.387,4.154,0.294,banana,fresh
46304578,45795,79.15,850.00,60.25,0.387,4.154,0.294,banana,fresh
46305590,45796,79.20,850.00,60.30,0.387,4.154,0.295,banana,fresh
46306600,45797,79.05,850.00,60.10,0.386,4.154,0.294,banana,fresh
46307612,45798,79.10,850.05,60.15,0.387,4.155,0.294,banana,fresh
46308623,45799,79.20,850.00,60.10,0.387,4.154,0.294,banana,fresh
46309634,45800,79.05,850.00,60.10,0.386,4.154,0.294,banana,fresh
46310645,45801,79.05,849.95,60.20,0.386,4.154,0.294,banana,fresh
46311656,45802,79.15,850.00,60.25,0.387,4.154,0.294,banana,fresh
46312668,45803,79.10,849.95,60.10,0.387,4.154,0.294,banana,fresh
46313678,45804,79.10,850.00,60.10,0.387,4.154,0.294,banana,fresh
46314690,45805,79.15,850.00,60.25,0.387,4.154,0.294,banana,fresh
46315701,45806,79.05,850.00,60.15,0.386,4.154,0.294,banana,fresh
46316711,45807,79.10,850.00,60.20,0.387,4.154,0.294,banana,fresh
46317723,45808,79.25,850.00,60.35,0.387,4.154,0.295,banana,fresh
46318734,45809,79.05,850.05,60.20,0.386,4.155,0.294,banana,fresh
46319746,45810,79.00,850.00,60.20,0.386,4.154,0.294,banana,fresh
46320756,45811,79.05,850.00,60.35,0.386,4.154,0.295,banana,fresh
46321768,45812,79.00,850.00,60.15,0.386,4.154,0.294,banana,fresh
46322779,45813,79.25,850.00,60.15,0.387,4.154,0.294,banana,fresh
46323789,45814,79.10,850.00,60.10,0.387,4.154,0.294,banana,fresh
46324801,45815,79.05,850.00,60.15,0.386,4.154,0.294,banana,fresh
46325812,45816,79.20,850.00,60.25,0.387,4.154,0.294,banana,fresh
46326823,45817,79.15,850.00,60.20,0.387,4.154,0.294,banana,fresh
46327834,45818,79.10,850.00,60.20,0.387,4.154,0.294,banana,fresh
46328846,45819,79.10,850.00,60.05,0.387,4.154,0.293,banana,fresh
46329857,45820,79.10,850.05,60.25,0.387,4.155,0.294,banana,fresh
46330868,45821,79.15,850.00,60.20,0.387,4.154,0.294,banana,fresh
46331879,45822,79.30,850.00,60.20,0.388,4.154,0.294,banana,fresh
46332890,45823,79.25,850.05,60.10,0.387,4.155,0.294,banana,fresh
46333901,45824,79.15,850.15,60.20,0.387,4.155,0.294,banana,fresh
46334912,45825,79.15,850.00,60.20,0.387,4.154,0.294,banana,fresh
46335924,45826,79.15,850.00,60.20,0.387,4.154,0.294,banana,fresh
46336934,45827,79.10,850.00,60.20,0.387,4.154,0.294,banana,fresh
46337946,45828,79.10,850.00,60.10,0.387,4.154,0.294,banana,fresh
46338957,45829,79.05,850.00,60.25,0.386,4.154,0.294,banana,fresh
46339968,45830,79.20,850.00,60.10,0.387,4.154,0.294,banana,fresh
46340979,45831,79.15,850.05,60.25,0.387,4.155,0.294,banana,fresh
46341990,45832,79.15,850.00,60.35,0.387,4.154,0.295,banana,fresh
46343002,45833,79.30,850.00,60.15,0.388,4.154,0.294,banana,fresh
46344012,45834,79.15,850.00,60.00,0.387,4.154,0.293,banana,fresh
46345024,45835,79.10,850.00,60.20,0.387,4.154,0.294,banana,fresh
46346035,45836,79.05,850.00,60.30,0.386,4.154,0.295,banana,fresh
46347045,45837,79.25,850.00,60.20,0.387,4.154,0.294,banana,fresh
46348057,45838,79.15,850.00,60.25,0.387,4.154,0.294,banana,fresh
46349068,45839,79.05,850.10,60.30,0.386,4.155,0.295,banana,fresh
46350080,45840,79.30,850.00,60.25,0.388,4.154,0.294,banana,fresh
46351090,45841,79.00,850.00,60.30,0.386,4.154,0.295,banana,fresh
46352102,45842,79.15,850.00,60.05,0.387,4.154,0.293,banana,fresh
46353113,45843,79.10,850.00,60.10,0.387,4.154,0.294,banana,fresh
46354123,45844,79.15,850.00,60.25,0.387,4.154,0.294,banana,fresh
46355135,45845,79.25,850.00,60.10,0.387,4.154,0.294,banana,fresh
46356146,45846,79.35,850.00,60.15,0.388,4.154,0.294,banana,fresh
46357157,45847,79.15,850.00,60.25,0.387,4.154,0.294,banana,fresh
46358168,45848,79.15,850.00,60.10,0.387,4.154,0.294,banana,fresh
46359180,45849,79.15,850.00,60.30,0.387,4.154,0.295,banana,fresh
46360190,45850,79.15,850.00,60.25,0.387,4.154,0.294,banana,fresh
46361201,45851,79.10,850.00,60.35,0.387,4.154,0.295,banana,fresh
46362213,45852,79.10,850.00,60.25,0.387,4.154,0.294,banana,fresh
46363224,45853,79.10,850.00,60.30,0.387,4.154,0.295,banana,fresh
46364235,45854,79.15,850.00,60.20,0.387,4.154,0.294,banana,fresh
46365246,45855,79.15,850.00,60.20,0.387,4.154,0.294,banana,fresh
46366258,45856,79.05,850.00,60.20,0.386,4.154,0.294,banana,fresh
46367268,45857,79.20,850.00,60.15,0.387,4.154,0.294,banana,fresh
46368280,45858,79.05,850.10,60.15,0.386,4.155,0.294,banana,fresh
46369291,45859,79.05,850.00,60.20,0.386,4.154,0.294,banana,fresh
46370301,45860,79.25,850.00,60.25,0.387,4.154,0.294,banana,fresh
46371313,45861,79.20,850.00,60.25,0.387,4.154,0.294,banana,fresh
46372324,45862,79.10,850.00,60.15,0.387,4.154,0.294,banana,fresh
46373336,45863,79.20,850.00,60.25,0.387,4.154,0.294,banana,fresh
46374346,45864,79.15,850.05,60.35,0.387,4.155,0.295,banana,fresh
46375358,45865,79.15,850.00,60.25,0.387,4.154,0.294,banana,fresh
46376369,45866,79.20,850.05,60.15,0.387,4.155,0.294,banana,fresh
46377379,45867,79.15,850.00,60.15,0.387,4.154,0.294,banana,fresh
46378391,45868,79.20,850.00,60.35,0.387,4.154,0.295,banana,fresh
46379402,45869,79.20,850.00,60.20,0.387,4.154,0.294,banana,fresh
46380413,45870,79.15,850.00,60.20,0.387,4.154,0.294,banana,fresh
46381424,45871,79.20,850.00,60.25,0.387,4.154,0.294,banana,fresh
46382436,45872,79.25,850.00,60.05,0.387,4.154,0.293,banana,fresh
46383447,45873,79.40,850.00,60.20,0.388,4.154,0.294,banana,fresh
46384457,45874,79.20,850.00,60.25,0.387,4.154,0.294,banana,fresh
46385469,45875,79.25,850.00,60.20,0.387,4.154,0.294,banana,fresh
46386480,45876,79.30,849.95,60.20,0.388,4.154,0.294,banana,fresh
46387491,45877,79.25,850.00,60.15,0.387,4.154,0.294,banana,fresh
46388502,45878,79.05,850.00,60.20,0.386,4.154,0.294,banana,fresh
46389514,45879,79.30,850.05,60.25,0.388,4.155,0.294,banana,fresh
46390524,45880,79.20,850.00,60.35,0.387,4.154,0.295,banana,fresh
46391535,45881,79.30,850.00,60.10,0.388,4.154,0.294,banana,fresh
46392547,45882,79.25,850.00,60.30,0.387,4.154,0.295,banana,fresh
46393558,45883,79.15,850.00,60.15,0.387,4.154,0.294,banana,fresh
46394569,45884,79.30,850.00,60.20,0.388,4.154,0.294,banana,fresh
46395580,45885,79.25,850.00,60.30,0.387,4.154,0.295,banana,fresh
46396592,45886,79.25,850.00,60.30,0.387,4.154,0.295,banana,fresh
46397602,45887,79.20,850.00,60.30,0.387,4.154,0.295,banana,fresh
46398614,45888,79.15,850.00,60.25,0.387,4.154,0.294,banana,fresh
46399625,45889,79.30,850.00,60.25,0.388,4.154,0.294,banana,fresh
46400635,45890,79.20,850.00,60.30,0.387,4.154,0.295,banana,fresh
46401647,45891,79.35,850.00,60.20,0.388,4.154,0.294,banana,fresh
46402658,45892,79.15,850.00,60.20,0.387,4.154,0.294,banana,fresh
46403670,45893,79.20,850.00,60.40,0.387,4.154,0.295,banana,fresh
46404680,45894,79.05,850.00,60.05,0.386,4.154,0.293,banana,fresh
46405692,45895,79.15,849.95,60.25,0.387,4.154,0.294,banana,fresh
46406703,45896,79.15,850.00,60.10,0.387,4.154,0.294,banana,fresh
46407713,45897,79.05,850.00,60.20,0.386,4.154,0.294,banana,fresh
46408725,45898,79.25,850.00,60.25,0.387,4.154,0.294,banana,fresh
46409736,45899,79.25,850.05,60.20,0.387,4.155,0.294,banana,fresh
46410747,45900,79.25,850.00,60.10,0.387,4.154,0.294,banana,fresh
46411758,45901,79.20,850.05,60.15,0.387,4.155,0.294,banana,fresh
46412770,45902,79.20,850.00,60.35,0.387,4.154,0.295,banana,fresh
46413780,45903,79.25,849.95,60.20,0.387,4.154,0.294,banana,fresh
46414791,45904,79.15,850.00,60.30,0.387,4.154,0.295,banana,fresh
46415803,45905,79.30,850.00,60.05,0.388,4.154,0.293,banana,fresh
46416814,45906,79.30,850.00,60.30,0.388,4.154,0.295,banana,fresh
46417825,45907,79.20,850.00,60.35,0.387,4.154,0.295,banana,fresh
46418836,45908,79.20,850.00,60.20,0.387,4.154,0.294,banana,fresh
46419848,45909,79.20,850.00,60.25,0.387,4.154,0.294,banana,fresh
46420858,45910,79.25,849.95,60.20,0.387,4.154,0.294,banana,fresh
46421869,45911,79.20,850.05,60.30,0.387,4.155,0.295,banana,fresh
46422881,45912,79.20,850.00,60.15,0.387,4.154,0.294,banana,fresh
46423891,45913,79.10,850.05,60.15,0.387,4.155,0.294,banana,fresh
46424903,45914,79.15,850.00,60.30,0.387,4.154,0.295,banana,fresh
46425914,45915,79.20,850.00,60.15,0.387,4.154,0.294,banana,fresh
46426926,45916,79.30,850.00,60.10,0.388,4.154,0.294,banana,fresh
46427936,45917,79.30,849.95,60.20,0.388,4.154,0.294,banana,fresh
46428947,45918,79.25,850.00,60.20,0.387,4.154,0.294,banana,fresh
46429959,45919,79.30,850.00,60.00,0.388,4.154,0.293,banana,fresh
46430969,45920,79.15,850.00,60.15,0.387,4.154,0.294,banana,fresh
46431981,45921,79.25,850.00,60.05,0.387,4.154,0.293,banana,fresh
46432992,45922,79.15,850.00,60.35,0.387,4.154,0.295,banana,fresh
46434003,45923,79.30,850.00,60.15,0.388,4.154,0.294,banana,fresh
46435014,45924,79.05,850.00,60.15,0.386,4.154,0.294,banana,fresh
46436025,45925,79.15,850.00,60.15,0.387,4.154,0.294,banana,fresh
46437037,45926,79.10,849.95,60.30,0.387,4.154,0.295,banana,fresh
46438047,45927,79.30,849.95,60.25,0.388,4.154,0.294,banana,fresh
46439059,45928,79.20,850.00,60.15,0.387,4.154,0.294,banana,fresh
46440070,45929,79.30,850.00,60.20,0.388,4.154,0.294,banana,fresh
46441081,45930,79.05,850.00,60.40,0.386,4.154,0.295,banana,fresh
46442092,45931,79.10,850.00,60.15,0.387,4.154,0.294,banana,fresh
46443104,45932,79.15,850.00,60.10,0.387,4.154,0.294,banana,fresh
46444114,45933,79.25,850.00,60.25,0.387,4.154,0.294,banana,fresh
46445125,45934,79.10,850.00,60.15,0.387,4.154,0.294,banana,fresh
46446137,45935,79.30,850.00,60.45,0.388,4.154,0.295,banana,fresh
46447148,45936,79.15,850.05,60.30,0.387,4.155,0.295,banana,fresh
46448159,45937,79.10,850.00,60.25,0.387,4.154,0.294,banana,fresh
46449170,45938,79.10,850.00,60.10,0.387,4.154,0.294,banana,fresh
46450182,45939,79.25,850.00,60.20,0.387,4.154,0.294,banana,fresh
46451192,45940,79.15,850.00,60.10,0.387,4.154,0.294,banana,fresh
46452203,45941,79.35,850.00,60.45,0.388,4.154,0.295,banana,fresh
46453215,45942,79.35,850.00,60.30,0.388,4.154,0.295,banana,fresh
46454225,45943,79.15,850.00,60.25,0.387,4.154,0.294,banana,fresh
46455237,45944,79.00,850.00,60.15,0.386,4.154,0.294,banana,fresh
46456248,45945,79.15,850.00,60.25,0.387,4.154,0.294,banana,fresh
46457260,45946,79.25,850.00,60.05,0.387,4.154,0.293,banana,fresh
46458270,45947,79.25,850.00,60.20,0.387,4.154,0.294,banana,fresh
46459281,45948,79.20,850.00,60.30,0.387,4.154,0.295,banana,fresh
46460293,45949,79.25,850.05,60.30,0.387,4.155,0.295,banana,fresh
46461303,45950,79.15,850.00,60.20,0.387,4.154,0.294,banana,fresh
46462315,45951,79.10,850.00,60.10,0.387,4.154,0.294,banana,fresh
46463326,45952,79.15,850.00,60.20,0.387,4.154,0.294,banana,fresh
46464337,45953,79.10,850.00,60.15,0.387,4.154,0.294,banana,fresh
46465348,45954,79.25,850.00,60.15,0.387,4.154,0.294,banana,fresh
46466359,45955,79.30,850.05,60.35,0.388,4.155,0.295,banana,fresh
46467371,45956,79.10,850.00,60.25,0.387,4.154,0.294,banana,fresh
46468381,45957,79.15,850.00,60.30,0.387,4.154,0.295,banana,fresh
46469393,45958,79.40,849.95,60.10,0.388,4.154,0.294,banana,fresh
46470404,45959,79.15,850.05,60.25,0.387,4.155,0.294,banana,fresh
46471415,45960,79.25,850.10,60.15,0.387,4.155,0.294,banana,fresh
46472426,45961,79.05,850.05,60.25,0.386,4.155,0.294,banana,fresh
46473437,45962,79.35,850.00,60.15,0.388,4.154,0.294,banana,fresh
46474448,45963,79.15,850.00,60.35,0.387,4.154,0.295,banana,fresh
46475459,45964,79.10,850.00,60.20,0.387,4.154,0.294,banana,fresh
46476471,45965,79.25,850.05,60.30,0.387,4.155,0.295,banana,fresh
46477481,45966,79.20,850.00,60.40,0.387,4.154,0.295,banana,fresh
46478493,45967,79.20,850.00,60.20,0.387,4.154,0.294,banana,fresh
46479504,45968,79.20,850.00,60.20,0.387,4.154,0.294,banana,fresh
46480516,45969,79.05,850.05,60.25,0.386,4.155,0.294,banana,fresh
46481526,45970,79.25,850.00,60.25,0.387,4.154,0.294,banana,fresh
46482537,45971,79.35,850.00,60.35,0.388,4.154,0.295,banana,fresh
46483549,45972,79.10,850.00,60.20,0.387,4.154,0.294,banana,fresh
46484559,45973,79.00,850.00,60.30,0.386,4.154,0.295,banana,fresh
46485571,45974,79.15,849.95,60.20,0.387,4.154,0.294,banana,fresh
46486582,45975,79.30,850.00,60.30,0.388,4.154,0.295,banana,fresh
46487593,45976,79.10,850.00,60.20,0.387,4.154,0.294,banana,fresh
46488604,45977,79.35,850.00,60.20,0.388,4.154,0.294,banana,fresh
46489615,45978,79.20,850.00,60.25,0.387,4.154,0.294,banana,fresh
46490627,45979,79.15,850.05,60.40,0.387,4.155,0.295,banana,fresh
46491637,45980,79.10,850.05,60.40,0.387,4.155,0.295,banana,fresh
46492649,45981,79.15,850.05,60.15,0.387,4.155,0.294,banana,fresh
46493660,45982,79.15,850.05,60.15,0.387,4.155,0.294,banana,fresh
46494671,45983,79.45,850.00,60.30,0.388,4.154,0.295,banana,fresh
46495682,45984,79.15,850.05,60.25,0.387,4.155,0.294,banana,fresh
46496694,45985,79.15,850.00,60.50,0.387,4.154,0.296,banana,fresh
46497704,45986,79.20,850.00,60.25,0.387,4.154,0.294,banana,fresh
46498715,45987,79.10,850.00,60.30,0.387,4.154,0.295,banana,fresh
46499727,45988,79.30,850.00,60.30,0.388,4.154,0.295,banana,fresh
46500738,45989,79.25,850.00,60.20,0.387,4.154,0.294,banana,fresh
46501749,45990,79.25,850.00,60.05,0.387,4.154,0.293,banana,fresh
46502760,45991,79.20,850.15,60.45,0.387,4.155,0.295,banana,fresh
46503772,45992,79.15,850.00,60.25,0.387,4.154,0.294,banana,fresh
46504782,45993,79.10,850.05,60.25,0.387,4.155,0.294,banana,fresh
46505793,45994,79.10,850.05,60.10,0.387,4.155,0.294,banana,fresh
46506805,45995,79.00,850.05,60.30,0.386,4.155,0.295,banana,fresh
46507815,45996,79.20,850.00,60.40,0.387,4.154,0.295,banana,fresh
46508827,45997,79.15,850.00,60.30,0.387,4.154,0.295,banana,fresh
46509838,45998,79.10,850.05,60.25,0.387,4.155,0.294,banana,fresh
46510850,45999,79.30,850.00,60.25,0.388,4.154,0.294,banana,fresh
46511860,46000,79.10,850.05,60.35,0.387,4.155,0.295,banana,fresh
46512872,46001,79.45,850.00,60.30,0.388,4.154,0.295,banana,fresh
46513883,46002,79.00,850.05,60.20,0.386,4.155,0.294,banana,fresh
46514893,46003,79.10,850.05,60.20,0.387,4.155,0.294,banana,fresh
46515905,46004,79.15,850.00,60.30,0.387,4.154,0.295,banana,fresh
46516916,46005,79.30,850.00,60.45,0.388,4.154,0.295,banana,fresh
46517927,46006,79.10,850.00,60.35,0.387,4.154,0.295,banana,fresh
46518938,46007,79.15,850.05,60.40,0.387,4.155,0.295,banana,fresh
46519950,46008,79.05,850.05,60.30,0.386,4.155,0.295,banana,fresh
46520961,46009,79.05,850.05,60.35,0.386,4.155,0.295,banana,fresh
46521971,46010,79.05,850.00,60.45,0.386,4.154,0.295,banana,fresh
46522983,46011,79.10,850.05,60.45,0.387,4.155,0.295,banana,fresh
46523994,46012,79.15,850.00,60.35,0.387,4.154,0.295,banana,fresh
46525005,46013,79.20,850.05,60.35,0.387,4.155,0.295,banana,fresh
46526016,46014,79.25,850.00,60.45,0.387,4.154,0.295,banana,fresh
46527028,46015,79.15,850.00,60.45,0.387,4.154,0.295,banana,fresh
46528038,46016,79.10,850.05,60.35,0.387,4.155,0.295,banana,fresh
46529050,46017,79.20,850.00,60.40,0.387,4.154,0.295,banana,fresh
46530061,46018,79.05,850.05,60.25,0.386,4.155,0.294,banana,fresh
46531072,46019,79.25,850.00,60.40,0.387,4.154,0.295,banana,fresh
46532083,46020,79.15,850.00,60.25,0.387,4.154,0.294,banana,fresh
46533094,46021,79.05,850.00,60.60,0.386,4.154,0.296,banana,fresh
46534106,46022,79.20,850.00,60.35,0.387,4.154,0.295,banana,fresh
46535116,46023,79.00,850.05,60.45,0.386,4.155,0.295,banana,fresh
46536128,46024,79.05,850.00,60.50,0.386,4.154,0.296,banana,fresh
46537139,46025,79.10,850.00,60.50,0.387,4.154,0.296,banana,fresh
46538149,46026,79.10,850.10,60.45,0.387,4.155,0.295,banana,fresh
46539161,46027,79.35,850.10,60.45,0.388,4.155,0.295,banana,fresh
46540172,46028,79.20,850.00,60.55,0.387,4.154,0.296,banana,fresh
46541184,46029,79.15,850.05,60.35,0.387,4.155,0.295,banana,fresh
46542194,46030,79.15,850.00,60.30,0.387,4.154,0.295,banana,fresh
46543206,46031,79.15,850.05,60.40,0.387,4.155,0.295,banana,fresh
46544217,46032,79.20,850.05,60.55,0.387,4.155,0.296,banana,fresh
46545227,46033,79.30,850.00,60.55,0.388,4.154,0.296,banana,fresh
46546239,46034,79.00,850.00,60.55,0.386,4.154,0.296,banana,fresh
46547250,46035,79.05,850.05,60.55,0.386,4.155,0.296,banana,fresh
46548261,46036,79.05,850.05,60.60,0.386,4.155,0.296,banana,fresh
46549272,46037,79.10,850.00,60.45,0.387,4.154,0.295,banana,fresh
46550284,46038,79.05,850.00,60.50,0.386,4.154,0.296,banana,fresh
46551294,46039,79.10,850.05,60.45,0.387,4.155,0.295,banana,fresh
46552305,46040,79.20,849.95,60.30,0.387,4.154,0.295,banana,fresh
46553317,46041,79.00,850.00,60.40,0.386,4.154,0.295,banana,fresh
46554328,46042,79.10,850.00,60.45,0.387,4.154,0.295,banana,fresh
46555339,46043,79.05,850.05,60.65,0.386,4.155,0.296,banana,fresh
46556350,46044,79.30,850.00,60.50,0.388,4.154,0.296,banana,fresh
46557362,46045,79.15,850.00,60.35,0.387,4.154,0.295,banana,fresh
46558372,46046,79.05,850.15,60.40,0.386,4.155,0.295,banana,fresh
46559384,46047,79.10,850.00,60.55,0.387,4.154,0.296,banana,fresh
46560395,46048,79.15,850.00,60.35,0.387,4.154,0.295,banana,fresh
46561405,46049,79.10,850.05,60.45,0.387,4.155,0.295,banana,fresh
46562417,46050,79.10,850.00,60.40,0.387,4.154,0.295,banana,fresh
46563428,46051,79.10,850.00,60.60,0.387,4.154,0.296,banana,fresh
46564440,46052,79.15,850.00,60.50,0.387,4.154,0.296,banana,fresh
46565450,46053,79.10,850.00,60.65,0.387,4.154,0.296,banana,fresh
46566462,46054,79.15,850.00,60.50,0.387,4.154,0.296,banana,fresh
46567473,46055,79.25,850.00,60.45,0.387,4.154,0.295,banana,fresh
46568483,46056,79.05,850.05,60.45,0.386,4.155,0.295,banana,fresh
46569495,46057,79.20,850.00,60.55,0.387,4.154,0.296,banana,fresh
46570506,46058,79.10,850.05,60.45,0.387,4.155,0.295,banana,fresh
46571517,46059,79.00,850.00,60.40,0.386,4.154,0.295,banana,fresh
46572528,46060,79.10,850.05,60.50,0.387,4.155,0.296,banana,fresh
46573540,46061,79.10,850.00,60.35,0.387,4.154,0.295,banana,fresh
46574551,46062,79.10,850.00,60.45,0.387,4.154,0.295,banana,fresh
46575561,46063,79.15,850.00,60.45,0.387,4.154,0.295,banana,fresh
46576573,46064,79.10,850.00,60.85,0.387,4.154,0.297,banana,fresh
46577584,46065,79.00,850.00,60.70,0.386,4.154,0.297,banana,fresh
46578595,46066,79.05,850.00,60.60,0.386,4.154,0.296,banana,fresh
46579606,46067,78.95,850.00,60.70,0.386,4.154,0.297,banana,fresh
46580618,46068,79.15,850.00,60.45,0.387,4.154,0.295,banana,fresh
46581628,46069,79.00,850.05,60.65,0.386,4.155,0.296,banana,fresh
46582640,46070,79.05,850.05,60.70,0.386,4.155,0.297,banana,fresh
46583651,46071,79.05,850.05,60.65,0.386,4.155,0.296,banana,fresh
46584662,46072,79.10,850.00,60.75,0.387,4.154,0.297,banana,fresh
46585673,46073,79.00,850.00,60.55,0.386,4.154,0.296,banana,fresh
46586684,46074,79.00,850.00,60.45,0.386,4.154,0.295,banana,fresh
46587696,46075,78.95,850.00,60.70,0.386,4.154,0.297,banana,fresh
46588706,46076,79.10,850.05,60.50,0.387,4.155,0.296,banana,fresh
46589718,46077,79.00,850.00,60.60,0.386,4.154,0.296,banana,fresh
46590729,46078,79.00,850.00,60.55,0.386,4.154,0.296,banana,fresh
46591739,46079,79.10,850.00,60.65,0.387,4.154,0.296,banana,fresh
46592751,46080,79.05,850.05,60.50,0.386,4.155,0.296,banana,fresh
46593762,46081,79.10,849.95,60.55,0.387,4.154,0.296,banana,fresh
46594774,46082,79.15,850.00,60.50,0.387,4.154,0.296,banana,fresh
46595784,46083,79.20,850.00,60.55,0.387,4.154,0.296,banana,fresh
46596796,46084,79.05,850.00,60.50,0.386,4.154,0.296,banana,fresh
46597807,46085,79.15,850.00,60.60,0.387,4.154,0.296,banana,fresh
46598817,46086,79.10,850.00,60.60,0.387,4.154,0.296,banana,fresh
46599829,46087,79.00,850.00,60.70,0.386,4.154,0.297,banana,fresh
46600840,46088,79.05,850.05,60.75,0.386,4.155,0.297,banana,fresh
46601851,46089,79.05,850.00,60.80,0.386,4.154,0.297,banana,fresh
46602862,46090,79.00,850.00,60.55,0.386,4.154,0.296,banana,fresh
46603874,46091,79.00,850.00,60.80,0.386,4.154,0.297,banana,fresh
46604884,46092,79.15,850.00,60.60,0.387,4.154,0.296,banana,fresh
46605895,46093,79.15,850.00,60.55,0.387,4.154,0.296,banana,fresh
46606907,46094,78.95,850.00,60.65,0.386,4.154,0.296,banana,fresh
46607918,46095,79.05,850.05,60.65,0.386,4.155,0.296,banana,fresh
46608929,46096,79.00,850.00,60.85,0.386,4.154,0.297,banana,fresh
46609940,46097,79.10,850.00,60.60,0.387,4.154,0.296,banana,fresh
46610952,46098,79.00,850.00,60.80,0.386,4.154,0.297,banana,fresh
46611962,46099,79.00,849.95,60.65,0.386,4.154,0.296,banana,fresh
46612973,46100,79.05,850.00,60.90,0.386,4.154,0.298,banana,fresh
46613985,46101,79.00,850.00,60.60,0.386,4.154,0.296,banana,fresh
46614995,46102,79.05,849.95,60.85,0.386,4.154,0.297,banana,fresh
46616007,46103,79.00,850.00,60.65,0.386,4.154,0.296,banana,fresh
46617018,46104,79.10,849.95,60.50,0.387,4.154,0.296,banana,fresh
46618030,46105,79.00,849.95,60.55,0.386,4.154,0.296,banana,fresh
46619040,46106,79.10,850.00,60.70,0.387,4.154,0.297,banana,fresh
46620051,46107,79.00,850.00,60.75,0.386,4.154,0.297,banana,fresh
46621063,46108,79.20,850.00,60.70,0.387,4.154,0.297,banana,fresh
46622073,46109,79.00,850.00,60.65,0.386,4.154,0.296,banana,fresh
46623085,46110,79.10,850.00,60.65,0.387,4.154,0.296,banana,fresh
46624096,46111,78.95,850.00,60.75,0.386,4.154,0.297,banana,fresh
46625107,46112,79.00,850.00,60.80,0.386,4.154,0.297,banana,fresh
46626118,46113,79.05,849.95,60.55,0.386,4.154,0.296,banana,fresh
46627129,46114,79.10,850.00,60.70,0.387,4.154,0.297,banana,fresh
46628141,46115,79.00,850.00,60.75,0.386,4.154,0.297,banana,fresh
46629151,46116,79.05,850.00,60.70,0.386,4.154,0.297,banana,fresh
46630163,46117,79.00,849.95,60.70,0.386,4.154,0.297,banana,fresh
46631174,46118,79.05,850.00,60.75,0.386,4.154,0.297,banana,fresh
46632185,46119,79.10,850.00,60.75,0.387,4.154,0.297,banana,fresh
46633196,46120,79.00,849.85,60.75,0.386,4.154,0.297,banana,fresh
46634207,46121,79.00,849.95,60.80,0.386,4.154,0.297,banana,fresh
46635218,46122,79.00,849.95,60.75,0.386,4.154,0.297,banana,fresh
46636229,46123,79.00,850.00,60.75,0.386,4.154,0.297,banana,fresh
46637241,46124,78.90,850.00,60.80,0.386,4.154,0.297,banana,fresh
46638252,46125,79.05,849.95,60.80,0.386,4.154,0.297,banana,fresh
46639263,46126,79.00,850.05,60.70,0.386,4.155,0.297,banana,fresh
46640274,46127,79.00,849.95,60.65,0.386,4.154,0.296,banana,fresh
46641285,46128,79.00,850.00,60.65,0.386,4.154,0.296,banana,fresh
46642296,46129,79.00,849.95,60.55,0.386,4.154,0.296,banana,fresh
46643307,46130,79.00,850.00,60.90,0.386,4.154,0.298,banana,fresh
46644319,46131,79.00,850.00,60.90,0.386,4.154,0.298,banana,fresh
46645329,46132,79.10,850.05,60.80,0.387,4.155,0.297,banana,fresh
46646341,46133,79.05,850.00,60.70,0.386,4.154,0.297,banana,fresh
46647352,46134,78.95,849.95,60.70,0.386,4.154,0.297,banana,fresh
46648363,46135,79.05,849.95,60.80,0.386,4.154,0.297,banana,fresh
46649374,46136,79.00,850.00,60.75,0.386,4.154,0.297,banana,fresh
46650385,46137,79.00,850.00,60.90,0.386,4.154,0.298,banana,fresh
46651397,46138,79.05,849.95,60.75,0.386,4.154,0.297,banana,fresh
46652407,46139,79.00,849.95,60.75,0.386,4.154,0.297,banana,fresh
46653419,46140,79.00,850.00,60.75,0.386,4.154,0.297,banana,fresh
46654430,46141,78.95,849.95,60.90,0.386,4.154,0.298,banana,fresh
46655440,46142,79.10,849.95,60.75,0.387,4.154,0.297,banana,fresh
46656452,46143,79.05,850.00,60.95,0.386,4.154,0.298,banana,fresh
46657463,46144,79.15,849.90,60.85,0.387,4.154,0.297,banana,fresh
46658475,46145,79.05,850.00,60.70,0.386,4.154,0.297,banana,fresh
46659485,46146,79.00,849.80,60.75,0.386,4.153,0.297,banana,fresh
46660497,46147,79.00,849.95,60.80,0.386,4.154,0.297,banana,fresh
46661508,46148,79.00,849.85,60.80,0.386,4.154,0.297,banana,fresh
46662518,46149,79.00,849.95,60.75,0.386,4.154,0.297,banana,fresh
46663530,46150,79.15,850.00,60.80,0.387,4.154,0.297,banana,fresh
46664541,46151,79.05,849.90,60.70,0.386,4.154,0.297,banana,fresh
46665552,46152,79.00,850.00,60.70,0.386,4.154,0.297,banana,fresh
46666563,46153,79.00,849.85,60.95,0.386,4.154,0.298,banana,fresh
46667575,46154,79.00,849.90,60.70,0.386,4.154,0.297,banana,fresh
46668585,46155,79.05,849.95,60.95,0.386,4.154,0.298,banana,fresh
46669596,46156,79.00,850.00,60.80,0.386,4.154,0.297,banana,fresh
46670608,46157,79.00,849.90,60.85,0.386,4.154,0.297,banana,fresh
46671619,46158,79.00,849.90,60.80,0.386,4.154,0.297,banana,fresh
46672630,46159,78.90,849.95,60.90,0.386,4.154,0.298,banana,fresh
46673641,46160,79.05,849.80,60.85,0.386,4.153,0.297,banana,fresh
46674653,46161,79.00,850.00,60.95,0.386,4.154,0.298,banana,fresh
46675663,46162,79.05,849.85,60.80,0.386,4.154,0.297,banana,fresh
46676674,46163,79.10,849.80,60.85,0.387,4.153,0.297,banana,fresh
46677686,46164,79.05,849.95,60.90,0.386,4.154,0.298,banana,fresh
46678696,46165,78.95,849.85,60.85,0.386,4.154,0.297,banana,fresh
46679708,46166,79.10,849.90,60.95,0.387,4.154,0.298,banana,fresh
46680719,46167,79.00,849.85,60.90,0.386,4.154,0.298,banana,fresh
46681731,46168,79.15,849.85,60.90,0.387,4.154,0.298,banana,fresh
46682741,46169,79.10,850.00,60.85,0.387,4.154,0.297,banana,fresh
46683753,46170,79.00,849.75,60.85,0.386,4.153,0.297,banana,fresh
46684764,46171,79.05,849.90,60.90,0.386,4.154,0.298,banana,fresh
46685774,46172,78.85,849.95,60.85,0.385,4.154,0.297,banana,fresh
46686786,46173,78.95,849.90,60.85,0.386,4.154,0.297,banana,fresh
46687797,46174,79.05,849.85,60.80,0.386,4.154,0.297,banana,fresh
46688808,46175,79.10,849.70,60.90,0.387,4.153,0.298,banana,fresh
46689819,46176,79.05,849.90,60.85,0.386,4.154,0.297,banana,fresh
46690831,46177,79.00,849.75,60.90,0.386,4.153,0.298,banana,fresh
46691842,46178,79.00,849.85,60.80,0.386,4.154,0.297,banana,fresh
46692852,46179,79.05,849.85,60.80,0.386,4.154,0.297,banana,fresh
46693864,46180,79.05,849.75,60.85,0.386,4.153,0.297,banana,fresh
46694875,46181,79.10,849.60,60.75,0.387,4.152,0.297,banana,fresh
46695886,46182,78.95,849.75,60.65,0.386,4.153,0.296,banana,fresh
46696897,46183,79.05,849.85,60.85,0.386,4.154,0.297,banana,fresh
46697909,46184,79.05,849.70,60.90,0.386,4.153,0.298,banana,fresh
46698919,46185,79.00,849.75,60.75,0.386,4.153,0.297,banana,fresh
46699931,46186,78.90,849.75,60.90,0.386,4.153,0.298,banana,fresh
46700942,46187,78.95,849.60,60.95,0.386,4.152,0.298,banana,fresh
46701953,46188,79.20,849.65,60.80,0.387,4.153,0.297,banana,fresh
46702964,46189,78.95,849.70,60.90,0.386,4.153,0.298,banana,fresh
46703975,46190,79.00,849.75,60.90,0.386,4.153,0.298,banana,fresh
46704987,46191,79.05,849.55,60.85,0.386,4.152,0.297,banana,fresh
46705997,46192,78.95,849.65,60.75,0.386,4.153,0.297,banana,fresh
46707009,46193,79.00,849.65,60.90,0.386,4.153,0.298,banana,fresh
46708020,46194,79.20,849.55,60.90,0.387,4.152,0.298,banana,fresh
46709030,46195,78.95,849.65,60.75,0.386,4.153,0.297,banana,fresh
46710042,46196,79.00,849.75,60.95,0.386,4.153,0.298,banana,fresh
46711053,46197,79.05,849.70,60.85,0.386,4.153,0.297,banana,fresh
46712065,46198,79.00,849.65,60.80,0.386,4.153,0.297,banana,fresh
46713075,46199,79.05,849.70,60.90,0.386,4.153,0.298,banana,fresh
46714087,46200,79.10,849.70,60.90,0.387,4.153,0.298,banana,fresh
46715098,46201,79.15,849.65,60.65,0.387,4.153,0.296,banana,fresh
46716109,46202,79.15,849.60,60.75,0.387,4.152,0.297,banana,fresh
46717120,46203,78.90,849.65,60.90,0.386,4.153,0.298,banana,fresh
46718131,46204,79.00,849.35,60.80,0.386,4.151,0.297,banana,fresh
46719142,46205,79.05,849.50,60.85,0.386,4.152,0.297,banana,fresh
46720153,46206,79.00,849.80,60.85,0.386,4.153,0.297,banana,fresh
46721165,46207,78.95,849.40,60.95,0.386,4.152,0.298,banana,fresh
46722176,46208,79.00,849.45,61.00,0.386,4.152,0.298,banana,fresh
46723187,46209,79.10,849.70,60.95,0.387,4.153,0.298,banana,fresh
46724198,46210,79.00,849.55,60.95,0.386,4.152,0.298,banana,fresh
46725209,46211,79.00,849.50,60.90,0.386,4.152,0.298,banana,fresh
46726220,46212,79.10,849.50,60.95,0.387,4.152,0.298,banana,fresh
46727231,46213,79.00,849.40,60.95,0.386,4.152,0.298,banana,fresh
46728243,46214,79.05,849.45,60.90,0.386,4.152,0.298,banana,fresh
46729253,46215,78.95,849.55,60.90,0.386,4.152,0.298,banana,fresh
46730265,46216,79.00,849.40,60.95,0.386,4.152,0.298,banana,fresh
46731276,46217,78.95,849.45,60.85,0.386,4.152,0.297,banana,fresh
46732288,46218,79.05,849.50,60.95,0.386,4.152,0.298,banana,fresh
46733298,46219,78.95,849.40,61.00,0.386,4.152,0.298,banana,fresh
46734309,46220,79.00,849.30,60.85,0.386,4.151,0.297,banana,fresh
46735321,46221,79.00,849.35,60.95,0.386,4.151,0.298,banana,fresh
46736331,46222,79.05,849.30,60.95,0.386,4.151,0.298,banana,fresh
46737343,46223,79.00,849.35,61.00,0.386,4.151,0.298,banana,fresh
46738354,46224,78.95,849.20,60.80,0.386,4.151,0.297,banana,fresh
46739365,46225,79.10,849.25,60.95,0.387,4.151,0.298,banana,fresh
46740376,46226,79.00,849.15,61.00,0.386,4.150,0.298,banana,fresh
46741387,46227,79.05,849.65,61.00,0.386,4.153,0.298,banana,fresh
46742398,46228,79.00,849.35,60.95,0.386,4.151,0.298,banana,fresh
46743409,46229,78.95,849.25,60.90,0.386,4.151,0.298,banana,fresh
46744421,46230,78.85,849.30,61.00,0.385,4.151,0.298,banana,fresh
46745432,46231,79.00,849.25,60.95,0.386,4.151,0.298,banana,fresh
46746443,46232,78.95,849.25,61.00,0.386,4.151,0.298,banana,fresh
46747454,46233,78.95,849.30,60.90,0.386,4.151,0.298,banana,fresh
46748465,46234,79.05,849.30,60.85,0.386,4.151,0.297,banana,fresh
46749476,46235,79.00,849.35,61.00,0.386,4.151,0.298,banana,fresh
46750487,46236,79.05,849.35,61.00,0.386,4.151,0.298,banana,fresh
46751499,46237,79.05,849.35,60.95,0.386,4.151,0.298,banana,fresh
46752509,46238,79.00,849.45,60.95,0.386,4.152,0.298,banana,fresh
46753521,46239,78.95,849.30,60.95,0.386,4.151,0.298,banana,fresh
46754532,46240,79.05,849.25,60.90,0.386,4.151,0.298,banana,fresh
46755543,46241,79.00,849.35,60.95,0.386,4.151,0.298,banana,fresh
46756554,46242,79.00,849.20,60.90,0.386,4.151,0.298,banana,fresh
46757565,46243,78.95,849.35,60.90,0.386,4.151,0.298,banana,fresh
46758577,46244,79.00,849.20,60.95,0.386,4.151,0.298,banana,fresh
46759587,46245,78.95,849.00,61.00,0.386,4.150,0.298,banana,fresh
46760599,46246,78.90,849.20,60.90,0.386,4.151,0.298,banana,fresh
46761610,46247,78.80,849.15,60.95,0.385,4.150,0.298,banana,fresh
46762620,46248,78.95,849.10,61.00,0.386,4.150,0.298,banana,fresh
46763632,46249,79.00,849.30,61.00,0.386,4.151,0.298,banana,fresh
46764643,46250,79.05,849.10,60.85,0.386,4.150,0.297,banana,fresh
46765655,46251,78.95,849.20,60.95,0.386,4.151,0.298,banana,fresh
46766665,46252,79.00,849.15,60.90,0.386,4.150,0.298,banana,fresh
46767677,46253,78.95,849.20,60.90,0.386,4.151,0.298,banana,fresh
46768688,46254,79.05,849.15,60.90,0.386,4.150,0.298,banana,fresh
46769699,46255,79.05,849.15,60.90,0.386,4.150,0.298,banana,fresh
46770710,46256,79.05,849.20,60.85,0.386,4.151,0.297,banana,fresh
46771721,46257,79.05,849.25,60.95,0.386,4.151,0.298,banana,fresh
46772732,46258,78.90,849.15,60.90,0.386,4.150,0.298,banana,fresh
46773743,46259,78.85,849.15,61.00,0.385,4.150,0.298,banana,fresh
46774755,46260,79.00,849.25,60.90,0.386,4.151,0.298,banana,fresh
46775766,46261,78.95,849.20,61.00,0.386,4.151,0.298,banana,fresh
46776777,46262,79.05,849.15,60.95,0.386,4.150,0.298,banana,fresh
46777788,46263,79.00,849.10,60.95,0.386,4.150,0.298,banana,fresh
46778799,46264,79.00,849.15,60.90,0.386,4.150,0.298,banana,fresh
46779810,46265,78.90,849.15,61.00,0.386,4.150,0.298,banana,fresh
46780821,46266,79.00,849.25,60.95,0.386,4.151,0.298,banana,fresh
46781833,46267,78.95,849.15,60.95,0.386,4.150,0.298,banana,fresh
46782843,46268,78.95,849.00,61.00,0.386,4.150,0.298,banana,fresh
46783855,46269,79.00,849.15,60.90,0.386,4.150,0.298,banana,fresh
46784866,46270,79.10,849.15,60.85,0.387,4.150,0.297,banana,fresh
46785876,46271,79.00,849.10,60.95,0.386,4.150,0.298,banana,fresh
46786888,46272,78.95,849.05,60.95,0.386,4.150,0.298,banana,fresh
46787899,46273,78.95,849.10,61.00,0.386,4.150,0.298,banana,fresh
46788911,46274,79.00,849.05,60.80,0.386,4.150,0.297,banana,fresh
46789921,46275,79.05,849.05,60.95,0.386,4.150,0.298,banana,fresh
46790933,46276,79.00,849.10,61.00,0.386,4.150,0.298,banana,fresh
46791944,46277,79.00,849.10,60.95,0.386,4.150,0.298,banana,fresh
46792954,46278,79.00,849.10,61.00,0.386,4.150,0.298,banana,fresh
46793966,46279,78.95,849.10,60.95,0.386,4.150,0.298,banana,fresh
46794977,46280,79.00,849.15,60.95,0.386,4.150,0.298,banana,fresh
46795988,46281,78.90,849.05,60.95,0.386,4.150,0.298,banana,fresh
46796999,46282,79.00,849.00,61.00,0.386,4.150,0.298,banana,fresh
46798011,46283,78.95,849.10,60.95,0.386,4.150,0.298,banana,fresh
46799022,46284,78.95,849.05,61.00,0.386,4.150,0.298,banana,fresh
46800032,46285,79.00,849.05,60.95,0.386,4.150,0.298,banana,fresh
46801044,46286,79.00,849.10,61.00,0.386,4.150,0.298,banana,fresh
46802055,46287,78.95,849.05,60.95,0.386,4.150,0.298,banana,fresh
46803066,46288,78.95,849.05,61.00,0.386,4.150,0.298,banana,fresh
46804077,46289,78.95,849.00,61.00,0.386,4.150,0.298,banana,fresh
46805089,46290,78.90,849.00,61.00,0.386,4.150,0.298,banana,fresh
46806099,46291,78.95,849.00,60.95,0.386,4.150,0.298,banana,fresh
46807110,46292,79.00,849.10,60.90,0.386,4.150,0.298,banana,fresh
46808122,46293,78.95,849.00,61.00,0.386,4.150,0.298,banana,fresh
46809133,46294,78.90,849.00,61.00,0.386,4.150,0.298,banana,fresh
46810144,46295,78.85,849.05,60.95,0.385,4.150,0.298,banana,fresh
46811155,46296,79.05,849.15,60.90,0.386,4.150,0.298,banana,fresh
46812166,46297,79.00,849.00,60.95,0.386,4.150,0.298,banana,fresh
46813177,46298,78.95,849.05,60.95,0.386,4.150,0.298,banana,fresh
46814188,46299,79.00,849.10,60.95,0.386,4.150,0.298,banana,fresh
46815200,46300,78.95,849.05,60.95,0.386,4.150,0.298,banana,fresh
46816210,46301,78.95,849.00,61.00,0.386,4.150,0.298,banana,fresh
46817222,46302,79.00,849.00,60.95,0.386,4.150,0.298,banana,fresh
46818233,46303,78.95,849.00,61.00,0.386,4.150,0.298,banana,fresh
46819244,46304,79.00,849.00,61.00,0.386,4.150,0.298,banana,fresh
46820255,46305,78.95,849.00,61.00,0.386,4.150,0.298,banana,fresh
46821266,46306,78.90,848.95,61.00,0.386,4.149,0.298,banana,fresh
46822278,46307,79.00,848.95,60.95,0.386,4.149,0.298,banana,fresh
46823288,46308,79.00,849.00,60.95,0.386,4.150,0.298,banana,fresh
46824300,46309,78.90,849.00,60.95,0.386,4.150,0.298,banana,fresh
46825311,46310,78.95,849.00,61.00,0.386,4.150,0.298,banana,fresh
46826321,46311,79.00,849.00,61.00,0.386,4.150,0.298,banana,fresh
46827333,46312,78.90,849.05,61.00,0.386,4.150,0.298,banana,fresh
46828344,46313,78.95,849.00,60.95,0.386,4.150,0.298,banana,fresh
46829356,46314,79.00,848.95,61.00,0.386,4.149,0.298,banana,fresh
46830366,46315,78.85,849.00,61.00,0.385,4.150,0.298,banana,fresh
46831378,46316,78.90,849.00,61.00,0.386,4.150,0.298,banana,fresh
46832389,46317,79.00,849.00,61.00,0.386,4.150,0.298,banana,fresh
46833399,46318,79.00,849.00,60.95,0.386,4.150,0.298,banana,fresh
46834411,46319,78.95,848.95,61.00,0.386,4.149,0.298,banana,fresh
46835422,46320,79.00,849.00,60.95,0.386,4.150,0.298,banana,fresh
46836433,46321,79.05,849.00,60.95,0.386,4.150,0.298,banana,fresh
46837444,46322,79.00,848.95,60.90,0.386,4.149,0.298,banana,fresh
46838456,46323,79.05,849.00,61.00,0.386,4.150,0.298,banana,fresh
46839467,46324,79.00,849.00,60.95,0.386,4.150,0.298,banana,fresh
46840477,46325,78.85,849.00,61.00,0.385,4.150,0.298,banana,fresh
46841489,46326,79.00,849.05,61.00,0.386,4.150,0.298,banana,fresh
46842500,46327,78.95,849.00,61.00,0.386,4.150,0.298,banana,fresh
46843511,46328,78.95,848.90,61.00,0.386,4.149,0.298,banana,fresh
46844522,46329,78.95,848.95,60.95,0.386,4.149,0.298,banana,fresh
46845534,46330,78.95,848.95,61.00,0.386,4.149,0.298,banana,fresh
46846544,46331,78.90,848.95,60.95,0.386,4.149,0.298,banana,fresh
46847555,46332,78.95,849.00,60.95,0.386,4.150,0.298,banana,fresh
46848567,46333,79.05,848.95,60.95,0.386,4.149,0.298,banana,fresh
46849577,46334,78.95,848.95,61.00,0.386,4.149,0.298,banana,fresh
46850589,46335,78.95,849.00,61.00,0.386,4.150,0.298,banana,fresh
46851600,46336,79.00,849.00,61.00,0.386,4.150,0.298,banana,fresh
46852612,46337,79.05,849.00,61.00,0.386,4.150,0.298,banana,fresh
46853622,46338,78.95,848.95,60.90,0.386,4.149,0.298,banana,fresh
46854633,46339,79.00,849.00,61.00,0.386,4.150,0.298,banana,fresh
46855645,46340,79.05,849.00,61.00,0.386,4.150,0.298,banana,fresh
46856655,46341,79.00,849.00,61.00,0.386,4.150,0.298,banana,fresh
46857667,46342,78.95,848.95,60.95,0.386,4.149,0.298,banana,fresh
46858678,46343,78.95,849.00,60.95,0.386,4.150,0.298,banana,fresh
46859688,46344,79.00,849.00,61.00,0.386,4.150,0.298,banana,fresh
46860700,46345,78.85,848.95,60.95,0.385,4.149,0.298,banana,fresh
46861711,46346,79.00,848.95,60.95,0.386,4.149,0.298,banana,fresh
46862723,46347,79.00,849.00,61.00,0.386,4.150,0.298,banana,fresh
46863733,46348,78.90,849.00,61.00,0.386,4.150,0.298,banana,fresh
46864745,46349,78.95,848.95,60.95,0.386,4.149,0.298,banana,fresh
46865756,46350,78.95,848.90,60.95,0.386,4.149,0.298,banana,fresh
46866766,46351,79.00,848.85,61.00,0.386,4.149,0.298,banana,fresh
46867778,46352,78.90,848.90,61.05,0.386,4.149,0.298,banana,fresh
46868789,46353,78.95,848.95,61.00,0.386,4.149,0.298,banana,fresh
46869800,46354,79.00,848.95,61.00,0.386,4.149,0.298,banana,fresh
46870811,46355,79.00,848.90,61.00,0.386,4.149,0.298,banana,fresh
46871823,46356,78.95,848.80,61.00,0.386,4.149,0.298,banana,fresh
46872834,46357,78.85,848.90,61.00,0.385,4.149,0.298,banana,fresh
46873844,46358,79.00,848.90,61.05,0.386,4.149,0.298,banana,fresh
46874856,46359,78.90,848.85,60.95,0.386,4.149,0.298,banana,fresh
46875867,46360,78.90,848.95,60.95,0.386,4.149,0.298,banana,fresh
46876878,46361,79.00,848.95,61.00,0.386,4.149,0.298,banana,fresh
46877889,46362,79.00,848.85,61.00,0.386,4.149,0.298,banana,fresh
46878901,46363,79.05,848.90,61.00,0.386,4.149,0.298,banana,fresh
46879911,46364,78.95,848.90,61.00,0.386,4.149,0.298,banana,fresh
46880922,46365,79.00,849.00,61.00,0.386,4.150,0.298,banana,fresh
46881934,46366,79.00,849.00,61.00,0.386,4.150,0.298,banana,fresh
46882945,46367,78.95,848.90,61.05,0.386,4.149,0.298,banana,fresh
46883956,46368,78.90,848.95,61.00,0.386,4.149,0.298,banana,fresh
46884967,46369,79.00,848.80,61.00,0.386,4.149,0.298,banana,fresh
46885978,46370,78.95,848.95,61.00,0.386,4.149,0.298,banana,fresh
46886989,46371,79.00,848.85,61.00,0.386,4.149,0.298,banana,fresh
46888000,46372,79.05,848.70,61.00,0.386,4.148,0.298,banana,fresh
46889012,46373,79.00,848.85,60.95,0.386,4.149,0.298,banana,fresh
46890022,46374,78.95,848.85,60.95,0.386,4.149,0.298,banana,fresh
46891034,46375,79.00,848.95,61.10,0.386,4.149,0.299,banana,fresh
46892045,46376,78.75,848.90,61.00,0.385,4.149,0.298,banana,fresh
46893056,46377,78.95,848.95,61.10,0.386,4.149,0.299,banana,fresh
46894067,46378,78.90,848.90,61.00,0.386,4.149,0.298,banana,fresh
46895078,46379,78.95,848.90,61.00,0.386,4.149,0.298,banana,fresh
46896090,46380,78.90,848.95,61.00,0.386,4.149,0.298,banana,fresh
46897100,46381,78.90,848.85,61.00,0.386,4.149,0.298,banana,fresh
46898112,46382,79.00,848.85,61.00,0.386,4.149,0.298,banana,fresh
46899123,46383,78.95,848.90,60.95,0.386,4.149,0.298,banana,fresh
46900133,46384,79.00,848.80,61.00,0.386,4.149,0.298,banana,fresh
46901145,46385,79.00,848.95,61.00,0.386,4.149,0.298,banana,fresh
46902156,46386,78.95,848.75,61.00,0.386,4.148,0.298,banana,fresh
46903168,46387,79.10,848.60,61.00,0.387,4.148,0.298,banana,fresh
46904178,46388,78.90,848.90,61.00,0.386,4.149,0.298,banana,fresh
46905190,46389,79.00,848.80,61.10,0.386,4.149,0.299,banana,fresh
46906201,46390,78.95,848.75,61.00,0.386,4.148,0.298,banana,fresh
46907211,46391,78.95,848.70,61.00,0.386,4.148,0.298,banana,fresh
46908223,46392,78.90,848.90,61.00,0.386,4.149,0.298,banana,fresh
46909234,46393,78.95,848.85,61.00,0.386,4.149,0.298,banana,fresh
46910245,46394,78.95,848.50,61.00,0.386,4.147,0.298,banana,fresh
46911256,46395,79.05,848.75,60.95,0.386,4.148,0.298,banana,fresh
46912268,46396,78.95,848.55,61.05,0.386,4.147,0.298,banana,fresh
46913278,46397,78.95,848.45,61.00,0.386,4.147,0.298,banana,fresh
46914289,46398,78.95,848.65,60.95,0.386,4.148,0.298,banana,fresh
46915301,46399,79.00,848.75,61.00,0.386,4.148,0.298,banana,fresh
46916312,46400,78.95,848.70,61.00,0.386,4.148,0.298,banana,fresh
46917323,46401,79.00,848.80,61.00,0.386,4.149,0.298,banana,fresh
46918334,46402,78.95,848.60,61.00,0.386,4.148,0.298,banana,fresh
46919346,46403,78.90,848.50,61.00,0.386,4.147,0.298,banana,fresh
46920356,46404,79.05,848.65,61.00,0.386,4.148,0.298,banana,fresh
46921367,46405,78.95,848.55,61.00,0.386,4.147,0.298,banana,fresh
46922379,46406,78.95,848.60,61.00,0.386,4.148,0.298,banana,fresh
46923389,46407,78.95,848.75,61.00,0.386,4.148,0.298,banana,fresh
46924401,46408,79.00,848.50,61.00,0.386,4.147,0.298,banana,fresh
46925412,46409,78.90,848.60,61.00,0.386,4.148,0.298,banana,fresh
46926424,46410,79.00,848.60,61.05,0.386,4.148,0.298,banana,fresh
46927434,46411,78.95,848.60,61.00,0.386,4.148,0.298,banana,fresh
46928445,46412,78.95,848.50,60.95,0.386,4.147,0.298,banana,fresh
46929457,46413,79.00,848.40,61.00,0.386,4.147,0.298,banana,fresh
46930467,46414,78.95,848.55,61.00,0.386,4.147,0.298,banana,fresh
46931479,46415,78.95,848.35,61.05,0.386,4.146,0.298,banana,fresh
46932490,46416,79.00,848.45,61.05,0.386,4.147,0.298,banana,fresh
46933501,46417,79.00,848.25,61.05,0.386,4.146,0.298,banana,fresh
46934512,46418,79.00,848.40,61.00,0.386,4.147,0.298,banana,fresh
46935523,46419,78.90,848.55,60.95,0.386,4.147,0.298,banana,fresh
46936535,46420,79.00,848.65,61.00,0.386,4.148,0.298,banana,fresh
46937545,46421,79.00,848.65,61.00,0.386,4.148,0.298,banana,fresh
46938557,46422,78.90,848.40,61.05,0.386,4.147,0.298,banana,fresh
46939568,46423,79.00,848.55,61.00,0.386,4.147,0.298,banana,fresh
46940579,46424,78.85,848.50,61.00,0.385,4.147,0.298,banana,fresh
46941590,46425,78.95,848.45,61.00,0.386,4.147,0.298,banana,fresh
46942601,46426,78.95,848.40,61.00,0.386,4.147,0.298,banana,fresh
46943612,46427,78.95,848.40,61.10,0.386,4.147,0.299,banana,fresh
46944623,46428,78.90,848.35,61.00,0.386,4.146,0.298,banana,fresh
46945635,46429,78.95,848.45,61.00,0.386,4.147,0.298,banana,fresh
46946646,46430,78.90,848.40,61.00,0.386,4.147,0.298,banana,fresh
46947657,46431,79.00,848.50,61.00,0.386,4.147,0.298,banana,fresh
46948668,46432,79.00,848.50,61.00,0.386,4.147,0.298,banana,fresh
46949679,46433,79.00,848.45,61.05,0.386,4.147,0.298,banana,fresh
46950690,46434,78.90,848.25,61.05,0.386,4.146,0.298,banana,fresh
46951701,46435,78.95,848.30,61.00,0.386,4.146,0.298,banana,fresh
46952713,46436,78.95,848.40,61.00,0.386,4.147,0.298,banana,fresh
46953723,46437,78.90,848.60,61.00,0.386,4.148,0.298,banana,fresh
46954735,46438,79.00,848.50,61.10,0.386,4.147,0.299,banana,fresh
46955746,46439,78.95,848.35,61.00,0.386,4.146,0.298,banana,fresh
46956756,46440,79.00,848.20,61.00,0.386,4.146,0.298,banana,fresh
46957768,46441,78.90,848.50,61.00,0.386,4.147,0.298,banana,fresh
46958779,46442,78.95,848.30,61.00,0.386,4.146,0.298,banana,fresh
46959791,46443,78.90,848.15,61.00,0.386,4.145,0.298,banana,fresh
46960801,46444,79.00,848.20,61.05,0.386,4.146,0.298,banana,fresh
46961813,46445,79.00,848.20,61.00,0.386,4.146,0.298,banana,fresh
46962824,46446,79.05,848.30,61.00,0.386,4.146,0.298,banana,fresh
46963834,46447,78.95,848.40,61.00,0.386,4.147,0.298,banana,fresh
46964846,46448,78.95,848.20,61.05,0.386,4.146,0.298,banana,fresh
46965857,46449,78.90,848.25,61.00,0.386,4.146,0.298,banana,fresh
46966868,46450,78.95,848.45,61.05,0.386,4.147,0.298,banana,fresh
46967879,46451,78.95,848.10,61.05,0.386,4.145,0.298,banana,fresh
46968891,46452,78.90,848.15,61.05,0.386,4.145,0.298,banana,fresh
46969902,46453,78.90,848.20,61.00,0.386,4.146,0.298,banana,fresh
46970912,46454,78.95,848.20,61.00,0.386,4.146,0.298,banana,fresh
46971924,46455,78.95,848.25,61.00,0.386,4.146,0.298,banana,fresh
46972935,46456,78.95,848.45,61.10,0.386,4.147,0.299,banana,fresh
46973946,46457,78.95,848.20,61.05,0.386,4.146,0.298,banana,fresh
46974957,46458,79.00,848.30,61.00,0.386,4.146,0.298,banana,fresh
46975969,46459,78.90,848.30,61.05,0.386,4.146,0.298,banana,fresh
46976979,46460,78.95,848.25,61.00,0.386,4.146,0.298,banana,fresh
46977990,46461,79.00,848.25,61.00,0.386,4.146,0.298,banana,fresh
46979002,46462,78.95,848.25,61.05,0.386,4.146,0.298,banana,fresh
46980013,46463,78.90,848.20,61.05,0.386,4.146,0.298,banana,fresh
46981024,46464,78.90,848.20,61.00,0.386,4.146,0.298,banana,fresh
46982035,46465,79.00,848.25,61.00,0.386,4.146,0.298,banana,fresh
46983047,46466,78.95,848.20,61.00,0.386,4.146,0.298,banana,fresh
46984057,46467,79.00,848.15,61.00,0.386,4.145,0.298,banana,fresh
46985069,46468,78.95,848.25,61.10,0.386,4.146,0.299,banana,fresh
46986080,46469,78.95,848.10,61.05,0.386,4.145,0.298,banana,fresh
46987090,46470,78.90,848.20,61.00,0.386,4.146,0.298,banana,fresh
46988102,46471,78.90,848.15,61.00,0.386,4.145,0.298,banana,fresh
46989113,46472,79.00,848.15,61.05,0.386,4.145,0.298,banana,fresh
46990125,46473,79.00,848.25,61.05,0.386,4.146,0.298,banana,fresh
46991135,46474,78.95,848.20,61.00,0.386,4.146,0.298,banana,fresh
46992147,46475,78.95,848.20,61.00,0.386,4.146,0.298,banana,fresh
46993158,46476,78.95,848.15,61.00,0.386,4.145,0.298,banana,fresh
46994168,46477,79.00,848.10,61.00,0.386,4.145,0.298,banana,fresh
46995180,46478,78.85,848.20,61.05,0.385,4.146,0.298,banana,fresh
46996191,46479,78.95,848.10,61.00,0.386,4.145,0.298,banana,fresh
46997202,46480,78.95,848.20,61.10,0.386,4.146,0.299,banana,fresh
46998213,46481,79.00,848.15,61.10,0.386,4.145,0.299,banana,fresh
46999225,46482,78.90,848.05,60.95,0.386,4.145,0.298,banana,fresh
47000236,46483,79.00,848.05,61.05,0.386,4.145,0.298,banana,fresh
47001246,46484,79.00,848.15,61.00,0.386,4.145,0.298,banana,fresh
47002258,46485,79.00,848.10,61.20,0.386,4.145,0.299,banana,fresh
47003269,46486,79.00,848.10,61.15,0.386,4.145,0.299,banana,fresh
47004280,46487,78.95,848.15,61.00,0.386,4.145,0.298,banana,fresh
47005291,46488,79.00,848.15,61.10,0.386,4.145,0.299,banana,fresh
47006303,46489,79.05,848.25,61.05,0.386,4.146,0.298,banana,fresh
47007313,46490,78.95,848.20,61.05,0.386,4.146,0.298,banana,fresh
47008324,46491,79.05,848.05,61.05,0.386,4.145,0.298,banana,fresh
47009336,46492,78.90,848.10,61.00,0.386,4.145,0.298,banana,fresh
47010347,46493,79.00,848.00,61.05,0.386,4.145,0.298,banana,fresh
47011358,46494,79.00,848.00,61.00,0.386,4.145,0.298,banana,fresh
47012369,46495,79.05,848.15,61.05,0.386,4.145,0.298,banana,fresh
47013381,46496,78.80,848.05,61.00,0.385,4.145,0.298,banana,fresh
47014391,46497,79.00,848.00,61.00,0.386,4.145,0.298,banana,fresh
47015402,46498,78.90,848.05,61.05,0.386,4.145,0.298,banana,fresh
47016414,46499,79.00,848.00,61.10,0.386,4.145,0.299,banana,fresh
47017424,46500,78.90,848.00,61.05,0.386,4.145,0.298,banana,fresh
47018436,46501,78.95,848.10,61.05,0.386,4.145,0.298,banana,fresh
47019447,46502,78.95,848.00,61.00,0.386,4.145,0.298,banana,fresh
47020459,46503,78.95,848.05,61.00,0.386,4.145,0.298,banana,fresh
47021469,46504,78.95,848.00,61.15,0.386,4.145,0.299,banana,fresh
47022480,46505,78.90,848.05,61.10,0.386,4.145,0.299,banana,fresh
47023492,46506,79.00,848.05,61.05,0.386,4.145,0.298,banana,fresh
47024502,46507,79.00,848.00,61.00,0.386,4.145,0.298,banana,fresh
47025514,46508,79.00,848.10,61.10,0.386,4.145,0.299,banana,fresh
47026525,46509,79.00,848.15,61.05,0.386,4.145,0.298,banana,fresh
47027536,46510,79.05,848.05,61.00,0.386,4.145,0.298,banana,fresh
47028547,46511,78.95,848.00,61.10,0.386,4.145,0.299,banana,fresh
47029558,46512,79.00,848.05,61.00,0.386,4.145,0.298,banana,fresh
47030569,46513,79.00,848.00,61.05,0.386,4.145,0.298,banana,fresh
47031580,46514,79.00,848.00,61.00,0.386,4.145,0.298,banana,fresh
47032592,46515,78.95,848.10,61.10,0.386,4.145,0.299,banana,fresh
47033603,46516,79.00,848.05,61.00,0.386,4.145,0.298,banana,fresh
47034613,46517,78.95,848.00,61.05,0.386,4.145,0.298,banana,fresh
47035625,46518,79.00,848.00,61.00,0.386,4.145,0.298,banana,fresh
47036636,46519,78.95,848.10,61.00,0.386,4.145,0.298,banana,fresh
47037647,46520,78.95,848.05,61.10,0.386,4.145,0.299,banana,fresh
47038658,46521,79.00,848.05,61.15,0.386,4.145,0.299,banana,fresh
47039670,46522,78.95,848.05,61.00,0.386,4.145,0.298,banana,fresh
47040680,46523,78.85,848.00,61.00,0.385,4.145,0.298,banana,fresh
47041691,46524,79.00,848.00,61.10,0.386,4.145,0.299,banana,fresh
47042703,46525,78.90,848.05,61.00,0.386,4.145,0.298,banana,fresh
47043714,46526,78.95,848.05,61.10,0.386,4.145,0.299,banana,fresh
47044725,46527,79.00,848.05,61.05,0.386,4.145,0.298,banana,fresh
47045736,46528,79.00,848.00,60.95,0.386,4.145,0.298,banana,fresh
47046748,46529,78.95,848.05,61.05,0.386,4.145,0.298,banana,fresh
47047758,46530,78.90,848.10,61.05,0.386,4.145,0.298,banana,fresh
47048769,46531,78.90,848.10,61.05,0.386,4.145,0.298,banana,fresh
47049781,46532,79.00,848.05,61.00,0.386,4.145,0.298,banana,fresh
47050791,46533,78.95,848.00,61.05,0.386,4.145,0.298,banana,fresh
47051803,46534,79.00,848.05,61.00,0.386,4.145,0.298,banana,fresh
47052814,46535,78.95,848.00,61.05,0.386,4.145,0.298,banana,fresh
47053826,46536,78.95,848.05,61.05,0.386,4.145,0.298,banana,fresh
47054836,46537,78.90,848.05,61.05,0.386,4.145,0.298,banana,fresh
47055847,46538,79.00,848.00,61.05,0.386,4.145,0.298,banana,fresh
47056859,46539,78.90,848.00,61.10,0.386,4.145,0.299,banana,fresh
47057869,46540,78.95,848.00,61.15,0.386,4.145,0.299,banana,fresh
47058881,46541,78.95,848.00,61.00,0.386,4.145,0.298,banana,fresh
47059892,46542,79.05,848.00,61.00,0.386,4.145,0.298,banana,fresh
47060903,46543,78.95,848.05,61.10,0.386,4.145,0.299,banana,fresh
47061914,46544,79.05,848.00,61.05,0.386,4.145,0.298,banana,fresh
47062925,46545,79.00,848.00,61.05,0.386,4.145,0.298,banana,fresh
47063937,46546,79.00,848.00,61.10,0.386,4.145,0.299,banana,fresh
47064947,46547,78.85,848.00,61.10,0.385,4.145,0.299,banana,fresh
47065959,46548,78.80,848.05,61.00,0.385,4.145,0.298,banana,fresh
47066970,46549,79.05,848.00,61.10,0.386,4.145,0.299,banana,fresh
47067981,46550,79.00,848.00,61.00,0.386,4.145,0.298,banana,fresh
47068992,46551,78.95,848.00,61.10,0.386,4.145,0.299,banana,fresh
47070003,46552,79.00,848.00,61.05,0.386,4.145,0.298,banana,fresh
47071014,46553,78.95,848.05,61.15,0.386,4.145,0.299,banana,fresh
47072025,46554,78.90,848.00,61.15,0.386,4.145,0.299,banana,fresh
47073037,46555,78.85,848.00,61.05,0.385,4.145,0.298,banana,fresh
47074048,46556,79.00,848.00,61.05,0.386,4.145,0.298,banana,fresh
47075059,46557,78.90,848.00,61.00,0.386,4.145,0.298,banana,fresh
47076070,46558,79.00,848.00,61.00,0.386,4.145,0.298,banana,fresh
47077081,46559,78.90,848.00,61.05,0.386,4.145,0.298,banana,fresh
47078092,46560,79.00,848.00,61.05,0.386,4.145,0.298,banana,fresh
47079103,46561,79.00,848.05,61.05,0.386,4.145,0.298,banana,fresh
47080115,46562,78.90,848.00,61.20,0.386,4.145,0.299,banana,fresh
47081125,46563,79.00,848.00,61.15,0.386,4.145,0.299,banana,fresh
47082137,46564,79.00,848.00,61.00,0.386,4.145,0.298,banana,fresh
47083148,46565,79.00,848.00,61.20,0.386,4.145,0.299,banana,fresh
47084158,46566,78.95,848.00,61.05,0.386,4.145,0.298,banana,fresh
47085170,46567,79.00,848.05,61.00,0.386,4.145,0.298,banana,fresh
47086181,46568,78.95,848.00,61.05,0.386,4.145,0.298,banana,fresh
47087193,46569,78.95,847.95,61.00,0.386,4.144,0.298,banana,fresh
47088203,46570,78.95,848.00,61.00,0.386,4.145,0.298,banana,fresh
47089215,46571,78.95,848.00,61.05,0.386,4.145,0.298,banana,fresh
47090226,46572,79.00,848.00,61.00,0.386,4.145,0.298,banana,fresh
47091236,46573,78.95,848.00,61.15,0.386,4.145,0.299,banana,fresh
47092248,46574,78.95,848.05,61.10,0.386,4.145,0.299,banana,fresh
47093259,46575,79.05,848.00,61.05,0.386,4.145,0.298,banana,fresh
47094270,46576,79.00,847.95,61.05,0.386,4.144,0.298,banana,fresh
47095281,46577,79.00,848.00,61.15,0.386,4.145,0.299,banana,fresh
47096293,46578,78.95,848.05,61.10,0.386,4.145,0.299,banana,fresh
47097304,46579,78.95,848.00,61.15,0.386,4.145,0.299,banana,fresh
47098314,46580,78.95,848.00,61.10,0.386,4.145,0.299,banana,fresh
47099326,46581,78.95,848.00,61.00,0.386,4.145,0.298,banana,fresh
47100337,46582,79.00,847.95,61.05,0.386,4.144,0.298,banana,fresh
47101348,46583,78.90,848.00,61.00,0.386,4.145,0.298,banana,fresh
47102359,46584,79.05,847.95,61.15,0.386,4.144,0.299,banana,fresh
47103371,46585,78.95,848.00,61.05,0.386,4.145,0.298,banana,fresh
47104381,46586,78.95,848.00,61.10,0.386,4.145,0.299,banana,fresh
47105392,46587,78.95,848.00,61.15,0.386,4.145,0.299,banana,fresh
47106404,46588,79.00,847.95,61.10,0.386,4.144,0.299,banana,fresh
47107415,46589,79.00,848.00,61.25,0.386,4.145,0.299,banana,fresh
47108426,46590,79.00,848.00,61.05,0.386,4.145,0.298,banana,fresh
47109437,46591,79.00,847.95,61.05,0.386,4.144,0.298,banana,fresh
47110449,46592,79.00,848.00,61.10,0.386,4.145,0.299,banana,fresh
47111459,46593,79.00,848.00,61.10,0.386,4.145,0.299,banana,fresh
47112470,46594,79.00,848.00,61.00,0.386,4.145,0.298,banana,fresh
47113482,46595,78.95,848.00,61.10,0.386,4.145,0.299,banana,fresh
47114492,46596,78.85,848.00,61.00,0.385,4.145,0.298,banana,fresh
47115504,46597,78.95,848.00,61.05,0.386,4.145,0.298,banana,fresh
47116515,46598,78.95,848.00,61.10,0.386,4.145,0.299,banana,fresh
47117527,46599,78.90,848.00,61.15,0.386,4.145,0.299,banana,fresh
47118537,46600,79.00,848.00,61.10,0.386,4.145,0.299,banana,fresh
47119549,46601,78.95,848.00,61.00,0.386,4.145,0.298,banana,fresh
47120560,46602,78.90,847.95,61.10,0.386,4.144,0.299,banana,fresh
47121570,46603,79.00,847.95,61.05,0.386,4.144,0.298,banana,fresh
47122582,46604,79.00,848.00,61.05,0.386,4.145,0.298,banana,fresh
47123593,46605,78.95,848.05,61.20,0.386,4.145,0.299,banana,fresh
47124604,46606,78.95,848.00,61.00,0.386,4.145,0.298,banana,fresh
47125615,46607,78.95,848.00,61.10,0.386,4.145,0.299,banana,fresh
47126627,46608,79.05,848.00,61.05,0.386,4.145,0.298,banana,fresh
47127638,46609,79.05,848.00,61.10,0.386,4.145,0.299,banana,fresh
47128648,46610,79.00,848.00,61.05,0.386,4.145,0.298,banana,fresh
47129660,46611,79.00,848.00,61.05,0.386,4.145,0.298,banana,fresh
47130671,46612,79.00,847.95,61.15,0.386,4.144,0.299,banana,fresh
47131682,46613,78.95,848.00,61.15,0.386,4.145,0.299,banana,fresh
47132693,46614,78.95,848.05,61.05,0.386,4.145,0.298,banana,fresh
47133705,46615,78.95,848.00,61.05,0.386,4.145,0.298,banana,fresh
47134715,46616,78.95,848.00,61.00,0.386,4.145,0.298,banana,fresh
47135726,46617,78.90,847.90,61.10,0.386,4.144,0.299,banana,fresh
47136738,46618,79.00,847.95,61.00,0.386,4.144,0.298,banana,fresh
47137748,46619,79.00,847.95,61.10,0.386,4.144,0.299,banana,fresh
47138760,46620,79.05,848.00,61.15,0.386,4.145,0.299,banana,fresh
47139771,46621,78.95,848.00,61.10,0.386,4.145,0.299,banana,fresh
47140783,46622,79.05,848.00,61.00,0.386,4.145,0.298,banana,fresh
47141793,46623,79.00,848.00,61.00,0.386,4.145,0.298,banana,fresh
47142804,46624,79.05,848.00,61.05,0.386,4.145,0.298,banana,fresh
47143816,46625,78.95,848.00,61.15,0.386,4.145,0.299,banana,fresh
47144826,46626,79.00,848.00,61.20,0.386,4.145,0.299,banana,fresh
47145838,46627,79.00,847.90,61.10,0.386,4.144,0.299,banana,fresh
47146849,46628,79.10,847.80,61.20,0.387,4.144,0.299,banana,fresh
47147860,46629,79.00,847.95,61.00,0.386,4.144,0.298,banana,fresh
47148871,46630,79.00,848.00,61.10,0.386,4.145,0.299,banana,fresh
47149882,46631,78.95,847.90,61.15,0.386,4.144,0.299,banana,fresh
47150894,46632,78.95,847.90,61.10,0.386,4.144,0.299,banana,fresh
47151904,46633,79.05,847.95,61.10,0.386,4.144,0.299,banana,fresh
47152916,46634,79.00,847.95,61.05,0.386,4.144,0.298,banana,fresh
47153927,46635,79.00,847.85,61.00,0.386,4.144,0.298,banana,fresh
47154938,46636,79.00,847.90,61.05,0.386,4.144,0.298,banana,fresh
47155949,46637,79.00,847.80,61.00,0.386,4.144,0.298,banana,fresh
47156960,46638,79.00,847.80,61.10,0.386,4.144,0.299,banana,fresh
47157971,46639,79.00,847.85,61.05,0.386,4.144,0.298,banana,fresh
47158982,46640,79.05,848.00,61.05,0.386,4.145,0.298,banana,fresh
47159994,46641,78.95,847.95,61.10,0.386,4.144,0.299,banana,fresh
47161005,46642,79.05,847.85,61.10,0.386,4.144,0.299,banana,fresh
47162016,46643,79.05,847.95,61.10,0.386,4.144,0.299,banana,fresh
47163027,46644,79.00,847.80,61.20,0.386,4.144,0.299,banana,fresh
47164038,46645,79.00,847.90,61.05,0.386,4.144,0.298,banana,fresh
47165049,46646,78.95,847.95,61.10,0.386,4.144,0.299,banana,fresh
47166060,46647,78.95,847.90,61.05,0.386,4.144,0.298,banana,fresh
47167072,46648,78.90,847.95,61.10,0.386,4.144,0.299,banana,fresh
47168082,46649,78.95,848.00,61.05,0.386,4.145,0.298,banana,fresh
47169094,46650,79.05,847.90,61.00,0.386,4.144,0.298,banana,fresh
47170105,46651,79.15,847.80,61.05,0.387,4.144,0.298,banana,fresh
47171117,46652,78.90,847.80,61.05,0.386,4.144,0.298,banana,fresh
47172127,46653,79.00,847.80,61.15,0.386,4.144,0.299,banana,fresh
47173138,46654,78.90,847.80,61.00,0.386,4.144,0.298,banana,fresh
47174150,46655,79.05,847.75,61.05,0.386,4.143,0.298,banana,fresh
47175160,46656,78.90,847.70,61.00,0.386,4.143,0.298,banana,fresh
47176172,46657,79.00,847.75,61.20,0.386,4.143,0.299,banana,fresh
47177183,46658,79.00,847.80,61.15,0.386,4.144,0.299,banana,fresh
47178194,46659,79.05,847.80,61.10,0.386,4.144,0.299,banana,fresh
47179205,46660,78.95,847.75,61.05,0.386,4.143,0.298,banana,fresh
47180216,46661,78.95,847.80,61.05,0.386,4.144,0.298,banana,fresh
47181228,46662,79.00,847.65,61.10,0.386,4.143,0.299,banana,fresh
47182238,46663,78.95,847.55,61.25,0.386,4.142,0.299,banana,fresh
47183250,46664,79.00,847.55,61.20,0.386,4.142,0.299,banana,fresh
47184261,46665,79.00,847.50,61.10,0.386,4.142,0.299,banana,fresh
47185272,46666,78.95,847.35,61.10,0.386,4.141,0.299,banana,fresh
47186283,46667,78.90,847.60,61.05,0.386,4.143,0.298,banana,fresh
47187294,46668,78.95,847.50,61.00,0.386,4.142,0.298,banana,fresh
47188305,46669,79.00,847.65,61.10,0.386,4.143,0.299,banana,fresh
47189316,46670,79.05,847.60,61.10,0.386,4.143,0.299,banana,fresh
47190328,46671,79.00,847.75,61.05,0.386,4.143,0.298,banana,fresh
47191339,46672,78.90,847.50,61.10,0.386,4.142,0.299,banana,fresh
47192350,46673,79.00,847.30,61.05,0.386,4.141,0.298,banana,fresh
47193361,46674,78.90,847.45,61.00,0.386,4.142,0.298,banana,fresh
47194372,46675,78.95,847.40,61.00,0.386,4.142,0.298,banana,fresh
47195383,46676,79.05,847.50,61.10,0.386,4.142,0.299,banana,fresh
47196394,46677,78.95,847.35,61.15,0.386,4.141,0.299,banana,fresh
47197406,46678,78.90,847.20,61.10,0.386,4.141,0.299,banana,fresh
47198416,46679,79.05,847.30,61.15,0.386,4.141,0.299,banana,fresh
47199428,46680,78.95,847.20,61.00,0.386,4.141,0.298,banana,fresh
47200439,46681,78.95,847.40,61.10,0.386,4.142,0.299,banana,fresh
47201449,46682,78.95,847.35,61.00,0.386,4.141,0.298,banana,fresh
47202461,46683,78.95,847.25,61.05,0.386,4.141,0.298,banana,fresh
47203472,46684,79.05,847.30,61.15,0.386,4.141,0.299,banana,fresh
47204484,46685,78.85,847.25,61.15,0.385,4.141,0.299,banana,fresh
47205494,46686,78.90,847.30,61.10,0.386,4.141,0.299,banana,fresh
47206506,46687,79.00,847.35,61.20,0.386,4.141,0.299,banana,fresh
47207517,46688,79.05,847.40,61.05,0.386,4.142,0.298,banana,fresh
47208528,46689,78.90,847.15,61.05,0.386,4.141,0.298,banana,fresh
47209539,46690,79.00,847.10,61.15,0.386,4.140,0.299,banana,fresh
47210550,46691,78.95,847.10,61.10,0.386,4.140,0.299,banana,fresh
47211561,46692,79.05,847.05,61.15,0.386,4.140,0.299,banana,fresh
47212572,46693,79.00,847.20,61.20,0.386,4.141,0.299,banana,fresh
47213584,46694,78.95,847.15,61.15,0.386,4.141,0.299,banana,fresh
47214595,46695,78.95,847.25,61.10,0.386,4.141,0.299,banana,fresh
47215606,46696,78.95,847.15,61.10,0.386,4.141,0.299,banana,fresh
47216617,46697,79.05,847.00,61.05,0.386,4.140,0.298,banana,fresh
47217628,46698,79.00,847.05,61.10,0.386,4.140,0.299,banana,fresh
47218639,46699,79.00,847.00,61.10,0.386,4.140,0.299,banana,fresh
47219650,46700,79.00,847.00,61.05,0.386,4.140,0.298,banana,fresh
47220662,46701,78.90,847.10,61.10,0.386,4.140,0.299,banana,fresh
47221672,46702,79.00,847.10,61.15,0.386,4.140,0.299,banana,fresh
47222684,46703,79.05,847.00,61.10,0.386,4.140,0.299,banana,fresh
47223695,46704,78.95,847.05,61.10,0.386,4.140,0.299,banana,fresh
47224706,46705,78.95,847.00,61.05,0.386,4.140,0.298,banana,fresh
47225717,46706,78.90,847.00,61.15,0.386,4.140,0.299,banana,fresh
47226728,46707,78.90,847.10,61.05,0.386,4.140,0.298,banana,fresh
47227740,46708,79.05,847.10,61.05,0.386,4.140,0.298,banana,fresh
47228750,46709,79.00,847.00,61.10,0.386,4.140,0.299,banana,fresh
47229762,46710,79.00,847.00,61.00,0.386,4.140,0.298,banana,fresh
47230773,46711,78.90,847.10,61.25,0.386,4.140,0.299,banana,fresh
47231783,46712,79.00,847.00,61.10,0.386,4.140,0.299,banana,fresh
47232795,46713,78.95,847.00,61.20,0.386,4.140,0.299,banana,fresh
47233806,46714,79.15,847.00,61.10,0.387,4.140,0.299,banana,fresh
47234818,46715,79.05,847.10,61.15,0.386,4.140,0.299,banana,fresh
47235828,46716,79.00,847.00,61.10,0.386,4.140,0.299,banana,fresh
47236839,46717,78.95,847.00,61.10,0.386,4.140,0.299,banana,fresh
47237851,46718,78.95,847.00,61.10,0.386,4.140,0.299,banana,fresh
47238861,46719,79.00,847.00,61.15,0.386,4.140,0.299,banana,fresh
47239873,46720,79.00,847.00,61.05,0.386,4.140,0.298,banana,fresh
47240884,46721,78.95,847.00,61.15,0.386,4.140,0.299,banana,fresh
47241895,46722,79.00,846.95,61.10,0.386,4.140,0.299,banana,fresh
47242906,46723,79.00,847.00,61.10,0.386,4.140,0.299,banana,fresh
47243917,46724,78.85,847.00,61.00,0.385,4.140,0.298,banana,fresh
47244929,46725,78.85,847.00,61.15,0.385,4.140,0.299,banana,fresh
47245939,46726,79.00,847.00,61.05,0.386,4.140,0.298,banana,fresh
47246951,46727,79.00,847.00,61.10,0.386,4.140,0.299,banana,fresh
47247962,46728,79.00,847.00,61.05,0.386,4.140,0.298,banana,fresh
47248973,46729,78.95,846.85,61.15,0.386,4.139,0.299,banana,fresh
47249984,46730,79.00,847.00,61.05,0.386,4.140,0.298,banana,fresh
47250995,46731,79.10,846.90,61.10,0.387,4.139,0.299,banana,fresh
47252006,46732,79.10,847.00,61.05,0.387,4.140,0.298,banana,fresh
47253017,46733,78.95,846.95,61.05,0.386,4.140,0.298,banana,fresh
47254029,46734,79.05,846.95,61.05,0.386,4.140,0.298,banana,fresh
47255040,46735,79.05,847.00,61.00,0.386,4.140,0.298,banana,fresh
47256051,46736,79.00,846.90,61.10,0.386,4.139,0.299,banana,fresh
47257062,46737,78.95,847.00,61.25,0.386,4.140,0.299,banana,fresh
47258073,46738,78.90,846.95,61.05,0.386,4.140,0.298,banana,fresh
47259084,46739,78.95,846.85,61.00,0.386,4.139,0.298,banana,fresh
47260095,46740,79.10,846.90,61.05,0.387,4.139,0.298,banana,fresh
47261107,46741,79.00,847.00,61.10,0.386,4.140,0.299,banana,fresh
47262117,46742,79.00,846.80,61.15,0.386,4.139,0.299,banana,fresh
47263129,46743,79.00,846.95,61.20,0.386,4.140,0.299,banana,fresh
47264140,46744,79.00,846.65,61.05,0.386,4.138,0.298,banana,fresh
47265150,46745,79.05,847.00,61.10,0.386,4.140,0.299,banana,fresh
47266162,46746,79.05,847.00,61.20,0.386,4.140,0.299,banana,fresh
47267173,46747,79.05,846.95,61.05,0.386,4.140,0.298,banana,fresh
47268185,46748,79.00,846.85,61.20,0.386,4.139,0.299,banana,fresh
47269195,46749,79.05,846.85,61.00,0.386,4.139,0.298,banana,fresh
47270207,46750,79.00,846.85,61.30,0.386,4.139,0.300,banana,fresh
47271218,46751,79.05,846.80,61.10,0.386,4.139,0.299,banana,fresh
47272228,46752,79.00,846.85,61.00,0.386,4.139,0.298,banana,fresh
47273240,46753,79.00,846.60,61.05,0.386,4.138,0.298,banana,fresh
47274251,46754,79.00,846.80,61.05,0.386,4.139,0.298,banana,fresh
47275262,46755,79.10,846.85,61.15,0.387,4.139,0.299,banana,fresh
47276273,46756,79.05,846.75,61.15,0.386,4.139,0.299,banana,fresh
47277285,46757,79.10,846.70,61.10,0.387,4.138,0.299,banana,fresh
47278296,46758,79.00,846.75,61.15,0.386,4.139,0.299,banana,fresh
47279306,46759,78.95,846.90,61.15,0.386,4.139,0.299,banana,fresh
47280318,46760,79.10,846.55,61.05,0.387,4.138,0.298,banana,fresh
47281329,46761,79.00,846.75,61.15,0.386,4.139,0.299,banana,fresh
47282340,46762,79.00,846.70,61.00,0.386,4.138,0.298,banana,fresh
47283351,46763,79.05,846.60,61.15,0.386,4.138,0.299,banana,fresh
47284363,46764,79.05,846.85,61.00,0.386,4.139,0.298,banana,fresh
47285373,46765,79.10,846.80,61.15,0.387,4.139,0.299,banana,fresh
47286384,46766,79.10,846.55,61.15,0.387,4.138,0.299,banana,fresh
47287396,46767,79.05,846.70,61.15,0.386,4.138,0.299,banana,fresh
47288407,46768,79.00,846.75,61.30,0.386,4.139,0.300,banana,fresh
47289418,46769,79.15,846.85,61.15,0.387,4.139,0.299,banana,fresh
47290429,46770,79.20,846.60,61.10,0.387,4.138,0.299,banana,fresh
47291441,46771,79.10,846.85,61.25,0.387,4.139,0.299,banana,fresh
47292451,46772,79.00,846.80,61.25,0.386,4.139,0.299,banana,fresh
47293463,46773,79.20,846.70,61.10,0.387,4.138,0.299,banana,fresh
47294474,46774,79.10,846.65,61.15,0.387,4.138,0.299,banana,fresh
47295484,46775,79.20,846.75,61.25,0.387,4.139,0.299,banana,fresh
47296496,46776,79.05,846.65,61.10,0.386,4.138,0.299,banana,fresh
47297507,46777,79.05,846.70,61.15,0.386,4.138,0.299,banana,fresh
47298519,46778,79.20,846.60,61.30,0.387,4.138,0.300,banana,fresh
47299529,46779,79.10,846.70,61.15,0.387,4.138,0.299,banana,fresh
47300541,46780,79.15,846.60,61.00,0.387,4.138,0.298,banana,fresh
47301552,46781,79.15,846.40,61.20,0.387,4.137,0.299,banana,fresh
47302562,46782,79.00,846.50,61.25,0.386,4.137,0.299,banana,fresh
47303574,46783,79.20,846.65,61.15,0.387,4.138,0.299,banana,fresh
47304585,46784,79.00,846.55,61.15,0.386,4.138,0.299,banana,fresh
47305596,46785,79.20,846.65,61.05,0.387,4.138,0.298,banana,fresh
47306607,46786,79.40,846.70,61.05,0.388,4.138,0.298,banana,fresh
47307619,46787,79.10,846.55,61.10,0.387,4.138,0.299,banana,fresh
47308630,46788,79.05,846.55,61.15,0.386,4.138,0.299,banana,fresh
47309641,46789,79.15,846.70,61.05,0.387,4.138,0.298,banana,fresh
47310652,46790,79.30,846.65,61.05,0.388,4.138,0.298,banana,fresh
47311663,46791,79.25,846.75,61.05,0.387,4.139,0.298,banana,fresh
47312674,46792,79.10,846.75,61.35,0.387,4.139,0.300,banana,fresh
47313685,46793,79.20,846.75,61.20,0.387,4.139,0.299,banana,fresh
47314697,46794,79.15,846.85,61.30,0.387,4.139,0.300,banana,fresh
47315707,46795,79.30,846.75,61.20,0.388,4.139,0.299,banana,fresh
47316719,46796,79.35,846.80,61.10,0.388,4.139,0.299,banana,fresh
47317730,46797,79.10,846.70,61.20,0.387,4.138,0.299,banana,fresh
47318740,46798,79.20,846.65,61.20,0.387,4.138,0.299,banana,fresh
47319752,46799,79.25,846.65,61.10,0.387,4.138,0.299,banana,fresh
47320763,46800,79.35,846.45,61.15,0.388,4.137,0.299,banana,fresh
47321775,46801,79.05,846.55,61.15,0.386,4.138,0.299,banana,fresh
47322785,46802,79.20,846.85,61.20,0.387,4.139,0.299,banana,fresh
47323797,46803,79.30,846.80,61.15,0.388,4.139,0.299,banana,fresh
47324808,46804,79.20,846.80,61.10,0.387,4.139,0.299,banana,fresh
47325818,46805,79.30,846.90,61.05,0.388,4.139,0.298,banana,fresh
47326830,46806,79.30,846.80,61.40,0.388,4.139,0.300,banana,fresh
47327841,46807,79.30,846.65,61.10,0.388,4.138,0.299,banana,fresh
47328852,46808,79.55,846.75,61.05,0.389,4.139,0.298,banana,fresh
47329863,46809,79.50,846.85,61.20,0.389,4.139,0.299,banana,fresh
47330875,46810,79.40,846.90,61.10,0.388,4.139,0.299,banana,fresh
47331886,46811,79.30,846.80,61.05,0.388,4.139,0.298,banana,fresh
47332897,46812,79.45,846.90,61.35,0.388,4.139,0.300,banana,fresh
47333908,46813,79.55,846.90,61.25,0.389,4.139,0.299,banana,fresh
47334919,46814,79.45,846.90,61.30,0.388,4.139,0.300,banana,fresh
47335930,46815,79.45,846.75,61.35,0.388,4.139,0.300,banana,fresh
47336941,46816,79.60,847.00,61.20,0.389,4.140,0.299,banana,fresh
47337953,46817,79.45,846.80,61.25,0.388,4.139,0.299,banana,fresh
47338963,46818,79.55,846.85,61.35,0.389,4.139,0.300,banana,fresh
47339975,46819,79.50,846.95,61.15,0.389,4.140,0.299,banana,fresh
47340986,46820,79.65,846.85,61.25,0.389,4.139,0.299,banana,fresh
47341997,46821,79.35,847.00,61.30,0.388,4.140,0.300,banana,fresh
47343008,46822,79.70,846.95,61.25,0.390,4.140,0.299,banana,fresh
47344019,46823,79.50,847.00,61.15,0.389,4.140,0.299,banana,fresh
47345031,46824,79.70,846.90,61.25,0.390,4.139,0.299,banana,fresh
47346041,46825,79.70,846.95,61.30,0.390,4.140,0.300,banana,fresh
47347053,46826,79.70,847.00,61.10,0.390,4.140,0.299,banana,fresh
47348064,46827,79.75,846.95,61.20,0.390,4.140,0.299,banana,fresh
47349074,46828,79.45,847.00,61.15,0.388,4.140,0.299,banana,fresh
47350086,46829,79.80,847.00,61.35,0.390,4.140,0.300,banana,fresh
47351097,46830,79.55,847.00,61.25,0.389,4.140,0.299,banana,fresh
47352109,46831,79.60,847.00,61.40,0.389,4.140,0.300,banana,fresh
47353119,46832,79.80,847.00,61.20,0.390,4.140,0.299,banana,fresh
47354131,46833,79.65,847.00,61.15,0.389,4.140,0.299,banana,fresh
47355142,46834,79.75,847.00,61.10,0.390,4.140,0.299,banana,fresh
47356152,46835,79.50,847.00,61.25,0.389,4.140,0.299,banana,fresh
47357164,46836,79.80,846.95,61.10,0.390,4.140,0.299,banana,fresh
47358175,46837,79.70,847.05,61.25,0.390,4.140,0.299,banana,fresh
47359186,46838,79.70,847.00,61.25,0.390,4.140,0.299,banana,fresh
47360197,46839,79.60,847.05,61.30,0.389,4.140,0.300,banana,fresh
47361209,46840,79.85,847.00,61.35,0.390,4.140,0.300,banana,fresh
47362220,46841,79.55,847.00,61.30,0.389,4.140,0.300,banana,fresh
47363230,46842,79.75,847.00,61.40,0.390,4.140,0.300,banana,fresh
47364242,46843,79.85,847.00,61.45,0.390,4.140,0.300,banana,fresh
47365253,46844,79.90,846.95,61.55,0.391,4.140,0.301,banana,fresh
47366264,46845,79.85,847.00,61.55,0.390,4.140,0.301,banana,fresh
47367275,46846,79.80,847.05,61.10,0.390,4.140,0.299,banana,fresh
47368287,46847,79.75,847.05,61.20,0.390,4.140,0.299,banana,fresh
47369297,46848,79.75,847.00,61.30,0.390,4.140,0.300,banana,fresh
47370308,46849,79.80,847.10,61.65,0.390,4.140,0.301,banana,fresh
47371320,46850,79.80,847.10,61.40,0.390,4.140,0.300,banana,fresh
47372331,46851,79.75,847.00,61.30,0.390,4.140,0.300,banana,fresh
47373342,46852,79.85,847.15,61.55,0.390,4.141,0.301,banana,fresh
47374353,46853,79.95,847.05,61.40,0.391,4.140,0.300,banana,fresh
47375364,46854,79.80,847.20,61.50,0.390,4.141,0.301,banana,fresh
47376375,46855,79.80,847.20,61.60,0.390,4.141,0.301,banana,fresh
47377386,46856,79.90,847.10,61.35,0.391,4.140,0.300,banana,fresh
47378398,46857,79.90,847.15,61.60,0.391,4.141,0.301,banana,fresh
47379408,46858,79.95,847.20,61.60,0.391,4.141,0.301,banana,fresh
47380420,46859,79.95,847.25,61.50,0.391,4.141,0.301,banana,fresh
47381431,46860,79.95,847.50,61.45,0.391,4.142,0.300,banana,fresh
47382443,46861,79.95,847.15,61.45,0.391,4.141,0.300,banana,fresh
47383453,46862,79.90,847.15,61.50,0.391,4.141,0.301,banana,fresh
47384464,46863,79.95,847.35,61.50,0.391,4.141,0.301,banana,fresh
47385476,46864,79.95,847.40,61.60,0.391,4.142,0.301,banana,fresh
47386486,46865,79.95,847.35,61.80,0.391,4.141,0.302,banana,fresh
47387498,46866,79.85,847.30,61.75,0.390,4.141,0.302,banana,fresh
47388509,46867,80.00,847.25,61.40,0.391,4.141,0.300,banana,fresh
47389520,46868,79.95,847.70,61.70,0.391,4.143,0.302,banana,fresh
47390531,46869,79.90,847.25,61.75,0.391,4.141,0.302,banana,fresh
47391543,46870,79.90,847.45,61.65,0.391,4.142,0.301,banana,fresh
47392553,46871,80.00,847.60,61.60,0.391,4.143,0.301,banana,fresh
47393564,46872,80.00,847.60,61.70,0.391,4.143,0.302,banana,fresh
47394576,46873,79.95,847.40,61.70,0.391,4.142,0.302,banana,fresh
47395587,46874,79.95,847.40,61.75,0.391,4.142,0.302,banana,fresh
47396598,46875,79.95,847.75,61.75,0.391,4.143,0.302,banana,fresh
47397609,46876,79.95,847.70,61.80,0.391,4.143,0.302,banana,fresh
47398621,46877,80.00,847.80,61.80,0.391,4.144,0.302,banana,fresh
47399631,46878,80.00,847.65,61.70,0.391,4.143,0.302,banana,fresh
47400642,46879,80.00,847.85,61.70,0.391,4.144,0.302,banana,fresh
47401654,46880,80.00,847.60,61.70,0.391,4.143,0.302,banana,fresh
47402664,46881,80.00,847.80,61.65,0.391,4.144,0.301,banana,fresh
47403676,46882,80.00,847.80,61.80,0.391,4.144,0.302,banana,fresh
47404687,46883,80.00,847.85,61.90,0.391,4.144,0.303,banana,fresh
47405699,46884,80.00,847.95,61.80,0.391,4.144,0.302,banana,fresh
47406709,46885,79.95,847.90,61.80,0.391,4.144,0.302,banana,fresh
47407720,46886,80.00,847.85,61.80,0.391,4.144,0.302,banana,fresh
47408732,46887,80.00,848.00,61.90,0.391,4.145,0.303,banana,fresh
47409742,46888,80.00,847.95,61.75,0.391,4.144,0.302,banana,fresh
47410754,46889,80.00,847.90,61.70,0.391,4.144,0.302,banana,fresh
47411765,46890,80.00,847.85,61.95,0.391,4.144,0.303,banana,fresh
47412776,46891,80.00,847.95,61.60,0.391,4.144,0.301,banana,fresh
47413787,46892,80.00,848.00,61.85,0.391,4.145,0.302,banana,fresh
47414798,46893,80.00,848.00,61.95,0.391,4.145,0.303,banana,fresh
47415810,46894,80.00,848.00,61.95,0.391,4.145,0.303,banana,fresh
47416820,46895,80.05,848.00,61.90,0.391,4.145,0.303,banana,fresh
47417832,46896,80.00,848.00,61.75,0.391,4.145,0.302,banana,fresh
47418843,46897,80.00,848.00,61.95,0.391,4.145,0.303,banana,fresh
47419854,46898,80.00,848.00,61.90,0.391,4.145,0.303,banana,fresh
47420865,46899,80.05,848.00,61.90,0.391,4.145,0.303,banana,fresh
47421876,46900,80.00,848.00,61.95,0.391,4.145,0.303,banana,fresh
47422887,46901,80.00,848.00,61.95,0.391,4.145,0.303,banana,fresh
47423898,46902,79.95,848.00,61.85,0.391,4.145,0.302,banana,fresh
47424910,46903,80.00,848.00,61.95,0.391,4.145,0.303,banana,fresh
47425921,46904,80.00,848.00,61.90,0.391,4.145,0.303,banana,fresh
47426932,46905,80.00,848.00,61.85,0.391,4.145,0.302,banana,fresh
47427943,46906,80.05,848.00,61.85,0.391,4.145,0.302,banana,fresh
47428954,46907,80.00,848.05,61.95,0.391,4.145,0.303,banana,fresh
47429965,46908,80.05,848.00,61.90,0.391,4.145,0.303,banana,fresh
47430976,46909,80.00,848.00,61.95,0.391,4.145,0.303,banana,fresh
47431988,46910,80.05,848.05,62.00,0.391,4.145,0.303,banana,fresh
47432998,46911,79.95,848.05,61.95,0.391,4.145,0.303,banana,fresh
47434010,46912,80.00,848.15,61.90,0.391,4.145,0.303,banana,fresh
47435021,46913,80.00,848.05,61.95,0.391,4.145,0.303,banana,fresh
47436032,46914,80.15,848.15,61.90,0.392,4.145,0.303,banana,fresh
47437043,46915,80.10,848.00,61.95,0.391,4.145,0.303,banana,fresh
47438054,46916,80.05,848.05,61.95,0.391,4.145,0.303,banana,fresh
47439066,46917,80.00,848.00,61.95,0.391,4.145,0.303,banana,fresh
47440076,46918,80.00,848.30,61.95,0.391,4.146,0.303,banana,fresh
47441088,46919,80.00,848.15,62.00,0.391,4.145,0.303,banana,fresh
47442099,46920,80.00,848.15,61.90,0.391,4.145,0.303,banana,fresh
47443109,46921,80.10,848.15,62.00,0.391,4.145,0.303,banana,fresh
47444121,46922,80.20,848.15,61.95,0.392,4.145,0.303,banana,fresh
47445132,46923,80.10,848.25,62.00,0.391,4.146,0.303,banana,fresh
47446144,46924,80.00,848.20,62.00,0.391,4.146,0.303,banana,fresh
47447154,46925,80.05,848.30,61.90,0.391,4.146,0.303,banana,fresh
47448166,46926,80.10,848.15,62.00,0.391,4.145,0.303,banana,fresh
47449177,46927,80.05,848.40,62.00,0.391,4.147,0.303,banana,fresh
47450187,46928,80.00,848.40,62.00,0.391,4.147,0.303,banana,fresh
47451199,46929,80.05,848.40,61.95,0.391,4.147,0.303,banana,fresh
47452210,46930,80.10,848.25,62.00,0.391,4.146,0.303,banana,fresh
47453221,46931,80.15,848.25,62.00,0.392,4.146,0.303,banana,fresh
47454232,46932,80.20,848.40,62.00,0.392,4.147,0.303,banana,fresh
47455243,46933,80.30,848.45,62.00,0.392,4.147,0.303,banana,fresh
47456254,46934,80.20,848.40,62.00,0.392,4.147,0.303,banana,fresh
47457265,46935,80.25,848.40,62.05,0.392,4.147,0.303,banana,fresh
47458277,46936,80.30,848.35,62.00,0.392,4.146,0.303,banana,fresh
47459288,46937,80.30,848.70,62.05,0.392,4.148,0.303,banana,fresh
47460299,46938,80.25,848.50,62.05,0.392,4.147,0.303,banana,fresh
47461310,46939,80.10,848.60,62.05,0.391,4.148,0.303,banana,fresh
47462321,46940,80.35,848.70,61.95,0.393,4.148,0.303,banana,fresh
47463332,46941,80.35,848.60,62.00,0.393,4.148,0.303,banana,fresh
47464343,46942,80.25,848.55,62.00,0.392,4.147,0.303,banana,fresh
47465355,46943,80.35,848.60,62.00,0.393,4.148,0.303,banana,fresh
47466365,46944,80.20,848.65,62.15,0.392,4.148,0.304,banana,fresh
47467377,46945,80.15,848.65,62.05,0.392,4.148,0.303,banana,fresh
47468388,46946,80.25,848.95,62.05,0.392,4.149,0.303,banana,fresh
47469400,46947,80.45,848.80,61.95,0.393,4.149,0.303,banana,fresh
47470410,46948,80.40,848.75,62.00,0.393,4.148,0.303,banana,fresh
47471421,46949,80.35,848.80,62.05,0.393,4.149,0.303,banana,fresh
47472433,46950,80.50,848.75,62.00,0.393,4.148,0.303,banana,fresh
47473443,46951,80.40,848.80,62.05,0.393,4.149,0.303,banana,fresh
47474455,46952,80.25,848.80,62.05,0.392,4.149,0.303,banana,fresh
47475466,46953,80.45,848.70,62.10,0.393,4.148,0.304,banana,fresh
47476477,46954,80.50,848.85,62.05,0.393,4.149,0.303,banana,fresh
47477488,46955,80.65,848.90,62.15,0.394,4.149,0.304,banana,fresh
47478499,46956,80.30,848.75,62.15,0.392,4.148,0.304,banana,fresh
47479511,46957,80.50,848.75,62.15,0.393,4.148,0.304,banana,fresh
47480521,46958,80.65,848.90,62.10,0.394,4.149,0.304,banana,fresh
47481533,46959,80.75,848.95,62.00,0.395,4.149,0.303,banana,fresh
47482544,46960,80.60,849.00,62.05,0.394,4.150,0.303,banana,fresh
47483555,46961,80.60,848.85,62.00,0.394,4.149,0.303,banana,fresh
47484566,46962,80.50,848.90,62.10,0.393,4.149,0.304,banana,fresh
47485577,46963,80.60,849.00,62.10,0.394,4.150,0.304,banana,fresh
47486588,46964,80.65,849.00,62.20,0.394,4.150,0.304,banana,fresh
47487599,46965,80.60,849.00,62.00,0.394,4.150,0.303,banana,fresh
47488611,46966,80.55,849.00,62.10,0.394,4.150,0.304,banana,fresh
47489622,46967,80.55,848.95,62.15,0.394,4.149,0.304,banana,fresh
47490633,46968,80.55,849.00,62.25,0.394,4.150,0.304,banana,fresh
47491644,46969,80.75,848.95,62.20,0.395,4.149,0.304,banana,fresh
47492655,46970,80.60,849.00,62.25,0.394,4.150,0.304,banana,fresh
47493666,46971,80.60,849.00,62.10,0.394,4.150,0.304,banana,fresh
47494677,46972,80.70,849.00,62.20,0.394,4.150,0.304,banana,fresh
47495689,46973,80.75,849.05,62.05,0.395,4.150,0.303,banana,fresh
47496699,46974,80.55,849.00,62.05,0.394,4.150,0.303,banana,fresh
47497711,46975,80.60,849.00,62.00,0.394,4.150,0.303,banana,fresh
47498722,46976,80.65,849.05,62.20,0.394,4.150,0.304,banana,fresh
47499732,46977,80.70,849.00,62.10,0.394,4.150,0.304,banana,fresh
47500744,46978,80.85,849.05,62.20,0.395,4.150,0.304,banana,fresh
47501755,46979,80.60,849.00,62.35,0.394,4.150,0.305,banana,fresh
47502767,46980,80.80,849.00,62.35,0.395,4.150,0.305,banana,fresh
47503777,46981,80.70,849.05,62.15,0.394,4.150,0.304,banana,fresh
47504789,46982,80.80,849.10,62.05,0.395,4.150,0.303,banana,fresh
47505800,46983,80.75,849.10,62.15,0.395,4.150,0.304,banana,fresh
47506810,46984,80.85,849.05,62.45,0.395,4.150,0.305,banana,fresh
47507822,46985,80.85,849.15,62.20,0.395,4.150,0.304,banana,fresh
47508833,46986,80.85,849.00,62.20,0.395,4.150,0.304,banana,fresh
47509844,46987,80.80,849.05,62.15,0.395,4.150,0.304,banana,fresh
47510855,46988,80.85,849.05,62.15,0.395,4.150,0.304,banana,fresh
47511867,46989,80.90,849.05,62.35,0.395,4.150,0.305,banana,fresh
47512878,46990,80.90,849.05,62.40,0.395,4.150,0.305,banana,fresh
47513888,46991,80.90,849.10,62.40,0.395,4.150,0.305,banana,fresh
47514900,46992,81.00,849.30,62.10,0.396,4.151,0.304,banana,fresh
47515911,46993,80.90,849.20,62.40,0.395,4.151,0.305,banana,fresh
47516922,46994,80.90,849.00,62.30,0.395,4.150,0.304,banana,fresh
47517933,46995,80.95,849.10,62.25,0.396,4.150,0.304,banana,fresh
47518945,46996,80.85,849.10,62.20,0.395,4.150,0.304,banana,fresh
47519955,46997,80.95,849.20,62.45,0.396,4.151,0.305,banana,fresh
47520966,46998,81.00,849.20,62.40,0.396,4.151,0.305,banana,fresh
47521978,46999,80.90,849.10,62.40,0.395,4.150,0.305,banana,fresh
47522989,47000,80.95,849.15,62.60,0.396,4.150,0.306,banana,fresh
47524000,47001,80.90,849.10,62.35,0.395,4.150,0.305,banana,fresh
47525011,47002,80.85,849.10,62.25,0.395,4.150,0.304,banana,fresh
47526023,47003,81.00,849.15,62.35,0.396,4.150,0.305,banana,fresh
47527033,47004,80.95,849.15,62.30,0.396,4.150,0.304,banana,fresh
47528045,47005,80.95,849.10,62.50,0.396,4.150,0.305,banana,fresh
47529056,47006,80.85,849.20,62.55,0.395,4.151,0.306,banana,fresh
47530066,47007,81.00,849.20,62.35,0.396,4.151,0.305,banana,fresh
47531078,47008,81.00,849.40,62.35,0.396,4.152,0.305,banana,fresh
47532089,47009,81.00,849.40,62.35,0.396,4.152,0.305,banana,fresh
47533101,47010,81.00,849.35,62.35,0.396,4.151,0.305,banana,fresh
47534111,47011,80.90,849.10,62.45,0.395,4.150,0.305,banana,fresh
47535123,47012,80.95,849.25,62.50,0.396,4.151,0.305,banana,fresh
47536134,47013,81.00,849.25,62.45,0.396,4.151,0.305,banana,fresh
47537144,47014,80.95,849.30,62.55,0.396,4.151,0.306,banana,fresh
47538156,47015,81.00,849.40,62.60,0.396,4.152,0.306,banana,fresh
47539167,47016,80.95,849.30,62.40,0.396,4.151,0.305,banana,fresh
47540178,47017,81.05,849.30,62.60,0.396,4.151,0.306,banana,fresh
47541189,47018,81.00,849.15,62.50,0.396,4.150,0.305,banana,fresh
47542201,47019,81.00,849.35,62.50,0.396,4.151,0.305,banana,fresh
47543212,47020,81.00,849.55,62.75,0.396,4.152,0.307,banana,fresh
47544222,47021,81.00,849.45,62.60,0.396,4.152,0.306,banana,fresh
47545234,47022,81.10,849.65,62.45,0.396,4.153,0.305,banana,fresh
47546245,47023,81.05,849.50,62.65,0.396,4.152,0.306,banana,fresh
47547256,47024,81.10,849.65,62.50,0.396,4.153,0.305,banana,fresh
47548267,47025,81.00,849.60,62.55,0.396,4.152,0.306,banana,fresh
47549279,47026,81.00,849.65,62.35,0.396,4.153,0.305,banana,fresh
47550289,47027,81.00,849.50,62.65,0.396,4.152,0.306,banana,fresh
47551300,47028,81.10,849.55,62.80,0.396,4.152,0.307,banana,fresh
47552312,47029,81.05,849.55,62.70,0.396,4.152,0.306,banana,fresh
47553323,47030,81.10,849.75,62.60,0.396,4.153,0.306,banana,fresh
47554334,47031,81.05,849.55,62.60,0.396,4.152,0.306,banana,fresh
47555345,47032,81.05,849.55,62.55,0.396,4.152,0.306,banana,fresh
47556357,47033,81.10,849.75,62.65,0.396,4.153,0.306,banana,fresh
47557367,47034,81.00,849.85,62.70,0.396,4.154,0.306,banana,fresh
47558378,47035,81.00,849.80,62.65,0.396,4.153,0.306,banana,fresh
47559390,47036,81.15,849.80,62.70,0.397,4.153,0.306,banana,fresh
47560400,47037,81.10,849.45,62.60,0.396,4.152,0.306,banana,fresh
47561412,47038,81.10,849.90,62.70,0.396,4.154,0.306,banana,fresh
47562423,47039,81.20,849.75,62.80,0.397,4.153,0.307,banana,fresh
47563435,47040,81.05,849.85,62.65,0.396,4.154,0.306,banana,fresh
47564445,47041,81.05,849.90,62.70,0.396,4.154,0.306,banana,fresh
47565457,47042,81.10,849.75,62.75,0.396,4.153,0.307,banana,fresh
47566468,47043,81.10,849.95,62.75,0.396,4.154,0.307,banana,fresh
47567478,47044,81.30,849.90,62.70,0.397,4.154,0.306,banana,fresh
47568490,47045,81.05,849.75,62.70,0.396,4.153,0.306,banana,fresh
47569501,47046,81.20,849.95,62.80,0.397,4.154,0.307,banana,fresh
47570512,47047,81.15,849.90,62.75,0.397,4.154,0.307,banana,fresh
47571523,47048,81.20,850.00,62.85,0.397,4.154,0.307,banana,fresh
47572535,47049,81.10,850.00,62.70,0.396,4.154,0.306,banana,fresh
47573545,47050,81.15,849.95,62.75,0.397,4.154,0.307,banana,fresh
47574556,47051,81.00,850.00,62.75,0.396,4.154,0.307,banana,fresh
47575568,47052,81.30,849.95,62.80,0.397,4.154,0.307,banana,fresh
47576579,47053,81.15,850.00,62.85,0.397,4.154,0.307,banana,fresh
47577590,47054,81.15,850.00,62.80,0.397,4.154,0.307,banana,fresh
47578601,47055,81.20,850.00,62.80,0.397,4.154,0.307,banana,fresh
47579613,47056,81.05,850.00,62.85,0.396,4.154,0.307,banana,fresh
47580623,47057,81.10,849.95,62.95,0.396,4.154,0.308,banana,fresh
47581634,47058,81.15,849.90,62.85,0.397,4.154,0.307,banana,fresh
47582646,47059,81.30,849.95,62.85,0.397,4.154,0.307,banana,fresh
47583656,47060,81.15,850.00,63.00,0.397,4.154,0.308,banana,fresh
47584668,47061,81.25,849.85,62.80,0.397,4.154,0.307,banana,fresh
47585679,47062,81.20,850.00,62.75,0.397,4.154,0.307,banana,fresh
47586691,47063,81.20,850.00,62.80,0.397,4.154,0.307,banana,fresh
47587701,47064,81.25,849.95,62.85,0.397,4.154,0.307,banana,fresh
47588712,47065,81.15,849.90,62.85,0.397,4.154,0.307,banana,fresh
47589724,47066,81.25,850.00,62.95,0.397,4.154,0.308,banana,fresh
47590734,47067,81.30,850.00,62.90,0.397,4.154,0.307,banana,fresh
47591746,47068,81.35,850.00,62.90,0.398,4.154,0.307,banana,fresh
47592757,47069,81.25,850.00,62.80,0.397,4.154,0.307,banana,fresh
47593768,47070,81.40,850.00,62.90,0.398,4.154,0.307,banana,fresh
47594779,47071,81.45,850.00,62.90,0.398,4.154,0.307,banana,fresh
47595790,47072,81.15,850.00,62.90,0.397,4.154,0.307,banana,fresh
47596802,47073,81.40,850.00,63.00,0.398,4.154,0.308,banana,fresh
47597812,47074,81.40,850.00,63.00,0.398,4.154,0.308,banana,fresh
47598824,47075,81.50,850.00,62.95,0.398,4.154,0.308,banana,fresh
47599835,47076,81.30,850.00,62.80,0.397,4.154,0.307,banana,fresh
47600846,47077,81.40,850.00,62.90,0.398,4.154,0.307,banana,fresh
47601857,47078,81.55,850.00,63.00,0.399,4.154,0.308,banana,fresh
47602868,47079,81.35,850.00,62.90,0.398,4.154,0.307,banana,fresh
47603879,47080,81.50,850.10,62.95,0.398,4.155,0.308,banana,fresh
47604890,47081,81.35,850.00,63.10,0.398,4.154,0.308,banana,fresh
47605902,47082,81.45,850.00,63.00,0.398,4.154,0.308,banana,fresh
47606913,47083,81.45,850.05,63.00,0.398,4.155,0.308,banana,fresh
47607924,47084,81.45,850.00,62.95,0.398,4.154,0.308,banana,fresh
47608935,47085,81.55,850.00,62.95,0.399,4.154,0.308,banana,fresh
47609946,47086,81.60,850.10,62.95,0.399,4.155,0.308,banana,fresh
47610957,47087,81.65,850.05,63.00,0.399,4.155,0.308,banana,fresh
47611968,47088,81.55,850.00,63.00,0.399,4.154,0.308,banana,fresh
47612980,47089,81.35,850.05,62.95,0.398,4.155,0.308,banana,fresh
47613990,47090,81.70,850.10,63.05,0.399,4.155,0.308,banana,fresh
47615002,47091,81.60,850.10,63.00,0.399,4.155,0.308,banana,fresh
47616013,47092,81.70,850.00,63.05,0.399,4.154,0.308,banana,fresh
47617024,47093,81.45,850.10,63.00,0.398,4.155,0.308,banana,fresh
47618035,47094,81.65,850.00,63.10,0.399,4.154,0.308,banana,fresh
47619046,47095,81.70,850.10,63.05,0.399,4.155,0.308,banana,fresh
47620058,47096,81.60,850.05,63.05,0.399,4.155,0.308,banana,fresh
47621068,47097,81.60,850.10,63.00,0.399,4.155,0.308,banana,fresh
47622080,47098,81.70,850.20,63.00,0.399,4.155,0.308,banana,fresh
47623091,47099,81.60,850.25,63.00,0.399,4.156,0.308,banana,fresh
47624101,47100,81.70,850.20,63.05,0.399,4.155,0.308,banana,fresh
47625113,47101,81.50,850.20,63.15,0.398,4.155,0.309,banana,fresh
47626124,47102,81.75,850.25,63.10,0.400,4.156,0.308,banana,fresh
47627136,47103,81.90,850.20,63.05,0.400,4.155,0.308,banana,fresh
47628146,47104,81.70,850.15,63.00,0.399,4.155,0.308,banana,fresh
47629158,47105,81.70,850.15,63.00,0.399,4.155,0.308,banana,fresh
47630169,47106,81.85,850.40,63.15,0.400,4.156,0.309,banana,fresh
47631179,47107,81.80,850.35,63.05,0.400,4.156,0.308,banana,fresh
47632191,47108,81.75,850.35,63.20,0.400,4.156,0.309,banana,fresh
47633202,47109,81.80,850.40,63.00,0.400,4.156,0.308,banana,fresh
47634213,47110,81.90,850.35,63.00,0.400,4.156,0.308,banana,fresh
47635224,47111,81.75,850.60,63.30,0.400,4.157,0.309,banana,fresh
47636236,47112,81.75,850.40,63.15,0.400,4.156,0.309,banana,fresh
47637246,47113,81.85,850.65,63.20,0.400,4.158,0.309,banana,fresh
47638257,47114,81.85,850.60,63.00,0.400,4.157,0.308,banana,fresh
47639269,47115,81.80,850.65,63.15,0.400,4.158,0.309,banana,fresh
47640280,47116,81.95,850.55,63.15,0.401,4.157,0.309,banana,fresh
47641291,47117,81.95,850.70,63.15,0.401,4.158,0.309,banana,fresh
47642302,47118,81.75,850.70,63.15,0.400,4.158,0.309,banana,fresh
47643314,47119,81.85,850.65,63.35,0.400,4.158,0.310,banana,fresh
47644324,47120,81.90,850.40,63.15,0.400,4.156,0.309,banana,fresh
47645335,47121,81.75,850.70,63.20,0.400,4.158,0.309,banana,fresh
47646347,47122,81.85,850.65,63.20,0.400,4.158,0.309,banana,fresh
47647357,47123,81.85,850.45,63.30,0.400,4.157,0.309,banana,fresh
47648369,47124,81.95,850.80,63.10,0.401,4.158,0.308,banana,fresh
47649380,47125,81.90,850.50,63.30,0.400,4.157,0.309,banana,fresh
47650392,47126,81.80,850.70,63.25,0.400,4.158,0.309,banana,fresh
47651402,47127,81.90,850.70,63.30,0.400,4.158,0.309,banana,fresh
47652413,47128,81.95,850.80,63.25,0.401,4.158,0.309,banana,fresh
47653425,47129,81.80,850.70,63.20,0.400,4.158,0.309,banana,fresh
47654435,47130,81.95,850.80,63.15,0.401,4.158,0.309,banana,fresh
47655447,47131,81.95,850.80,63.30,0.401,4.158,0.309,banana,fresh
47656458,47132,82.00,850.90,63.30,0.401,4.159,0.309,banana,fresh
47657469,47133,81.90,850.85,63.25,0.400,4.159,0.309,banana,fresh
47658480,47134,81.90,850.85,63.35,0.400,4.159,0.310,banana,fresh
47659491,47135,82.00,850.75,63.15,0.401,4.158,0.309,banana,fresh
47660503,47136,81.95,850.85,63.30,0.401,4.159,0.309,banana,fresh
47661513,47137,81.95,850.85,63.50,0.401,4.159,0.310,banana,fresh
47662525,47138,81.90,850.95,63.30,0.400,4.159,0.309,banana,fresh
47663536,47139,82.00,850.95,63.35,0.401,4.159,0.310,banana,fresh
47664547,47140,81.95,851.00,63.30,0.401,4.159,0.309,banana,fresh
47665558,47141,81.95,851.00,63.45,0.401,4.159,0.310,banana,fresh
47666569,47142,81.90,851.00,63.40,0.400,4.159,0.310,banana,fresh
47667580,47143,81.95,851.00,63.55,0.401,4.159,0.311,banana,fresh
47668591,47144,81.90,851.00,63.40,0.400,4.159,0.310,banana,fresh
47669603,47145,82.00,850.95,63.35,0.401,4.159,0.310,banana,fresh
47670614,47146,81.95,850.95,63.50,0.401,4.159,0.310,banana,fresh
47671625,47147,82.00,850.90,63.45,0.401,4.159,0.310,banana,fresh
47672636,47148,81.95,851.00,63.35,0.401,4.159,0.310,banana,fresh
47673647,47149,82.00,850.95,63.45,0.401,4.159,0.310,banana,fresh
47674658,47150,81.90,850.95,63.45,0.400,4.159,0.310,banana,fresh
47675669,47151,81.90,851.05,63.15,0.400,4.160,0.309,banana,fresh
47676681,47152,82.00,851.00,63.40,0.401,4.159,0.310,banana,fresh
47677691,47153,82.00,851.00,63.65,0.401,4.159,0.311,banana,fresh
47678703,47154,82.00,850.95,63.60,0.401,4.159,0.311,banana,fresh
47679714,47155,82.05,851.00,63.55,0.401,4.159,0.311,banana,fresh
47680724,47156,82.00,851.00,63.45,0.401,4.159,0.310,banana,fresh
47681736,47157,82.00,851.00,63.70,0.401,4.159,0.311,banana,fresh
47682747,47158,82.00,851.00,63.40,0.401,4.159,0.310,banana,fresh
47683759,47159,82.00,851.00,63.35,0.401,4.159,0.310,banana,fresh
47684769,47160,82.00,851.00,63.50,0.401,4.159,0.310,banana,fresh
47685781,47161,82.00,851.05,63.55,0.401,4.160,0.311,banana,fresh
47686792,47162,82.00,851.00,63.35,0.401,4.159,0.310,banana,fresh
47687802,47163,82.15,851.00,63.45,0.402,4.159,0.310,banana,fresh
47688814,47164,82.00,851.00,63.45,0.401,4.159,0.310,banana,fresh
47689825,47165,82.00,851.00,63.40,0.401,4.159,0.310,banana,fresh
47690836,47166,82.00,851.00,63.50,0.401,4.159,0.310,banana,fresh
47691847,47167,82.05,851.05,63.60,0.401,4.160,0.311,banana,fresh
47692858,47168,82.10,851.00,63.50,0.401,4.159,0.310,banana,fresh
47693870,47169,81.95,851.00,63.50,0.401,4.159,0.310,banana,fresh
47694880,47170,82.00,851.05,63.40,0.401,4.160,0.310,banana,fresh
47695892,47171,82.00,851.05,63.45,0.401,4.160,0.310,banana,fresh
47696903,47172,82.05,851.00,63.60,0.401,4.159,0.311,banana,fresh
47697914,47173,82.00,851.10,63.50,0.401,4.160,0.310,banana,fresh
47698925,47174,82.05,851.00,63.55,0.401,4.159,0.311,banana,fresh
47699936,47175,82.05,851.05,63.55,0.401,4.160,0.311,banana,fresh
47700947,47176,82.05,851.10,63.60,0.401,4.160,0.311,banana,fresh
47701958,47177,82.00,851.05,63.55,0.401,4.160,0.311,banana,fresh
47702970,47178,82.10,851.00,63.50,0.401,4.159,0.310,banana,fresh
47703981,47179,82.00,851.10,63.70,0.401,4.160,0.311,banana,fresh
47704992,47180,82.10,851.10,63.70,0.401,4.160,0.311,banana,fresh
47706003,47181,82.00,851.10,63.60,0.401,4.160,0.311,banana,fresh
47707014,47182,82.10,851.15,63.65,0.401,4.160,0.311,banana,fresh
47708025,47183,82.05,851.10,63.85,0.401,4.160,0.312,banana,fresh
47709036,47184,82.05,851.05,63.55,0.401,4.160,0.311,banana,fresh
47710048,47185,82.05,851.10,63.70,0.401,4.160,0.311,banana,fresh
47711058,47186,82.05,851.15,63.70,0.401,4.160,0.311,banana,fresh
47712070,47187,82.05,851.05,63.85,0.401,4.160,0.312,banana,fresh
47713081,47188,82.05,851.15,63.65,0.401,4.160,0.311,banana,fresh
47714092,47189,82.10,851.15,63.65,0.401,4.160,0.311,banana,fresh
47715103,47190,82.30,851.20,63.80,0.402,4.160,0.312,banana,fresh
47716114,47191,82.15,851.25,63.85,0.402,4.161,0.312,banana,fresh
47717126,47192,82.15,851.20,63.85,0.402,4.160,0.312,banana,fresh
47718136,47193,82.25,851.25,63.80,0.402,4.161,0.312,banana,fresh
47719148,47194,82.15,851.40,63.85,0.402,4.161,0.312,banana,fresh
47720159,47195,82.05,851.30,63.75,0.401,4.161,0.312,banana,fresh
47721170,47196,82.20,851.25,63.80,0.402,4.161,0.312,banana,fresh
47722181,47197,82.10,851.45,63.90,0.401,4.162,0.312,banana,fresh
47723192,47198,82.15,851.30,63.95,0.402,4.161,0.313,banana,fresh
47724204,47199,82.10,851.30,63.90,0.401,4.161,0.312,banana,fresh
47725214,47200,82.25,851.40,63.85,0.402,4.161,0.312,banana,fresh
47726226,47201,82.25,851.35,64.00,0.402,4.161,0.313,banana,fresh
47727237,47202,82.15,851.40,63.75,0.402,4.161,0.312,banana,fresh
47728248,47203,82.20,851.55,63.90,0.402,4.162,0.312,banana,fresh
47729259,47204,82.15,851.60,63.95,0.402,4.162,0.313,banana,fresh
47730270,47205,82.30,851.65,63.90,0.402,4.163,0.312,banana,fresh
47731281,47206,82.20,851.50,63.95,0.402,4.162,0.313,banana,fresh
47732292,47207,82.10,851.85,63.85,0.401,4.163,0.312,banana,fresh
47733304,47208,82.20,851.85,63.95,0.402,4.163,0.313,banana,fresh
47734315,47209,82.20,851.75,64.00,0.402,4.163,0.313,banana,fresh
47735326,47210,82.10,851.85,63.95,0.401,4.163,0.313,banana,fresh
47736337,47211,82.30,851.75,64.00,0.402,4.163,0.313,banana,fresh
47737348,47212,82.30,851.75,63.95,0.402,4.163,0.313,banana,fresh
47738359,47213,82.40,851.90,64.00,0.403,4.164,0.313,banana,fresh
47739370,47214,82.25,851.70,64.00,0.402,4.163,0.313,banana,fresh
47740382,47215,82.30,851.90,63.90,0.402,4.164,0.312,banana,fresh
47741392,47216,82.50,851.90,64.00,0.403,4.164,0.313,banana,fresh
47742404,47217,82.30,851.95,64.00,0.402,4.164,0.313,banana,fresh
47743415,47218,82.40,851.80,64.00,0.403,4.163,0.313,banana,fresh
47744425,47219,82.20,852.00,64.00,0.402,4.164,0.313,banana,fresh
47745437,47220,82.35,851.95,64.00,0.402,4.164,0.313,banana,fresh
47746448,47221,82.35,852.00,64.00,0.402,4.164,0.313,banana,fresh
47747460,47222,82.20,851.85,64.00,0.402,4.163,0.313,banana,fresh
47748470,47223,82.55,851.95,63.95,0.403,4.164,0.313,banana,fresh
47749482,47224,82.35,851.95,64.00,0.402,4.164,0.313,banana,fresh
47750493,47225,82.30,852.00,64.00,0.402,4.164,0.313,banana,fresh
47751503,47226,82.45,852.00,64.00,0.403,4.164,0.313,banana,fresh
47752515,47227,82.35,852.00,63.95,0.402,4.164,0.313,banana,fresh
47753526,47228,82.45,852.00,63.90,0.403,4.164,0.312,banana,fresh
47754537,47229,82.20,852.00,64.00,0.402,4.164,0.313,banana,fresh
47755548,47230,82.45,852.00,63.90,0.403,4.164,0.312,banana,fresh
47756560,47231,82.50,852.00,64.00,0.403,4.164,0.313,banana,fresh
47757571,47232,82.40,852.00,63.95,0.403,4.164,0.313,banana,fresh
47758581,47233,82.50,852.00,64.00,0.403,4.164,0.313,banana,fresh
47759593,47234,82.45,852.00,64.00,0.403,4.164,0.313,banana,fresh
47760604,47235,82.40,852.00,64.00,0.403,4.164,0.313,banana,fresh
47761615,47236,82.45,852.00,64.00,0.403,4.164,0.313,banana,fresh
47762626,47237,82.60,852.00,64.00,0.404,4.164,0.313,banana,fresh
47763638,47238,82.45,851.95,64.00,0.403,4.164,0.313,banana,fresh
47764648,47239,82.65,852.00,64.00,0.404,4.164,0.313,banana,fresh
47765659,47240,82.40,852.00,64.00,0.403,4.164,0.313,banana,fresh
47766671,47241,82.50,852.00,64.00,0.403,4.164,0.313,banana,fresh
47767682,47242,82.35,852.00,64.00,0.402,4.164,0.313,banana,fresh
47768693,47243,82.45,852.00,64.00,0.403,4.164,0.313,banana,fresh
47769704,47244,82.70,852.00,64.00,0.404,4.164,0.313,banana,fresh
47770715,47245,82.60,852.00,64.00,0.404,4.164,0.313,banana,fresh
47771726,47246,82.45,852.05,64.00,0.403,4.164,0.313,banana,fresh
47772737,47247,82.65,852.00,64.00,0.404,4.164,0.313,banana,fresh
47773749,47248,82.55,852.00,64.00,0.403,4.164,0.313,banana,fresh
47774759,47249,82.65,852.00,64.00,0.404,4.164,0.313,banana,fresh
47775771,47250,82.65,852.00,64.00,0.404,4.164,0.313,banana,fresh
47776782,47251,82.50,852.00,64.00,0.403,4.164,0.313,banana,fresh
47777793,47252,82.80,852.00,64.00,0.405,4.164,0.313,banana,fresh
47778804,47253,82.60,852.00,64.00,0.404,4.164,0.313,banana,fresh
47779815,47254,82.55,852.00,64.00,0.403,4.164,0.313,banana,fresh
47780827,47255,82.60,852.00,64.00,0.404,4.164,0.313,banana,fresh
47781837,47256,82.60,852.00,64.00,0.404,4.164,0.313,banana,fresh
47782848,47257,82.70,852.00,64.00,0.404,4.164,0.313,banana,fresh
47783860,47258,82.75,852.00,63.95,0.404,4.164,0.313,banana,fresh
47784870,47259,82.70,852.00,64.00,0.404,4.164,0.313,banana,fresh
47785882,47260,82.70,852.00,64.00,0.404,4.164,0.313,banana,fresh
47786893,47261,82.65,852.00,64.00,0.404,4.164,0.313,banana,fresh
47787905,47262,82.75,852.00,64.00,0.404,4.164,0.313,banana,fresh
47788915,47263,82.65,852.00,63.95,0.404,4.164,0.313,banana,fresh
47789926,47264,82.80,852.00,64.00,0.405,4.164,0.313,banana,fresh
47790938,47265,82.85,852.00,64.00,0.405,4.164,0.313,banana,fresh
47791948,47266,82.70,852.00,64.00,0.404,4.164,0.313,banana,fresh
47792960,47267,82.75,852.00,64.00,0.404,4.164,0.313,banana,fresh
47793971,47268,82.75,852.00,64.00,0.404,4.164,0.313,banana,fresh
47794981,47269,82.80,852.00,64.00,0.405,4.164,0.313,banana,fresh
47795993,47270,82.85,852.00,64.00,0.405,4.164,0.313,banana,fresh
47797004,47271,82.75,852.00,64.00,0.404,4.164,0.313,banana,fresh
47798016,47272,82.85,852.00,64.00,0.405,4.164,0.313,banana,fresh
47799026,47273,82.80,852.00,64.00,0.405,4.164,0.313,banana,fresh
47800038,47274,82.90,852.00,64.00,0.405,4.164,0.313,banana,fresh
47801049,47275,82.85,852.00,64.00,0.405,4.164,0.313,banana,fresh
47802059,47276,82.75,852.00,64.00,0.404,4.164,0.313,banana,fresh
47803071,47277,82.70,852.00,64.05,0.404,4.164,0.313,banana,fresh
47804082,47278,82.75,852.00,64.00,0.404,4.164,0.313,banana,fresh
47805093,47279,82.60,852.00,64.05,0.404,4.164,0.313,banana,fresh
47806104,47280,82.90,852.00,64.00,0.405,4.164,0.313,banana,fresh
47807116,47281,82.80,852.00,64.00,0.405,4.164,0.313,banana,fresh
47808126,47282,82.90,852.00,64.00,0.405,4.164,0.313,banana,fresh
47809137,47283,82.70,852.05,64.00,0.404,4.164,0.313,banana,fresh
47810149,47284,82.80,852.00,64.00,0.405,4.164,0.313,banana,fresh
47811160,47285,82.90,852.00,64.00,0.405,4.164,0.313,banana,fresh
47812171,47286,82.80,852.00,64.00,0.405,4.164,0.313,banana,fresh
47813182,47287,82.80,852.00,64.00,0.405,4.164,0.313,banana,fresh
47814194,47288,82.85,852.00,64.00,0.405,4.164,0.313,banana,fresh
47815204,47289,82.90,852.00,64.00,0.405,4.164,0.313,banana,fresh
47816215,47290,82.85,852.00,64.00,0.405,4.164,0.313,banana,fresh
47817227,47291,82.85,852.05,64.00,0.405,4.164,0.313,banana,fresh
47818237,47292,82.80,852.00,64.00,0.405,4.164,0.313,banana,fresh
47819249,47293,82.90,852.10,64.00,0.405,4.165,0.313,banana,fresh
47820260,47294,82.80,852.00,64.00,0.405,4.164,0.313,banana,fresh
47821272,47295,82.85,852.00,64.00,0.405,4.164,0.313,banana,fresh
47822282,47296,82.95,852.05,64.00,0.405,4.164,0.313,banana,fresh
47823293,47297,83.00,852.05,64.00,0.406,4.164,0.313,banana,fresh
47824305,47298,82.80,852.00,64.00,0.405,4.164,0.313,banana,fresh
47825315,47299,82.95,852.00,64.00,0.405,4.164,0.313,banana,fresh
47826327,47300,82.75,852.00,64.05,0.404,4.164,0.313,banana,fresh
47827338,47301,82.90,852.00,64.00,0.405,4.164,0.313,banana,fresh
47828348,47302,82.95,852.00,64.00,0.405,4.164,0.313,banana,fresh
47829360,47303,82.90,852.10,64.00,0.405,4.165,0.313,banana,fresh
47830371,47304,82.80,852.00,64.00,0.405,4.164,0.313,banana,fresh
47831383,47305,82.80,852.00,64.00,0.405,4.164,0.313,banana,fresh
47832393,47306,82.90,852.00,64.00,0.405,4.164,0.313,banana,fresh
47833405,47307,82.95,852.05,64.05,0.405,4.164,0.313,banana,fresh
47834416,47308,83.05,852.00,64.00,0.406,4.164,0.313,banana,fresh
47835426,47309,82.95,852.05,64.00,0.405,4.164,0.313,banana,fresh
47836438,47310,82.95,852.05,64.00,0.405,4.164,0.313,banana,fresh
47837449,47311,83.00,852.00,64.00,0.406,4.164,0.313,banana,fresh
47838460,47312,82.85,852.00,64.00,0.405,4.164,0.313,banana,fresh
47839471,47313,82.90,852.00,64.00,0.405,4.164,0.313,banana,fresh
47840483,47314,82.90,852.00,64.00,0.405,4.164,0.313,banana,fresh
47841494,47315,82.90,852.00,64.05,0.405,4.164,0.313,banana,fresh
47842504,47316,83.00,852.00,64.00,0.406,4.164,0.313,banana,fresh
47843516,47317,83.00,852.00,64.00,0.406,4.164,0.313,banana,fresh
47844527,47318,82.95,852.00,64.00,0.405,4.164,0.313,banana,fresh
47845538,47319,82.95,852.10,64.00,0.405,4.165,0.313,banana,fresh
47846549,47320,83.00,852.10,64.00,0.406,4.165,0.313,banana,fresh
47847560,47321,83.00,852.10,64.05,0.406,4.165,0.313,banana,fresh
47848571,47322,83.00,852.05,64.00,0.406,4.164,0.313,banana,fresh
47849582,47323,83.00,852.15,64.05,0.406,4.165,0.313,banana,fresh
47850594,47324,83.00,852.00,64.00,0.406,4.164,0.313,banana,fresh
47851604,47325,83.00,852.05,64.00,0.406,4.164,0.313,banana,fresh
47852616,47326,82.90,852.10,64.05,0.405,4.165,0.313,banana,fresh
47853627,47327,83.05,852.15,64.00,0.406,4.165,0.313,banana,fresh
47854638,47328,83.00,852.15,64.05,0.406,4.165,0.313,banana,fresh
47855649,47329,83.00,852.10,64.00,0.406,4.165,0.313,banana,fresh
47856660,47330,82.95,852.05,64.05,0.405,4.164,0.313,banana,fresh
47857672,47331,82.95,852.05,64.05,0.405,4.164,0.313,banana,fresh
47858682,47332,83.00,852.00,64.00,0.406,4.164,0.313,banana,fresh
47859694,47333,82.95,852.15,64.00,0.405,4.165,0.313,banana,fresh
47860705,47334,83.00,852.15,64.00,0.406,4.165,0.313,banana,fresh
47861715,47335,83.00,852.05,64.00,0.406,4.164,0.313,banana,fresh
47862727,47336,83.00,852.05,64.00,0.406,4.164,0.313,banana,fresh
47863738,47337,83.00,852.15,64.00,0.406,4.165,0.313,banana,fresh
47864750,47338,83.00,852.10,64.05,0.406,4.165,0.313,banana,fresh
47865760,47339,83.00,852.10,64.10,0.406,4.165,0.313,banana,fresh
47866772,47340,83.00,852.15,64.00,0.406,4.165,0.313,banana,fresh
47867783,47341,83.05,852.25,64.05,0.406,4.165,0.313,banana,fresh
47868793,47342,83.05,852.20,64.10,0.406,4.165,0.313,banana,fresh
47869805,47343,83.05,852.10,64.10,0.406,4.165,0.313,banana,fresh
47870816,47344,83.00,852.15,64.15,0.406,4.165,0.314,banana,fresh
47871827,47345,83.00,852.20,64.00,0.406,4.165,0.313,banana,fresh
47872838,47346,83.00,852.25,64.05,0.406,4.165,0.313,banana,fresh
47873850,47347,82.95,852.30,64.10,0.405,4.166,0.313,banana,fresh
47874861,47348,83.00,852.20,64.00,0.406,4.165,0.313,banana,fresh
47875871,47349,82.95,852.40,64.00,0.405,4.166,0.313,banana,fresh
47876883,47350,83.00,852.30,64.05,0.406,4.166,0.313,banana,fresh
47877894,47351,83.05,852.35,64.10,0.406,4.166,0.313,banana,fresh
47878905,47352,83.05,852.25,64.00,0.406,4.165,0.313,banana,fresh
47879916,47353,83.00,852.35,64.10,0.406,4.166,0.313,banana,fresh
47880927,47354,83.05,852.30,64.05,0.406,4.166,0.313,banana,fresh
47881938,47355,83.00,852.40,64.10,0.406,4.166,0.313,banana,fresh
47882949,47356,83.00,852.20,64.00,0.406,4.165,0.313,banana,fresh
47883961,47357,83.05,852.65,64.05,0.406,4.167,0.313,banana,fresh
47884972,47358,83.05,852.45,64.05,0.406,4.166,0.313,banana,fresh
47885983,47359,83.05,852.45,64.10,0.406,4.166,0.313,banana,fresh
47886994,47360,83.10,852.55,64.05,0.406,4.167,0.313,banana,fresh
47888005,47361,83.00,852.25,64.00,0.406,4.165,0.313,banana,fresh
47889016,47362,83.05,852.25,64.10,0.406,4.165,0.313,banana,fresh
47890027,47363,83.00,852.50,64.05,0.406,4.167,0.313,banana,fresh
47891039,47364,83.20,852.50,64.05,0.407,4.167,0.313,banana,fresh
47892049,47365,83.10,852.45,64.05,0.406,4.166,0.313,banana,fresh
47893061,47366,83.00,852.45,64.30,0.406,4.166,0.314,banana,fresh
47894072,47367,83.00,852.50,64.05,0.406,4.167,0.313,banana,fresh
47895084,47368,83.10,852.45,64.10,0.406,4.166,0.313,banana,fresh
47896094,47369,83.05,852.45,64.05,0.406,4.166,0.313,banana,fresh
47897105,47370,83.10,852.55,64.05,0.406,4.167,0.313,banana,fresh
47898117,47371,83.15,852.70,64.00,0.406,4.168,0.313,banana,fresh
47899127,47372,83.05,852.40,64.10,0.406,4.166,0.313,banana,fresh
47900139,47373,83.10,852.30,64.10,0.406,4.166,0.313,banana,fresh
47901150,47374,83.10,852.50,64.05,0.406,4.167,0.313,banana,fresh
47902161,47375,83.15,852.75,64.00,0.406,4.168,0.313,banana,fresh
47903172,47376,83.05,852.55,64.20,0.406,4.167,0.314,banana,fresh
47904183,47377,83.15,852.65,64.10,0.406,4.167,0.313,banana,fresh
47905195,47378,83.20,852.70,64.10,0.407,4.168,0.313,banana,fresh
47906205,47379,83.15,852.55,64.05,0.406,4.167,0.313,banana,fresh
47907217,47380,83.10,852.65,64.10,0.406,4.167,0.313,banana,fresh
47908228,47381,83.10,852.50,64.10,0.406,4.167,0.313,banana,fresh
47909239,47382,83.10,852.40,64.10,0.406,4.166,0.313,banana,fresh
47910250,47383,83.10,852.50,64.10,0.406,4.167,0.313,banana,fresh
47911261,47384,83.10,852.55,64.10,0.406,4.167,0.313,banana,fresh
47912272,47385,83.20,852.70,64.20,0.407,4.168,0.314,banana,fresh
47913283,47386,83.15,852.65,64.05,0.406,4.167,0.313,banana,fresh
47914295,47387,83.15,852.65,64.00,0.406,4.167,0.313,banana,fresh
47915305,47388,83.05,852.60,64.30,0.406,4.167,0.314,banana,fresh
47916317,47389,83.15,852.75,64.05,0.406,4.168,0.313,banana,fresh
47917328,47390,83.10,852.75,64.05,0.406,4.168,0.313,banana,fresh
47918340,47391,83.20,852.70,64.10,0.407,4.168,0.313,banana,fresh
47919350,47392,83.05,852.50,64.15,0.406,4.167,0.314,banana,fresh
47920361,47393,83.20,852.75,64.25,0.407,4.168,0.314,banana,fresh
47921373,47394,83.05,852.80,64.10,0.406,4.168,0.313,banana,fresh
47922383,47395,83.20,852.70,64.25,0.407,4.168,0.314,banana,fresh
47923395,47396,83.15,852.75,64.15,0.406,4.168,0.314,banana,fresh
47924406,47397,83.20,852.70,64.25,0.407,4.168,0.314,banana,fresh
47925417,47398,83.20,852.85,64.05,0.407,4.168,0.313,banana,fresh
47926428,47399,83.30,852.80,64.20,0.407,4.168,0.314,banana,fresh
47927439,47400,83.05,852.80,64.15,0.406,4.168,0.314,banana,fresh
47928451,47401,83.05,852.90,64.30,0.406,4.169,0.314,banana,fresh
47929461,47402,83.15,852.85,64.25,0.406,4.168,0.314,banana,fresh
47930473,47403,83.10,852.90,64.10,0.406,4.169,0.313,banana,fresh
47931484,47404,83.20,852.85,64.35,0.407,4.168,0.315,banana,fresh
47932495,47405,83.25,852.85,64.30,0.407,4.168,0.314,banana,fresh
47933506,47406,83.20,852.90,64.15,0.407,4.169,0.314,banana,fresh
47934517,47407,83.15,852.85,64.05,0.406,4.168,0.313,banana,fresh
47935528,47408,83.15,852.85,64.30,0.406,4.168,0.314,banana,fresh
47936539,47409,83.15,852.85,64.15,0.406,4.168,0.314,banana,fresh
47937551,47410,83.20,852.90,64.10,0.407,4.169,0.313,banana,fresh
47938562,47411,83.15,852.70,64.20,0.406,4.168,0.314,banana,fresh
47939573,47412,83.30,852.85,64.00,0.407,4.168,0.313,banana,fresh
47940584,47413,83.20,852.90,64.05,0.407,4.169,0.313,banana,fresh
47941595,47414,83.35,853.00,64.30,0.407,4.169,0.314,banana,fresh
47942606,47415,83.25,853.00,64.30,0.407,4.169,0.314,banana,fresh
47943617,47416,83.10,852.80,64.40,0.406,4.168,0.315,banana,fresh
47944629,47417,83.30,852.90,64.25,0.407,4.169,0.314,banana,fresh
47945639,47418,83.35,852.95,64.35,0.407,4.169,0.315,banana,fresh
47946651,47419,83.25,852.95,64.25,0.407,4.169,0.314,banana,fresh
47947662,47420,83.25,853.00,64.20,0.407,4.169,0.314,banana,fresh
47948674,47421,83.15,852.90,64.15,0.406,4.169,0.314,banana,fresh
47949684,47422,83.25,852.90,64.15,0.407,4.169,0.314,banana,fresh
47950695,47423,83.25,852.95,64.35,0.407,4.169,0.315,banana,fresh
47951707,47424,83.10,853.00,64.25,0.406,4.169,0.314,banana,fresh
47952717,47425,83.25,853.00,64.20,0.407,4.169,0.314,banana,fresh
47953729,47426,83.25,853.00,64.25,0.407,4.169,0.314,banana,fresh
47954740,47427,83.30,853.00,64.15,0.407,4.169,0.314,banana,fresh
47955751,47428,83.35,853.00,64.45,0.407,4.169,0.315,banana,fresh
47956762,47429,83.30,853.00,64.40,0.407,4.169,0.315,banana,fresh
47957773,47430,83.20,853.00,64.20,0.407,4.169,0.314,banana,fresh
47958785,47431,83.30,853.00,64.25,0.407,4.169,0.314,banana,fresh
47959795,47432,83.15,852.95,64.35,0.406,4.169,0.315,banana,fresh
47960807,47433,83.40,853.00,64.30,0.408,4.169,0.314,banana,fresh
47961818,47434,83.25,853.00,64.30,0.407,4.169,0.314,banana,fresh
47962829,47435,83.35,853.00,64.30,0.407,4.169,0.314,banana,fresh
47963840,47436,83.45,853.00,64.60,0.408,4.169,0.316,banana,fresh
47964851,47437,83.25,853.00,64.55,0.407,4.169,0.315,banana,fresh
47965862,47438,83.25,853.00,64.55,0.407,4.169,0.315,banana,fresh
47966873,47439,83.35,853.00,64.55,0.407,4.169,0.315,banana,fresh
47967885,47440,83.40,853.00,64.45,0.408,4.169,0.315,banana,fresh
47968896,47441,83.45,853.00,64.25,0.408,4.169,0.314,banana,fresh
47969907,47442,83.35,853.00,64.55,0.407,4.169,0.315,banana,fresh
47970918,47443,83.30,853.00,64.60,0.407,4.169,0.316,banana,fresh
47971929,47444,83.55,853.00,64.35,0.408,4.169,0.315,banana,fresh
47972940,47445,83.35,853.05,64.70,0.407,4.169,0.316,banana,fresh
47973951,47446,83.55,853.10,64.55,0.408,4.170,0.315,banana,fresh
47974963,47447,83.45,853.00,64.50,0.408,4.169,0.315,banana,fresh
47975973,47448,83.45,853.00,64.30,0.408,4.169,0.314,banana,fresh
47976984,47449,83.50,853.05,64.70,0.408,4.169,0.316,banana,fresh
47977996,47450,83.25,853.00,64.50,0.407,4.169,0.315,banana,fresh
47979006,47451,83.35,853.00,64.65,0.407,4.169,0.316,banana,fresh
47980018,47452,83.30,853.10,64.70,0.407,4.170,0.316,banana,fresh
47981029,47453,83.50,853.05,64.65,0.408,4.169,0.316,banana,fresh
47982041,47454,83.50,853.05,64.50,0.408,4.169,0.315,banana,fresh
47983051,47455,83.60,853.05,64.60,0.409,4.169,0.316,banana,fresh
47984062,47456,83.50,853.05,64.70,0.408,4.169,0.316,banana,fresh
47985074,47457,83.45,853.10,64.60,0.408,4.170,0.316,banana,fresh
47986084,47458,83.55,853.05,64.75,0.408,4.169,0.316,banana,fresh
47987096,47459,83.60,853.05,64.85,0.409,4.169,0.317,banana,fresh
47988107,47460,83.60,853.05,64.65,0.409,4.169,0.316,banana,fresh
47989118,47461,83.80,853.05,64.70,0.410,4.169,0.316,banana,fresh
47990129,47462,83.50,853.15,64.85,0.408,4.170,0.317,banana,fresh
47991141,47463,83.60,853.15,64.55,0.409,4.170,0.315,banana,fresh
47992152,47464,83.60,853.20,64.70,0.409,4.170,0.316,banana,fresh
47993162,47465,83.40,853.10,64.80,0.408,4.170,0.317,banana,fresh
47994174,47466,83.70,853.15,64.65,0.409,4.170,0.316,banana,fresh
47995185,47467,83.55,853.15,64.85,0.408,4.170,0.317,banana,fresh
47996196,47468,83.60,853.20,64.65,0.409,4.170,0.316,banana,fresh
47997207,47469,83.60,853.05,64.75,0.409,4.169,0.316,banana,fresh
47998219,47470,83.65,853.15,64.80,0.409,4.170,0.317,banana,fresh
47999229,47471,83.65,853.05,64.85,0.409,4.169,0.317,banana,fresh
48000241,47472,83.65,853.20,64.85,0.409,4.170,0.317,banana,fresh
48001252,47473,83.85,853.15,64.85,0.410,4.170,0.317,banana,fresh
48002263,47474,83.70,853.20,64.90,0.409,4.170,0.317,banana,fresh
48003274,47475,83.60,853.45,64.80,0.409,4.171,0.317,banana,fresh
48004285,47476,83.85,853.30,64.85,0.410,4.171,0.317,banana,fresh
48005297,47477,83.60,853.20,64.85,0.409,4.170,0.317,banana,fresh
48006307,47478,83.60,853.25,64.95,0.409,4.170,0.317,banana,fresh
48007318,47479,83.60,853.35,64.80,0.409,4.171,0.317,banana,fresh
48008330,47480,83.65,853.40,64.85,0.409,4.171,0.317,banana,fresh
48009340,47481,83.85,853.35,64.85,0.410,4.171,0.317,banana,fresh
48010352,47482,83.80,853.40,64.90,0.410,4.171,0.317,banana,fresh
48011363,47483,83.70,853.40,64.95,0.409,4.171,0.317,banana,fresh
48012375,47484,83.85,853.35,64.85,0.410,4.171,0.317,banana,fresh
48013385,47485,84.00,853.35,64.80,0.411,4.171,0.317,banana,fresh
48014397,47486,84.00,853.55,64.75,0.411,4.172,0.316,banana,fresh
48015408,47487,83.75,853.45,65.00,0.409,4.171,0.318,banana,fresh
48016418,47488,83.85,853.55,64.95,0.410,4.172,0.317,banana,fresh
48017430,47489,83.70,853.45,64.90,0.409,4.171,0.317,banana,fresh
48018441,47490,83.60,853.40,64.85,0.409,4.171,0.317,banana,fresh
48019452,47491,83.75,853.60,64.80,0.409,4.172,0.317,banana,fresh
48020463,47492,83.90,853.70,64.90,0.410,4.173,0.317,banana,fresh
48021475,47493,83.85,853.60,64.95,0.410,4.172,0.317,banana,fresh
48022486,47494,83.85,853.50,65.00,0.410,4.172,0.318,banana,fresh
48023496,47495,83.85,853.60,64.95,0.410,4.172,0.317,banana,fresh
48024508,47496,83.95,853.65,64.95,0.410,4.172,0.317,banana,fresh
48025519,47497,83.90,853.50,65.00,0.410,4.172,0.318,banana,fresh
48026530,47498,83.90,853.55,64.85,0.410,4.172,0.317,banana,fresh
48027541,47499,83.75,853.85,64.95,0.409,4.173,0.317,banana,fresh
48028553,47500,83.80,853.85,64.95,0.410,4.173,0.317,banana,fresh
48029563,47501,83.90,853.85,65.00,0.410,4.173,0.318,banana,fresh
48030574,47502,83.95,853.75,65.00,0.410,4.173,0.318,banana,fresh
48031586,47503,83.80,853.50,64.95,0.410,4.172,0.317,banana,fresh
48032596,47504,83.80,853.70,64.90,0.410,4.173,0.317,banana,fresh
48033608,47505,83.90,853.75,64.95,0.410,4.173,0.317,banana,fresh
48034619,47506,83.95,853.80,65.00,0.410,4.173,0.318,banana,fresh
48035631,47507,83.85,853.90,65.00,0.410,4.174,0.318,banana,fresh
48036641,47508,83.85,853.80,65.00,0.410,4.173,0.318,banana,fresh
48037652,47509,83.85,853.65,64.95,0.410,4.172,0.317,banana,fresh
48038664,47510,83.90,853.70,64.90,0.410,4.173,0.317,banana,fresh
48039674,47511,83.95,853.70,64.95,0.410,4.173,0.317,banana,fresh
48040686,47512,83.95,853.80,65.00,0.410,4.173,0.318,banana,fresh
48041697,47513,83.90,853.80,65.00,0.410,4.173,0.318,banana,fresh
48042708,47514,83.90,854.00,64.95,0.410,4.174,0.317,banana,fresh
48043719,47515,84.00,853.75,65.00,0.411,4.173,0.318,banana,fresh
48044730,47516,83.95,853.90,64.95,0.410,4.174,0.317,banana,fresh
48045742,47517,83.90,854.00,65.00,0.410,4.174,0.318,banana,fresh
48046752,47518,83.90,853.95,65.00,0.410,4.174,0.318,banana,fresh
48047764,47519,84.00,853.90,64.95,0.411,4.174,0.317,banana,fresh
48048775,47520,83.95,853.95,64.95,0.410,4.174,0.317,banana,fresh
48049786,47521,83.95,853.85,65.00,0.410,4.173,0.318,banana,fresh
48050797,47522,83.90,853.85,64.95,0.410,4.173,0.317,banana,fresh
48051809,47523,83.95,854.00,65.00,0.410,4.174,0.318,banana,fresh
48052819,47524,84.00,854.00,65.00,0.411,4.174,0.318,banana,fresh
48053830,47525,83.95,853.85,64.95,0.410,4.173,0.317,banana,fresh
48054842,47526,84.00,853.85,65.00,0.411,4.173,0.318,banana,fresh
48055853,47527,84.00,854.00,64.95,0.411,4.174,0.317,banana,fresh
48056864,47528,84.00,853.90,65.00,0.411,4.174,0.318,banana,fresh
48057875,47529,83.95,853.95,64.95,0.410,4.174,0.317,banana,fresh
48058887,47530,83.80,853.90,65.00,0.410,4.174,0.318,banana,fresh
48059897,47531,83.90,853.95,65.00,0.410,4.174,0.318,banana,fresh
48060908,47532,83.95,854.00,65.00,0.410,4.174,0.318,banana,fresh
48061920,47533,84.00,854.00,64.95,0.411,4.174,0.317,banana,fresh
48062930,47534,83.95,853.95,64.95,0.410,4.174,0.317,banana,fresh
48063942,47535,84.05,854.00,65.00,0.411,4.174,0.318,banana,fresh
48064953,47536,84.00,854.00,64.95,0.411,4.174,0.317,banana,fresh
48065965,47537,83.95,854.00,64.90,0.410,4.174,0.317,banana,fresh
48066975,47538,83.95,854.00,65.00,0.410,4.174,0.318,banana,fresh
48067986,47539,84.00,854.00,65.00,0.411,4.174,0.318,banana,fresh
48068998,47540,84.00,854.00,65.05,0.411,4.174,0.318,banana,fresh
48070008,47541,84.00,854.00,65.00,0.411,4.174,0.318,banana,fresh
48071020,47542,84.00,854.00,65.00,0.411,4.174,0.318,banana,fresh
48072031,47543,84.00,853.95,64.95,0.411,4.174,0.317,banana,fresh
48073042,47544,83.95,853.95,65.00,0.410,4.174,0.318,banana,fresh
48074053,47545,84.00,854.00,65.00,0.411,4.174,0.318,banana,fresh
48075064,47546,84.00,854.00,65.00,0.411,4.174,0.318,banana,fresh
48076076,47547,83.95,854.00,65.00,0.410,4.174,0.318,banana,fresh
48077086,47548,84.00,854.00,65.00,0.411,4.174,0.318,banana,fresh
48078098,47549,84.00,854.00,65.05,0.411,4.174,0.318,banana,fresh
48079109,47550,84.00,853.95,65.00,0.411,4.174,0.318,banana,fresh
48080119,47551,84.00,854.00,65.00,0.411,4.174,0.318,banana,fresh
48081131,47552,83.95,854.00,65.00,0.410,4.174,0.318,banana,fresh
48082142,47553,83.95,854.00,65.05,0.410,4.174,0.318,banana,fresh
48083153,47554,83.95,854.00,65.00,0.410,4.174,0.318,banana,fresh
48084164,47555,83.95,853.95,65.00,0.410,4.174,0.318,banana,fresh
48085176,47556,84.00,854.05,65.00,0.411,4.174,0.318,banana,fresh
48086187,47557,83.95,854.00,65.00,0.410,4.174,0.318,banana,fresh
48087197,47558,84.05,854.00,65.00,0.411,4.174,0.318,banana,fresh
48088209,47559,83.95,854.00,65.00,0.410,4.174,0.318,banana,fresh
48089220,47560,84.00,854.05,65.00,0.411,4.174,0.318,banana,fresh
48090231,47561,84.00,854.05,65.00,0.411,4.174,0.318,banana,fresh
48091242,47562,83.95,854.00,65.00,0.410,4.174,0.318,banana,fresh
48092254,47563,84.00,854.00,65.00,0.411,4.174,0.318,banana,fresh
48093264,47564,84.00,854.00,65.05,0.411,4.174,0.318,banana,fresh
48094275,47565,84.00,854.00,65.05,0.411,4.174,0.318,banana,fresh
48095287,47566,84.05,854.00,64.95,0.411,4.174,0.317,banana,fresh
48096297,47567,84.00,854.00,65.00,0.411,4.174,0.318,banana,fresh
48097309,47568,84.05,854.00,65.00,0.411,4.174,0.318,banana,fresh
48098320,47569,84.05,853.95,65.00,0.411,4.174,0.318,banana,fresh
48099331,47570,84.00,854.00,65.00,0.411,4.174,0.318,banana,fresh
48100342,47571,84.00,854.00,65.05,0.411,4.174,0.318,banana,fresh
48101353,47572,84.00,854.00,65.00,0.411,4.174,0.318,banana,fresh
48102365,47573,83.90,854.00,65.00,0.410,4.174,0.318,banana,fresh
48103375,47574,84.00,854.00,65.00,0.411,4.174,0.318,banana,fresh
48104387,47575,84.00,854.00,65.00,0.411,4.174,0.318,banana,fresh
48105398,47576,84.00,854.00,65.00,0.411,4.174,0.318,banana,fresh
48106408,47577,84.00,854.00,64.95,0.411,4.174,0.317,banana,fresh
48107420,47578,84.00,854.00,65.05,0.411,4.174,0.318,banana,fresh
48108431,47579,84.00,854.00,64.95,0.411,4.174,0.317,banana,fresh
48109443,47580,84.05,854.00,65.05,0.411,4.174,0.318,banana,fresh
48110453,47581,84.00,854.00,65.00,0.411,4.174,0.318,banana,fresh
48111465,47582,83.95,854.00,64.95,0.410,4.174,0.317,banana,fresh
48112476,47583,84.00,854.00,65.00,0.411,4.174,0.318,banana,fresh
48113486,47584,84.05,854.00,65.00,0.411,4.174,0.318,banana,fresh
48114498,47585,84.00,854.00,65.05,0.411,4.174,0.318,banana,fresh
48115509,47586,84.00,854.00,65.05,0.411,4.174,0.318,banana,fresh
48116520,47587,84.00,854.05,64.95,0.411,4.174,0.317,banana,fresh
48117531,47588,84.00,854.00,65.00,0.411,4.174,0.318,banana,fresh
48118542,47589,84.00,854.00,65.00,0.411,4.174,0.318,banana,fresh
48119554,47590,84.05,854.00,65.00,0.411,4.174,0.318,banana,fresh
48120564,47591,84.00,854.00,65.00,0.411,4.174,0.318,banana,fresh
48121576,47592,84.05,854.00,65.00,0.411,4.174,0.318,banana,fresh
48122587,47593,84.00,854.05,65.00,0.411,4.174,0.318,banana,fresh
48123598,47594,84.00,854.05,65.00,0.411,4.174,0.318,banana,fresh
48124609,47595,84.00,854.05,65.00,0.411,4.174,0.318,banana,fresh
48125620,47596,84.00,854.00,65.00,0.411,4.174,0.318,banana,fresh
48126631,47597,84.00,854.00,65.05,0.411,4.174,0.318,banana,fresh
48127642,47598,84.00,854.00,65.05,0.411,4.174,0.318,banana,fresh
48128654,47599,84.00,854.05,65.00,0.411,4.174,0.318,banana,fresh
48129665,47600,84.05,854.00,65.05,0.411,4.174,0.318,banana,fresh
48130676,47601,84.00,854.05,65.00,0.411,4.174,0.318,banana,fresh
48131687,47602,84.00,854.00,65.00,0.411,4.174,0.318,banana,fresh
48132698,47603,84.10,854.00,65.00,0.411,4.174,0.318,banana,fresh
48133709,47604,84.00,854.00,65.00,0.411,4.174,0.318,banana,fresh
48134720,47605,84.00,854.00,65.00,0.411,4.174,0.318,banana,fresh
48135732,47606,84.10,854.00,65.00,0.411,4.174,0.318,banana,fresh
48136742,47607,84.10,854.00,65.05,0.411,4.174,0.318,banana,fresh
48137753,47608,84.00,854.05,65.00,0.411,4.174,0.318,banana,fresh
48138765,47609,84.10,854.05,65.00,0.411,4.174,0.318,banana,fresh
48139776,47610,84.00,854.15,65.00,0.411,4.175,0.318,banana,fresh
48140787,47611,84.00,854.05,65.10,0.411,4.174,0.318,banana,fresh
48141798,47612,84.10,854.05,65.00,0.411,4.174,0.318,banana,fresh
48142810,47613,84.20,854.00,65.00,0.412,4.174,0.318,banana,fresh
48143820,47614,84.00,854.00,65.05,0.411,4.174,0.318,banana,fresh
48144831,47615,84.00,854.00,65.05,0.411,4.174,0.318,banana,fresh
48145843,47616,84.00,854.10,65.00,0.411,4.174,0.318,banana,fresh
48146853,47617,84.20,854.00,65.10,0.412,4.174,0.318,banana,fresh
48147865,47618,84.00,854.10,65.15,0.411,4.174,0.318,banana,fresh
48148876,47619,84.05,854.15,65.05,0.411,4.175,0.318,banana,fresh
48149888,47620,84.10,854.00,65.10,0.411,4.174,0.318,banana,fresh
48150898,47621,84.25,854.00,65.00,0.412,4.174,0.318,banana,fresh
48151909,47622,84.00,854.10,65.05,0.411,4.174,0.318,banana,fresh
48152921,47623,84.05,854.05,65.00,0.411,4.174,0.318,banana,fresh
48153931,47624,84.05,854.05,65.15,0.411,4.174,0.318,banana,fresh
48154943,47625,84.00,854.10,65.05,0.411,4.174,0.318,banana,fresh
48155954,47626,84.10,854.10,65.00,0.411,4.174,0.318,banana,fresh
48156965,47627,84.15,854.15,65.10,0.411,4.175,0.318,banana,fresh
48157976,47628,84.00,854.05,65.00,0.411,4.174,0.318,banana,fresh
48158987,47629,84.00,854.05,65.00,0.411,4.174,0.318,banana,fresh
48159998,47630,84.05,854.10,65.10,0.411,4.174,0.318,banana,fresh
48161009,47631,84.05,854.10,65.05,0.411,4.174,0.318,banana,fresh
48162021,47632,84.20,854.10,65.10,0.412,4.174,0.318,banana,fresh
48163032,47633,84.05,854.00,65.10,0.411,4.174,0.318,banana,fresh
48164043,47634,84.10,854.15,65.00,0.411,4.175,0.318,banana,fresh
48165054,47635,84.05,854.25,65.00,0.411,4.175,0.318,banana,fresh
48166065,47636,84.05,854.20,65.05,0.411,4.175,0.318,banana,fresh
48167076,47637,84.10,854.15,65.10,0.411,4.175,0.318,banana,fresh
48168087,47638,84.00,854.15,65.20,0.411,4.175,0.319,banana,fresh
48169099,47639,84.15,854.25,65.10,0.411,4.175,0.318,banana,fresh
48170109,47640,84.05,854.10,65.15,0.411,4.174,0.318,banana,fresh
48171121,47641,84.10,854.15,65.00,0.411,4.175,0.318,banana,fresh
48172132,47642,84.05,854.15,65.05,0.411,4.175,0.318,banana,fresh
48173144,47643,84.15,854.15,65.05,0.411,4.175,0.318,banana,fresh
48174154,47644,84.10,854.40,65.00,0.411,4.176,0.318,banana,fresh
48175165,47645,84.10,854.25,65.05,0.411,4.175,0.318,banana,fresh
48176177,47646,84.05,854.25,65.10,0.411,4.175,0.318,banana,fresh
48177187,47647,84.05,854.15,65.05,0.411,4.175,0.318,banana,fresh
48178199,47648,84.20,854.20,65.05,0.412,4.175,0.318,banana,fresh
48179210,47649,84.15,854.45,65.10,0.411,4.176,0.318,banana,fresh
48180221,47650,84.15,854.30,65.00,0.411,4.175,0.318,banana,fresh
48181232,47651,84.20,854.50,65.05,0.412,4.176,0.318,banana,fresh
48182243,47652,84.10,854.55,65.05,0.411,4.177,0.318,banana,fresh
48183255,47653,84.25,854.45,65.10,0.412,4.176,0.318,banana,fresh
48184265,47654,84.10,854.35,65.10,0.411,4.176,0.318,banana,fresh
48185277,47655,84.15,854.25,65.15,0.411,4.175,0.318,banana,fresh
48186288,47656,84.25,854.25,65.10,0.412,4.175,0.318,banana,fresh
48187299,47657,84.15,854.20,65.00,0.411,4.175,0.318,banana,fresh
48188310,47658,84.15,854.35,65.00,0.411,4.176,0.318,banana,fresh
48189322,47659,84.20,854.40,65.00,0.412,4.176,0.318,banana,fresh
48190332,47660,84.20,854.40,65.05,0.412,4.176,0.318,banana,fresh
48191343,47661,84.10,854.40,65.10,0.411,4.176,0.318,banana,fresh
48192355,47662,84.10,854.35,65.00,0.411,4.176,0.318,banana,fresh
48193366,47663,84.10,854.45,65.25,0.411,4.176,0.319,banana,fresh
48194377,47664,84.15,854.30,65.25,0.411,4.175,0.319,banana,fresh
48195388,47665,84.15,854.15,65.10,0.411,4.175,0.318,banana,fresh
48196400,47666,84.10,854.20,65.10,0.411,4.175,0.318,banana,fresh
48197410,47667,84.10,854.60,65.10,0.411,4.177,0.318,banana,fresh
48198422,47668,84.15,854.35,65.10,0.411,4.176,0.318,banana,fresh
48199433,47669,84.10,854.20,65.10,0.411,4.175,0.318,banana,fresh
48200443,47670,84.20,854.30,65.05,0.412,4.175,0.318,banana,fresh
48201455,47671,84.10,854.35,65.10,0.411,4.176,0.318,banana,fresh
48202466,47672,84.25,854.30,65.10,0.412,4.175,0.318,banana,fresh
48203478,47673,84.20,854.40,65.10,0.412,4.176,0.318,banana,fresh
48204488,47674,84.20,854.50,65.15,0.412,4.176,0.318,banana,fresh
48205500,47675,84.15,854.60,65.25,0.411,4.177,0.319,banana,fresh
48206511,47676,84.15,854.25,65.05,0.411,4.175,0.318,banana,fresh
48207522,47677,84.25,854.70,65.30,0.412,4.177,0.319,banana,fresh
48208533,47678,84.15,854.60,65.10,0.411,4.177,0.318,banana,fresh
48209544,47679,84.20,854.65,65.15,0.412,4.177,0.318,banana,fresh
48210555,47680,84.20,854.50,65.10,0.412,4.176,0.318,banana,fresh
48211566,47681,84.20,854.75,65.05,0.412,4.178,0.318,banana,fresh
48212578,47682,84.35,854.50,65.20,0.412,4.176,0.319,banana,fresh
48213588,47683,84.20,854.65,65.25,0.412,4.177,0.319,banana,fresh
48214600,47684,84.35,854.65,65.35,0.412,4.177,0.319,banana,fresh
48215611,47685,84.35,854.50,65.45,0.412,4.176,0.320,banana,fresh
48216622,47686,84.15,854.80,65.20,0.411,4.178,0.319,banana,fresh
48217633,47687,84.35,854.50,65.15,0.412,4.176,0.318,banana,fresh
48218644,47688,84.10,854.65,65.30,0.411,4.177,0.319,banana,fresh
48219656,47689,84.15,854.65,65.05,0.411,4.177,0.318,banana,fresh
48220666,47690,84.20,854.55,65.35,0.412,4.177,0.319,banana,fresh
48221678,47691,84.35,854.60,65.20,0.412,4.177,0.319,banana,fresh
48222689,47692,84.20,854.70,65.10,0.412,4.177,0.318,banana,fresh
48223700,47693,84.30,854.55,65.00,0.412,4.177,0.318,banana,fresh
48224711,47694,84.20,854.80,65.10,0.412,4.178,0.318,banana,fresh
48225722,47695,84.20,854.80,65.30,0.412,4.178,0.319,banana,fresh
48226734,47696,84.20,854.75,65.25,0.412,4.178,0.319,banana,fresh
48227744,47697,84.20,854.50,65.30,0.412,4.176,0.319,banana,fresh
48228756,47698,84.30,854.90,65.15,0.412,4.178,0.318,banana,fresh
48229767,47699,84.55,854.70,65.15,0.413,4.177,0.318,banana,fresh
48230778,47700,84.20,854.90,65.25,0.412,4.178,0.319,banana,fresh
48231789,47701,84.30,854.90,65.10,0.412,4.178,0.318,banana,fresh
48232800,47702,84.35,854.70,65.20,0.412,4.177,0.319,banana,fresh
48233811,47703,84.20,854.75,65.30,0.412,4.178,0.319,banana,fresh
48234822,47704,84.30,854.60,65.35,0.412,4.177,0.319,banana,fresh
48235834,47705,84.30,854.85,65.30,0.412,4.178,0.319,banana,fresh
48236845,47706,84.45,854.95,65.30,0.413,4.179,0.319,banana,fresh
48237856,47707,84.20,854.95,65.30,0.412,4.179,0.319,banana,fresh
48238867,47708,84.35,854.85,65.35,0.412,4.178,0.319,banana,fresh
48239879,47709,84.35,854.85,65.40,0.412,4.178,0.320,banana,fresh
48240889,47710,84.45,854.85,65.35,0.413,4.178,0.319,banana,fresh
48241900,47711,84.35,854.80,65.20,0.412,4.178,0.319,banana,fresh
48242912,47712,84.25,854.90,65.25,0.412,4.178,0.319,banana,fresh
48243922,47713,84.20,854.90,65.35,0.412,4.178,0.319,banana,fresh
48244934,47714,84.25,854.80,65.25,0.412,4.178,0.319,banana,fresh
48245945,47715,84.10,854.90,65.45,0.411,4.178,0.320,banana,fresh
48246957,47716,84.30,854.80,65.10,0.412,4.178,0.318,banana,fresh
48247967,47717,84.30,854.85,65.45,0.412,4.178,0.320,banana,fresh
48248979,47718,84.50,854.85,65.50,0.413,4.178,0.320,banana,fresh
48249990,47719,84.35,854.95,65.30,0.412,4.179,0.319,banana,fresh
48251000,47720,84.45,854.90,65.45,0.413,4.178,0.320,banana,fresh
48252012,47721,84.45,854.90,65.20,0.413,4.178,0.319,banana,fresh
48253023,47722,84.45,854.90,65.50,0.413,4.178,0.320,banana,fresh
48254034,47723,84.50,854.95,65.35,0.413,4.179,0.319,banana,fresh
48255045,47724,84.50,854.90,65.15,0.413,4.178,0.318,banana,fresh
48256057,47725,84.30,855.00,65.50,0.412,4.179,0.320,banana,fresh
48257068,47726,84.55,854.95,65.45,0.413,4.179,0.320,banana,fresh
48258078,47727,84.40,854.90,65.30,0.413,4.178,0.319,banana,fresh
48259090,47728,84.25,855.00,65.50,0.412,4.179,0.320,banana,fresh
48260101,47729,84.25,854.95,65.40,0.412,4.179,0.320,banana,fresh
48261112,47730,84.35,855.00,65.45,0.412,4.179,0.320,banana,fresh
48262123,47731,84.40,855.00,65.35,0.413,4.179,0.319,banana,fresh
48263135,47732,84.55,855.00,65.55,0.413,4.179,0.320,banana,fresh
48264145,47733,84.55,855.00,65.55,0.413,4.179,0.320,banana,fresh
48265156,47734,84.55,855.00,65.55,0.413,4.179,0.320,banana,fresh
48266168,47735,84.60,855.00,65.25,0.413,4.179,0.319,banana,fresh
48267179,47736,84.40,855.00,65.55,0.413,4.179,0.320,banana,fresh
48268190,47737,84.55,855.00,65.50,0.413,4.179,0.320,banana,fresh
48269201,47738,84.30,854.95,65.60,0.412,4.179,0.321,banana,fresh
48270213,47739,84.40,855.00,65.65,0.413,4.179,0.321,banana,fresh
48271223,47740,84.40,855.00,65.60,0.413,4.179,0.321,banana,fresh
48272234,47741,84.55,855.00,65.35,0.413,4.179,0.319,banana,fresh
48273246,47742,84.25,855.00,65.70,0.412,4.179,0.321,banana,fresh
48274256,47743,84.65,854.95,65.45,0.414,4.179,0.320,banana,fresh
48275268,47744,84.45,855.00,65.60,0.413,4.179,0.321,banana,fresh
48276279,47745,84.50,855.00,65.40,0.413,4.179,0.320,banana,fresh
48277291,47746,84.45,855.00,65.65,0.413,4.179,0.321,banana,fresh
48278301,47747,84.50,855.05,65.40,0.413,4.179,0.320,banana,fresh
48279313,47748,84.55,855.05,65.45,0.413,4.179,0.320,banana,fresh
48280324,47749,84.65,855.05,65.55,0.414,4.179,0.320,banana,fresh
48281334,47750,84.70,855.05,65.65,0.414,4.179,0.321,banana,fresh
48282346,47751,84.55,855.00,65.35,0.413,4.179,0.319,banana,fresh
48283357,47752,84.55,855.00,65.75,0.413,4.179,0.321,banana,fresh
48284368,47753,84.65,855.05,65.40,0.414,4.179,0.320,banana,fresh
48285379,47754,84.60,855.00,65.55,0.413,4.179,0.320,banana,fresh
48286391,47755,84.70,855.00,65.60,0.414,4.179,0.321,banana,fresh
48287401,47756,84.55,855.00,65.55,0.413,4.179,0.320,banana,fresh
48288412,47757,84.70,855.00,65.75,0.414,4.179,0.321,banana,fresh
48289424,47758,84.50,855.00,65.60,0.413,4.179,0.321,banana,fresh
48290435,47759,84.90,855.05,65.60,0.415,4.179,0.321,banana,fresh
48291446,47760,84.70,855.00,65.65,0.414,4.179,0.321,banana,fresh
48292457,47761,84.60,855.00,65.60,0.413,4.179,0.321,banana,fresh
48293469,47762,84.60,855.00,65.65,0.413,4.179,0.321,banana,fresh
48294479,47763,84.60,855.00,65.65,0.413,4.179,0.321,banana,fresh
48295490,47764,84.50,855.05,65.55,0.413,4.179,0.320,banana,fresh
48296502,47765,84.55,855.05,65.55,0.413,4.179,0.320,banana,fresh
48297512,47766,84.65,855.00,65.55,0.414,4.179,0.320,banana,fresh
48298524,47767,84.55,855.00,65.70,0.413,4.179,0.321,banana,fresh
48299535,47768,84.55,855.05,65.75,0.413,4.179,0.321,banana,fresh
48300547,47769,84.65,855.00,65.50,0.414,4.179,0.320,banana,fresh
48301557,47770,84.45,855.00,65.50,0.413,4.179,0.320,banana,fresh
48302569,47771,84.70,855.05,65.65,0.414,4.179,0.321,banana,fresh
48303580,47772,84.80,855.00,65.65,0.414,4.179,0.321,banana,fresh
48304590,47773,84.70,855.05,65.50,0.414,4.179,0.320,banana,fresh
48305602,47774,84.70,855.05,65.75,0.414,4.179,0.321,banana,fresh
48306613,47775,84.70,855.05,65.40,0.414,4.179,0.320,banana,fresh
48307624,47776,84.60,855.10,65.70,0.413,4.179,0.321,banana,fresh
48308635,47777,84.45,855.00,65.60,0.413,4.179,0.321,banana,fresh
48309647,47778,84.70,855.00,65.60,0.414,4.179,0.321,banana,fresh
48310658,47779,84.60,855.00,65.70,0.413,4.179,0.321,banana,fresh
48311668,47780,84.75,855.00,65.70,0.414,4.179,0.321,banana,fresh
48312680,47781,84.75,855.05,65.55,0.414,4.179,0.320,banana,fresh
48313691,47782,84.60,855.05,65.70,0.413,4.179,0.321,banana,fresh
48314702,47783,84.65,855.00,65.45,0.414,4.179,0.320,banana,fresh
48315713,47784,84.75,855.15,65.65,0.414,4.180,0.321,banana,fresh
48316725,47785,84.65,855.05,65.60,0.414,4.179,0.321,banana,fresh
48317735,47786,84.65,855.05,65.65,0.414,4.179,0.321,banana,fresh
48318747,47787,84.80,855.15,65.75,0.414,4.180,0.321,banana,fresh
48319758,47788,84.95,855.10,65.65,0.415,4.179,0.321,banana,fresh
48320769,47789,84.75,855.05,65.65,0.414,4.179,0.321,banana,fresh
48321780,47790,84.80,855.10,65.55,0.414,4.179,0.320,banana,fresh
48322791,47791,84.60,855.10,65.85,0.413,4.179,0.322,banana,fresh
48323803,47792,84.70,855.15,65.55,0.414,4.180,0.320,banana,fresh
48324813,47793,84.75,855.15,65.50,0.414,4.180,0.320,banana,fresh
48325825,47794,84.90,855.10,65.70,0.415,4.179,0.321,banana,fresh
48326836,47795,84.70,855.05,65.60,0.414,4.179,0.321,banana,fresh
48327847,47796,84.80,855.10,65.85,0.414,4.179,0.322,banana,fresh
48328858,47797,84.65,855.15,65.60,0.414,4.180,0.321,banana,fresh
48329869,47798,84.85,855.20,65.65,0.415,4.180,0.321,banana,fresh
48330881,47799,84.60,855.15,65.65,0.413,4.180,0.321,banana,fresh
48331891,47800,84.80,855.15,65.40,0.414,4.180,0.320,banana,fresh
48332903,47801,84.85,855.30,65.70,0.415,4.180,0.321,banana,fresh
48333914,47802,84.80,855.10,65.85,0.414,4.179,0.322,banana,fresh
48334925,47803,84.75,855.15,65.65,0.414,4.180,0.321,banana,fresh
48335936,47804,84.70,855.20,65.65,0.414,4.180,0.321,banana,fresh
48336947,47805,84.70,855.10,65.85,0.414,4.179,0.322,banana,fresh
48337958,47806,84.65,855.20,65.75,0.414,4.180,0.321,banana,fresh
48338969,47807,84.75,855.15,65.55,0.414,4.180,0.320,banana,fresh
48339981,47808,84.80,855.25,65.75,0.414,4.180,0.321,banana,fresh
48340992,47809,84.90,855.10,65.70,0.415,4.179,0.321,banana,fresh
48342003,47810,84.65,855.15,65.75,0.414,4.180,0.321,banana,fresh
48343014,47811,84.85,855.10,65.80,0.415,4.179,0.322,banana,fresh
48344026,47812,84.75,855.20,65.60,0.414,4.180,0.321,banana,fresh
48345036,47813,84.70,855.05,65.85,0.414,4.179,0.322,banana,fresh
48346047,47814,84.95,855.20,65.75,0.415,4.180,0.321,banana,fresh
48347059,47815,84.80,855.25,65.75,0.414,4.180,0.321,banana,fresh
48348069,47816,84.85,855.35,65.70,0.415,4.181,0.321,banana,fresh
48349081,47817,84.65,855.15,65.60,0.414,4.180,0.321,banana,fresh
48350092,47818,84.85,855.25,65.80,0.415,4.180,0.322,banana,fresh
48351104,47819,84.90,855.30,65.60,0.415,4.180,0.321,banana,fresh
48352114,47820,84.85,855.25,65.85,0.415,4.180,0.322,banana,fresh
48353126,47821,84.65,855.10,65.75,0.414,4.179,0.321,banana,fresh
48354137,47822,84.65,855.20,65.75,0.414,4.180,0.321,banana,fresh
48355147,47823,84.90,855.10,65.85,0.415,4.179,0.322,banana,fresh
48356159,47824,84.85,855.35,65.85,0.415,4.181,0.322,banana,fresh
48357170,47825,84.65,855.20,65.95,0.414,4.180,0.322,banana,fresh
48358181,47826,84.85,855.25,65.80,0.415,4.180,0.322,banana,fresh
48359192,47827,84.90,855.25,65.85,0.415,4.180,0.322,banana,fresh
48360204,47828,84.95,855.15,65.65,0.415,4.180,0.321,banana,fresh
48361214,47829,84.90,855.15,65.80,0.415,4.180,0.322,banana,fresh
48362225,47830,84.85,855.30,65.85,0.415,4.180,0.322,banana,fresh
48363237,47831,84.90,855.35,65.80,0.415,4.181,0.322,banana,fresh
48364248,47832,84.65,855.15,65.95,0.414,4.180,0.322,banana,fresh
48365259,47833,84.75,855.10,65.80,0.414,4.179,0.322,banana,fresh
48366270,47834,84.85,855.25,65.85,0.415,4.180,0.322,banana,fresh
48367282,47835,84.85,855.40,65.60,0.415,4.181,0.321,banana,fresh
48368292,47836,84.85,855.30,65.70,0.415,4.180,0.321,banana,fresh
48369303,47837,84.95,855.55,65.80,0.415,4.182,0.322,banana,fresh
48370315,47838,84.95,855.35,65.80,0.415,4.181,0.322,banana,fresh
48371325,47839,84.80,855.60,65.75,0.414,4.182,0.321,banana,fresh
48372337,47840,84.80,855.35,65.65,0.414,4.181,0.321,banana,fresh
48373348,47841,84.85,855.25,65.85,0.415,4.180,0.322,banana,fresh
48374360,47842,84.85,855.45,65.70,0.415,4.181,0.321,banana,fresh
48375370,47843,84.95,855.40,65.65,0.415,4.181,0.321,banana,fresh
48376382,47844,84.85,855.35,65.95,0.415,4.181,0.322,banana,fresh
48377393,47845,84.95,855.50,65.80,0.415,4.181,0.322,banana,fresh
48378404,47846,84.85,855.40,65.85,0.415,4.181,0.322,banana,fresh
48379415,47847,85.00,855.45,65.90,0.415,4.181,0.322,banana,fresh
48380426,47848,84.80,855.25,65.85,0.414,4.180,0.322,banana,fresh
48381437,47849,84.95,855.50,65.85,0.415,4.181,0.322,banana,fresh
48382448,47850,84.90,855.30,65.95,0.415,4.180,0.322,banana,fresh
48383460,47851,84.90,855.50,65.90,0.415,4.181,0.322,banana,fresh
48384471,47852,84.95,855.55,65.85,0.415,4.182,0.322,banana,fresh
48385482,47853,84.80,855.45,65.90,0.414,4.181,0.322,banana,fresh
48386493,47854,84.85,855.55,65.90,0.415,4.182,0.322,banana,fresh
48387504,47855,84.85,855.55,65.95,0.415,4.182,0.322,banana,fresh
48388515,47856,84.95,855.65,65.85,0.415,4.182,0.322,banana,fresh
48389526,47857,84.85,855.55,65.75,0.415,4.182,0.321,banana,fresh
48390538,47858,85.00,855.50,65.90,0.415,4.181,0.322,banana,fresh
48391548,47859,85.00,855.40,65.85,0.415,4.181,0.322,banana,fresh
48392560,47860,85.00,855.65,65.95,0.415,4.182,0.322,banana,fresh
48393571,47861,84.95,855.55,65.80,0.415,4.182,0.322,banana,fresh
48394583,47862,84.85,855.45,65.95,0.415,4.181,0.322,banana,fresh
48395593,47863,84.95,855.55,65.95,0.415,4.182,0.322,banana,fresh
48396605,47864,85.00,855.70,65.90,0.415,4.182,0.322,banana,fresh
48397616,47865,84.90,855.35,65.95,0.415,4.181,0.322,banana,fresh
48398626,47866,85.00,855.70,65.95,0.415,4.182,0.322,banana,fresh
48399638,47867,84.85,855.65,65.90,0.415,4.182,0.322,banana,fresh
48400649,47868,84.95,855.60,65.85,0.415,4.182,0.322,banana,fresh
48401660,47869,85.05,855.45,65.90,0.416,4.181,0.322,banana,fresh
48402671,47870,85.00,855.55,65.95,0.415,4.182,0.322,banana,fresh
48403683,47871,84.95,855.70,65.95,0.415,4.182,0.322,banana,fresh
48404694,47872,84.90,855.50,66.00,0.415,4.181,0.323,banana,fresh
48405704,47873,85.00,855.85,65.85,0.415,4.183,0.322,banana,fresh
48406716,47874,85.00,855.60,65.90,0.415,4.182,0.322,banana,fresh
48407727,47875,85.00,855.70,65.95,0.415,4.182,0.322,banana,fresh
48408738,47876,84.95,855.60,65.80,0.415,4.182,0.322,banana,fresh
48409749,47877,84.95,855.75,65.95,0.415,4.183,0.322,banana,fresh
48410761,47878,85.00,855.75,65.95,0.415,4.183,0.322,banana,fresh
48411771,47879,85.00,855.65,65.95,0.415,4.182,0.322,banana,fresh
48412782,47880,85.05,855.50,65.95,0.416,4.181,0.322,banana,fresh
48413794,47881,85.00,855.75,66.00,0.415,4.183,0.323,banana,fresh
48414804,47882,85.00,855.75,66.00,0.415,4.183,0.323,banana,fresh
48415816,47883,85.00,855.70,65.95,0.415,4.182,0.322,banana,fresh
48416827,47884,85.00,855.65,66.00,0.415,4.182,0.323,banana,fresh
48417839,47885,85.00,855.75,65.95,0.415,4.183,0.322,banana,fresh
48418849,47886,85.00,855.70,65.95,0.415,4.182,0.322,banana,fresh
48419861,47887,85.05,855.90,65.95,0.416,4.183,0.322,banana,fresh
48420872,47888,85.00,855.75,65.95,0.415,4.183,0.322,banana,fresh
48421882,47889,85.00,855.70,65.95,0.415,4.182,0.322,banana,fresh
48422894,47890,84.95,855.95,66.00,0.415,4.184,0.323,banana,fresh
48423905,47891,84.95,855.85,65.85,0.415,4.183,0.322,banana,fresh
48424916,47892,85.00,855.70,66.00,0.415,4.182,0.323,banana,fresh
48425927,47893,85.05,855.80,65.85,0.416,4.183,0.322,banana,fresh
48426939,47894,85.00,855.85,66.00,0.415,4.183,0.323,banana,fresh
48427950,47895,85.05,855.90,66.00,0.416,4.183,0.323,banana,fresh
48428960,47896,85.00,855.90,66.00,0.415,4.183,0.323,banana,fresh
48429972,47897,84.95,855.85,65.95,0.415,4.183,0.322,banana,fresh
48430983,47898,85.00,855.90,66.00,0.415,4.183,0.323,banana,fresh
48431994,47899,85.05,855.90,66.00,0.416,4.183,0.323,banana,fresh
48433005,47900,85.00,855.90,65.90,0.415,4.183,0.322,banana,fresh
48434017,47901,85.00,855.80,65.90,0.415,4.183,0.322,banana,fresh
48435027,47902,84.95,855.90,66.00,0.415,4.183,0.323,banana,fresh
48436039,47903,85.00,856.00,65.95,0.415,4.184,0.322,banana,fresh
48437050,47904,85.00,855.85,65.95,0.415,4.183,0.322,banana,fresh
48438061,47905,85.00,855.90,65.95,0.415,4.183,0.322,banana,fresh
48439072,47906,85.00,856.00,66.00,0.415,4.184,0.323,banana,fresh
48440083,47907,85.00,855.95,66.00,0.415,4.184,0.323,banana,fresh
48441095,47908,85.00,855.95,65.95,0.415,4.184,0.322,banana,fresh
48442105,47909,85.00,855.95,65.90,0.415,4.184,0.322,banana,fresh
48443117,47910,85.00,856.00,65.95,0.415,4.184,0.322,banana,fresh
48444128,47911,85.05,855.95,65.95,0.416,4.184,0.322,banana,fresh
48445138,47912,85.00,855.95,65.95,0.415,4.184,0.322,banana,fresh
48446150,47913,85.00,855.95,65.90,0.415,4.184,0.322,banana,fresh
48447161,47914,84.95,856.00,65.90,0.415,4.184,0.322,banana,fresh
48448173,47915,85.00,856.00,66.00,0.415,4.184,0.323,banana,fresh
48449183,47916,85.00,856.00,66.00,0.415,4.184,0.323,banana,fresh
48450195,47917,85.05,856.00,66.00,0.416,4.184,0.323,banana,fresh
48451206,47918,85.00,856.00,66.00,0.415,4.184,0.323,banana,fresh
48452216,47919,85.00,855.85,65.90,0.415,4.183,0.322,banana,fresh
48453228,47920,85.05,855.95,65.95,0.416,4.184,0.322,banana,fresh
48454239,47921,85.00,855.95,66.00,0.415,4.184,0.323,banana,fresh
48455250,47922,85.05,855.95,66.00,0.416,4.184,0.323,banana,fresh
48456261,47923,85.00,856.00,66.00,0.415,4.184,0.323,banana,fresh
48457273,47924,84.95,855.95,66.00,0.415,4.184,0.323,banana,fresh
48458284,47925,85.05,856.00,65.95,0.416,4.184,0.322,banana,fresh
48459294,47926,85.10,856.00,65.95,0.416,4.184,0.322,banana,fresh
48460306,47927,85.15,856.00,65.95,0.416,4.184,0.322,banana,fresh
48461317,47928,85.00,856.00,66.00,0.415,4.184,0.323,banana,fresh
48462328,47929,85.05,856.00,66.00,0.416,4.184,0.323,banana,fresh
48463339,47930,85.05,856.00,66.00,0.416,4.184,0.323,banana,fresh
48464351,47931,85.00,856.00,66.00,0.415,4.184,0.323,banana,fresh
48465361,47932,84.95,856.00,66.00,0.415,4.184,0.323,banana,fresh
48466372,47933,85.05,856.00,66.00,0.416,4.184,0.323,banana,fresh
48467384,47934,85.10,856.00,66.00,0.416,4.184,0.323,banana,fresh
48468395,47935,85.00,856.00,66.00,0.415,4.184,0.323,banana,fresh
48469406,47936,85.05,856.00,65.95,0.416,4.184,0.322,banana,fresh
48470417,47937,85.00,856.00,66.00,0.415,4.184,0.323,banana,fresh
48471429,47938,85.05,856.00,66.00,0.416,4.184,0.323,banana,fresh
48472439,47939,85.05,856.00,66.00,0.416,4.184,0.323,banana,fresh
48473450,47940,85.00,856.00,66.00,0.415,4.184,0.323,banana,fresh
48474462,47941,85.10,856.00,66.00,0.416,4.184,0.323,banana,fresh
48475472,47942,85.00,856.00,66.00,0.415,4.184,0.323,banana,fresh
48476484,47943,85.15,856.00,65.95,0.416,4.184,0.322,banana,fresh
48477495,47944,85.05,856.05,66.00,0.416,4.184,0.323,banana,fresh
48478507,47945,85.00,856.05,65.95,0.415,4.184,0.322,banana,fresh
48479517,47946,85.00,856.10,66.00,0.415,4.184,0.323,banana,fresh
48480528,47947,85.05,856.00,66.00,0.416,4.184,0.323,banana,fresh
48481540,47948,85.10,856.00,66.05,0.416,4.184,0.323,banana,fresh
48482550,47949,85.00,856.00,66.05,0.415,4.184,0.323,banana,fresh
48483562,47950,85.00,856.00,66.00,0.415,4.184,0.323,banana,fresh
48484573,47951,85.20,856.05,65.95,0.416,4.184,0.322,banana,fresh
48485584,47952,85.20,856.05,66.00,0.416,4.184,0.323,banana,fresh
48486595,47953,85.05,856.05,66.00,0.416,4.184,0.323,banana,fresh
48487606,47954,85.10,856.00,65.95,0.416,4.184,0.322,banana,fresh
48488617,47955,85.10,856.00,66.05,0.416,4.184,0.323,banana,fresh
48489628,47956,85.05,856.00,66.00,0.416,4.184,0.323,banana,fresh
48490640,47957,85.05,856.00,65.95,0.416,4.184,0.322,banana,fresh
48491651,47958,85.05,856.05,66.00,0.416,4.184,0.323,banana,fresh
48492662,47959,85.10,856.10,65.95,0.416,4.184,0.322,banana,fresh
48493673,47960,85.00,856.00,66.00,0.415,4.184,0.323,banana,fresh
48494684,47961,85.20,856.10,66.00,0.416,4.184,0.323,banana,fresh
48495695,47962,85.15,856.00,66.00,0.416,4.184,0.323,banana,fresh
48496706,47963,85.00,856.05,66.10,0.415,4.184,0.323,banana,fresh
48497718,47964,85.20,856.10,65.95,0.416,4.184,0.322,banana,fresh
48498728,47965,85.15,856.00,66.00,0.416,4.184,0.323,banana,fresh
48499739,47966,85.00,856.05,66.00,0.415,4.184,0.323,banana,fresh
48500751,47967,85.10,856.05,66.00,0.416,4.184,0.323,banana,fresh
48501762,47968,85.15,856.10,66.00,0.416,4.184,0.323,banana,fresh
48502773,47969,85.15,856.00,66.05,0.416,4.184,0.323,banana,fresh
48503784,47970,85.00,856.05,66.00,0.415,4.184,0.323,banana,fresh
48504796,47971,85.20,856.00,66.00,0.416,4.184,0.323,banana,fresh
48505806,47972,85.20,856.05,66.00,0.416,4.184,0.323,banana,fresh
48506817,47973,85.15,856.05,66.00,0.416,4.184,0.323,banana,fresh
48507829,47974,85.15,856.15,65.95,0.416,4.185,0.322,banana,fresh
48508839,47975,85.15,856.10,66.00,0.416,4.184,0.323,banana,fresh
48509851,47976,85.40,856.25,66.00,0.417,4.185,0.323,banana,fresh
48510862,47977,85.05,856.15,66.10,0.416,4.185,0.323,banana,fresh
48511874,47978,85.20,856.15,66.00,0.416,4.185,0.323,banana,fresh
48512884,47979,85.10,856.15,65.95,0.416,4.185,0.322,banana,fresh
48513896,47980,85.05,856.05,66.15,0.416,4.184,0.323,banana,fresh
48514907,47981,85.40,856.20,66.05,0.417,4.185,0.323,banana,fresh
48515917,47982,85.20,856.10,66.00,0.416,4.184,0.323,banana,fresh
48516929,47983,85.20,856.10,66.00,0.416,4.184,0.323,banana,fresh
48517940,47984,85.25,856.10,66.00,0.417,4.184,0.323,banana,fresh
48518951,47985,85.25,856.25,66.00,0.417,4.185,0.323,banana,fresh
48519962,47986,85.30,856.15,66.05,0.417,4.185,0.323,banana,fresh
48520974,47987,85.25,856.30,66.10,0.417,4.185,0.323,banana,fresh
48521985,47988,85.30,856.05,66.00,0.417,4.184,0.323,banana,fresh
48522995,47989,85.35,856.30,66.00,0.417,4.185,0.323,banana,fresh
48524007,47990,85.30,856.15,66.00,0.417,4.185,0.323,banana,fresh
48525018,47991,85.30,856.25,66.00,0.417,4.185,0.323,banana,fresh
48526029,47992,85.05,856.35,66.10,0.416,4.185,0.323,banana,fresh
48527040,47993,85.30,856.15,66.05,0.417,4.185,0.323,banana,fresh
48528052,47994,85.25,856.45,66.00,0.417,4.186,0.323,banana,fresh
48529062,47995,85.10,856.25,66.15,0.416,4.185,0.323,banana,fresh
48530074,47996,85.35,856.25,66.05,0.417,4.185,0.323,banana,fresh
48531085,47997,85.45,856.35,66.00,0.418,4.185,0.323,banana,fresh
48532096,47998,85.35,856.40,66.05,0.417,4.186,0.323,banana,fresh
48533107,47999,85.30,856.45,66.05,0.417,4.186,0.323,banana,fresh
48534118,48000,85.35,856.30,66.05,0.417,4.185,0.323,banana,fresh
48535130,48001,85.25,856.35,66.10,0.417,4.185,0.323,banana,fresh
48536140,48002,85.55,856.40,66.05,0.418,4.186,0.323,banana,fresh
48537152,48003,85.30,856.45,66.00,0.417,4.186,0.323,banana,fresh
48538163,48004,85.40,856.60,66.00,0.417,4.187,0.323,banana,fresh
48539173,48005,85.30,856.50,66.05,0.417,4.186,0.323,banana,fresh
48540185,48006,85.55,856.60,66.20,0.418,4.187,0.324,banana,fresh
48541196,48007,85.50,856.65,66.05,0.418,4.187,0.323,banana,fresh
48542208,48008,85.20,856.55,66.15,0.416,4.186,0.323,banana,fresh
48543218,48009,85.40,856.65,66.05,0.417,4.187,0.323,banana,fresh
48544230,48010,85.30,856.60,66.15,0.417,4.187,0.323,banana,fresh
48545241,48011,85.45,856.60,66.10,0.418,4.187,0.323,banana,fresh
48546252,48012,85.45,856.45,66.15,0.418,4.186,0.323,banana,fresh
48547263,48013,85.25,856.80,66.10,0.417,4.188,0.323,banana,fresh
48548274,48014,85.65,856.65,66.10,0.419,4.187,0.323,banana,fresh
48549285,48015,85.40,856.55,66.15,0.417,4.186,0.323,banana,fresh
48550296,48016,85.35,856.65,66.10,0.417,4.187,0.323,banana,fresh
48551308,48017,85.25,856.85,66.05,0.417,4.188,0.323,banana,fresh
48552318,48018,85.55,856.50,66.05,0.418,4.186,0.323,banana,fresh
48553330,48019,85.55,856.55,66.05,0.418,4.186,0.323,banana,fresh
48554341,48020,85.40,856.70,66.10,0.417,4.187,0.323,banana,fresh
48555352,48021,85.60,856.90,66.15,0.418,4.188,0.323,banana,fresh
48556363,48022,85.60,856.90,66.15,0.418,4.188,0.323,banana,fresh
48557374,48023,85.50,856.70,66.05,0.418,4.187,0.323,banana,fresh
48558386,48024,85.50,856.95,66.05,0.418,4.188,0.323,banana,fresh
48559396,48025,85.50,856.95,66.30,0.418,4.188,0.324,banana,fresh
48560408,48026,85.20,856.90,66.15,0.416,4.188,0.323,banana,fresh
48561419,48027,85.50,856.85,66.10,0.418,4.188,0.323,banana,fresh
48562429,48028,85.45,856.70,66.20,0.418,4.187,0.324,banana,fresh
48563441,48029,85.45,856.95,66.05,0.418,4.188,0.323,banana,fresh
48564452,48030,85.55,856.80,66.25,0.418,4.188,0.324,banana,fresh
48565464,48031,85.75,857.00,66.10,0.419,4.189,0.323,banana,fresh
48566474,48032,85.55,856.85,66.10,0.418,4.188,0.323,banana,fresh
48567486,48033,85.50,856.95,66.25,0.418,4.188,0.324,banana,fresh
48568497,48034,85.70,856.95,66.10,0.419,4.188,0.323,banana,fresh
48569508,48035,85.50,856.90,66.40,0.418,4.188,0.325,banana,fresh
48570519,48036,85.55,856.85,66.05,0.418,4.188,0.323,banana,fresh
48571530,48037,85.70,857.00,66.25,0.419,4.189,0.324,banana,fresh
48572541,48038,85.55,856.95,66.35,0.418,4.188,0.324,banana,fresh
48573552,48039,85.70,856.90,66.40,0.419,4.188,0.325,banana,fresh
48574564,48040,85.65,857.00,66.40,0.419,4.189,0.325,banana,fresh
48575575,48041,85.45,857.00,66.35,0.418,4.189,0.324,banana,fresh
48576586,48042,85.70,857.00,66.30,0.419,4.189,0.324,banana,fresh
48577597,48043,85.50,857.00,66.40,0.418,4.189,0.325,banana,fresh
48578608,48044,85.65,856.95,66.25,0.419,4.188,0.324,banana,fresh
48579619,48045,85.85,856.95,66.25,0.420,4.188,0.324,banana,fresh
48580630,48046,85.55,856.95,66.40,0.418,4.188,0.325,banana,fresh
48581642,48047,85.65,857.00,66.50,0.419,4.189,0.325,banana,fresh
48582652,48048,85.95,856.95,66.40,0.420,4.188,0.325,banana,fresh
48583664,48049,85.70,856.95,66.55,0.419,4.188,0.325,banana,fresh
48584675,48050,85.60,857.05,66.30,0.418,4.189,0.324,banana,fresh
48585687,48051,85.70,857.00,66.40,0.419,4.189,0.325,banana,fresh
48586697,48052,85.80,856.95,66.40,0.419,4.188,0.325,banana,fresh
48587708,48053,85.80,857.00,66.35,0.419,4.189,0.324,banana,fresh
48588720,48054,85.65,856.95,66.35,0.419,4.188,0.324,banana,fresh
48589730,48055,85.80,857.00,66.45,0.419,4.189,0.325,banana,fresh
48590742,48056,85.80,857.00,66.50,0.419,4.189,0.325,banana,fresh
48591753,48057,85.85,857.00,66.35,0.420,4.189,0.324,banana,fresh
48592764,48058,85.90,857.00,66.35,0.420,4.189,0.324,banana,fresh
48593775,48059,85.70,857.00,66.40,0.419,4.189,0.325,banana,fresh
48594786,48060,85.85,857.00,66.40,0.420,4.189,0.325,banana,fresh
48595798,48061,85.90,857.00,66.40,0.420,4.189,0.325,banana,fresh
48596808,48062,85.85,857.00,66.50,0.420,4.189,0.325,banana,fresh
48597820,48063,85.75,857.00,66.45,0.419,4.189,0.325,banana,fresh
48598831,48064,85.75,857.00,66.50,0.419,4.189,0.325,banana,fresh
48599842,48065,85.80,857.00,66.60,0.419,4.189,0.326,banana,fresh
48600853,48066,85.80,857.00,66.50,0.419,4.189,0.325,banana,fresh
48601864,48067,85.75,857.05,66.60,0.419,4.189,0.326,banana,fresh
48602875,48068,85.90,857.00,66.35,0.420,4.189,0.324,banana,fresh
48603886,48069,85.90,857.05,66.30,0.420,4.189,0.324,banana,fresh
48604898,48070,85.80,857.00,66.45,0.419,4.189,0.325,banana,fresh
48605908,48071,85.90,857.00,66.35,0.420,4.189,0.324,banana,fresh
48606920,48072,85.75,857.00,66.60,0.419,4.189,0.326,banana,fresh
48607931,48073,85.95,857.00,66.30,0.420,4.189,0.324,banana,fresh
48608942,48074,85.80,857.05,66.50,0.419,4.189,0.325,banana,fresh
48609953,48075,85.95,857.00,66.50,0.420,4.189,0.325,banana,fresh
48610964,48076,85.90,857.10,66.45,0.420,4.189,0.325,banana,fresh
48611976,48077,85.80,857.05,66.70,0.419,4.189,0.326,banana,fresh
48612986,48078,85.95,857.00,66.60,0.420,4.189,0.326,banana,fresh
48613998,48079,85.90,857.00,66.55,0.420,4.189,0.325,banana,fresh
48615009,48080,85.90,857.00,66.55,0.420,4.189,0.325,banana,fresh
48616019,48081,85.85,857.00,66.65,0.420,4.189,0.326,banana,fresh
48617031,48082,85.90,857.00,66.45,0.420,4.189,0.325,banana,fresh
48618042,48083,86.00,857.00,66.55,0.420,4.189,0.325,banana,fresh
48619054,48084,85.85,857.00,66.60,0.420,4.189,0.326,banana,fresh
48620064,48085,85.90,857.15,66.70,0.420,4.189,0.326,banana,fresh
48621076,48086,86.00,857.00,66.45,0.420,4.189,0.325,banana,fresh
48622087,48087,85.95,857.05,66.65,0.420,4.189,0.326,banana,fresh
48623097,48088,85.95,857.05,66.65,0.420,4.189,0.326,banana,fresh
48624109,48089,85.75,857.05,66.50,0.419,4.189,0.325,banana,fresh
48625120,48090,85.80,857.05,66.60,0.419,4.189,0.326,banana,fresh
48626131,48091,85.95,857.00,66.80,0.420,4.189,0.326,banana,fresh
48627142,48092,85.85,857.05,66.60,0.420,4.189,0.326,banana,fresh
48628154,48093,85.90,857.00,66.40,0.420,4.189,0.325,banana,fresh
48629165,48094,86.00,857.00,66.80,0.420,4.189,0.326,banana,fresh
48630175,48095,86.00,857.10,66.70,0.420,4.189,0.326,banana,fresh
48631187,48096,86.00,857.05,66.65,0.420,4.189,0.326,banana,fresh
48632198,48097,85.95,857.05,66.65,0.420,4.189,0.326,banana,fresh
48633209,48098,85.95,857.10,66.65,0.420,4.189,0.326,banana,fresh
48634220,48099,86.00,857.10,66.70,0.420,4.189,0.326,banana,fresh
48635232,48100,85.95,857.05,66.40,0.420,4.189,0.325,banana,fresh
48636242,48101,85.95,857.05,66.55,0.420,4.189,0.325,banana,fresh
48637253,48102,85.95,857.00,66.45,0.420,4.189,0.325,banana,fresh
48638265,48103,86.00,857.05,66.85,0.420,4.189,0.327,banana,fresh
48639276,48104,85.95,857.05,66.55,0.420,4.189,0.325,banana,fresh
48640287,48105,86.00,857.05,66.50,0.420,4.189,0.325,banana,fresh
48641298,48106,86.00,857.05,66.65,0.420,4.189,0.326,banana,fresh
48642310,48107,86.00,857.00,66.80,0.420,4.189,0.326,banana,fresh
48643320,48108,85.95,857.15,66.80,0.420,4.189,0.326,banana,fresh
48644331,48109,86.00,857.15,66.65,0.420,4.189,0.326,banana,fresh
48645343,48110,85.95,857.10,66.70,0.420,4.189,0.326,banana,fresh
48646353,48111,86.00,857.10,66.60,0.420,4.189,0.326,banana,fresh
48647365,48112,85.95,857.05,66.60,0.420,4.189,0.326,banana,fresh
48648376,48113,85.90,857.05,66.65,0.420,4.189,0.326,banana,fresh
48649388,48114,85.95,857.00,66.60,0.420,4.189,0.326,banana,fresh
48650398,48115,85.90,857.10,66.65,0.420,4.189,0.326,banana,fresh
48651409,48116,86.00,857.10,66.80,0.420,4.189,0.326,banana,fresh
48652421,48117,86.00,857.00,66.90,0.420,4.189,0.327,banana,fresh
48653431,48118,86.00,857.05,66.80,0.420,4.189,0.326,banana,fresh
48654443,48119,85.95,857.15,66.80,0.420,4.189,0.326,banana,fresh
48655454,48120,86.00,857.10,66.80,0.420,4.189,0.326,banana,fresh
48656465,48121,85.95,857.20,66.55,0.420,4.190,0.325,banana,fresh
48657476,48122,86.00,857.15,66.80,0.420,4.189,0.326,banana,fresh
48658487,48123,86.00,857.10,66.75,0.420,4.189,0.326,banana,fresh
48659499,48124,86.00,857.25,66.80,0.420,4.190,0.326,banana,fresh
48660509,48125,86.00,857.05,66.40,0.420,4.189,0.325,banana,fresh
48661521,48126,86.00,857.10,66.85,0.420,4.189,0.327,banana,fresh
48662532,48127,86.00,857.00,66.55,0.420,4.189,0.325,banana,fresh
48663543,48128,86.05,857.10,66.70,0.421,4.189,0.326,banana,fresh
48664554,48129,86.00,857.20,66.65,0.420,4.190,0.326,banana,fresh
48665565,48130,86.00,857.10,66.75,0.420,4.189,0.326,banana,fresh
48666576,48131,86.00,857.05,66.75,0.420,4.189,0.326,banana,fresh
48667587,48132,86.00,857.20,66.85,0.420,4.190,0.327,banana,fresh
48668599,48133,86.00,857.10,66.85,0.420,4.189,0.327,banana,fresh
48669609,48134,85.95,857.20,66.50,0.420,4.190,0.325,banana,fresh
48670621,48135,85.95,857.20,66.75,0.420,4.190,0.326,banana,fresh
48671632,48136,86.00,857.05,66.75,0.420,4.189,0.326,banana,fresh
48672643,48137,86.00,857.30,66.80,0.420,4.190,0.326,banana,fresh
48673654,48138,86.00,857.25,66.90,0.420,4.190,0.327,banana,fresh
48674665,48139,86.00,857.20,66.75,0.420,4.190,0.326,banana,fresh
48675677,48140,86.05,857.10,66.80,0.421,4.189,0.326,banana,fresh
48676687,48141,86.05,857.25,66.85,0.421,4.190,0.327,banana,fresh
48677698,48142,86.00,857.35,66.60,0.420,4.190,0.326,banana,fresh
48678710,48143,86.05,857.20,66.65,0.421,4.190,0.326,banana,fresh
48679720,48144,86.00,857.15,66.90,0.420,4.189,0.327,banana,fresh
48680732,48145,86.00,857.45,66.80,0.420,4.191,0.326,banana,fresh
48681743,48146,86.00,857.10,66.75,0.420,4.189,0.326,banana,fresh
48682755,48147,86.00,857.35,66.80,0.420,4.190,0.326,banana,fresh
48683765,48148,86.00,857.20,66.90,0.420,4.190,0.327,banana,fresh
48684776,48149,86.05,857.35,66.75,0.421,4.190,0.326,banana,fresh
48685788,48150,86.00,857.35,66.80,0.420,4.190,0.326,banana,fresh
48686798,48151,86.00,857.30,66.90,0.420,4.190,0.327,banana,fresh
48687810,48152,86.00,857.15,66.95,0.420,4.189,0.327,banana,fresh
48688821,48153,86.00,857.35,66.75,0.420,4.190,0.326,banana,fresh
48689832,48154,86.00,857.30,66.90,0.420,4.190,0.327,banana,fresh
48690843,48155,86.00,857.35,66.85,0.420,4.190,0.327,banana,fresh
48691854,48156,86.05,857.40,66.85,0.421,4.191,0.327,banana,fresh
48692866,48157,86.00,857.50,66.95,0.420,4.191,0.327,banana,fresh
48693876,48158,86.00,857.40,66.95,0.420,4.191,0.327,banana,fresh
48694888,48159,86.10,857.45,66.85,0.421,4.191,0.327,banana,fresh
48695899,48160,86.00,857.55,66.95,0.420,4.191,0.327,banana,fresh
48696910,48161,86.00,857.35,66.95,0.420,4.190,0.327,banana,fresh
48697921,48162,86.00,857.55,66.95,0.420,4.191,0.327,banana,fresh
48698932,48163,86.00,857.45,66.95,0.420,4.191,0.327,banana,fresh
48699943,48164,85.95,857.50,66.95,0.420,4.191,0.327,banana,fresh
48700954,48165,86.05,857.55,66.85,0.421,4.191,0.327,banana,fresh
48701966,48166,86.00,857.50,66.90,0.420,4.191,0.327,banana,fresh
48702977,48167,86.00,857.65,66.85,0.420,4.192,0.327,banana,fresh
48703988,48168,86.05,857.45,66.95,0.421,4.191,0.327,banana,fresh
48704999,48169,86.00,857.55,66.85,0.420,4.191,0.327,banana,fresh
48706010,48170,86.00,857.65,67.00,0.420,4.192,0.327,banana,fresh
48707021,48171,86.00,857.55,67.00,0.420,4.191,0.327,banana,fresh
48708032,48172,86.05,857.75,66.85,0.421,4.192,0.327,banana,fresh
48709044,48173,86.00,857.55,66.95,0.420,4.191,0.327,banana,fresh
48710054,48174,85.95,857.60,66.85,0.420,4.192,0.327,banana,fresh
48711066,48175,86.05,857.75,66.80,0.421,4.192,0.326,banana,fresh
48712077,48176,86.00,857.75,66.95,0.420,4.192,0.327,banana,fresh
48713088,48177,86.00,857.75,67.00,0.420,4.192,0.327,banana,fresh
48714099,48178,86.05,857.65,66.90,0.421,4.192,0.327,banana,fresh
48715110,48179,86.00,857.85,67.00,0.420,4.193,0.327,banana,fresh
48716122,48180,86.00,857.65,66.90,0.420,4.192,0.327,banana,fresh
48717132,48181,86.00,857.55,66.90,0.420,4.191,0.327,banana,fresh
48718144,48182,86.00,857.85,66.90,0.420,4.193,0.327,banana,fresh
48719155,48183,86.05,857.70,67.00,0.421,4.192,0.327,banana,fresh
48720165,48184,86.05,857.90,67.00,0.421,4.193,0.327,banana,fresh
48721177,48185,86.00,857.85,67.00,0.420,4.193,0.327,banana,fresh
48722188,48186,86.00,857.80,66.95,0.420,4.193,0.327,banana,fresh
48723200,48187,86.00,857.80,66.95,0.420,4.193,0.327,banana,fresh
48724210,48188,86.10,857.95,66.90,0.421,4.193,0.327,banana,fresh
48725222,48189,86.10,857.85,66.90,0.421,4.193,0.327,banana,fresh
48726233,48190,86.15,857.85,66.95,0.421,4.193,0.327,banana,fresh
48727243,48191,86.05,857.70,67.00,0.421,4.192,0.327,banana,fresh
48728255,48192,86.05,857.85,66.95,0.421,4.193,0.327,banana,fresh
48729266,48193,86.05,857.90,67.00,0.421,4.193,0.327,banana,fresh
48730277,48194,86.05,858.00,67.00,0.421,4.194,0.327,banana,fresh
48731288,48195,86.05,857.95,66.95,0.421,4.193,0.327,banana,fresh
48732300,48196,86.10,858.00,67.00,0.421,4.194,0.327,banana,fresh
48733310,48197,86.00,857.90,66.90,0.420,4.193,0.327,banana,fresh
48734321,48198,86.15,857.90,67.00,0.421,4.193,0.327,banana,fresh
48735333,48199,86.05,857.95,67.00,0.421,4.193,0.327,banana,fresh
48736344,48200,86.10,857.85,67.00,0.421,4.193,0.327,banana,fresh
48737355,48201,86.10,857.90,66.95,0.421,4.193,0.327,banana,fresh
48738366,48202,86.00,858.00,67.00,0.420,4.194,0.327,banana,fresh
48739378,48203,86.05,857.95,67.00,0.421,4.193,0.327,banana,fresh
48740388,48204,86.20,857.85,67.00,0.421,4.193,0.327,banana,fresh
48741399,48205,86.05,858.00,66.95,0.421,4.194,0.327,banana,fresh
48742411,48206,86.05,857.95,67.00,0.421,4.193,0.327,banana,fresh
48743421,48207,86.15,858.00,67.00,0.421,4.194,0.327,banana,fresh
48744433,48208,86.30,858.00,67.00,0.422,4.194,0.327,banana,fresh
48745444,48209,86.00,858.00,67.00,0.420,4.194,0.327,banana,fresh
48746455,48210,86.05,858.00,67.00,0.421,4.194,0.327,banana,fresh
48747466,48211,86.15,857.90,67.00,0.421,4.193,0.327,banana,fresh
48748477,48212,86.05,857.95,67.00,0.421,4.193,0.327,banana,fresh
48749489,48213,86.00,858.00,66.95,0.420,4.194,0.327,banana,fresh
48750499,48214,86.10,857.95,67.00,0.421,4.193,0.327,banana,fresh
48751511,48215,86.00,858.00,67.00,0.420,4.194,0.327,banana,fresh
48752522,48216,86.15,857.95,67.00,0.421,4.193,0.327,banana,fresh
48753532,48217,86.05,858.00,66.95,0.421,4.194,0.327,banana,fresh
48754544,48218,86.20,857.90,67.00,0.421,4.193,0.327,banana,fresh
48755555,48219,86.00,858.00,67.00,0.420,4.194,0.327,banana,fresh
48756567,48220,86.10,858.00,67.00,0.421,4.194,0.327,banana,fresh
48757577,48221,86.05,858.00,67.00,0.421,4.194,0.327,banana,fresh
48758589,48222,86.20,858.00,66.95,0.421,4.194,0.327,banana,fresh
48759600,48223,86.25,858.00,67.00,0.422,4.194,0.327,banana,fresh
48760610,48224,86.20,858.00,67.00,0.421,4.194,0.327,banana,fresh
48761622,48225,86.10,858.00,67.10,0.421,4.194,0.328,banana,fresh
48762633,48226,86.20,858.00,67.00,0.421,4.194,0.327,banana,fresh
48763644,48227,86.15,858.00,67.00,0.421,4.194,0.327,banana,fresh
48764655,48228,86.20,858.00,67.00,0.421,4.194,0.327,banana,fresh
48765667,48229,86.25,858.00,66.95,0.422,4.194,0.327,banana,fresh
48766678,48230,86.30,858.00,67.00,0.422,4.194,0.327,banana,fresh
48767688,48231,86.15,858.00,67.10,0.421,4.194,0.328,banana,fresh
48768700,48232,86.20,858.00,67.00,0.421,4.194,0.327,banana,fresh
48769711,48233,86.15,858.00,67.00,0.421,4.194,0.327,banana,fresh
48770722,48234,86.35,858.00,67.00,0.422,4.194,0.327,banana,fresh
48771733,48235,86.10,858.00,67.05,0.421,4.194,0.328,banana,fresh
48772745,48236,86.20,858.00,67.05,0.421,4.194,0.328,banana,fresh
48773755,48237,86.25,858.05,67.05,0.422,4.194,0.328,banana,fresh
48774766,48238,86.00,858.05,67.00,0.420,4.194,0.327,banana,fresh
48775778,48239,86.30,858.10,67.05,0.422,4.194,0.328,banana,fresh
48776788,48240,86.20,858.00,67.05,0.421,4.194,0.328,banana,fresh
48777800,48241,86.05,858.00,67.00,0.421,4.194,0.327,banana,fresh
48778811,48242,86.30,858.05,67.05,0.422,4.194,0.328,banana,fresh
48779823,48243,86.10,858.05,67.10,0.421,4.194,0.328,banana,fresh
48780833,48244,86.20,858.00,67.00,0.421,4.194,0.327,banana,fresh
48781844,48245,86.25,858.00,67.10,0.422,4.194,0.328,banana,fresh
48782856,48246,86.30,858.00,67.00,0.422,4.194,0.327,banana,fresh
48783866,48247,86.25,858.00,67.00,0.422,4.194,0.327,banana,fresh
48784878,48248,86.30,858.00,67.05,0.422,4.194,0.328,banana,fresh
48785889,48249,86.40,858.00,67.00,0.422,4.194,0.327,banana,fresh
48786900,48250,86.45,858.00,67.00,0.423,4.194,0.327,banana,fresh
48787911,48251,86.30,858.00,67.00,0.422,4.194,0.327,banana,fresh
48788922,48252,86.50,858.10,67.10,0.423,4.194,0.328,banana,fresh
48789934,48253,86.30,858.05,67.00,0.422,4.194,0.327,banana,fresh
48790944,48254,86.40,858.05,67.15,0.422,4.194,0.328,banana,fresh
48791956,48255,86.35,858.00,67.05,0.422,4.194,0.328,banana,fresh
48792967,48256,86.50,858.10,67.00,0.423,4.194,0.327,banana,fresh
48793978,48257,86.40,858.00,67.00,0.422,4.194,0.327,banana,fresh
48794989,48258,86.35,858.05,67.00,0.422,4.194,0.327,banana,fresh
48796000,48259,86.45,858.05,67.05,0.423,4.194,0.328,banana,fresh
48797011,48260,86.30,858.05,67.10,0.422,4.194,0.328,banana,fresh
48798022,48261,86.40,858.00,67.05,0.422,4.194,0.328,banana,fresh
48799034,48262,86.55,858.00,67.10,0.423,4.194,0.328,banana,fresh
48800045,48263,86.40,858.15,67.05,0.422,4.194,0.328,banana,fresh
48801056,48264,86.35,858.05,67.10,0.422,4.194,0.328,banana,fresh
48802067,48265,86.50,858.10,67.00,0.423,4.194,0.327,banana,fresh
48803078,48266,86.55,858.00,67.05,0.423,4.194,0.328,banana,fresh
48804089,48267,86.40,858.00,67.00,0.422,4.194,0.327,banana,fresh
48805100,48268,86.45,858.05,67.05,0.423,4.194,0.328,banana,fresh
48806112,48269,86.35,858.00,67.00,0.422,4.194,0.327,banana,fresh
48807122,48270,86.40,858.00,67.00,0.422,4.194,0.327,banana,fresh
48808133,48271,86.55,858.10,67.15,0.423,4.194,0.328,banana,fresh
48809145,48272,86.50,858.20,67.00,0.423,4.195,0.327,banana,fresh
48810156,48273,86.45,858.20,67.00,0.423,4.195,0.327,banana,fresh
48811167,48274,86.55,858.15,67.05,0.423,4.194,0.328,banana,fresh
48812178,48275,86.40,858.05,67.05,0.422,4.194,0.328,banana,fresh
48813190,48276,86.40,858.10,67.20,0.422,4.194,0.328,banana,fresh
48814200,48277,86.35,858.05,67.05,0.422,4.194,0.328,banana,fresh
48815212,48278,86.40,858.10,67.05,0.422,4.194,0.328,banana,fresh
48816223,48279,86.55,858.15,67.00,0.423,4.194,0.327,banana,fresh
48817233,48280,86.45,858.00,67.15,0.423,4.194,0.328,banana,fresh
48818245,48281,86.40,858.05,67.00,0.422,4.194,0.327,banana,fresh
48819256,48282,86.40,858.05,67.00,0.422,4.194,0.327,banana,fresh
48820268,48283,86.35,858.25,67.10,0.422,4.195,0.328,banana,fresh
48821278,48284,86.45,858.20,67.05,0.423,4.195,0.328,banana,fresh
48822290,48285,86.45,858.35,67.15,0.423,4.195,0.328,banana,fresh
48823301,48286,86.50,858.10,67.10,0.423,4.194,0.328,banana,fresh
48824311,48287,86.25,858.20,67.05,0.422,4.195,0.328,banana,fresh
48825323,48288,86.60,858.05,67.05,0.423,4.194,0.328,banana,fresh
48826334,48289,86.55,858.05,67.00,0.423,4.194,0.327,banana,fresh
48827345,48290,86.75,858.10,67.10,0.424,4.194,0.328,banana,fresh
48828356,48291,86.70,858.10,67.00,0.424,4.194,0.327,banana,fresh
48829368,48292,86.35,858.00,67.05,0.422,4.194,0.328,banana,fresh
48830379,48293,86.60,858.20,67.05,0.423,4.195,0.328,banana,fresh
48831389,48294,86.60,858.40,67.10,0.423,4.196,0.328,banana,fresh
48832401,48295,86.50,858.20,67.15,0.423,4.195,0.328,banana,fresh
48833412,48296,86.45,858.25,67.05,0.423,4.195,0.328,banana,fresh
48834423,48297,86.55,858.20,67.15,0.423,4.195,0.328,banana,fresh
48835434,48298,86.40,858.30,67.05,0.422,4.195,0.328,banana,fresh
48836446,48299,86.70,858.15,67.05,0.424,4.194,0.328,banana,fresh
48837456,48300,86.70,858.30,67.05,0.424,4.195,0.328,banana,fresh
48838467,48301,86.65,858.05,67.00,0.424,4.194,0.327,banana,fresh
48839479,48302,86.70,858.25,67.10,0.424,4.195,0.328,banana,fresh
48840489,48303,86.40,858.30,67.10,0.422,4.195,0.328,banana,fresh
48841501,48304,86.60,858.15,67.10,0.423,4.194,0.328,banana,fresh
48842512,48305,86.65,858.20,67.20,0.424,4.195,0.328,banana,fresh
48843524,48306,86.65,858.35,67.10,0.424,4.195,0.328,banana,fresh
48844534,48307,86.80,858.30,67.00,0.424,4.195,0.327,banana,fresh
48845546,48308,86.45,858.30,67.05,0.423,4.195,0.328,banana,fresh
48846557,48309,86.60,858.25,67.10,0.423,4.195,0.328,banana,fresh
48847567,48310,86.55,858.20,67.10,0.423,4.195,0.328,banana,fresh
48848579,48311,86.80,858.35,67.00,0.424,4.195,0.327,banana,fresh
48849590,48312,86.80,858.55,67.20,0.424,4.196,0.328,banana,fresh
48850601,48313,86.75,858.35,67.20,0.424,4.195,0.328,banana,fresh
48851612,48314,86.50,858.25,67.10,0.423,4.195,0.328,banana,fresh
48852624,48315,86.75,858.25,67.15,0.424,4.195,0.328,banana,fresh
48853635,48316,86.55,858.25,67.00,0.423,4.195,0.327,banana,fresh
48854645,48317,86.65,858.45,67.15,0.424,4.196,0.328,banana,fresh
48855657,48318,86.70,858.50,67.05,0.424,4.196,0.328,banana,fresh
48856668,48319,86.80,858.30,67.10,0.424,4.195,0.328,banana,fresh
48857679,48320,86.80,858.35,67.15,0.424,4.195,0.328,banana,fresh
48858690,48321,86.75,858.45,67.15,0.424,4.196,0.328,banana,fresh
48859702,48322,86.75,858.45,67.10,0.424,4.196,0.328,banana,fresh
48860712,48323,86.60,858.55,67.20,0.423,4.196,0.328,banana,fresh
48861724,48324,86.50,858.50,67.20,0.423,4.196,0.328,banana,fresh
48862735,48325,86.60,858.30,67.05,0.423,4.195,0.328,banana,fresh
48863746,48326,86.60,858.55,67.15,0.423,4.196,0.328,banana,fresh
48864757,48327,86.75,858.35,67.20,0.424,4.195,0.328,banana,fresh
48865768,48328,86.85,858.40,67.10,0.424,4.196,0.328,banana,fresh
48866780,48329,86.65,858.40,67.10,0.424,4.196,0.328,banana,fresh
48867790,48330,86.90,858.55,67.40,0.425,4.196,0.329,banana,fresh
48868802,48331,86.80,858.40,67.10,0.424,4.196,0.328,banana,fresh
48869813,48332,86.60,858.30,67.30,0.423,4.195,0.329,banana,fresh
48870823,48333,86.65,858.40,67.05,0.424,4.196,0.328,banana,fresh
48871835,48334,86.75,858.35,67.05,0.424,4.195,0.328,banana,fresh
48872846,48335,86.80,858.55,67.10,0.424,4.196,0.328,banana,fresh
48873858,48336,86.80,858.45,67.15,0.424,4.196,0.328,banana,fresh
48874868,48337,86.75,858.60,67.15,0.424,4.196,0.328,banana,fresh
48875880,48338,86.75,858.55,67.05,0.424,4.196,0.328,banana,fresh
48876891,48339,86.65,858.60,67.20,0.424,4.196,0.328,banana,fresh
48877902,48340,86.65,858.60,67.20,0.424,4.196,0.328,banana,fresh
48878913,48341,86.85,858.55,67.20,0.424,4.196,0.328,banana,fresh
48879924,48342,86.75,858.75,67.25,0.424,4.197,0.329,banana,fresh
48880935,48343,86.60,858.75,67.05,0.423,4.197,0.328,banana,fresh
48881946,48344,86.60,858.80,67.05,0.423,4.197,0.328,banana,fresh
48882958,48345,86.65,858.60,67.20,0.424,4.196,0.328,banana,fresh
48883969,48346,86.60,858.65,67.30,0.423,4.197,0.329,banana,fresh
48884980,48347,86.80,858.80,67.20,0.424,4.197,0.328,banana,fresh
48885991,48348,86.75,858.50,67.35,0.424,4.196,0.329,banana,fresh
48887003,48349,86.70,858.70,67.25,0.424,4.197,0.329,banana,fresh
48888013,48350,86.70,858.75,67.15,0.424,4.197,0.328,banana,fresh
48889024,48351,86.80,858.65,67.25,0.424,4.197,0.329,banana,fresh
48890036,48352,86.75,858.65,67.10,0.424,4.197,0.328,banana,fresh
48891046,48353,86.85,858.50,67.15,0.424,4.196,0.328,banana,fresh
48892058,48354,86.80,858.60,67.20,0.424,4.196,0.328,banana,fresh
48893069,48355,86.70,858.70,67.20,0.424,4.197,0.328,banana,fresh
48894081,48356,86.80,858.65,67.10,0.424,4.197,0.328,banana,fresh
48895091,48357,86.70,858.80,67.25,0.424,4.197,0.329,banana,fresh
48896102,48358,86.85,858.65,67.25,0.424,4.197,0.329,banana,fresh
48897114,48359,86.75,858.65,67.35,0.424,4.197,0.329,banana,fresh
48898124,48360,86.95,858.80,67.30,0.425,4.197,0.329,banana,fresh
48899136,48361,86.85,858.75,67.25,0.424,4.197,0.329,banana,fresh
48900147,48362,86.95,858.80,67.30,0.425,4.197,0.329,banana,fresh
48901158,48363,86.70,858.75,67.25,0.424,4.197,0.329,banana,fresh
48902169,48364,86.90,858.90,67.20,0.425,4.198,0.328,banana,fresh
48903180,48365,86.75,858.70,67.35,0.424,4.197,0.329,banana,fresh
48904192,48366,86.90,858.85,67.30,0.425,4.198,0.329,banana,fresh
48905202,48367,86.90,858.80,67.45,0.425,4.197,0.330,banana,fresh
48906214,48368,86.90,858.95,67.15,0.425,4.198,0.328,banana,fresh
48907225,48369,86.85,858.75,67.30,0.424,4.197,0.329,banana,fresh
48908236,48370,86.90,858.90,67.20,0.425,4.198,0.328,banana,fresh
48909247,48371,86.80,858.95,67.30,0.424,4.198,0.329,banana,fresh
48910259,48372,86.95,858.90,67.40,0.425,4.198,0.329,banana,fresh
48911269,48373,86.90,858.90,67.20,0.425,4.198,0.328,banana,fresh
48912280,48374,86.80,858.95,67.30,0.424,4.198,0.329,banana,fresh
48913292,48375,87.00,858.90,67.40,0.425,4.198,0.329,banana,fresh
48914302,48376,86.80,858.90,67.35,0.424,4.198,0.329,banana,fresh
48915314,48377,87.00,858.90,67.30,0.425,4.198,0.329,banana,fresh
48916325,48378,86.95,858.85,67.45,0.425,4.198,0.330,banana,fresh
48917337,48379,86.95,859.00,67.40,0.425,4.198,0.329,banana,fresh
48918347,48380,86.85,858.90,67.30,0.424,4.198,0.329,banana,fresh
48919358,48381,86.95,859.00,67.35,0.425,4.198,0.329,banana,fresh
48920370,48382,86.95,858.95,67.35,0.425,4.198,0.329,banana,fresh
48921380,48383,87.00,859.00,67.25,0.425,4.198,0.329,banana,fresh
48922392,48384,86.95,859.00,67.50,0.425,4.198,0.330,banana,fresh
48923403,48385,86.95,859.00,67.45,0.425,4.198,0.330,banana,fresh
48924414,48386,87.00,859.00,67.50,0.425,4.198,0.330,banana,fresh
48925425,48387,87.00,859.00,67.75,0.425,4.198,0.331,banana,fresh
48926436,48388,86.90,859.00,67.50,0.425,4.198,0.330,banana,fresh
48927448,48389,86.90,859.00,67.35,0.425,4.198,0.329,banana,fresh
48928458,48390,86.90,859.00,67.55,0.425,4.198,0.330,banana,fresh
48929470,48391,86.95,859.00,67.40,0.425,4.198,0.329,banana,fresh
48930481,48392,87.00,859.00,67.70,0.425,4.198,0.331,banana,fresh
48931492,48393,87.00,859.05,67.60,0.425,4.199,0.330,banana,fresh
48932503,48394,87.00,859.00,67.50,0.425,4.198,0.330,banana,fresh
48933514,48395,87.00,859.00,67.60,0.425,4.198,0.330,banana,fresh
48934525,48396,87.00,859.00,67.65,0.425,4.198,0.331,banana,fresh
48935536,48397,86.90,858.95,67.80,0.425,4.198,0.331,banana,fresh
48936548,48398,86.95,859.00,67.60,0.425,4.198,0.330,banana,fresh
48937559,48399,87.00,859.00,67.70,0.425,4.198,0.331,banana,fresh
48938570,48400,87.05,859.10,67.55,0.425,4.199,0.330,banana,fresh
48939581,48401,87.00,859.00,67.85,0.425,4.198,0.332,banana,fresh
48940592,48402,87.00,859.00,67.75,0.425,4.198,0.331,banana,fresh
48941603,48403,87.00,859.00,67.65,0.425,4.198,0.331,banana,fresh
48942614,48404,86.95,859.00,67.75,0.425,4.198,0.331,banana,fresh
48943626,48405,87.00,859.05,67.75,0.425,4.199,0.331,banana,fresh
48944636,48406,87.00,859.00,67.85,0.425,4.198,0.332,banana,fresh
48945647,48407,87.00,859.00,67.80,0.425,4.198,0.331,banana,fresh
48946659,48408,86.95,859.00,67.85,0.425,4.198,0.332,banana,fresh
48947670,48409,87.00,859.00,67.80,0.425,4.198,0.331,banana,fresh
48948681,48410,87.00,859.05,67.75,0.425,4.199,0.331,banana,fresh
48949692,48411,87.05,859.00,67.90,0.425,4.198,0.332,banana,fresh
48950704,48412,87.05,859.05,67.80,0.425,4.199,0.331,banana,fresh
48951714,48413,87.10,859.05,67.85,0.426,4.199,0.332,banana,fresh
48952726,48414,87.05,859.15,67.85,0.425,4.199,0.332,banana,fresh
48953737,48415,87.05,859.00,67.65,0.425,4.198,0.331,banana,fresh
48954747,48416,87.00,859.00,67.80,0.425,4.198,0.331,banana,fresh
48955759,48417,87.00,859.00,67.95,0.425,4.198,0.332,banana,fresh
48956770,48418,87.15,859.00,67.75,0.426,4.198,0.331,banana,fresh
48957782,48419,87.10,859.05,67.85,0.426,4.199,0.332,banana,fresh
48958792,48420,87.10,859.05,67.75,0.426,4.199,0.331,banana,fresh
48959804,48421,87.20,859.10,67.75,0.426,4.199,0.331,banana,fresh
48960815,48422,87.00,859.15,67.90,0.425,4.199,0.332,banana,fresh
48961825,48423,87.05,859.00,67.80,0.425,4.198,0.331,banana,fresh
48962837,48424,87.05,859.15,67.90,0.425,4.199,0.332,banana,fresh
48963848,48425,87.00,859.10,68.00,0.425,4.199,0.332,banana,fresh
48964859,48426,87.05,859.00,67.85,0.425,4.198,0.332,banana,fresh
48965870,48427,87.00,859.05,68.00,0.425,4.199,0.332,banana,fresh
48966882,48428,87.10,859.00,67.95,0.426,4.198,0.332,banana,fresh
48967892,48429,87.15,859.10,67.95,0.426,4.199,0.332,banana,fresh
48968904,48430,87.00,859.10,67.95,0.425,4.199,0.332,banana,fresh
48969915,48431,87.10,859.20,67.80,0.426,4.199,0.331,banana,fresh
48970926,48432,87.05,859.00,67.85,0.425,4.198,0.332,banana,fresh
48971937,48433,87.10,859.05,67.90,0.426,4.199,0.332,banana,fresh
48972948,48434,87.20,859.30,67.90,0.426,4.200,0.332,banana,fresh
48973960,48435,87.10,859.25,67.80,0.426,4.200,0.331,banana,fresh
48974970,48436,87.10,859.10,67.95,0.426,4.199,0.332,banana,fresh
48975982,48437,87.30,859.10,67.80,0.427,4.199,0.331,banana,fresh
48976993,48438,87.05,859.25,67.95,0.425,4.200,0.332,banana,fresh
48978003,48439,87.00,859.20,68.00,0.425,4.199,0.332,banana,fresh
48979015,48440,87.20,859.05,67.95,0.426,4.199,0.332,banana,fresh
48980026,48441,87.25,859.05,68.00,0.426,4.199,0.332,banana,fresh
48981038,48442,87.05,859.10,67.95,0.425,4.199,0.332,banana,fresh
48982048,48443,87.20,859.15,67.85,0.426,4.199,0.332,banana,fresh
48983060,48444,87.15,859.15,68.00,0.426,4.199,0.332,banana,fresh
48984071,48445,87.20,859.25,67.90,0.426,4.200,0.332,banana,fresh
48985081,48446,87.05,859.15,67.85,0.425,4.199,0.332,banana,fresh
48986093,48447,87.00,859.20,67.85,0.425,4.199,0.332,banana,fresh
48987104,48448,87.25,859.20,67.95,0.426,4.199,0.332,banana,fresh
48988115,48449,87.05,859.25,67.95,0.425,4.200,0.332,banana,fresh
48989126,48450,87.15,859.20,68.00,0.426,4.199,0.332,banana,fresh
48990138,48451,87.00,859.05,67.95,0.425,4.199,0.332,banana,fresh
48991149,48452,87.10,859.25,68.00,0.426,4.200,0.332,banana,fresh
48992160,48453,87.15,859.30,68.00,0.426,4.200,0.332,banana,fresh
48993171,48454,87.25,859.35,67.95,0.426,4.200,0.332,banana,fresh
48994182,48455,87.15,859.15,67.95,0.426,4.199,0.332,banana,fresh
48995193,48456,87.05,859.40,68.00,0.425,4.200,0.332,banana,fresh
48996204,48457,87.15,859.25,67.85,0.426,4.200,0.332,banana,fresh
48997216,48458,87.15,859.25,67.95,0.426,4.200,0.332,banana,fresh
48998226,48459,87.10,859.35,67.85,0.426,4.200,0.332,banana,fresh
48999238,48460,87.20,859.20,67.90,0.426,4.199,0.332,banana,fresh
49000249,48461,87.25,859.55,68.00,0.426,4.201,0.332,banana,fresh
49001260,48462,87.20,859.25,68.00,0.426,4.200,0.332,banana,fresh
49002271,48463,87.20,859.40,68.00,0.426,4.200,0.332,banana,fresh
49003282,48464,87.30,859.40,67.85,0.427,4.200,0.332,banana,fresh
49004294,48465,87.40,859.45,67.95,0.427,4.201,0.332,banana,fresh
49005304,48466,87.05,859.20,67.95,0.425,4.199,0.332,banana,fresh
49006316,48467,87.10,859.25,67.95,0.426,4.200,0.332,banana,fresh
49007327,48468,87.20,859.30,67.90,0.426,4.200,0.332,banana,fresh
49008337,48469,87.35,859.45,67.90,0.427,4.201,0.332,banana,fresh
49009349,48470,87.20,859.25,67.90,0.426,4.200,0.332,banana,fresh
49010360,48471,87.25,859.45,67.95,0.426,4.201,0.332,banana,fresh
49011372,48472,87.25,859.40,68.00,0.426,4.200,0.332,banana,fresh
49012382,48473,87.25,859.35,68.00,0.426,4.200,0.332,banana,fresh
49013394,48474,87.40,859.45,68.00,0.427,4.201,0.332,banana,fresh
49014405,48475,87.20,859.45,68.00,0.426,4.201,0.332,banana,fresh
49015415,48476,87.25,859.50,67.90,0.426,4.201,0.332,banana,fresh
49016427,48477,87.40,859.30,68.00,0.427,4.200,0.332,banana,fresh
49017438,48478,87.30,859.25,68.00,0.427,4.200,0.332,banana,fresh
49018449,48479,87.35,859.60,67.95,0.427,4.201,0.332,banana,fresh
49019460,48480,87.20,859.30,67.95,0.426,4.200,0.332,banana,fresh
49020472,48481,87.15,859.50,68.00,0.426,4.201,0.332,banana,fresh
49021483,48482,87.45,859.35,68.00,0.427,4.200,0.332,banana,fresh
49022493,48483,87.30,859.50,67.95,0.427,4.201,0.332,banana,fresh
49023505,48484,87.15,859.55,68.00,0.426,4.201,0.332,banana,fresh
49024516,48485,87.45,859.40,68.00,0.427,4.200,0.332,banana,fresh
49025527,48486,87.20,859.40,68.00,0.426,4.200,0.332,banana,fresh
49026538,48487,87.30,859.55,67.95,0.427,4.201,0.332,banana,fresh
49027550,48488,87.35,859.45,68.00,0.427,4.201,0.332,banana,fresh
49028560,48489,87.35,859.35,67.90,0.427,4.200,0.332,banana,fresh
49029571,48490,87.40,859.30,67.95,0.427,4.200,0.332,banana,fresh
49030583,48491,87.30,859.55,67.95,0.427,4.201,0.332,banana,fresh
49031593,48492,87.25,859.50,67.85,0.426,4.201,0.332,banana,fresh
49032605,48493,87.40,859.55,67.95,0.427,4.201,0.332,banana,fresh
49033616,48494,87.50,859.40,67.90,0.428,4.200,0.332,banana,fresh
49034628,48495,87.30,859.75,68.05,0.427,4.202,0.333,banana,fresh
49035638,48496,87.50,859.50,68.00,0.428,4.201,0.332,banana,fresh
49036649,48497,87.45,859.65,68.00,0.427,4.202,0.332,banana,fresh
49037661,48498,87.40,859.55,68.00,0.427,4.201,0.332,banana,fresh
49038671,48499,87.30,859.70,68.00,0.427,4.202,0.332,banana,fresh
49039683,48500,87.40,859.40,67.95,0.427,4.200,0.332,banana,fresh
49040694,48501,87.30,859.60,68.00,0.427,4.201,0.332,banana,fresh
49041705,48502,87.45,859.75,67.90,0.427,4.202,0.332,banana,fresh
49042716,48503,87.40,859.70,67.95,0.427,4.202,0.332,banana,fresh
49043727,48504,87.55,859.50,67.90,0.428,4.201,0.332,banana,fresh
49044739,48505,87.65,859.50,67.95,0.428,4.201,0.332,banana,fresh
49045749,48506,87.50,859.60,67.95,0.428,4.201,0.332,banana,fresh
49046761,48507,87.50,859.55,68.00,0.428,4.201,0.332,banana,fresh
49047772,48508,87.20,859.75,67.90,0.426,4.202,0.332,banana,fresh
49048783,48509,87.40,859.80,67.95,0.427,4.202,0.332,banana,fresh
49049794,48510,87.55,859.70,68.00,0.428,4.202,0.332,banana,fresh
49050805,48511,87.55,859.90,68.00,0.428,4.203,0.332,banana,fresh
49051816,48512,87.50,859.75,68.00,0.428,4.202,0.332,banana,fresh
49052827,48513,87.40,859.90,68.00,0.427,4.203,0.332,banana,fresh
49053839,48514,87.45,859.70,67.95,0.427,4.202,0.332,banana,fresh
49054850,48515,87.55,859.90,67.95,0.428,4.203,0.332,banana,fresh
49055861,48516,87.65,859.85,67.95,0.428,4.203,0.332,banana,fresh
49056872,48517,87.35,859.75,68.00,0.427,4.202,0.332,banana,fresh
49057883,48518,87.40,859.85,68.00,0.427,4.203,0.332,banana,fresh
49058894,48519,87.45,859.75,68.00,0.427,4.202,0.332,banana,fresh
49059905,48520,87.50,859.85,68.00,0.428,4.203,0.332,banana,fresh
49060917,48521,87.45,859.75,67.95,0.427,4.202,0.332,banana,fresh
49061927,48522,87.40,859.80,68.00,0.427,4.202,0.332,banana,fresh
49062939,48523,87.50,859.85,68.00,0.428,4.203,0.332,banana,fresh
49063950,48524,87.50,859.60,67.95,0.428,4.201,0.332,banana,fresh
49064961,48525,87.65,859.75,68.00,0.428,4.202,0.332,banana,fresh
49065972,48526,87.60,859.80,67.95,0.428,4.202,0.332,banana,fresh
49066983,48527,87.50,859.80,67.95,0.428,4.202,0.332,banana,fresh
49067995,48528,87.55,859.85,68.00,0.428,4.203,0.332,banana,fresh
49069005,48529,87.30,859.85,68.00,0.427,4.203,0.332,banana,fresh
49070017,48530,87.50,859.85,68.00,0.428,4.203,0.332,banana,fresh
49071028,48531,87.70,859.80,67.90,0.429,4.202,0.332,banana,fresh
49072038,48532,87.60,859.85,68.00,0.428,4.203,0.332,banana,fresh
49073050,48533,87.70,859.85,68.00,0.429,4.203,0.332,banana,fresh
49074061,48534,87.65,859.90,68.00,0.428,4.203,0.332,banana,fresh
49075073,48535,87.50,859.85,68.00,0.428,4.203,0.332,banana,fresh
49076083,48536,87.75,860.00,68.00,0.429,4.203,0.332,banana,fresh
49077095,48537,87.70,859.90,67.95,0.429,4.203,0.332,banana,fresh
49078106,48538,87.50,859.95,68.00,0.428,4.203,0.332,banana,fresh
49079116,48539,87.50,859.85,68.00,0.428,4.203,0.332,banana,fresh
49080128,48540,87.65,859.85,68.00,0.428,4.203,0.332,banana,fresh
49081139,48541,87.60,859.85,68.00,0.428,4.203,0.332,banana,fresh
49082150,48542,87.60,859.85,68.00,0.428,4.203,0.332,banana,fresh
49083161,48543,87.60,859.95,67.95,0.428,4.203,0.332,banana,fresh
49084173,48544,87.65,859.95,68.00,0.428,4.203,0.332,banana,fresh
49085184,48545,87.60,859.95,68.00,0.428,4.203,0.332,banana,fresh
49086194,48546,87.60,860.00,68.00,0.428,4.203,0.332,banana,fresh
49087206,48547,87.55,859.95,68.00,0.428,4.203,0.332,banana,fresh
49088217,48548,87.55,860.00,68.00,0.428,4.203,0.332,banana,fresh
49089228,48549,87.80,859.90,67.95,0.429,4.203,0.332,banana,fresh
49090239,48550,87.45,860.00,68.00,0.427,4.203,0.332,banana,fresh
49091251,48551,87.50,860.00,67.95,0.428,4.203,0.332,banana,fresh
49092261,48552,87.75,859.90,68.00,0.429,4.203,0.332,banana,fresh
49093272,48553,87.50,860.00,68.00,0.428,4.203,0.332,banana,fresh
49094284,48554,87.40,860.00,68.00,0.427,4.203,0.332,banana,fresh
49095294,48555,87.50,860.00,68.00,0.428,4.203,0.332,banana,fresh
49096306,48556,87.65,859.95,68.00,0.428,4.203,0.332,banana,fresh
49097317,48557,87.75,859.95,68.00,0.429,4.203,0.332,banana,fresh
49098329,48558,87.90,859.95,67.90,0.430,4.203,0.332,banana,fresh
49099339,48559,87.65,860.00,68.00,0.428,4.203,0.332,banana,fresh
49100350,48560,87.55,859.95,68.00,0.428,4.203,0.332,banana,fresh
49101362,48561,87.65,859.90,68.00,0.428,4.203,0.332,banana,fresh
49102372,48562,87.55,859.95,68.00,0.428,4.203,0.332,banana,fresh
49103384,48563,87.75,860.00,68.00,0.429,4.203,0.332,banana,fresh
49104395,48564,87.75,860.00,68.10,0.429,4.203,0.333,banana,fresh
49105406,48565,87.75,860.00,68.00,0.429,4.203,0.332,banana,fresh
49106417,48566,87.75,860.00,68.00,0.429,4.203,0.332,banana,fresh
49107428,48567,87.70,860.00,68.00,0.429,4.203,0.332,banana,fresh
49108440,48568,87.80,860.00,68.00,0.429,4.203,0.332,banana,fresh
49109450,48569,87.65,860.00,68.00,0.428,4.203,0.332,banana,fresh
49110462,48570,87.75,860.00,68.00,0.429,4.203,0.332,banana,fresh
49111473,48571,87.90,859.95,68.00,0.430,4.203,0.332,banana,fresh
49112484,48572,87.70,860.00,68.00,0.429,4.203,0.332,banana,fresh
49113495,48573,87.65,860.00,68.00,0.428,4.203,0.332,banana,fresh
49114506,48574,87.65,860.00,68.00,0.428,4.203,0.332,banana,fresh
49115517,48575,87.70,860.00,68.00,0.429,4.203,0.332,banana,fresh
49116528,48576,87.70,860.00,68.00,0.429,4.203,0.332,banana,fresh
49117540,48577,87.80,860.00,68.00,0.429,4.203,0.332,banana,fresh
49118551,48578,87.55,860.00,68.00,0.428,4.203,0.332,banana,fresh
49119561,48579,87.65,860.00,68.05,0.428,4.203,0.333,banana,fresh
49120573,48580,87.80,860.05,68.00,0.429,4.204,0.332,banana,fresh
49121584,48581,87.80,860.05,68.00,0.429,4.204,0.332,banana,fresh
49122595,48582,87.70,859.95,68.05,0.429,4.203,0.333,banana,fresh
49123606,48583,87.90,860.00,68.00,0.430,4.203,0.332,banana,fresh
49124618,48584,87.80,860.00,68.00,0.429,4.203,0.332,banana,fresh
49125628,48585,87.80,860.10,68.05,0.429,4.204,0.333,banana,fresh
49126639,48586,87.60,860.00,68.00,0.428,4.203,0.332,banana,fresh
49127651,48587,87.85,860.00,68.00,0.429,4.203,0.332,banana,fresh
49128662,48588,87.75,860.00,68.00,0.429,4.203,0.332,banana,fresh
49129673,48589,87.80,860.00,68.05,0.429,4.203,0.333,banana,fresh
49130684,48590,88.00,860.00,68.05,0.430,4.203,0.333,banana,fresh
49131696,48591,87.90,860.05,68.05,0.430,4.204,0.333,banana,fresh
49132706,48592,87.65,860.05,68.00,0.428,4.204,0.332,banana,fresh
49133717,48593,88.00,860.00,68.05,0.430,4.203,0.333,banana,fresh
49134729,48594,87.70,860.00,68.00,0.429,4.203,0.332,banana,fresh
49135739,48595,87.80,860.10,68.00,0.429,4.204,0.332,banana,fresh
49136751,48596,88.00,860.15,67.95,0.430,4.204,0.332,banana,fresh
49137762,48597,87.85,860.05,68.05,0.429,4.204,0.333,banana,fresh
49138772,48598,87.95,860.00,68.05,0.430,4.203,0.333,banana,fresh
49139784,48599,88.00,860.10,68.10,0.430,4.204,0.333,banana,fresh
49140795,48600,87.85,860.10,68.05,0.429,4.204,0.333,banana,fresh
49141807,48601,87.90,860.05,68.00,0.430,4.204,0.332,banana,fresh
49142817,48602,87.80,860.00,68.00,0.429,4.203,0.332,banana,fresh
49143829,48603,87.90,860.00,68.05,0.430,4.203,0.333,banana,fresh
49144840,48604,88.00,860.05,68.10,0.430,4.204,0.333,banana,fresh
49145850,48605,87.90,860.10,68.05,0.430,4.204,0.333,banana,fresh
49146862,48606,87.90,860.05,68.10,0.430,4.204,0.333,banana,fresh
49147873,48607,87.85,860.20,68.05,0.429,4.204,0.333,banana,fresh
49148884,48608,87.90,860.00,68.10,0.430,4.203,0.333,banana,fresh
49149895,48609,87.95,860.05,68.05,0.430,4.204,0.333,banana,fresh
49150907,48610,88.00,860.25,68.10,0.430,4.205,0.333,banana,fresh
49151918,48611,87.95,860.10,68.10,0.430,4.204,0.333,banana,fresh
49152929,48612,87.95,860.05,68.10,0.430,4.204,0.333,banana,fresh
49153940,48613,87.95,860.15,68.10,0.430,4.204,0.333,banana,fresh
49154951,48614,88.00,860.25,68.05,0.430,4.205,0.333,banana,fresh
49155962,48615,87.95,860.20,68.05,0.430,4.204,0.333,banana,fresh
49156973,48616,88.00,860.15,68.10,0.430,4.204,0.333,banana,fresh
49157985,48617,87.95,860.30,68.10,0.430,4.205,0.333,banana,fresh
49158995,48618,87.90,860.20,68.00,0.430,4.204,0.332,banana,fresh
49160007,48619,88.00,860.35,68.15,0.430,4.205,0.333,banana,fresh
49161018,48620,88.00,860.40,68.15,0.430,4.205,0.333,banana,fresh
49162029,48621,87.95,860.10,68.10,0.430,4.204,0.333,banana,fresh
49163040,48622,88.00,860.45,68.05,0.430,4.206,0.333,banana,fresh
49164051,48623,88.00,860.25,68.15,0.430,4.205,0.333,banana,fresh
49165063,48624,87.95,860.60,68.30,0.430,4.206,0.334,banana,fresh
49166073,48625,88.00,860.30,68.30,0.430,4.205,0.334,banana,fresh
49167085,48626,87.95,860.55,68.25,0.430,4.206,0.334,banana,fresh
49168096,48627,88.00,860.35,68.15,0.430,4.205,0.333,banana,fresh
49169106,48628,88.00,860.50,68.20,0.430,4.206,0.333,banana,fresh
49170118,48629,87.95,860.65,68.20,0.430,4.207,0.333,banana,fresh
49171129,48630,88.00,860.65,68.20,0.430,4.207,0.333,banana,fresh
49172141,48631,88.00,860.40,68.30,0.430,4.205,0.334,banana,fresh
49173151,48632,87.95,860.75,68.25,0.430,4.207,0.334,banana,fresh
49174162,48633,88.00,860.65,68.30,0.430,4.207,0.334,banana,fresh
49175174,48634,88.00,860.80,68.30,0.430,4.207,0.334,banana,fresh
49176184,48635,88.00,860.75,68.35,0.430,4.207,0.334,banana,fresh
49177196,48636,88.00,860.65,68.30,0.430,4.207,0.334,banana,fresh
49178207,48637,88.00,860.70,68.15,0.430,4.207,0.333,banana,fresh
49179218,48638,87.95,860.75,68.45,0.430,4.207,0.335,banana,fresh
49180229,48639,87.95,860.65,68.35,0.430,4.207,0.334,banana,fresh
49181241,48640,88.05,860.80,68.40,0.430,4.207,0.334,banana,fresh
49182252,48641,88.00,860.80,68.40,0.430,4.207,0.334,banana,fresh
49183262,48642,88.00,860.75,68.35,0.430,4.207,0.334,banana,fresh
49184274,48643,88.10,860.80,68.40,0.431,4.207,0.334,banana,fresh
49185285,48644,88.05,860.80,68.40,0.430,4.207,0.334,banana,fresh
49186296,48645,88.00,860.80,68.45,0.430,4.207,0.335,banana,fresh
49187307,48646,88.00,860.95,68.55,0.430,4.208,0.335,banana,fresh
49188319,48647,88.10,860.75,68.55,0.431,4.207,0.335,banana,fresh
49189329,48648,88.05,860.75,68.60,0.430,4.207,0.335,banana,fresh
49190340,48649,88.00,860.80,68.50,0.430,4.207,0.335,banana,fresh
49191352,48650,88.00,860.95,68.35,0.430,4.208,0.334,banana,fresh
49192363,48651,88.00,860.85,68.50,0.430,4.207,0.335,banana,fresh
49193374,48652,88.00,861.00,68.50,0.430,4.208,0.335,banana,fresh
49194385,48653,88.05,861.00,68.60,0.430,4.208,0.335,banana,fresh
49195396,48654,88.10,860.90,68.50,0.431,4.208,0.335,banana,fresh
49196407,48655,88.00,860.95,68.65,0.430,4.208,0.336,banana,fresh
49197418,48656,88.05,860.85,68.60,0.430,4.207,0.335,banana,fresh
49198430,48657,88.00,861.00,68.50,0.430,4.208,0.335,banana,fresh
49199440,48658,88.05,861.00,68.45,0.430,4.208,0.335,banana,fresh
49200452,48659,88.05,860.90,68.55,0.430,4.208,0.335,banana,fresh
49201463,48660,88.00,860.95,68.70,0.430,4.208,0.336,banana,fresh
49202473,48661,88.10,861.00,68.45,0.431,4.208,0.335,banana,fresh
49203485,48662,88.05,861.00,68.65,0.430,4.208,0.336,banana,fresh
49204496,48663,88.20,861.00,68.80,0.431,4.208,0.336,banana,fresh
49205508,48664,88.05,860.90,68.65,0.430,4.208,0.336,banana,fresh
49206518,48665,88.05,861.00,68.70,0.430,4.208,0.336,banana,fresh
49207530,48666,88.05,861.00,68.60,0.430,4.208,0.335,banana,fresh
49208541,48667,88.10,860.95,68.70,0.431,4.208,0.336,banana,fresh
49209551,48668,88.05,861.00,68.75,0.430,4.208,0.336,banana,fresh
49210563,48669,88.10,861.00,68.60,0.431,4.208,0.335,banana,fresh
49211574,48670,88.05,861.00,68.90,0.430,4.208,0.337,banana,fresh
49212585,48671,88.20,861.00,68.60,0.431,4.208,0.335,banana,fresh
49213596,48672,88.10,861.00,68.75,0.431,4.208,0.336,banana,fresh
49214608,48673,88.05,861.00,68.70,0.430,4.208,0.336,banana,fresh
49215619,48674,88.15,861.00,68.80,0.431,4.208,0.336,banana,fresh
49216629,48675,88.00,861.00,68.85,0.430,4.208,0.337,banana,fresh
49217641,48676,88.15,861.00,68.65,0.431,4.208,0.336,banana,fresh
49218652,48677,88.00,861.00,68.80,0.430,4.208,0.336,banana,fresh
49219663,48678,88.05,860.95,68.90,0.430,4.208,0.337,banana,fresh
49220674,48679,88.00,861.00,68.75,0.430,4.208,0.336,banana,fresh
49221685,48680,88.35,861.00,68.75,0.432,4.208,0.336,banana,fresh
49222696,48681,88.10,861.00,68.75,0.431,4.208,0.336,banana,fresh
49223707,48682,88.05,861.00,69.00,0.430,4.208,0.337,banana,fresh
49224719,48683,88.10,861.00,68.80,0.431,4.208,0.336,banana,fresh
49225730,48684,88.10,861.05,68.85,0.431,4.208,0.337,banana,fresh
49226741,48685,88.20,861.00,68.80,0.431,4.208,0.336,banana,fresh
49227752,48686,88.20,861.00,68.80,0.431,4.208,0.336,banana,fresh
49228763,48687,88.05,861.00,68.85,0.430,4.208,0.337,banana,fresh
49229774,48688,88.05,861.00,68.80,0.430,4.208,0.336,banana,fresh
49230785,48689,88.20,861.05,68.90,0.431,4.208,0.337,banana,fresh
49231797,48690,88.05,861.00,68.95,0.430,4.208,0.337,banana,fresh
49232807,48691,88.05,861.00,68.80,0.430,4.208,0.336,banana,fresh
49233819,48692,88.20,861.00,68.85,0.431,4.208,0.337,banana,fresh
49234830,48693,88.30,861.00,68.80,0.432,4.208,0.336,banana,fresh
49235841,48694,88.10,861.05,68.85,0.431,4.208,0.337,banana,fresh
49236852,48695,88.20,861.00,68.85,0.431,4.208,0.337,banana,fresh
49237863,48696,88.10,861.00,68.95,0.431,4.208,0.337,banana,fresh
49238875,48697,88.15,861.00,68.80,0.431,4.208,0.336,banana,fresh
49239885,48698,88.20,861.10,68.90,0.431,4.209,0.337,banana,fresh
49240896,48699,88.30,861.00,69.00,0.432,4.208,0.337,banana,fresh
49241908,48700,88.15,861.05,68.80,0.431,4.208,0.336,banana,fresh
49242918,48701,88.20,861.00,69.00,0.431,4.208,0.337,banana,fresh
49243930,48702,88.20,861.00,68.90,0.431,4.208,0.337,banana,fresh
49244941,48703,88.30,861.05,68.90,0.432,4.208,0.337,banana,fresh
49245953,48704,88.20,861.00,68.80,0.431,4.208,0.336,banana,fresh
49246963,48705,88.15,861.00,68.95,0.431,4.208,0.337,banana,fresh
49247974,48706,88.15,861.00,68.80,0.431,4.208,0.336,banana,fresh
49248986,48707,88.25,861.00,68.95,0.431,4.208,0.337,banana,fresh
49249996,48708,88.40,861.00,68.95,0.432,4.208,0.337,banana,fresh
49251008,48709,88.20,861.05,68.95,0.431,4.208,0.337,banana,fresh
49252019,48710,88.15,861.05,68.95,0.431,4.208,0.337,banana,fresh
49253030,48711,88.30,861.05,68.95,0.432,4.208,0.337,banana,fresh
49254041,48712,88.20,861.00,68.80,0.431,4.208,0.336,banana,fresh
49255052,48713,88.55,861.00,68.95,0.433,4.208,0.337,banana,fresh
49256064,48714,88.20,861.10,68.95,0.431,4.209,0.337,banana,fresh
49257074,48715,88.50,861.05,68.80,0.433,4.208,0.336,banana,fresh
49258086,48716,88.25,861.05,68.80,0.431,4.208,0.336,banana,fresh
49259097,48717,88.30,861.00,68.95,0.432,4.208,0.337,banana,fresh
49260108,48718,88.35,861.05,68.90,0.432,4.208,0.337,banana,fresh
49261119,48719,88.45,861.05,68.95,0.432,4.208,0.337,banana,fresh
49262130,48720,88.45,861.05,68.95,0.432,4.208,0.337,banana,fresh
49263141,48721,88.20,861.00,68.85,0.431,4.208,0.337,banana,fresh
49264152,48722,88.30,861.05,68.85,0.432,4.208,0.337,banana,fresh
49265164,48723,88.30,861.05,68.80,0.432,4.208,0.336,banana,fresh
49266174,48724,88.20,861.00,68.95,0.431,4.208,0.337,banana,fresh
49267186,48725,88.30,861.05,68.90,0.432,4.208,0.337,banana,fresh
49268197,48726,88.40,861.15,68.90,0.432,4.209,0.337,banana,fresh
49269208,48727,88.30,861.15,68.90,0.432,4.209,0.337,banana,fresh
49270219,48728,88.20,861.20,68.90,0.431,4.209,0.337,banana,fresh
49271230,48729,88.25,861.05,68.95,0.431,4.208,0.337,banana,fresh
49272242,48730,88.45,861.00,68.85,0.432,4.208,0.337,banana,fresh
49273252,48731,88.30,861.00,68.85,0.432,4.208,0.337,banana,fresh
49274264,48732,88.40,861.05,69.00,0.432,4.208,0.337,banana,fresh
49275275,48733,88.20,861.05,68.90,0.431,4.208,0.337,banana,fresh
49276285,48734,88.45,861.10,68.90,0.432,4.209,0.337,banana,fresh
49277297,48735,88.35,861.05,68.95,0.432,4.208,0.337,banana,fresh
49278308,48736,88.30,861.10,69.00,0.432,4.209,0.337,banana,fresh
49279320,48737,88.25,861.05,68.90,0.431,4.208,0.337,banana,fresh
49280330,48738,88.30,861.05,68.90,0.432,4.208,0.337,banana,fresh
49281342,48739,88.45,861.05,68.95,0.432,4.208,0.337,banana,fresh
49282353,48740,88.45,861.15,68.85,0.432,4.209,0.337,banana,fresh
49283363,48741,88.40,861.05,68.95,0.432,4.208,0.337,banana,fresh
49284375,48742,88.35,861.10,69.00,0.432,4.209,0.337,banana,fresh
49285386,48743,88.40,861.15,68.95,0.432,4.209,0.337,banana,fresh
49286397,48744,88.40,861.00,68.85,0.432,4.208,0.337,banana,fresh
49287408,48745,88.60,861.05,68.95,0.433,4.208,0.337,banana,fresh
49288420,48746,88.25,861.10,68.85,0.431,4.209,0.337,banana,fresh
49289431,48747,88.55,861.20,68.90,0.433,4.209,0.337,banana,fresh
49290441,48748,88.50,861.10,68.90,0.433,4.209,0.337,banana,fresh
49291453,48749,88.65,861.10,69.00,0.433,4.209,0.337,banana,fresh
49292464,48750,88.45,861.15,69.00,0.432,4.209,0.337,banana,fresh
49293475,48751,88.65,861.15,68.95,0.433,4.209,0.337,banana,fresh
49294486,48752,88.50,861.00,68.95,0.433,4.208,0.337,banana,fresh
49295498,48753,88.55,861.10,69.00,0.433,4.209,0.337,banana,fresh
49296508,48754,88.60,861.20,68.95,0.433,4.209,0.337,banana,fresh
49297519,48755,88.45,861.20,69.00,0.432,4.209,0.337,banana,fresh
49298531,48756,88.45,861.15,68.95,0.432,4.209,0.337,banana,fresh
49299542,48757,88.50,861.15,68.95,0.433,4.209,0.337,banana,fresh
49300553,48758,88.40,861.10,68.90,0.432,4.209,0.337,banana,fresh
49301564,48759,88.50,861.25,68.95,0.433,4.209,0.337,banana,fresh
49302576,48760,88.55,861.10,69.00,0.433,4.209,0.337,banana,fresh
49303586,48761,88.55,861.25,69.00,0.433,4.209,0.337,banana,fresh
49304597,48762,88.50,861.30,69.00,0.433,4.210,0.337,banana,fresh
49305609,48763,88.50,861.15,69.00,0.433,4.209,0.337,banana,fresh
49306619,48764,88.45,861.10,69.00,0.432,4.209,0.337,banana,fresh
49307631,48765,88.55,861.15,69.00,0.433,4.209,0.337,banana,fresh
49308642,48766,88.45,861.25,68.95,0.432,4.209,0.337,banana,fresh
49309654,48767,88.60,861.20,68.90,0.433,4.209,0.337,banana,fresh
49310664,48768,88.45,861.30,68.95,0.432,4.210,0.337,banana,fresh
49311676,48769,88.35,861.35,69.00,0.432,4.210,0.337,banana,fresh
49312687,48770,88.70,861.35,69.00,0.434,4.210,0.337,banana,fresh
49313697,48771,88.65,861.20,69.00,0.433,4.209,0.337,banana,fresh
49314709,48772,88.55,861.15,69.00,0.433,4.209,0.337,banana,fresh
49315720,48773,88.70,861.50,69.00,0.434,4.211,0.337,banana,fresh
49316731,48774,88.60,861.60,68.95,0.433,4.211,0.337,banana,fresh
49317742,48775,88.45,861.25,69.00,0.432,4.209,0.337,banana,fresh
49318754,48776,88.45,861.45,69.00,0.432,4.210,0.337,banana,fresh
49319764,48777,88.70,861.35,68.90,0.434,4.210,0.337,banana,fresh
49320775,48778,88.65,861.25,68.95,0.433,4.209,0.337,banana,fresh
49321787,48779,88.60,861.40,68.95,0.433,4.210,0.337,banana,fresh
49322798,48780,88.80,861.40,69.00,0.434,4.210,0.337,banana,fresh
49323809,48781,88.40,861.40,69.00,0.432,4.210,0.337,banana,fresh
49324820,48782,88.60,861.40,69.00,0.433,4.210,0.337,banana,fresh
49325832,48783,88.90,861.35,69.00,0.435,4.210,0.337,banana,fresh
49326842,48784,88.85,861.30,69.00,0.434,4.210,0.337,banana,fresh
49327853,48785,88.65,861.50,69.00,0.433,4.211,0.337,banana,fresh
49328865,48786,88.50,861.40,68.95,0.433,4.210,0.337,banana,fresh
49329875,48787,88.60,861.25,68.95,0.433,4.209,0.337,banana,fresh
49330887,48788,88.55,861.25,68.95,0.433,4.209,0.337,banana,fresh
49331898,48789,88.75,861.45,69.00,0.434,4.210,0.337,banana,fresh
49332910,48790,88.40,861.35,68.95,0.432,4.210,0.337,banana,fresh
49333920,48791,88.70,861.35,69.00,0.434,4.210,0.337,banana,fresh
49334931,48792,88.75,861.70,68.95,0.434,4.212,0.337,banana,fresh
49335943,48793,88.60,861.60,69.05,0.433,4.211,0.337,banana,fresh
49336953,48794,88.55,861.60,69.00,0.433,4.211,0.337,banana,fresh
49337965,48795,88.75,861.45,69.00,0.434,4.210,0.337,banana,fresh
49338976,48796,88.80,861.60,69.00,0.434,4.211,0.337,banana,fresh
49339987,48797,88.75,861.55,69.00,0.434,4.211,0.337,banana,fresh
49340998,48798,88.70,861.65,69.00,0.434,4.211,0.337,banana,fresh
49342009,48799,88.80,861.60,68.90,0.434,4.211,0.337,banana,fresh
49343021,48800,88.70,861.60,68.95,0.434,4.211,0.337,banana,fresh
49344031,48801,88.60,861.65,69.00,0.433,4.211,0.337,banana,fresh
49345043,48802,88.70,861.35,69.00,0.434,4.210,0.337,banana,fresh
49346054,48803,88.90,861.75,69.00,0.435,4.212,0.337,banana,fresh
49347065,48804,88.75,861.35,69.00,0.434,4.210,0.337,banana,fresh
49348076,48805,88.75,861.55,69.00,0.434,4.211,0.337,banana,fresh
49349087,48806,88.70,861.65,69.10,0.434,4.211,0.338,banana,fresh
49350098,48807,88.65,861.75,69.00,0.433,4.212,0.337,banana,fresh
49351109,48808,88.85,861.65,69.05,0.434,4.211,0.337,banana,fresh
49352121,48809,88.60,861.50,69.00,0.433,4.211,0.337,banana,fresh
49353132,48810,88.90,861.70,69.00,0.435,4.212,0.337,banana,fresh
49354143,48811,88.90,861.55,69.05,0.435,4.211,0.337,banana,fresh
49355154,48812,88.90,861.80,69.00,0.435,4.212,0.337,banana,fresh
49356166,48813,88.75,861.80,69.00,0.434,4.212,0.337,banana,fresh
49357176,48814,88.80,861.60,69.00,0.434,4.211,0.337,banana,fresh
49358187,48815,88.90,861.75,69.00,0.435,4.212,0.337,banana,fresh
49359199,48816,88.85,861.70,69.00,0.434,4.212,0.337,banana,fresh
49360209,48817,88.85,861.90,69.00,0.434,4.213,0.337,banana,fresh
49361221,48818,88.85,861.85,69.00,0.434,4.212,0.337,banana,fresh
49362232,48819,88.85,861.80,69.00,0.434,4.212,0.337,banana,fresh
49363244,48820,88.75,861.90,69.00,0.434,4.213,0.337,banana,fresh
49364254,48821,88.95,861.95,69.00,0.435,4.213,0.337,banana,fresh
49365265,48822,88.75,861.80,69.05,0.434,4.212,0.337,banana,fresh
49366277,48823,88.90,861.85,69.00,0.435,4.212,0.337,banana,fresh
49367287,48824,88.95,861.95,69.05,0.435,4.213,0.337,banana,fresh
49368299,48825,88.85,861.90,69.05,0.434,4.213,0.337,banana,fresh
49369310,48826,88.90,861.90,69.05,0.435,4.213,0.337,banana,fresh
49370321,48827,88.75,861.95,69.10,0.434,4.213,0.338,banana,fresh
49371332,48828,88.90,862.00,69.05,0.435,4.213,0.337,banana,fresh
49372343,48829,88.80,862.00,69.00,0.434,4.213,0.337,banana,fresh
49373355,48830,88.70,861.80,69.00,0.434,4.212,0.337,banana,fresh
49374365,48831,88.85,862.00,69.00,0.434,4.213,0.337,banana,fresh
49375377,48832,89.00,862.00,69.05,0.435,4.213,0.337,banana,fresh
49376388,48833,88.95,861.95,69.00,0.435,4.213,0.337,banana,fresh
49377399,48834,88.95,862.00,69.00,0.435,4.213,0.337,banana,fresh
49378410,48835,88.95,862.05,69.05,0.435,4.213,0.337,banana,fresh
49379421,48836,88.85,862.00,69.05,0.434,4.213,0.337,banana,fresh
49380432,48837,89.00,861.95,69.10,0.435,4.213,0.338,banana,fresh
49381443,48838,88.80,862.00,69.05,0.434,4.213,0.337,banana,fresh
49382455,48839,88.95,861.95,69.05,0.435,4.213,0.337,banana,fresh
49383465,48840,88.95,861.95,69.00,0.435,4.213,0.337,banana,fresh
49384477,48841,88.95,862.00,69.05,0.435,4.213,0.337,banana,fresh
49385488,48842,88.90,861.95,69.05,0.435,4.213,0.337,banana,fresh
49386500,48843,88.85,862.00,69.00,0.434,4.213,0.337,banana,fresh
49387510,48844,88.85,861.95,69.05,0.434,4.213,0.337,banana,fresh
49388521,48845,88.90,862.00,69.00,0.435,4.213,0.337,banana,fresh
49389533,48846,89.00,862.00,69.00,0.435,4.213,0.337,banana,fresh
49390543,48847,88.85,861.95,69.10,0.434,4.213,0.338,banana,fresh
49391555,48848,88.85,862.00,69.05,0.434,4.213,0.337,banana,fresh
49392566,48849,88.95,862.00,69.00,0.435,4.213,0.337,banana,fresh
49393577,48850,88.95,862.00,69.05,0.435,4.213,0.337,banana,fresh
49394588,48851,88.80,862.00,69.05,0.434,4.213,0.337,banana,fresh
49395599,48852,88.95,862.00,69.10,0.435,4.213,0.338,banana,fresh
49396611,48853,88.95,862.00,69.05,0.435,4.213,0.337,banana,fresh
49397621,48854,88.75,862.00,69.05,0.434,4.213,0.337,banana,fresh
49398633,48855,88.95,862.00,69.00,0.435,4.213,0.337,banana,fresh
49399644,48856,88.90,862.00,69.15,0.435,4.213,0.338,banana,fresh
49400655,48857,89.00,862.00,69.10,0.435,4.213,0.338,banana,fresh
49401666,48858,88.95,862.00,69.10,0.435,4.213,0.338,banana,fresh
49402677,48859,89.00,862.00,69.00,0.435,4.213,0.337,banana,fresh
49403688,48860,88.90,862.00,69.05,0.435,4.213,0.337,banana,fresh
49404699,48861,88.95,862.00,69.15,0.435,4.213,0.338,banana,fresh
49405711,48862,88.90,862.00,69.00,0.435,4.213,0.337,banana,fresh
49406722,48863,88.95,862.00,69.05,0.435,4.213,0.337,banana,fresh
49407733,48864,88.90,862.00,69.05,0.435,4.213,0.337,banana,fresh
49408744,48865,88.95,862.00,69.05,0.435,4.213,0.337,banana,fresh
49409755,48866,89.00,862.00,69.05,0.435,4.213,0.337,banana,fresh
49410766,48867,89.00,862.00,69.20,0.435,4.213,0.338,banana,fresh
49411777,48868,88.95,862.00,69.00,0.435,4.213,0.337,banana,fresh
49412789,48869,88.95,862.00,69.15,0.435,4.213,0.338,banana,fresh
49413799,48870,88.95,862.00,69.00,0.435,4.213,0.337,banana,fresh
49414810,48871,88.95,862.00,69.05,0.435,4.213,0.337,banana,fresh
49415822,48872,88.95,862.05,69.05,0.435,4.213,0.337,banana,fresh
49416833,48873,88.90,861.95,69.20,0.435,4.213,0.338,banana,fresh
49417844,48874,88.85,862.00,69.05,0.434,4.213,0.337,banana,fresh
49418855,48875,89.00,862.00,69.10,0.435,4.213,0.338,banana,fresh
49419867,48876,88.95,862.00,69.10,0.435,4.213,0.338,banana,fresh
49420877,48877,88.95,862.00,69.05,0.435,4.213,0.337,banana,fresh
49421888,48878,89.00,862.00,69.00,0.435,4.213,0.337,banana,fresh
49422900,48879,89.00,862.00,69.10,0.435,4.213,0.338,banana,fresh
49423910,48880,88.90,862.00,69.00,0.435,4.213,0.337,banana,fresh
49424922,48881,89.00,862.00,69.00,0.435,4.213,0.337,banana,fresh
49425933,48882,88.90,862.00,69.05,0.435,4.213,0.337,banana,fresh
49426945,48883,89.00,862.00,69.10,0.435,4.213,0.338,banana,fresh
49427955,48884,89.00,862.00,69.05,0.435,4.213,0.337,banana,fresh
49428966,48885,88.95,862.00,69.05,0.435,4.213,0.337,banana,fresh
49429978,48886,89.00,862.00,69.05,0.435,4.213,0.337,banana,fresh
49430988,48887,88.85,862.00,69.05,0.434,4.213,0.337,banana,fresh
49432000,48888,88.90,862.00,69.05,0.435,4.213,0.337,banana,fresh
49433011,48889,89.00,862.00,69.05,0.435,4.213,0.337,banana,fresh
49434022,48890,89.00,862.00,69.00,0.435,4.213,0.337,banana,fresh
49435033,48891,88.95,862.00,69.05,0.435,4.213,0.337,banana,fresh
49436044,48892,89.00,862.00,69.10,0.435,4.213,0.338,banana,fresh
49437056,48893,88.95,862.00,69.00,0.435,4.213,0.337,banana,fresh
49438066,48894,89.00,862.00,69.05,0.435,4.213,0.337,banana,fresh
49439078,48895,89.00,862.00,69.05,0.435,4.213,0.337,banana,fresh
49440089,48896,89.00,862.00,69.05,0.435,4.213,0.337,banana,fresh
49441100,48897,88.85,862.00,69.05,0.434,4.213,0.337,banana,fresh
49442111,48898,89.00,862.00,69.00,0.435,4.213,0.337,banana,fresh
49443122,48899,89.05,862.00,69.15,0.435,4.213,0.338,banana,fresh
49444133,48900,89.00,862.00,69.00,0.435,4.213,0.337,banana,fresh
49445144,48901,89.00,862.00,69.05,0.435,4.213,0.337,banana,fresh
49446156,48902,88.95,862.00,69.00,0.435,4.213,0.337,banana,fresh
49447166,48903,89.05,861.95,69.05,0.435,4.213,0.337,banana,fresh
49448178,48904,89.00,862.00,69.05,0.435,4.213,0.337,banana,fresh
49449189,48905,89.00,862.00,69.05,0.435,4.213,0.337,banana,fresh
49450200,48906,89.00,862.05,69.10,0.435,4.213,0.338,banana,fresh
49451211,48907,88.95,862.00,69.00,0.435,4.213,0.337,banana,fresh
49452222,48908,88.95,862.00,69.00,0.435,4.213,0.337,banana,fresh
49453234,48909,88.90,862.00,69.05,0.435,4.213,0.337,banana,fresh
49454244,48910,89.00,862.00,69.10,0.435,4.213,0.338,banana,fresh
49455255,48911,89.00,862.00,69.00,0.435,4.213,0.337,banana,fresh
49456267,48912,89.00,862.00,69.10,0.435,4.213,0.338,banana,fresh
49457277,48913,89.00,862.00,69.00,0.435,4.213,0.337,banana,fresh
49458289,48914,89.05,862.00,69.15,0.435,4.213,0.338,banana,fresh
49459300,48915,89.00,862.00,69.05,0.435,4.213,0.337,banana,fresh
49460312,48916,89.00,862.00,69.15,0.435,4.213,0.338,banana,fresh
49461322,48917,89.00,862.00,69.05,0.435,4.213,0.337,banana,fresh
49462333,48918,89.00,862.00,69.05,0.435,4.213,0.337,banana,fresh
49463345,48919,88.95,862.00,69.05,0.435,4.213,0.337,banana,fresh
49464355,48920,89.05,862.00,69.00,0.435,4.213,0.337,banana,fresh
49465367,48921,89.00,862.00,69.00,0.435,4.213,0.337,banana,fresh
49466378,48922,89.00,862.00,69.05,0.435,4.213,0.337,banana,fresh
49467389,48923,89.00,862.00,69.05,0.435,4.213,0.337,banana,fresh
49468400,48924,89.00,862.00,69.05,0.435,4.213,0.337,banana,fresh
49469411,48925,88.95,862.00,69.05,0.435,4.213,0.337,banana,fresh
49470423,48926,89.00,862.00,69.10,0.435,4.213,0.338,banana,fresh
49471433,48927,88.95,862.00,69.05,0.435,4.213,0.337,banana,fresh
49472445,48928,89.00,862.00,69.05,0.435,4.213,0.337,banana,fresh
49473456,48929,89.05,862.00,69.00,0.435,4.213,0.337,banana,fresh
49474467,48930,89.05,862.05,69.05,0.435,4.213,0.337,banana,fresh
49475478,48931,89.00,862.05,69.10,0.435,4.213,0.338,banana,fresh
49476489,48932,88.95,862.00,69.05,0.435,4.213,0.337,banana,fresh
49477500,48933,89.00,862.00,69.10,0.435,4.213,0.338,banana,fresh
49478511,48934,89.00,862.05,69.10,0.435,4.213,0.338,banana,fresh
49479523,48935,89.00,862.05,69.25,0.435,4.213,0.338,banana,fresh
49480534,48936,89.00,862.00,69.05,0.435,4.213,0.337,banana,fresh
49481545,48937,89.00,862.00,69.15,0.435,4.213,0.338,banana,fresh
49482556,48938,89.00,862.00,69.00,0.435,4.213,0.337,banana,fresh
49483567,48939,89.00,862.00,69.15,0.435,4.213,0.338,banana,fresh
49484578,48940,88.90,862.05,69.10,0.435,4.213,0.338,banana,fresh
49485589,48941,89.00,862.05,69.05,0.435,4.213,0.337,banana,fresh
49486601,48942,89.05,862.10,69.05,0.435,4.214,0.337,banana,fresh
49487611,48943,89.00,862.05,69.05,0.435,4.213,0.337,banana,fresh
49488622,48944,89.00,862.00,69.15,0.435,4.213,0.338,banana,fresh
49489634,48945,89.00,862.00,69.05,0.435,4.213,0.337,banana,fresh
49490644,48946,89.05,862.00,69.05,0.435,4.213,0.337,banana,fresh
49491656,48947,89.15,862.05,69.10,0.436,4.213,0.338,banana,fresh
49492667,48948,89.00,862.05,69.05,0.435,4.213,0.337,banana,fresh
49493679,48949,89.00,862.00,69.10,0.435,4.213,0.338,banana,fresh
49494689,48950,89.00,862.05,69.10,0.435,4.213,0.338,banana,fresh
49495700,48951,89.05,862.05,69.10,0.435,4.213,0.338,banana,fresh
49496712,48952,89.00,862.10,69.25,0.435,4.214,0.338,banana,fresh
49497722,48953,89.05,862.10,69.15,0.435,4.214,0.338,banana,fresh
49498734,48954,89.05,862.05,69.30,0.435,4.213,0.339,banana,fresh
49499745,48955,89.10,862.10,69.15,0.435,4.214,0.338,banana,fresh
49500756,48956,89.10,862.00,69.20,0.435,4.213,0.338,banana,fresh
49501767,48957,89.00,862.00,69.20,0.435,4.213,0.338,banana,fresh
49502778,48958,89.00,862.10,69.10,0.435,4.214,0.338,banana,fresh
49503790,48959,89.00,862.10,69.25,0.435,4.214,0.338,banana,fresh
49504800,48960,89.10,862.20,69.10,0.435,4.214,0.338,banana,fresh
49505812,48961,89.00,862.10,69.25,0.435,4.214,0.338,banana,fresh
49506823,48962,89.05,862.05,69.35,0.435,4.213,0.339,banana,fresh
49507834,48963,89.05,862.05,69.25,0.435,4.213,0.338,banana,fresh
49508845,48964,89.10,862.05,69.20,0.435,4.213,0.338,banana,fresh
49509857,48965,89.00,862.10,69.15,0.435,4.214,0.338,banana,fresh
49510867,48966,89.00,862.05,69.35,0.435,4.213,0.339,banana,fresh
49511878,48967,88.95,862.10,69.20,0.435,4.214,0.338,banana,fresh
49512890,48968,89.05,862.20,69.20,0.435,4.214,0.338,banana,fresh
49513901,48969,89.00,862.30,69.25,0.435,4.215,0.338,banana,fresh
49514912,48970,89.05,862.15,69.30,0.435,4.214,0.339,banana,fresh
49515923,48971,89.00,862.05,69.35,0.435,4.213,0.339,banana,fresh
49516935,48972,89.05,862.10,69.20,0.435,4.214,0.338,banana,fresh
49517945,48973,89.05,862.15,69.15,0.435,4.214,0.338,banana,fresh
49518957,48974,89.10,862.25,69.05,0.435,4.214,0.337,banana,fresh
49519968,48975,89.00,862.20,69.20,0.435,4.214,0.338,banana,fresh
49520978,48976,89.05,862.15,69.25,0.435,4.214,0.338,banana,fresh
49521990,48977,89.00,862.15,69.15,0.435,4.214,0.338,banana,fresh
49523001,48978,89.05,862.05,69.30,0.435,4.213,0.339,banana,fresh
49524013,48979,89.05,862.00,69.40,0.435,4.213,0.339,banana,fresh
49525023,48980,89.05,862.05,69.05,0.435,4.213,0.337,banana,fresh
49526035,48981,89.15,862.20,69.25,0.436,4.214,0.338,banana,fresh
49527046,48982,89.15,862.25,69.35,0.436,4.214,0.339,banana,fresh
49528056,48983,89.00,862.15,69.35,0.435,4.214,0.339,banana,fresh
49529068,48984,89.05,862.15,69.35,0.435,4.214,0.339,banana,fresh
49530079,48985,89.00,862.25,69.20,0.435,4.214,0.338,banana,fresh
49531090,48986,89.00,862.10,69.10,0.435,4.214,0.338,banana,fresh
49532101,48987,89.05,862.25,69.05,0.435,4.214,0.337,banana,fresh
49533113,48988,89.05,862.00,69.25,0.435,4.213,0.338,banana,fresh
49534124,48989,89.05,862.10,69.10,0.435,4.214,0.338,banana,fresh
49535135,48990,89.00,862.15,69.20,0.435,4.214,0.338,banana,fresh
49536146,48991,89.20,862.15,69.40,0.436,4.214,0.339,banana,fresh
49537157,48992,89.05,862.30,69.30,0.435,4.215,0.339,banana,fresh
49538168,48993,89.05,862.10,69.10,0.435,4.214,0.338,banana,fresh
49539179,48994,89.10,862.30,69.30,0.435,4.215,0.339,banana,fresh
49540191,48995,89.10,862.20,69.25,0.435,4.214,0.338,banana,fresh
49541201,48996,89.00,862.30,69.20,0.435,4.215,0.338,banana,fresh
49542213,48997,89.00,862.25,69.25,0.435,4.214,0.338,banana,fresh
49543224,48998,89.10,862.05,69.30,0.435,4.213,0.339,banana,fresh
49544236,48999,89.10,862.15,69.40,0.435,4.214,0.339,banana,fresh
49545246,49000,89.10,862.15,69.35,0.435,4.214,0.339,banana,fresh
49546257,49001,89.15,862.15,69.45,0.436,4.214,0.339,banana,fresh
49547269,49002,89.20,862.15,69.40,0.436,4.214,0.339,banana,fresh
49548279,49003,89.15,862.35,69.20,0.436,4.215,0.338,banana,fresh
49549291,49004,89.20,862.15,69.25,0.436,4.214,0.338,banana,fresh
49550302,49005,89.30,862.10,69.20,0.436,4.214,0.338,banana,fresh
49551313,49006,89.15,862.30,69.30,0.436,4.215,0.339,banana,fresh
49552324,49007,89.20,862.25,69.20,0.436,4.214,0.338,banana,fresh
49553336,49008,89.20,862.25,69.40,0.436,4.214,0.339,banana,fresh
49554347,49009,89.20,862.50,69.15,0.436,4.216,0.338,banana,fresh
49555357,49010,89.15,862.40,69.40,0.436,4.215,0.339,banana,fresh
49556369,49011,89.05,862.30,69.30,0.435,4.215,0.339,banana,fresh
49557380,49012,89.10,862.35,69.45,0.435,4.215,0.339,banana,fresh
49558391,49013,89.05,862.30,69.20,0.435,4.215,0.338,banana,fresh
49559402,49014,89.05,862.45,69.45,0.435,4.215,0.339,banana,fresh
49560414,49015,89.05,862.40,69.35,0.435,4.215,0.339,banana,fresh
49561424,49016,89.10,862.40,69.40,0.435,4.215,0.339,banana,fresh
49562435,49017,89.15,862.35,69.30,0.436,4.215,0.339,banana,fresh
49563447,49018,89.05,862.30,69.10,0.435,4.215,0.338,banana,fresh
49564457,49019,89.10,862.30,69.35,0.435,4.215,0.339,banana,fresh
49565469,49020,89.20,862.25,69.40,0.436,4.214,0.339,banana,fresh
49566480,49021,89.15,862.30,69.35,0.436,4.215,0.339,banana,fresh
49567492,49022,89.20,862.40,69.35,0.436,4.215,0.339,banana,fresh
49568502,49023,89.20,862.50,69.25,0.436,4.216,0.338,banana,fresh
49569514,49024,89.20,862.55,69.35,0.436,4.216,0.339,banana,fresh
49570525,49025,89.10,862.30,69.30,0.435,4.215,0.339,banana,fresh
49571535,49026,89.20,862.30,69.30,0.436,4.215,0.339,banana,fresh
49572547,49027,89.30,862.40,69.25,0.436,4.215,0.338,banana,fresh
49573558,49028,89.05,862.50,69.20,0.435,4.216,0.338,banana,fresh
49574569,49029,89.10,862.20,69.20,0.435,4.214,0.338,banana,fresh
49575580,49030,89.20,862.20,69.35,0.436,4.214,0.339,banana,fresh
49576592,49031,89.15,862.55,69.45,0.436,4.216,0.339,banana,fresh
49577603,49032,89.20,862.20,69.25,0.436,4.214,0.338,banana,fresh
49578613,49033,89.15,862.35,69.40,0.436,4.215,0.339,banana,fresh
49579625,49034,89.25,862.50,69.50,0.436,4.216,0.340,banana,fresh
49580636,49035,89.10,862.45,69.55,0.435,4.215,0.340,banana,fresh
49581647,49036,89.25,862.55,69.50,0.436,4.216,0.340,banana,fresh
49582658,49037,89.15,862.55,69.35,0.436,4.216,0.339,banana,fresh
49583670,49038,89.20,862.40,69.35,0.436,4.215,0.339,banana,fresh
49584680,49039,89.25,862.55,69.40,0.436,4.216,0.339,banana,fresh
49585692,49040,89.25,862.45,69.65,0.436,4.215,0.340,banana,fresh
49586703,49041,89.35,862.70,69.25,0.437,4.217,0.338,banana,fresh
49587714,49042,89.25,862.60,69.20,0.436,4.216,0.338,banana,fresh
49588725,49043,89.10,862.55,69.40,0.435,4.216,0.339,banana,fresh
49589736,49044,89.20,862.60,69.55,0.436,4.216,0.340,banana,fresh
49590748,49045,89.10,862.35,69.20,0.435,4.215,0.338,banana,fresh
49591758,49046,89.35,862.55,69.40,0.437,4.216,0.339,banana,fresh
49592770,49047,89.20,862.55,69.45,0.436,4.216,0.339,banana,fresh
49593781,49048,89.20,862.55,69.40,0.436,4.216,0.339,banana,fresh
49594791,49049,89.05,862.55,69.40,0.435,4.216,0.339,banana,fresh
49595803,49050,89.25,862.75,69.35,0.436,4.217,0.339,banana,fresh
49596814,49051,89.25,862.55,69.60,0.436,4.216,0.340,banana,fresh
49597826,49052,89.20,862.50,69.35,0.436,4.216,0.339,banana,fresh
49598836,49053,89.35,862.60,69.40,0.437,4.216,0.339,banana,fresh
49599848,49054,89.05,862.50,69.50,0.435,4.216,0.340,banana,fresh
49600859,49055,89.45,862.60,69.40,0.437,4.216,0.339,banana,fresh
49601870,49056,89.20,862.60,69.25,0.436,4.216,0.338,banana,fresh
49602881,49057,89.25,862.70,69.50,0.436,4.217,0.340,banana,fresh
49603892,49058,89.35,862.65,69.30,0.437,4.216,0.339,banana,fresh
49604903,49059,89.45,862.50,69.45,0.437,4.216,0.339,banana,fresh
49605914,49060,89.15,862.40,69.35,0.436,4.215,0.339,banana,fresh
49606926,49061,89.25,862.45,69.35,0.436,4.215,0.339,banana,fresh
49607937,49062,89.30,862.55,69.55,0.436,4.216,0.340,banana,fresh
49608948,49063,89.35,862.60,69.50,0.437,4.216,0.340,banana,fresh
49609959,49064,89.30,862.75,69.55,0.436,4.217,0.340,banana,fresh
49610971,49065,89.30,862.55,69.40,0.436,4.216,0.339,banana,fresh
49611981,49066,89.25,862.45,69.20,0.436,4.215,0.338,banana,fresh
49612992,49067,89.30,862.70,69.60,0.436,4.217,0.340,banana,fresh
49614004,49068,89.30,862.55,69.35,0.436,4.216,0.339,banana,fresh
49615014,49069,89.30,862.50,69.45,0.436,4.216,0.339,banana,fresh
49616026,49070,89.45,862.65,69.30,0.437,4.216,0.339,banana,fresh
49617037,49071,89.45,862.70,69.50,0.437,4.217,0.340,banana,fresh
49618049,49072,89.30,862.70,69.30,0.436,4.217,0.339,banana,fresh
49619059,49073,89.25,862.55,69.20,0.436,4.216,0.338,banana,fresh
49620071,49074,89.50,862.55,69.40,0.437,4.216,0.339,banana,fresh
49621082,49075,89.35,862.80,69.40,0.437,4.217,0.339,banana,fresh
49622092,49076,89.55,862.75,69.60,0.438,4.217,0.340,banana,fresh
49623104,49077,89.25,862.45,69.25,0.436,4.215,0.338,banana,fresh
49624115,49078,89.30,862.75,69.60,0.436,4.217,0.340,banana,fresh
49625126,49079,89.25,862.75,69.45,0.436,4.217,0.339,banana,fresh
49626137,49080,89.25,862.55,69.55,0.436,4.216,0.340,banana,fresh
49627149,49081,89.30,862.75,69.50,0.436,4.217,0.340,banana,fresh
49628160,49082,89.35,862.95,69.45,0.437,4.218,0.339,banana,fresh
49629170,49083,89.50,862.80,69.50,0.437,4.217,0.340,banana,fresh
49630182,49084,89.55,862.65,69.60,0.438,4.216,0.340,banana,fresh
49631193,49085,89.25,862.70,69.30,0.436,4.217,0.339,banana,fresh
49632204,49086,89.40,862.70,69.65,0.437,4.217,0.340,banana,fresh
49633215,49087,89.40,862.55,69.45,0.437,4.216,0.339,banana,fresh
49634227,49088,89.50,862.60,69.65,0.437,4.216,0.340,banana,fresh
49635237,49089,89.30,862.60,69.65,0.436,4.216,0.340,banana,fresh
49636248,49090,89.40,862.85,69.45,0.437,4.217,0.339,banana,fresh
49637260,49091,89.20,862.80,69.60,0.436,4.217,0.340,banana,fresh
49638270,49092,89.55,862.75,69.55,0.438,4.217,0.340,banana,fresh
49639282,49093,89.45,862.85,69.70,0.437,4.217,0.341,banana,fresh
49640293,49094,89.25,862.65,69.45,0.436,4.216,0.339,banana,fresh
49641305,49095,89.35,862.75,69.60,0.437,4.217,0.340,banana,fresh
49642315,49096,89.50,862.75,69.50,0.437,4.217,0.340,banana,fresh
49643327,49097,89.55,862.65,69.50,0.438,4.216,0.340,banana,fresh
49644338,49098,89.45,862.65,69.45,0.437,4.216,0.339,banana,fresh
49645348,49099,89.40,862.75,69.35,0.437,4.217,0.339,banana,fresh
49646360,49100,89.50,862.80,69.45,0.437,4.217,0.339,banana,fresh
49647371,49101,89.35,862.65,69.50,0.437,4.216,0.340,banana,fresh
49648382,49102,89.25,862.80,69.65,0.436,4.217,0.340,banana,fresh
49649393,49103,89.55,862.90,69.60,0.438,4.217,0.340,banana,fresh
49650405,49104,89.40,862.80,69.55,0.437,4.217,0.340,banana,fresh
49651416,49105,89.45,862.80,69.55,0.437,4.217,0.340,banana,fresh
49652427,49106,89.50,862.65,69.60,0.437,4.216,0.340,banana,fresh
49653438,49107,89.60,862.85,69.60,0.438,4.217,0.340,banana,fresh
49654449,49108,89.45,862.85,69.50,0.437,4.217,0.340,banana,fresh
49655460,49109,89.35,862.90,69.50,0.437,4.217,0.340,banana,fresh
49656471,49110,89.40,862.70,69.60,0.437,4.217,0.340,banana,fresh
49657483,49111,89.40,862.70,69.50,0.437,4.217,0.340,banana,fresh
49658493,49112,89.40,862.95,69.60,0.437,4.218,0.340,banana,fresh
49659505,49113,89.65,862.90,69.45,0.438,4.217,0.339,banana,fresh
49660516,49114,89.40,862.85,69.65,0.437,4.217,0.340,banana,fresh
49661527,49115,89.45,862.95,69.50,0.437,4.218,0.340,banana,fresh
49662538,49116,89.70,862.95,69.55,0.438,4.218,0.340,banana,fresh
49663549,49117,89.45,862.95,69.75,0.437,4.218,0.341,banana,fresh
49664561,49118,89.55,862.90,69.70,0.438,4.217,0.341,banana,fresh
49665571,49119,89.50,862.95,69.65,0.437,4.218,0.340,banana,fresh
49666583,49120,89.45,863.00,69.55,0.437,4.218,0.340,banana,fresh
49667594,49121,89.40,863.00,69.65,0.437,4.218,0.340,banana,fresh
49668604,49122,89.40,862.85,69.75,0.437,4.217,0.341,banana,fresh
49669616,49123,89.65,862.90,69.60,0.438,4.217,0.340,banana,fresh
49670627,49124,89.60,863.00,69.60,0.438,4.218,0.340,banana,fresh
49671639,49125,89.65,863.00,69.70,0.438,4.218,0.341,banana,fresh
49672649,49126,89.65,862.95,69.65,0.438,4.218,0.340,banana,fresh
49673661,49127,89.75,863.00,69.70,0.439,4.218,0.341,banana,fresh
49674672,49128,89.45,863.00,69.60,0.437,4.218,0.340,banana,fresh
49675683,49129,89.55,863.00,69.65,0.438,4.218,0.340,banana,fresh
49676694,49130,89.45,862.95,69.70,0.437,4.218,0.341,banana,fresh
49677705,49131,89.60,862.95,69.65,0.438,4.218,0.340,banana,fresh
49678716,49132,89.55,863.00,69.75,0.438,4.218,0.341,banana,fresh
49679727,49133,89.60,863.00,69.60,0.438,4.218,0.340,banana,fresh
49680739,49134,89.65,863.00,69.65,0.438,4.218,0.340,banana,fresh
49681750,49135,89.60,863.00,69.60,0.438,4.218,0.340,banana,fresh
49682761,49136,89.55,862.95,69.70,0.438,4.218,0.341,banana,fresh
49683772,49137,89.70,863.00,69.70,0.438,4.218,0.341,banana,fresh
49684783,49138,89.65,863.00,69.50,0.438,4.218,0.340,banana,fresh
49685794,49139,89.65,862.95,69.65,0.438,4.218,0.340,banana,fresh
49686805,49140,89.55,863.00,69.90,0.438,4.218,0.342,banana,fresh
49687817,49141,89.70,862.95,69.75,0.438,4.218,0.341,banana,fresh
49688827,49142,89.75,862.95,69.45,0.439,4.218,0.339,banana,fresh
49689839,49143,89.75,863.00,69.70,0.439,4.218,0.341,banana,fresh
49690850,49144,89.75,862.95,69.80,0.439,4.218,0.341,banana,fresh
49691862,49145,89.60,863.00,69.90,0.438,4.218,0.342,banana,fresh
49692872,49146,89.65,863.00,69.70,0.438,4.218,0.341,banana,fresh
49693883,49147,89.75,862.95,69.75,0.439,4.218,0.341,banana,fresh
49694895,49148,89.75,863.00,69.65,0.439,4.218,0.340,banana,fresh
49695905,49149,89.70,863.00,69.75,0.438,4.218,0.341,banana,fresh
49696917,49150,89.75,863.00,69.65,0.439,4.218,0.340,banana,fresh
49697928,49151,89.50,863.00,69.70,0.437,4.218,0.341,banana,fresh
49698939,49152,89.85,863.00,69.75,0.439,4.218,0.341,banana,fresh
49699950,49153,89.75,863.00,69.65,0.439,4.218,0.340,banana,fresh
49700961,49154,89.75,863.00,69.85,0.439,4.218,0.341,banana,fresh
49701972,49155,89.80,863.00,69.90,0.439,4.218,0.342,banana,fresh
49702983,49156,89.85,863.00,69.90,0.439,4.218,0.342,banana,fresh
49703995,49157,89.90,863.00,69.75,0.439,4.218,0.341,banana,fresh
49705006,49158,89.95,863.00,69.80,0.440,4.218,0.341,banana,fresh
49706017,49159,89.80,863.00,69.70,0.439,4.218,0.341,banana,fresh
49707028,49160,89.80,863.00,69.95,0.439,4.218,0.342,banana,fresh
49708040,49161,89.80,863.00,69.80,0.439,4.218,0.341,banana,fresh
49709050,49162,89.90,863.00,69.90,0.439,4.218,0.342,banana,fresh
49710061,49163,89.70,863.00,69.95,0.438,4.218,0.342,banana,fresh
49711073,49164,89.95,863.00,69.95,0.440,4.218,0.342,banana,fresh
49712083,49165,89.75,863.00,69.80,0.439,4.218,0.341,banana,fresh
49713095,49166,89.75,863.00,69.80,0.439,4.218,0.341,banana,fresh
49714106,49167,89.75,863.05,69.75,0.439,4.218,0.341,banana,fresh
49715118,49168,89.75,863.00,69.80,0.439,4.218,0.341,banana,fresh
49716128,49169,89.85,863.00,69.75,0.439,4.218,0.341,banana,fresh
49717139,49170,89.75,863.05,69.70,0.439,4.218,0.341,banana,fresh
49718151,49171,89.80,863.00,69.95,0.439,4.218,0.342,banana,fresh
49719161,49172,89.75,863.00,69.80,0.439,4.218,0.341,banana,fresh
49720173,49173,89.85,863.00,69.85,0.439,4.218,0.341,banana,fresh
49721184,49174,89.85,863.00,69.80,0.439,4.218,0.341,banana,fresh
49722195,49175,89.90,863.00,69.75,0.439,4.218,0.341,banana,fresh
49723206,49176,89.90,863.00,69.85,0.439,4.218,0.341,banana,fresh
49724217,49177,89.90,863.00,69.80,0.439,4.218,0.341,banana,fresh
49725229,49178,89.95,863.00,69.90,0.440,4.218,0.342,banana,fresh
49726239,49179,89.70,863.00,69.95,0.438,4.218,0.342,banana,fresh
49727251,49180,89.85,863.00,69.90,0.439,4.218,0.342,banana,fresh
49728262,49181,90.00,863.00,69.85,0.440,4.218,0.341,banana,fresh
49729273,49182,89.95,863.10,69.80,0.440,4.218,0.341,banana,fresh
49730284,49183,89.85,863.00,69.85,0.439,4.218,0.341,banana,fresh
49731295,49184,89.95,863.00,69.85,0.440,4.218,0.341,banana,fresh
49732306,49185,89.75,863.00,69.90,0.439,4.218,0.342,banana,fresh
49733317,49186,89.80,863.00,69.90,0.439,4.218,0.342,banana,fresh
49734329,49187,89.85,863.00,69.95,0.439,4.218,0.342,banana,fresh
49735340,49188,89.90,863.00,69.90,0.439,4.218,0.342,banana,fresh
49736351,49189,89.90,863.10,69.85,0.439,4.218,0.341,banana,fresh
49737362,49190,90.00,863.00,69.80,0.440,4.218,0.341,banana,fresh
49738373,49191,89.90,863.00,69.80,0.439,4.218,0.341,banana,fresh
49739384,49192,89.95,863.00,70.00,0.440,4.218,0.342,banana,fresh
49740395,49193,89.85,863.00,70.00,0.439,4.218,0.342,banana,fresh
49741407,49194,89.90,863.05,69.95,0.439,4.218,0.342,banana,fresh
49742417,49195,89.95,863.05,70.00,0.440,4.218,0.342,banana,fresh
49743429,49196,90.00,863.00,69.90,0.440,4.218,0.342,banana,fresh
49744440,49197,89.80,863.00,69.95,0.439,4.218,0.342,banana,fresh
49745451,49198,89.95,863.00,69.95,0.440,4.218,0.342,banana,fresh
49746462,49199,90.00,863.00,69.95,0.440,4.218,0.342,banana,fresh
49747473,49200,90.00,863.00,69.95,0.440,4.218,0.342,banana,fresh
49748485,49201,89.90,863.00,69.95,0.439,4.218,0.342,banana,fresh
49749495,49202,90.00,863.00,69.80,0.440,4.218,0.341,banana,fresh
49750507,49203,89.85,863.00,69.95,0.439,4.218,0.342,banana,fresh
49751518,49204,89.75,863.05,69.85,0.439,4.218,0.341,banana,fresh
49752528,49205,89.95,863.05,69.90,0.440,4.218,0.342,banana,fresh
49753540,49206,89.80,863.15,70.00,0.439,4.219,0.342,banana,fresh
49754551,49207,89.95,863.10,69.90,0.440,4.218,0.342,banana,fresh
49755563,49208,89.95,863.00,69.85,0.440,4.218,0.341,banana,fresh
49756573,49209,90.00,863.10,70.00,0.440,4.218,0.342,banana,fresh
49757585,49210,89.95,863.10,69.95,0.440,4.218,0.342,banana,fresh
49758596,49211,90.00,863.00,70.00,0.440,4.218,0.342,banana,fresh
49759606,49212,89.90,863.15,70.00,0.439,4.219,0.342,banana,fresh
49760618,49213,90.00,863.10,69.95,0.440,4.218,0.342,banana,fresh
49761629,49214,89.95,863.05,70.00,0.440,4.218,0.342,banana,fresh
49762640,49215,89.90,863.00,69.95,0.439,4.218,0.342,banana,fresh
49763651,49216,89.95,863.05,69.95,0.440,4.218,0.342,banana,fresh
49764663,49217,89.95,863.05,69.95,0.440,4.218,0.342,banana,fresh
49765673,49218,90.00,863.10,69.90,0.440,4.218,0.342,banana,fresh
49766684,49219,89.95,863.00,69.95,0.440,4.218,0.342,banana,fresh
49767696,49220,90.00,863.00,70.00,0.440,4.218,0.342,banana,fresh
49768707,49221,89.95,863.05,69.95,0.440,4.218,0.342,banana,fresh
49769718,49222,90.00,863.15,69.80,0.440,4.219,0.341,banana,fresh
49770729,49223,90.00,863.20,69.90,0.440,4.219,0.342,banana,fresh
49771741,49224,90.00,863.10,70.00,0.440,4.218,0.342,banana,fresh
49772751,49225,89.95,863.05,69.95,0.440,4.218,0.342,banana,fresh
49773762,49226,89.85,863.05,70.00,0.439,4.218,0.342,banana,fresh
49774774,49227,90.00,863.20,70.00,0.440,4.219,0.342,banana,fresh
49775784,49228,90.00,863.10,69.95,0.440,4.218,0.342,banana,fresh
49776796,49229,89.85,863.05,69.95,0.439,4.218,0.342,banana,fresh
49777807,49230,90.00,863.15,70.00,0.440,4.219,0.342,banana,fresh
49778819,49231,89.95,863.05,70.00,0.440,4.218,0.342,banana,fresh
49779829,49232,90.00,863.25,69.95,0.440,4.219,0.342,banana,fresh
49780840,49233,89.95,863.25,70.00,0.440,4.219,0.342,banana,fresh
49781852,49234,89.95,863.10,70.00,0.440,4.218,0.342,banana,fresh
49782862,49235,90.00,863.15,69.95,0.440,4.219,0.342,banana,fresh
49783874,49236,90.00,863.10,70.00,0.440,4.218,0.342,banana,fresh
49784885,49237,90.00,863.30,70.00,0.440,4.219,0.342,banana,fresh
49785895,49238,89.95,863.15,70.00,0.440,4.219,0.342,banana,fresh
49786907,49239,89.95,863.10,70.00,0.440,4.218,0.342,banana,fresh
49787918,49240,90.00,863.15,69.95,0.440,4.219,0.342,banana,fresh
49788930,49241,90.00,863.35,70.00,0.440,4.220,0.342,banana,fresh
49789940,49242,90.00,863.20,69.90,0.440,4.219,0.342,banana,fresh
49790952,49243,90.00,863.30,69.95,0.440,4.219,0.342,banana,fresh
49791963,49244,90.00,863.25,69.95,0.440,4.219,0.342,banana,fresh
49792973,49245,90.00,863.30,70.00,0.440,4.219,0.342,banana,fresh
49793985,49246,90.00,863.20,69.90,0.440,4.219,0.342,banana,fresh
49794996,49247,89.95,863.40,70.00,0.440,4.220,0.342,banana,fresh
49796007,49248,89.95,863.35,70.00,0.440,4.220,0.342,banana,fresh
49797018,49249,89.95,863.10,69.95,0.440,4.218,0.342,banana,fresh
49798030,49250,90.00,863.15,70.00,0.440,4.219,0.342,banana,fresh
49799041,49251,89.95,863.25,70.00,0.440,4.219,0.342,banana,fresh
49800051,49252,90.00,863.20,69.95,0.440,4.219,0.342,banana,fresh
49801063,49253,90.00,863.15,70.00,0.440,4.219,0.342,banana,fresh
49802074,49254,90.00,863.15,70.00,0.440,4.219,0.342,banana,fresh
49803085,49255,90.00,863.10,69.95,0.440,4.218,0.342,banana,fresh
49804096,49256,90.00,863.30,69.95,0.440,4.219,0.342,banana,fresh
49805108,49257,90.00,863.25,69.95,0.440,4.219,0.342,banana,fresh
49806118,49258,90.00,863.10,70.00,0.440,4.218,0.342,banana,fresh
49807129,49259,89.95,863.35,70.00,0.440,4.220,0.342,banana,fresh
49808141,49260,89.95,863.30,70.00,0.440,4.219,0.342,banana,fresh
49809152,49261,90.00,863.30,70.00,0.440,4.219,0.342,banana,fresh
49810163,49262,90.00,863.35,70.00,0.440,4.220,0.342,banana,fresh
49811174,49263,90.00,863.20,70.00,0.440,4.219,0.342,banana,fresh
49812185,49264,90.00,863.15,69.90,0.440,4.219,0.342,banana,fresh
49813196,49265,90.00,863.35,70.00,0.440,4.220,0.342,banana,fresh
49814207,49266,90.00,863.25,69.95,0.440,4.219,0.342,banana,fresh
49815219,49267,90.05,863.30,70.00,0.440,4.219,0.342,banana,fresh
49816229,49268,90.00,863.15,69.95,0.440,4.219,0.342,banana,fresh
49817241,49269,90.00,863.30,69.95,0.440,4.219,0.342,banana,fresh
49818252,49270,90.00,863.40,70.00,0.440,4.220,0.342,banana,fresh
49819262,49271,90.00,863.30,70.00,0.440,4.219,0.342,banana,fresh
49820274,49272,90.00,863.25,70.00,0.440,4.219,0.342,banana,fresh
49821285,49273,90.00,863.25,69.95,0.440,4.219,0.342,banana,fresh
49822297,49274,90.00,863.25,70.00,0.440,4.219,0.342,banana,fresh
49823307,49275,90.00,863.30,70.00,0.440,4.219,0.342,banana,fresh
49824319,49276,90.00,863.55,70.00,0.440,4.221,0.342,banana,fresh
49825330,49277,90.00,863.40,70.00,0.440,4.220,0.342,banana,fresh
49826340,49278,90.00,863.55,70.00,0.440,4.221,0.342,banana,fresh
49827352,49279,90.00,863.35,69.95,0.440,4.220,0.342,banana,fresh
49828363,49280,89.95,863.30,70.00,0.440,4.219,0.342,banana,fresh
49829374,49281,89.95,863.50,70.00,0.440,4.220,0.342,banana,fresh
49830385,49282,90.00,863.40,70.00,0.440,4.220,0.342,banana,fresh
49831396,49283,90.00,863.40,70.05,0.440,4.220,0.342,banana,fresh
49832408,49284,90.00,863.20,70.00,0.440,4.219,0.342,banana,fresh
49833418,49285,89.95,863.30,70.00,0.440,4.219,0.342,banana,fresh
49834430,49286,90.00,863.30,70.00,0.440,4.219,0.342,banana,fresh
49835441,49287,90.00,863.40,70.00,0.440,4.220,0.342,banana,fresh
49836452,49288,90.00,863.40,70.00,0.440,4.220,0.342,banana,fresh
49837463,49289,90.05,863.40,70.00,0.440,4.220,0.342,banana,fresh
49838474,49290,90.00,863.40,70.00,0.440,4.220,0.342,banana,fresh
49839485,49291,90.05,863.25,70.00,0.440,4.219,0.342,banana,fresh
49840496,49292,90.10,863.50,70.00,0.440,4.220,0.342,banana,fresh
49841508,49293,90.10,863.45,70.00,0.440,4.220,0.342,banana,fresh
49842519,49294,90.00,863.35,69.90,0.440,4.220,0.342,banana,fresh
49843530,49295,90.00,863.45,69.90,0.440,4.220,0.342,banana,fresh
49844541,49296,90.00,863.50,70.00,0.440,4.220,0.342,banana,fresh
49845552,49297,90.00,863.50,70.00,0.440,4.220,0.342,banana,fresh
49846563,49298,90.05,863.70,70.05,0.440,4.221,0.342,banana,fresh
49847574,49299,90.00,863.45,70.00,0.440,4.220,0.342,banana,fresh
49848586,49300,90.05,863.40,70.00,0.440,4.220,0.342,banana,fresh
49849596,49301,90.00,863.55,70.00,0.440,4.221,0.342,banana,fresh
49850607,49302,90.00,863.55,70.00,0.440,4.221,0.342,banana,fresh
49851619,49303,90.00,863.40,70.00,0.440,4.220,0.342,banana,fresh
49852630,49304,90.00,863.60,70.00,0.440,4.221,0.342,banana,fresh
49853641,49305,90.00,863.50,70.00,0.440,4.220,0.342,banana,fresh
49854652,49306,90.05,863.55,70.00,0.440,4.221,0.342,banana,fresh
49855663,49307,90.05,863.50,70.00,0.440,4.220,0.342,banana,fresh
49856674,49308,90.00,863.70,70.00,0.440,4.221,0.342,banana,fresh
49857685,49309,90.00,863.80,70.00,0.440,4.222,0.342,banana,fresh
49858697,49310,90.05,863.60,70.00,0.440,4.221,0.342,banana,fresh
49859707,49311,90.15,863.35,70.00,0.441,4.220,0.342,banana,fresh
49860719,49312,90.00,863.65,70.00,0.440,4.221,0.342,banana,fresh
49861730,49313,90.00,863.90,70.00,0.440,4.222,0.342,banana,fresh
49862740,49314,90.00,863.75,70.00,0.440,4.222,0.342,banana,fresh
49863752,49315,90.05,863.75,70.00,0.440,4.222,0.342,banana,fresh
49864763,49316,90.10,863.80,70.00,0.440,4.222,0.342,banana,fresh
49865775,49317,90.05,863.55,70.00,0.440,4.221,0.342,banana,fresh
49866785,49318,90.00,863.70,70.00,0.440,4.221,0.342,banana,fresh
49867797,49319,90.05,863.70,70.00,0.440,4.221,0.342,banana,fresh
49868808,49320,90.05,863.60,70.05,0.440,4.221,0.342,banana,fresh
49869818,49321,90.05,863.80,70.00,0.440,4.222,0.342,banana,fresh
49870830,49322,90.10,863.70,70.00,0.440,4.221,0.342,banana,fresh
49871841,49323,90.00,863.85,70.00,0.440,4.222,0.342,banana,fresh
49872852,49324,90.00,863.80,70.00,0.440,4.222,0.342,banana,fresh
49873863,49325,90.05,863.80,70.00,0.440,4.222,0.342,banana,fresh
49874874,49326,90.00,863.85,70.00,0.440,4.222,0.342,banana,fresh
49875886,49327,90.05,863.90,70.00,0.440,4.222,0.342,banana,fresh
49876896,49328,90.00,863.70,70.00,0.440,4.221,0.342,banana,fresh
49877908,49329,90.00,863.70,70.00,0.440,4.221,0.342,banana,fresh
49878919,49330,90.00,863.95,70.00,0.440,4.223,0.342,banana,fresh
49879930,49331,90.05,863.80,70.00,0.440,4.222,0.342,banana,fresh
49880941,49332,90.15,863.80,70.00,0.441,4.222,0.342,banana,fresh
49881952,49333,90.00,863.90,70.00,0.440,4.222,0.342,banana,fresh
49882963,49334,90.00,863.75,70.00,0.440,4.222,0.342,banana,fresh
49883974,49335,90.05,863.85,70.05,0.440,4.222,0.342,banana,fresh
49884986,49336,90.00,863.80,70.00,0.440,4.222,0.342,banana,fresh
49885997,49337,90.10,863.95,70.05,0.440,4.223,0.342,banana,fresh
49887008,49338,90.20,863.70,70.05,0.441,4.221,0.342,banana,fresh
49888019,49339,90.05,863.95,70.00,0.440,4.223,0.342,banana,fresh
49889030,49340,90.10,863.85,70.00,0.440,4.222,0.342,banana,fresh
49890041,49341,90.10,863.90,70.00,0.440,4.222,0.342,banana,fresh
49891052,49342,90.00,863.95,70.00,0.440,4.223,0.342,banana,fresh
49892064,49343,90.05,863.75,70.00,0.440,4.222,0.342,banana,fresh
49893074,49344,90.05,863.95,70.00,0.440,4.223,0.342,banana,fresh
49894086,49345,90.10,863.90,70.00,0.440,4.222,0.342,banana,fresh
49895097,49346,90.25,863.95,70.00,0.441,4.223,0.342,banana,fresh
49896108,49347,90.15,863.85,70.10,0.441,4.222,0.343,banana,fresh
49897119,49348,90.05,863.90,70.10,0.440,4.222,0.343,banana,fresh
49898130,49349,90.05,863.95,70.05,0.440,4.223,0.342,banana,fresh
49899142,49350,90.00,864.00,70.00,0.440,4.223,0.342,banana,fresh
49900152,49351,90.25,863.95,70.00,0.441,4.223,0.342,banana,fresh
49901164,49352,90.10,863.95,70.05,0.440,4.223,0.342,banana,fresh
49902175,49353,90.05,863.90,70.00,0.440,4.222,0.342,banana,fresh
49903185,49354,90.10,863.90,70.00,0.440,4.222,0.342,banana,fresh
49904197,49355,90.10,863.90,70.05,0.440,4.222,0.342,banana,fresh
49905208,49356,90.20,863.85,70.00,0.441,4.222,0.342,banana,fresh
49906220,49357,90.00,863.95,70.05,0.440,4.223,0.342,banana,fresh
49907230,49358,90.00,863.95,70.00,0.440,4.223,0.342,banana,fresh
49908241,49359,90.10,863.90,70.00,0.440,4.222,0.342,banana,fresh
49909253,49360,90.10,863.85,70.00,0.440,4.222,0.342,banana,fresh
49910263,49361,90.10,863.95,70.00,0.440,4.223,0.342,banana,fresh
49911275,49362,90.10,863.85,70.00,0.440,4.222,0.342,banana,fresh
49912286,49363,90.15,863.95,70.05,0.441,4.223,0.342,banana,fresh
49913297,49364,90.00,863.85,70.00,0.440,4.222,0.342,banana,fresh
49914308,49365,90.15,863.90,70.00,0.441,4.222,0.342,banana,fresh
49915319,49366,90.05,863.95,70.00,0.440,4.223,0.342,banana,fresh
49916331,49367,90.20,863.85,70.00,0.441,4.222,0.342,banana,fresh
49917341,49368,90.05,863.95,70.00,0.440,4.223,0.342,banana,fresh
49918353,49369,90.20,863.95,70.10,0.441,4.223,0.343,banana,fresh
49919364,49370,90.05,863.95,70.00,0.440,4.223,0.342,banana,fresh
49920375,49371,90.10,863.80,70.00,0.440,4.222,0.342,banana,fresh
49921386,49372,90.05,863.95,70.05,0.440,4.223,0.342,banana,fresh
49922398,49373,90.20,863.95,70.00,0.441,4.223,0.342,banana,fresh
49923408,49374,90.10,864.00,70.00,0.440,4.223,0.342,banana,fresh
49924419,49375,90.10,863.95,70.00,0.440,4.223,0.342,banana,fresh
49925431,49376,90.10,863.90,70.00,0.440,4.222,0.342,banana,fresh
49926441,49377,90.25,864.00,70.00,0.441,4.223,0.342,banana,fresh
49927453,49378,90.15,863.95,70.00,0.441,4.223,0.342,banana,fresh
49928464,49379,90.10,863.90,70.00,0.440,4.222,0.342,banana,fresh
49929475,49380,90.05,863.95,70.00,0.440,4.223,0.342,banana,fresh
49930486,49381,90.10,863.90,70.00,0.440,4.222,0.342,banana,fresh
49931497,49382,90.15,863.85,70.00,0.441,4.222,0.342,banana,fresh
49932509,49383,90.10,863.75,70.00,0.440,4.222,0.342,banana,fresh
49933519,49384,90.10,863.90,70.00,0.440,4.222,0.342,banana,fresh
49934531,49385,90.05,863.90,70.00,0.440,4.222,0.342,banana,fresh
49935542,49386,90.15,863.80,70.00,0.441,4.222,0.342,banana,fresh
49936552,49387,90.00,863.90,70.00,0.440,4.222,0.342,banana,fresh
49937564,49388,90.10,863.80,70.10,0.440,4.222,0.343,banana,fresh
49938575,49389,90.20,864.00,70.05,0.441,4.223,0.342,banana,fresh
49939587,49390,90.00,863.80,70.05,0.440,4.222,0.342,banana,fresh
49940597,49391,90.05,863.95,70.00,0.440,4.223,0.342,banana,fresh
49941609,49392,90.10,863.90,70.05,0.440,4.222,0.342,banana,fresh
49942620,49393,90.10,863.95,70.00,0.440,4.223,0.342,banana,fresh
49943630,49394,90.15,863.95,70.00,0.441,4.223,0.342,banana,fresh
49944642,49395,90.00,864.00,70.05,0.440,4.223,0.342,banana,fresh
49945653,49396,90.15,863.85,70.00,0.441,4.222,0.342,banana,fresh
49946664,49397,90.15,863.90,70.05,0.441,4.222,0.342,banana,fresh
49947675,49398,90.20,863.95,70.05,0.441,4.223,0.342,banana,fresh
49948687,49399,90.00,863.95,70.10,0.440,4.223,0.343,banana,fresh
49949698,49400,90.10,863.95,70.00,0.440,4.223,0.342,banana,fresh
49950708,49401,90.05,864.00,70.00,0.440,4.223,0.342,banana,fresh
49951720,49402,90.10,863.95,70.05,0.440,4.223,0.342,banana,fresh
49952731,49403,90.05,863.90,70.00,0.440,4.222,0.342,banana,fresh
49953742,49404,90.20,863.85,70.00,0.441,4.222,0.342,banana,fresh
49954753,49405,90.20,863.95,70.05,0.441,4.223,0.342,banana,fresh
49955765,49406,90.10,864.00,70.00,0.440,4.223,0.342,banana,fresh
49956775,49407,90.05,863.95,70.05,0.440,4.223,0.342,banana,fresh
49957786,49408,90.05,864.00,70.00,0.440,4.223,0.342,banana,fresh
49958798,49409,90.10,864.00,70.00,0.440,4.223,0.342,banana,fresh
49959809,49410,90.15,863.95,70.05,0.441,4.223,0.342,banana,fresh
49960820,49411,90.05,863.95,70.05,0.440,4.223,0.342,banana,fresh
49961831,49412,90.10,864.00,70.00,0.440,4.223,0.342,banana,fresh
49962843,49413,90.15,863.80,70.00,0.441,4.222,0.342,banana,fresh
49963853,49414,90.20,864.00,70.00,0.441,4.223,0.342,banana,fresh
49964864,49415,90.15,864.00,70.00,0.441,4.223,0.342,banana,fresh
49965876,49416,90.05,863.90,70.00,0.440,4.222,0.342,banana,fresh
49966886,49417,90.20,864.00,70.05,0.441,4.223,0.342,banana,fresh
49967898,49418,90.10,863.95,70.05,0.440,4.223,0.342,banana,fresh
49968909,49419,90.10,864.00,70.00,0.440,4.223,0.342,banana,fresh
49969920,49420,90.20,863.90,70.00,0.441,4.222,0.342,banana,fresh
49970931,49421,90.20,864.00,70.05,0.441,4.223,0.342,banana,fresh
49971942,49422,90.20,863.95,70.00,0.441,4.223,0.342,banana,fresh
49972954,49423,90.20,864.00,70.00,0.441,4.223,0.342,banana,fresh
49973964,49424,90.40,864.00,70.15,0.442,4.223,0.343,banana,fresh
49974976,49425,90.35,863.90,70.05,0.442,4.222,0.342,banana,fresh
49975987,49426,90.20,864.00,70.05,0.441,4.223,0.342,banana,fresh
49976997,49427,90.15,863.95,70.10,0.441,4.223,0.343,banana,fresh
49978009,49428,90.15,864.00,70.00,0.441,4.223,0.342,banana,fresh
49979020,49429,90.25,863.85,70.00,0.441,4.222,0.342,banana,fresh
49980032,49430,90.20,863.95,70.00,0.441,4.223,0.342,banana,fresh
49981042,49431,90.30,864.00,70.10,0.441,4.223,0.343,banana,fresh
49982054,49432,90.05,863.95,70.05,0.440,4.223,0.342,banana,fresh
49983065,49433,90.25,863.95,70.05,0.441,4.223,0.342,banana,fresh
49984076,49434,90.20,863.90,69.95,0.441,4.222,0.342,banana,fresh
49985087,49435,90.10,864.00,70.15,0.440,4.223,0.343,banana,fresh
49986098,49436,90.15,863.95,70.05,0.441,4.223,0.342,banana,fresh
49987109,49437,90.10,864.00,70.10,0.440,4.223,0.343,banana,fresh
49988120,49438,90.30,864.00,70.05,0.441,4.223,0.342,banana,fresh
49989132,49439,90.20,864.00,70.10,0.441,4.223,0.343,banana,fresh
49990142,49440,90.25,863.95,70.00,0.441,4.223,0.342,banana,fresh
49991154,49441,90.10,864.00,70.05,0.440,4.223,0.342,banana,fresh
49992165,49442,90.15,864.00,70.05,0.441,4.223,0.342,banana,fresh
49993176,49443,90.15,864.00,70.10,0.441,4.223,0.343,banana,fresh
49994187,49444,90.15,863.95,70.00,0.441,4.223,0.342,banana,fresh
49995198,49445,90.15,864.00,70.05,0.441,4.223,0.342,banana,fresh
49996210,49446,90.10,863.95,70.05,0.440,4.223,0.342,banana,fresh
49997220,49447,90.05,864.00,70.00,0.440,4.223,0.342,banana,fresh
49998232,49448,90.30,864.00,70.00,0.441,4.223,0.342,banana,fresh
49999243,49449,90.05,864.00,70.05,0.440,4.223,0.342,banana,fresh
50000253,49450,90.25,863.95,70.05,0.441,4.223,0.342,banana,fresh
50001265,49451,90.15,864.00,70.00,0.441,4.223,0.342,banana,fresh
50002276,49452,90.20,864.00,70.00,0.441,4.223,0.342,banana,fresh
50003288,49453,90.25,863.90,70.00,0.441,4.222,0.342,banana,fresh
50004298,49454,90.15,864.00,70.05,0.441,4.223,0.342,banana,fresh
50005310,49455,90.15,864.00,70.05,0.441,4.223,0.342,banana,fresh
50006321,49456,90.25,864.00,70.00,0.441,4.223,0.342,banana,fresh
50007331,49457,90.15,864.00,70.10,0.441,4.223,0.343,banana,fresh
50008343,49458,90.25,864.00,70.05,0.441,4.223,0.342,banana,fresh
50009354,49459,90.30,864.00,70.05,0.441,4.223,0.342,banana,fresh
50010365,49460,90.20,864.00,70.05,0.441,4.223,0.342,banana,fresh
50011376,49461,90.15,864.00,70.10,0.441,4.223,0.343,banana,fresh
50012388,49462,90.30,863.95,70.05,0.441,4.223,0.342,banana,fresh
50013399,49463,90.25,864.00,70.05,0.441,4.223,0.342,banana,fresh
50014409,49464,90.20,864.00,70.00,0.441,4.223,0.342,banana,fresh
50015421,49465,90.15,864.00,70.05,0.441,4.223,0.342,banana,fresh
50016432,49466,90.20,864.00,70.00,0.441,4.223,0.342,banana,fresh
50017443,49467,90.15,864.00,70.00,0.441,4.223,0.342,banana,fresh
50018454,49468,90.20,864.00,70.10,0.441,4.223,0.343,banana,fresh
50019466,49469,90.15,864.00,70.00,0.441,4.223,0.342,banana,fresh
50020476,49470,90.35,864.05,70.05,0.442,4.223,0.342,banana,fresh
50021487,49471,90.35,864.00,70.05,0.442,4.223,0.342,banana,fresh
50022499,49472,90.30,864.00,70.10,0.441,4.223,0.343,banana,fresh
50023510,49473,90.20,864.00,70.00,0.441,4.223,0.342,banana,fresh
50024521,49474,90.30,864.00,70.15,0.441,4.223,0.343,banana,fresh
50025532,49475,90.35,864.00,70.10,0.442,4.223,0.343,banana,fresh
50026544,49476,90.30,864.00,70.00,0.441,4.223,0.342,banana,fresh
50027554,49477,90.25,864.00,70.00,0.441,4.223,0.342,banana,fresh
50028565,49478,90.15,864.00,70.10,0.441,4.223,0.343,banana,fresh
50029577,49479,90.35,864.00,70.05,0.442,4.223,0.342,banana,fresh
50030587,49480,90.20,864.00,70.10,0.441,4.223,0.343,banana,fresh
50031599,49481,90.35,864.00,70.00,0.442,4.223,0.342,banana,fresh
50032610,49482,90.35,864.00,70.00,0.442,4.223,0.342,banana,fresh
50033622,49483,90.35,864.05,70.05,0.442,4.223,0.342,banana,fresh
50034632,49484,90.30,864.00,70.00,0.441,4.223,0.342,banana,fresh
50035643,49485,90.40,864.05,70.05,0.442,4.223,0.342,banana,fresh
50036655,49486,90.45,864.00,70.00,0.442,4.223,0.342,banana,fresh
50037665,49487,90.35,864.00,70.05,0.442,4.223,0.342,banana,fresh
50038677,49488,90.15,864.00,70.10,0.441,4.223,0.343,banana,fresh
50039688,49489,90.35,864.10,70.00,0.442,4.223,0.342,banana,fresh
50040699,49490,90.45,864.10,70.05,0.442,4.223,0.342,banana,fresh
50041710,49491,90.30,864.05,70.00,0.441,4.223,0.342,banana,fresh
50042721,49492,90.25,864.00,70.15,0.441,4.223,0.343,banana,fresh
50043732,49493,90.25,864.00,70.20,0.441,4.223,0.343,banana,fresh
50044743,49494,90.20,864.00,70.10,0.441,4.223,0.343,banana,fresh
50045755,49495,90.50,864.00,70.10,0.442,4.223,0.343,banana,fresh
50046766,49496,90.25,864.00,70.10,0.441,4.223,0.343,banana,fresh
50047777,49497,90.35,864.00,70.15,0.442,4.223,0.343,banana,fresh
50048788,49498,90.25,864.00,70.05,0.441,4.223,0.342,banana,fresh
50049799,49499,90.55,864.00,70.00,0.443,4.223,0.342,banana,fresh
50050810,49500,90.35,864.10,70.10,0.442,4.223,0.343,banana,fresh
50051821,49501,90.40,864.00,70.15,0.442,4.223,0.343,banana,fresh
50052833,49502,90.30,864.00,70.00,0.441,4.223,0.342,banana,fresh
50053843,49503,90.40,864.00,70.10,0.442,4.223,0.343,banana,fresh
50054855,49504,90.55,864.10,70.10,0.443,4.223,0.343,banana,fresh
50055866,49505,90.25,864.00,70.30,0.441,4.223,0.344,banana,fresh
50056877,49506,90.35,864.05,70.05,0.442,4.223,0.342,banana,fresh
50057888,49507,90.30,864.00,70.15,0.441,4.223,0.343,banana,fresh
50058899,49508,90.55,864.05,70.10,0.443,4.223,0.343,banana,fresh
50059911,49509,90.40,864.05,70.10,0.442,4.223,0.343,banana,fresh
50060921,49510,90.15,864.00,70.05,0.441,4.223,0.342,banana,fresh
50061933,49511,90.60,864.10,70.05,0.443,4.223,0.342,banana,fresh
50062944,49512,90.40,864.10,70.05,0.442,4.223,0.342,banana,fresh
50063955,49513,90.35,864.00,70.10,0.442,4.223,0.343,banana,fresh
50064966,49514,90.35,864.05,70.00,0.442,4.223,0.342,banana,fresh
50065977,49515,90.30,864.00,70.05,0.441,4.223,0.342,banana,fresh
50066989,49516,90.35,864.05,70.05,0.442,4.223,0.342,banana,fresh
50067999,49517,90.55,864.10,70.10,0.443,4.223,0.343,banana,fresh
50069011,49518,90.75,864.05,70.05,0.444,4.223,0.342,banana,fresh
50070022,49519,90.35,864.15,70.00,0.442,4.224,0.342,banana,fresh
50071033,49520,90.50,864.10,70.10,0.442,4.223,0.343,banana,fresh
50072044,49521,90.50,864.00,70.10,0.442,4.223,0.343,banana,fresh
50073055,49522,90.50,864.15,70.10,0.442,4.224,0.343,banana,fresh
50074066,49523,90.60,864.05,70.05,0.443,4.223,0.342,banana,fresh
50075077,49524,90.30,864.05,70.05,0.441,4.223,0.342,banana,fresh
50076089,49525,90.40,864.10,70.15,0.442,4.223,0.343,banana,fresh
50077100,49526,90.40,864.05,70.15,0.442,4.223,0.343,banana,fresh
50078111,49527,90.50,864.15,70.15,0.442,4.224,0.343,banana,fresh
50079122,49528,90.55,864.05,70.15,0.443,4.223,0.343,banana,fresh
50080134,49529,90.25,864.00,70.20,0.441,4.223,0.343,banana,fresh
50081144,49530,90.55,864.00,70.15,0.443,4.223,0.343,banana,fresh
50082155,49531,90.35,864.05,70.10,0.442,4.223,0.343,banana,fresh
50083167,49532,90.60,864.10,70.00,0.443,4.223,0.342,banana,fresh
50084177,49533,90.45,864.05,70.10,0.442,4.223,0.343,banana,fresh
50085189,49534,90.45,864.20,70.10,0.442,4.224,0.343,banana,fresh
50086200,49535,90.60,864.10,70.15,0.443,4.223,0.343,banana,fresh
50087212,49536,90.55,864.00,70.15,0.443,4.223,0.343,banana,fresh
50088222,49537,90.45,864.05,70.05,0.442,4.223,0.342,banana,fresh
50089234,49538,90.55,864.00,70.05,0.443,4.223,0.342,banana,fresh
50090245,49539,90.65,864.00,70.05,0.443,4.223,0.342,banana,fresh
50091255,49540,90.65,864.05,70.00,0.443,4.223,0.342,banana,fresh
50092267,49541,90.55,864.10,70.05,0.443,4.223,0.342,banana,fresh
50093278,49542,90.50,864.15,70.05,0.442,4.224,0.342,banana,fresh
50094289,49543,90.50,864.10,70.00,0.442,4.223,0.342,banana,fresh
50095300,49544,90.70,864.20,70.05,0.443,4.224,0.342,banana,fresh
50096312,49545,90.50,864.05,70.15,0.442,4.223,0.343,banana,fresh
50097323,49546,90.65,864.00,70.30,0.443,4.223,0.344,banana,fresh
50098333,49547,90.65,864.00,70.20,0.443,4.223,0.343,banana,fresh
50099345,49548,90.35,864.10,70.05,0.442,4.223,0.342,banana,fresh
50100356,49549,90.40,864.15,70.15,0.442,4.224,0.343,banana,fresh
50101367,49550,90.35,864.00,70.20,0.442,4.223,0.343,banana,fresh
50102378,49551,90.60,864.15,70.05,0.443,4.224,0.342,banana,fresh
50103390,49552,90.60,864.05,70.15,0.443,4.223,0.343,banana,fresh
50104400,49553,90.60,864.05,70.20,0.443,4.223,0.343,banana,fresh
50105411,49554,90.80,864.10,70.20,0.444,4.223,0.343,banana,fresh
50106423,49555,90.60,864.10,70.10,0.443,4.223,0.343,banana,fresh
50107433,49556,90.60,864.10,70.10,0.443,4.223,0.343,banana,fresh
50108445,49557,90.60,864.25,70.00,0.443,4.224,0.342,banana,fresh
50109456,49558,90.50,864.15,70.20,0.442,4.224,0.343,banana,fresh
50110468,49559,90.55,864.10,70.15,0.443,4.223,0.343,banana,fresh
50111478,49560,90.55,864.10,70.10,0.443,4.223,0.343,banana,fresh
50112490,49561,90.60,864.20,70.10,0.443,4.224,0.343,banana,fresh
50113501,49562,90.65,864.05,70.25,0.443,4.223,0.343,banana,fresh
50114511,49563,90.40,864.20,70.20,0.442,4.224,0.343,banana,fresh
50115523,49564,90.65,864.10,70.05,0.443,4.223,0.342,banana,fresh
50116534,49565,90.40,864.15,70.10,0.442,4.224,0.343,banana,fresh
50117545,49566,90.65,864.15,70.15,0.443,4.224,0.343,banana,fresh
50118556,49567,90.65,864.30,70.00,0.443,4.224,0.342,banana,fresh
50119568,49568,90.70,864.20,70.20,0.443,4.224,0.343,banana,fresh
50120579,49569,90.60,864.25,70.10,0.443,4.224,0.343,banana,fresh
50121590,49570,90.70,864.15,70.20,0.443,4.224,0.343,banana,fresh
50122601,49571,90.60,864.30,70.30,0.443,4.224,0.344,banana,fresh
50123612,49572,90.70,864.25,70.15,0.443,4.224,0.343,banana,fresh
50124623,49573,90.55,864.30,70.40,0.443,4.224,0.344,banana,fresh
50125634,49574,90.80,864.20,70.20,0.444,4.224,0.343,banana,fresh
50126646,49575,90.50,864.20,70.05,0.442,4.224,0.342,banana,fresh
50127656,49576,90.70,864.25,70.10,0.443,4.224,0.343,banana,fresh
50128668,49577,90.60,864.15,70.15,0.443,4.224,0.343,banana,fresh
50129679,49578,90.70,864.25,70.00,0.443,4.224,0.342,banana,fresh
50130690,49579,90.95,864.35,70.35,0.445,4.225,0.344,banana,fresh
50131701,49580,90.70,864.15,70.20,0.443,4.224,0.343,banana,fresh
50132712,49581,90.75,864.10,70.30,0.444,4.223,0.344,banana,fresh
50133724,49582,90.65,864.35,70.25,0.443,4.225,0.343,banana,fresh
50134734,49583,90.60,864.30,70.15,0.443,4.224,0.343,banana,fresh
50135746,49584,90.60,864.45,70.15,0.443,4.225,0.343,banana,fresh
50136757,49585,90.70,864.35,70.30,0.443,4.225,0.344,banana,fresh
50137768,49586,90.55,864.35,70.25,0.443,4.225,0.343,banana,fresh
50138779,49587,90.75,864.40,70.10,0.444,4.225,0.343,banana,fresh
50139790,49588,90.90,864.40,70.40,0.444,4.225,0.344,banana,fresh
50140802,49589,90.75,864.25,70.25,0.444,4.224,0.343,banana,fresh
50141812,49590,90.70,864.35,70.20,0.443,4.225,0.343,banana,fresh
50142824,49591,90.75,864.40,70.05,0.444,4.225,0.342,banana,fresh
50143835,49592,90.75,864.35,70.20,0.444,4.225,0.343,banana,fresh
50144846,49593,90.50,864.40,70.25,0.442,4.225,0.343,banana,fresh
50145857,49594,90.65,864.45,70.30,0.443,4.225,0.344,banana,fresh
50146869,49595,90.55,864.45,70.25,0.443,4.225,0.343,banana,fresh
50147879,49596,90.75,864.30,70.40,0.444,4.224,0.344,banana,fresh
50148890,49597,90.85,864.25,70.30,0.444,4.224,0.344,banana,fresh
50149902,49598,90.70,864.45,70.35,0.443,4.225,0.344,banana,fresh
50150913,49599,90.75,864.45,70.25,0.444,4.225,0.343,banana,fresh
50151924,49600,90.85,864.45,70.40,0.444,4.225,0.344,banana,fresh
50152935,49601,90.70,864.30,70.20,0.443,4.224,0.343,banana,fresh
50153947,49602,90.90,864.45,70.35,0.444,4.225,0.344,banana,fresh
50154957,49603,90.65,864.50,70.25,0.443,4.225,0.343,banana,fresh
50155969,49604,90.75,864.45,70.30,0.444,4.225,0.344,banana,fresh
50156980,49605,90.75,864.65,70.30,0.444,4.226,0.344,banana,fresh
50157990,49606,90.75,864.40,70.20,0.444,4.225,0.343,banana,fresh
50159002,49607,90.80,864.35,70.25,0.444,4.225,0.343,banana,fresh
50160013,49608,90.80,864.65,70.40,0.444,4.226,0.344,banana,fresh
50161025,49609,90.90,864.45,70.20,0.444,4.225,0.343,banana,fresh
50162035,49610,90.65,864.60,70.30,0.443,4.226,0.344,banana,fresh
50163047,49611,90.80,864.50,70.35,0.444,4.225,0.344,banana,fresh
50164058,49612,90.85,864.55,70.45,0.444,4.226,0.344,banana,fresh
50165068,49613,90.75,864.50,70.35,0.444,4.225,0.344,banana,fresh
50166080,49614,90.70,864.55,70.40,0.443,4.226,0.344,banana,fresh
50167091,49615,90.80,864.65,70.35,0.444,4.226,0.344,banana,fresh
50168102,49616,90.85,864.65,70.35,0.444,4.226,0.344,banana,fresh
50169113,49617,90.80,864.50,70.35,0.444,4.225,0.344,banana,fresh
50170125,49618,90.80,864.55,70.10,0.444,4.226,0.343,banana,fresh
50171136,49619,90.95,864.75,70.30,0.445,4.227,0.344,banana,fresh
50172147,49620,90.80,864.75,70.35,0.444,4.227,0.344,banana,fresh
50173158,49621,90.90,864.75,70.50,0.444,4.227,0.345,banana,fresh
50174169,49622,90.95,864.70,70.35,0.445,4.226,0.344,banana,fresh
50175180,49623,90.85,864.55,70.30,0.444,4.226,0.344,banana,fresh
50176191,49624,90.95,864.55,70.25,0.445,4.226,0.343,banana,fresh
50177203,49625,90.80,864.65,70.40,0.444,4.226,0.344,banana,fresh
50178213,49626,90.80,864.70,70.55,0.444,4.226,0.345,banana,fresh
50179225,49627,90.80,864.75,70.40,0.444,4.227,0.344,banana,fresh
50180236,49628,90.95,864.65,70.20,0.445,4.226,0.343,banana,fresh
50181246,49629,90.80,864.75,70.35,0.444,4.227,0.344,banana,fresh
50182258,49630,90.70,864.80,70.45,0.443,4.227,0.344,banana,fresh
50183269,49631,90.90,864.75,70.35,0.444,4.227,0.344,banana,fresh
50184281,49632,90.95,864.80,70.20,0.445,4.227,0.343,banana,fresh
50185291,49633,90.90,864.85,70.25,0.444,4.227,0.343,banana,fresh
50186303,49634,90.90,864.70,70.25,0.444,4.226,0.343,banana,fresh
50187314,49635,90.90,864.60,70.30,0.444,4.226,0.344,banana,fresh
50188324,49636,90.90,864.65,70.40,0.444,4.226,0.344,banana,fresh
50189336,49637,90.90,864.80,70.30,0.444,4.227,0.344,banana,fresh
50190347,49638,90.80,864.65,70.50,0.444,4.226,0.345,banana,fresh
50191358,49639,90.90,864.85,70.45,0.444,4.227,0.344,banana,fresh
50192369,49640,90.85,864.80,70.50,0.444,4.227,0.345,banana,fresh
50193381,49641,90.80,864.75,70.55,0.444,4.227,0.345,banana,fresh
50194392,49642,90.90,864.90,70.55,0.444,4.227,0.345,banana,fresh
50195403,49643,90.90,864.90,70.55,0.444,4.227,0.345,banana,fresh
50196414,49644,90.95,864.75,70.50,0.445,4.227,0.345,banana,fresh
50197425,49645,90.85,864.85,70.45,0.444,4.227,0.344,banana,fresh
50198436,49646,90.85,864.90,70.40,0.444,4.227,0.344,banana,fresh
50199447,49647,90.85,864.95,70.50,0.444,4.228,0.345,banana,fresh
50200459,49648,90.90,864.85,70.45,0.444,4.227,0.344,banana,fresh
50201469,49649,91.00,864.90,70.35,0.445,4.227,0.344,banana,fresh
50202481,49650,91.00,864.85,70.50,0.445,4.227,0.345,banana,fresh
50203492,49651,90.90,864.80,70.50,0.444,4.227,0.345,banana,fresh
50204503,49652,90.75,864.80,70.50,0.444,4.227,0.345,banana,fresh
50205514,49653,91.00,865.00,70.40,0.445,4.228,0.344,banana,fresh
50206525,49654,90.90,865.00,70.40,0.444,4.228,0.344,banana,fresh
50207537,49655,90.90,864.95,70.35,0.444,4.228,0.344,banana,fresh
50208547,49656,90.90,864.85,70.35,0.444,4.227,0.344,banana,fresh
50209559,49657,91.00,864.90,70.50,0.445,4.227,0.345,banana,fresh
50210570,49658,90.95,864.70,70.50,0.445,4.226,0.345,banana,fresh
50211581,49659,90.90,864.95,70.35,0.444,4.228,0.344,banana,fresh
50212592,49660,90.85,864.85,70.40,0.444,4.227,0.344,banana,fresh
50213603,49661,90.90,864.95,70.35,0.444,4.228,0.344,banana,fresh
50214615,49662,91.00,864.95,70.65,0.445,4.228,0.345,banana,fresh
50215625,49663,90.95,864.95,70.40,0.445,4.228,0.344,banana,fresh
50216637,49664,90.95,865.00,70.55,0.445,4.228,0.345,banana,fresh
50217648,49665,90.95,864.75,70.40,0.445,4.227,0.344,banana,fresh
50218659,49666,90.95,864.80,70.60,0.445,4.227,0.345,banana,fresh
50219670,49667,90.95,864.85,70.30,0.445,4.227,0.344,banana,fresh
50220682,49668,90.95,864.90,70.55,0.445,4.227,0.345,banana,fresh
50221692,49669,91.00,864.95,70.55,0.445,4.228,0.345,banana,fresh
50222703,49670,90.85,864.90,70.45,0.444,4.227,0.344,banana,fresh
50223715,49671,90.95,864.90,70.50,0.445,4.227,0.345,banana,fresh
50224726,49672,90.90,864.95,70.50,0.444,4.228,0.345,banana,fresh
50225737,49673,90.95,864.95,70.35,0.445,4.228,0.344,banana,fresh
50226748,49674,90.95,865.00,70.55,0.445,4.228,0.345,banana,fresh
50227760,49675,90.95,865.00,70.55,0.445,4.228,0.345,banana,fresh
50228770,49676,90.95,864.95,70.55,0.445,4.228,0.345,banana,fresh
50229781,49677,90.90,864.85,70.45,0.444,4.227,0.344,banana,fresh
50230793,49678,90.90,864.95,70.45,0.444,4.228,0.344,banana,fresh
50231803,49679,90.95,865.00,70.50,0.445,4.228,0.345,banana,fresh
50232815,49680,90.90,864.95,70.35,0.444,4.228,0.344,banana,fresh
50233826,49681,91.00,864.95,70.65,0.445,4.228,0.345,banana,fresh
50234838,49682,91.00,864.90,70.40,0.445,4.227,0.344,banana,fresh
50235848,49683,90.95,864.95,70.60,0.445,4.228,0.345,banana,fresh
50236859,49684,90.95,864.95,70.85,0.445,4.228,0.346,banana,fresh
50237871,49685,90.95,864.95,70.55,0.445,4.228,0.345,banana,fresh
50238881,49686,90.95,865.00,70.55,0.445,4.228,0.345,banana,fresh
50239893,49687,91.00,865.00,70.55,0.445,4.228,0.345,banana,fresh
50240904,49688,90.95,865.00,70.55,0.445,4.228,0.345,banana,fresh
50241915,49689,90.90,864.95,70.30,0.444,4.228,0.344,banana,fresh
50242926,49690,90.95,865.00,70.80,0.445,4.228,0.346,banana,fresh
50243938,49691,91.00,865.00,70.65,0.445,4.228,0.345,banana,fresh
50244948,49692,90.95,865.00,70.55,0.445,4.228,0.345,banana,fresh
50245959,49693,90.95,865.00,70.75,0.445,4.228,0.346,banana,fresh
50246971,49694,90.95,865.05,70.60,0.445,4.228,0.345,banana,fresh
50247982,49695,91.00,865.00,70.55,0.445,4.228,0.345,banana,fresh
50248993,49696,90.95,865.00,70.60,0.445,4.228,0.345,banana,fresh
50250004,49697,91.00,865.00,70.50,0.445,4.228,0.345,banana,fresh
50251016,49698,90.95,865.00,70.65,0.445,4.228,0.345,banana,fresh
50252026,49699,91.00,865.00,70.65,0.445,4.228,0.345,banana,fresh
50253037,49700,90.90,865.00,70.55,0.444,4.228,0.345,banana,fresh
50254049,49701,91.00,865.00,70.70,0.445,4.228,0.346,banana,fresh
50255059,49702,91.05,865.00,70.50,0.445,4.228,0.345,banana,fresh
50256071,49703,90.95,865.00,70.60,0.445,4.228,0.345,banana,fresh
50257082,49704,91.00,865.00,70.55,0.445,4.228,0.345,banana,fresh
50258094,49705,91.00,865.00,70.60,0.445,4.228,0.345,banana,fresh
50259104,49706,91.00,865.00,70.65,0.445,4.228,0.345,banana,fresh
50260115,49707,91.00,864.90,70.75,0.445,4.227,0.346,banana,fresh
50261127,49708,91.00,865.00,70.65,0.445,4.228,0.345,banana,fresh
50262137,49709,91.00,864.95,70.55,0.445,4.228,0.345,banana,fresh
50263149,49710,91.00,865.05,70.65,0.445,4.228,0.345,banana,fresh
50264160,49711,91.00,865.00,70.70,0.445,4.228,0.346,banana,fresh
50265170,49712,90.95,865.00,70.70,0.445,4.228,0.346,banana,fresh
50266182,49713,90.95,865.00,70.65,0.445,4.228,0.345,banana,fresh
50267193,49714,90.95,865.00,70.85,0.445,4.228,0.346,banana,fresh
50268205,49715,91.00,865.00,70.85,0.445,4.228,0.346,banana,fresh
50269215,49716,91.00,865.05,70.60,0.445,4.228,0.345,banana,fresh
50270227,49717,91.00,865.00,70.75,0.445,4.228,0.346,banana,fresh
50271238,49718,91.00,865.00,70.70,0.445,4.228,0.346,banana,fresh
50272249,49719,91.00,864.95,70.65,0.445,4.228,0.345,banana,fresh
50273260,49720,91.00,865.00,70.65,0.445,4.228,0.345,banana,fresh
50274271,49721,91.00,865.00,70.65,0.445,4.228,0.345,banana,fresh
50275282,49722,90.90,865.00,70.70,0.444,4.228,0.346,banana,fresh
50276293,49723,91.00,865.00,70.65,0.445,4.228,0.345,banana,fresh
50277305,49724,91.00,865.05,70.85,0.445,4.228,0.346,banana,fresh
50278316,49725,91.00,865.00,70.65,0.445,4.228,0.345,banana,fresh
50279326,49726,91.00,865.00,70.90,0.445,4.228,0.347,banana,fresh
50280338,49727,91.00,865.05,70.65,0.445,4.228,0.345,banana,fresh
50281349,49728,90.95,865.00,70.65,0.445,4.228,0.345,banana,fresh
50282360,49729,90.95,865.00,70.85,0.445,4.228,0.346,banana,fresh
50283371,49730,91.00,865.00,70.70,0.445,4.228,0.346,banana,fresh
50284383,49731,91.00,865.05,70.65,0.445,4.228,0.345,banana,fresh
50285393,49732,91.00,865.00,70.60,0.445,4.228,0.345,banana,fresh
50286404,49733,90.95,865.00,70.75,0.445,4.228,0.346,banana,fresh
50287416,49734,91.00,865.00,70.75,0.445,4.228,0.346,banana,fresh
50288427,49735,91.00,865.00,70.80,0.445,4.228,0.346,banana,fresh
50289438,49736,91.00,865.00,70.85,0.445,4.228,0.346,banana,fresh
50290449,49737,91.00,865.00,70.65,0.445,4.228,0.345,banana,fresh
50291461,49738,91.00,865.00,70.75,0.445,4.228,0.346,banana,fresh
50292471,49739,91.05,865.00,70.80,0.445,4.228,0.346,banana,fresh
50293482,49740,91.00,865.00,70.55,0.445,4.228,0.345,banana,fresh
50294494,49741,91.00,865.00,70.65,0.445,4.228,0.345,banana,fresh
50295504,49742,91.00,865.00,70.70,0.445,4.228,0.346,banana,fresh
50296516,49743,90.95,865.00,70.85,0.445,4.228,0.346,banana,fresh
50297527,49744,91.00,865.05,70.75,0.445,4.228,0.346,banana,fresh
50298539,49745,91.00,865.05,70.90,0.445,4.228,0.347,banana,fresh
50299549,49746,91.00,865.05,70.65,0.445,4.228,0.345,banana,fresh
50300560,49747,91.00,865.05,70.85,0.445,4.228,0.346,banana,fresh
50301572,49748,91.00,865.00,70.85,0.445,4.228,0.346,banana,fresh
50302582,49749,91.00,865.00,70.75,0.445,4.228,0.346,banana,fresh
50303594,49750,91.00,865.00,70.90,0.445,4.228,0.347,banana,fresh
50304605,49751,91.00,865.05,70.90,0.445,4.228,0.347,banana,fresh
50305616,49752,91.00,865.00,70.80,0.445,4.228,0.346,banana,fresh
50306627,49753,91.00,865.00,70.90,0.445,4.228,0.347,banana,fresh
50307638,49754,90.95,865.05,70.75,0.445,4.228,0.346,banana,fresh
50308649,49755,91.05,865.10,70.85,0.445,4.228,0.346,banana,fresh
50309660,49756,91.05,865.00,70.75,0.445,4.228,0.346,banana,fresh
50310672,49757,91.00,865.00,70.65,0.445,4.228,0.345,banana,fresh
50311683,49758,91.00,865.00,70.65,0.445,4.228,0.345,banana,fresh
50312694,49759,91.00,865.05,70.90,0.445,4.228,0.347,banana,fresh
50313705,49760,91.00,865.00,70.75,0.445,4.228,0.346,banana,fresh
50314716,49761,91.05,865.10,70.85,0.445,4.228,0.346,banana,fresh
50315727,49762,91.05,865.05,70.85,0.445,4.228,0.346,banana,fresh
50316738,49763,91.00,865.05,70.75,0.445,4.228,0.346,banana,fresh
50317750,49764,91.05,865.00,70.85,0.445,4.228,0.346,banana,fresh
50318760,49765,91.00,865.05,70.80,0.445,4.228,0.346,banana,fresh
50319772,49766,91.05,865.10,71.00,0.445,4.228,0.347,banana,fresh
50320783,49767,91.00,865.05,70.80,0.445,4.228,0.346,banana,fresh
50321794,49768,91.05,865.10,70.85,0.445,4.228,0.346,banana,fresh
50322805,49769,91.05,865.05,70.75,0.445,4.228,0.346,banana,fresh
50323816,49770,91.00,865.05,70.80,0.445,4.228,0.346,banana,fresh
50324828,49771,91.00,865.00,70.80,0.445,4.228,0.346,banana,fresh
50325838,49772,91.05,865.00,70.90,0.445,4.228,0.347,banana,fresh
50326850,49773,91.10,865.05,70.95,0.445,4.228,0.347,banana,fresh
50327861,49774,91.05,865.10,70.85,0.445,4.228,0.346,banana,fresh
50328871,49775,91.00,865.05,70.85,0.445,4.228,0.346,banana,fresh
50329883,49776,91.00,865.10,70.80,0.445,4.228,0.346,banana,fresh
50330894,49777,91.00,865.00,70.80,0.445,4.228,0.346,banana,fresh
50331906,49778,91.05,865.10,70.90,0.445,4.228,0.347,banana,fresh
50332916,49779,91.00,865.05,70.85,0.445,4.228,0.346,banana,fresh
50333928,49780,91.05,865.10,70.85,0.445,4.228,0.346,banana,fresh
50334939,49781,91.05,865.15,70.80,0.445,4.228,0.346,banana,fresh
50335949,49782,91.00,865.05,70.90,0.445,4.228,0.347,banana,fresh
50336961,49783,91.05,865.00,71.00,0.445,4.228,0.347,banana,fresh
50337972,49784,91.10,865.00,70.85,0.445,4.228,0.346,banana,fresh
50338983,49785,91.10,865.05,70.90,0.445,4.228,0.347,banana,fresh
50339994,49786,91.00,865.15,70.75,0.445,4.228,0.346,banana,fresh
50341006,49787,91.05,865.05,70.95,0.445,4.228,0.347,banana,fresh
50342017,49788,91.05,865.10,70.80,0.445,4.228,0.346,banana,fresh
50343027,49789,91.00,865.30,70.95,0.445,4.229,0.347,banana,fresh
50344039,49790,91.05,865.10,70.95,0.445,4.228,0.347,banana,fresh
50345050,49791,91.00,865.05,70.95,0.445,4.228,0.347,banana,fresh
50346061,49792,91.00,865.10,70.85,0.445,4.228,0.346,banana,fresh
50347072,49793,91.05,865.15,70.80,0.445,4.228,0.346,banana,fresh
50348084,49794,91.05,865.10,70.85,0.445,4.228,0.346,banana,fresh
50349094,49795,91.05,865.05,70.90,0.445,4.228,0.347,banana,fresh
50350105,49796,91.10,865.15,71.00,0.445,4.228,0.347,banana,fresh
50351117,49797,91.00,865.10,70.90,0.445,4.228,0.347,banana,fresh
50352128,49798,91.05,865.20,70.90,0.445,4.229,0.347,banana,fresh
50353139,49799,91.15,865.20,70.95,0.446,4.229,0.347,banana,fresh
50354150,49800,91.05,865.20,70.85,0.445,4.229,0.346,banana,fresh
50355162,49801,91.10,865.10,71.00,0.445,4.228,0.347,banana,fresh
50356172,49802,91.05,865.05,70.90,0.445,4.228,0.347,banana,fresh
50357183,49803,91.10,865.15,71.00,0.445,4.228,0.347,banana,fresh
50358195,49804,91.10,865.05,71.00,0.445,4.228,0.347,banana,fresh
50359205,49805,91.00,865.30,70.95,0.445,4.229,0.347,banana,fresh
50360217,49806,91.10,865.10,70.90,0.445,4.228,0.347,banana,fresh
50361228,49807,91.10,865.30,71.00,0.445,4.229,0.347,banana,fresh
50362240,49808,91.05,865.20,71.00,0.445,4.229,0.347,banana,fresh
50363250,49809,91.10,865.45,71.00,0.445,4.230,0.347,banana,fresh
50364261,49810,91.00,865.40,71.00,0.445,4.230,0.347,banana,fresh
50365273,49811,91.25,865.35,71.00,0.446,4.229,0.347,banana,fresh
50366283,49812,91.15,865.45,70.90,0.446,4.230,0.347,banana,fresh
50367295,49813,91.35,865.40,71.00,0.446,4.230,0.347,banana,fresh
50368306,49814,91.00,865.50,70.95,0.445,4.230,0.347,banana,fresh
50369317,49815,91.10,865.35,71.00,0.445,4.229,0.347,banana,fresh
50370328,49816,91.05,865.60,71.00,0.445,4.231,0.347,banana,fresh
50371340,49817,91.30,865.40,70.95,0.446,4.230,0.347,banana,fresh
50372350,49818,91.10,865.45,71.00,0.445,4.230,0.347,banana,fresh
50373361,49819,91.10,865.55,71.00,0.445,4.230,0.347,banana,fresh
50374373,49820,91.00,865.30,71.00,0.445,4.229,0.347,banana,fresh
50375384,49821,91.30,865.35,71.00,0.446,4.229,0.347,banana,fresh
50376395,49822,91.20,865.50,71.05,0.446,4.230,0.347,banana,fresh
50377406,49823,91.10,865.55,70.95,0.445,4.230,0.347,banana,fresh
50378418,49824,91.30,865.35,71.00,0.446,4.229,0.347,banana,fresh
50379428,49825,91.25,865.45,70.95,0.446,4.230,0.347,banana,fresh
50380439,49826,91.10,865.50,71.00,0.445,4.230,0.347,banana,fresh
50381451,49827,91.10,865.65,71.00,0.445,4.231,0.347,banana,fresh
50382461,49828,91.10,865.35,71.00,0.445,4.229,0.347,banana,fresh
50383473,49829,91.15,865.75,71.00,0.446,4.231,0.347,banana,fresh
50384484,49830,91.15,865.50,71.00,0.446,4.230,0.347,banana,fresh
50385496,49831,91.15,865.85,71.00,0.446,4.232,0.347,banana,fresh
50386506,49832,91.20,865.75,71.00,0.446,4.231,0.347,banana,fresh
50387517,49833,91.20,865.60,70.95,0.446,4.231,0.347,banana,fresh
50388529,49834,91.30,865.75,71.05,0.446,4.231,0.347,banana,fresh
50389539,49835,91.10,865.55,71.00,0.445,4.230,0.347,banana,fresh
50390551,49836,91.30,865.50,71.00,0.446,4.230,0.347,banana,fresh
50391562,49837,91.15,865.60,71.00,0.446,4.231,0.347,banana,fresh
50392573,49838,91.35,865.75,71.00,0.446,4.231,0.347,banana,fresh
50393584,49839,91.25,865.60,71.05,0.446,4.231,0.347,banana,fresh
50394595,49840,91.10,865.55,71.00,0.445,4.230,0.347,banana,fresh
50395607,49841,91.25,865.55,71.00,0.446,4.230,0.347,banana,fresh
50396617,49842,91.15,865.85,71.00,0.446,4.232,0.347,banana,fresh
50397629,49843,91.10,865.60,71.00,0.445,4.231,0.347,banana,fresh
50398640,49844,91.30,865.80,71.00,0.446,4.232,0.347,banana,fresh
50399651,49845,91.35,865.70,71.00,0.446,4.231,0.347,banana,fresh
50400662,49846,91.30,865.65,71.00,0.446,4.231,0.347,banana,fresh
50401673,49847,91.20,865.65,71.00,0.446,4.231,0.347,banana,fresh
50402684,49848,91.20,865.65,71.00,0.446,4.231,0.347,banana,fresh
50403695,49849,91.20,865.50,71.00,0.446,4.230,0.347,banana,fresh
50404707,49850,91.30,865.80,71.00,0.446,4.232,0.347,banana,fresh
50405718,49851,91.20,865.90,71.00,0.446,4.232,0.347,banana,fresh
50406729,49852,91.25,865.80,71.00,0.446,4.232,0.347,banana,fresh
50407740,49853,91.30,865.75,71.00,0.446,4.231,0.347,banana,fresh
50408751,49854,91.20,865.70,71.00,0.446,4.231,0.347,banana,fresh
50409762,49855,91.30,865.90,71.05,0.446,4.232,0.347,banana,fresh
50410773,49856,91.35,865.90,71.00,0.446,4.232,0.347,banana,fresh
50411785,49857,91.30,865.65,71.00,0.446,4.231,0.347,banana,fresh
50412795,49858,91.30,865.60,71.00,0.446,4.231,0.347,banana,fresh
50413806,49859,91.20,865.75,71.00,0.446,4.231,0.347,banana,fresh
50414818,49860,91.30,865.65,71.00,0.446,4.231,0.347,banana,fresh
50415828,49861,91.25,865.90,71.00,0.446,4.232,0.347,banana,fresh
50416840,49862,91.30,865.55,71.00,0.446,4.230,0.347,banana,fresh
50417851,49863,91.25,865.80,71.00,0.446,4.232,0.347,banana,fresh
50418863,49864,91.35,865.70,71.00,0.446,4.231,0.347,banana,fresh
50419873,49865,91.25,865.80,71.00,0.446,4.232,0.347,banana,fresh
50420885,49866,91.40,865.65,71.00,0.447,4.231,0.347,banana,fresh
50421896,49867,91.35,865.50,71.00,0.446,4.230,0.347,banana,fresh
50422906,49868,91.20,865.80,70.95,0.446,4.232,0.347,banana,fresh
50423918,49869,91.30,865.95,71.00,0.446,4.232,0.347,banana,fresh
50424929,49870,91.20,865.75,71.00,0.446,4.231,0.347,banana,fresh
50425940,49871,91.25,865.70,71.00,0.446,4.231,0.347,banana,fresh
50426951,49872,91.35,865.60,71.00,0.446,4.231,0.347,banana,fresh
50427963,49873,91.35,865.75,71.05,0.446,4.231,0.347,banana,fresh
50428974,49874,91.35,865.80,71.00,0.446,4.232,0.347,banana,fresh
50429984,49875,91.30,865.80,71.00,0.446,4.232,0.347,banana,fresh
50430996,49876,91.20,865.90,71.00,0.446,4.232,0.347,banana,fresh
50432007,49877,91.35,865.85,71.05,0.446,4.232,0.347,banana,fresh
50433018,49878,91.15,865.75,71.05,0.446,4.231,0.347,banana,fresh
50434029,49879,91.40,865.70,71.00,0.447,4.231,0.347,banana,fresh
50435041,49880,91.40,865.65,71.00,0.447,4.231,0.347,banana,fresh
50436051,49881,91.45,865.70,71.00,0.447,4.231,0.347,banana,fresh
50437062,49882,91.15,865.50,71.00,0.446,4.230,0.347,banana,fresh
50438074,49883,91.30,865.70,70.95,0.446,4.231,0.347,banana,fresh
50439085,49884,91.30,865.80,71.00,0.446,4.232,0.347,banana,fresh
50440096,49885,91.35,865.75,71.00,0.446,4.231,0.347,banana,fresh
50441107,49886,91.40,865.65,71.00,0.447,4.231,0.347,banana,fresh
50442119,49887,91.25,865.70,71.00,0.446,4.231,0.347,banana,fresh
50443129,49888,91.45,865.70,70.95,0.447,4.231,0.347,banana,fresh
50444141,49889,91.40,865.60,70.95,0.447,4.231,0.347,banana,fresh
50445152,49890,91.30,865.60,71.00,0.446,4.231,0.347,banana,fresh
50446162,49891,91.25,865.65,71.00,0.446,4.231,0.347,banana,fresh
50447174,49892,91.30,865.60,71.00,0.446,4.231,0.347,banana,fresh
50448185,49893,91.20,865.55,71.00,0.446,4.230,0.347,banana,fresh
50449197,49894,91.30,865.60,71.00,0.446,4.231,0.347,banana,fresh
50450207,49895,91.25,865.70,71.00,0.446,4.231,0.347,banana,fresh
50451219,49896,91.30,865.50,71.00,0.446,4.230,0.347,banana,fresh
50452230,49897,91.20,865.45,71.00,0.446,4.230,0.347,banana,fresh
50453240,49898,91.25,865.40,71.00,0.446,4.230,0.347,banana,fresh
50454252,49899,91.45,865.65,71.00,0.447,4.231,0.347,banana,fresh
50455263,49900,91.30,865.50,71.00,0.446,4.230,0.347,banana,fresh
50456274,49901,91.20,865.55,71.00,0.446,4.230,0.347,banana,fresh
50457285,49902,91.50,865.55,71.00,0.447,4.230,0.347,banana,fresh
50458297,49903,91.30,865.50,70.95,0.446,4.230,0.347,banana,fresh
50459308,49904,91.35,865.65,70.95,0.446,4.231,0.347,banana,fresh
50460318,49905,91.25,865.75,71.00,0.446,4.231,0.347,banana,fresh
50461330,49906,91.30,865.60,71.00,0.446,4.231,0.347,banana,fresh
50462341,49907,91.25,865.45,70.90,0.446,4.230,0.347,banana,fresh
50463352,49908,91.45,865.55,71.00,0.447,4.230,0.347,banana,fresh
50464363,49909,91.15,865.50,70.95,0.446,4.230,0.347,banana,fresh
50465375,49910,91.35,865.70,71.00,0.446,4.231,0.347,banana,fresh
50466385,49911,91.30,865.65,71.00,0.446,4.231,0.347,banana,fresh
50467396,49912,91.40,865.70,71.00,0.447,4.231,0.347,banana,fresh
50468408,49913,91.25,865.40,70.90,0.446,4.230,0.347,banana,fresh
50469419,49914,91.30,865.40,70.95,0.446,4.230,0.347,banana,fresh
50470430,49915,91.20,865.50,71.00,0.446,4.230,0.347,banana,fresh
50471441,49916,91.40,865.60,70.95,0.447,4.231,0.347,banana,fresh
50472453,49917,91.30,865.45,71.00,0.446,4.230,0.347,banana,fresh
50473463,49918,91.15,865.40,71.00,0.446,4.230,0.347,banana,fresh
50474475,49919,91.25,865.60,71.00,0.446,4.231,0.347,banana,fresh
50475486,49920,91.30,865.30,71.00,0.446,4.229,0.347,banana,fresh
50476496,49921,91.25,865.40,71.00,0.446,4.230,0.347,banana,fresh
50477508,49922,91.30,865.50,71.00,0.446,4.230,0.347,banana,fresh
50478519,49923,91.20,865.45,71.00,0.446,4.230,0.347,banana,fresh
50479531,49924,91.30,865.55,71.00,0.446,4.230,0.347,banana,fresh
50480541,49925,91.25,865.50,70.85,0.446,4.230,0.346,banana,fresh
50481553,49926,91.15,865.30,71.00,0.446,4.229,0.347,banana,fresh
50482564,49927,91.25,865.60,70.90,0.446,4.231,0.347,banana,fresh
50483574,49928,91.20,865.50,71.00,0.446,4.230,0.347,banana,fresh
50484586,49929,91.25,865.50,71.00,0.446,4.230,0.347,banana,fresh
50485597,49930,91.35,865.60,70.95,0.446,4.231,0.347,banana,fresh
50486608,49931,91.45,865.35,70.95,0.447,4.229,0.347,banana,fresh
50487619,49932,91.25,865.55,71.00,0.446,4.230,0.347,banana,fresh
50488631,49933,91.30,865.45,70.95,0.446,4.230,0.347,banana,fresh
50489641,49934,91.25,865.35,70.90,0.446,4.229,0.347,banana,fresh
50490653,49935,91.10,865.45,70.90,0.445,4.230,0.347,banana,fresh
50491664,49936,91.15,865.40,71.00,0.446,4.230,0.347,banana,fresh
50492675,49937,91.25,865.30,70.95,0.446,4.229,0.347,banana,fresh
50493686,49938,91.15,865.30,70.85,0.446,4.229,0.346,banana,fresh
50494697,49939,91.15,865.30,71.00,0.446,4.229,0.347,banana,fresh
50495709,49940,91.25,865.45,70.95,0.446,4.230,0.347,banana,fresh
50496719,49941,91.10,865.50,70.90,0.445,4.230,0.347,banana,fresh
50497731,49942,91.40,865.35,71.00,0.447,4.229,0.347,banana,fresh
50498742,49943,91.10,865.15,70.95,0.445,4.228,0.347,banana,fresh
50499752,49944,91.30,865.35,70.85,0.446,4.229,0.346,banana,fresh
50500764,49945,91.40,865.40,70.80,0.447,4.230,0.346,banana,fresh
50501775,49946,91.20,865.30,71.00,0.446,4.229,0.347,banana,fresh
50502787,49947,91.20,865.20,70.95,0.446,4.229,0.347,banana,fresh
50503797,49948,91.15,865.35,70.95,0.446,4.229,0.347,banana,fresh
50504809,49949,91.35,865.45,70.95,0.446,4.230,0.347,banana,fresh
50505820,49950,91.10,865.30,70.95,0.445,4.229,0.347,banana,fresh
50506830,49951,91.15,865.40,70.90,0.446,4.230,0.347,banana,fresh
50507842,49952,91.25,865.15,70.90,0.446,4.228,0.347,banana,fresh
50508853,49953,91.10,865.35,71.00,0.445,4.229,0.347,banana,fresh
50509864,49954,91.00,865.25,70.90,0.445,4.229,0.347,banana,fresh
50510875,49955,91.15,865.15,70.95,0.446,4.228,0.347,banana,fresh
50511887,49956,91.25,865.10,70.80,0.446,4.228,0.346,banana,fresh
50512898,49957,91.15,865.50,70.85,0.446,4.230,0.346,banana,fresh
50513909,49958,91.15,865.20,71.00,0.446,4.229,0.347,banana,fresh
50514920,49959,91.30,865.30,70.65,0.446,4.229,0.345,banana,fresh
50515931,49960,91.10,865.35,70.80,0.445,4.229,0.346,banana,fresh
50516942,49961,91.15,865.35,70.85,0.446,4.229,0.346,banana,fresh
50517953,49962,91.15,865.35,70.95,0.446,4.229,0.347,banana,fresh
50518965,49963,91.25,865.20,70.85,0.446,4.229,0.346,banana,fresh
50519975,49964,91.25,865.35,70.85,0.446,4.229,0.346,banana,fresh
50520987,49965,91.20,865.15,70.85,0.446,4.228,0.346,banana,fresh
50521998,49966,91.35,865.40,70.85,0.446,4.230,0.346,banana,fresh
50523010,49967,91.15,865.40,70.85,0.446,4.230,0.346,banana,fresh
50524020,49968,91.00,865.30,70.80,0.445,4.229,0.346,banana,fresh
50525031,49969,91.15,865.30,70.75,0.446,4.229,0.346,banana,fresh
50526043,49970,91.25,865.35,70.80,0.446,4.229,0.346,banana,fresh
50527053,49971,91.10,865.20,70.90,0.445,4.229,0.347,banana,fresh
50528065,49972,91.15,865.30,70.75,0.446,4.229,0.346,banana,fresh
50529076,49973,91.10,865.10,70.95,0.445,4.228,0.347,banana,fresh
50530087,49974,91.05,865.10,70.65,0.445,4.228,0.345,banana,fresh
50531098,49975,91.05,865.20,70.60,0.445,4.229,0.345,banana,fresh
50532109,49976,91.10,865.20,70.70,0.445,4.229,0.346,banana,fresh
50533121,49977,91.15,865.40,70.85,0.446,4.230,0.346,banana,fresh
50534131,49978,91.10,865.40,70.90,0.445,4.230,0.347,banana,fresh
50535143,49979,91.05,865.25,70.85,0.445,4.229,0.346,banana,fresh
50536154,49980,91.05,865.15,70.90,0.445,4.228,0.347,banana,fresh
50537165,49981,91.00,865.20,70.75,0.445,4.229,0.346,banana,fresh
50538176,49982,91.10,865.15,70.75,0.445,4.228,0.346,banana,fresh
50539188,49983,91.10,865.20,70.80,0.445,4.229,0.346,banana,fresh
50540198,49984,91.10,865.10,70.75,0.445,4.228,0.346,banana,fresh
50541209,49985,91.20,865.00,70.90,0.446,4.228,0.347,banana,fresh
50542221,49986,91.05,865.35,70.75,0.445,4.229,0.346,banana,fresh
50543232,49987,91.00,865.10,70.70,0.445,4.228,0.346,banana,fresh
50544243,49988,91.05,865.10,70.85,0.445,4.228,0.346,banana,fresh
50545254,49989,91.05,865.10,70.95,0.445,4.228,0.347,banana,fresh
50546266,49990,91.05,865.15,70.85,0.445,4.228,0.346,banana,fresh
50547276,49991,91.00,865.20,70.80,0.445,4.229,0.346,banana,fresh
50548287,49992,91.05,865.15,70.75,0.445,4.228,0.346,banana,fresh
50549299,49993,91.05,865.05,70.80,0.445,4.228,0.346,banana,fresh
50550309,49994,91.15,865.05,70.80,0.446,4.228,0.346,banana,fresh
50551321,49995,91.10,865.00,70.75,0.445,4.228,0.346,banana,fresh
50552332,49996,91.10,865.30,70.95,0.445,4.229,0.347,banana,fresh
50553344,49997,91.10,865.15,70.80,0.445,4.228,0.346,banana,fresh
50554354,49998,91.05,865.20,70.75,0.445,4.229,0.346,banana,fresh
50555366,49999,91.05,865.05,70.75,0.445,4.228,0.346,banana,fresh
50556377,50000,91.10,865.10,70.85,0.445,4.228,0.346,banana,fresh
50557387,50001,91.00,865.20,70.85,0.445,4.229,0.346,banana,fresh
50558399,50002,91.00,865.20,71.00,0.445,4.229,0.347,banana,fresh
50559410,50003,91.05,865.10,70.70,0.445,4.228,0.346,banana,fresh
50560421,50004,91.10,865.15,70.70,0.445,4.228,0.346,banana,fresh
50561432,50005,91.00,865.00,70.65,0.445,4.228,0.345,banana,fresh
50562444,50006,91.10,865.00,70.85,0.445,4.228,0.346,banana,fresh
50563454,50007,91.05,865.05,70.55,0.445,4.228,0.345,banana,fresh
50564465,50008,91.10,865.05,70.75,0.445,4.228,0.346,banana,fresh
50565477,50009,91.05,865.10,70.70,0.445,4.228,0.346,banana,fresh
50566488,50010,91.05,865.15,70.85,0.445,4.228,0.346,banana,fresh
50567499,50011,91.15,865.15,70.65,0.446,4.228,0.345,banana,fresh
50568510,50012,91.05,865.10,70.80,0.445,4.228,0.346,banana,fresh
50569522,50013,91.05,865.15,70.75,0.445,4.228,0.346,banana,fresh
50570532,50014,91.05,865.00,70.80,0.445,4.228,0.346,banana,fresh
50571544,50015,91.10,865.05,70.90,0.445,4.228,0.347,banana,fresh
50572555,50016,91.05,865.15,70.90,0.445,4.228,0.347,banana,fresh
50573565,50017,91.05,865.05,70.85,0.445,4.228,0.346,banana,fresh
50574577,50018,91.05,865.05,70.75,0.445,4.228,0.346,banana,fresh
50575588,50019,91.15,865.10,70.80,0.446,4.228,0.346,banana,fresh
50576600,50020,91.05,865.05,70.95,0.445,4.228,0.347,banana,fresh
50577610,50021,91.10,865.10,70.75,0.445,4.228,0.346,banana,fresh
50578622,50022,91.00,865.20,70.85,0.445,4.229,0.346,banana,fresh
50579633,50023,91.05,865.05,70.80,0.445,4.228,0.346,banana,fresh
50580643,50024,91.00,865.10,70.75,0.445,4.228,0.346,banana,fresh
50581655,50025,91.05,865.20,70.75,0.445,4.229,0.346,banana,fresh
50582666,50026,91.05,865.10,70.60,0.445,4.228,0.345,banana,fresh
50583677,50027,91.00,865.10,70.65,0.445,4.228,0.345,banana,fresh
50584688,50028,91.00,865.15,70.75,0.445,4.228,0.346,banana,fresh
50585700,50029,91.05,865.15,70.85,0.445,4.228,0.346,banana,fresh
50586711,50030,91.05,865.10,70.80,0.445,4.228,0.346,banana,fresh
50587722,50031,91.00,865.10,70.90,0.445,4.228,0.347,banana,fresh
50588733,50032,91.05,865.15,70.85,0.445,4.228,0.346,banana,fresh
50589744,50033,91.15,865.20,70.80,0.446,4.229,0.346,banana,fresh
50590755,50034,91.05,865.30,70.85,0.445,4.229,0.346,banana,fresh
50591766,50035,91.15,865.20,70.80,0.446,4.229,0.346,banana,fresh
50592778,50036,91.10,865.30,70.80,0.445,4.229,0.346,banana,fresh
50593788,50037,91.05,865.10,70.90,0.445,4.228,0.347,banana,fresh
50594800,50038,91.00,865.20,70.85,0.445,4.229,0.346,banana,fresh
50595811,50039,91.05,865.20,70.85,0.445,4.229,0.346,banana,fresh
50596822,50040,91.00,865.10,70.80,0.445,4.228,0.346,banana,fresh
50597833,50041,91.05,865.20,70.85,0.445,4.229,0.346,banana,fresh
50598844,50042,91.05,865.15,70.70,0.445,4.228,0.346,banana,fresh
50599856,50043,91.00,865.30,70.85,0.445,4.229,0.346,banana,fresh
50600866,50044,91.10,865.20,70.90,0.445,4.229,0.347,banana,fresh
50601878,50045,91.00,865.05,70.90,0.445,4.228,0.347,banana,fresh
50602889,50046,91.05,865.20,70.85,0.445,4.229,0.346,banana,fresh
50603899,50047,91.10,865.10,70.80,0.445,4.228,0.346,banana,fresh
50604911,50048,91.05,865.20,70.70,0.445,4.229,0.346,banana,fresh
50605922,50049,91.00,865.30,70.70,0.445,4.229,0.346,banana,fresh
50606934,50050,91.05,865.25,70.75,0.445,4.229,0.346,banana,fresh
50607944,50051,91.05,865.30,70.65,0.445,4.229,0.345,banana,fresh
50608956,50052,91.00,865.15,70.75,0.445,4.228,0.346,banana,fresh
50609967,50053,91.10,865.20,70.85,0.445,4.229,0.346,banana,fresh
50610978,50054,91.10,865.30,70.95,0.445,4.229,0.347,banana,fresh
50611989,50055,91.00,865.30,70.85,0.445,4.229,0.346,banana,fresh
50613000,50056,91.10,865.25,70.70,0.445,4.229,0.346,banana,fresh
50614011,50057,91.10,865.35,70.80,0.445,4.229,0.346,banana,fresh
50615022,50058,91.05,865.20,70.70,0.445,4.229,0.346,banana,fresh
50616034,50059,91.05,865.15,70.75,0.445,4.228,0.346,banana,fresh
50617044,50060,91.00,865.05,70.85,0.445,4.228,0.346,banana,fresh
50618056,50061,91.00,865.10,70.80,0.445,4.228,0.346,banana,fresh
50619067,50062,91.00,865.20,70.90,0.445,4.229,0.347,banana,fresh
50620078,50063,91.00,865.25,70.90,0.445,4.229,0.347,banana,fresh
50621089,50064,91.05,865.10,70.65,0.445,4.228,0.345,banana,fresh
50622100,50065,91.00,865.15,70.90,0.445,4.228,0.347,banana,fresh
50623112,50066,91.00,865.10,70.80,0.445,4.228,0.346,banana,fresh
50624122,50067,91.00,865.05,70.75,0.445,4.228,0.346,banana,fresh
50625134,50068,91.00,865.20,70.85,0.445,4.229,0.346,banana,fresh
50626145,50069,91.00,865.15,70.80,0.445,4.228,0.346,banana,fresh
50627156,50070,91.10,865.10,70.90,0.445,4.228,0.347,banana,fresh
50628167,50071,91.00,865.25,70.80,0.445,4.229,0.346,banana,fresh
50629178,50072,91.00,865.05,70.95,0.445,4.228,0.347,banana,fresh
50630190,50073,91.00,865.15,70.95,0.445,4.228,0.347,banana,fresh
50631200,50074,91.05,865.10,70.90,0.445,4.228,0.347,banana,fresh
50632212,50075,91.10,865.25,70.80,0.445,4.229,0.346,banana,fresh
50633223,50076,91.05,865.15,70.90,0.445,4.228,0.347,banana,fresh
50634234,50077,91.00,865.40,70.80,0.445,4.230,0.346,banana,fresh
50635245,50078,91.05,865.10,70.85,0.445,4.228,0.346,banana,fresh
50636256,50079,91.05,865.10,70.90,0.445,4.228,0.347,banana,fresh
50637267,50080,91.05,865.10,70.90,0.445,4.228,0.347,banana,fresh
50638278,50081,91.05,865.20,70.85,0.445,4.229,0.346,banana,fresh
50639290,50082,91.05,865.15,70.95,0.445,4.228,0.347,banana,fresh
50640301,50083,91.00,865.15,70.90,0.445,4.228,0.347,banana,fresh
50641312,50084,91.00,865.15,70.85,0.445,4.228,0.346,banana,fresh
50642323,50085,91.00,865.10,70.85,0.445,4.228,0.346,banana,fresh
50643334,50086,91.00,865.25,70.90,0.445,4.229,0.347,banana,fresh
50644345,50087,91.00,865.20,70.80,0.445,4.229,0.346,banana,fresh
50645356,50088,91.00,865.15,70.90,0.445,4.228,0.347,banana,fresh
50646368,50089,91.00,865.20,70.80,0.445,4.229,0.346,banana,fresh
50647378,50090,91.00,865.35,70.85,0.445,4.229,0.346,banana,fresh
50648390,50091,91.00,865.40,70.75,0.445,4.230,0.346,banana,fresh
50649401,50092,91.05,865.25,70.85,0.445,4.229,0.346,banana,fresh
50650413,50093,91.00,865.35,70.80,0.445,4.229,0.346,banana,fresh
50651423,50094,91.10,865.25,70.90,0.445,4.229,0.347,banana,fresh
50652434,50095,91.05,865.25,70.80,0.445,4.229,0.346,banana,fresh
50653446,50096,91.00,865.20,70.90,0.445,4.229,0.347,banana,fresh
50654456,50097,91.05,865.30,70.80,0.445,4.229,0.346,banana,fresh
50655468,50098,91.00,865.30,71.00,0.445,4.229,0.347,banana,fresh
50656479,50099,91.00,865.10,70.80,0.445,4.228,0.346,banana,fresh
50657490,50100,91.00,865.20,70.90,0.445,4.229,0.347,banana,fresh
50658501,50101,91.00,865.35,70.80,0.445,4.229,0.346,banana,fresh
50659512,50102,91.00,865.20,70.95,0.445,4.229,0.347,banana,fresh
50660524,50103,91.00,865.35,70.95,0.445,4.229,0.347,banana,fresh
50661534,50104,91.10,865.25,70.90,0.445,4.229,0.347,banana,fresh
50662546,50105,91.00,865.15,70.95,0.445,4.228,0.347,banana,fresh
50663557,50106,91.00,865.30,70.90,0.445,4.229,0.347,banana,fresh
50664568,50107,91.10,865.35,70.80,0.445,4.229,0.346,banana,fresh
50665579,50108,91.00,865.30,70.90,0.445,4.229,0.347,banana,fresh
50666590,50109,91.05,865.35,70.85,0.445,4.229,0.346,banana,fresh
50667601,50110,91.00,865.40,70.95,0.445,4.230,0.347,banana,fresh
50668612,50111,91.15,865.20,70.95,0.446,4.229,0.347,banana,fresh
50669624,50112,91.05,865.45,70.85,0.445,4.230,0.346,banana,fresh
50670635,50113,91.00,865.40,70.90,0.445,4.230,0.347,banana,fresh
50671646,50114,91.00,865.35,71.00,0.445,4.229,0.347,banana,fresh
50672657,50115,91.05,865.40,70.90,0.445,4.230,0.347,banana,fresh
50673668,50116,91.10,865.25,70.90,0.445,4.229,0.347,banana,fresh
50674679,50117,91.05,865.40,71.00,0.445,4.230,0.347,banana,fresh
50675690,50118,91.15,865.35,70.90,0.446,4.229,0.347,banana,fresh
50676702,50119,91.10,865.40,70.95,0.445,4.230,0.347,banana,fresh
50677712,50120,91.20,865.35,70.95,0.446,4.229,0.347,banana,fresh
50678724,50121,91.05,865.40,71.00,0.445,4.230,0.347,banana,fresh
50679735,50122,91.05,865.35,71.00,0.445,4.229,0.347,banana,fresh
50680747,50123,91.10,865.40,70.95,0.445,4.230,0.347,banana,fresh
50681757,50124,91.05,865.40,70.95,0.445,4.230,0.347,banana,fresh
50682768,50125,91.00,865.45,70.85,0.445,4.230,0.346,banana,fresh
50683780,50126,91.05,865.65,71.00,0.445,4.231,0.347,banana,fresh
50684790,50127,91.10,865.40,71.00,0.445,4.230,0.347,banana,fresh
50685802,50128,91.10,865.55,70.95,0.445,4.230,0.347,banana,fresh
50686813,50129,91.10,865.55,70.95,0.445,4.230,0.347,banana,fresh
50687824,50130,91.15,865.60,70.95,0.446,4.231,0.347,banana,fresh
50688835,50131,91.10,865.65,70.95,0.445,4.231,0.347,banana,fresh
50689846,50132,91.00,865.40,71.00,0.445,4.230,0.347,banana,fresh
50690857,50133,91.00,865.50,70.90,0.445,4.230,0.347,banana,fresh
50691868,50134,91.05,865.55,70.85,0.445,4.230,0.346,banana,fresh
50692880,50135,91.05,865.60,71.00,0.445,4.231,0.347,banana,fresh
50693891,50136,91.00,865.55,71.00,0.445,4.230,0.347,banana,fresh
50694902,50137,91.05,865.85,71.00,0.445,4.232,0.347,banana,fresh
50695913,50138,91.00,865.75,70.95,0.445,4.231,0.347,banana,fresh
50696924,50139,91.00,865.80,70.95,0.445,4.232,0.347,banana,fresh
50697935,50140,91.10,865.75,70.95,0.445,4.231,0.347,banana,fresh
50698946,50141,91.10,865.40,70.95,0.445,4.230,0.347,banana,fresh
50699958,50142,91.10,865.75,70.95,0.445,4.231,0.347,banana,fresh
50700968,50143,91.15,865.80,71.00,0.446,4.232,0.347,banana,fresh
50701980,50144,91.15,865.70,71.00,0.446,4.231,0.347,banana,fresh
50702991,50145,91.05,865.70,71.00,0.445,4.231,0.347,banana,fresh
50704002,50146,91.10,865.80,71.00,0.445,4.232,0.347,banana,fresh
50705013,50147,91.20,865.70,70.95,0.446,4.231,0.347,banana,fresh
50706024,50148,91.05,865.85,71.00,0.445,4.232,0.347,banana,fresh
50707036,50149,91.15,865.75,71.00,0.446,4.231,0.347,banana,fresh
50708046,50150,91.20,865.80,70.85,0.446,4.232,0.346,banana,fresh
50709058,50151,91.20,865.75,70.95,0.446,4.231,0.347,banana,fresh
50710069,50152,91.10,865.80,71.00,0.445,4.232,0.347,banana,fresh
50711079,50153,91.00,865.60,70.95,0.445,4.231,0.347,banana,fresh
50712091,50154,91.00,865.90,70.95,0.445,4.232,0.347,banana,fresh
50713102,50155,91.15,865.80,70.90,0.446,4.232,0.347,banana,fresh
50714114,50156,91.20,865.90,70.95,0.446,4.232,0.347,banana,fresh
50715124,50157,91.20,865.70,71.00,0.446,4.231,0.347,banana,fresh
50716136,50158,91.15,865.80,70.95,0.446,4.232,0.347,banana,fresh
50717147,50159,91.10,865.80,70.95,0.445,4.232,0.347,banana,fresh
50718158,50160,91.00,865.95,70.95,0.445,4.232,0.347,banana,fresh
50719169,50161,91.20,865.90,70.95,0.446,4.232,0.347,banana,fresh
50720180,50162,91.05,865.80,71.00,0.445,4.232,0.347,banana,fresh
50721191,50163,91.20,865.80,71.00,0.446,4.232,0.347,banana,fresh
50722202,50164,91.00,865.85,71.00,0.445,4.232,0.347,banana,fresh
50723214,50165,91.05,865.90,71.00,0.445,4.232,0.347,banana,fresh
50724225,50166,91.15,865.80,71.00,0.446,4.232,0.347,banana,fresh
50725236,50167,91.10,865.95,70.95,0.445,4.232,0.347,banana,fresh
50726247,50168,91.05,865.75,70.90,0.445,4.231,0.347,banana,fresh
50727258,50169,91.20,865.80,71.00,0.446,4.232,0.347,banana,fresh
50728269,50170,91.10,865.90,71.00,0.445,4.232,0.347,banana,fresh
50729280,50171,91.25,865.95,71.00,0.446,4.232,0.347,banana,fresh
50730292,50172,91.10,865.90,71.00,0.445,4.232,0.347,banana,fresh
50731302,50173,91.15,866.00,70.95,0.446,4.233,0.347,banana,fresh
50732314,50174,91.15,865.85,71.00,0.446,4.232,0.347,banana,fresh
50733325,50175,91.30,865.90,71.00,0.446,4.232,0.347,banana,fresh
50734336,50176,91.15,865.90,71.00,0.446,4.232,0.347,banana,fresh
50735347,50177,91.20,865.90,71.00,0.446,4.232,0.347,banana,fresh
50736358,50178,91.15,865.85,70.90,0.446,4.232,0.347,banana,fresh
50737370,50179,91.20,865.85,71.00,0.446,4.232,0.347,banana,fresh
50738380,50180,91.15,865.95,71.00,0.446,4.232,0.347,banana,fresh
50739392,50181,91.20,866.00,71.00,0.446,4.233,0.347,banana,fresh
50740403,50182,91.20,866.00,70.95,0.446,4.233,0.347,banana,fresh
50741414,50183,91.15,865.95,70.95,0.446,4.232,0.347,banana,fresh
50742425,50184,91.15,865.95,71.00,0.446,4.232,0.347,banana,fresh
50743436,50185,91.20,865.95,70.90,0.446,4.232,0.347,banana,fresh
50744448,50186,91.25,865.90,70.95,0.446,4.232,0.347,banana,fresh
50745458,50187,91.20,865.90,70.95,0.446,4.232,0.347,banana,fresh
50746470,50188,91.10,865.90,70.95,0.445,4.232,0.347,banana,fresh
50747481,50189,91.20,865.90,70.95,0.446,4.232,0.347,banana,fresh
50748492,50190,91.20,865.95,71.00,0.446,4.232,0.347,banana,fresh
50749503,50191,91.25,866.00,70.95,0.446,4.233,0.347,banana,fresh
50750514,50192,91.15,865.95,71.00,0.446,4.232,0.347,banana,fresh
50751525,50193,91.35,866.00,71.00,0.446,4.233,0.347,banana,fresh
50752536,50194,91.25,865.90,70.95,0.446,4.232,0.347,banana,fresh
50753548,50195,91.20,865.95,71.00,0.446,4.232,0.347,banana,fresh
50754558,50196,91.30,866.00,71.00,0.446,4.233,0.347,banana,fresh
50755570,50197,91.25,866.00,71.00,0.446,4.233,0.347,banana,fresh
50756581,50198,91.50,865.95,71.00,0.447,4.232,0.347,banana,fresh
50757592,50199,91.25,865.90,70.95,0.446,4.232,0.347,banana,fresh
50758603,50200,91.25,866.00,70.95,0.446,4.233,0.347,banana,fresh
50759614,50201,91.30,866.00,71.00,0.446,4.233,0.347,banana,fresh
50760626,50202,91.15,866.00,71.00,0.446,4.233,0.347,banana,fresh
50761636,50203,91.20,866.00,70.95,0.446,4.233,0.347,banana,fresh
50762648,50204,91.15,866.00,71.00,0.446,4.233,0.347,banana,fresh
50763659,50205,91.20,866.00,71.00,0.446,4.233,0.347,banana,fresh
50764669,50206,91.25,866.00,71.00,0.446,4.233,0.347,banana,fresh
50765681,50207,91.25,865.95,71.00,0.446,4.232,0.347,banana,fresh
50766692,50208,91.25,866.00,71.00,0.446,4.233,0.347,banana,fresh
50767704,50209,91.35,866.00,71.00,0.446,4.233,0.347,banana,fresh
50768714,50210,91.25,866.00,71.00,0.446,4.233,0.347,banana,fresh
50769726,50211,91.20,866.00,71.00,0.446,4.233,0.347,banana,fresh
50770737,50212,91.30,866.00,71.00,0.446,4.233,0.347,banana,fresh
50771747,50213,91.30,866.00,70.95,0.446,4.233,0.347,banana,fresh
50772759,50214,91.25,866.00,71.00,0.446,4.233,0.347,banana,fresh
50773770,50215,91.25,866.00,71.00,0.446,4.233,0.347,banana,fresh
50774781,50216,91.40,866.00,71.00,0.447,4.233,0.347,banana,fresh
50775792,50217,91.25,866.00,71.00,0.446,4.233,0.347,banana,fresh
50776804,50218,91.35,866.00,71.00,0.446,4.233,0.347,banana,fresh
50777815,50219,91.25,866.00,71.05,0.446,4.233,0.347,banana,fresh
50778825,50220,91.40,866.00,71.00,0.447,4.233,0.347,banana,fresh
50779837,50221,91.35,866.00,71.00,0.446,4.233,0.347,banana,fresh
50780848,50222,91.35,866.00,71.00,0.446,4.233,0.347,banana,fresh
50781859,50223,91.30,866.05,71.00,0.446,4.233,0.347,banana,fresh
50782870,50224,91.30,866.00,71.00,0.446,4.233,0.347,banana,fresh
50783882,50225,91.30,866.00,71.00,0.446,4.233,0.347,banana,fresh
50784892,50226,91.30,866.00,71.00,0.446,4.233,0.347,banana,fresh
50785903,50227,91.25,866.00,71.00,0.446,4.233,0.347,banana,fresh
50786915,50228,91.40,866.00,71.00,0.447,4.233,0.347,banana,fresh
50787926,50229,91.30,866.00,71.00,0.446,4.233,0.347,banana,fresh
50788937,50230,91.35,866.00,71.00,0.446,4.233,0.347,banana,fresh
50789948,50231,91.20,866.00,71.00,0.446,4.233,0.347,banana,fresh
50790960,50232,91.50,866.00,71.00,0.447,4.233,0.347,banana,fresh
50791970,50233,91.30,866.00,71.00,0.446,4.233,0.347,banana,fresh
50792981,50234,91.25,866.00,71.00,0.446,4.233,0.347,banana,fresh
50793993,50235,91.55,866.00,71.00,0.447,4.233,0.347,banana,fresh
50795003,50236,91.40,866.00,71.05,0.447,4.233,0.347,banana,fresh
50796015,50237,91.40,866.00,71.05,0.447,4.233,0.347,banana,fresh
50797026,50238,91.45,866.00,71.00,0.447,4.233,0.347,banana,fresh
50798038,50239,91.50,866.00,71.00,0.447,4.233,0.347,banana,fresh
50799048,50240,91.30,866.00,71.00,0.446,4.233,0.347,banana,fresh
50800059,50241,91.30,866.00,71.00,0.446,4.233,0.347,banana,fresh
50801071,50242,91.55,866.00,71.00,0.447,4.233,0.347,banana,fresh
50802081,50243,91.50,866.00,71.00,0.447,4.233,0.347,banana,fresh
50803093,50244,91.45,866.00,71.00,0.447,4.233,0.347,banana,fresh
50804104,50245,91.60,866.00,71.00,0.448,4.233,0.347,banana,fresh
50805115,50246,91.25,866.00,70.95,0.446,4.233,0.347,banana,fresh
50806126,50247,91.55,866.00,71.00,0.447,4.233,0.347,banana,fresh
50807137,50248,91.55,866.05,71.05,0.447,4.233,0.347,banana,fresh
50808148,50249,91.55,866.10,71.00,0.447,4.233,0.347,banana,fresh
50809159,50250,91.60,866.00,71.00,0.448,4.233,0.347,banana,fresh
50810171,50251,91.35,866.00,71.05,0.446,4.233,0.347,banana,fresh
50811182,50252,91.50,866.00,71.00,0.447,4.233,0.347,banana,fresh
50812193,50253,91.50,866.00,71.05,0.447,4.233,0.347,banana,fresh
50813204,50254,91.45,866.05,71.00,0.447,4.233,0.347,banana,fresh
50814215,50255,91.55,866.00,71.00,0.447,4.233,0.347,banana,fresh
50815226,50256,91.45,866.05,71.00,0.447,4.233,0.347,banana,fresh
50816237,50257,91.80,866.00,71.05,0.449,4.233,0.347,banana,fresh
50817249,50258,91.60,866.05,71.00,0.448,4.233,0.347,banana,fresh
50818259,50259,91.60,866.00,71.00,0.448,4.233,0.347,banana,fresh
50819270,50260,91.40,866.10,71.00,0.447,4.233,0.347,banana,fresh
50820282,50261,91.65,866.00,71.00,0.448,4.233,0.347,banana,fresh
50821293,50262,91.65,866.05,71.05,0.448,4.233,0.347,banana,fresh
50822304,50263,91.50,866.05,71.00,0.447,4.233,0.347,banana,fresh
50823315,50264,91.75,866.05,71.05,0.448,4.233,0.347,banana,fresh
50824327,50265,91.60,866.10,71.00,0.448,4.233,0.347,banana,fresh
50825337,50266,91.50,866.05,71.05,0.447,4.233,0.347,banana,fresh
50826348,50267,91.65,866.10,71.00,0.448,4.233,0.347,banana,fresh
50827360,50268,91.65,866.20,71.05,0.448,4.234,0.347,banana,fresh
50828370,50269,91.75,866.05,71.00,0.448,4.233,0.347,banana,fresh
50829382,50270,91.65,866.05,71.00,0.448,4.233,0.347,banana,fresh
50830393,50271,91.55,866.00,71.00,0.447,4.233,0.347,banana,fresh
50831405,50272,91.55,866.10,71.05,0.447,4.233,0.347,banana,fresh
50832415,50273,91.55,866.10,71.15,0.447,4.233,0.348,banana,fresh
50833427,50274,91.75,866.20,71.05,0.448,4.234,0.347,banana,fresh
50834438,50275,91.75,866.10,71.00,0.448,4.233,0.347,banana,fresh
50835448,50276,91.85,866.10,71.05,0.449,4.233,0.347,banana,fresh
50836460,50277,91.60,866.10,71.00,0.448,4.233,0.347,banana,fresh
50837471,50278,91.80,866.30,71.05,0.449,4.234,0.347,banana,fresh
50838482,50279,91.65,866.20,71.05,0.448,4.234,0.347,banana,fresh
50839493,50280,91.65,866.30,71.05,0.448,4.234,0.347,banana,fresh
50840505,50281,91.80,866.20,71.05,0.449,4.234,0.347,banana,fresh
50841516,50282,91.40,866.15,71.05,0.447,4.233,0.347,banana,fresh
50842526,50283,91.65,866.05,71.15,0.448,4.233,0.348,banana,fresh
50843538,50284,91.70,866.10,71.05,0.448,4.233,0.347,banana,fresh
50844549,50285,91.75,866.05,71.00,0.448,4.233,0.347,banana,fresh
50845560,50286,91.75,866.20,71.10,0.448,4.234,0.348,banana,fresh
50846571,50287,91.70,866.10,71.05,0.448,4.233,0.347,banana,fresh
50847583,50288,91.50,866.25,71.10,0.447,4.234,0.348,banana,fresh
50848593,50289,91.80,866.10,71.05,0.449,4.233,0.347,banana,fresh
50849604,50290,91.75,866.15,71.00,0.448,4.233,0.347,banana,fresh
50850616,50291,91.80,866.20,71.10,0.449,4.234,0.348,banana,fresh
50851627,50292,91.80,866.05,71.00,0.449,4.233,0.347,banana,fresh
50852638,50293,91.55,866.20,71.00,0.447,4.234,0.347,banana,fresh
50853649,50294,91.85,866.25,71.05,0.449,4.234,0.347,banana,fresh
50854661,50295,91.70,866.30,71.15,0.448,4.234,0.348,banana,fresh
50855671,50296,91.80,866.20,71.00,0.449,4.234,0.347,banana,fresh
50856682,50297,91.90,866.35,71.05,0.449,4.234,0.347,banana,fresh
50857694,50298,91.85,866.15,71.05,0.449,4.233,0.347,banana,fresh
50858704,50299,91.90,866.15,71.05,0.449,4.233,0.347,banana,fresh
50859716,50300,91.80,866.40,71.15,0.449,4.235,0.348,banana,fresh
50860727,50301,91.90,866.30,71.15,0.449,4.234,0.348,banana,fresh
50861739,50302,91.75,866.35,71.10,0.448,4.234,0.348,banana,fresh
50862749,50303,91.85,866.25,71.30,0.449,4.234,0.348,banana,fresh
50863761,50304,91.90,866.30,71.15,0.449,4.234,0.348,banana,fresh
50864772,50305,92.00,866.40,71.25,0.450,4.235,0.348,banana,fresh
50865782,50306,91.75,866.50,71.10,0.448,4.235,0.348,banana,fresh
50866794,50307,91.90,866.25,71.15,0.449,4.234,0.348,banana,fresh
50867805,50308,91.65,866.55,71.20,0.448,4.235,0.348,banana,fresh
50868816,50309,91.95,866.40,71.15,0.449,4.235,0.348,banana,fresh
50869827,50310,92.00,866.35,71.10,0.450,4.234,0.348,banana,fresh
50870839,50311,91.75,866.20,71.10,0.448,4.234,0.348,banana,fresh
50871849,50312,91.90,866.30,71.25,0.449,4.234,0.348,banana,fresh
50872861,50313,91.90,866.40,71.20,0.449,4.235,0.348,banana,fresh
50873872,50314,91.95,866.55,71.15,0.449,4.235,0.348,banana,fresh
50874883,50315,91.95,866.45,71.15,0.449,4.235,0.348,banana,fresh
50875894,50316,92.00,866.35,71.40,0.450,4.234,0.349,banana,fresh
50876905,50317,92.00,866.35,71.05,0.450,4.234,0.347,banana,fresh
50877917,50318,91.90,866.50,71.15,0.449,4.235,0.348,banana,fresh
50878927,50319,91.90,866.50,71.05,0.449,4.235,0.347,banana,fresh
50879939,50320,91.90,866.45,71.15,0.449,4.235,0.348,banana,fresh
50880950,50321,91.85,866.50,71.00,0.449,4.235,0.347,banana,fresh
50881960,50322,91.95,866.40,71.15,0.449,4.235,0.348,banana,fresh
50882972,50323,91.70,866.55,71.10,0.448,4.235,0.348,banana,fresh
50883983,50324,91.80,866.30,71.05,0.449,4.234,0.347,banana,fresh
50884995,50325,91.90,866.55,71.10,0.449,4.235,0.348,banana,fresh
50886005,50326,91.80,866.50,71.10,0.449,4.235,0.348,banana,fresh
50887017,50327,91.95,866.55,71.20,0.449,4.235,0.348,banana,fresh
50888028,50328,91.85,866.40,71.20,0.449,4.235,0.348,banana,fresh
50889039,50329,91.95,866.60,71.15,0.449,4.236,0.348,banana,fresh
50890050,50330,91.90,866.50,71.10,0.449,4.235,0.348,banana,fresh
50891061,50331,91.95,866.65,71.10,0.449,4.236,0.348,banana,fresh
50892072,50332,91.85,866.55,71.50,0.449,4.235,0.349,banana,fresh
50893083,50333,91.90,866.65,71.25,0.449,4.236,0.348,banana,fresh
50894095,50334,91.95,866.55,71.10,0.449,4.235,0.348,banana,fresh
50895106,50335,91.90,866.50,71.15,0.449,4.235,0.348,banana,fresh
50896117,50336,91.90,866.60,71.15,0.449,4.236,0.348,banana,fresh
50897128,50337,91.90,866.70,71.30,0.449,4.236,0.348,banana,fresh
50898139,50338,91.95,866.80,71.20,0.449,4.237,0.348,banana,fresh
50899150,50339,91.85,866.75,71.20,0.449,4.236,0.348,banana,fresh
50900161,50340,91.95,866.45,71.25,0.449,4.235,0.348,banana,fresh
50901173,50341,91.95,866.60,71.00,0.449,4.236,0.347,banana,fresh
50902183,50342,91.95,866.85,71.15,0.449,4.237,0.348,banana,fresh
50903195,50343,92.00,866.75,71.25,0.450,4.236,0.348,banana,fresh
50904206,50344,91.85,866.50,71.50,0.449,4.235,0.349,banana,fresh
50905218,50345,91.95,866.75,71.05,0.449,4.236,0.347,banana,fresh
50906228,50346,92.00,866.65,71.40,0.450,4.236,0.349,banana,fresh
50907239,50347,91.90,866.70,71.30,0.449,4.236,0.348,banana,fresh
50908251,50348,91.95,866.70,71.15,0.449,4.236,0.348,banana,fresh
50909261,50349,91.95,866.70,71.30,0.449,4.236,0.348,banana,fresh
50910273,50350,91.95,866.65,71.10,0.449,4.236,0.348,banana,fresh
50911284,50351,91.95,866.70,71.20,0.449,4.236,0.348,banana,fresh
50912295,50352,91.90,866.65,71.30,0.449,4.236,0.348,banana,fresh
50913306,50353,91.95,866.75,71.25,0.449,4.236,0.348,banana,fresh
50914318,50354,92.00,866.75,71.15,0.450,4.236,0.348,banana,fresh
50915329,50355,92.00,866.80,71.30,0.450,4.237,0.348,banana,fresh
50916339,50356,91.95,866.70,71.35,0.449,4.236,0.349,banana,fresh
50917351,50357,91.85,866.80,71.50,0.449,4.237,0.349,banana,fresh
50918362,50358,92.00,866.70,71.30,0.450,4.236,0.348,banana,fresh
50919373,50359,92.00,866.75,71.45,0.450,4.236,0.349,banana,fresh
50920384,50360,91.90,866.75,71.15,0.449,4.236,0.348,banana,fresh
50921396,50361,91.95,866.95,71.25,0.449,4.237,0.348,banana,fresh
50922406,50362,91.95,866.70,71.40,0.449,4.236,0.349,banana,fresh
50923417,50363,92.00,866.85,71.20,0.450,4.237,0.348,banana,fresh
50924429,50364,92.00,866.80,71.25,0.450,4.237,0.348,banana,fresh
50925440,50365,92.00,866.85,71.45,0.450,4.237,0.349,banana,fresh
50926451,50366,92.00,866.75,71.25,0.450,4.236,0.348,banana,fresh
50927462,50367,91.90,866.80,71.55,0.449,4.237,0.350,banana,fresh
50928474,50368,91.95,867.00,71.40,0.449,4.238,0.349,banana,fresh
50929484,50369,92.00,866.90,71.25,0.450,4.237,0.348,banana,fresh
50930495,50370,92.00,866.75,71.25,0.450,4.236,0.348,banana,fresh
50931507,50371,92.00,866.90,71.35,0.450,4.237,0.349,banana,fresh
50932517,50372,92.00,866.75,71.30,0.450,4.236,0.348,banana,fresh
50933529,50373,92.00,867.00,71.45,0.450,4.238,0.349,banana,fresh
50934540,50374,91.90,866.95,71.50,0.449,4.237,0.349,banana,fresh
50935552,50375,92.00,866.85,71.45,0.450,4.237,0.349,banana,fresh
50936562,50376,92.00,866.95,71.50,0.450,4.237,0.349,banana,fresh
50937573,50377,92.00,866.90,71.45,0.450,4.237,0.349,banana,fresh
50938585,50378,91.95,866.85,71.65,0.449,4.237,0.350,banana,fresh
50939595,50379,91.95,866.90,71.35,0.449,4.237,0.349,banana,fresh
50940607,50380,92.00,866.95,71.30,0.450,4.237,0.348,banana,fresh
50941618,50381,92.00,866.95,71.55,0.450,4.237,0.350,banana,fresh
50942629,50382,92.05,866.90,71.40,0.450,4.237,0.349,banana,fresh
50943640,50383,92.00,866.90,71.45,0.450,4.237,0.349,banana,fresh
50944651,50384,92.00,866.90,71.40,0.450,4.237,0.349,banana,fresh
50945662,50385,91.95,866.80,71.35,0.449,4.237,0.349,banana,fresh
50946673,50386,91.95,866.80,71.65,0.449,4.237,0.350,banana,fresh
50947685,50387,91.95,866.95,71.55,0.449,4.237,0.350,banana,fresh
50948696,50388,91.90,866.90,71.70,0.449,4.237,0.350,banana,fresh
50949707,50389,92.00,866.90,71.70,0.450,4.237,0.350,banana,fresh
50950718,50390,92.05,866.95,71.65,0.450,4.237,0.350,banana,fresh
50951729,50391,92.00,866.95,71.60,0.450,4.237,0.350,banana,fresh
50952740,50392,92.00,867.00,71.50,0.450,4.238,0.349,banana,fresh
50953751,50393,92.00,867.00,71.50,0.450,4.238,0.349,banana,fresh
50954763,50394,92.00,866.95,71.45,0.450,4.237,0.349,banana,fresh
50955773,50395,92.00,867.00,71.50,0.450,4.238,0.349,banana,fresh
50956785,50396,92.00,866.95,71.65,0.450,4.237,0.350,banana,fresh
50957796,50397,92.00,867.00,71.65,0.450,4.238,0.350,banana,fresh
50958807,50398,92.00,867.00,71.55,0.450,4.238,0.350,banana,fresh
50959818,50399,92.00,867.00,71.55,0.450,4.238,0.350,banana,fresh
50960829,50400,91.95,867.00,71.65,0.449,4.238,0.350,banana,fresh
50961841,50401,92.05,866.95,71.65,0.450,4.237,0.350,banana,fresh
50962851,50402,92.00,866.95,71.60,0.450,4.237,0.350,banana,fresh
50963863,50403,92.00,867.00,71.65,0.450,4.238,0.350,banana,fresh
50964874,50404,92.00,866.95,71.60,0.450,4.237,0.350,banana,fresh
50965884,50405,92.05,867.00,71.60,0.450,4.238,0.350,banana,fresh
50966896,50406,92.00,867.00,71.45,0.450,4.238,0.349,banana,fresh
50967907,50407,92.05,867.00,71.60,0.450,4.238,0.350,banana,fresh
50968919,50408,92.00,867.00,71.60,0.450,4.238,0.350,banana,fresh
50969929,50409,92.00,867.00,71.55,0.450,4.238,0.350,banana,fresh
50970941,50410,92.00,867.00,71.55,0.450,4.238,0.350,banana,fresh
50971952,50411,91.95,866.95,71.65,0.449,4.237,0.350,banana,fresh
50972962,50412,92.05,867.00,71.70,0.450,4.238,0.350,banana,fresh
50973974,50413,92.05,867.00,71.55,0.450,4.238,0.350,banana,fresh
50974985,50414,92.00,867.00,71.50,0.450,4.238,0.349,banana,fresh
50975996,50415,92.00,867.00,71.70,0.450,4.238,0.350,banana,fresh
50977007,50416,92.00,867.00,71.95,0.450,4.238,0.352,banana,fresh
50978019,50417,92.05,867.00,71.75,0.450,4.238,0.351,banana,fresh
50979030,50418,92.00,867.00,71.70,0.450,4.238,0.350,banana,fresh
50980040,50419,92.00,867.00,71.90,0.450,4.238,0.351,banana,fresh
50981052,50420,92.00,867.00,71.75,0.450,4.238,0.351,banana,fresh
50982063,50421,92.00,867.00,71.70,0.450,4.238,0.350,banana,fresh
50983074,50422,92.05,867.00,71.70,0.450,4.238,0.350,banana,fresh
50984085,50423,92.05,867.00,71.70,0.450,4.238,0.350,banana,fresh
50985097,50424,92.15,867.00,71.80,0.450,4.238,0.351,banana,fresh
50986107,50425,92.00,867.00,71.85,0.450,4.238,0.351,banana,fresh
50987118,50426,92.05,867.00,71.80,0.450,4.238,0.351,banana,fresh
50988130,50427,92.00,867.00,71.80,0.450,4.238,0.351,banana,fresh
50989140,50428,92.00,866.95,71.80,0.450,4.237,0.351,banana,fresh
50990152,50429,92.00,867.00,71.85,0.450,4.238,0.351,banana,fresh
50991163,50430,92.00,867.00,71.80,0.450,4.238,0.351,banana,fresh
50992175,50431,92.00,867.00,71.80,0.450,4.238,0.351,banana,fresh
50993185,50432,92.10,867.00,71.70,0.450,4.238,0.350,banana,fresh
50994196,50433,92.05,867.00,71.80,0.450,4.238,0.351,banana,fresh
50995208,50434,92.10,867.00,71.85,0.450,4.238,0.351,banana,fresh
50996218,50435,92.05,867.00,71.80,0.450,4.238,0.351,banana,fresh
50997230,50436,92.05,866.95,71.95,0.450,4.237,0.352,banana,fresh
50998241,50437,92.00,867.00,71.75,0.450,4.238,0.351,banana,fresh
50999252,50438,92.05,867.00,71.95,0.450,4.238,0.352,banana,fresh
51000263,50439,92.00,867.00,71.90,0.450,4.238,0.351,banana,fresh
51001274,50440,92.15,867.00,71.80,0.450,4.238,0.351,banana,fresh
51002286,50441,91.95,867.00,71.90,0.449,4.238,0.351,banana,fresh
51003296,50442,92.05,867.00,71.65,0.450,4.238,0.350,banana,fresh
51004308,50443,92.10,867.00,71.80,0.450,4.238,0.351,banana,fresh
51005319,50444,92.05,867.00,71.80,0.450,4.238,0.351,banana,fresh
51006330,50445,92.00,867.00,71.90,0.450,4.238,0.351,banana,fresh
51007341,50446,92.00,867.00,71.70,0.450,4.238,0.350,banana,fresh
51008352,50447,92.00,867.00,71.85,0.450,4.238,0.351,banana,fresh
51009363,50448,92.10,867.00,71.75,0.450,4.238,0.351,banana,fresh
51010374,50449,92.00,867.00,71.90,0.450,4.238,0.351,banana,fresh
51011386,50450,92.00,867.00,71.90,0.450,4.238,0.351,banana,fresh
51012397,50451,92.00,867.05,71.90,0.450,4.238,0.351,banana,fresh
51013407,50452,92.15,867.05,71.80,0.450,4.238,0.351,banana,fresh
51014419,50453,92.00,867.00,71.95,0.450,4.238,0.352,banana,fresh
51015430,50454,92.10,867.10,72.00,0.450,4.238,0.352,banana,fresh
51016441,50455,92.05,867.00,71.90,0.450,4.238,0.351,banana,fresh
51017452,50456,92.10,867.00,71.85,0.450,4.238,0.351,banana,fresh
51018464,50457,92.05,867.00,71.90,0.450,4.238,0.351,banana,fresh
51019474,50458,92.15,867.00,72.00,0.450,4.238,0.352,banana,fresh
51020485,50459,92.10,867.00,71.90,0.450,4.238,0.351,banana,fresh
51021497,50460,92.20,867.00,71.85,0.451,4.238,0.351,banana,fresh
51022508,50461,92.10,867.00,71.90,0.450,4.238,0.351,banana,fresh
51023519,50462,92.05,867.00,71.85,0.450,4.238,0.351,banana,fresh
51024530,50463,92.15,867.05,71.95,0.450,4.238,0.352,banana,fresh
51025542,50464,92.05,867.00,71.90,0.450,4.238,0.351,banana,fresh
51026552,50465,92.15,867.10,71.90,0.450,4.238,0.351,banana,fresh
51027564,50466,92.20,867.00,71.90,0.451,4.238,0.351,banana,fresh
51028575,50467,92.10,867.05,71.90,0.450,4.238,0.351,banana,fresh
51029585,50468,92.15,867.05,71.75,0.450,4.238,0.351,banana,fresh
51030597,50469,92.15,867.00,71.85,0.450,4.238,0.351,banana,fresh
51031608,50470,92.15,867.05,72.00,0.450,4.238,0.352,banana,fresh
51032620,50471,92.05,867.00,71.95,0.450,4.238,0.352,banana,fresh
51033630,50472,92.25,867.00,71.95,0.451,4.238,0.352,banana,fresh
51034642,50473,92.10,867.00,72.00,0.450,4.238,0.352,banana,fresh
51035653,50474,92.15,867.15,71.90,0.450,4.238,0.351,banana,fresh
51036663,50475,92.15,867.15,71.90,0.450,4.238,0.351,banana,fresh
51037675,50476,92.20,867.05,71.95,0.451,4.238,0.352,banana,fresh
51038686,50477,92.20,867.20,71.95,0.451,4.239,0.352,banana,fresh
51039697,50478,92.30,867.15,72.00,0.451,4.238,0.352,banana,fresh
51040708,50479,92.20,867.05,71.90,0.451,4.238,0.351,banana,fresh
51041720,50480,92.20,867.05,71.85,0.451,4.238,0.351,banana,fresh
51042731,50481,92.15,867.05,72.00,0.450,4.238,0.352,banana,fresh
51043741,50482,92.20,867.00,71.90,0.451,4.238,0.351,banana,fresh
51044753,50483,92.20,867.05,71.95,0.451,4.238,0.352,banana,fresh
51045764,50484,92.20,867.05,71.90,0.451,4.238,0.351,banana,fresh
51046775,50485,92.15,867.00,71.90,0.450,4.238,0.351,banana,fresh
51047786,50486,92.20,867.05,71.95,0.451,4.238,0.352,banana,fresh
51048798,50487,92.20,867.10,71.95,0.451,4.238,0.352,banana,fresh
51049808,50488,92.10,867.00,72.00,0.450,4.238,0.352,banana,fresh
51050819,50489,92.20,867.05,71.95,0.451,4.238,0.352,banana,fresh
51051831,50490,92.10,867.05,72.00,0.450,4.238,0.352,banana,fresh
51052841,50491,92.25,867.00,71.90,0.451,4.238,0.351,banana,fresh
51053853,50492,92.25,867.05,71.95,0.451,4.238,0.352,banana,fresh
51054864,50493,92.35,867.10,71.95,0.451,4.238,0.352,banana,fresh
51055876,50494,92.25,867.05,72.00,0.451,4.238,0.352,banana,fresh
51056886,50495,92.15,867.15,72.00,0.450,4.238,0.352,banana,fresh
51057898,50496,92.30,867.20,72.00,0.451,4.239,0.352,banana,fresh
51058909,50497,92.40,867.10,71.95,0.452,4.238,0.352,banana,fresh
51059919,50498,92.25,867.10,72.00,0.451,4.238,0.352,banana,fresh
51060931,50499,92.25,867.10,72.00,0.451,4.238,0.352,banana,fresh
51061942,50500,92.20,867.10,72.00,0.451,4.238,0.352,banana,fresh
51062953,50501,92.20,867.10,71.95,0.451,4.238,0.352,banana,fresh
51063964,50502,92.40,867.10,72.00,0.452,4.238,0.352,banana,fresh
51064976,50503,92.45,867.15,72.00,0.452,4.238,0.352,banana,fresh
51065987,50504,92.35,867.05,72.00,0.451,4.238,0.352,banana,fresh
51066997,50505,92.45,867.20,72.00,0.452,4.239,0.352,banana,fresh
51068009,50506,92.30,867.25,72.00,0.451,4.239,0.352,banana,fresh
51069020,50507,92.25,867.15,72.00,0.451,4.238,0.352,banana,fresh
51070031,50508,92.40,867.25,72.00,0.452,4.239,0.352,banana,fresh
51071042,50509,92.45,867.15,72.00,0.452,4.238,0.352,banana,fresh
51072054,50510,92.35,867.30,71.95,0.451,4.239,0.352,banana,fresh
51073064,50511,92.30,867.30,71.95,0.451,4.239,0.352,banana,fresh
51074076,50512,92.45,867.30,72.00,0.452,4.239,0.352,banana,fresh
51075087,50513,92.25,867.30,72.00,0.451,4.239,0.352,banana,fresh
51076098,50514,92.50,867.10,72.00,0.452,4.238,0.352,banana,fresh
51077109,50515,92.20,867.15,71.95,0.451,4.238,0.352,banana,fresh
51078120,50516,92.35,867.45,71.95,0.451,4.240,0.352,banana,fresh
51079132,50517,92.55,867.30,71.95,0.452,4.239,0.352,banana,fresh
51080142,50518,92.30,867.20,72.00,0.451,4.239,0.352,banana,fresh
51081154,50519,92.45,867.35,72.00,0.452,4.239,0.352,banana,fresh
51082165,50520,92.35,867.25,72.00,0.451,4.239,0.352,banana,fresh
51083175,50521,92.20,867.00,72.00,0.451,4.238,0.352,banana,fresh
51084187,50522,92.45,867.20,71.95,0.452,4.239,0.352,banana,fresh
51085198,50523,92.40,867.40,72.00,0.452,4.239,0.352,banana,fresh
51086210,50524,92.50,867.30,72.00,0.452,4.239,0.352,banana,fresh
51087220,50525,92.55,867.20,72.00,0.452,4.239,0.352,banana,fresh
51088232,50526,92.45,867.25,72.00,0.452,4.239,0.352,banana,fresh
51089243,50527,92.50,867.35,72.00,0.452,4.239,0.352,banana,fresh
51090253,50528,92.50,867.20,72.00,0.452,4.239,0.352,banana,fresh
51091265,50529,92.60,867.25,72.00,0.453,4.239,0.352,banana,fresh
51092276,50530,92.40,867.40,71.95,0.452,4.239,0.352,banana,fresh
51093287,50531,92.55,867.35,72.00,0.452,4.239,0.352,banana,fresh
51094298,50532,92.55,867.60,72.00,0.452,4.240,0.352,banana,fresh
51095310,50533,92.65,867.45,72.00,0.453,4.240,0.352,banana,fresh
51096321,50534,92.35,867.20,71.95,0.451,4.239,0.352,banana,fresh
51097331,50535,92.40,867.30,72.00,0.452,4.239,0.352,banana,fresh
51098343,50536,92.55,867.40,72.00,0.452,4.239,0.352,banana,fresh
51099354,50537,92.65,867.35,72.00,0.453,4.239,0.352,banana,fresh
51100365,50538,92.55,867.35,72.00,0.452,4.239,0.352,banana,fresh
51101376,50539,92.55,867.30,72.00,0.452,4.239,0.352,banana,fresh
51102388,50540,92.50,867.50,72.00,0.452,4.240,0.352,banana,fresh
51103398,50541,92.40,867.35,72.05,0.452,4.239,0.352,banana,fresh
51104410,50542,92.55,867.35,72.00,0.452,4.239,0.352,banana,fresh
51105421,50543,92.65,867.40,72.00,0.453,4.239,0.352,banana,fresh
51106432,50544,92.60,867.45,72.00,0.453,4.240,0.352,banana,fresh
51107443,50545,92.55,867.45,72.05,0.452,4.240,0.352,banana,fresh
51108454,50546,92.55,867.40,72.00,0.452,4.239,0.352,banana,fresh
51109466,50547,92.55,867.50,72.00,0.452,4.240,0.352,banana,fresh
51110476,50548,92.50,867.55,72.00,0.452,4.240,0.352,banana,fresh
51111488,50549,92.65,867.60,71.95,0.453,4.240,0.352,banana,fresh
51112499,50550,92.65,867.45,72.00,0.453,4.240,0.352,banana,fresh
51113509,50551,92.65,867.60,72.00,0.453,4.240,0.352,banana,fresh
51114521,50552,92.75,867.65,72.00,0.453,4.241,0.352,banana,fresh
51115532,50553,92.80,867.60,72.00,0.454,4.240,0.352,banana,fresh
51116544,50554,92.60,867.50,72.00,0.453,4.240,0.352,banana,fresh
51117554,50555,92.75,867.75,72.00,0.453,4.241,0.352,banana,fresh
51118566,50556,92.55,867.70,72.00,0.452,4.241,0.352,banana,fresh
51119577,50557,92.65,867.55,72.00,0.453,4.240,0.352,banana,fresh
51120587,50558,92.70,867.55,72.00,0.453,4.240,0.352,banana,fresh
51121599,50559,92.55,867.75,72.00,0.452,4.241,0.352,banana,fresh
51122610,50560,92.70,867.75,72.00,0.453,4.241,0.352,banana,fresh
51123621,50561,92.65,867.60,72.00,0.453,4.240,0.352,banana,fresh
51124632,50562,92.70,867.55,72.00,0.453,4.240,0.352,banana,fresh
51125644,50563,92.65,867.55,72.00,0.453,4.240,0.352,banana,fresh
51126654,50564,92.70,867.60,72.00,0.453,4.240,0.352,banana,fresh
51127665,50565,92.65,867.55,72.00,0.453,4.240,0.352,banana,fresh
51128677,50566,92.65,867.50,72.00,0.453,4.240,0.352,banana,fresh
51129688,50567,92.85,867.70,72.00,0.454,4.241,0.352,banana,fresh
51130699,50568,92.70,867.60,72.00,0.453,4.240,0.352,banana,fresh
51131710,50569,92.65,867.65,72.00,0.453,4.241,0.352,banana,fresh
51132722,50570,92.75,867.65,72.00,0.453,4.241,0.352,banana,fresh
51133732,50571,92.85,867.85,72.00,0.454,4.242,0.352,banana,fresh
51134743,50572,92.65,867.60,72.00,0.453,4.240,0.352,banana,fresh
51135755,50573,92.70,867.75,72.00,0.453,4.241,0.352,banana,fresh
51136765,50574,92.70,867.75,72.00,0.453,4.241,0.352,banana,fresh
51137777,50575,92.75,867.90,72.00,0.453,4.242,0.352,banana,fresh
51138788,50576,92.85,867.80,72.00,0.454,4.241,0.352,banana,fresh
51139800,50577,92.85,867.80,72.00,0.454,4.241,0.352,banana,fresh
51140810,50578,92.75,867.95,72.00,0.453,4.242,0.352,banana,fresh
51141821,50579,92.90,867.75,72.00,0.454,4.241,0.352,banana,fresh
51142833,50580,92.85,867.65,72.05,0.454,4.241,0.352,banana,fresh
51143843,50581,92.85,867.75,72.00,0.454,4.241,0.352,banana,fresh
51144855,50582,92.85,867.80,72.00,0.454,4.241,0.352,banana,fresh
51145866,50583,92.85,867.70,72.00,0.454,4.241,0.352,banana,fresh
51146877,50584,92.95,867.85,72.05,0.454,4.242,0.352,banana,fresh
51147888,50585,92.85,867.75,72.00,0.454,4.241,0.352,banana,fresh
51148900,50586,92.85,867.95,72.00,0.454,4.242,0.352,banana,fresh
51149911,50587,92.95,867.95,72.00,0.454,4.242,0.352,banana,fresh
51150921,50588,92.80,867.85,72.00,0.454,4.242,0.352,banana,fresh
51151933,50589,92.95,867.95,72.05,0.454,4.242,0.352,banana,fresh
51152944,50590,92.80,867.80,72.05,0.454,4.241,0.352,banana,fresh
51153955,50591,92.80,867.95,72.05,0.454,4.242,0.352,banana,fresh
51154966,50592,92.85,867.85,72.00,0.454,4.242,0.352,banana,fresh
51155978,50593,92.75,867.95,72.00,0.453,4.242,0.352,banana,fresh
51156988,50594,93.00,867.95,72.05,0.455,4.242,0.352,banana,fresh
51157999,50595,92.85,867.85,72.00,0.454,4.242,0.352,banana,fresh
51159011,50596,92.90,867.95,72.05,0.454,4.242,0.352,banana,fresh
51160022,50597,92.95,867.95,72.00,0.454,4.242,0.352,banana,fresh
51161033,50598,92.95,867.85,72.10,0.454,4.242,0.352,banana,fresh
51162044,50599,92.75,867.95,72.05,0.453,4.242,0.352,banana,fresh
51163056,50600,92.90,868.00,72.00,0.454,4.242,0.352,banana,fresh
51164066,50601,92.90,867.90,72.00,0.454,4.242,0.352,banana,fresh
51165078,50602,92.80,867.95,72.05,0.454,4.242,0.352,banana,fresh
51166089,50603,92.80,867.90,72.00,0.454,4.242,0.352,banana,fresh
51167099,50604,92.85,867.85,72.00,0.454,4.242,0.352,banana,fresh
51168111,50605,92.90,867.95,72.00,0.454,4.242,0.352,banana,fresh
51169122,50606,92.90,867.95,72.00,0.454,4.242,0.352,banana,fresh
51170134,50607,92.90,868.00,72.05,0.454,4.242,0.352,banana,fresh
51171144,50608,92.95,868.00,72.00,0.454,4.242,0.352,banana,fresh
51172156,50609,92.90,867.90,72.10,0.454,4.242,0.352,banana,fresh
51173167,50610,92.95,867.90,72.10,0.454,4.242,0.352,banana,fresh
51174177,50611,92.95,867.95,72.10,0.454,4.242,0.352,banana,fresh
51175189,50612,92.80,867.90,72.00,0.454,4.242,0.352,banana,fresh
51176200,50613,92.95,868.00,72.00,0.454,4.242,0.352,banana,fresh
51177211,50614,93.00,868.00,72.10,0.455,4.242,0.352,banana,fresh
51178222,50615,92.85,868.00,72.05,0.454,4.242,0.352,banana,fresh
51179234,50616,92.95,867.95,72.00,0.454,4.242,0.352,banana,fresh
51180244,50617,92.95,868.00,72.05,0.454,4.242,0.352,banana,fresh
51181255,50618,92.95,868.00,72.00,0.454,4.242,0.352,banana,fresh
51182267,50619,93.00,868.00,72.00,0.455,4.242,0.352,banana,fresh
51183278,50620,93.00,868.00,72.05,0.455,4.242,0.352,banana,fresh
51184289,50621,92.95,868.00,72.20,0.454,4.242,0.353,banana,fresh
51185300,50622,92.85,868.00,72.10,0.454,4.242,0.352,banana,fresh
51186312,50623,92.90,868.00,72.00,0.454,4.242,0.352,banana,fresh
51187322,50624,93.00,868.00,72.15,0.455,4.242,0.353,banana,fresh
51188333,50625,93.00,868.00,72.10,0.455,4.242,0.352,banana,fresh
51189345,50626,93.00,868.00,72.00,0.455,4.242,0.352,banana,fresh
51190355,50627,93.00,867.95,72.10,0.455,4.242,0.352,banana,fresh
51191367,50628,92.90,868.00,72.00,0.454,4.242,0.352,banana,fresh
51192378,50629,93.00,868.00,72.10,0.455,4.242,0.352,banana,fresh
51193390,50630,92.95,868.00,72.05,0.454,4.242,0.352,banana,fresh
51194400,50631,93.00,868.00,72.10,0.455,4.242,0.352,banana,fresh
51195411,50632,93.00,868.00,72.00,0.455,4.242,0.352,banana,fresh
51196423,50633,92.95,867.95,72.05,0.454,4.242,0.352,banana,fresh
51197433,50634,92.95,868.00,72.15,0.454,4.242,0.353,banana,fresh
51198445,50635,92.85,868.05,72.00,0.454,4.243,0.352,banana,fresh
51199456,50636,93.00,868.00,72.10,0.455,4.242,0.352,banana,fresh
51200467,50637,93.00,868.00,72.25,0.455,4.242,0.353,banana,fresh
51201478,50638,93.00,868.00,72.15,0.455,4.242,0.353,banana,fresh
51202489,50639,93.00,868.00,72.10,0.455,4.242,0.352,banana,fresh
51203501,50640,92.95,868.00,72.20,0.454,4.242,0.353,banana,fresh
51204511,50641,93.00,868.00,72.25,0.455,4.242,0.353,banana,fresh
51205523,50642,92.95,868.00,72.10,0.454,4.242,0.352,banana,fresh
51206534,50643,93.00,868.00,72.10,0.455,4.242,0.352,banana,fresh
51207545,50644,93.00,868.00,72.10,0.455,4.242,0.352,banana,fresh
51208556,50645,92.95,868.00,72.20,0.454,4.242,0.353,banana,fresh
51209567,50646,93.00,868.05,72.25,0.455,4.243,0.353,banana,fresh
51210578,50647,93.00,868.00,72.10,0.455,4.242,0.352,banana,fresh
51211589,50648,93.00,868.00,72.35,0.455,4.242,0.354,banana,fresh
51212601,50649,93.00,868.00,72.30,0.455,4.242,0.353,banana,fresh
51213612,50650,93.00,868.00,72.30,0.455,4.242,0.353,banana,fresh
51214622,50651,92.95,868.00,72.20,0.454,4.242,0.353,banana,fresh
51215634,50652,93.00,868.00,72.15,0.455,4.242,0.353,banana,fresh
51216645,50653,93.00,868.00,72.25,0.455,4.242,0.353,banana,fresh
51217656,50654,93.05,868.00,72.25,0.455,4.242,0.353,banana,fresh
51218667,50655,93.00,868.00,72.15,0.455,4.242,0.353,banana,fresh
51219679,50656,93.00,868.00,72.20,0.455,4.242,0.353,banana,fresh
51220689,50657,93.00,868.00,72.25,0.455,4.242,0.353,banana,fresh
51221700,50658,93.05,868.00,72.25,0.455,4.242,0.353,banana,fresh
51222712,50659,93.00,868.00,72.35,0.455,4.242,0.354,banana,fresh
51223723,50660,93.00,868.00,72.20,0.455,4.242,0.353,banana,fresh
51224734,50661,93.10,868.00,72.25,0.455,4.242,0.353,banana,fresh
51225745,50662,93.00,868.00,72.25,0.455,4.242,0.353,banana,fresh
51226757,50663,93.00,868.05,72.20,0.455,4.243,0.353,banana,fresh
51227767,50664,93.00,868.00,72.50,0.455,4.242,0.354,banana,fresh
51228778,50665,93.00,868.00,72.40,0.455,4.242,0.354,banana,fresh
51229790,50666,92.95,868.00,72.40,0.454,4.242,0.354,banana,fresh
51230800,50667,93.10,868.05,72.15,0.455,4.243,0.353,banana,fresh
51231812,50668,93.00,868.00,72.40,0.455,4.242,0.354,banana,fresh
51232823,50669,93.05,868.00,72.50,0.455,4.242,0.354,banana,fresh
51233835,50670,93.05,868.00,72.30,0.455,4.242,0.353,banana,fresh
51234845,50671,93.00,868.05,72.50,0.455,4.243,0.354,banana,fresh
51235856,50672,93.00,868.10,72.45,0.455,4.243,0.354,banana,fresh
51236868,50673,93.00,868.00,72.60,0.455,4.242,0.355,banana,fresh
51237878,50674,93.00,868.00,72.40,0.455,4.242,0.354,banana,fresh
51238890,50675,93.05,868.05,72.60,0.455,4.243,0.355,banana,fresh
51239901,50676,93.00,868.05,72.70,0.455,4.243,0.355,banana,fresh
51240912,50677,93.10,868.05,72.45,0.455,4.243,0.354,banana,fresh
51241923,50678,92.90,868.10,72.75,0.454,4.243,0.356,banana,fresh
51242934,50679,93.00,868.05,72.55,0.455,4.243,0.355,banana,fresh
51243945,50680,93.00,868.05,72.60,0.455,4.243,0.355,banana,fresh
51244956,50681,93.00,868.00,72.50,0.455,4.242,0.354,banana,fresh
51245968,50682,93.05,868.00,72.50,0.455,4.242,0.354,banana,fresh
51246979,50683,93.05,868.05,72.55,0.455,4.243,0.355,banana,fresh
51247990,50684,93.10,868.20,72.45,0.455,4.243,0.354,banana,fresh
51249001,50685,93.00,868.05,72.55,0.455,4.243,0.355,banana,fresh
51250012,50686,93.05,868.05,72.60,0.455,4.243,0.355,banana,fresh
51251023,50687,93.00,868.05,72.60,0.455,4.243,0.355,banana,fresh
51252034,50688,93.00,868.05,72.50,0.455,4.243,0.354,banana,fresh
51253046,50689,93.05,868.00,72.55,0.455,4.242,0.355,banana,fresh
51254056,50690,93.00,868.15,72.70,0.455,4.243,0.355,banana,fresh
51255068,50691,93.10,868.15,72.70,0.455,4.243,0.355,banana,fresh
51256079,50692,93.10,868.20,72.75,0.455,4.243,0.356,banana,fresh
51257090,50693,93.05,868.05,72.85,0.455,4.243,0.356,banana,fresh
51258101,50694,93.00,868.10,72.70,0.455,4.243,0.355,banana,fresh
51259112,50695,93.00,868.05,72.65,0.455,4.243,0.355,banana,fresh
51260124,50696,93.00,868.20,72.85,0.455,4.243,0.356,banana,fresh
51261134,50697,93.00,868.00,72.60,0.455,4.242,0.355,banana,fresh
51262146,50698,93.10,868.05,72.70,0.455,4.243,0.355,banana,fresh
51263157,50699,93.05,868.15,72.90,0.455,4.243,0.356,banana,fresh
51264167,50700,93.10,868.00,72.70,0.455,4.242,0.355,banana,fresh
51265179,50701,93.10,868.20,72.85,0.455,4.243,0.356,banana,fresh
51266190,50702,93.05,868.05,72.45,0.455,4.243,0.354,banana,fresh
51267202,50703,93.10,868.10,72.70,0.455,4.243,0.355,banana,fresh
51268212,50704,93.05,868.10,72.55,0.455,4.243,0.355,banana,fresh
51269224,50705,93.05,868.15,72.55,0.455,4.243,0.355,banana,fresh
51270235,50706,93.05,868.10,72.75,0.455,4.243,0.356,banana,fresh
51271246,50707,93.05,868.05,72.65,0.455,4.243,0.355,banana,fresh
51272257,50708,93.05,868.10,72.40,0.455,4.243,0.354,banana,fresh
51273268,50709,93.05,868.00,72.60,0.455,4.242,0.355,banana,fresh
51274279,50710,93.00,868.05,72.80,0.455,4.243,0.356,banana,fresh
51275290,50711,93.00,868.20,72.65,0.455,4.243,0.355,banana,fresh
51276302,50712,93.05,868.15,72.50,0.455,4.243,0.354,banana,fresh
51277313,50713,93.10,868.10,72.80,0.455,4.243,0.356,banana,fresh
51278324,50714,93.00,868.05,72.60,0.455,4.243,0.355,banana,fresh
51279335,50715,93.10,868.15,72.55,0.455,4.243,0.355,banana,fresh
51280346,50716,93.05,868.15,72.65,0.455,4.243,0.355,banana,fresh
51281357,50717,93.10,868.15,72.80,0.455,4.243,0.356,banana,fresh
51282368,50718,93.10,868.25,72.70,0.455,4.244,0.355,banana,fresh
51283380,50719,93.25,868.25,72.55,0.456,4.244,0.355,banana,fresh
51284390,50720,93.30,868.25,72.80,0.456,4.244,0.356,banana,fresh
51285402,50721,93.25,868.25,72.70,0.456,4.244,0.355,banana,fresh
51286413,50722,93.25,868.25,72.60,0.456,4.244,0.355,banana,fresh
51287425,50723,93.10,868.20,72.65,0.455,4.243,0.355,banana,fresh
51288435,50724,93.15,868.10,72.55,0.455,4.243,0.355,banana,fresh
51289446,50725,93.05,868.20,72.60,0.455,4.243,0.355,banana,fresh
51290458,50726,93.25,868.35,72.50,0.456,4.244,0.354,banana,fresh
51291468,50727,93.20,868.10,72.70,0.456,4.243,0.355,banana,fresh
51292480,50728,93.35,868.40,72.55,0.456,4.244,0.355,banana,fresh
51293491,50729,93.15,868.20,72.70,0.455,4.243,0.355,banana,fresh
51294502,50730,93.05,868.25,72.60,0.455,4.244,0.355,banana,fresh
51295513,50731,93.35,868.10,72.65,0.456,4.243,0.355,banana,fresh
51296524,50732,93.10,868.10,72.55,0.455,4.243,0.355,banana,fresh
51297536,50733,93.05,868.30,72.60,0.455,4.244,0.355,banana,fresh
51298546,50734,93.20,868.05,72.50,0.456,4.243,0.354,banana,fresh
51299558,50735,93.25,868.20,72.50,0.456,4.243,0.354,banana,fresh
51300569,50736,93.25,868.35,72.75,0.456,4.244,0.356,banana,fresh
51301580,50737,93.20,868.15,72.65,0.456,4.243,0.355,banana,fresh
51302591,50738,93.15,868.35,72.60,0.455,4.244,0.355,banana,fresh
51303603,50739,93.10,868.15,72.70,0.455,4.243,0.355,banana,fresh
51304613,50740,93.10,868.20,72.60,0.455,4.243,0.355,banana,fresh
51305624,50741,93.05,868.20,72.70,0.455,4.243,0.355,banana,fresh
51306636,50742,93.10,868.10,72.65,0.455,4.243,0.355,banana,fresh
51307646,50743,93.10,868.10,72.40,0.455,4.243,0.354,banana,fresh
51308658,50744,93.00,868.15,72.55,0.455,4.243,0.355,banana,fresh
51309669,50745,93.00,868.20,72.70,0.455,4.243,0.355,banana,fresh
51310681,50746,93.10,868.20,72.65,0.455,4.243,0.355,banana,fresh
51311691,50747,93.05,868.15,72.75,0.455,4.243,0.356,banana,fresh
51312702,50748,93.20,868.15,72.50,0.456,4.243,0.354,banana,fresh
51313714,50749,93.15,868.10,72.50,0.455,4.243,0.354,banana,fresh
51314724,50750,93.10,868.00,72.45,0.455,4.242,0.354,banana,fresh
51315736,50751,93.15,868.15,72.50,0.455,4.243,0.354,banana,fresh
51316747,50752,93.10,868.20,72.50,0.455,4.243,0.354,banana,fresh
51317758,50753,93.05,868.15,72.50,0.455,4.243,0.354,banana,fresh
51318769,50754,93.15,868.40,72.70,0.455,4.244,0.355,banana,fresh
51319781,50755,93.20,868.10,72.60,0.456,4.243,0.355,banana,fresh
51320792,50756,93.15,868.15,72.35,0.455,4.243,0.354,banana,fresh
51321802,50757,93.15,868.05,72.60,0.455,4.243,0.355,banana,fresh
51322814,50758,93.05,868.10,72.50,0.455,4.243,0.354,banana,fresh
51323825,50759,93.15,868.10,72.60,0.455,4.243,0.355,banana,fresh
51324836,50760,93.05,868.25,72.50,0.455,4.244,0.354,banana,fresh
51325847,50761,93.05,868.20,72.50,0.455,4.243,0.354,banana,fresh
51326859,50762,93.00,868.15,72.60,0.455,4.243,0.355,banana,fresh
51327869,50763,93.05,868.10,72.50,0.455,4.243,0.354,banana,fresh
51328880,50764,93.10,868.30,72.50,0.455,4.244,0.354,banana,fresh
51329892,50765,93.10,868.40,72.25,0.455,4.244,0.353,banana,fresh
51330903,50766,93.10,868.15,72.50,0.455,4.243,0.354,banana,fresh
51331914,50767,93.10,868.05,72.30,0.455,4.243,0.353,banana,fresh
51332925,50768,93.20,868.05,72.50,0.456,4.243,0.354,banana,fresh
51333937,50769,93.05,868.05,72.40,0.455,4.243,0.354,banana,fresh
51334947,50770,93.10,868.20,72.30,0.455,4.243,0.353,banana,fresh
51335959,50771,93.15,868.15,72.30,0.455,4.243,0.353,banana,fresh
51336970,50772,93.10,868.15,72.70,0.455,4.243,0.355,banana,fresh
51337980,50773,93.05,868.10,72.50,0.455,4.243,0.354,banana,fresh
51338992,50774,93.10,868.15,72.45,0.455,4.243,0.354,banana,fresh
51340003,50775,93.05,868.10,72.45,0.455,4.243,0.354,banana,fresh
51341015,50776,93.10,868.35,72.55,0.455,4.244,0.355,banana,fresh
51342025,50777,93.05,868.25,72.40,0.455,4.244,0.354,banana,fresh
51343037,50778,93.00,868.20,72.40,0.455,4.243,0.354,banana,fresh
51344048,50779,93.10,868.30,72.30,0.455,4.244,0.353,banana,fresh
51345058,50780,93.05,868.15,72.60,0.455,4.243,0.355,banana,fresh
51346070,50781,93.05,868.20,72.35,0.455,4.243,0.354,banana,fresh
51347081,50782,93.05,868.10,72.35,0.455,4.243,0.354,banana,fresh
51348092,50783,93.10,868.05,72.40,0.455,4.243,0.354,banana,fresh
51349103,50784,93.00,868.10,72.25,0.455,4.243,0.353,banana,fresh
51350115,50785,93.20,868.15,72.25,0.456,4.243,0.353,banana,fresh
51351126,50786,93.00,868.10,72.45,0.455,4.243,0.354,banana,fresh
51352137,50787,93.05,868.10,72.20,0.455,4.243,0.353,banana,fresh
51353148,50788,93.00,868.10,72.40,0.455,4.243,0.354,banana,fresh
51354159,50789,93.10,868.20,72.30,0.455,4.243,0.353,banana,fresh
51355170,50790,93.05,868.25,72.15,0.455,4.244,0.353,banana,fresh
51356181,50791,93.05,868.25,72.35,0.455,4.244,0.354,banana,fresh
51357193,50792,93.20,868.10,72.25,0.456,4.243,0.353,banana,fresh
51358203,50793,93.10,868.15,72.50,0.455,4.243,0.354,banana,fresh
51359215,50794,93.10,868.15,72.55,0.455,4.243,0.355,banana,fresh
51360226,50795,93.00,868.15,72.35,0.455,4.243,0.354,banana,fresh
51361238,50796,93.10,868.10,72.35,0.455,4.243,0.354,banana,fresh
51362248,50797,93.00,868.05,72.45,0.455,4.243,0.354,banana,fresh
51363259,50798,93.00,868.15,72.45,0.455,4.243,0.354,banana,fresh
51364271,50799,93.10,868.20,72.55,0.455,4.243,0.355,banana,fresh
51365281,50800,93.10,868.10,72.55,0.455,4.243,0.355,banana,fresh
51366293,50801,93.05,868.05,72.60,0.455,4.243,0.355,banana,fresh
51367304,50802,93.00,868.05,72.35,0.455,4.243,0.354,banana,fresh
51368315,50803,93.05,868.05,72.55,0.455,4.243,0.355,banana,fresh
51369326,50804,93.05,868.10,72.45,0.455,4.243,0.354,banana,fresh
51370337,50805,93.10,868.15,72.45,0.455,4.243,0.354,banana,fresh
51371348,50806,93.10,868.10,72.40,0.455,4.243,0.354,banana,fresh
51372359,50807,93.00,868.10,72.50,0.455,4.243,0.354,banana,fresh
51373371,50808,93.00,868.20,72.60,0.455,4.243,0.355,banana,fresh
51374382,50809,93.00,868.05,72.40,0.455,4.243,0.354,banana,fresh
51375393,50810,93.00,868.30,72.40,0.455,4.244,0.354,banana,fresh
51376404,50811,93.15,868.05,72.45,0.455,4.243,0.354,banana,fresh
51377415,50812,93.10,868.10,72.15,0.455,4.243,0.353,banana,fresh
51378426,50813,93.15,868.20,72.45,0.455,4.243,0.354,banana,fresh
51379437,50814,93.25,868.20,72.35,0.456,4.243,0.354,banana,fresh
51380449,50815,93.15,868.15,72.40,0.455,4.243,0.354,banana,fresh
51381459,50816,93.10,868.15,72.55,0.455,4.243,0.355,banana,fresh
51382471,50817,93.05,868.20,72.55,0.455,4.243,0.355,banana,fresh
51383482,50818,93.00,868.05,72.35,0.455,4.243,0.354,banana,fresh
51384493,50819,93.10,868.15,72.40,0.455,4.243,0.354,banana,fresh
51385504,50820,93.00,868.25,72.40,0.455,4.244,0.354,banana,fresh
51386515,50821,93.05,868.10,72.35,0.455,4.243,0.354,banana,fresh
51387527,50822,93.05,868.20,72.20,0.455,4.243,0.353,banana,fresh
51388537,50823,93.00,868.10,72.35,0.455,4.243,0.354,banana,fresh
51389549,50824,93.00,868.15,72.50,0.455,4.243,0.354,banana,fresh
51390560,50825,93.05,868.00,72.25,0.455,4.242,0.353,banana,fresh
51391571,50826,93.05,868.30,72.60,0.455,4.244,0.355,banana,fresh
51392582,50827,93.10,868.10,72.40,0.455,4.243,0.354,banana,fresh
51393593,50828,93.10,868.25,72.30,0.455,4.244,0.353,banana,fresh
51394605,50829,93.00,868.20,72.20,0.455,4.243,0.353,banana,fresh
51395615,50830,93.05,868.15,72.35,0.455,4.243,0.354,banana,fresh
51396627,50831,93.00,868.25,72.30,0.455,4.244,0.353,banana,fresh
51397638,50832,93.00,868.25,72.40,0.455,4.244,0.354,banana,fresh
51398649,50833,93.00,868.10,72.20,0.455,4.243,0.353,banana,fresh
51399660,50834,93.00,868.10,72.40,0.455,4.243,0.354,banana,fresh
51400671,50835,93.00,868.05,72.40,0.455,4.243,0.354,banana,fresh
51401682,50836,93.05,868.10,72.50,0.455,4.243,0.354,banana,fresh
51402693,50837,93.10,868.10,72.35,0.455,4.243,0.354,banana,fresh
51403705,50838,93.05,868.15,72.35,0.455,4.243,0.354,banana,fresh
51404716,50839,93.05,868.10,72.25,0.455,4.243,0.353,banana,fresh
51405727,50840,93.00,868.20,72.30,0.455,4.243,0.353,banana,fresh
51406738,50841,93.10,868.05,72.30,0.455,4.243,0.353,banana,fresh
51407749,50842,93.00,868.00,72.35,0.455,4.242,0.354,banana,fresh
51408760,50843,93.05,868.05,72.35,0.455,4.243,0.354,banana,fresh
51409771,50844,93.00,868.05,72.45,0.455,4.243,0.354,banana,fresh
51410783,50845,93.10,868.10,72.50,0.455,4.243,0.354,banana,fresh
51411793,50846,93.05,868.10,72.25,0.455,4.243,0.353,banana,fresh
51412805,50847,93.00,868.10,72.30,0.455,4.243,0.353,banana,fresh
51413816,50848,93.00,868.20,72.30,0.455,4.243,0.353,banana,fresh
51414828,50849,93.00,868.20,72.35,0.455,4.243,0.354,banana,fresh
51415838,50850,93.00,868.00,72.40,0.455,4.242,0.354,banana,fresh
51416849,50851,93.00,868.10,72.35,0.455,4.243,0.354,banana,fresh
51417861,50852,93.00,868.10,72.25,0.455,4.243,0.353,banana,fresh
51418871,50853,93.10,868.15,72.05,0.455,4.243,0.352,banana,fresh
51419883,50854,93.15,868.25,72.45,0.455,4.244,0.354,banana,fresh
51420894,50855,92.95,868.00,72.15,0.454,4.242,0.353,banana,fresh
51421905,50856,93.05,868.00,72.45,0.455,4.242,0.354,banana,fresh
51422916,50857,93.00,868.10,72.20,0.455,4.243,0.353,banana,fresh
51423927,50858,93.00,868.20,72.20,0.455,4.243,0.353,banana,fresh
51424939,50859,93.00,868.15,72.15,0.455,4.243,0.353,banana,fresh
51425949,50860,93.05,868.25,72.35,0.455,4.244,0.354,banana,fresh
51426961,50861,93.05,868.05,72.20,0.455,4.243,0.353,banana,fresh
51427972,50862,93.05,868.10,72.20,0.455,4.243,0.353,banana,fresh
51428983,50863,93.00,868.05,72.35,0.455,4.243,0.354,banana,fresh
51429994,50864,93.00,868.00,72.15,0.455,4.242,0.353,banana,fresh
51431005,50865,93.05,868.05,72.25,0.455,4.243,0.353,banana,fresh
51432016,50866,93.10,868.25,72.25,0.455,4.244,0.353,banana,fresh
51433027,50867,93.10,868.10,72.30,0.455,4.243,0.353,banana,fresh
51434039,50868,93.00,868.10,72.20,0.455,4.243,0.353,banana,fresh
51435049,50869,93.00,868.15,72.25,0.455,4.243,0.353,banana,fresh
51436061,50870,93.00,868.05,72.35,0.455,4.243,0.354,banana,fresh
51437072,50871,93.00,868.25,72.40,0.455,4.244,0.354,banana,fresh
51438084,50872,93.00,868.15,72.15,0.455,4.243,0.353,banana,fresh
51439094,50873,93.00,868.15,72.35,0.455,4.243,0.354,banana,fresh
51440105,50874,93.00,868.10,72.15,0.455,4.243,0.353,banana,fresh
51441117,50875,93.00,868.05,72.00,0.455,4.243,0.352,banana,fresh
51442127,50876,93.00,868.10,72.35,0.455,4.243,0.354,banana,fresh
51443139,50877,93.05,868.05,72.10,0.455,4.243,0.352,banana,fresh
51444150,50878,93.05,868.15,72.15,0.455,4.243,0.353,banana,fresh
51445161,50879,93.00,868.00,72.20,0.455,4.242,0.353,banana,fresh
51446172,50880,93.05,868.20,72.20,0.455,4.243,0.353,banana,fresh
51447183,50881,93.00,868.10,72.15,0.455,4.243,0.353,banana,fresh
51448195,50882,93.00,868.10,72.25,0.455,4.243,0.353,banana,fresh
51449205,50883,93.05,868.05,72.15,0.455,4.243,0.353,banana,fresh
51450217,50884,93.00,868.00,72.20,0.455,4.242,0.353,banana,fresh
51451228,50885,93.00,868.00,72.20,0.455,4.242,0.353,banana,fresh
51452239,50886,92.95,868.00,72.20,0.454,4.242,0.353,banana,fresh
51453250,50887,92.95,868.15,72.10,0.454,4.243,0.352,banana,fresh
51454262,50888,93.00,868.00,72.25,0.455,4.242,0.353,banana,fresh
51455272,50889,93.00,868.05,72.10,0.455,4.243,0.352,banana,fresh
51456283,50890,93.00,868.00,72.20,0.455,4.242,0.353,banana,fresh
51457295,50891,93.00,868.15,72.20,0.455,4.243,0.353,banana,fresh
51458306,50892,93.00,868.10,72.10,0.455,4.243,0.352,banana,fresh
51459317,50893,93.00,868.05,72.15,0.455,4.243,0.353,banana,fresh
51460328,50894,93.00,868.10,72.05,0.455,4.243,0.352,banana,fresh
51461340,50895,93.00,868.00,72.15,0.455,4.242,0.353,banana,fresh
51462350,50896,93.00,868.00,72.10,0.455,4.242,0.352,banana,fresh
51463361,50897,93.00,868.10,72.20,0.455,4.243,0.353,banana,fresh
51464373,50898,92.95,868.15,72.05,0.454,4.243,0.352,banana,fresh
51465383,50899,93.05,868.00,72.05,0.455,4.242,0.352,banana,fresh
51466395,50900,93.00,868.10,72.10,0.455,4.243,0.352,banana,fresh
51467406,50901,93.00,868.10,72.35,0.455,4.243,0.354,banana,fresh
51468418,50902,93.00,868.05,72.20,0.455,4.243,0.353,banana,fresh
51469428,50903,93.00,868.10,72.10,0.455,4.243,0.352,banana,fresh
51470439,50904,93.05,868.05,72.10,0.455,4.243,0.352,banana,fresh
51471451,50905,93.00,868.05,72.10,0.455,4.243,0.352,banana,fresh
51472461,50906,92.95,868.05,72.10,0.454,4.243,0.352,banana,fresh
51473473,50907,93.00,868.15,72.15,0.455,4.243,0.353,banana,fresh
51474484,50908,93.00,868.05,72.15,0.455,4.243,0.353,banana,fresh
51475495,50909,93.00,868.05,72.30,0.455,4.243,0.353,banana,fresh
51476506,50910,93.00,868.00,72.20,0.455,4.242,0.353,banana,fresh
51477517,50911,93.00,868.10,72.15,0.455,4.243,0.353,banana,fresh
51478529,50912,93.00,868.00,72.05,0.455,4.242,0.352,banana,fresh
51479539,50913,93.00,868.00,72.05,0.455,4.242,0.352,banana,fresh
51480551,50914,93.00,868.05,72.15,0.455,4.243,0.353,banana,fresh
51481562,50915,93.00,868.00,72.10,0.455,4.242,0.352,banana,fresh
51482573,50916,93.00,868.00,72.15,0.455,4.242,0.353,banana,fresh
51483584,50917,93.00,868.00,72.20,0.455,4.242,0.353,banana,fresh
51484595,50918,93.00,868.00,72.10,0.455,4.242,0.352,banana,fresh
51485606,50919,93.00,868.05,72.25,0.455,4.243,0.353,banana,fresh
51486617,50920,93.00,868.00,72.15,0.455,4.242,0.353,banana,fresh
51487629,50921,92.95,868.05,72.15,0.454,4.243,0.353,banana,fresh
51488640,50922,93.00,868.05,72.10,0.455,4.243,0.352,banana,fresh
51489651,50923,93.00,868.05,72.05,0.455,4.243,0.352,banana,fresh
51490662,50924,93.00,868.05,72.05,0.455,4.243,0.352,banana,fresh
51491673,50925,93.00,868.05,72.25,0.455,4.243,0.353,banana,fresh
51492684,50926,93.00,868.05,72.05,0.455,4.243,0.352,banana,fresh
51493695,50927,93.00,868.05,72.15,0.455,4.243,0.353,banana,fresh
51494707,50928,93.00,868.05,72.20,0.455,4.243,0.353,banana,fresh
51495717,50929,93.00,868.05,72.15,0.455,4.243,0.353,banana,fresh
51496729,50930,93.00,868.05,72.00,0.455,4.243,0.352,banana,fresh
51497740,50931,93.00,868.05,72.25,0.455,4.243,0.353,banana,fresh
51498750,50932,93.00,868.05,72.00,0.455,4.243,0.352,banana,fresh
51499762,50933,93.00,868.10,72.00,0.455,4.243,0.352,banana,fresh
51500773,50934,93.00,868.05,72.05,0.455,4.243,0.352,banana,fresh
51501785,50935,93.00,868.05,72.15,0.455,4.243,0.353,banana,fresh
51502795,50936,93.00,868.10,72.15,0.455,4.243,0.353,banana,fresh
51503807,50937,93.00,868.00,72.15,0.455,4.242,0.353,banana,fresh
51504818,50938,92.90,868.15,72.10,0.454,4.243,0.352,banana,fresh
51505829,50939,92.90,868.10,72.10,0.454,4.243,0.352,banana,fresh
51506840,50940,93.00,868.05,72.15,0.455,4.243,0.353,banana,fresh
51507851,50941,93.00,868.00,72.00,0.455,4.242,0.352,banana,fresh
51508862,50942,93.00,868.10,72.10,0.455,4.243,0.352,banana,fresh
51509873,50943,93.00,868.00,72.05,0.455,4.242,0.352,banana,fresh
51510885,50944,93.00,868.05,72.15,0.455,4.243,0.353,banana,fresh
51511896,50945,92.95,868.10,72.05,0.454,4.243,0.352,banana,fresh
51512907,50946,93.00,868.05,72.10,0.455,4.243,0.352,banana,fresh
51513918,50947,92.90,868.05,72.05,0.454,4.243,0.352,banana,fresh
51514929,50948,92.95,868.05,72.05,0.454,4.243,0.352,banana,fresh
51515940,50949,93.05,868.05,72.10,0.455,4.243,0.352,banana,fresh
51516951,50950,92.95,868.00,72.00,0.454,4.242,0.352,banana,fresh
51517963,50951,92.95,868.05,72.15,0.454,4.243,0.353,banana,fresh
51518973,50952,93.00,868.05,72.05,0.455,4.243,0.352,banana,fresh
51519985,50953,93.00,868.25,72.05,0.455,4.244,0.352,banana,fresh
51520996,50954,93.00,868.10,72.15,0.455,4.243,0.353,banana,fresh
51522007,50955,93.00,868.05,72.05,0.455,4.243,0.352,banana,fresh
51523018,50956,93.00,868.10,72.10,0.455,4.243,0.352,banana,fresh
51524029,50957,92.90,868.00,72.10,0.454,4.242,0.352,banana,fresh
51525041,50958,92.90,868.05,72.00,0.454,4.243,0.352,banana,fresh
51526051,50959,92.90,868.00,72.05,0.454,4.242,0.352,banana,fresh
51527063,50960,92.95,868.00,72.05,0.454,4.242,0.352,banana,fresh
51528074,50961,92.95,868.00,72.10,0.454,4.242,0.352,banana,fresh
51529085,50962,93.00,868.05,72.00,0.455,4.243,0.352,banana,fresh
51530096,50963,93.00,868.00,72.00,0.455,4.242,0.352,banana,fresh
51531107,50964,93.00,868.10,72.00,0.455,4.243,0.352,banana,fresh
51532119,50965,93.00,868.00,72.00,0.455,4.242,0.352,banana,fresh
51533129,50966,92.90,868.10,72.05,0.454,4.243,0.352,banana,fresh
51534141,50967,92.85,868.05,72.05,0.454,4.243,0.352,banana,fresh
51535152,50968,92.95,868.15,72.05,0.454,4.243,0.352,banana,fresh
51536163,50969,93.00,868.05,72.00,0.455,4.243,0.352,banana,fresh
51537174,50970,92.95,868.25,72.05,0.454,4.244,0.352,banana,fresh
51538185,50971,92.95,868.10,72.05,0.454,4.243,0.352,banana,fresh
51539196,50972,93.00,868.20,72.10,0.455,4.243,0.352,banana,fresh
51540207,50973,92.95,868.05,72.15,0.454,4.243,0.353,banana,fresh
51541219,50974,93.00,868.10,72.10,0.455,4.243,0.352,banana,fresh
51542230,50975,92.95,868.10,72.15,0.454,4.243,0.353,banana,fresh
51543241,50976,93.00,868.10,72.15,0.455,4.243,0.353,banana,fresh
51544252,50977,93.00,868.10,72.10,0.455,4.243,0.352,banana,fresh
51545263,50978,92.90,868.15,72.00,0.454,4.243,0.352,banana,fresh
51546274,50979,92.85,868.05,72.05,0.454,4.243,0.352,banana,fresh
51547285,50980,92.95,868.10,72.05,0.454,4.243,0.352,banana,fresh
51548297,50981,92.95,868.10,72.15,0.454,4.243,0.353,banana,fresh
51549307,50982,92.90,868.15,72.05,0.454,4.243,0.352,banana,fresh
51550319,50983,93.00,868.05,72.00,0.455,4.243,0.352,banana,fresh
51551330,50984,93.00,868.10,72.05,0.455,4.243,0.352,banana,fresh
51552340,50985,92.95,868.15,72.05,0.454,4.243,0.352,banana,fresh
51553352,50986,92.95,868.15,72.00,0.454,4.243,0.352,banana,fresh
51554363,50987,93.00,868.10,72.00,0.455,4.243,0.352,banana,fresh
51555375,50988,92.90,868.05,72.05,0.454,4.243,0.352,banana,fresh
51556385,50989,93.00,868.10,72.00,0.455,4.243,0.352,banana,fresh
51557397,50990,92.90,868.05,72.05,0.454,4.243,0.352,banana,fresh
51558408,50991,92.90,868.15,72.10,0.454,4.243,0.352,banana,fresh
51559419,50992,92.95,868.10,72.10,0.454,4.243,0.352,banana,fresh
51560430,50993,93.00,868.10,72.15,0.455,4.243,0.353,banana,fresh
51561441,50994,93.00,868.10,72.05,0.455,4.243,0.352,banana,fresh
51562452,50995,93.00,868.10,72.15,0.455,4.243,0.353,banana,fresh
51563463,50996,92.85,868.00,72.05,0.454,4.242,0.352,banana,fresh
51564475,50997,92.95,868.10,72.10,0.454,4.243,0.352,banana,fresh
51565486,50998,93.00,868.20,72.00,0.455,4.243,0.352,banana,fresh
51566497,50999,92.85,868.10,72.00,0.454,4.243,0.352,banana,fresh
51567508,51000,92.95,868.10,72.15,0.454,4.243,0.353,banana,fresh
51568519,51001,93.00,868.05,72.10,0.455,4.243,0.352,banana,fresh
51569530,51002,92.95,868.15,72.05,0.454,4.243,0.352,banana,fresh
51570541,51003,92.90,868.10,72.00,0.454,4.243,0.352,banana,fresh
51571553,51004,92.95,868.15,72.05,0.454,4.243,0.352,banana,fresh
51572563,51005,92.85,868.05,72.00,0.454,4.243,0.352,banana,fresh
51573575,51006,92.90,868.20,72.05,0.454,4.243,0.352,banana,fresh
51574586,51007,92.95,868.10,72.05,0.454,4.243,0.352,banana,fresh
51575597,51008,93.00,868.20,72.00,0.455,4.243,0.352,banana,fresh
51576608,51009,92.90,868.15,72.05,0.454,4.243,0.352,banana,fresh
51577619,51010,92.95,868.20,72.05,0.454,4.243,0.352,banana,fresh
51578631,51011,92.85,868.20,72.00,0.454,4.243,0.352,banana,fresh
51579641,51012,92.90,868.10,72.05,0.454,4.243,0.352,banana,fresh
51580653,51013,92.95,868.25,72.05,0.454,4.244,0.352,banana,fresh
51581664,51014,93.00,868.20,72.00,0.455,4.243,0.352,banana,fresh
51582674,51015,92.90,868.25,72.05,0.454,4.244,0.352,banana,fresh
51583686,51016,92.95,868.05,72.05,0.454,4.243,0.352,banana,fresh
51584697,51017,92.90,868.30,72.00,0.454,4.244,0.352,banana,fresh
51585709,51018,92.90,868.15,72.00,0.454,4.243,0.352,banana,fresh
51586719,51019,92.80,868.20,72.05,0.454,4.243,0.352,banana,fresh
51587731,51020,92.90,868.15,72.05,0.454,4.243,0.352,banana,fresh
51588742,51021,92.75,868.15,72.00,0.453,4.243,0.352,banana,fresh
51589753,51022,92.85,868.20,72.00,0.454,4.243,0.352,banana,fresh
51590764,51023,92.75,868.20,72.00,0.453,4.243,0.352,banana,fresh
51591775,51024,92.95,868.35,72.00,0.454,4.244,0.352,banana,fresh
51592786,51025,93.00,868.20,72.00,0.455,4.243,0.352,banana,fresh
51593797,51026,92.95,868.25,72.05,0.454,4.244,0.352,banana,fresh
51594809,51027,92.95,868.10,72.00,0.454,4.243,0.352,banana,fresh
51595820,51028,92.95,868.10,72.00,0.454,4.243,0.352,banana,fresh
51596831,51029,92.80,868.45,72.00,0.454,4.245,0.352,banana,fresh
51597842,51030,93.00,868.20,72.10,0.455,4.243,0.352,banana,fresh
51598853,51031,92.95,868.30,72.05,0.454,4.244,0.352,banana,fresh
51599864,51032,92.90,868.35,72.05,0.454,4.244,0.352,banana,fresh
51600875,51033,92.90,868.20,72.00,0.454,4.243,0.352,banana,fresh
51601887,51034,92.95,868.20,72.00,0.454,4.243,0.352,banana,fresh
51602897,51035,92.95,868.20,72.00,0.454,4.243,0.352,banana,fresh
51603909,51036,92.95,868.10,72.05,0.454,4.243,0.352,banana,fresh
51604920,51037,92.90,868.15,72.10,0.454,4.243,0.352,banana,fresh
51605931,51038,92.90,868.25,72.00,0.454,4.244,0.352,banana,fresh
51606942,51039,92.90,868.15,72.00,0.454,4.243,0.352,banana,fresh
51607953,51040,92.85,868.30,72.00,0.454,4.244,0.352,banana,fresh
51608965,51041,92.75,868.25,72.05,0.453,4.244,0.352,banana,fresh
51609975,51042,92.95,868.25,72.00,0.454,4.244,0.352,banana,fresh
51610987,51043,93.00,868.20,72.00,0.455,4.243,0.352,banana,fresh
51611998,51044,93.00,868.40,72.05,0.455,4.244,0.352,banana,fresh
51613008,51045,92.95,868.35,72.00,0.454,4.244,0.352,banana,fresh
51614020,51046,92.95,868.45,72.10,0.454,4.245,0.352,banana,fresh
51615031,51047,92.80,868.25,72.05,0.454,4.244,0.352,banana,fresh
51616043,51048,92.85,868.35,72.05,0.454,4.244,0.352,banana,fresh
51617053,51049,92.90,868.40,72.05,0.454,4.244,0.352,banana,fresh
51618065,51050,92.90,868.30,72.00,0.454,4.244,0.352,banana,fresh
51619076,51051,93.00,868.20,72.05,0.455,4.243,0.352,banana,fresh
51620086,51052,92.95,868.30,72.05,0.454,4.244,0.352,banana,fresh
51621098,51053,92.95,868.30,72.00,0.454,4.244,0.352,banana,fresh
51622109,51054,92.85,868.15,72.05,0.454,4.243,0.352,banana,fresh
51623120,51055,92.90,868.20,72.00,0.454,4.243,0.352,banana,fresh
51624131,51056,92.90,868.40,72.05,0.454,4.244,0.352,banana,fresh
51625143,51057,92.95,868.30,72.05,0.454,4.244,0.352,banana,fresh
51626153,51058,92.90,868.40,72.05,0.454,4.244,0.352,banana,fresh
51627164,51059,93.00,868.45,72.05,0.455,4.245,0.352,banana,fresh
51628176,51060,92.90,868.55,72.05,0.454,4.245,0.352,banana,fresh
51629187,51061,92.95,868.55,72.00,0.454,4.245,0.352,banana,fresh
51630198,51062,92.90,868.35,72.00,0.454,4.244,0.352,banana,fresh
51631209,51063,92.85,868.45,72.00,0.454,4.245,0.352,banana,fresh
51632221,51064,93.00,868.50,72.00,0.455,4.245,0.352,banana,fresh
51633231,51065,92.90,868.25,72.05,0.454,4.244,0.352,banana,fresh
51634242,51066,92.90,868.40,72.05,0.454,4.244,0.352,banana,fresh
51635254,51067,92.80,868.25,72.05,0.454,4.244,0.352,banana,fresh
51636264,51068,92.95,868.40,72.00,0.454,4.244,0.352,banana,fresh
51637276,51069,92.80,868.25,72.00,0.454,4.244,0.352,banana,fresh
51638287,51070,92.95,868.35,72.00,0.454,4.244,0.352,banana,fresh
51639299,51071,93.00,868.30,72.00,0.455,4.244,0.352,banana,fresh
51640309,51072,92.95,868.55,72.00,0.454,4.245,0.352,banana,fresh
51641320,51073,92.95,868.65,72.10,0.454,4.246,0.352,banana,fresh
51642332,51074,93.00,868.55,72.00,0.455,4.245,0.352,banana,fresh
51643342,51075,92.90,868.70,72.10,0.454,4.246,0.352,banana,fresh
51644354,51076,92.90,868.55,72.05,0.454,4.245,0.352,banana,fresh
51645365,51077,92.85,868.65,72.00,0.454,4.246,0.352,banana,fresh
51646376,51078,93.00,868.35,72.10,0.455,4.244,0.352,banana,fresh
51647387,51079,92.95,868.60,72.00,0.454,4.245,0.352,banana,fresh
51648398,51080,92.90,868.55,72.00,0.454,4.245,0.352,banana,fresh
51649410,51081,92.90,868.55,72.05,0.454,4.245,0.352,banana,fresh
51650420,51082,92.95,868.55,72.00,0.454,4.245,0.352,banana,fresh
51651432,51083,93.00,868.50,72.00,0.455,4.245,0.352,banana,fresh
51652443,51084,92.95,868.55,72.10,0.454,4.245,0.352,banana,fresh
51653454,51085,92.90,868.45,72.00,0.454,4.245,0.352,banana,fresh
51654465,51086,92.95,868.45,72.00,0.454,4.245,0.352,banana,fresh
51655477,51087,93.00,868.40,72.00,0.455,4.244,0.352,banana,fresh
51656487,51088,93.00,868.65,72.05,0.455,4.246,0.352,banana,fresh
51657498,51089,92.90,868.55,72.05,0.454,4.245,0.352,banana,fresh
51658510,51090,92.95,868.45,72.05,0.454,4.245,0.352,banana,fresh
51659521,51091,92.80,868.50,72.05,0.454,4.245,0.352,banana,fresh
51660532,51092,92.95,868.55,72.05,0.454,4.245,0.352,banana,fresh
51661543,51093,92.90,868.60,72.10,0.454,4.245,0.352,banana,fresh
51662555,51094,92.95,868.65,72.05,0.454,4.246,0.352,banana,fresh
51663565,51095,93.00,868.60,72.15,0.455,4.245,0.353,banana,fresh
51664576,51096,93.00,868.55,72.10,0.455,4.245,0.352,banana,fresh
51665588,51097,93.00,868.70,72.00,0.455,4.246,0.352,banana,fresh
51666598,51098,93.00,868.70,72.05,0.455,4.246,0.352,banana,fresh
51667610,51099,92.95,868.65,72.10,0.454,4.246,0.352,banana,fresh
51668621,51100,93.00,868.70,72.00,0.455,4.246,0.352,banana,fresh
51669633,51101,92.95,868.90,72.20,0.454,4.247,0.353,banana,fresh
51670643,51102,93.00,868.70,72.10,0.455,4.246,0.352,banana,fresh
51671655,51103,92.95,868.75,72.05,0.454,4.246,0.352,banana,fresh
51672666,51104,92.95,868.75,72.10,0.454,4.246,0.352,banana,fresh
51673676,51105,92.95,868.70,72.05,0.454,4.246,0.352,banana,fresh
51674688,51106,93.00,868.75,72.05,0.455,4.246,0.352,banana,fresh
51675699,51107,93.00,868.60,72.10,0.455,4.245,0.352,banana,fresh
51676710,51108,93.00,868.85,72.00,0.455,4.247,0.352,banana,fresh
51677721,51109,93.00,868.70,72.05,0.455,4.246,0.352,banana,fresh
51678733,51110,93.00,868.80,72.10,0.455,4.246,0.352,banana,fresh
51679744,51111,92.90,868.80,72.05,0.454,4.246,0.352,banana,fresh
51680754,51112,93.00,868.85,72.00,0.455,4.247,0.352,banana,fresh
51681766,51113,92.95,868.70,72.05,0.454,4.246,0.352,banana,fresh
51682777,51114,93.00,868.80,72.05,0.455,4.246,0.352,banana,fresh
51683788,51115,93.00,868.70,72.00,0.455,4.246,0.352,banana,fresh
51684799,51116,92.90,868.85,72.10,0.454,4.247,0.352,banana,fresh
51685811,51117,92.95,868.75,72.00,0.454,4.246,0.352,banana,fresh
51686821,51118,92.95,868.80,72.15,0.454,4.246,0.353,banana,fresh
51687832,51119,92.95,868.70,72.25,0.454,4.246,0.353,banana,fresh
51688844,51120,92.95,868.75,72.20,0.454,4.246,0.353,banana,fresh
51689854,51121,93.00,868.80,72.20,0.455,4.246,0.353,banana,fresh
51690866,51122,93.00,868.75,72.00,0.455,4.246,0.352,banana,fresh
51691877,51123,93.00,868.70,72.10,0.455,4.246,0.352,banana,fresh
51692889,51124,92.90,868.95,72.00,0.454,4.247,0.352,banana,fresh
51693899,51125,93.00,868.90,72.05,0.455,4.247,0.352,banana,fresh
51694910,51126,93.00,868.95,72.05,0.455,4.247,0.352,banana,fresh
51695922,51127,93.00,868.85,72.15,0.455,4.247,0.353,banana,fresh
51696932,51128,92.95,868.70,72.15,0.454,4.246,0.353,banana,fresh
51697944,51129,92.95,868.85,72.00,0.454,4.247,0.352,banana,fresh
51698955,51130,92.95,868.75,72.05,0.454,4.246,0.352,banana,fresh
51699966,51131,93.00,868.90,72.05,0.455,4.247,0.352,banana,fresh
51700977,51132,92.90,868.85,72.05,0.454,4.247,0.352,banana,fresh
51701989,51133,93.00,868.70,72.00,0.455,4.246,0.352,banana,fresh
51703000,51134,93.00,868.85,72.15,0.455,4.247,0.353,banana,fresh
51704010,51135,93.00,868.90,72.05,0.455,4.247,0.352,banana,fresh
51705022,51136,93.00,868.90,72.15,0.455,4.247,0.353,banana,fresh
51706033,51137,93.00,868.95,72.20,0.455,4.247,0.353,banana,fresh
51707044,51138,93.00,868.90,72.05,0.455,4.247,0.352,banana,fresh
51708055,51139,93.00,868.95,72.20,0.455,4.247,0.353,banana,fresh
51709067,51140,93.00,869.00,72.05,0.455,4.247,0.352,banana,fresh
51710077,51141,92.95,869.00,72.10,0.454,4.247,0.352,banana,fresh
51711088,51142,93.00,869.00,72.00,0.455,4.247,0.352,banana,fresh
51712100,51143,93.00,868.95,72.10,0.455,4.247,0.352,banana,fresh
51713111,51144,92.95,868.95,72.10,0.454,4.247,0.352,banana,fresh
51714122,51145,93.00,868.95,72.10,0.455,4.247,0.352,banana,fresh
51715133,51146,93.00,869.00,72.00,0.455,4.247,0.352,banana,fresh
51716145,51147,93.00,869.00,72.15,0.455,4.247,0.353,banana,fresh
51717155,51148,93.00,868.95,72.25,0.455,4.247,0.353,banana,fresh
51718166,51149,93.00,868.95,72.05,0.455,4.247,0.352,banana,fresh
51719178,51150,93.05,869.00,72.10,0.455,4.247,0.352,banana,fresh
51720188,51151,93.00,868.85,72.05,0.455,4.247,0.352,banana,fresh
51721200,51152,93.00,869.00,72.15,0.455,4.247,0.353,banana,fresh
51722211,51153,93.00,869.00,72.15,0.455,4.247,0.353,banana,fresh
51723223,51154,93.00,869.00,72.25,0.455,4.247,0.353,banana,fresh
51724233,51155,93.00,868.90,72.20,0.455,4.247,0.353,banana,fresh
51725244,51156,93.00,868.95,72.15,0.455,4.247,0.353,banana,fresh
51726256,51157,93.00,869.00,72.20,0.455,4.247,0.353,banana,fresh
51727266,51158,93.00,869.00,72.25,0.455,4.247,0.353,banana,fresh
51728278,51159,93.00,869.00,72.15,0.455,4.247,0.353,banana,fresh
51729289,51160,93.00,868.95,72.25,0.455,4.247,0.353,banana,fresh
51730300,51161,93.00,868.95,72.05,0.455,4.247,0.352,banana,fresh
51731311,51162,93.05,869.00,72.30,0.455,4.247,0.353,banana,fresh
51732322,51163,93.00,869.00,72.10,0.455,4.247,0.352,banana,fresh
51733334,51164,93.00,868.95,72.20,0.455,4.247,0.353,banana,fresh
51734344,51165,93.05,868.95,72.30,0.455,4.247,0.353,banana,fresh
51735356,51166,93.00,868.95,72.15,0.455,4.247,0.353,banana,fresh
51736367,51167,93.00,869.00,72.15,0.455,4.247,0.353,banana,fresh
51737378,51168,93.00,869.00,72.20,0.455,4.247,0.353,banana,fresh
51738389,51169,93.00,868.95,72.15,0.455,4.247,0.353,banana,fresh
51739401,51170,93.00,869.00,72.25,0.455,4.247,0.353,banana,fresh
51740411,51171,93.00,869.00,72.25,0.455,4.247,0.353,banana,fresh
51741422,51172,93.05,869.00,72.25,0.455,4.247,0.353,banana,fresh
51742434,51173,93.00,869.00,72.40,0.455,4.247,0.354,banana,fresh
51743444,51174,93.00,869.00,72.25,0.455,4.247,0.353,banana,fresh
51744456,51175,93.00,869.00,72.20,0.455,4.247,0.353,banana,fresh
51745467,51176,93.00,869.00,72.30,0.455,4.247,0.353,banana,fresh
51746479,51177,93.05,869.00,72.20,0.455,4.247,0.353,banana,fresh
51747489,51178,93.00,868.95,72.20,0.455,4.247,0.353,banana,fresh
51748500,51179,93.00,869.00,72.30,0.455,4.247,0.353,banana,fresh
51749512,51180,93.05,868.95,72.35,0.455,4.247,0.354,banana,fresh
51750522,51181,93.00,869.00,72.25,0.455,4.247,0.353,banana,fresh
51751534,51182,93.00,868.95,72.20,0.455,4.247,0.353,banana,fresh
51752545,51183,93.00,869.00,72.25,0.455,4.247,0.353,banana,fresh
51753556,51184,93.00,869.00,72.20,0.455,4.247,0.353,banana,fresh
51754567,51185,93.05,869.00,72.30,0.455,4.247,0.353,banana,fresh
51755578,51186,92.95,869.00,72.35,0.454,4.247,0.354,banana,fresh
51756590,51187,93.05,869.00,72.55,0.455,4.247,0.355,banana,fresh
51757600,51188,93.05,869.00,72.20,0.455,4.247,0.353,banana,fresh
51758612,51189,92.95,869.00,72.45,0.454,4.247,0.354,banana,fresh
51759623,51190,93.00,869.05,72.15,0.455,4.248,0.353,banana,fresh
51760634,51191,93.00,869.00,72.15,0.455,4.247,0.353,banana,fresh
51761645,51192,93.00,869.00,72.20,0.455,4.247,0.353,banana,fresh
51762656,51193,93.05,869.05,72.25,0.455,4.248,0.353,banana,fresh
51763667,51194,93.00,869.00,72.35,0.455,4.247,0.354,banana,fresh
51764678,51195,93.00,869.00,72.25,0.455,4.247,0.353,banana,fresh
51765690,51196,93.00,869.00,72.40,0.455,4.247,0.354,banana,fresh
51766701,51197,93.05,869.00,72.20,0.455,4.247,0.353,banana,fresh
51767712,51198,93.00,869.00,72.45,0.455,4.247,0.354,banana,fresh
51768723,51199,93.05,869.00,72.55,0.455,4.247,0.355,banana,fresh
51769734,51200,93.00,869.00,72.30,0.455,4.247,0.353,banana,fresh
51770745,51201,93.05,869.00,72.40,0.455,4.247,0.354,banana,fresh
51771756,51202,93.00,869.05,72.30,0.455,4.248,0.353,banana,fresh
51772768,51203,93.00,869.00,72.35,0.455,4.247,0.354,banana,fresh
51773778,51204,93.00,869.00,72.35,0.455,4.247,0.354,banana,fresh
51774789,51205,93.05,869.05,72.25,0.455,4.248,0.353,banana,fresh
51775801,51206,93.10,869.00,72.40,0.455,4.247,0.354,banana,fresh
51776812,51207,93.00,869.10,72.55,0.455,4.248,0.355,banana,fresh
51777823,51208,93.00,869.05,72.25,0.455,4.248,0.353,banana,fresh
51778834,51209,93.00,869.00,72.50,0.455,4.247,0.354,banana,fresh
51779846,51210,93.00,869.00,72.35,0.455,4.247,0.354,banana,fresh
51780856,51211,93.10,869.00,72.35,0.455,4.247,0.354,banana,fresh
51781868,51212,93.10,869.00,72.35,0.455,4.247,0.354,banana,fresh
51782879,51213,93.10,869.00,72.45,0.455,4.247,0.354,banana,fresh
51783889,51214,93.00,869.00,72.45,0.455,4.247,0.354,banana,fresh
51784901,51215,93.15,869.00,72.45,0.455,4.247,0.354,banana,fresh
51785912,51216,93.05,869.05,72.15,0.455,4.248,0.353,banana,fresh
51786924,51217,93.05,869.00,72.25,0.455,4.247,0.353,banana,fresh
51787934,51218,93.05,869.15,72.40,0.455,4.248,0.354,banana,fresh
51788946,51219,93.00,869.10,72.40,0.455,4.248,0.354,banana,fresh
51789957,51220,93.05,869.10,72.35,0.455,4.248,0.354,banana,fresh
51790967,51221,93.10,869.10,72.45,0.455,4.248,0.354,banana,fresh
51791979,51222,93.10,869.05,72.45,0.455,4.248,0.354,banana,fresh
51792990,51223,93.05,869.05,72.60,0.455,4.248,0.355,banana,fresh
51794001,51224,93.05,869.00,72.40,0.455,4.247,0.354,banana,fresh
51795012,51225,93.15,869.05,72.50,0.455,4.248,0.354,banana,fresh
51796024,51226,93.15,869.10,72.50,0.455,4.248,0.354,banana,fresh
51797035,51227,93.10,869.10,72.40,0.455,4.248,0.354,banana,fresh
51798045,51228,93.15,869.10,72.55,0.455,4.248,0.355,banana,fresh
51799057,51229,93.20,869.15,72.55,0.456,4.248,0.355,banana,fresh
51800068,51230,93.15,869.05,72.50,0.455,4.248,0.354,banana,fresh
51801079,51231,93.05,869.10,72.45,0.455,4.248,0.354,banana,fresh
51802090,51232,93.10,869.10,72.60,0.455,4.248,0.355,banana,fresh
51803102,51233,93.15,869.05,72.55,0.455,4.248,0.355,banana,fresh
51804112,51234,93.05,869.05,72.55,0.455,4.248,0.355,banana,fresh
51805124,51235,93.25,869.10,72.70,0.456,4.248,0.355,banana,fresh
51806135,51236,93.05,869.05,72.65,0.455,4.248,0.355,banana,fresh
51807145,51237,93.15,869.05,72.60,0.455,4.248,0.355,banana,fresh
51808157,51238,93.10,869.05,72.55,0.455,4.248,0.355,banana,fresh
51809168,51239,93.15,869.20,72.45,0.455,4.248,0.354,banana,fresh
51810180,51240,93.30,869.10,72.60,0.456,4.248,0.355,banana,fresh
51811190,51241,93.25,869.05,72.85,0.456,4.248,0.356,banana,fresh
51812202,51242,93.25,869.05,72.55,0.456,4.248,0.355,banana,fresh
51813213,51243,93.25,869.05,72.55,0.456,4.248,0.355,banana,fresh
51814224,51244,93.10,869.15,72.60,0.455,4.248,0.355,banana,fresh
51815235,51245,93.20,869.25,72.55,0.456,4.249,0.355,banana,fresh
51816246,51246,93.10,869.15,72.50,0.455,4.248,0.354,banana,fresh
51817257,51247,93.00,869.10,72.70,0.455,4.248,0.355,banana,fresh
51818268,51248,93.10,869.10,72.65,0.455,4.248,0.355,banana,fresh
51819280,51249,93.15,869.20,72.70,0.455,4.248,0.355,banana,fresh
51820291,51250,93.10,869.15,72.55,0.455,4.248,0.355,banana,fresh
51821302,51251,93.30,869.25,72.55,0.456,4.249,0.355,banana,fresh
51822313,51252,93.20,869.15,72.60,0.456,4.248,0.355,banana,fresh
51823324,51253,93.30,869.15,72.55,0.456,4.248,0.355,banana,fresh
51824335,51254,93.05,869.15,72.60,0.455,4.248,0.355,banana,fresh
51825346,51255,93.10,869.10,72.75,0.455,4.248,0.356,banana,fresh
51826358,51256,93.35,869.15,72.45,0.456,4.248,0.354,banana,fresh
51827368,51257,93.30,869.15,72.60,0.456,4.248,0.355,banana,fresh
51828380,51258,93.20,869.15,72.40,0.456,4.248,0.354,banana,fresh
51829391,51259,93.10,869.30,72.55,0.455,4.249,0.355,banana,fresh
51830403,51260,93.40,869.10,72.60,0.457,4.248,0.355,banana,fresh
51831413,51261,93.15,869.30,72.50,0.455,4.249,0.354,banana,fresh
51832424,51262,93.25,869.25,72.75,0.456,4.249,0.356,banana,fresh
51833436,51263,93.45,869.05,72.65,0.457,4.248,0.355,banana,fresh
51834446,51264,93.35,869.20,72.85,0.456,4.248,0.356,banana,fresh
51835458,51265,93.15,869.30,72.65,0.455,4.249,0.355,banana,fresh
51836469,51266,93.10,869.25,72.50,0.455,4.249,0.354,banana,fresh
51837480,51267,93.35,869.35,72.70,0.456,4.249,0.355,banana,fresh
51838491,51268,93.15,869.30,72.65,0.455,4.249,0.355,banana,fresh
51839503,51269,93.20,869.35,72.50,0.456,4.249,0.354,banana,fresh
51840514,51270,93.15,869.10,72.90,0.455,4.248,0.356,banana,fresh
51841524,51271,93.05,869.30,72.55,0.455,4.249,0.355,banana,fresh
51842536,51272,93.10,869.25,72.70,0.455,4.249,0.355,banana,fresh
51843547,51273,93.35,869.20,72.50,0.456,4.248,0.354,banana,fresh
51844558,51274,93.15,869.40,72.65,0.455,4.249,0.355,banana,fresh
51845569,51275,93.15,869.30,72.60,0.455,4.249,0.355,banana,fresh
51846581,51276,93.35,869.35,72.80,0.456,4.249,0.356,banana,fresh
51847591,51277,93.15,869.25,72.60,0.455,4.249,0.355,banana,fresh
51848602,51278,93.25,869.35,72.60,0.456,4.249,0.355,banana,fresh
51849614,51279,93.20,869.25,72.90,0.456,4.249,0.356,banana,fresh
51850625,51280,93.35,869.15,72.65,0.456,4.248,0.355,banana,fresh
51851636,51281,93.20,869.25,72.75,0.456,4.249,0.356,banana,fresh
51852647,51282,93.35,869.20,72.70,0.456,4.248,0.355,banana,fresh
51853659,51283,93.20,869.30,72.70,0.456,4.249,0.355,banana,fresh
51854669,51284,93.40,869.15,72.75,0.457,4.248,0.356,banana,fresh
51855681,51285,93.40,869.40,72.65,0.457,4.249,0.355,banana,fresh
51856692,51286,93.20,869.40,72.85,0.456,4.249,0.356,banana,fresh
51857702,51287,93.25,869.55,72.75,0.456,4.250,0.356,banana,fresh
51858714,51288,93.20,869.45,72.75,0.456,4.250,0.356,banana,fresh
51859725,51289,93.20,869.40,72.75,0.456,4.249,0.356,banana,fresh
51860737,51290,93.20,869.45,72.75,0.456,4.250,0.356,banana,fresh
51861747,51291,93.25,869.45,72.55,0.456,4.250,0.355,banana,fresh
51862759,51292,93.25,869.30,72.85,0.456,4.249,0.356,banana,fresh
51863770,51293,93.35,869.40,72.75,0.456,4.249,0.356,banana,fresh
51864780,51294,93.30,869.50,72.55,0.456,4.250,0.355,banana,fresh
51865792,51295,93.20,869.40,72.80,0.456,4.249,0.356,banana,fresh
51866803,51296,93.50,869.45,72.90,0.457,4.250,0.356,banana,fresh
51867814,51297,93.05,869.45,72.85,0.455,4.250,0.356,banana,fresh
51868825,51298,93.35,869.30,72.80,0.456,4.249,0.356,banana,fresh
51869837,51299,93.35,869.45,72.85,0.456,4.250,0.356,banana,fresh
51870848,51300,93.40,869.45,72.80,0.457,4.250,0.356,banana,fresh
51871859,51301,93.20,869.30,72.90,0.456,4.249,0.356,banana,fresh
51872870,51302,93.30,869.45,72.85,0.456,4.250,0.356,banana,fresh
51873881,51303,93.60,869.45,72.75,0.457,4.250,0.356,banana,fresh
51874892,51304,93.55,869.55,72.80,0.457,4.250,0.356,banana,fresh
51875903,51305,93.25,869.40,72.75,0.456,4.249,0.356,banana,fresh
51876915,51306,93.45,869.60,72.90,0.457,4.250,0.356,banana,fresh
51877925,51307,93.35,869.55,72.75,0.456,4.250,0.356,banana,fresh
51878937,51308,93.35,869.35,72.85,0.456,4.249,0.356,banana,fresh
51879948,51309,93.20,869.60,72.95,0.456,4.250,0.357,banana,fresh
51880958,51310,93.45,869.60,72.85,0.457,4.250,0.356,banana,fresh
51881970,51311,93.40,869.55,72.85,0.457,4.250,0.356,banana,fresh
51882981,51312,93.35,869.60,72.85,0.456,4.250,0.356,banana,fresh
51883993,51313,93.45,869.50,72.80,0.457,4.250,0.356,banana,fresh
51885003,51314,93.35,869.60,72.95,0.456,4.250,0.357,banana,fresh
51886015,51315,93.35,869.55,72.75,0.456,4.250,0.356,banana,fresh
51887026,51316,93.40,869.65,72.90,0.457,4.250,0.356,banana,fresh
51888036,51317,93.35,869.50,72.95,0.456,4.250,0.357,banana,fresh
51889048,51318,93.45,869.50,72.90,0.457,4.250,0.356,banana,fresh
51890059,51319,93.40,869.60,72.90,0.457,4.250,0.356,banana,fresh
51891070,51320,93.60,869.55,72.75,0.457,4.250,0.356,banana,fresh
51892081,51321,93.60,869.70,72.85,0.457,4.251,0.356,banana,fresh
51893093,51322,93.35,869.85,72.85,0.456,4.251,0.356,banana,fresh
51894104,51323,93.45,869.70,72.95,0.457,4.251,0.357,banana,fresh
51895115,51324,93.45,869.70,72.90,0.457,4.251,0.356,banana,fresh
51896126,51325,93.40,869.60,72.95,0.457,4.250,0.357,banana,fresh
51897137,51326,93.20,869.55,72.90,0.456,4.250,0.356,banana,fresh
51898148,51327,93.40,869.60,72.95,0.457,4.250,0.357,banana,fresh
51899159,51328,93.45,869.55,72.95,0.457,4.250,0.357,banana,fresh
51900171,51329,93.55,869.65,72.95,0.457,4.250,0.357,banana,fresh
51901181,51330,93.45,869.65,72.85,0.457,4.250,0.356,banana,fresh
51902193,51331,93.50,869.80,72.95,0.457,4.251,0.357,banana,fresh
51903204,51332,93.55,869.70,72.85,0.457,4.251,0.356,banana,fresh
51904216,51333,93.50,869.55,72.95,0.457,4.250,0.357,banana,fresh
51905226,51334,93.65,869.45,72.95,0.458,4.250,0.357,banana,fresh
51906237,51335,93.40,869.60,72.95,0.457,4.250,0.357,banana,fresh
51907249,51336,93.50,869.65,72.90,0.457,4.250,0.356,banana,fresh
51908259,51337,93.40,869.75,73.00,0.457,4.251,0.357,banana,fresh
51909271,51338,93.65,869.75,73.00,0.458,4.251,0.357,banana,fresh
51910282,51339,93.55,869.70,72.90,0.457,4.251,0.356,banana,fresh
51911293,51340,93.60,869.75,73.00,0.457,4.251,0.357,banana,fresh
51912304,51341,93.50,869.75,72.85,0.457,4.251,0.356,banana,fresh
51913315,51342,93.45,869.75,72.95,0.457,4.251,0.357,banana,fresh
51914327,51343,93.45,869.75,73.00,0.457,4.251,0.357,banana,fresh
51915337,51344,93.60,869.65,72.95,0.457,4.250,0.357,banana,fresh
51916349,51345,93.75,869.70,72.95,0.458,4.251,0.357,banana,fresh
51917360,51346,93.40,869.65,72.95,0.457,4.250,0.357,banana,fresh
51918371,51347,93.45,869.65,72.90,0.457,4.250,0.356,banana,fresh
51919382,51348,93.40,869.85,73.00,0.457,4.251,0.357,banana,fresh
51920393,51349,93.55,869.80,72.90,0.457,4.251,0.356,banana,fresh
51921404,51350,93.65,869.95,72.95,0.458,4.252,0.357,banana,fresh
51922415,51351,93.85,869.85,72.95,0.459,4.251,0.357,banana,fresh
51923427,51352,93.75,869.90,73.00,0.458,4.252,0.357,banana,fresh
51924438,51353,93.70,869.70,73.00,0.458,4.251,0.357,banana,fresh
51925449,51354,93.65,869.85,72.85,0.458,4.251,0.356,banana,fresh
51926460,51355,93.55,869.75,72.95,0.457,4.251,0.357,banana,fresh
51927472,51356,93.70,869.85,73.00,0.458,4.251,0.357,banana,fresh
51928482,51357,93.65,869.75,73.00,0.458,4.251,0.357,banana,fresh
51929493,51358,93.95,869.80,72.95,0.459,4.251,0.357,banana,fresh
51930505,51359,93.70,869.80,73.00,0.458,4.251,0.357,banana,fresh
51931515,51360,93.70,869.75,73.00,0.458,4.251,0.357,banana,fresh
51932527,51361,93.60,869.85,73.00,0.457,4.251,0.357,banana,fresh
51933538,51362,93.55,869.90,72.95,0.457,4.252,0.357,banana,fresh
51934550,51363,93.55,869.80,72.85,0.457,4.251,0.356,banana,fresh
51935560,51364,93.55,869.75,72.95,0.457,4.251,0.357,banana,fresh
51936572,51365,93.60,869.80,73.00,0.457,4.251,0.357,banana,fresh
51937583,51366,93.70,869.90,73.00,0.458,4.252,0.357,banana,fresh
51938593,51367,93.45,870.00,73.00,0.457,4.252,0.357,banana,fresh
51939605,51368,93.80,869.85,73.00,0.458,4.251,0.357,banana,fresh
51940616,51369,93.70,869.85,72.90,0.458,4.251,0.356,banana,fresh
51941627,51370,93.65,869.95,72.95,0.458,4.252,0.357,banana,fresh
51942638,51371,93.80,869.95,72.95,0.458,4.252,0.357,banana,fresh
51943650,51372,93.80,870.00,73.00,0.458,4.252,0.357,banana,fresh
51944660,51373,93.65,869.85,73.00,0.458,4.251,0.357,banana,fresh
51945671,51374,93.70,869.90,72.95,0.458,4.252,0.357,banana,fresh
51946683,51375,93.75,869.90,72.90,0.458,4.252,0.356,banana,fresh
51947694,51376,93.70,869.90,73.00,0.458,4.252,0.357,banana,fresh
51948705,51377,93.80,869.90,72.95,0.458,4.252,0.357,banana,fresh
51949716,51378,93.65,869.95,73.00,0.458,4.252,0.357,banana,fresh
51950728,51379,93.65,870.00,73.00,0.458,4.252,0.357,banana,fresh
51951738,51380,93.80,869.90,73.00,0.458,4.252,0.357,banana,fresh
51952749,51381,93.95,870.00,72.90,0.459,4.252,0.356,banana,fresh
51953761,51382,93.85,869.95,73.00,0.459,4.252,0.357,banana,fresh
51954771,51383,93.70,869.85,72.95,0.458,4.251,0.357,banana,fresh
51955783,51384,93.85,869.75,73.00,0.459,4.251,0.357,banana,fresh
51956794,51385,93.80,869.90,72.95,0.458,4.252,0.357,banana,fresh
51957806,51386,93.55,869.95,73.00,0.457,4.252,0.357,banana,fresh
51958816,51387,93.75,870.00,73.00,0.458,4.252,0.357,banana,fresh
51959827,51388,93.85,869.95,73.00,0.459,4.252,0.357,banana,fresh
51960839,51389,93.55,870.00,72.95,0.457,4.252,0.357,banana,fresh
51961849,51390,93.65,870.00,73.00,0.458,4.252,0.357,banana,fresh
51962861,51391,93.75,870.00,73.00,0.458,4.252,0.357,banana,fresh
51963872,51392,93.60,869.95,73.00,0.457,4.252,0.357,banana,fresh
51964883,51393,93.75,870.00,73.00,0.458,4.252,0.357,banana,fresh
51965894,51394,93.85,870.00,73.00,0.459,4.252,0.357,banana,fresh
51966905,51395,93.80,869.95,73.00,0.458,4.252,0.357,banana,fresh
51967917,51396,93.90,869.95,73.00,0.459,4.252,0.357,banana,fresh
51968927,51397,93.80,870.00,73.00,0.458,4.252,0.357,banana,fresh
51969939,51398,93.80,870.00,73.00,0.458,4.252,0.357,banana,fresh
51970950,51399,93.75,870.00,73.00,0.458,4.252,0.357,banana,fresh
51971960,51400,94.00,870.00,73.00,0.459,4.252,0.357,banana,fresh
51972972,51401,93.85,870.00,73.00,0.459,4.252,0.357,banana,fresh
51973983,51402,93.90,869.95,73.00,0.459,4.252,0.357,banana,fresh
51974994,51403,93.95,870.00,73.00,0.459,4.252,0.357,banana,fresh
51976005,51404,93.85,870.00,73.00,0.459,4.252,0.357,banana,fresh
51977017,51405,94.00,870.00,73.05,0.459,4.252,0.357,banana,fresh
51978028,51406,93.90,870.00,72.95,0.459,4.252,0.357,banana,fresh
51979038,51407,93.85,870.00,73.05,0.459,4.252,0.357,banana,fresh
51980050,51408,93.95,870.00,73.00,0.459,4.252,0.357,banana,fresh
51981061,51409,93.90,870.00,73.00,0.459,4.252,0.357,banana,fresh
51982072,51410,93.95,870.00,73.00,0.459,4.252,0.357,banana,fresh
51983083,51411,93.95,870.00,73.00,0.459,4.252,0.357,banana,fresh
51984095,51412,94.00,870.00,73.00,0.459,4.252,0.357,banana,fresh
51985105,51413,94.00,870.00,73.00,0.459,4.252,0.357,banana,fresh
51986116,51414,94.00,870.00,73.00,0.459,4.252,0.357,banana,fresh
51987128,51415,93.95,869.95,73.00,0.459,4.252,0.357,banana,fresh
51988139,51416,94.00,870.00,73.00,0.459,4.252,0.357,banana,fresh
51989150,51417,93.95,870.00,73.00,0.459,4.252,0.357,banana,fresh
51990161,51418,94.00,870.00,73.00,0.459,4.252,0.357,banana,fresh
51991172,51419,93.95,869.95,72.95,0.459,4.252,0.357,banana,fresh
51992183,51420,93.95,870.00,73.00,0.459,4.252,0.357,banana,fresh
51993194,51421,93.85,870.00,73.05,0.459,4.252,0.357,banana,fresh
51994206,51422,94.00,870.05,73.00,0.459,4.252,0.357,banana,fresh
51995216,51423,93.95,870.00,73.00,0.459,4.252,0.357,banana,fresh
51996228,51424,93.95,870.00,72.95,0.459,4.252,0.357,banana,fresh
51997239,51425,93.95,870.00,73.00,0.459,4.252,0.357,banana,fresh
51998249,51426,93.90,870.00,73.00,0.459,4.252,0.357,banana,fresh
51999261,51427,93.95,870.00,73.00,0.459,4.252,0.357,banana,fresh
52000272,51428,93.95,870.00,73.00,0.459,4.252,0.357,banana,fresh
52001284,51429,94.05,870.00,73.00,0.460,4.252,0.357,banana,fresh
52002294,51430,93.95,870.05,73.00,0.459,4.252,0.357,banana,fresh
52003306,51431,93.95,870.00,73.10,0.459,4.252,0.357,banana,fresh
52004317,51432,93.95,870.00,73.00,0.459,4.252,0.357,banana,fresh
52005327,51433,93.95,870.00,73.00,0.459,4.252,0.357,banana,fresh
52006339,51434,94.00,870.00,73.00,0.459,4.252,0.357,banana,fresh
52007350,51435,93.95,870.00,73.05,0.459,4.252,0.357,banana,fresh
52008361,51436,94.00,870.00,73.10,0.459,4.252,0.357,banana,fresh
52009372,51437,93.95,870.00,73.00,0.459,4.252,0.357,banana,fresh
52010384,51438,94.00,870.00,73.00,0.459,4.252,0.357,banana,fresh
52011395,51439,94.00,870.00,73.05,0.459,4.252,0.357,banana,fresh
52012405,51440,94.00,870.05,73.00,0.459,4.252,0.357,banana,fresh
52013417,51441,94.00,870.05,73.05,0.459,4.252,0.357,banana,fresh
52014428,51442,94.00,870.00,73.00,0.459,4.252,0.357,banana,fresh
52015439,51443,93.95,870.00,73.05,0.459,4.252,0.357,banana,fresh
52016450,51444,94.00,870.10,73.10,0.459,4.253,0.357,banana,fresh
52017461,51445,94.00,870.05,73.00,0.459,4.252,0.357,banana,fresh
52018472,51446,94.00,870.05,73.00,0.459,4.252,0.357,banana,fresh
52019483,51447,94.00,870.00,73.00,0.459,4.252,0.357,banana,fresh
52020495,51448,94.05,870.05,73.00,0.460,4.252,0.357,banana,fresh
52021506,51449,94.00,870.05,73.05,0.459,4.252,0.357,banana,fresh
52022517,51450,94.00,870.00,73.10,0.459,4.252,0.357,banana,fresh
52023528,51451,94.00,870.05,73.00,0.459,4.252,0.357,banana,fresh
52024539,51452,93.95,870.05,73.10,0.459,4.252,0.357,banana,fresh
52025550,51453,93.95,870.00,73.05,0.459,4.252,0.357,banana,fresh
52026561,51454,94.00,870.00,73.05,0.459,4.252,0.357,banana,fresh
52027573,51455,93.95,870.05,73.05,0.459,4.252,0.357,banana,fresh
52028583,51456,94.00,870.00,73.05,0.459,4.252,0.357,banana,fresh
52029595,51457,94.00,870.00,73.00,0.459,4.252,0.357,banana,fresh
52030606,51458,94.00,870.05,73.00,0.459,4.252,0.357,banana,fresh
52031617,51459,94.00,870.00,73.15,0.459,4.252,0.358,banana,fresh
52032628,51460,94.00,870.05,73.05,0.459,4.252,0.357,banana,fresh
52033639,51461,94.00,870.00,73.00,0.459,4.252,0.357,banana,fresh
52034651,51462,94.00,870.05,73.05,0.459,4.252,0.357,banana,fresh
52035661,51463,94.00,870.00,73.00,0.459,4.252,0.357,banana,fresh
52036672,51464,94.10,870.05,73.00,0.460,4.252,0.357,banana,fresh
52037684,51465,94.00,870.00,73.00,0.459,4.252,0.357,banana,fresh
52038694,51466,94.00,870.00,73.05,0.459,4.252,0.357,banana,fresh
52039706,51467,94.00,870.00,73.05,0.459,4.252,0.357,banana,fresh
52040717,51468,94.05,870.00,73.00,0.460,4.252,0.357,banana,fresh
52041729,51469,94.05,870.05,73.15,0.460,4.252,0.358,banana,fresh
52042739,51470,94.00,870.00,73.10,0.459,4.252,0.357,banana,fresh
52043750,51471,94.00,870.00,73.00,0.459,4.252,0.357,banana,fresh
52044762,51472,94.05,870.00,73.05,0.460,4.252,0.357,banana,fresh
52045772,51473,94.00,870.00,73.00,0.459,4.252,0.357,banana,fresh
52046784,51474,93.95,870.10,73.00,0.459,4.253,0.357,banana,fresh
52047795,51475,94.00,870.10,73.05,0.459,4.253,0.357,banana,fresh
52048805,51476,94.00,870.00,73.00,0.459,4.252,0.357,banana,fresh
52049817,51477,94.00,870.00,73.00,0.459,4.252,0.357,banana,fresh
52050828,51478,94.00,870.00,73.15,0.459,4.252,0.358,banana,fresh
52051840,51479,94.00,870.00,73.00,0.459,4.252,0.357,banana,fresh
52052850,51480,94.00,870.00,73.00,0.459,4.252,0.357,banana,fresh
52053862,51481,94.05,870.05,73.00,0.460,4.252,0.357,banana,fresh
52054873,51482,94.00,870.05,73.00,0.459,4.252,0.357,banana,fresh
52055883,51483,94.00,870.00,73.00,0.459,4.252,0.357,banana,fresh
52056895,51484,94.05,870.00,73.05,0.460,4.252,0.357,banana,fresh
52057906,51485,94.05,870.00,73.00,0.460,4.252,0.357,banana,fresh
52058917,51486,94.00,870.05,73.05,0.459,4.252,0.357,banana,fresh
52059928,51487,94.00,870.00,73.05,0.459,4.252,0.357,banana,fresh
52060940,51488,94.05,870.00,73.00,0.460,4.252,0.357,banana,fresh
52061950,51489,94.00,870.00,73.10,0.459,4.252,0.357,banana,fresh
52062961,51490,94.00,870.00,73.05,0.459,4.252,0.357,banana,fresh
52063973,51491,94.00,870.00,73.00,0.459,4.252,0.357,banana,fresh
52064984,51492,94.05,870.00,73.05,0.460,4.252,0.357,banana,fresh
52065995,51493,94.00,870.05,73.05,0.459,4.252,0.357,banana,fresh
52067006,51494,94.05,870.00,73.10,0.460,4.252,0.357,banana,fresh
52068018,51495,94.00,870.00,73.00,0.459,4.252,0.357,banana,fresh
52069028,51496,94.00,870.00,73.00,0.459,4.252,0.357,banana,fresh
52070039,51497,94.05,870.05,73.05,0.460,4.252,0.357,banana,fresh
52071051,51498,94.00,870.00,73.00,0.459,4.252,0.357,banana,fresh
52072061,51499,94.00,870.05,73.00,0.459,4.252,0.357,banana,fresh
52073073,51500,94.00,870.00,73.05,0.459,4.252,0.357,banana,fresh
52074084,51501,94.00,870.00,73.00,0.459,4.252,0.357,banana,fresh
52075095,51502,94.05,870.05,73.05,0.460,4.252,0.357,banana,fresh
52076106,51503,94.00,870.00,73.00,0.459,4.252,0.357,banana,fresh
52077117,51504,94.05,870.05,73.00,0.460,4.252,0.357,banana,fresh
52078129,51505,93.95,870.05,73.05,0.459,4.252,0.357,banana,fresh
52079139,51506,94.15,870.05,73.00,0.460,4.252,0.357,banana,fresh
52080151,51507,94.00,870.00,73.05,0.459,4.252,0.357,banana,fresh
52081162,51508,94.00,870.00,73.05,0.459,4.252,0.357,banana,fresh
52082172,51509,94.00,870.05,73.10,0.459,4.252,0.357,banana,fresh
52083184,51510,94.00,870.00,73.15,0.459,4.252,0.358,banana,fresh
52084195,51511,94.00,870.05,73.10,0.459,4.252,0.357,banana,fresh
52085207,51512,94.00,870.00,73.00,0.459,4.252,0.357,banana,fresh
52086217,51513,94.00,870.05,73.00,0.459,4.252,0.357,banana,fresh
52087228,51514,94.00,870.00,73.05,0.459,4.252,0.357,banana,fresh
52088240,51515,94.00,870.00,73.00,0.459,4.252,0.357,banana,fresh
52089250,51516,94.00,870.00,73.05,0.459,4.252,0.357,banana,fresh
52090262,51517,94.00,870.00,73.00,0.459,4.252,0.357,banana,fresh
52091273,51518,94.00,870.00,73.05,0.459,4.252,0.357,banana,fresh
52092284,51519,94.00,870.10,73.00,0.459,4.253,0.357,banana,fresh
52093295,51520,94.00,870.00,73.00,0.459,4.252,0.357,banana,fresh
52094306,51521,94.00,870.00,73.00,0.459,4.252,0.357,banana,fresh
52095318,51522,94.00,870.10,73.00,0.459,4.253,0.357,banana,fresh
52096328,51523,94.05,870.00,73.00,0.460,4.252,0.357,banana,fresh
52097340,51524,94.00,870.00,73.00,0.459,4.252,0.357,banana,fresh
52098351,51525,94.00,870.05,73.00,0.459,4.252,0.357,banana,fresh
52099361,51526,94.00,870.00,73.00,0.459,4.252,0.357,banana,fresh
52100373,51527,94.10,870.00,73.00,0.460,4.252,0.357,banana,fresh
52101384,51528,94.00,870.05,73.05,0.459,4.252,0.357,banana,fresh
52102395,51529,94.00,870.05,73.00,0.459,4.252,0.357,banana,fresh
52103406,51530,94.05,870.00,73.00,0.460,4.252,0.357,banana,fresh
52104418,51531,94.00,870.05,73.05,0.459,4.252,0.357,banana,fresh
52105428,51532,94.00,870.00,73.00,0.459,4.252,0.357,banana,fresh
52106439,51533,94.00,870.00,73.05,0.459,4.252,0.357,banana,fresh
52107451,51534,94.00,870.00,73.00,0.459,4.252,0.357,banana,fresh
52108462,51535,94.00,870.00,73.00,0.459,4.252,0.357,banana,fresh
52109473,51536,94.00,870.00,73.00,0.459,4.252,0.357,banana,fresh
52110484,51537,93.95,870.00,73.05,0.459,4.252,0.357,banana,fresh
52111495,51538,94.00,870.05,73.00,0.459,4.252,0.357,banana,fresh
52112506,51539,94.00,870.00,73.00,0.459,4.252,0.357,banana,fresh
52113517,51540,94.00,870.00,73.00,0.459,4.252,0.357,banana,fresh
52114529,51541,94.05,870.05,73.10,0.460,4.252,0.357,banana,fresh
52115539,51542,94.00,870.00,73.05,0.459,4.252,0.357,banana,fresh
52116551,51543,94.00,870.00,73.00,0.459,4.252,0.357,banana,fresh
52117562,51544,94.00,870.15,73.00,0.459,4.253,0.357,banana,fresh
52118573,51545,94.00,870.00,73.05,0.459,4.252,0.357,banana,fresh
52119584,51546,93.95,870.00,73.00,0.459,4.252,0.357,banana,fresh
52120595,51547,93.95,870.00,73.00,0.459,4.252,0.357,banana,fresh
52121607,51548,94.00,870.05,73.00,0.459,4.252,0.357,banana,fresh
52122617,51549,94.00,870.00,73.05,0.459,4.252,0.357,banana,fresh
52123628,51550,94.10,870.00,73.00,0.460,4.252,0.357,banana,fresh
52124640,51551,94.00,870.00,73.00,0.459,4.252,0.357,banana,fresh
52125650,51552,94.00,870.00,73.05,0.459,4.252,0.357,banana,fresh
52126662,51553,94.00,870.00,73.00,0.459,4.252,0.357,banana,fresh
52127673,51554,94.00,870.05,73.00,0.459,4.252,0.357,banana,fresh
52128685,51555,94.00,870.00,73.00,0.459,4.252,0.357,banana,fresh
52129695,51556,93.95,870.00,73.00,0.459,4.252,0.357,banana,fresh
52130706,51557,94.00,870.05,73.00,0.459,4.252,0.357,banana,fresh
52131718,51558,94.00,870.00,73.00,0.459,4.252,0.357,banana,fresh
52132728,51559,94.00,870.05,73.00,0.459,4.252,0.357,banana,fresh
52133740,51560,94.00,870.05,73.05,0.459,4.252,0.357,banana,fresh
52134751,51561,94.00,870.00,73.00,0.459,4.252,0.357,banana,fresh
52135761,51562,94.00,870.00,73.00,0.459,4.252,0.357,banana,fresh
52136773,51563,94.00,870.00,73.00,0.459,4.252,0.357,banana,fresh
52137784,51564,94.00,870.05,73.05,0.459,4.252,0.357,banana,fresh
52138796,51565,93.95,870.00,73.00,0.459,4.252,0.357,banana,fresh
52139806,51566,94.00,870.00,73.00,0.459,4.252,0.357,banana,fresh
52140818,51567,94.05,870.00,73.00,0.460,4.252,0.357,banana,fresh
52141829,51568,94.00,870.00,73.00,0.459,4.252,0.357,banana,fresh
52142839,51569,94.05,870.05,73.05,0.460,4.252,0.357,banana,fresh
52143851,51570,94.00,870.00,73.00,0.459,4.252,0.357,banana,fresh
52144862,51571,94.00,870.00,73.00,0.459,4.252,0.357,banana,fresh
52145873,51572,94.00,870.00,73.00,0.459,4.252,0.357,banana,fresh
52146884,51573,94.00,870.00,73.00,0.459,4.252,0.357,banana,fresh
52147895,51574,94.00,870.00,73.00,0.459,4.252,0.357,banana,fresh
52148907,51575,93.95,870.00,73.00,0.459,4.252,0.357,banana,fresh
52149917,51576,94.00,870.00,73.00,0.459,4.252,0.357,banana,fresh
52150929,51577,94.15,870.00,73.00,0.460,4.252,0.357,banana,fresh
52151940,51578,94.05,870.00,73.00,0.460,4.252,0.357,banana,fresh
52152951,51579,94.00,870.00,73.00,0.459,4.252,0.357,banana,fresh
52153962,51580,94.05,870.00,73.00,0.460,4.252,0.357,banana,fresh
52154973,51581,94.00,870.00,73.00,0.459,4.252,0.357,banana,fresh
52155984,51582,94.00,870.00,73.05,0.459,4.252,0.357,banana,fresh
52156995,51583,94.00,870.00,73.00,0.459,4.252,0.357,banana,fresh
52158007,51584,93.95,870.05,73.00,0.459,4.252,0.357,banana,fresh
52159017,51585,94.00,870.00,73.00,0.459,4.252,0.357,banana,fresh
52160028,51586,94.00,870.05,73.00,0.459,4.252,0.357,banana,fresh
52161040,51587,94.05,870.05,73.00,0.460,4.252,0.357,banana,fresh
52162051,51588,94.00,870.00,73.00,0.459,4.252,0.357,banana,fresh
52163062,51589,94.00,870.00,73.00,0.459,4.252,0.357,banana,fresh
52164073,51590,93.95,870.00,73.00,0.459,4.252,0.357,banana,fresh
52165085,51591,94.00,870.00,72.95,0.459,4.252,0.357,banana,fresh
52166095,51592,94.00,870.00,73.00,0.459,4.252,0.357,banana,fresh
52167106,51593,94.00,870.00,73.00,0.459,4.252,0.357,banana,fresh
52168118,51594,94.00,870.00,73.00,0.459,4.252,0.357,banana,fresh
52169128,51595,94.00,870.00,73.00,0.459,4.252,0.357,banana,fresh
52170140,51596,94.00,870.05,73.00,0.459,4.252,0.357,banana,fresh
52171151,51597,94.00,870.00,73.00,0.459,4.252,0.357,banana,fresh
52172162,51598,94.00,870.00,72.95,0.459,4.252,0.357,banana,fresh
52173173,51599,94.00,870.05,73.00,0.459,4.252,0.357,banana,fresh
52174184,51600,94.05,870.00,73.00,0.460,4.252,0.357,banana,fresh
52175196,51601,94.00,870.00,72.95,0.459,4.252,0.357,banana,fresh
52176206,51602,94.00,870.00,73.00,0.459,4.252,0.357,banana,fresh
52177217,51603,94.00,870.05,73.00,0.459,4.252,0.357,banana,fresh
52178229,51604,94.00,870.00,73.00,0.459,4.252,0.357,banana,fresh
52179239,51605,94.00,870.00,73.00,0.459,4.252,0.357,banana,fresh
52180251,51606,94.00,870.00,73.05,0.459,4.252,0.357,banana,fresh
52181262,51607,94.00,870.05,73.00,0.459,4.252,0.357,banana,fresh
52182274,51608,94.00,870.00,73.00,0.459,4.252,0.357,banana,fresh
52183284,51609,93.90,870.00,73.00,0.459,4.252,0.357,banana,fresh
52184295,51610,94.00,870.00,73.00,0.459,4.252,0.357,banana,fresh
52185307,51611,94.00,870.00,73.00,0.459,4.252,0.357,banana,fresh
52186317,51612,93.95,870.00,73.00,0.459,4.252,0.357,banana,fresh
52187329,51613,94.00,870.00,73.00,0.459,4.252,0.357,banana,fresh
52188340,51614,93.95,870.00,73.00,0.459,4.252,0.357,banana,fresh
52189350,51615,93.90,870.00,73.00,0.459,4.252,0.357,banana,fresh
52190362,51616,93.95,870.00,73.00,0.459,4.252,0.357,banana,fresh
52191373,51617,93.95,870.00,73.00,0.459,4.252,0.357,banana,fresh
52192385,51618,94.00,870.00,73.00,0.459,4.252,0.357,banana,fresh
52193395,51619,93.95,870.00,73.00,0.459,4.252,0.357,banana,fresh
52194407,51620,93.95,870.00,73.00,0.459,4.252,0.357,banana,fresh
52195418,51621,94.00,870.00,73.00,0.459,4.252,0.357,banana,fresh
52196428,51622,93.95,870.00,73.00,0.459,4.252,0.357,banana,fresh
52197440,51623,94.00,870.05,73.00,0.459,4.252,0.357,banana,fresh
52198451,51624,93.90,870.00,73.00,0.459,4.252,0.357,banana,fresh
52199462,51625,94.00,870.00,73.00,0.459,4.252,0.357,banana,fresh
52200473,51626,93.95,870.00,73.00,0.459,4.252,0.357,banana,fresh
52201485,51627,94.00,870.05,73.00,0.459,4.252,0.357,banana,fresh
52202496,51628,93.95,870.00,73.00,0.459,4.252,0.357,banana,fresh
52203506,51629,94.00,870.00,73.00,0.459,4.252,0.357,banana,fresh
52204518,51630,93.90,870.00,73.00,0.459,4.252,0.357,banana,fresh
52205529,51631,93.90,870.05,72.95,0.459,4.252,0.357,banana,fresh
52206540,51632,94.00,870.05,73.00,0.459,4.252,0.357,banana,fresh
52207551,51633,94.00,870.00,73.00,0.459,4.252,0.357,banana,fresh
52208562,51634,93.95,870.00,73.00,0.459,4.252,0.357,banana,fresh
52209573,51635,94.00,870.00,73.00,0.459,4.252,0.357,banana,fresh
52210584,51636,93.95,870.00,73.00,0.459,4.252,0.357,banana,fresh
52211596,51637,93.90,870.00,73.00,0.459,4.252,0.357,banana,fresh
52212606,51638,94.00,870.00,72.90,0.459,4.252,0.356,banana,fresh
52213618,51639,94.00,870.00,73.00,0.459,4.252,0.357,banana,fresh
52214629,51640,93.95,870.00,73.00,0.459,4.252,0.357,banana,fresh
52215640,51641,94.00,870.00,73.00,0.459,4.252,0.357,banana,fresh
52216651,51642,94.00,870.00,72.95,0.459,4.252,0.357,banana,fresh
52217662,51643,94.00,870.00,73.00,0.459,4.252,0.357,banana,fresh
52218674,51644,94.00,870.00,73.00,0.459,4.252,0.357,banana,fresh
52219684,51645,93.95,870.00,73.00,0.459,4.252,0.357,banana,fresh
52220696,51646,93.90,870.00,73.00,0.459,4.252,0.357,banana,fresh
52221707,51647,93.90,870.05,73.00,0.459,4.252,0.357,banana,fresh
52222717,51648,93.90,870.00,73.00,0.459,4.252,0.357,banana,fresh
52223729,51649,93.95,870.10,73.00,0.459,4.253,0.357,banana,fresh
52224740,51650,94.00,870.00,73.00,0.459,4.252,0.357,banana,fresh
52225752,51651,93.95,870.00,73.00,0.459,4.252,0.357,banana,fresh
52226762,51652,94.00,870.00,73.00,0.459,4.252,0.357,banana,fresh
52227773,51653,93.95,870.00,73.00,0.459,4.252,0.357,banana,fresh
52228785,51654,93.90,870.05,73.00,0.459,4.252,0.357,banana,fresh
52229795,51655,93.95,870.05,73.00,0.459,4.252,0.357,banana,fresh
52230807,51656,93.90,870.00,73.00,0.459,4.252,0.357,banana,fresh
52231818,51657,93.95,870.00,73.00,0.459,4.252,0.357,banana,fresh
52232829,51658,93.95,870.00,73.00,0.459,4.252,0.357,banana,fresh
52233840,51659,93.95,870.05,72.95,0.459,4.252,0.357,banana,fresh
52234851,51660,93.90,870.00,72.90,0.459,4.252,0.356,banana,fresh
52235863,51661,94.00,870.00,72.95,0.459,4.252,0.357,banana,fresh
52236873,51662,93.80,870.00,73.00,0.458,4.252,0.357,banana,fresh
52237885,51663,93.95,870.00,73.00,0.459,4.252,0.357,banana,fresh
52238896,51664,94.00,870.00,72.95,0.459,4.252,0.357,banana,fresh
52239907,51665,93.85,870.00,73.00,0.459,4.252,0.357,banana,fresh
52240918,51666,93.80,870.00,73.00,0.458,4.252,0.357,banana,fresh
52241929,51667,93.90,870.00,73.00,0.459,4.252,0.357,banana,fresh
52242940,51668,93.95,870.00,73.00,0.459,4.252,0.357,banana,fresh
52243951,51669,93.90,870.00,73.00,0.459,4.252,0.357,banana,fresh
52244963,51670,93.80,870.00,73.00,0.458,4.252,0.357,banana,fresh
52245974,51671,93.80,870.00,73.00,0.458,4.252,0.357,banana,fresh
52246985,51672,93.95,870.00,73.00,0.459,4.252,0.357,banana,fresh
52247996,51673,93.90,870.00,73.05,0.459,4.252,0.357,banana,fresh
52249007,51674,94.00,870.00,73.00,0.459,4.252,0.357,banana,fresh
52250018,51675,94.00,870.00,73.00,0.459,4.252,0.357,banana,fresh
52251029,51676,93.90,870.00,73.00,0.459,4.252,0.357,banana,fresh
52252041,51677,93.80,870.05,73.00,0.458,4.252,0.357,banana,fresh
52253051,51678,93.85,870.05,73.00,0.459,4.252,0.357,banana,fresh
52254062,51679,93.90,870.00,73.00,0.459,4.252,0.357,banana,fresh
52255074,51680,94.00,870.00,73.00,0.459,4.252,0.357,banana,fresh
52256084,51681,93.85,870.05,72.95,0.459,4.252,0.357,banana,fresh
52257096,51682,93.95,870.00,73.00,0.459,4.252,0.357,banana,fresh
52258107,51683,93.85,870.00,73.00,0.459,4.252,0.357,banana,fresh
52259119,51684,94.00,870.00,73.00,0.459,4.252,0.357,banana,fresh
52260129,51685,93.80,870.00,73.00,0.458,4.252,0.357,banana,fresh
52261140,51686,94.00,870.00,72.95,0.459,4.252,0.357,banana,fresh
52262152,51687,94.00,870.00,73.00,0.459,4.252,0.357,banana,fresh
52263162,51688,93.80,870.00,73.00,0.458,4.252,0.357,banana,fresh
52264174,51689,93.80,870.00,73.00,0.458,4.252,0.357,banana,fresh
52265185,51690,93.75,870.05,73.00,0.458,4.252,0.357,banana,fresh
52266196,51691,93.90,870.00,73.00,0.459,4.252,0.357,banana,fresh
52267207,51692,93.85,870.05,73.00,0.459,4.252,0.357,banana,fresh
52268218,51693,93.75,869.95,72.90,0.458,4.252,0.356,banana,fresh
52269230,51694,93.80,870.05,72.95,0.458,4.252,0.357,banana,fresh
52270240,51695,93.85,870.00,73.00,0.459,4.252,0.357,banana,fresh
52271252,51696,93.85,870.00,73.00,0.459,4.252,0.357,banana,fresh
52272263,51697,93.90,870.00,73.00,0.459,4.252,0.357,banana,fresh
52273274,51698,93.75,870.05,73.00,0.458,4.252,0.357,banana,fresh
52274285,51699,93.85,870.05,73.00,0.459,4.252,0.357,banana,fresh
52275296,51700,93.80,870.00,73.00,0.458,4.252,0.357,banana,fresh
52276307,51701,93.90,870.00,73.00,0.459,4.252,0.357,banana,fresh
52277318,51702,93.60,870.00,73.00,0.457,4.252,0.357,banana,fresh
52278330,51703,93.85,870.05,73.00,0.459,4.252,0.357,banana,fresh
52279341,51704,93.75,870.00,72.95,0.458,4.252,0.357,banana,fresh
52280352,51705,93.80,870.00,72.95,0.458,4.252,0.357,banana,fresh
52281363,51706,93.95,870.00,72.95,0.459,4.252,0.357,banana,fresh
52282374,51707,93.85,870.10,73.00,0.459,4.253,0.357,banana,fresh
52283385,51708,93.90,870.00,73.00,0.459,4.252,0.357,banana,fresh
52284396,51709,93.80,870.05,73.00,0.458,4.252,0.357,banana,fresh
52285408,51710,93.80,870.05,73.00,0.458,4.252,0.357,banana,fresh
52286418,51711,93.80,870.00,72.95,0.458,4.252,0.357,banana,fresh
52287429,51712,93.75,870.00,73.00,0.458,4.252,0.357,banana,fresh
52288441,51713,93.95,870.00,73.00,0.459,4.252,0.357,banana,fresh
52289452,51714,93.80,870.05,72.95,0.458,4.252,0.357,banana,fresh
52290463,51715,93.90,870.00,72.95,0.459,4.252,0.357,banana,fresh
52291474,51716,93.90,870.00,73.00,0.459,4.252,0.357,banana,fresh
52292486,51717,93.80,870.00,73.00,0.458,4.252,0.357,banana,fresh
52293496,51718,93.95,870.00,73.00,0.459,4.252,0.357,banana,fresh
52294507,51719,93.70,870.00,72.90,0.458,4.252,0.356,banana,fresh
52295519,51720,93.85,870.00,72.95,0.459,4.252,0.357,banana,fresh
52296529,51721,93.75,870.05,72.95,0.458,4.252,0.357,banana,fresh
52297541,51722,93.70,870.00,73.00,0.458,4.252,0.357,banana,fresh
52298552,51723,94.00,870.00,73.00,0.459,4.252,0.357,banana,fresh
52299564,51724,93.65,870.05,72.95,0.458,4.252,0.357,banana,fresh
52300574,51725,93.65,870.00,72.95,0.458,4.252,0.357,banana,fresh
52301585,51726,93.75,870.00,72.95,0.458,4.252,0.357,banana,fresh
52302597,51727,93.70,870.05,72.95,0.458,4.252,0.357,banana,fresh
52303607,51728,93.70,870.10,73.00,0.458,4.253,0.357,banana,fresh
52304619,51729,93.80,870.00,73.00,0.458,4.252,0.357,banana,fresh
52305630,51730,93.55,870.00,73.00,0.457,4.252,0.357,banana,fresh
52306641,51731,93.70,870.00,73.00,0.458,4.252,0.357,banana,fresh
52307652,51732,93.80,870.00,72.95,0.458,4.252,0.357,banana,fresh
52308664,51733,93.60,870.05,73.00,0.457,4.252,0.357,banana,fresh
52309675,51734,93.85,870.10,73.00,0.459,4.253,0.357,banana,fresh
52310685,51735,93.70,870.00,73.00,0.458,4.252,0.357,banana,fresh
52311697,51736,93.80,870.05,73.00,0.458,4.252,0.357,banana,fresh
52312708,51737,93.65,870.00,72.95,0.458,4.252,0.357,banana,fresh
52313719,51738,93.70,870.00,73.00,0.458,4.252,0.357,banana,fresh
52314730,51739,93.55,870.00,73.00,0.457,4.252,0.357,banana,fresh
52315742,51740,93.65,870.00,73.00,0.458,4.252,0.357,banana,fresh
52316752,51741,93.80,870.00,73.00,0.458,4.252,0.357,banana,fresh
52317763,51742,93.95,870.00,73.00,0.459,4.252,0.357,banana,fresh
52318775,51743,93.70,870.00,73.00,0.458,4.252,0.357,banana,fresh
52319785,51744,93.65,870.00,73.00,0.458,4.252,0.357,banana,fresh
52320797,51745,93.75,870.00,73.00,0.458,4.252,0.357,banana,fresh
52321808,51746,93.75,870.05,72.95,0.458,4.252,0.357,banana,fresh
52322820,51747,93.75,870.05,73.00,0.458,4.252,0.357,banana,fresh
52323830,51748,93.70,870.00,73.00,0.458,4.252,0.357,banana,fresh
52324841,51749,93.75,870.00,73.00,0.458,4.252,0.357,banana,fresh
52325853,51750,93.60,870.05,72.95,0.457,4.252,0.357,banana,fresh
52326863,51751,93.95,870.10,73.00,0.459,4.253,0.357,banana,fresh
52327875,51752,93.85,870.00,72.95,0.459,4.252,0.357,banana,fresh
52328886,51753,93.90,870.05,73.00,0.459,4.252,0.357,banana,fresh
52329897,51754,93.55,870.00,73.00,0.457,4.252,0.357,banana,fresh
52330908,51755,93.75,870.00,73.00,0.458,4.252,0.357,banana,fresh
52331919,51756,93.75,870.20,73.00,0.458,4.253,0.357,banana,fresh
52332931,51757,93.70,870.05,73.00,0.458,4.252,0.357,banana,fresh
52333941,51758,93.75,870.10,73.00,0.458,4.253,0.357,banana,fresh
52334953,51759,93.75,870.05,72.95,0.458,4.252,0.357,banana,fresh
52335964,51760,93.75,870.00,73.00,0.458,4.252,0.357,banana,fresh
52336975,51761,93.90,870.05,73.00,0.459,4.252,0.357,banana,fresh
52337986,51762,93.75,870.15,73.00,0.458,4.253,0.357,banana,fresh
52338997,51763,93.85,870.05,73.00,0.459,4.252,0.357,banana,fresh
52340008,51764,93.75,870.00,73.00,0.458,4.252,0.357,banana,fresh
52341019,51765,93.70,870.00,73.00,0.458,4.252,0.357,banana,fresh
52342031,51766,93.85,870.00,73.00,0.459,4.252,0.357,banana,fresh
52343042,51767,93.75,870.10,73.00,0.458,4.253,0.357,banana,fresh
52344053,51768,93.65,870.00,73.00,0.458,4.252,0.357,banana,fresh
52345064,51769,93.75,870.00,73.05,0.458,4.252,0.357,banana,fresh
52346075,51770,93.75,870.10,73.00,0.458,4.253,0.357,banana,fresh
52347086,51771,93.80,870.00,73.00,0.458,4.252,0.357,banana,fresh
52348097,51772,93.75,870.15,73.00,0.458,4.253,0.357,banana,fresh
52349109,51773,93.80,870.15,73.00,0.458,4.253,0.357,banana,fresh
52350119,51774,93.70,870.05,73.00,0.458,4.252,0.357,banana,fresh
52351131,51775,93.70,870.05,72.95,0.458,4.252,0.357,banana,fresh
52352142,51776,93.75,870.05,73.00,0.458,4.252,0.357,banana,fresh
52353153,51777,93.70,870.00,73.00,0.458,4.252,0.357,banana,fresh
52354164,51778,93.80,870.00,73.00,0.458,4.252,0.357,banana,fresh
52355175,51779,93.70,870.10,72.95,0.458,4.253,0.357,banana,fresh
52356187,51780,93.70,870.00,72.95,0.458,4.252,0.357,banana,fresh
52357197,51781,93.85,870.15,73.00,0.459,4.253,0.357,banana,fresh
52358209,51782,93.85,870.05,73.00,0.459,4.252,0.357,banana,fresh
52359220,51783,93.65,870.15,73.00,0.458,4.253,0.357,banana,fresh
52360230,51784,93.80,870.00,73.00,0.458,4.252,0.357,banana,fresh
52361242,51785,93.75,870.15,73.00,0.458,4.253,0.357,banana,fresh
52362253,51786,93.75,870.10,72.95,0.458,4.253,0.357,banana,fresh
52363265,51787,93.60,870.20,73.00,0.457,4.253,0.357,banana,fresh
52364275,51788,93.70,870.15,73.00,0.458,4.253,0.357,banana,fresh
52365287,51789,93.85,870.15,73.00,0.459,4.253,0.357,banana,fresh
52366298,51790,93.65,870.20,73.00,0.458,4.253,0.357,banana,fresh
52367308,51791,93.60,870.05,73.00,0.457,4.252,0.357,banana,fresh
52368320,51792,93.65,870.20,72.95,0.458,4.253,0.357,banana,fresh
52369331,51793,93.85,870.05,73.00,0.459,4.252,0.357,banana,fresh
52370342,51794,93.75,870.20,73.00,0.458,4.253,0.357,banana,fresh
52371353,51795,93.75,870.00,73.00,0.458,4.252,0.357,banana,fresh
52372365,51796,93.80,870.10,73.00,0.458,4.253,0.357,banana,fresh
52373376,51797,93.80,870.15,73.00,0.458,4.253,0.357,banana,fresh
52374386,51798,93.70,870.20,73.00,0.458,4.253,0.357,banana,fresh
52375398,51799,93.80,870.05,72.95,0.458,4.252,0.357,banana,fresh
52376409,51800,93.70,870.10,73.00,0.458,4.253,0.357,banana,fresh
52377420,51801,93.65,870.15,73.00,0.458,4.253,0.357,banana,fresh
52378431,51802,93.70,870.15,73.00,0.458,4.253,0.357,banana,fresh
52379443,51803,93.90,870.15,73.00,0.459,4.253,0.357,banana,fresh
52380453,51804,93.90,870.20,73.00,0.459,4.253,0.357,banana,fresh
52381464,51805,93.85,870.15,73.00,0.459,4.253,0.357,banana,fresh
52382476,51806,93.75,870.20,73.00,0.458,4.253,0.357,banana,fresh
52383486,51807,93.85,870.15,73.00,0.459,4.253,0.357,banana,fresh
52384498,51808,93.85,870.15,73.00,0.459,4.253,0.357,banana,fresh
52385509,51809,93.85,870.10,73.00,0.459,4.253,0.357,banana,fresh
52386521,51810,93.85,870.15,73.00,0.459,4.253,0.357,banana,fresh
52387531,51811,93.75,870.05,73.00,0.458,4.252,0.357,banana,fresh
52388542,51812,93.75,870.05,73.00,0.458,4.252,0.357,banana,fresh
52389554,51813,93.90,870.10,73.00,0.459,4.253,0.357,banana,fresh
52390564,51814,93.80,870.25,73.00,0.458,4.253,0.357,banana,fresh
52391576,51815,93.80,870.30,73.00,0.458,4.254,0.357,banana,fresh
52392587,51816,93.75,870.05,73.00,0.458,4.252,0.357,banana,fresh
52393598,51817,93.90,870.15,73.00,0.459,4.253,0.357,banana,fresh
52394609,51818,93.80,870.20,72.95,0.458,4.253,0.357,banana,fresh
52395621,51819,93.85,870.30,73.00,0.459,4.254,0.357,banana,fresh
52396632,51820,93.75,870.10,73.05,0.458,4.253,0.357,banana,fresh
52397642,51821,93.90,870.20,73.00,0.459,4.253,0.357,banana,fresh
52398654,51822,93.65,870.15,73.00,0.458,4.253,0.357,banana,fresh
52399665,51823,93.80,870.15,73.00,0.458,4.253,0.357,banana,fresh
52400676,51824,93.75,870.35,73.00,0.458,4.254,0.357,banana,fresh
52401687,51825,93.85,870.15,73.00,0.459,4.253,0.357,banana,fresh
52402699,51826,93.85,870.35,73.00,0.459,4.254,0.357,banana,fresh
52403709,51827,93.80,870.55,73.00,0.458,4.255,0.357,banana,fresh
52404720,51828,93.90,870.40,73.00,0.459,4.254,0.357,banana,fresh
52405732,51829,93.80,870.30,73.00,0.458,4.254,0.357,banana,fresh
52406743,51830,93.90,870.30,73.00,0.459,4.254,0.357,banana,fresh
52407754,51831,93.80,870.25,73.00,0.458,4.253,0.357,banana,fresh
52408765,51832,93.80,870.30,73.00,0.458,4.254,0.357,banana,fresh
52409777,51833,93.85,870.25,73.00,0.459,4.253,0.357,banana,fresh
52410787,51834,93.85,870.35,73.00,0.459,4.254,0.357,banana,fresh
52411798,51835,93.90,870.25,73.00,0.459,4.253,0.357,banana,fresh
52412810,51836,93.95,870.30,73.00,0.459,4.254,0.357,banana,fresh
52413820,51837,93.85,870.40,73.00,0.459,4.254,0.357,banana,fresh
52414832,51838,93.80,870.30,73.00,0.458,4.254,0.357,banana,fresh
52415843,51839,93.90,870.25,73.00,0.459,4.253,0.357,banana,fresh
52416855,51840,93.90,870.30,73.00,0.459,4.254,0.357,banana,fresh
52417865,51841,93.95,870.50,73.00,0.459,4.255,0.357,banana,fresh
52418876,51842,93.75,870.35,73.00,0.458,4.254,0.357,banana,fresh
52419888,51843,93.75,870.30,73.00,0.458,4.254,0.357,banana,fresh
52420898,51844,93.85,870.45,73.05,0.459,4.254,0.357,banana,fresh
52421910,51845,93.90,870.30,72.95,0.459,4.254,0.357,banana,fresh
52422921,51846,93.95,870.35,73.00,0.459,4.254,0.357,banana,fresh
52423932,51847,93.80,870.65,73.00,0.458,4.255,0.357,banana,fresh
52424943,51848,93.85,870.60,73.00,0.459,4.255,0.357,banana,fresh
52425954,51849,93.85,870.20,73.00,0.459,4.253,0.357,banana,fresh
52426966,51850,93.90,870.60,73.00,0.459,4.255,0.357,banana,fresh
52427976,51851,93.90,870.50,73.00,0.459,4.255,0.357,banana,fresh
52428988,51852,93.90,870.40,73.00,0.459,4.254,0.357,banana,fresh
52429999,51853,94.00,870.70,73.00,0.459,4.256,0.357,banana,fresh
52431010,51854,93.80,870.50,73.00,0.458,4.255,0.357,banana,fresh
52432021,51855,93.85,870.40,73.00,0.459,4.254,0.357,banana,fresh
52433033,51856,93.85,870.45,73.00,0.459,4.254,0.357,banana,fresh
52434043,51857,93.75,870.65,73.00,0.458,4.255,0.357,banana,fresh
52435054,51858,93.90,870.50,73.00,0.459,4.255,0.357,banana,fresh
52436066,51859,94.00,870.35,73.00,0.459,4.254,0.357,banana,fresh
52437076,51860,94.00,870.60,73.05,0.459,4.255,0.357,banana,fresh
52438088,51861,93.90,870.50,73.00,0.459,4.255,0.357,banana,fresh
52439099,51862,93.90,870.50,73.00,0.459,4.255,0.357,banana,fresh
52440110,51863,93.95,870.55,73.00,0.459,4.255,0.357,banana,fresh
52441121,51864,93.95,870.50,73.00,0.459,4.255,0.357,banana,fresh
52442132,51865,93.90,870.60,73.00,0.459,4.255,0.357,banana,fresh
52443144,51866,94.00,870.65,73.00,0.459,4.255,0.357,banana,fresh
52444154,51867,93.95,870.50,73.00,0.459,4.255,0.357,banana,fresh
52445166,51868,94.00,870.65,73.00,0.459,4.255,0.357,banana,fresh
52446177,51869,93.95,870.75,73.05,0.459,4.256,0.357,banana,fresh
52447188,51870,94.00,870.45,73.00,0.459,4.254,0.357,banana,fresh
52448199,51871,94.00,870.70,73.00,0.459,4.256,0.357,banana,fresh
52449210,51872,93.95,870.45,73.05,0.459,4.254,0.357,banana,fresh
52450222,51873,93.80,870.70,73.00,0.458,4.256,0.357,banana,fresh
52451232,51874,93.90,870.65,73.00,0.459,4.255,0.357,banana,fresh
52452244,51875,93.95,870.60,73.00,0.459,4.255,0.357,banana,fresh
52453255,51876,93.90,870.80,73.00,0.459,4.256,0.357,banana,fresh
52454265,51877,93.95,870.65,73.00,0.459,4.255,0.357,banana,fresh
52455277,51878,93.90,870.55,73.00,0.459,4.255,0.357,banana,fresh
52456288,51879,93.90,870.65,73.00,0.459,4.255,0.357,banana,fresh
52457299,51880,93.95,870.75,73.00,0.459,4.256,0.357,banana,fresh
52458310,51881,93.95,870.60,73.00,0.459,4.255,0.357,banana,fresh
52459322,51882,93.95,870.65,73.05,0.459,4.255,0.357,banana,fresh
52460333,51883,93.95,870.70,73.00,0.459,4.256,0.357,banana,fresh
52461343,51884,93.95,870.75,73.00,0.459,4.256,0.357,banana,fresh
52462355,51885,93.90,870.60,73.00,0.459,4.255,0.357,banana,fresh
52463366,51886,93.95,870.50,73.00,0.459,4.255,0.357,banana,fresh
52464377,51887,93.95,870.60,73.00,0.459,4.255,0.357,banana,fresh
52465388,51888,94.00,870.65,73.00,0.459,4.255,0.357,banana,fresh
52466400,51889,94.00,870.90,73.00,0.459,4.257,0.357,banana,fresh
52467410,51890,94.00,870.85,73.00,0.459,4.256,0.357,banana,fresh
52468421,51891,94.00,870.65,73.00,0.459,4.255,0.357,banana,fresh
52469433,51892,93.95,870.85,73.00,0.459,4.256,0.357,banana,fresh
52470444,51893,93.85,870.80,73.00,0.459,4.256,0.357,banana,fresh
52471455,51894,93.95,870.80,73.00,0.459,4.256,0.357,banana,fresh
52472466,51895,93.95,870.75,73.00,0.459,4.256,0.357,banana,fresh
52473477,51896,93.95,870.90,73.00,0.459,4.257,0.357,banana,fresh
52474488,51897,93.95,870.85,73.00,0.459,4.256,0.357,banana,fresh
52475499,51898,93.95,870.70,73.00,0.459,4.256,0.357,banana,fresh
52476511,51899,94.00,870.85,73.00,0.459,4.256,0.357,banana,fresh
52477521,51900,94.00,870.75,73.00,0.459,4.256,0.357,banana,fresh
52478533,51901,93.95,870.75,73.00,0.459,4.256,0.357,banana,fresh
52479544,51902,93.95,870.70,73.05,0.459,4.256,0.357,banana,fresh
52480556,51903,94.00,870.90,72.95,0.459,4.257,0.357,banana,fresh
52481566,51904,93.95,870.80,73.00,0.459,4.256,0.357,banana,fresh
52482577,51905,93.90,870.75,73.05,0.459,4.256,0.357,banana,fresh
52483589,51906,93.95,870.90,73.05,0.459,4.257,0.357,banana,fresh
52484599,51907,94.00,870.70,73.00,0.459,4.256,0.357,banana,fresh
52485611,51908,93.95,870.85,73.00,0.459,4.256,0.357,banana,fresh
52486622,51909,93.95,870.70,73.00,0.459,4.256,0.357,banana,fresh
52487633,51910,94.00,870.95,73.05,0.459,4.257,0.357,banana,fresh
52488644,51911,94.00,870.95,73.05,0.459,4.257,0.357,banana,fresh
52489655,51912,93.95,870.90,73.00,0.459,4.257,0.357,banana,fresh
52490667,51913,94.00,870.80,73.05,0.459,4.256,0.357,banana,fresh
52491677,51914,94.00,870.85,73.00,0.459,4.256,0.357,banana,fresh
52492689,51915,94.00,870.80,73.00,0.459,4.256,0.357,banana,fresh
52493700,51916,94.00,870.90,73.00,0.459,4.257,0.357,banana,fresh
52494710,51917,93.95,870.85,73.15,0.459,4.256,0.358,banana,fresh
52495722,51918,93.95,870.95,73.05,0.459,4.257,0.357,banana,fresh
52496733,51919,94.00,870.95,73.10,0.459,4.257,0.357,banana,fresh
52497744,51920,94.00,870.90,73.00,0.459,4.257,0.357,banana,fresh
52498755,51921,94.00,871.00,73.05,0.459,4.257,0.357,banana,fresh
52499767,51922,94.00,870.95,73.10,0.459,4.257,0.357,banana,fresh
52500777,51923,94.00,870.85,73.00,0.459,4.256,0.357,banana,fresh
52501788,51924,94.00,871.00,73.00,0.459,4.257,0.357,banana,fresh
52502800,51925,94.00,870.90,73.15,0.459,4.257,0.358,banana,fresh
52503811,51926,94.00,870.90,73.05,0.459,4.257,0.357,banana,fresh
52504822,51927,94.00,870.95,73.05,0.459,4.257,0.357,banana,fresh
52505833,51928,94.00,870.95,73.00,0.459,4.257,0.357,banana,fresh
52506844,51929,94.00,871.00,73.10,0.459,4.257,0.357,banana,fresh
52507855,51930,94.00,870.90,73.00,0.459,4.257,0.357,banana,fresh
52508866,51931,94.00,870.95,73.00,0.459,4.257,0.357,banana,fresh
52509878,51932,94.00,871.00,73.05,0.459,4.257,0.357,banana,fresh
52510888,51933,93.95,870.90,73.10,0.459,4.257,0.357,banana,fresh
52511900,51934,94.00,870.95,73.10,0.459,4.257,0.357,banana,fresh
52512911,51935,94.00,870.90,73.00,0.459,4.257,0.357,banana,fresh
52513922,51936,94.00,870.95,73.00,0.459,4.257,0.357,banana,fresh
52514933,51937,94.00,871.00,73.10,0.459,4.257,0.357,banana,fresh
52515944,51938,94.00,870.95,73.00,0.459,4.257,0.357,banana,fresh
52516956,51939,94.00,870.95,73.00,0.459,4.257,0.357,banana,fresh
52517966,51940,94.00,871.00,73.00,0.459,4.257,0.357,banana,fresh
52518978,51941,93.95,871.00,73.00,0.459,4.257,0.357,banana,fresh
52519989,51942,94.00,871.00,73.00,0.459,4.257,0.357,banana,fresh
52520999,51943,94.00,871.00,73.00,0.459,4.257,0.357,banana,fresh
52522011,51944,94.00,870.95,73.10,0.459,4.257,0.357,banana,fresh
52523022,51945,94.00,870.95,73.05,0.459,4.257,0.357,banana,fresh
52524034,51946,94.00,870.95,73.05,0.459,4.257,0.357,banana,fresh
52525044,51947,94.00,871.00,73.10,0.459,4.257,0.357,banana,fresh
52526056,51948,93.95,871.00,73.05,0.459,4.257,0.357,banana,fresh
52527067,51949,94.00,871.00,73.10,0.459,4.257,0.357,banana,fresh
52528077,51950,94.00,870.95,73.10,0.459,4.257,0.357,banana,fresh
52529089,51951,94.00,871.00,73.15,0.459,4.257,0.358,banana,fresh
52530100,51952,94.00,870.95,73.05,0.459,4.257,0.357,banana,fresh
52531111,51953,94.00,871.00,73.05,0.459,4.257,0.357,banana,fresh
52532122,51954,94.00,871.00,73.05,0.459,4.257,0.357,banana,fresh
52533133,51955,94.05,871.00,73.05,0.460,4.257,0.357,banana,fresh
52534145,51956,94.00,871.00,73.00,0.459,4.257,0.357,banana,fresh
52535155,51957,94.00,871.00,73.10,0.459,4.257,0.357,banana,fresh
52536167,51958,94.05,870.95,73.05,0.460,4.257,0.357,banana,fresh
52537178,51959,94.05,870.95,73.10,0.460,4.257,0.357,banana,fresh
52538189,51960,94.00,870.90,73.10,0.459,4.257,0.357,banana,fresh
52539200,51961,94.05,871.00,73.10,0.460,4.257,0.357,banana,fresh
52540211,51962,94.05,871.00,73.10,0.460,4.257,0.357,banana,fresh
52541222,51963,94.00,871.00,73.05,0.459,4.257,0.357,banana,fresh
52542233,51964,94.00,871.00,73.20,0.459,4.257,0.358,banana,fresh
52543245,51965,94.00,871.00,73.25,0.459,4.257,0.358,banana,fresh
52544256,51966,94.00,871.00,73.05,0.459,4.257,0.357,banana,fresh
52545267,51967,94.10,871.00,73.10,0.460,4.257,0.357,banana,fresh
52546278,51968,94.00,871.00,73.00,0.459,4.257,0.357,banana,fresh
52547289,51969,94.05,871.00,73.20,0.460,4.257,0.358,banana,fresh
52548300,51970,94.00,871.00,73.15,0.459,4.257,0.358,banana,fresh
52549311,51971,94.00,871.00,73.05,0.459,4.257,0.357,banana,fresh
52550323,51972,94.05,871.00,73.05,0.460,4.257,0.357,banana,fresh
52551333,51973,94.05,871.00,73.10,0.460,4.257,0.357,banana,fresh
52552344,51974,94.10,871.00,73.10,0.460,4.257,0.357,banana,fresh
52553356,51975,94.00,871.00,73.05,0.459,4.257,0.357,banana,fresh
52554366,51976,94.05,871.00,73.25,0.460,4.257,0.358,banana,fresh
52555378,51977,94.00,871.00,73.05,0.459,4.257,0.357,banana,fresh
52556389,51978,94.00,871.00,73.20,0.459,4.257,0.358,banana,fresh
52557401,51979,94.05,871.05,73.25,0.460,4.257,0.358,banana,fresh
52558411,51980,94.00,871.00,73.00,0.459,4.257,0.357,banana,fresh
52559422,51981,94.05,871.00,73.00,0.460,4.257,0.357,banana,fresh
52560434,51982,94.15,871.05,73.15,0.460,4.257,0.358,banana,fresh
52561444,51983,94.05,871.00,73.20,0.460,4.257,0.358,banana,fresh
52562456,51984,94.00,871.00,73.20,0.459,4.257,0.358,banana,fresh
52563467,51985,94.05,871.05,73.15,0.460,4.257,0.358,banana,fresh
52564478,51986,94.15,871.00,73.20,0.460,4.257,0.358,banana,fresh
52565489,51987,94.05,871.05,73.25,0.460,4.257,0.358,banana,fresh
52566500,51988,94.00,871.00,73.25,0.459,4.257,0.358,banana,fresh
52567512,51989,94.05,871.00,73.20,0.460,4.257,0.358,banana,fresh
52568522,51990,94.10,871.00,73.20,0.460,4.257,0.358,banana,fresh
52569534,51991,94.10,871.00,73.30,0.460,4.257,0.358,banana,fresh
52570545,51992,94.10,871.00,73.15,0.460,4.257,0.358,banana,fresh
52571556,51993,94.10,871.00,73.20,0.460,4.257,0.358,banana,fresh
52572567,51994,94.05,871.00,73.20,0.460,4.257,0.358,banana,fresh
52573578,51995,94.00,871.00,73.15,0.459,4.257,0.358,banana,fresh
52574589,51996,94.05,871.00,73.25,0.460,4.257,0.358,banana,fresh
52575600,51997,94.10,871.05,73.15,0.460,4.257,0.358,banana,fresh
52576612,51998,94.05,871.05,73.25,0.460,4.257,0.358,banana,fresh
52577623,51999,94.05,871.00,73.25,0.460,4.257,0.358,banana,fresh
52578634,52000,94.20,871.00,73.30,0.460,4.257,0.358,banana,fresh
52579645,52001,94.05,871.00,73.30,0.460,4.257,0.358,banana,fresh
52580656,52002,94.05,871.00,73.15,0.460,4.257,0.358,banana,fresh
52581667,52003,94.10,871.00,73.25,0.460,4.257,0.358,banana,fresh
52582678,52004,94.05,871.05,73.15,0.460,4.257,0.358,banana,fresh
52583690,52005,94.20,871.00,73.25,0.460,4.257,0.358,banana,fresh
52584700,52006,94.20,871.00,73.30,0.460,4.257,0.358,banana,fresh
52585712,52007,94.20,871.00,73.25,0.460,4.257,0.358,banana,fresh
52586723,52008,94.10,871.00,73.25,0.460,4.257,0.358,banana,fresh
52587734,52009,94.10,871.00,73.10,0.460,4.257,0.357,banana,fresh
52588745,52010,94.15,871.05,73.15,0.460,4.257,0.358,banana,fresh
52589756,52011,94.00,871.05,73.45,0.459,4.257,0.359,banana,fresh
52590768,52012,94.25,871.00,73.25,0.461,4.257,0.358,banana,fresh
52591778,52013,94.05,871.00,73.35,0.460,4.257,0.359,banana,fresh
52592789,52014,94.10,871.00,73.25,0.460,4.257,0.358,banana,fresh
52593801,52015,94.10,871.00,73.30,0.460,4.257,0.358,banana,fresh
52594811,52016,94.15,871.00,73.45,0.460,4.257,0.359,banana,fresh
52595823,52017,94.10,871.00,73.25,0.460,4.257,0.358,banana,fresh
52596834,52018,94.15,871.00,73.35,0.460,4.257,0.359,banana,fresh
52597846,52019,94.20,871.00,73.45,0.460,4.257,0.359,banana,fresh
52598856,52020,94.10,871.05,73.50,0.460,4.257,0.359,banana,fresh
52599867,52021,94.15,871.00,73.50,0.460,4.257,0.359,banana,fresh
52600879,52022,94.20,871.00,73.35,0.460,4.257,0.359,banana,fresh
52601889,52023,94.40,871.05,73.45,0.461,4.257,0.359,banana,fresh
52602901,52024,94.30,871.05,73.45,0.461,4.257,0.359,banana,fresh
52603912,52025,94.35,871.10,73.40,0.461,4.258,0.359,banana,fresh
52604923,52026,94.20,871.10,73.35,0.460,4.258,0.359,banana,fresh
52605934,52027,94.20,871.05,73.40,0.460,4.257,0.359,banana,fresh
52606945,52028,94.35,871.00,73.35,0.461,4.257,0.359,banana,fresh
52607956,52029,94.25,871.10,73.45,0.461,4.258,0.359,banana,fresh
52608967,52030,94.25,871.00,73.60,0.461,4.257,0.360,banana,fresh
52609979,52031,94.25,871.00,73.40,0.461,4.257,0.359,banana,fresh
52610990,52032,94.35,871.05,73.45,0.461,4.257,0.359,banana,fresh
52612001,52033,94.25,871.05,73.40,0.461,4.257,0.359,banana,fresh
52613012,52034,94.40,871.10,73.55,0.461,4.258,0.359,banana,fresh
52614024,52035,94.20,871.05,73.50,0.460,4.257,0.359,banana,fresh
52615034,52036,94.25,871.10,73.40,0.461,4.258,0.359,banana,fresh
52616045,52037,94.25,871.05,73.55,0.461,4.257,0.359,banana,fresh
52617057,52038,94.15,871.05,73.70,0.460,4.257,0.360,banana,fresh
52618067,52039,94.25,871.00,73.45,0.461,4.257,0.359,banana,fresh
52619079,52040,94.25,871.15,73.65,0.461,4.258,0.360,banana,fresh
52620090,52041,94.35,871.10,73.50,0.461,4.258,0.359,banana,fresh
52621102,52042,94.25,871.05,73.55,0.461,4.257,0.359,banana,fresh
52622112,52043,94.35,871.10,73.35,0.461,4.258,0.359,banana,fresh
52623124,52044,94.55,871.20,73.50,0.462,4.258,0.359,banana,fresh
52624135,52045,94.35,871.05,73.50,0.461,4.257,0.359,banana,fresh
52625145,52046,94.45,871.10,73.75,0.462,4.258,0.360,banana,fresh
52626157,52047,94.30,871.05,73.70,0.461,4.257,0.360,banana,fresh
52627168,52048,94.30,871.15,73.50,0.461,4.258,0.359,banana,fresh
52628179,52049,94.45,871.15,73.70,0.462,4.258,0.360,banana,fresh
52629190,52050,94.45,871.25,73.70,0.462,4.258,0.360,banana,fresh
52630202,52051,94.40,871.15,73.65,0.461,4.258,0.360,banana,fresh
52631213,52052,94.25,871.05,73.50,0.461,4.257,0.359,banana,fresh
52632223,52053,94.20,871.30,73.60,0.460,4.259,0.360,banana,fresh
52633235,52054,94.30,871.05,73.65,0.461,4.257,0.360,banana,fresh
52634246,52055,94.50,871.25,73.60,0.462,4.258,0.360,banana,fresh
52635257,52056,94.50,871.10,73.50,0.462,4.258,0.359,banana,fresh
52636268,52057,94.40,871.10,73.70,0.461,4.258,0.360,banana,fresh
52637280,52058,94.55,871.30,73.55,0.462,4.259,0.359,banana,fresh
52638290,52059,94.40,871.10,73.60,0.461,4.258,0.360,banana,fresh
52639301,52060,94.35,871.10,73.65,0.461,4.258,0.360,banana,fresh
52640313,52061,94.60,871.15,73.85,0.462,4.258,0.361,banana,fresh
52641324,52062,94.60,871.15,73.90,0.462,4.258,0.361,banana,fresh
52642335,52063,94.30,871.20,73.65,0.461,4.258,0.360,banana,fresh
52643346,52064,94.45,871.25,73.50,0.462,4.258,0.359,banana,fresh
52644358,52065,94.80,871.10,73.70,0.463,4.258,0.360,banana,fresh
52645368,52066,94.60,871.05,73.70,0.462,4.257,0.360,banana,fresh
52646379,52067,94.50,871.10,73.80,0.462,4.258,0.361,banana,fresh
52647391,52068,94.55,871.15,73.65,0.462,4.258,0.360,banana,fresh
52648401,52069,94.60,871.05,73.75,0.462,4.257,0.360,banana,fresh
52649413,52070,94.45,871.25,73.60,0.462,4.258,0.360,banana,fresh
52650424,52071,94.65,871.25,73.65,0.463,4.258,0.360,banana,fresh
52651436,52072,94.60,871.35,73.65,0.462,4.259,0.360,banana,fresh
52652446,52073,94.80,871.20,73.75,0.463,4.258,0.360,banana,fresh
52653458,52074,94.35,871.20,73.60,0.461,4.258,0.360,banana,fresh
52654469,52075,94.60,871.25,73.75,0.462,4.258,0.360,banana,fresh
52655479,52076,94.65,871.25,73.70,0.463,4.258,0.360,banana,fresh
52656491,52077,94.60,871.25,73.60,0.462,4.258,0.360,banana,fresh
52657502,52078,94.40,871.40,73.80,0.461,4.259,0.361,banana,fresh
52658513,52079,94.60,871.40,73.70,0.462,4.259,0.360,banana,fresh
52659524,52080,94.60,871.25,73.80,0.462,4.258,0.361,banana,fresh
52660536,52081,94.75,871.25,73.65,0.463,4.258,0.360,banana,fresh
52661547,52082,94.55,871.25,73.75,0.462,4.258,0.360,banana,fresh
52662557,52083,94.50,871.30,73.55,0.462,4.259,0.359,banana,fresh
52663569,52084,94.55,871.40,73.80,0.462,4.259,0.361,banana,fresh
52664580,52085,94.55,871.20,73.65,0.462,4.258,0.360,banana,fresh
52665591,52086,94.55,871.30,73.75,0.462,4.259,0.360,banana,fresh
52666602,52087,94.65,871.35,73.65,0.463,4.259,0.360,banana,fresh
52667614,52088,94.70,871.40,73.90,0.463,4.259,0.361,banana,fresh
52668624,52089,94.55,871.30,73.90,0.462,4.259,0.361,banana,fresh
52669636,52090,94.50,871.20,73.95,0.462,4.258,0.361,banana,fresh
52670647,52091,94.70,871.40,74.00,0.463,4.259,0.362,banana,fresh
52671657,52092,94.70,871.25,73.85,0.463,4.258,0.361,banana,fresh
52672669,52093,94.75,871.45,73.90,0.463,4.259,0.361,banana,fresh
52673680,52094,94.75,871.45,73.80,0.463,4.259,0.361,banana,fresh
52674692,52095,94.80,871.20,73.75,0.463,4.258,0.360,banana,fresh
52675702,52096,94.60,871.50,73.80,0.462,4.260,0.361,banana,fresh
52676714,52097,94.80,871.55,73.80,0.463,4.260,0.361,banana,fresh
52677725,52098,94.85,871.50,73.75,0.464,4.260,0.360,banana,fresh
52678735,52099,94.95,871.50,73.85,0.464,4.260,0.361,banana,fresh
52679747,52100,94.75,871.40,73.80,0.463,4.259,0.361,banana,fresh
52680758,52101,94.70,871.35,73.90,0.463,4.259,0.361,banana,fresh
52681769,52102,94.70,871.45,74.00,0.463,4.259,0.362,banana,fresh
52682780,52103,94.75,871.50,73.80,0.463,4.260,0.361,banana,fresh
52683792,52104,94.75,871.45,73.85,0.463,4.259,0.361,banana,fresh
52684803,52105,94.80,871.65,73.85,0.463,4.260,0.361,banana,fresh
52685813,52106,94.90,871.45,73.70,0.464,4.259,0.360,banana,fresh
52686825,52107,94.80,871.55,73.95,0.463,4.260,0.361,banana,fresh
52687836,52108,94.65,871.55,73.90,0.463,4.260,0.361,banana,fresh
52688847,52109,94.90,871.45,73.90,0.464,4.259,0.361,banana,fresh
52689858,52110,94.90,871.80,73.95,0.464,4.261,0.361,banana,fresh
52690870,52111,94.85,871.60,73.95,0.464,4.260,0.361,banana,fresh
52691880,52112,94.90,871.50,73.95,0.464,4.260,0.361,banana,fresh
52692891,52113,94.95,871.60,73.90,0.464,4.260,0.361,banana,fresh
52693903,52114,94.90,871.60,73.95,0.464,4.260,0.361,banana,fresh
52694914,52115,94.85,871.60,73.90,0.464,4.260,0.361,banana,fresh
52695925,52116,94.95,871.75,73.85,0.464,4.261,0.361,banana,fresh
52696936,52117,94.90,871.35,73.85,0.464,4.259,0.361,banana,fresh
52697948,52118,94.85,871.45,74.00,0.464,4.259,0.362,banana,fresh
52698958,52119,94.95,871.70,73.85,0.464,4.261,0.361,banana,fresh
52699970,52120,94.95,871.60,73.90,0.464,4.260,0.361,banana,fresh
52700981,52121,94.75,871.70,74.00,0.463,4.261,0.362,banana,fresh
52701991,52122,94.85,871.75,73.90,0.464,4.261,0.361,banana,fresh
52703003,52123,94.90,871.75,73.95,0.464,4.261,0.361,banana,fresh
52704014,52124,94.90,871.60,73.95,0.464,4.260,0.361,banana,fresh
52705026,52125,94.85,871.60,73.90,0.464,4.260,0.361,banana,fresh
52706036,52126,95.00,871.50,74.00,0.464,4.260,0.362,banana,fresh
52707048,52127,94.90,871.50,73.95,0.464,4.260,0.361,banana,fresh
52708059,52128,94.95,871.70,74.00,0.464,4.261,0.362,banana,fresh
52709069,52129,94.95,871.70,73.90,0.464,4.261,0.361,banana,fresh
52710081,52130,94.85,871.65,73.90,0.464,4.260,0.361,banana,fresh
52711092,52131,95.00,871.70,74.00,0.464,4.261,0.362,banana,fresh
52712103,52132,94.85,871.55,74.00,0.464,4.260,0.362,banana,fresh
52713114,52133,94.95,871.75,74.00,0.464,4.261,0.362,banana,fresh
52714126,52134,94.95,871.70,74.00,0.464,4.261,0.362,banana,fresh
52715137,52135,95.00,871.75,74.00,0.464,4.261,0.362,banana,fresh
52716147,52136,94.95,871.70,73.90,0.464,4.261,0.361,banana,fresh
52717159,52137,94.90,871.85,73.95,0.464,4.261,0.361,banana,fresh
52718170,52138,94.95,871.95,74.00,0.464,4.262,0.362,banana,fresh
52719181,52139,95.00,871.80,73.95,0.464,4.261,0.361,banana,fresh
52720192,52140,94.90,871.80,73.95,0.464,4.261,0.361,banana,fresh
52721204,52141,95.00,871.85,73.95,0.464,4.261,0.361,banana,fresh
52722214,52142,94.90,871.90,74.00,0.464,4.261,0.362,banana,fresh
52723225,52143,95.00,871.85,74.00,0.464,4.261,0.362,banana,fresh
52724237,52144,95.00,871.80,74.00,0.464,4.261,0.362,banana,fresh
52725248,52145,95.00,871.90,73.90,0.464,4.261,0.361,banana,fresh
52726259,52146,95.05,871.75,73.85,0.465,4.261,0.361,banana,fresh
52727270,52147,94.95,871.65,74.00,0.464,4.260,0.362,banana,fresh
52728282,52148,94.95,871.95,74.00,0.464,4.262,0.362,banana,fresh
52729292,52149,95.00,871.90,74.00,0.464,4.261,0.362,banana,fresh
52730303,52150,94.95,871.85,74.00,0.464,4.261,0.362,banana,fresh
52731315,52151,94.95,871.90,74.00,0.464,4.261,0.362,banana,fresh
52732325,52152,95.00,871.85,74.00,0.464,4.261,0.362,banana,fresh
52733337,52153,94.95,871.80,74.00,0.464,4.261,0.362,banana,fresh
52734348,52154,95.00,871.85,74.00,0.464,4.261,0.362,banana,fresh
52735360,52155,95.00,871.90,74.00,0.464,4.261,0.362,banana,fresh
52736370,52156,95.00,871.95,73.95,0.464,4.262,0.361,banana,fresh
52737381,52157,95.00,871.85,74.00,0.464,4.261,0.362,banana,fresh
52738393,52158,95.00,871.90,73.95,0.464,4.261,0.361,banana,fresh
52739403,52159,94.90,871.85,74.00,0.464,4.261,0.362,banana,fresh
52740415,52160,95.00,871.90,73.90,0.464,4.261,0.361,banana,fresh
52741426,52161,95.00,871.60,74.00,0.464,4.260,0.362,banana,fresh
52742437,52162,95.00,871.85,74.00,0.464,4.261,0.362,banana,fresh
52743448,52163,95.00,871.65,73.90,0.464,4.260,0.361,banana,fresh
52744459,52164,94.95,871.90,74.00,0.464,4.261,0.362,banana,fresh
52745470,52165,94.95,871.75,73.95,0.464,4.261,0.361,banana,fresh
52746481,52166,95.00,871.85,73.95,0.464,4.261,0.361,banana,fresh
52747493,52167,95.00,872.00,73.95,0.464,4.262,0.361,banana,fresh
52748504,52168,95.00,871.90,74.00,0.464,4.261,0.362,banana,fresh
52749515,52169,95.00,871.90,74.00,0.464,4.261,0.362,banana,fresh
52750526,52170,95.00,871.95,73.95,0.464,4.262,0.361,banana,fresh
52751537,52171,94.95,871.80,74.00,0.464,4.261,0.362,banana,fresh
52752548,52172,95.00,871.75,74.00,0.464,4.261,0.362,banana,fresh
52753559,52173,95.00,871.90,73.95,0.464,4.261,0.361,banana,fresh
52754571,52174,95.05,871.90,73.95,0.465,4.261,0.361,banana,fresh
52755581,52175,95.00,871.90,73.95,0.464,4.261,0.361,banana,fresh
52756593,52176,95.00,871.90,74.00,0.464,4.261,0.362,banana,fresh
52757604,52177,95.00,872.00,74.00,0.464,4.262,0.362,banana,fresh
52758615,52178,95.00,871.90,73.90,0.464,4.261,0.361,banana,fresh
52759626,52179,95.00,871.95,74.00,0.464,4.262,0.362,banana,fresh
52760637,52180,94.95,871.85,73.95,0.464,4.261,0.361,banana,fresh
52761649,52181,95.00,871.90,74.00,0.464,4.261,0.362,banana,fresh
52762659,52182,95.00,871.85,73.95,0.464,4.261,0.361,banana,fresh
52763671,52183,94.95,871.90,74.00,0.464,4.261,0.362,banana,fresh
52764682,52184,94.90,871.95,73.90,0.464,4.262,0.361,banana,fresh
52765692,52185,95.00,871.85,73.95,0.464,4.261,0.361,banana,fresh
52766704,52186,95.10,871.90,74.00,0.465,4.261,0.362,banana,fresh
52767715,52187,95.00,871.80,73.95,0.464,4.261,0.361,banana,fresh
52768727,52188,95.00,871.95,73.95,0.464,4.262,0.361,banana,fresh
52769737,52189,95.00,871.85,73.95,0.464,4.261,0.361,banana,fresh
52770749,52190,95.05,871.95,73.90,0.465,4.262,0.361,banana,fresh
52771760,52191,94.90,871.95,73.95,0.464,4.262,0.361,banana,fresh
52772771,52192,94.95,871.90,73.95,0.464,4.261,0.361,banana,fresh
52773782,52193,95.00,871.85,74.00,0.464,4.261,0.362,banana,fresh
52774793,52194,95.10,871.85,73.95,0.465,4.261,0.361,banana,fresh
52775804,52195,95.00,871.85,74.00,0.464,4.261,0.362,banana,fresh
52776815,52196,95.05,871.90,73.95,0.465,4.261,0.361,banana,fresh
52777827,52197,94.95,871.85,73.95,0.464,4.261,0.361,banana,fresh
52778838,52198,94.95,871.95,73.90,0.464,4.262,0.361,banana,fresh
52779849,52199,95.00,871.80,73.95,0.464,4.261,0.361,banana,fresh
52780860,52200,95.00,871.85,73.95,0.464,4.261,0.361,banana,fresh
52781871,52201,95.00,871.85,73.95,0.464,4.261,0.361,banana,fresh
52782882,52202,95.00,872.00,74.00,0.464,4.262,0.362,banana,fresh
52783893,52203,95.00,871.95,73.95,0.464,4.262,0.361,banana,fresh
52784905,52204,95.00,871.90,74.00,0.464,4.261,0.362,banana,fresh
52785915,52205,95.00,871.80,73.95,0.464,4.261,0.361,banana,fresh
52786927,52206,95.05,871.80,73.90,0.465,4.261,0.361,banana,fresh
52787938,52207,95.00,871.90,74.00,0.464,4.261,0.362,banana,fresh
52788948,52208,95.00,871.90,74.00,0.464,4.261,0.362,banana,fresh
52789960,52209,95.00,871.80,74.00,0.464,4.261,0.362,banana,fresh
52790971,52210,95.00,872.00,74.00,0.464,4.262,0.362,banana,fresh
52791983,52211,95.05,871.85,73.90,0.465,4.261,0.361,banana,fresh
52792993,52212,95.00,871.85,74.00,0.464,4.261,0.362,banana,fresh
52794005,52213,94.95,871.85,73.90,0.464,4.261,0.361,banana,fresh
52795016,52214,94.90,871.95,74.00,0.464,4.262,0.362,banana,fresh
52796026,52215,94.95,871.85,73.95,0.464,4.261,0.361,banana,fresh
52797038,52216,95.00,871.85,74.00,0.464,4.261,0.362,banana,fresh
52798049,52217,94.95,871.85,73.95,0.464,4.261,0.361,banana,fresh
52799060,52218,94.95,871.80,74.00,0.464,4.261,0.362,banana,fresh
52800071,52219,95.00,871.90,74.00,0.464,4.261,0.362,banana,fresh
52801083,52220,94.95,871.85,74.00,0.464,4.261,0.362,banana,fresh
52802094,52221,94.95,871.95,73.95,0.464,4.262,0.361,banana,fresh
52803104,52222,94.95,871.85,73.90,0.464,4.261,0.361,banana,fresh
52804116,52223,95.05,871.95,73.95,0.465,4.262,0.361,banana,fresh
52805127,52224,95.00,871.90,73.85,0.464,4.261,0.361,banana,fresh
52806138,52225,95.00,871.80,74.00,0.464,4.261,0.362,banana,fresh
52807149,52226,94.90,871.85,73.95,0.464,4.261,0.361,banana,fresh
52808161,52227,95.00,871.90,74.00,0.464,4.261,0.362,banana,fresh
52809171,52228,95.00,871.65,74.00,0.464,4.260,0.362,banana,fresh
52810182,52229,95.00,871.90,74.00,0.464,4.261,0.362,banana,fresh
52811194,52230,94.95,871.80,74.00,0.464,4.261,0.362,banana,fresh
52812205,52231,95.00,871.80,74.00,0.464,4.261,0.362,banana,fresh
52813216,52232,95.00,871.85,74.00,0.464,4.261,0.362,banana,fresh
52814227,52233,94.95,871.70,73.85,0.464,4.261,0.361,banana,fresh
52815239,52234,95.00,871.95,73.90,0.464,4.262,0.361,banana,fresh
52816249,52235,95.00,871.75,74.00,0.464,4.261,0.362,banana,fresh
52817260,52236,95.00,871.70,73.90,0.464,4.261,0.361,banana,fresh
52818272,52237,95.00,871.70,74.00,0.464,4.261,0.362,banana,fresh
52819282,52238,95.00,871.65,74.00,0.464,4.260,0.362,banana,fresh
52820294,52239,95.00,871.90,73.95,0.464,4.261,0.361,banana,fresh
52821305,52240,95.00,871.95,74.00,0.464,4.262,0.362,banana,fresh
52822317,52241,95.05,871.95,74.00,0.465,4.262,0.362,banana,fresh
52823327,52242,95.00,871.90,74.00,0.464,4.261,0.362,banana,fresh
52824338,52243,95.00,871.80,73.95,0.464,4.261,0.361,banana,fresh
52825350,52244,95.00,871.70,74.00,0.464,4.261,0.362,banana,fresh
52826360,52245,94.95,871.95,73.90,0.464,4.262,0.361,banana,fresh
52827372,52246,94.95,871.90,73.90,0.464,4.261,0.361,banana,fresh
52828383,52247,94.95,871.90,74.00,0.464,4.261,0.362,banana,fresh
52829393,52248,95.00,871.75,73.90,0.464,4.261,0.361,banana,fresh
52830405,52249,95.00,871.75,74.00,0.464,4.261,0.362,banana,fresh
52831416,52250,94.95,871.80,73.95,0.464,4.261,0.361,banana,fresh
52832428,52251,94.90,871.95,74.00,0.464,4.262,0.362,banana,fresh
52833438,52252,94.95,871.75,74.00,0.464,4.261,0.362,banana,fresh
52834450,52253,94.95,871.90,74.00,0.464,4.261,0.362,banana,fresh
52835461,52254,94.85,871.80,73.90,0.464,4.261,0.361,banana,fresh
52836472,52255,95.00,871.95,73.85,0.464,4.262,0.361,banana,fresh
52837483,52256,95.00,871.70,73.95,0.464,4.261,0.361,banana,fresh
52838494,52257,95.05,871.70,73.90,0.465,4.261,0.361,banana,fresh
52839505,52258,95.00,871.85,73.95,0.464,4.261,0.361,banana,fresh
52840516,52259,94.95,871.95,74.00,0.464,4.262,0.362,banana,fresh
52841528,52260,94.95,871.75,73.90,0.464,4.261,0.361,banana,fresh
52842539,52261,95.00,871.85,74.00,0.464,4.261,0.362,banana,fresh
52843550,52262,94.95,871.70,73.95,0.464,4.261,0.361,banana,fresh
52844561,52263,95.00,871.75,74.00,0.464,4.261,0.362,banana,fresh
52845572,52264,95.00,871.70,73.90,0.464,4.261,0.361,banana,fresh
52846583,52265,95.00,871.90,73.95,0.464,4.261,0.361,banana,fresh
52847594,52266,94.90,872.00,74.00,0.464,4.262,0.362,banana,fresh
52848606,52267,94.95,871.85,74.00,0.464,4.261,0.362,banana,fresh
52849616,52268,95.00,871.80,73.95,0.464,4.261,0.361,banana,fresh
52850627,52269,95.00,871.90,73.90,0.464,4.261,0.361,banana,fresh
52851639,52270,94.90,871.80,73.90,0.464,4.261,0.361,banana,fresh
52852649,52271,94.95,871.80,73.85,0.464,4.261,0.361,banana,fresh
52853661,52272,95.00,871.75,74.00,0.464,4.261,0.362,banana,fresh
52854672,52273,95.00,871.85,74.00,0.464,4.261,0.362,banana,fresh
52855684,52274,94.95,871.95,74.00,0.464,4.262,0.362,banana,fresh
52856694,52275,95.00,871.75,73.85,0.464,4.261,0.361,banana,fresh
52857705,52276,94.95,872.00,73.95,0.464,4.262,0.361,banana,fresh
52858717,52277,95.00,871.75,73.95,0.464,4.261,0.361,banana,fresh
52859727,52278,95.00,871.70,73.85,0.464,4.261,0.361,banana,fresh
52860739,52279,94.95,871.90,73.90,0.464,4.261,0.361,banana,fresh
52861750,52280,94.95,871.85,74.00,0.464,4.261,0.362,banana,fresh
52862761,52281,95.00,871.75,74.00,0.464,4.261,0.362,banana,fresh
52863772,52282,94.95,871.80,73.95,0.464,4.261,0.361,banana,fresh
52864784,52283,94.95,871.90,73.90,0.464,4.261,0.361,banana,fresh
52865795,52284,95.00,871.85,74.00,0.464,4.261,0.362,banana,fresh
52866805,52285,94.95,871.85,73.85,0.464,4.261,0.361,banana,fresh
52867817,52286,94.90,871.80,73.90,0.464,4.261,0.361,banana,fresh
52868828,52287,94.90,871.80,73.95,0.464,4.261,0.361,banana,fresh
52869839,52288,94.80,871.95,73.95,0.463,4.262,0.361,banana,fresh
52870850,52289,95.00,872.00,73.95,0.464,4.262,0.361,banana,fresh
52871862,52290,95.00,871.85,73.85,0.464,4.261,0.361,banana,fresh
52872872,52291,95.00,871.80,73.85,0.464,4.261,0.361,banana,fresh
52873883,52292,94.95,871.85,73.90,0.464,4.261,0.361,banana,fresh
52874895,52293,95.00,871.95,73.85,0.464,4.262,0.361,banana,fresh
52875906,52294,95.00,871.75,73.90,0.464,4.261,0.361,banana,fresh
52876917,52295,94.90,871.85,73.85,0.464,4.261,0.361,banana,fresh
52877928,52296,95.00,871.90,73.95,0.464,4.261,0.361,banana,fresh
52878940,52297,94.95,871.90,73.90,0.464,4.261,0.361,banana,fresh
52879950,52298,95.00,871.75,74.00,0.464,4.261,0.362,banana,fresh
52880961,52299,94.85,871.90,73.85,0.464,4.261,0.361,banana,fresh
52881973,52300,95.00,871.85,73.80,0.464,4.261,0.361,banana,fresh
52882983,52301,95.00,871.95,73.85,0.464,4.262,0.361,banana,fresh
52883995,52302,94.95,871.75,73.95,0.464,4.261,0.361,banana,fresh
52885006,52303,95.00,871.90,73.90,0.464,4.261,0.361,banana,fresh
52886018,52304,94.95,871.85,73.85,0.464,4.261,0.361,banana,fresh
52887028,52305,94.95,871.85,73.95,0.464,4.261,0.361,banana,fresh
52888040,52306,95.05,871.75,73.85,0.465,4.261,0.361,banana,fresh
52889051,52307,94.95,871.80,73.95,0.464,4.261,0.361,banana,fresh
52890061,52308,94.95,871.95,74.00,0.464,4.262,0.362,banana,fresh
52891073,52309,94.95,871.95,74.00,0.464,4.262,0.362,banana,fresh
52892084,52310,94.85,871.85,73.90,0.464,4.261,0.361,banana,fresh
52893095,52311,94.95,871.85,73.95,0.464,4.261,0.361,banana,fresh
52894106,52312,95.00,871.75,73.95,0.464,4.261,0.361,banana,fresh
52895118,52313,94.90,871.90,73.80,0.464,4.261,0.361,banana,fresh
52896129,52314,94.95,871.90,73.85,0.464,4.261,0.361,banana,fresh
52897140,52315,95.00,871.80,73.90,0.464,4.261,0.361,banana,fresh
52898151,52316,94.95,871.85,73.85,0.464,4.261,0.361,banana,fresh
52899162,52317,94.95,871.90,73.90,0.464,4.261,0.361,banana,fresh
52900173,52318,94.90,871.95,73.90,0.464,4.262,0.361,banana,fresh
52901184,52319,94.95,871.85,73.90,0.464,4.261,0.361,banana,fresh
52902196,52320,94.95,871.90,74.00,0.464,4.261,0.362,banana,fresh
52903206,52321,94.95,871.90,73.85,0.464,4.261,0.361,banana,fresh
52904218,52322,94.95,871.85,74.00,0.464,4.261,0.362,banana,fresh
52905229,52323,94.90,871.90,73.85,0.464,4.261,0.361,banana,fresh
52906240,52324,94.95,871.80,73.95,0.464,4.261,0.361,banana,fresh
52907251,52325,94.95,871.80,73.90,0.464,4.261,0.361,banana,fresh
52908262,52326,95.00,871.85,73.95,0.464,4.261,0.361,banana,fresh
52909274,52327,94.95,871.95,73.85,0.464,4.262,0.361,banana,fresh
52910284,52328,94.95,871.70,74.00,0.464,4.261,0.362,banana,fresh
52911296,52329,94.95,871.90,73.85,0.464,4.261,0.361,banana,fresh
52912307,52330,94.95,871.95,73.95,0.464,4.262,0.361,banana,fresh
52913318,52331,94.95,871.90,73.95,0.464,4.261,0.361,banana,fresh
52914329,52332,94.90,871.80,73.90,0.464,4.261,0.361,banana,fresh
52915340,52333,94.90,871.90,73.95,0.464,4.261,0.361,banana,fresh
52916352,52334,94.95,871.90,73.90,0.464,4.261,0.361,banana,fresh
52917362,52335,95.00,872.00,73.70,0.464,4.262,0.360,banana,fresh
52918374,52336,94.75,871.90,73.90,0.463,4.261,0.361,banana,fresh
52919385,52337,94.90,872.00,74.00,0.464,4.262,0.362,banana,fresh
52920396,52338,95.00,871.95,73.85,0.464,4.262,0.361,banana,fresh
52921407,52339,95.00,872.00,73.95,0.464,4.262,0.361,banana,fresh
52922418,52340,94.95,871.85,73.85,0.464,4.261,0.361,banana,fresh
52923429,52341,94.80,871.95,73.90,0.463,4.262,0.361,banana,fresh
52924440,52342,95.00,871.85,73.95,0.464,4.261,0.361,banana,fresh
52925452,52343,94.95,872.00,73.90,0.464,4.262,0.361,banana,fresh
52926462,52344,95.00,871.80,73.95,0.464,4.261,0.361,banana,fresh
52927474,52345,95.00,871.95,73.90,0.464,4.262,0.361,banana,fresh
52928485,52346,95.00,871.85,73.85,0.464,4.261,0.361,banana,fresh
52929496,52347,94.95,871.85,73.90,0.464,4.261,0.361,banana,fresh
52930507,52348,94.90,871.90,73.95,0.464,4.261,0.361,banana,fresh
52931518,52349,94.95,871.80,74.00,0.464,4.261,0.362,banana,fresh
52932530,52350,94.95,871.80,73.90,0.464,4.261,0.361,banana,fresh
52933540,52351,94.90,871.95,73.90,0.464,4.262,0.361,banana,fresh
52934552,52352,94.90,871.85,73.85,0.464,4.261,0.361,banana,fresh
52935563,52353,94.85,871.90,73.80,0.464,4.261,0.361,banana,fresh
52936574,52354,94.95,871.95,73.95,0.464,4.262,0.361,banana,fresh
52937585,52355,94.95,871.85,73.90,0.464,4.261,0.361,banana,fresh
52938596,52356,94.75,871.85,73.85,0.463,4.261,0.361,banana,fresh
52939608,52357,94.90,871.85,73.95,0.464,4.261,0.361,banana,fresh
52940618,52358,94.85,871.90,73.90,0.464,4.261,0.361,banana,fresh
52941630,52359,94.95,871.85,73.95,0.464,4.261,0.361,banana,fresh
52942641,52360,95.00,871.95,73.85,0.464,4.262,0.361,banana,fresh
52943652,52361,94.90,871.85,73.90,0.464,4.261,0.361,banana,fresh
52944663,52362,94.90,871.95,73.90,0.464,4.262,0.361,banana,fresh
52945674,52363,94.85,871.85,73.85,0.464,4.261,0.361,banana,fresh
52946685,52364,94.90,871.90,74.00,0.464,4.261,0.362,banana,fresh
52947696,52365,94.90,871.95,74.00,0.464,4.262,0.362,banana,fresh
52948708,52366,94.85,871.85,74.00,0.464,4.261,0.362,banana,fresh
52949719,52367,94.95,871.85,73.95,0.464,4.261,0.361,banana,fresh
52950730,52368,94.90,871.90,74.00,0.464,4.261,0.362,banana,fresh
52951741,52369,94.85,871.95,73.90,0.464,4.262,0.361,banana,fresh
52952753,52370,94.80,871.95,73.90,0.463,4.262,0.361,banana,fresh
52953763,52371,94.90,871.80,74.00,0.464,4.261,0.362,banana,fresh
52954774,52372,95.00,871.95,73.95,0.464,4.262,0.361,banana,fresh
52955786,52373,94.95,871.95,73.80,0.464,4.262,0.361,banana,fresh
52956796,52374,94.85,871.90,73.90,0.464,4.261,0.361,banana,fresh
52957808,52375,94.80,871.95,73.85,0.463,4.262,0.361,banana,fresh
52958819,52376,94.95,871.95,73.80,0.464,4.262,0.361,banana,fresh
52959831,52377,94.75,871.90,73.85,0.463,4.261,0.361,banana,fresh
52960841,52378,94.95,871.85,73.95,0.464,4.261,0.361,banana,fresh
52961852,52379,94.85,871.85,73.95,0.464,4.261,0.361,banana,fresh
52962864,52380,94.85,871.85,74.00,0.464,4.261,0.362,banana,fresh
52963874,52381,94.80,871.90,74.00,0.463,4.261,0.362,banana,fresh
52964886,52382,94.75,872.00,73.85,0.463,4.262,0.361,banana,fresh
52965897,52383,94.85,871.85,73.95,0.464,4.261,0.361,banana,fresh
52966908,52384,94.85,871.85,73.90,0.464,4.261,0.361,banana,fresh
52967919,52385,95.00,871.95,73.90,0.464,4.262,0.361,banana,fresh
52968931,52386,94.85,871.85,73.90,0.464,4.261,0.361,banana,fresh
52969942,52387,95.00,871.95,73.95,0.464,4.262,0.361,banana,fresh
52970952,52388,94.95,871.90,73.95,0.464,4.261,0.361,banana,fresh
52971964,52389,94.80,871.95,73.95,0.463,4.262,0.361,banana,fresh
52972975,52390,94.85,871.95,73.95,0.464,4.262,0.361,banana,fresh
52973986,52391,94.95,872.00,73.95,0.464,4.262,0.361,banana,fresh
52974997,52392,94.90,871.95,73.90,0.464,4.262,0.361,banana,fresh
52976009,52393,94.80,871.95,74.00,0.463,4.262,0.362,banana,fresh
52977019,52394,95.00,871.85,73.95,0.464,4.261,0.361,banana,fresh
52978030,52395,94.80,871.90,73.90,0.463,4.261,0.361,banana,fresh
52979042,52396,94.85,872.00,74.00,0.464,4.262,0.362,banana,fresh
52980052,52397,94.85,872.00,74.00,0.464,4.262,0.362,banana,fresh
52981064,52398,94.80,871.95,73.95,0.463,4.262,0.361,banana,fresh
52982075,52399,94.90,872.00,74.00,0.464,4.262,0.362,banana,fresh
52983087,52400,94.75,872.00,73.95,0.463,4.262,0.361,banana,fresh
52984097,52401,94.90,872.00,74.00,0.464,4.262,0.362,banana,fresh
52985108,52402,94.95,872.00,73.90,0.464,4.262,0.361,banana,fresh
52986120,52403,94.80,872.00,74.00,0.463,4.262,0.362,banana,fresh
52987130,52404,94.80,872.00,73.90,0.463,4.262,0.361,banana,fresh
52988142,52405,94.95,872.00,74.00,0.464,4.262,0.362,banana,fresh
52989153,52406,94.85,872.00,73.95,0.464,4.262,0.361,banana,fresh
52990164,52407,94.80,872.00,74.00,0.463,4.262,0.362,banana,fresh
52991175,52408,94.85,872.00,73.90,0.464,4.262,0.361,banana,fresh
52992186,52409,94.75,871.95,73.95,0.463,4.262,0.361,banana,fresh
52993198,52410,94.90,872.00,73.95,0.464,4.262,0.361,banana,fresh
52994208,52411,94.95,872.00,73.90,0.464,4.262,0.361,banana,fresh
52995220,52412,94.80,872.00,74.00,0.463,4.262,0.362,banana,fresh
52996231,52413,94.90,871.95,74.00,0.464,4.262,0.362,banana,fresh
52997242,52414,94.95,872.00,73.95,0.464,4.262,0.361,banana,fresh
52998253,52415,94.70,872.00,73.95,0.463,4.262,0.361,banana,fresh
52999264,52416,94.90,872.00,74.00,0.464,4.262,0.362,banana,fresh
53000275,52417,94.85,872.00,74.00,0.464,4.262,0.362,banana,fresh
53001286,52418,94.75,872.00,74.00,0.463,4.262,0.362,banana,fresh
53002298,52419,94.90,872.00,73.95,0.464,4.262,0.361,banana,fresh
53003309,52420,94.80,872.00,73.95,0.463,4.262,0.361,banana,fresh
53004320,52421,94.80,871.95,73.95,0.463,4.262,0.361,banana,fresh
53005331,52422,94.95,871.95,74.00,0.464,4.262,0.362,banana,fresh
53006342,52423,94.85,871.95,73.95,0.464,4.262,0.361,banana,fresh
53007353,52424,94.95,872.00,73.95,0.464,4.262,0.361,banana,fresh
53008364,52425,94.85,872.00,74.00,0.464,4.262,0.362,banana,fresh
53009376,52426,94.85,872.00,74.00,0.464,4.262,0.362,banana,fresh
53010386,52427,94.90,871.95,74.00,0.464,4.262,0.362,banana,fresh
53011398,52428,94.95,871.95,74.00,0.464,4.262,0.362,banana,fresh
53012409,52429,94.95,872.00,74.00,0.464,4.262,0.362,banana,fresh
53013421,52430,94.80,872.00,74.00,0.463,4.262,0.362,banana,fresh
53014431,52431,94.65,872.00,74.00,0.463,4.262,0.362,banana,fresh
53015442,52432,94.85,872.00,73.95,0.464,4.262,0.361,banana,fresh
53016454,52433,94.80,872.00,74.00,0.463,4.262,0.362,banana,fresh
53017464,52434,94.65,872.00,73.85,0.463,4.262,0.361,banana,fresh
53018476,52435,94.70,872.00,73.95,0.463,4.262,0.361,banana,fresh
53019487,52436,94.80,871.95,74.00,0.463,4.262,0.362,banana,fresh
53020497,52437,94.90,872.00,74.00,0.464,4.262,0.362,banana,fresh
53021509,52438,94.85,872.00,73.95,0.464,4.262,0.361,banana,fresh
53022520,52439,94.65,872.00,73.90,0.463,4.262,0.361,banana,fresh
53023532,52440,94.90,872.00,73.90,0.464,4.262,0.361,banana,fresh
53024542,52441,94.75,872.00,74.00,0.463,4.262,0.362,banana,fresh
53025554,52442,94.95,872.00,73.95,0.464,4.262,0.361,banana,fresh
53026565,52443,94.70,872.00,73.95,0.463,4.262,0.361,banana,fresh
53027576,52444,94.65,872.00,74.00,0.463,4.262,0.362,banana,fresh
53028587,52445,94.85,872.00,74.00,0.464,4.262,0.362,banana,fresh
53029598,52446,94.75,872.00,74.00,0.463,4.262,0.362,banana,fresh
53030609,52447,94.70,871.95,74.00,0.463,4.262,0.362,banana,fresh
53031620,52448,94.75,871.95,73.95,0.463,4.262,0.361,banana,fresh
53032632,52449,94.85,872.00,74.00,0.464,4.262,0.362,banana,fresh
53033643,52450,94.85,872.00,73.90,0.464,4.262,0.361,banana,fresh
53034653,52451,94.95,872.00,74.00,0.464,4.262,0.362,banana,fresh
53035665,52452,94.90,872.00,73.90,0.464,4.262,0.361,banana,fresh
53036676,52453,94.75,872.00,74.00,0.463,4.262,0.362,banana,fresh
53037687,52454,94.90,872.00,73.95,0.464,4.262,0.361,banana,fresh
53038698,52455,94.70,872.00,74.00,0.463,4.262,0.362,banana,fresh
53039710,52456,94.80,872.00,74.00,0.463,4.262,0.362,banana,fresh
53040720,52457,94.95,872.00,73.95,0.464,4.262,0.361,banana,fresh
53041731,52458,94.75,872.00,74.00,0.463,4.262,0.362,banana,fresh
53042743,52459,94.80,872.00,73.95,0.463,4.262,0.361,banana,fresh
53043753,52460,94.90,872.00,73.95,0.464,4.262,0.361,banana,fresh
53044765,52461,94.70,872.00,74.00,0.463,4.262,0.362,banana,fresh
53045776,52462,94.80,872.00,74.00,0.463,4.262,0.362,banana,fresh
53046788,52463,94.85,872.00,74.00,0.464,4.262,0.362,banana,fresh
53047798,52464,94.70,872.00,73.95,0.463,4.262,0.361,banana,fresh
53048809,52465,94.85,872.00,74.00,0.464,4.262,0.362,banana,fresh
53049821,52466,94.90,872.00,74.00,0.464,4.262,0.362,banana,fresh
53050831,52467,94.85,872.00,73.95,0.464,4.262,0.361,banana,fresh
53051843,52468,94.75,872.00,74.00,0.463,4.262,0.362,banana,fresh
53052854,52469,94.75,872.00,73.95,0.463,4.262,0.361,banana,fresh
53053865,52470,94.90,872.00,74.00,0.464,4.262,0.362,banana,fresh
53054876,52471,94.95,872.00,74.00,0.464,4.262,0.362,banana,fresh
53055887,52472,94.90,872.00,74.00,0.464,4.262,0.362,banana,fresh
53056899,52473,94.85,872.00,73.95,0.464,4.262,0.361,banana,fresh
53057909,52474,94.80,872.00,73.95,0.463,4.262,0.361,banana,fresh
53058921,52475,94.90,872.05,74.00,0.464,4.262,0.362,banana,fresh
53059932,52476,94.85,872.05,73.95,0.464,4.262,0.361,banana,fresh
53060943,52477,94.70,872.00,74.00,0.463,4.262,0.362,banana,fresh
53061954,52478,94.75,872.00,74.00,0.463,4.262,0.362,banana,fresh
53062965,52479,94.80,872.00,73.95,0.463,4.262,0.361,banana,fresh
53063976,52480,94.80,872.05,74.00,0.463,4.262,0.362,banana,fresh
53064987,52481,94.85,872.00,74.00,0.464,4.262,0.362,banana,fresh
53065999,52482,94.95,872.00,74.00,0.464,4.262,0.362,banana,fresh
53067010,52483,94.95,872.00,73.95,0.464,4.262,0.361,banana,fresh
53068021,52484,94.85,872.00,74.00,0.464,4.262,0.362,banana,fresh
53069032,52485,94.85,872.05,73.95,0.464,4.262,0.361,banana,fresh
53070044,52486,94.85,872.05,73.95,0.464,4.262,0.361,banana,fresh
53071054,52487,94.90,872.00,74.00,0.464,4.262,0.362,banana,fresh
53072065,52488,94.80,872.00,74.00,0.463,4.262,0.362,banana,fresh
53073077,52489,94.85,872.05,74.00,0.464,4.262,0.362,banana,fresh
53074087,52490,94.85,872.05,74.00,0.464,4.262,0.362,banana,fresh
53075099,52491,94.90,872.05,73.85,0.464,4.262,0.361,banana,fresh
53076110,52492,94.65,872.00,74.00,0.463,4.262,0.362,banana,fresh
53077122,52493,94.75,872.00,73.95,0.463,4.262,0.361,banana,fresh
53078132,52494,94.85,872.00,74.00,0.464,4.262,0.362,banana,fresh
53079143,52495,94.90,872.00,74.00,0.464,4.262,0.362,banana,fresh
53080155,52496,94.90,872.00,73.90,0.464,4.262,0.361,banana,fresh
53081165,52497,94.75,872.10,74.00,0.463,4.262,0.362,banana,fresh
53082177,52498,94.85,872.05,73.95,0.464,4.262,0.361,banana,fresh
53083188,52499,94.75,872.10,74.00,0.463,4.262,0.362,banana,fresh
53084199,52500,94.80,872.10,74.00,0.463,4.262,0.362,banana,fresh
53085210,52501,94.95,872.10,73.95,0.464,4.262,0.361,banana,fresh
53086221,52502,94.95,872.05,73.95,0.464,4.262,0.361,banana,fresh
53087233,52503,94.80,872.10,73.95,0.463,4.262,0.361,banana,fresh
53088243,52504,94.95,872.10,74.00,0.464,4.262,0.362,banana,fresh
53089255,52505,94.95,872.00,73.90,0.464,4.262,0.361,banana,fresh
53090266,52506,94.90,872.00,74.00,0.464,4.262,0.362,banana,fresh
53091277,52507,94.75,872.00,74.00,0.463,4.262,0.362,banana,fresh
53092288,52508,94.85,872.05,74.00,0.464,4.262,0.362,banana,fresh
53093299,52509,94.75,872.00,73.85,0.463,4.262,0.361,banana,fresh
53094310,52510,94.90,872.05,73.95,0.464,4.262,0.361,banana,fresh
53095321,52511,94.90,872.00,74.00,0.464,4.262,0.362,banana,fresh
53096333,52512,94.85,872.00,73.90,0.464,4.262,0.361,banana,fresh
53097344,52513,94.85,872.00,74.00,0.464,4.262,0.362,banana,fresh
53098355,52514,95.00,872.00,74.00,0.464,4.262,0.362,banana,fresh
53099366,52515,94.75,872.05,73.90,0.463,4.262,0.361,banana,fresh
53100377,52516,94.95,872.05,73.80,0.464,4.262,0.361,banana,fresh
53101388,52517,94.80,872.10,73.90,0.463,4.262,0.361,banana,fresh
53102399,52518,94.85,872.00,73.95,0.464,4.262,0.361,banana,fresh
53103411,52519,94.95,872.00,73.90,0.464,4.262,0.361,banana,fresh
53104421,52520,94.85,872.05,73.95,0.464,4.262,0.361,banana,fresh
53105433,52521,94.85,872.00,74.00,0.464,4.262,0.362,banana,fresh
53106444,52522,94.75,872.00,73.80,0.463,4.262,0.361,banana,fresh
53107454,52523,94.85,872.00,73.85,0.464,4.262,0.361,banana,fresh
53108466,52524,94.85,872.00,73.95,0.464,4.262,0.361,banana,fresh
53109477,52525,94.80,872.10,73.80,0.463,4.262,0.361,banana,fresh
53110489,52526,94.80,872.00,73.75,0.463,4.262,0.360,banana,fresh
53111499,52527,94.80,872.00,74.00,0.463,4.262,0.362,banana,fresh
53112511,52528,94.90,872.00,73.95,0.464,4.262,0.361,banana,fresh
53113522,52529,94.95,872.00,73.75,0.464,4.262,0.360,banana,fresh
53114532,52530,94.75,872.00,73.75,0.463,4.262,0.360,banana,fresh
53115544,52531,94.80,872.00,73.95,0.463,4.262,0.361,banana,fresh
53116555,52532,94.70,872.00,73.85,0.463,4.262,0.361,banana,fresh
53117566,52533,94.80,872.05,73.85,0.463,4.262,0.361,banana,fresh
53118577,52534,94.75,872.00,73.80,0.463,4.262,0.361,banana,fresh
53119589,52535,94.75,872.00,73.75,0.463,4.262,0.360,banana,fresh
53120600,52536,94.85,872.00,73.65,0.464,4.262,0.360,banana,fresh
53121610,52537,94.70,872.00,73.50,0.463,4.262,0.359,banana,fresh
53122622,52538,94.95,872.00,73.85,0.464,4.262,0.361,banana,fresh
53123633,52539,94.80,872.00,73.70,0.463,4.262,0.360,banana,fresh
53124644,52540,94.80,872.00,73.55,0.463,4.262,0.359,banana,fresh
53125655,52541,94.70,872.00,73.70,0.463,4.262,0.360,banana,fresh
53126667,52542,94.70,872.00,73.65,0.463,4.262,0.360,banana,fresh
53127677,52543,94.80,872.00,73.85,0.463,4.262,0.361,banana,fresh
53128688,52544,94.85,872.00,73.40,0.464,4.262,0.359,banana,fresh
53129700,52545,94.75,872.00,73.70,0.463,4.262,0.360,banana,fresh
53130711,52546,94.90,872.00,73.55,0.464,4.262,0.359,banana,fresh
53131722,52547,94.70,872.00,73.70,0.463,4.262,0.360,banana,fresh
53132733,52548,94.80,872.05,73.45,0.463,4.262,0.359,banana,fresh
53133745,52549,94.75,872.00,73.55,0.463,4.262,0.359,banana,fresh
53134755,52550,94.85,872.00,73.75,0.464,4.262,0.360,banana,fresh
53135766,52551,94.65,872.00,73.50,0.463,4.262,0.359,banana,fresh
53136778,52552,94.70,872.00,73.40,0.463,4.262,0.359,banana,fresh
53137788,52553,94.60,872.00,73.50,0.462,4.262,0.359,banana,fresh
53138800,52554,94.75,872.00,73.60,0.463,4.262,0.360,banana,fresh
53139811,52555,94.95,872.05,73.45,0.464,4.262,0.359,banana,fresh
53140823,52556,94.60,872.05,73.50,0.462,4.262,0.359,banana,fresh
53141833,52557,94.60,872.00,73.45,0.462,4.262,0.359,banana,fresh
53142844,52558,94.70,872.00,73.45,0.463,4.262,0.359,banana,fresh
53143856,52559,94.70,872.00,73.65,0.463,4.262,0.360,banana,fresh
53144866,52560,94.75,872.00,73.35,0.463,4.262,0.359,banana,fresh
53145878,52561,94.70,872.05,73.40,0.463,4.262,0.359,banana,fresh
53146889,52562,94.60,872.00,73.30,0.462,4.262,0.358,banana,fresh
53147900,52563,94.50,872.00,73.55,0.462,4.262,0.359,banana,fresh
53148911,52564,94.70,872.00,73.40,0.463,4.262,0.359,banana,fresh
53149922,52565,94.65,872.00,73.55,0.463,4.262,0.359,banana,fresh
53150934,52566,94.75,872.05,73.30,0.463,4.262,0.358,banana,fresh
53151944,52567,94.65,872.05,73.45,0.463,4.262,0.359,banana,fresh
53152956,52568,94.60,872.00,73.30,0.462,4.262,0.358,banana,fresh
53153967,52569,94.50,872.00,73.35,0.462,4.262,0.359,banana,fresh
53154978,52570,94.65,872.00,73.20,0.463,4.262,0.358,banana,fresh
53155989,52571,94.50,872.05,73.30,0.462,4.262,0.358,banana,fresh
53157000,52572,94.55,872.00,73.40,0.462,4.262,0.359,banana,fresh
53158011,52573,94.75,872.00,73.25,0.463,4.262,0.358,banana,fresh
53159022,52574,94.65,872.00,73.20,0.463,4.262,0.358,banana,fresh
53160034,52575,94.55,872.05,73.25,0.462,4.262,0.358,banana,fresh
53161044,52576,94.75,872.00,73.15,0.463,4.262,0.358,banana,fresh
53162056,52577,94.45,872.00,73.30,0.462,4.262,0.358,banana,fresh
53163067,52578,94.60,872.00,73.30,0.462,4.262,0.358,banana,fresh
53164078,52579,94.70,872.00,73.25,0.463,4.262,0.358,banana,fresh
53165089,52580,94.50,872.00,73.25,0.462,4.262,0.358,banana,fresh
53166100,52581,94.50,872.00,73.15,0.462,4.262,0.358,banana,fresh
53167112,52582,94.50,872.00,73.25,0.462,4.262,0.358,banana,fresh
53168122,52583,94.40,872.00,73.20,0.461,4.262,0.358,banana,fresh
53169134,52584,94.35,871.95,73.20,0.461,4.262,0.358,banana,fresh
53170145,52585,94.55,872.00,73.10,0.462,4.262,0.357,banana,fresh
53171156,52586,94.60,872.00,73.15,0.462,4.262,0.358,banana,fresh
53172167,52587,94.55,872.00,73.10,0.462,4.262,0.357,banana,fresh
53173178,52588,94.45,872.00,73.05,0.462,4.262,0.357,banana,fresh
53174190,52589,94.75,872.00,73.20,0.463,4.262,0.358,banana,fresh
53175200,52590,94.50,872.00,73.10,0.462,4.262,0.357,banana,fresh
53176212,52591,94.35,872.00,73.15,0.461,4.262,0.358,banana,fresh
53177223,52592,94.55,872.00,73.20,0.462,4.262,0.358,banana,fresh
53178234,52593,94.60,872.00,73.05,0.462,4.262,0.357,banana,fresh
53179245,52594,94.45,872.00,73.00,0.462,4.262,0.357,banana,fresh
53180256,52595,94.50,872.00,73.15,0.462,4.262,0.358,banana,fresh
53181267,52596,94.45,872.00,73.25,0.462,4.262,0.358,banana,fresh
53182278,52597,94.60,872.00,73.10,0.462,4.262,0.357,banana,fresh
53183290,52598,94.40,871.95,73.05,0.461,4.262,0.357,banana,fresh
53184301,52599,94.45,872.00,73.05,0.462,4.262,0.357,banana,fresh
53185312,52600,94.35,872.00,73.05,0.461,4.262,0.357,banana,fresh
53186323,52601,94.60,872.00,73.15,0.462,4.262,0.358,banana,fresh
53187334,52602,94.30,872.00,73.05,0.461,4.262,0.357,banana,fresh
53188345,52603,94.35,872.00,73.20,0.461,4.262,0.358,banana,fresh
53189356,52604,94.30,872.00,73.05,0.461,4.262,0.357,banana,fresh
53190368,52605,94.45,872.00,73.00,0.462,4.262,0.357,banana,fresh
53191378,52606,94.30,871.95,73.15,0.461,4.262,0.358,banana,fresh
53192390,52607,94.50,872.00,73.20,0.462,4.262,0.358,banana,fresh
53193401,52608,94.45,872.00,73.05,0.462,4.262,0.357,banana,fresh
53194412,52609,94.40,872.00,73.00,0.461,4.262,0.357,banana,fresh
53195423,52610,94.55,872.00,73.10,0.462,4.262,0.357,banana,fresh
53196434,52611,94.45,872.00,73.00,0.462,4.262,0.357,banana,fresh
53197446,52612,94.30,872.00,73.10,0.461,4.262,0.357,banana,fresh
53198456,52613,94.45,872.00,73.10,0.462,4.262,0.357,banana,fresh
53199468,52614,94.40,871.95,73.10,0.461,4.262,0.357,banana,fresh
53200479,52615,94.20,871.95,73.00,0.460,4.262,0.357,banana,fresh
53201489,52616,94.40,872.00,73.05,0.461,4.262,0.357,banana,fresh
53202501,52617,94.40,872.00,73.00,0.461,4.262,0.357,banana,fresh
53203512,52618,94.25,872.00,73.00,0.461,4.262,0.357,banana,fresh
53204524,52619,94.15,872.00,73.05,0.460,4.262,0.357,banana,fresh
53205534,52620,94.25,872.00,73.00,0.461,4.262,0.357,banana,fresh
53206546,52621,94.35,871.95,73.05,0.461,4.262,0.357,banana,fresh
53207557,52622,94.45,872.00,73.00,0.462,4.262,0.357,banana,fresh
53208567,52623,94.15,872.00,73.10,0.460,4.262,0.357,banana,fresh
53209579,52624,94.25,872.00,73.10,0.461,4.262,0.357,banana,fresh
53210590,52625,94.15,872.00,73.00,0.460,4.262,0.357,banana,fresh
53211601,52626,94.25,872.00,73.00,0.461,4.262,0.357,banana,fresh
53212612,52627,94.15,872.00,73.00,0.460,4.262,0.357,banana,fresh
53213624,52628,94.25,871.90,73.00,0.461,4.261,0.357,banana,fresh
53214635,52629,94.35,871.95,73.00,0.461,4.262,0.357,banana,fresh
53215645,52630,94.15,872.00,73.00,0.460,4.262,0.357,banana,fresh
53216657,52631,94.20,872.00,73.00,0.460,4.262,0.357,banana,fresh
53217668,52632,94.20,872.00,73.00,0.460,4.262,0.357,banana,fresh
53218679,52633,94.30,872.00,73.00,0.461,4.262,0.357,banana,fresh
53219690,52634,94.20,872.00,73.00,0.460,4.262,0.357,banana,fresh
53220701,52635,94.20,872.00,73.00,0.460,4.262,0.357,banana,fresh
53221712,52636,94.30,872.00,73.00,0.461,4.262,0.357,banana,fresh
53222723,52637,94.15,872.00,73.00,0.460,4.262,0.357,banana,fresh
53223735,52638,94.40,871.95,73.00,0.461,4.262,0.357,banana,fresh
53224745,52639,94.20,872.00,73.00,0.460,4.262,0.357,banana,fresh
53225757,52640,94.25,872.00,73.00,0.461,4.262,0.357,banana,fresh
53226768,52641,94.25,872.00,73.00,0.461,4.262,0.357,banana,fresh
53227779,52642,94.10,872.00,73.00,0.460,4.262,0.357,banana,fresh
53228790,52643,94.10,872.00,73.00,0.460,4.262,0.357,banana,fresh
53229801,52644,94.20,871.95,73.00,0.460,4.262,0.357,banana,fresh
53230813,52645,94.10,872.05,73.00,0.460,4.262,0.357,banana,fresh
53231823,52646,94.10,872.00,73.05,0.460,4.262,0.357,banana,fresh
53232835,52647,94.10,872.00,73.00,0.460,4.262,0.357,banana,fresh
53233846,52648,94.15,872.00,73.00,0.460,4.262,0.357,banana,fresh
53234856,52649,94.15,871.95,73.00,0.460,4.262,0.357,banana,fresh
53235868,52650,94.10,872.00,73.00,0.460,4.262,0.357,banana,fresh
53236879,52651,94.10,872.00,73.00,0.460,4.262,0.357,banana,fresh
53237891,52652,94.20,872.00,73.00,0.460,4.262,0.357,banana,fresh
53238901,52653,94.20,872.00,73.00,0.460,4.262,0.357,banana,fresh
53239912,52654,94.10,872.00,73.00,0.460,4.262,0.357,banana,fresh
53240924,52655,94.00,872.00,73.00,0.459,4.262,0.357,banana,fresh
53241934,52656,94.05,871.90,73.05,0.460,4.261,0.357,banana,fresh
53242946,52657,94.10,871.90,73.00,0.460,4.261,0.357,banana,fresh
53243957,52658,94.15,872.00,73.00,0.460,4.262,0.357,banana,fresh
53244967,52659,94.15,872.00,73.00,0.460,4.262,0.357,banana,fresh
53245979,52660,94.10,871.95,73.00,0.460,4.262,0.357,banana,fresh
53246990,52661,94.05,872.00,73.00,0.460,4.262,0.357,banana,fresh
53248002,52662,94.00,872.00,73.00,0.459,4.262,0.357,banana,fresh
53249012,52663,94.15,872.00,73.00,0.460,4.262,0.357,banana,fresh
53250024,52664,94.00,872.00,73.00,0.459,4.262,0.357,banana,fresh
53251035,52665,94.10,872.00,73.00,0.460,4.262,0.357,banana,fresh
53252045,52666,94.10,871.95,73.00,0.460,4.262,0.357,banana,fresh
53253057,52667,94.15,871.95,73.00,0.460,4.262,0.357,banana,fresh
53254068,52668,94.15,871.95,73.00,0.460,4.262,0.357,banana,fresh
53255079,52669,94.10,872.00,73.00,0.460,4.262,0.357,banana,fresh
53256090,52670,94.00,872.00,73.05,0.459,4.262,0.357,banana,fresh
53257101,52671,94.05,871.95,73.00,0.460,4.262,0.357,banana,fresh
53258113,52672,94.05,871.85,73.00,0.460,4.261,0.357,banana,fresh
53259123,52673,94.00,872.00,73.00,0.459,4.262,0.357,banana,fresh
53260135,52674,94.00,871.90,73.00,0.459,4.261,0.357,banana,fresh
53261146,52675,94.05,871.95,73.00,0.460,4.262,0.357,banana,fresh
53262157,52676,94.05,872.00,73.00,0.460,4.262,0.357,banana,fresh
53263168,52677,94.05,872.00,73.00,0.460,4.262,0.357,banana,fresh
53264179,52678,94.05,871.90,73.00,0.460,4.261,0.357,banana,fresh
53265190,52679,94.05,872.00,73.00,0.460,4.262,0.357,banana,fresh
53266201,52680,94.10,871.95,73.00,0.460,4.262,0.357,banana,fresh
53267213,52681,94.00,871.80,73.00,0.459,4.261,0.357,banana,fresh
53268224,52682,94.00,872.00,73.00,0.459,4.262,0.357,banana,fresh
53269234,52683,94.15,872.00,72.95,0.460,4.262,0.357,banana,fresh
53270246,52684,94.00,872.00,73.00,0.459,4.262,0.357,banana,fresh
53271257,52685,94.00,872.00,73.00,0.459,4.262,0.357,banana,fresh
53272268,52686,94.00,872.00,73.00,0.459,4.262,0.357,banana,fresh
53273279,52687,94.05,871.95,73.00,0.460,4.262,0.357,banana,fresh
53274291,52688,94.05,872.00,72.95,0.460,4.262,0.357,banana,fresh
53275301,52689,94.15,872.00,73.00,0.460,4.262,0.357,banana,fresh
53276312,52690,94.00,871.95,73.00,0.459,4.262,0.357,banana,fresh
53277324,52691,94.05,872.00,72.95,0.460,4.262,0.357,banana,fresh
53278334,52692,94.05,871.90,73.00,0.460,4.261,0.357,banana,fresh
53279346,52693,94.05,872.00,73.00,0.460,4.262,0.357,banana,fresh
53280357,52694,94.05,872.00,72.95,0.460,4.262,0.357,banana,fresh
53281369,52695,93.95,871.95,73.00,0.459,4.262,0.357,banana,fresh
53282379,52696,94.00,871.90,73.00,0.459,4.261,0.357,banana,fresh
53283390,52697,94.00,871.95,73.00,0.459,4.262,0.357,banana,fresh
53284402,52698,94.00,872.00,73.00,0.459,4.262,0.357,banana,fresh
53285412,52699,94.05,872.00,72.95,0.460,4.262,0.357,banana,fresh
53286424,52700,94.05,871.95,72.95,0.460,4.262,0.357,banana,fresh
53287435,52701,94.00,871.85,73.00,0.459,4.261,0.357,banana,fresh
53288445,52702,94.00,872.00,72.95,0.459,4.262,0.357,banana,fresh
53289457,52703,94.00,871.95,72.95,0.459,4.262,0.357,banana,fresh
53290468,52704,94.05,872.00,73.00,0.460,4.262,0.357,banana,fresh
53291480,52705,94.00,871.95,73.00,0.459,4.262,0.357,banana,fresh
53292490,52706,94.00,871.95,73.00,0.459,4.262,0.357,banana,fresh
53293502,52707,94.00,871.90,73.00,0.459,4.261,0.357,banana,fresh
53294513,52708,94.05,871.90,73.00,0.460,4.261,0.357,banana,fresh
53295523,52709,94.00,871.90,73.00,0.459,4.261,0.357,banana,fresh
53296535,52710,94.00,871.95,73.00,0.459,4.262,0.357,banana,fresh
53297546,52711,94.00,871.85,72.95,0.459,4.261,0.357,banana,fresh
53298557,52712,94.00,871.90,73.00,0.459,4.261,0.357,banana,fresh
53299568,52713,94.00,871.95,73.00,0.459,4.262,0.357,banana,fresh
53300580,52714,93.95,872.00,72.95,0.459,4.262,0.357,banana,fresh
53301591,52715,94.05,871.90,73.00,0.460,4.261,0.357,banana,fresh
53302601,52716,93.95,872.00,72.95,0.459,4.262,0.357,banana,fresh
53303613,52717,94.00,871.90,72.95,0.459,4.261,0.357,banana,fresh
53304624,52718,94.00,872.00,72.90,0.459,4.262,0.356,banana,fresh
53305635,52719,94.00,872.00,73.00,0.459,4.262,0.357,banana,fresh
53306646,52720,94.00,871.90,72.95,0.459,4.261,0.357,banana,fresh
53307658,52721,94.00,871.95,72.90,0.459,4.262,0.356,banana,fresh
53308668,52722,94.00,871.90,72.95,0.459,4.261,0.357,banana,fresh
53309679,52723,93.95,871.90,72.90,0.459,4.261,0.356,banana,fresh
53310691,52724,94.00,871.95,72.90,0.459,4.262,0.356,banana,fresh
53311702,52725,94.00,872.00,72.90,0.459,4.262,0.356,banana,fresh
53312713,52726,93.90,871.95,73.00,0.459,4.262,0.357,banana,fresh
53313724,52727,94.00,871.85,73.00,0.459,4.261,0.357,banana,fresh
53314736,52728,94.05,872.00,73.00,0.460,4.262,0.357,banana,fresh
53315746,52729,94.00,871.90,72.95,0.459,4.261,0.357,banana,fresh
53316757,52730,94.00,872.00,72.90,0.459,4.262,0.356,banana,fresh
53317769,52731,93.95,871.90,73.00,0.459,4.261,0.357,banana,fresh
53318779,52732,93.95,871.90,72.90,0.459,4.261,0.356,banana,fresh
53319791,52733,94.00,871.80,73.00,0.459,4.261,0.357,banana,fresh
53320802,52734,94.00,871.80,72.95,0.459,4.261,0.357,banana,fresh
53321814,52735,94.00,871.90,72.90,0.459,4.261,0.356,banana,fresh
53322824,52736,94.00,871.90,72.90,0.459,4.261,0.356,banana,fresh
53323835,52737,93.95,871.90,73.00,0.459,4.261,0.357,banana,fresh
53324847,52738,94.00,871.90,72.95,0.459,4.261,0.357,banana,fresh
53325857,52739,94.00,872.00,72.95,0.459,4.262,0.357,banana,fresh
53326869,52740,94.00,871.80,72.90,0.459,4.261,0.356,banana,fresh
53327880,52741,93.95,871.95,72.90,0.459,4.262,0.356,banana,fresh
53328891,52742,94.00,871.95,73.00,0.459,4.262,0.357,banana,fresh
53329902,52743,93.90,871.85,72.85,0.459,4.261,0.356,banana,fresh
53330913,52744,94.00,871.85,72.95,0.459,4.261,0.357,banana,fresh
53331924,52745,94.00,871.95,72.95,0.459,4.262,0.357,banana,fresh
53332935,52746,94.00,871.90,72.85,0.459,4.261,0.356,banana,fresh
53333947,52747,94.00,871.80,72.65,0.459,4.261,0.355,banana,fresh
53334958,52748,93.95,871.90,72.90,0.459,4.261,0.356,banana,fresh
53335969,52749,93.95,871.85,72.90,0.459,4.261,0.356,banana,fresh
53336980,52750,93.90,871.80,72.85,0.459,4.261,0.356,banana,fresh
53337991,52751,94.00,872.00,72.95,0.459,4.262,0.357,banana,fresh
53339002,52752,94.00,871.85,72.85,0.459,4.261,0.356,banana,fresh
53340013,52753,93.90,871.85,72.85,0.459,4.261,0.356,banana,fresh
53341025,52754,93.90,871.90,72.75,0.459,4.261,0.356,banana,fresh
53342035,52755,93.95,871.90,72.95,0.459,4.261,0.357,banana,fresh
53343047,52756,93.90,871.90,72.95,0.459,4.261,0.357,banana,fresh
53344058,52757,94.00,871.80,72.80,0.459,4.261,0.356,banana,fresh
53345069,52758,93.90,871.75,72.75,0.459,4.261,0.356,banana,fresh
53346080,52759,93.90,871.75,72.85,0.459,4.261,0.356,banana,fresh
53347091,52760,94.00,871.90,72.90,0.459,4.261,0.356,banana,fresh
53348103,52761,93.95,871.85,72.85,0.459,4.261,0.356,banana,fresh
53349113,52762,93.85,871.80,72.80,0.459,4.261,0.356,banana,fresh
53350125,52763,93.80,871.85,72.90,0.458,4.261,0.356,banana,fresh
53351136,52764,93.75,871.85,72.90,0.458,4.261,0.356,banana,fresh
53352146,52765,93.95,871.80,73.00,0.459,4.261,0.357,banana,fresh
53353158,52766,93.90,871.85,72.85,0.459,4.261,0.356,banana,fresh
53354169,52767,93.95,871.90,72.80,0.459,4.261,0.356,banana,fresh
53355181,52768,93.85,871.80,72.90,0.459,4.261,0.356,banana,fresh
53356191,52769,93.95,871.90,72.85,0.459,4.261,0.356,banana,fresh
53357203,52770,93.85,871.95,72.70,0.459,4.262,0.355,banana,fresh
53358214,52771,93.85,871.85,72.95,0.459,4.261,0.357,banana,fresh
53359225,52772,93.85,871.70,72.75,0.459,4.261,0.356,banana,fresh
53360236,52773,93.90,871.85,72.95,0.459,4.261,0.357,banana,fresh
53361247,52774,93.85,871.85,72.85,0.459,4.261,0.356,banana,fresh
53362258,52775,93.90,871.80,72.80,0.459,4.261,0.356,banana,fresh
53363269,52776,93.90,871.75,72.80,0.459,4.261,0.356,banana,fresh
53364281,52777,93.75,871.75,72.75,0.458,4.261,0.356,banana,fresh
53365292,52778,93.85,871.75,72.85,0.459,4.261,0.356,banana,fresh
53366303,52779,93.85,871.65,72.70,0.459,4.260,0.355,banana,fresh
53367314,52780,93.70,871.80,72.70,0.458,4.261,0.355,banana,fresh
53368325,52781,93.90,871.75,72.80,0.459,4.261,0.356,banana,fresh
53369336,52782,93.85,871.95,72.70,0.459,4.262,0.355,banana,fresh
53370347,52783,93.65,871.70,72.65,0.458,4.261,0.355,banana,fresh
53371359,52784,93.85,871.75,72.65,0.459,4.261,0.355,banana,fresh
53372369,52785,93.80,871.80,72.90,0.458,4.261,0.356,banana,fresh
53373381,52786,93.60,871.70,72.60,0.457,4.261,0.355,banana,fresh
53374392,52787,93.80,871.75,72.80,0.458,4.261,0.356,banana,fresh
53375403,52788,93.85,871.90,72.90,0.459,4.261,0.356,banana,fresh
53376414,52789,93.65,871.80,72.75,0.458,4.261,0.356,banana,fresh
53377425,52790,93.85,871.60,72.55,0.459,4.260,0.355,banana,fresh
53378437,52791,93.75,871.85,72.70,0.458,4.261,0.355,banana,fresh
53379447,52792,93.75,871.65,72.55,0.458,4.260,0.355,banana,fresh
53380459,52793,93.85,871.75,72.65,0.459,4.261,0.355,banana,fresh
53381470,52794,93.75,871.75,72.60,0.458,4.261,0.355,banana,fresh
53382481,52795,93.80,871.80,72.65,0.458,4.261,0.355,banana,fresh
53383492,52796,93.70,871.60,72.45,0.458,4.260,0.354,banana,fresh
53384503,52797,93.65,871.70,72.65,0.458,4.261,0.355,banana,fresh
53385515,52798,93.60,871.70,72.50,0.457,4.261,0.354,banana,fresh
53386525,52799,93.45,871.75,72.85,0.457,4.261,0.356,banana,fresh
53387537,52800,93.85,871.65,72.65,0.459,4.260,0.355,banana,fresh
53388548,52801,93.60,871.50,72.55,0.457,4.260,0.355,banana,fresh
53389559,52802,93.70,871.80,72.65,0.458,4.261,0.355,banana,fresh
53390570,52803,93.60,871.80,72.55,0.457,4.261,0.355,banana,fresh
53391581,52804,93.55,871.80,72.70,0.457,4.261,0.355,banana,fresh
53392592,52805,93.65,871.80,72.70,0.458,4.261,0.355,banana,fresh
53393603,52806,93.70,871.70,72.50,0.458,4.261,0.354,banana,fresh
53394615,52807,93.65,871.65,72.45,0.458,4.260,0.354,banana,fresh
53395625,52808,93.70,871.65,72.55,0.458,4.260,0.355,banana,fresh
53396637,52809,93.65,871.60,72.75,0.458,4.260,0.356,banana,fresh
53397648,52810,93.60,871.70,72.60,0.457,4.261,0.355,banana,fresh
53398660,52811,93.60,871.75,72.55,0.457,4.261,0.355,banana,fresh
53399670,52812,93.90,871.60,72.50,0.459,4.260,0.354,banana,fresh
53400681,52813,93.65,871.65,72.50,0.458,4.260,0.354,banana,fresh
53401693,52814,93.55,871.90,72.45,0.457,4.261,0.354,banana,fresh
53402703,52815,93.30,871.70,72.50,0.456,4.261,0.354,banana,fresh
53403715,52816,93.45,871.85,72.60,0.457,4.261,0.355,banana,fresh
53404726,52817,93.50,871.65,72.40,0.457,4.260,0.354,banana,fresh
53405737,52818,93.60,871.75,72.70,0.457,4.261,0.355,banana,fresh
53406748,52819,93.60,871.60,72.45,0.457,4.260,0.354,banana,fresh
53407759,52820,93.45,871.65,72.55,0.457,4.260,0.355,banana,fresh
53408771,52821,93.55,871.50,72.40,0.457,4.260,0.354,banana,fresh
53409781,52822,93.45,871.70,72.45,0.457,4.261,0.354,banana,fresh
53410793,52823,93.45,871.50,72.60,0.457,4.260,0.355,banana,fresh
53411804,52824,93.50,871.60,72.50,0.457,4.260,0.354,banana,fresh
53412815,52825,93.40,871.50,72.55,0.457,4.260,0.355,banana,fresh
53413826,52826,93.65,871.60,72.45,0.458,4.260,0.354,banana,fresh
53414837,52827,93.45,871.60,72.65,0.457,4.260,0.355,banana,fresh
53415848,52828,93.40,871.70,72.50,0.457,4.261,0.354,banana,fresh
53416859,52829,93.40,871.65,72.35,0.457,4.260,0.354,banana,fresh
53417871,52830,93.45,871.50,72.45,0.457,4.260,0.354,banana,fresh
53418882,52831,93.45,871.80,72.45,0.457,4.261,0.354,banana,fresh
53419893,52832,93.40,871.50,72.50,0.457,4.260,0.354,banana,fresh
53420904,52833,93.40,871.30,72.40,0.457,4.259,0.354,banana,fresh
53421916,52834,93.40,871.45,72.45,0.457,4.259,0.354,banana,fresh
53422926,52835,93.25,871.65,72.55,0.456,4.260,0.355,banana,fresh
53423937,52836,93.30,871.55,72.55,0.456,4.260,0.355,banana,fresh
53424949,52837,93.30,871.45,72.35,0.456,4.259,0.354,banana,fresh
53425959,52838,93.50,871.75,72.30,0.457,4.261,0.353,banana,fresh
53426971,52839,93.30,871.80,72.55,0.456,4.261,0.355,banana,fresh
53427982,52840,93.45,871.65,72.25,0.457,4.260,0.353,banana,fresh
53428994,52841,93.30,871.60,72.45,0.456,4.260,0.354,banana,fresh
53430004,52842,93.40,871.70,72.40,0.457,4.261,0.354,banana,fresh
53431015,52843,93.35,871.65,72.35,0.456,4.260,0.354,banana,fresh
53432027,52844,93.55,871.50,72.35,0.457,4.260,0.354,banana,fresh
53433037,52845,93.30,871.45,72.40,0.456,4.259,0.354,banana,fresh
53434049,52846,93.35,871.60,72.40,0.456,4.260,0.354,banana,fresh
53435060,52847,93.25,871.40,72.30,0.456,4.259,0.353,banana,fresh
53436071,52848,93.25,871.60,72.35,0.456,4.260,0.354,banana,fresh
53437082,52849,93.20,871.55,72.55,0.456,4.260,0.355,banana,fresh
53438094,52850,93.30,871.45,72.25,0.456,4.259,0.353,banana,fresh
53439105,52851,93.40,871.50,72.40,0.457,4.260,0.354,banana,fresh
53440115,52852,93.25,871.80,72.40,0.456,4.261,0.354,banana,fresh
53441127,52853,93.25,871.65,72.30,0.456,4.260,0.353,banana,fresh
53442138,52854,93.35,871.65,72.45,0.456,4.260,0.354,banana,fresh
53443149,52855,93.25,871.65,72.50,0.456,4.260,0.354,banana,fresh
53444160,52856,93.25,871.60,72.35,0.456,4.260,0.354,banana,fresh
53445172,52857,93.25,871.65,72.45,0.456,4.260,0.354,banana,fresh
53446182,52858,93.15,871.45,72.40,0.455,4.259,0.354,banana,fresh
53447193,52859,93.35,871.65,72.30,0.456,4.260,0.353,banana,fresh
53448205,52860,93.10,871.45,72.40,0.455,4.259,0.354,banana,fresh
53449216,52861,93.20,871.50,72.35,0.456,4.260,0.354,banana,fresh
53450227,52862,93.20,871.55,72.25,0.456,4.260,0.353,banana,fresh
53451238,52863,93.25,871.45,72.20,0.456,4.259,0.353,banana,fresh
53452250,52864,93.10,871.60,72.25,0.455,4.260,0.353,banana,fresh
53453260,52865,93.15,871.45,72.45,0.455,4.259,0.354,banana,fresh
53454272,52866,93.25,871.70,72.35,0.456,4.261,0.354,banana,fresh
53455283,52867,93.15,871.65,72.35,0.455,4.260,0.354,banana,fresh
53456293,52868,93.25,871.60,72.25,0.456,4.260,0.353,banana,fresh
53457305,52869,93.20,871.40,72.35,0.456,4.259,0.354,banana,fresh
53458316,52870,93.25,871.65,72.10,0.456,4.260,0.352,banana,fresh
53459328,52871,93.25,871.55,72.30,0.456,4.260,0.353,banana,fresh
53460338,52872,93.25,871.60,72.30,0.456,4.260,0.353,banana,fresh
53461350,52873,93.05,871.50,72.55,0.455,4.260,0.355,banana,fresh
53462361,52874,93.15,871.65,72.45,0.455,4.260,0.354,banana,fresh
53463371,52875,93.15,871.35,72.35,0.455,4.259,0.354,banana,fresh
53464383,52876,93.20,871.40,72.15,0.456,4.259,0.353,banana,fresh
53465394,52877,93.15,871.40,72.15,0.455,4.259,0.353,banana,fresh
53466405,52878,93.05,871.45,72.15,0.455,4.259,0.353,banana,fresh
53467416,52879,93.10,871.25,72.10,0.455,4.258,0.352,banana,fresh
53468428,52880,93.10,871.45,72.35,0.455,4.259,0.354,banana,fresh
53469438,52881,93.25,871.55,72.25,0.456,4.260,0.353,banana,fresh
53470450,52882,93.10,871.50,72.30,0.455,4.260,0.353,banana,fresh
53471461,52883,93.15,871.80,72.20,0.455,4.261,0.353,banana,fresh
53472472,52884,93.25,871.75,72.25,0.456,4.261,0.353,banana,fresh
53473483,52885,93.25,871.50,72.25,0.456,4.260,0.353,banana,fresh
53474494,52886,93.05,871.70,72.15,0.455,4.261,0.353,banana,fresh
53475506,52887,93.15,871.65,72.10,0.455,4.260,0.352,banana,fresh
53476516,52888,93.10,871.60,72.20,0.455,4.260,0.353,banana,fresh
53477528,52889,93.10,871.60,72.20,0.455,4.260,0.353,banana,fresh
53478539,52890,93.15,871.50,72.20,0.455,4.260,0.353,banana,fresh
53479549,52891,93.10,871.45,72.15,0.455,4.259,0.353,banana,fresh
53480561,52892,93.10,871.60,72.15,0.455,4.260,0.353,banana,fresh
53481572,52893,93.10,871.65,72.35,0.455,4.260,0.354,banana,fresh
53482584,52894,93.05,871.60,72.10,0.455,4.260,0.352,banana,fresh
53483594,52895,93.15,871.40,72.20,0.455,4.259,0.353,banana,fresh
53484606,52896,93.10,871.55,72.20,0.455,4.260,0.353,banana,fresh
53485617,52897,93.15,871.40,72.20,0.455,4.259,0.353,banana,fresh
53486627,52898,93.10,871.45,72.40,0.455,4.259,0.354,banana,fresh
53487639,52899,93.15,871.45,72.15,0.455,4.259,0.353,banana,fresh
53488650,52900,93.10,871.40,72.20,0.455,4.259,0.353,banana,fresh
53489661,52901,93.00,871.45,72.10,0.455,4.259,0.352,banana,fresh
53490672,52902,93.15,871.25,72.20,0.455,4.258,0.353,banana,fresh
53491684,52903,93.05,871.45,72.10,0.455,4.259,0.352,banana,fresh
53492695,52904,93.15,871.55,72.10,0.455,4.260,0.352,banana,fresh
53493706,52905,93.10,871.50,72.30,0.455,4.260,0.353,banana,fresh
53494717,52906,93.00,871.30,72.35,0.455,4.259,0.354,banana,fresh
53495728,52907,93.15,871.55,72.05,0.455,4.260,0.352,banana,fresh
53496739,52908,93.15,871.50,72.05,0.455,4.260,0.352,banana,fresh
53497750,52909,93.10,871.55,72.25,0.455,4.260,0.353,banana,fresh
53498762,52910,93.00,871.55,72.10,0.455,4.260,0.352,banana,fresh
53499772,52911,93.05,871.25,72.05,0.455,4.258,0.352,banana,fresh
53500784,52912,93.05,871.55,72.20,0.455,4.260,0.353,banana,fresh
53501795,52913,93.10,871.40,72.10,0.455,4.259,0.352,banana,fresh
53502806,52914,93.00,871.30,72.35,0.455,4.259,0.354,banana,fresh
53503817,52915,93.05,871.30,72.10,0.455,4.259,0.352,banana,fresh
53504828,52916,93.10,871.45,72.10,0.455,4.259,0.352,banana,fresh
53505840,52917,93.10,871.70,72.10,0.455,4.261,0.352,banana,fresh
53506850,52918,93.00,871.30,72.15,0.455,4.259,0.353,banana,fresh
53507862,52919,93.00,871.65,72.15,0.455,4.260,0.353,banana,fresh
53508873,52920,93.10,871.30,72.00,0.455,4.259,0.352,banana,fresh
53509883,52921,93.05,871.40,72.15,0.455,4.259,0.353,banana,fresh
53510895,52922,93.10,871.45,72.25,0.455,4.259,0.353,banana,fresh
53511906,52923,93.05,871.30,72.25,0.455,4.259,0.353,banana,fresh
53512918,52924,93.05,871.40,72.20,0.455,4.259,0.353,banana,fresh
53513928,52925,93.00,871.40,72.20,0.455,4.259,0.353,banana,fresh
53514940,52926,93.10,871.20,72.05,0.455,4.258,0.352,banana,fresh
53515951,52927,93.05,871.50,72.10,0.455,4.260,0.352,banana,fresh
53516961,52928,93.15,871.30,72.15,0.455,4.259,0.353,banana,fresh
53517973,52929,93.05,871.50,72.15,0.455,4.260,0.353,banana,fresh
53518984,52930,93.05,871.45,72.15,0.455,4.259,0.353,banana,fresh
53519995,52931,93.00,871.35,72.20,0.455,4.259,0.353,banana,fresh
53521006,52932,93.00,871.55,72.20,0.455,4.260,0.353,banana,fresh
53522018,52933,93.00,871.40,72.20,0.455,4.259,0.353,banana,fresh
53523028,52934,93.25,871.40,72.10,0.456,4.259,0.352,banana,fresh
53524040,52935,93.00,871.45,72.15,0.455,4.259,0.353,banana,fresh
53525051,52936,93.00,871.55,72.10,0.455,4.260,0.352,banana,fresh
53526062,52937,93.00,871.45,72.15,0.455,4.259,0.353,banana,fresh
53527073,52938,93.00,871.40,72.05,0.455,4.259,0.352,banana,fresh
53528084,52939,93.00,871.30,72.10,0.455,4.259,0.352,banana,fresh
53529096,52940,93.05,871.30,72.10,0.455,4.259,0.352,banana,fresh
53530106,52941,93.00,871.45,72.10,0.455,4.259,0.352,banana,fresh
53531117,52942,93.00,871.50,72.05,0.455,4.260,0.352,banana,fresh
53532129,52943,93.10,871.40,72.30,0.455,4.259,0.353,banana,fresh
53533139,52944,93.00,871.20,72.10,0.455,4.258,0.352,banana,fresh
53534151,52945,93.20,871.40,72.10,0.456,4.259,0.352,banana,fresh
53535162,52946,93.10,871.30,72.05,0.455,4.259,0.352,banana,fresh
53536174,52947,93.00,871.25,72.10,0.455,4.258,0.352,banana,fresh
53537184,52948,93.05,871.25,72.10,0.455,4.258,0.352,banana,fresh
53538195,52949,93.05,871.45,72.15,0.455,4.259,0.353,banana,fresh
53539207,52950,93.05,871.30,72.20,0.455,4.259,0.353,banana,fresh
53540217,52951,93.00,871.35,72.00,0.455,4.259,0.352,banana,fresh
53541229,52952,93.00,871.50,72.10,0.455,4.260,0.352,banana,fresh
53542240,52953,93.00,871.30,72.10,0.455,4.259,0.352,banana,fresh
53543251,52954,93.00,871.35,72.15,0.455,4.259,0.353,banana,fresh
53544262,52955,93.10,871.35,72.05,0.455,4.259,0.352,banana,fresh
53545273,52956,93.05,871.25,72.10,0.455,4.258,0.352,banana,fresh
53546285,52957,93.00,871.30,72.15,0.455,4.259,0.353,banana,fresh
53547295,52958,93.00,871.40,72.05,0.455,4.259,0.352,banana,fresh
53548307,52959,93.10,871.30,72.10,0.455,4.259,0.352,banana,fresh
53549318,52960,93.00,871.10,72.10,0.455,4.258,0.352,banana,fresh
53550329,52961,93.00,871.35,72.05,0.455,4.259,0.352,banana,fresh
53551340,52962,93.10,871.40,72.20,0.455,4.259,0.353,banana,fresh
53552351,52963,93.00,871.35,72.10,0.455,4.259,0.352,banana,fresh
53553362,52964,93.00,871.35,72.05,0.455,4.259,0.352,banana,fresh
53554373,52965,93.00,871.45,72.10,0.455,4.259,0.352,banana,fresh
53555385,52966,93.05,871.40,72.00,0.455,4.259,0.352,banana,fresh
53556396,52967,93.05,871.30,72.15,0.455,4.259,0.353,banana,fresh
53557407,52968,93.00,871.50,72.05,0.455,4.260,0.352,banana,fresh
53558418,52969,93.00,871.30,72.10,0.455,4.259,0.352,banana,fresh
53559430,52970,93.00,871.35,72.00,0.455,4.259,0.352,banana,fresh
53560440,52971,93.00,871.40,72.00,0.455,4.259,0.352,banana,fresh
53561451,52972,93.00,871.20,72.05,0.455,4.258,0.352,banana,fresh
53562463,52973,93.05,871.20,72.10,0.455,4.258,0.352,banana,fresh
53563473,52974,93.00,871.45,72.10,0.455,4.259,0.352,banana,fresh
53564485,52975,93.05,871.35,72.15,0.455,4.259,0.353,banana,fresh
53565496,52976,93.00,871.40,72.20,0.455,4.259,0.353,banana,fresh
53566508,52977,93.00,871.20,72.15,0.455,4.258,0.353,banana,fresh
53567518,52978,93.00,871.35,72.05,0.455,4.259,0.352,banana,fresh
53568529,52979,93.00,871.25,72.10,0.455,4.258,0.352,banana,fresh
53569541,52980,93.00,871.30,72.05,0.455,4.259,0.352,banana,fresh
53570551,52981,93.00,871.30,72.00,0.455,4.259,0.352,banana,fresh
53571563,52982,92.95,871.45,72.00,0.454,4.259,0.352,banana,fresh
53572574,52983,93.00,871.30,72.05,0.455,4.259,0.352,banana,fresh
53573585,52984,93.00,871.20,72.10,0.455,4.258,0.352,banana,fresh
53574596,52985,93.05,871.30,72.00,0.455,4.259,0.352,banana,fresh
53575607,52986,93.05,871.30,72.00,0.455,4.259,0.352,banana,fresh
53576619,52987,93.05,871.40,72.05,0.455,4.259,0.352,banana,fresh
53577629,52988,93.00,871.50,72.00,0.455,4.260,0.352,banana,fresh
53578641,52989,93.00,871.35,72.00,0.455,4.259,0.352,banana,fresh
53579652,52990,93.00,871.25,72.05,0.455,4.258,0.352,banana,fresh
53580663,52991,93.00,871.35,72.20,0.455,4.259,0.353,banana,fresh
53581674,52992,93.00,871.15,72.05,0.455,4.258,0.352,banana,fresh
53582685,52993,93.05,871.10,72.05,0.455,4.258,0.352,banana,fresh
53583696,52994,93.00,871.25,72.05,0.455,4.258,0.352,banana,fresh
53584707,52995,93.00,871.30,72.15,0.455,4.259,0.353,banana,fresh
53585719,52996,93.00,871.40,72.00,0.455,4.259,0.352,banana,fresh
53586729,52997,93.00,871.20,72.05,0.455,4.258,0.352,banana,fresh
53587741,52998,93.00,871.20,72.15,0.455,4.258,0.353,banana,fresh
53588752,52999,93.00,871.30,72.05,0.455,4.259,0.352,banana,fresh
53589763,53000,93.00,871.35,72.05,0.455,4.259,0.352,banana,fresh
53590774,53001,92.95,871.30,72.05,0.454,4.259,0.352,banana,fresh
53591785,53002,93.00,871.35,72.10,0.455,4.259,0.352,banana,fresh
53592797,53003,93.00,871.15,72.05,0.455,4.258,0.352,banana,fresh
53593807,53004,92.95,871.35,72.00,0.454,4.259,0.352,banana,fresh
53594819,53005,93.00,871.40,72.05,0.455,4.259,0.352,banana,fresh
53595830,53006,92.95,871.35,72.00,0.454,4.259,0.352,banana,fresh
53596840,53007,93.00,871.50,72.00,0.455,4.260,0.352,banana,fresh
53597852,53008,92.95,871.20,72.00,0.454,4.258,0.352,banana,fresh
53598863,53009,93.00,871.30,72.05,0.455,4.259,0.352,banana,fresh
53599875,53010,93.00,871.25,72.10,0.455,4.258,0.352,banana,fresh
53600885,53011,92.95,871.20,72.05,0.454,4.258,0.352,banana,fresh
53601897,53012,93.05,871.25,72.05,0.455,4.258,0.352,banana,fresh
53602908,53013,93.00,871.25,72.00,0.455,4.258,0.352,banana,fresh
53603918,53014,93.00,871.40,72.00,0.455,4.259,0.352,banana,fresh
53604930,53015,93.00,871.30,72.05,0.455,4.259,0.352,banana,fresh
53605941,53016,92.95,871.25,72.10,0.454,4.258,0.352,banana,fresh
53606952,53017,93.00,871.20,72.00,0.455,4.258,0.352,banana,fresh
53607963,53018,93.00,871.30,72.05,0.455,4.259,0.352,banana,fresh
53608975,53019,93.00,871.10,72.05,0.455,4.258,0.352,banana,fresh
53609986,53020,93.00,871.30,72.00,0.455,4.259,0.352,banana,fresh
53610996,53021,92.95,871.30,72.05,0.454,4.259,0.352,banana,fresh
53612008,53022,93.00,871.45,72.00,0.455,4.259,0.352,banana,fresh
53613019,53023,92.95,871.05,72.00,0.454,4.257,0.352,banana,fresh
53614030,53024,93.00,871.20,72.00,0.455,4.258,0.352,banana,fresh
53615041,53025,93.00,871.20,72.10,0.455,4.258,0.352,banana,fresh
53616053,53026,93.00,871.15,72.10,0.455,4.258,0.352,banana,fresh
53617063,53027,93.00,871.25,72.05,0.455,4.258,0.352,banana,fresh
53618074,53028,93.00,871.10,72.00,0.455,4.258,0.352,banana,fresh
53619086,53029,93.05,871.25,72.00,0.455,4.258,0.352,banana,fresh
53620097,53030,93.00,871.05,72.05,0.455,4.257,0.352,banana,fresh
53621108,53031,93.00,871.30,72.05,0.455,4.259,0.352,banana,fresh
53622119,53032,93.05,871.20,72.05,0.455,4.258,0.352,banana,fresh
53623131,53033,93.00,871.35,72.10,0.455,4.259,0.352,banana,fresh
53624141,53034,92.95,871.30,72.05,0.454,4.259,0.352,banana,fresh
53625152,53035,93.00,871.30,72.00,0.455,4.259,0.352,banana,fresh
53626164,53036,93.00,871.10,72.05,0.455,4.258,0.352,banana,fresh
53627174,53037,93.00,871.40,72.05,0.455,4.259,0.352,banana,fresh
53628186,53038,92.95,871.15,72.10,0.454,4.258,0.352,banana,fresh
53629197,53039,93.00,871.25,72.15,0.455,4.258,0.353,banana,fresh
53630209,53040,93.00,871.25,72.00,0.455,4.258,0.352,banana,fresh
53631219,53041,93.00,871.35,72.00,0.455,4.259,0.352,banana,fresh
53632230,53042,93.00,871.30,72.00,0.455,4.259,0.352,banana,fresh
53633242,53043,93.00,871.15,72.05,0.455,4.258,0.352,banana,fresh
53634252,53044,93.00,871.25,72.05,0.455,4.258,0.352,banana,fresh
53635264,53045,92.95,871.20,72.15,0.454,4.258,0.353,banana,fresh
53636275,53046,93.00,871.20,72.00,0.455,4.258,0.352,banana,fresh
53637286,53047,92.95,871.25,72.00,0.454,4.258,0.352,banana,fresh
53638297,53048,93.00,871.25,72.00,0.455,4.258,0.352,banana,fresh
53639308,53049,93.00,871.20,72.00,0.455,4.258,0.352,banana,fresh
53640320,53050,92.90,871.30,72.00,0.454,4.259,0.352,banana,fresh
53641330,53051,93.00,871.20,72.00,0.455,4.258,0.352,banana,fresh
53642342,53052,93.00,871.30,72.10,0.455,4.259,0.352,banana,fresh
53643353,53053,92.95,871.25,72.00,0.454,4.258,0.352,banana,fresh
53644364,53054,93.00,871.25,72.00,0.455,4.258,0.352,banana,fresh
53645375,53055,93.00,871.05,72.05,0.455,4.257,0.352,banana,fresh
53646386,53056,93.05,871.00,72.05,0.455,4.257,0.352,banana,fresh
53647397,53057,93.00,871.10,72.00,0.455,4.258,0.352,banana,fresh
53648408,53058,93.00,871.25,72.10,0.455,4.258,0.352,banana,fresh
53649420,53059,93.00,871.40,72.05,0.455,4.259,0.352,banana,fresh
53650430,53060,92.95,871.35,72.00,0.454,4.259,0.352,banana,fresh
53651441,53061,93.00,871.30,72.05,0.455,4.259,0.352,banana,fresh
53652453,53062,93.00,871.05,72.05,0.455,4.257,0.352,banana,fresh
53653464,53063,93.00,871.10,72.00,0.455,4.258,0.352,banana,fresh
53654475,53064,92.90,871.20,72.05,0.454,4.258,0.352,banana,fresh
53655486,53065,93.00,871.30,72.00,0.455,4.259,0.352,banana,fresh
53656498,53066,93.00,871.30,72.05,0.455,4.259,0.352,banana,fresh
53657508,53067,93.00,871.30,72.00,0.455,4.259,0.352,banana,fresh
53658519,53068,93.00,871.20,72.05,0.455,4.258,0.352,banana,fresh
53659531,53069,92.90,871.15,72.00,0.454,4.258,0.352,banana,fresh
53660541,53070,93.00,871.20,72.05,0.455,4.258,0.352,banana,fresh
53661553,53071,93.00,871.15,72.00,0.455,4.258,0.352,banana,fresh
53662564,53072,92.90,871.10,72.00,0.454,4.258,0.352,banana,fresh
53663576,53073,93.00,871.30,72.00,0.455,4.259,0.352,banana,fresh
53664586,53074,92.90,871.30,72.05,0.454,4.259,0.352,banana,fresh
53665597,53075,92.95,871.20,72.10,0.454,4.258,0.352,banana,fresh
53666609,53076,92.95,871.20,72.00,0.454,4.258,0.352,banana,fresh
53667619,53077,92.95,871.15,72.00,0.454,4.258,0.352,banana,fresh
53668631,53078,92.95,871.45,72.10,0.454,4.259,0.352,banana,fresh
53669642,53079,93.00,871.30,72.05,0.455,4.259,0.352,banana,fresh
53670653,53080,92.90,871.10,72.00,0.454,4.258,0.352,banana,fresh
53671664,53081,92.95,871.25,72.00,0.454,4.258,0.352,banana,fresh
53672675,53082,93.00,871.30,72.00,0.455,4.259,0.352,banana,fresh
53673687,53083,93.00,871.20,72.00,0.455,4.258,0.352,banana,fresh
53674697,53084,92.95,871.25,72.05,0.454,4.258,0.352,banana,fresh
53675709,53085,92.90,871.15,72.05,0.454,4.258,0.352,banana,fresh
53676720,53086,92.95,871.25,72.00,0.454,4.258,0.352,banana,fresh
53677731,53087,93.00,871.25,72.00,0.455,4.258,0.352,banana,fresh
53678742,53088,93.00,871.15,72.00,0.455,4.258,0.352,banana,fresh
53679753,53089,92.95,871.10,72.00,0.454,4.258,0.352,banana,fresh
53680764,53090,93.00,871.20,72.00,0.455,4.258,0.352,banana,fresh
53681775,53091,92.95,871.20,72.00,0.454,4.258,0.352,banana,fresh
53682787,53092,93.00,871.10,72.00,0.455,4.258,0.352,banana,fresh
53683798,53093,92.90,871.30,72.05,0.454,4.259,0.352,banana,fresh
53684809,53094,92.95,871.25,72.00,0.454,4.258,0.352,banana,fresh
53685820,53095,93.00,871.10,72.00,0.455,4.258,0.352,banana,fresh
53686831,53096,93.00,871.15,72.00,0.455,4.258,0.352,banana,fresh
53687842,53097,93.00,871.25,72.00,0.455,4.258,0.352,banana,fresh
53688853,53098,93.00,871.30,72.05,0.455,4.259,0.352,banana,fresh
53689865,53099,93.00,871.25,72.05,0.455,4.258,0.352,banana,fresh
53690875,53100,92.95,871.25,72.00,0.454,4.258,0.352,banana,fresh
53691887,53101,92.95,871.10,72.00,0.454,4.258,0.352,banana,fresh
53692898,53102,93.00,871.25,72.05,0.455,4.258,0.352,banana,fresh
53693908,53103,93.00,871.20,72.00,0.455,4.258,0.352,banana,fresh
53694920,53104,92.95,871.15,72.00,0.454,4.258,0.352,banana,fresh
53695931,53105,92.95,871.15,72.00,0.454,4.258,0.352,banana,fresh
53696943,53106,92.95,871.20,72.00,0.454,4.258,0.352,banana,fresh
53697953,53107,93.00,871.20,72.10,0.455,4.258,0.352,banana,fresh
53698965,53108,92.90,871.15,72.00,0.454,4.258,0.352,banana,fresh
53699976,53109,93.00,871.10,71.95,0.455,4.258,0.352,banana,fresh
53700986,53110,93.00,871.40,72.00,0.455,4.259,0.352,banana,fresh
53701998,53111,92.85,871.25,72.00,0.454,4.258,0.352,banana,fresh
53703009,53112,93.00,871.20,72.05,0.455,4.258,0.352,banana,fresh
53704020,53113,92.90,871.25,72.00,0.454,4.258,0.352,banana,fresh
53705031,53114,93.00,871.25,72.00,0.455,4.258,0.352,banana,fresh
53706042,53115,93.00,871.25,72.05,0.455,4.258,0.352,banana,fresh
53707054,53116,92.95,871.10,72.00,0.454,4.258,0.352,banana,fresh
53708064,53117,92.95,871.15,72.00,0.454,4.258,0.352,banana,fresh
53709076,53118,93.00,871.35,72.00,0.455,4.259,0.352,banana,fresh
53710087,53119,92.90,871.25,72.00,0.454,4.258,0.352,banana,fresh
53711098,53120,92.95,871.35,72.00,0.454,4.259,0.352,banana,fresh
53712109,53121,93.00,871.10,72.00,0.455,4.258,0.352,banana,fresh
53713121,53122,92.90,871.25,72.00,0.454,4.258,0.352,banana,fresh
53714131,53123,92.90,871.25,72.00,0.454,4.258,0.352,banana,fresh
53715142,53124,92.95,871.05,72.10,0.454,4.257,0.352,banana,fresh
53716154,53125,92.95,871.30,72.00,0.454,4.259,0.352,banana,fresh
53717165,53126,92.85,871.25,72.05,0.454,4.258,0.352,banana,fresh
53718176,53127,92.95,871.20,72.00,0.454,4.258,0.352,banana,fresh
53719187,53128,92.90,871.15,72.05,0.454,4.258,0.352,banana,fresh
53720199,53129,92.95,871.15,72.00,0.454,4.258,0.352,banana,fresh
53721209,53130,92.80,871.05,72.00,0.454,4.257,0.352,banana,fresh
53722220,53131,92.85,871.25,72.00,0.454,4.258,0.352,banana,fresh
53723232,53132,92.75,871.20,72.00,0.453,4.258,0.352,banana,fresh
53724242,53133,92.95,871.20,72.05,0.454,4.258,0.352,banana,fresh
53725254,53134,92.85,871.20,72.00,0.454,4.258,0.352,banana,fresh
53726265,53135,92.85,871.35,72.00,0.454,4.259,0.352,banana,fresh
53727277,53136,92.95,871.35,72.00,0.454,4.259,0.352,banana,fresh
53728287,53137,92.95,871.30,72.00,0.454,4.259,0.352,banana,fresh
53729298,53138,92.85,871.15,72.00,0.454,4.258,0.352,banana,fresh
53730310,53139,92.80,871.10,72.00,0.454,4.258,0.352,banana,fresh
53731320,53140,92.75,871.05,72.05,0.453,4.257,0.352,banana,fresh
53732332,53141,92.90,871.30,72.05,0.454,4.259,0.352,banana,fresh
53733343,53142,92.95,871.10,72.00,0.454,4.258,0.352,banana,fresh
53734354,53143,92.90,871.15,72.00,0.454,4.258,0.352,banana,fresh
53735365,53144,92.95,871.15,72.00,0.454,4.258,0.352,banana,fresh
53736376,53145,92.90,871.30,72.00,0.454,4.259,0.352,banana,fresh
53737388,53146,92.85,871.35,72.00,0.454,4.259,0.352,banana,fresh
53738398,53147,92.90,871.20,72.00,0.454,4.258,0.352,banana,fresh
53739410,53148,92.95,871.10,72.05,0.454,4.258,0.352,banana,fresh
53740421,53149,92.85,871.35,72.00,0.454,4.259,0.352,banana,fresh
53741432,53150,92.90,871.25,72.00,0.454,4.258,0.352,banana,fresh
53742443,53151,92.95,871.25,72.00,0.454,4.258,0.352,banana,fresh
53743454,53152,92.80,871.25,72.00,0.454,4.258,0.352,banana,fresh
53744465,53153,92.65,871.25,72.05,0.453,4.258,0.352,banana,fresh
53745476,53154,92.90,871.35,72.00,0.454,4.259,0.352,banana,fresh
53746488,53155,92.90,871.20,72.05,0.454,4.258,0.352,banana,fresh
53747499,53156,92.90,871.40,72.00,0.454,4.259,0.352,banana,fresh
53748510,53157,92.90,871.30,72.00,0.454,4.259,0.352,banana,fresh
53749521,53158,92.95,871.35,72.00,0.454,4.259,0.352,banana,fresh
53750532,53159,92.85,871.25,72.00,0.454,4.258,0.352,banana,fresh
53751543,53160,92.90,871.25,72.00,0.454,4.258,0.352,banana,fresh
53752554,53161,92.85,871.10,72.00,0.454,4.258,0.352,banana,fresh
53753566,53162,92.90,871.15,72.00,0.454,4.258,0.352,banana,fresh
53754576,53163,92.85,871.05,72.00,0.454,4.257,0.352,banana,fresh
53755587,53164,92.95,871.25,72.00,0.454,4.258,0.352,banana,fresh
53756599,53165,92.80,871.30,72.00,0.454,4.259,0.352,banana,fresh
53757609,53166,92.90,871.15,72.00,0.454,4.258,0.352,banana,fresh
53758621,53167,92.90,871.15,72.00,0.454,4.258,0.352,banana,fresh
53759632,53168,92.95,871.20,72.00,0.454,4.258,0.352,banana,fresh
53760644,53169,92.65,871.20,72.00,0.453,4.258,0.352,banana,fresh
53761654,53170,92.90,871.10,72.00,0.454,4.258,0.352,banana,fresh
53762665,53171,92.80,871.25,72.00,0.454,4.258,0.352,banana,fresh
53763677,53172,92.80,871.15,72.00,0.454,4.258,0.352,banana,fresh
53764687,53173,92.90,871.25,72.00,0.454,4.258,0.352,banana,fresh
53765699,53174,92.80,871.00,72.00,0.454,4.257,0.352,banana,fresh
53766710,53175,92.95,871.15,72.00,0.454,4.258,0.352,banana,fresh
53767721,53176,92.90,871.10,72.00,0.454,4.258,0.352,banana,fresh
53768732,53177,92.90,871.15,72.00,0.454,4.258,0.352,banana,fresh
53769743,53178,92.85,871.25,72.00,0.454,4.258,0.352,banana,fresh
53770755,53179,92.85,871.05,72.00,0.454,4.257,0.352,banana,fresh
53771765,53180,92.75,871.05,71.95,0.453,4.257,0.352,banana,fresh
53772777,53181,92.85,871.25,72.00,0.454,4.258,0.352,banana,fresh
53773788,53182,92.95,871.20,72.00,0.454,4.258,0.352,banana,fresh
53774799,53183,92.80,871.25,72.00,0.454,4.258,0.352,banana,fresh
53775810,53184,92.70,871.10,72.00,0.453,4.258,0.352,banana,fresh
53776821,53185,92.70,871.10,72.00,0.453,4.258,0.352,banana,fresh
53777832,53186,92.80,871.20,72.00,0.454,4.258,0.352,banana,fresh
53778843,53187,92.90,871.15,72.00,0.454,4.258,0.352,banana,fresh
53779855,53188,92.80,871.15,72.00,0.454,4.258,0.352,banana,fresh
53780866,53189,92.90,871.30,71.95,0.454,4.259,0.352,banana,fresh
53781877,53190,92.65,871.15,71.95,0.453,4.258,0.352,banana,fresh
53782888,53191,92.75,871.25,72.00,0.453,4.258,0.352,banana,fresh
53783899,53192,92.85,871.10,72.00,0.454,4.258,0.352,banana,fresh
53784910,53193,92.75,871.10,72.00,0.453,4.258,0.352,banana,fresh
53785921,53194,92.85,871.20,72.00,0.454,4.258,0.352,banana,fresh
53786933,53195,92.65,871.10,72.05,0.453,4.258,0.352,banana,fresh
53787943,53196,92.65,871.10,72.00,0.453,4.258,0.352,banana,fresh
53788954,53197,92.75,871.20,72.00,0.453,4.258,0.352,banana,fresh
53789966,53198,92.80,871.45,71.95,0.454,4.259,0.352,banana,fresh
53790977,53199,92.80,871.10,72.00,0.454,4.258,0.352,banana,fresh
53791988,53200,92.95,871.15,71.95,0.454,4.258,0.352,banana,fresh
53792999,53201,92.80,871.05,72.00,0.454,4.257,0.352,banana,fresh
53794011,53202,92.80,871.20,72.00,0.454,4.258,0.352,banana,fresh
53795021,53203,92.70,871.20,72.00,0.453,4.258,0.352,banana,fresh
53796033,53204,92.75,871.05,72.00,0.453,4.257,0.352,banana,fresh
53797044,53205,92.70,871.15,72.00,0.453,4.258,0.352,banana,fresh
53798054,53206,92.75,871.25,72.00,0.453,4.258,0.352,banana,fresh
53799066,53207,92.85,871.25,72.00,0.454,4.258,0.352,banana,fresh
53800077,53208,92.90,871.05,72.00,0.454,4.257,0.352,banana,fresh
53801089,53209,92.80,871.20,72.00,0.454,4.258,0.352,banana,fresh
53802099,53210,92.60,871.15,72.00,0.453,4.258,0.352,banana,fresh
53803110,53211,92.80,871.30,72.00,0.454,4.259,0.352,banana,fresh
53804122,53212,92.85,871.05,71.95,0.454,4.257,0.352,banana,fresh
53805132,53213,92.90,871.25,72.00,0.454,4.258,0.352,banana,fresh
53806144,53214,92.90,871.00,72.00,0.454,4.257,0.352,banana,fresh
53807155,53215,92.90,871.20,72.00,0.454,4.258,0.352,banana,fresh
53808166,53216,92.90,871.15,72.00,0.454,4.258,0.352,banana,fresh
53809177,53217,92.70,871.40,72.00,0.453,4.259,0.352,banana,fresh
53810188,53218,92.70,871.20,72.00,0.453,4.258,0.352,banana,fresh
53811200,53219,92.75,871.15,72.00,0.453,4.258,0.352,banana,fresh
53812210,53220,92.90,871.10,71.95,0.454,4.258,0.352,banana,fresh
53813222,53221,92.75,871.10,72.00,0.453,4.258,0.352,banana,fresh
53814233,53222,92.90,871.05,72.00,0.454,4.257,0.352,banana,fresh
53815244,53223,92.90,871.10,72.00,0.454,4.258,0.352,banana,fresh
53816255,53224,92.50,871.15,72.00,0.452,4.258,0.352,banana,fresh
53817267,53225,92.85,871.15,71.95,0.454,4.258,0.352,banana,fresh
53818277,53226,92.80,871.40,72.00,0.454,4.259,0.352,banana,fresh
53819288,53227,92.50,871.20,72.00,0.452,4.258,0.352,banana,fresh
53820300,53228,92.75,871.10,72.00,0.453,4.258,0.352,banana,fresh
53821310,53229,92.60,871.15,72.00,0.453,4.258,0.352,banana,fresh
53822322,53230,92.70,871.25,72.00,0.453,4.258,0.352,banana,fresh
53823333,53231,92.70,871.25,72.00,0.453,4.258,0.352,banana,fresh
53824345,53232,92.85,871.05,72.00,0.454,4.257,0.352,banana,fresh
53825355,53233,92.75,871.05,72.00,0.453,4.257,0.352,banana,fresh
53826366,53234,92.65,871.20,72.00,0.453,4.258,0.352,banana,fresh
53827378,53235,92.80,871.00,72.00,0.454,4.257,0.352,banana,fresh
53828388,53236,92.90,871.20,72.00,0.454,4.258,0.352,banana,fresh
53829400,53237,92.80,871.20,72.00,0.454,4.258,0.352,banana,fresh
53830411,53238,92.80,871.20,72.00,0.454,4.258,0.352,banana,fresh
53831421,53239,92.75,871.25,72.00,0.453,4.258,0.352,banana,fresh
53832433,53240,92.75,871.10,72.00,0.453,4.258,0.352,banana,fresh
53833444,53241,92.70,871.25,71.95,0.453,4.258,0.352,banana,fresh
53834456,53242,92.80,871.25,72.00,0.454,4.258,0.352,banana,fresh
53835466,53243,92.85,871.10,72.00,0.454,4.258,0.352,banana,fresh
53836478,53244,92.80,871.15,72.00,0.454,4.258,0.352,banana,fresh
53837489,53245,92.90,871.25,72.00,0.454,4.258,0.352,banana,fresh
53838499,53246,92.90,871.15,72.00,0.454,4.258,0.352,banana,fresh
53839511,53247,92.65,871.20,72.00,0.453,4.258,0.352,banana,fresh
53840522,53248,92.80,871.20,72.00,0.454,4.258,0.352,banana,fresh
53841533,53249,92.65,871.30,72.00,0.453,4.259,0.352,banana,fresh
53842544,53250,92.75,871.15,72.00,0.453,4.258,0.352,banana,fresh
53843556,53251,92.65,871.20,71.95,0.453,4.258,0.352,banana,fresh
53844567,53252,92.60,871.15,72.00,0.453,4.258,0.352,banana,fresh
53845577,53253,92.60,871.15,72.00,0.453,4.258,0.352,banana,fresh
53846589,53254,92.90,871.15,72.00,0.454,4.258,0.352,banana,fresh
53847600,53255,92.85,871.10,72.00,0.454,4.258,0.352,banana,fresh
53848611,53256,92.80,871.15,72.00,0.454,4.258,0.352,banana,fresh
53849622,53257,92.90,871.20,72.00,0.454,4.258,0.352,banana,fresh
53850634,53258,92.85,871.15,72.00,0.454,4.258,0.352,banana,fresh
53851644,53259,92.70,871.15,71.95,0.453,4.258,0.352,banana,fresh
53852655,53260,92.80,871.20,72.00,0.454,4.258,0.352,banana,fresh
53853667,53261,92.80,871.10,72.00,0.454,4.258,0.352,banana,fresh
53854678,53262,92.75,871.20,72.00,0.453,4.258,0.352,banana,fresh
53855689,53263,92.60,871.10,72.00,0.453,4.258,0.352,banana,fresh
53856700,53264,92.70,871.10,72.05,0.453,4.258,0.352,banana,fresh
53857712,53265,92.65,871.20,72.00,0.453,4.258,0.352,banana,fresh
53858722,53266,92.70,871.10,71.95,0.453,4.258,0.352,banana,fresh
53859733,53267,92.90,871.15,72.05,0.454,4.258,0.352,banana,fresh
53860745,53268,92.70,871.20,72.05,0.453,4.258,0.352,banana,fresh
53861755,53269,92.60,871.15,72.00,0.453,4.258,0.352,banana,fresh
53862767,53270,92.70,871.20,72.00,0.453,4.258,0.352,banana,fresh
53863778,53271,92.60,871.15,72.00,0.453,4.258,0.352,banana,fresh
53864790,53272,92.75,871.20,72.00,0.453,4.258,0.352,banana,fresh
53865800,53273,92.90,871.10,72.00,0.454,4.258,0.352,banana,fresh
53866811,53274,92.70,871.05,72.00,0.453,4.257,0.352,banana,fresh
53867823,53275,92.85,871.15,72.00,0.454,4.258,0.352,banana,fresh
53868833,53276,92.85,871.05,72.00,0.454,4.257,0.352,banana,fresh
53869845,53277,92.85,871.10,72.00,0.454,4.258,0.352,banana,fresh
53870856,53278,92.70,871.15,72.00,0.453,4.258,0.352,banana,fresh
53871867,53279,92.50,871.20,72.05,0.452,4.258,0.352,banana,fresh
53872878,53280,92.85,871.15,72.05,0.454,4.258,0.352,banana,fresh
53873889,53281,92.85,871.15,72.00,0.454,4.258,0.352,banana,fresh
53874900,53282,92.85,871.20,72.00,0.454,4.258,0.352,banana,fresh
53875911,53283,92.75,871.20,72.00,0.453,4.258,0.352,banana,fresh
53876923,53284,92.60,871.15,72.00,0.453,4.258,0.352,banana,fresh
53877934,53285,92.70,871.25,72.00,0.453,4.258,0.352,banana,fresh
53878945,53286,92.70,871.10,72.00,0.453,4.258,0.352,banana,fresh
53879956,53287,92.80,871.20,71.95,0.454,4.258,0.352,banana,fresh
53880967,53288,92.70,871.20,72.00,0.453,4.258,0.352,banana,fresh
53881978,53289,92.80,871.40,72.00,0.454,4.259,0.352,banana,fresh
53882989,53290,92.70,871.15,72.00,0.453,4.258,0.352,banana,fresh
53884001,53291,92.80,871.25,72.00,0.454,4.258,0.352,banana,fresh
53885011,53292,92.85,871.15,72.00,0.454,4.258,0.352,banana,fresh
53886023,53293,92.85,871.20,72.00,0.454,4.258,0.352,banana,fresh
53887034,53294,92.85,871.25,72.00,0.454,4.258,0.352,banana,fresh
53888045,53295,92.95,871.10,72.00,0.454,4.258,0.352,banana,fresh
53889056,53296,92.65,871.05,72.00,0.453,4.257,0.352,banana,fresh
53890067,53297,92.65,871.25,72.00,0.453,4.258,0.352,banana,fresh
53891079,53298,92.60,871.05,72.00,0.453,4.257,0.352,banana,fresh
53892089,53299,92.85,871.25,72.00,0.454,4.258,0.352,banana,fresh
53893101,53300,92.65,871.20,72.00,0.453,4.258,0.352,banana,fresh
53894112,53301,92.90,871.35,72.00,0.454,4.259,0.352,banana,fresh
53895122,53302,92.60,871.20,72.00,0.453,4.258,0.352,banana,fresh
53896134,53303,92.95,871.25,72.00,0.454,4.258,0.352,banana,fresh
53897145,53304,92.65,871.35,71.95,0.453,4.259,0.352,banana,fresh
53898157,53305,92.85,871.10,72.00,0.454,4.258,0.352,banana,fresh
53899167,53306,92.85,871.10,72.00,0.454,4.258,0.352,banana,fresh
53900179,53307,92.85,871.10,72.00,0.454,4.258,0.352,banana,fresh
53901190,53308,92.85,871.15,72.00,0.454,4.258,0.352,banana,fresh
53902200,53309,92.75,871.15,72.00,0.453,4.258,0.352,banana,fresh
53903212,53310,92.70,871.05,72.00,0.453,4.257,0.352,banana,fresh
53904223,53311,92.80,871.15,72.00,0.454,4.258,0.352,banana,fresh
53905234,53312,92.85,871.10,72.00,0.454,4.258,0.352,banana,fresh
53906245,53313,92.80,871.10,72.00,0.454,4.258,0.352,banana,fresh
53907257,53314,92.75,871.15,72.00,0.453,4.258,0.352,banana,fresh
53908268,53315,92.95,871.15,72.00,0.454,4.258,0.352,banana,fresh
53909278,53316,92.80,871.20,71.95,0.454,4.258,0.352,banana,fresh
53910290,53317,92.85,871.10,72.00,0.454,4.258,0.352,banana,fresh
53911301,53318,92.80,871.20,72.00,0.454,4.258,0.352,banana,fresh
53912312,53319,92.70,871.20,72.00,0.453,4.258,0.352,banana,fresh
53913323,53320,92.75,871.10,72.00,0.453,4.258,0.352,banana,fresh
53914335,53321,92.85,871.15,71.95,0.454,4.258,0.352,banana,fresh
53915345,53322,92.70,871.10,72.00,0.453,4.258,0.352,banana,fresh
53916356,53323,92.90,871.25,72.00,0.454,4.258,0.352,banana,fresh
53917368,53324,92.85,871.25,72.00,0.454,4.258,0.352,banana,fresh
53918379,53325,92.80,871.05,72.00,0.454,4.257,0.352,banana,fresh
53919390,53326,92.75,871.10,72.00,0.453,4.258,0.352,banana,fresh
53920401,53327,92.80,871.00,72.00,0.454,4.257,0.352,banana,fresh
53921413,53328,92.85,871.30,72.00,0.454,4.259,0.352,banana,fresh
53922423,53329,92.65,871.10,72.00,0.453,4.258,0.352,banana,fresh
53923434,53330,92.85,871.00,71.95,0.454,4.257,0.352,banana,fresh
53924446,53331,92.65,871.20,72.00,0.453,4.258,0.352,banana,fresh
53925456,53332,92.85,871.15,72.00,0.454,4.258,0.352,banana,fresh
53926468,53333,92.90,871.25,72.00,0.454,4.258,0.352,banana,fresh
53927479,53334,92.75,871.10,72.00,0.453,4.258,0.352,banana,fresh
53928491,53335,92.75,871.30,72.00,0.453,4.259,0.352,banana,fresh
53929501,53336,92.75,871.05,72.00,0.453,4.257,0.352,banana,fresh
53930512,53337,92.75,871.15,72.00,0.453,4.258,0.352,banana,fresh
53931524,53338,92.70,871.25,72.00,0.453,4.258,0.352,banana,fresh
53932534,53339,92.70,871.20,72.00,0.453,4.258,0.352,banana,fresh
53933546,53340,92.85,871.15,72.00,0.454,4.258,0.352,banana,fresh
53934557,53341,92.70,871.15,72.00,0.453,4.258,0.352,banana,fresh
53935568,53342,92.75,871.25,71.95,0.453,4.258,0.352,banana,fresh
53936579,53343,92.55,871.20,71.95,0.452,4.258,0.352,banana,fresh
53937590,53344,92.65,871.25,72.00,0.453,4.258,0.352,banana,fresh
53938601,53345,92.65,871.10,72.00,0.453,4.258,0.352,banana,fresh
53939612,53346,92.75,871.15,72.00,0.453,4.258,0.352,banana,fresh
53940624,53347,92.75,871.30,72.00,0.453,4.259,0.352,banana,fresh
53941635,53348,92.70,871.15,72.00,0.453,4.258,0.352,banana,fresh
53942646,53349,92.70,871.20,72.00,0.453,4.258,0.352,banana,fresh
53943657,53350,92.85,871.10,72.00,0.454,4.258,0.352,banana,fresh
53944668,53351,92.70,871.15,72.00,0.453,4.258,0.352,banana,fresh
53945679,53352,92.75,871.05,72.00,0.453,4.257,0.352,banana,fresh
53946690,53353,92.90,871.10,72.00,0.454,4.258,0.352,banana,fresh
53947702,53354,92.60,871.15,72.00,0.453,4.258,0.352,banana,fresh
53948712,53355,92.60,871.30,72.00,0.453,4.259,0.352,banana,fresh
53949724,53356,92.80,871.10,72.00,0.454,4.258,0.352,banana,fresh
53950735,53357,92.65,871.05,72.00,0.453,4.257,0.352,banana,fresh
53951746,53358,92.80,871.15,72.00,0.454,4.258,0.352,banana,fresh
53952757,53359,92.85,871.05,72.00,0.454,4.257,0.352,banana,fresh
53953768,53360,92.70,871.25,72.00,0.453,4.258,0.352,banana,fresh
53954780,53361,92.70,871.10,72.00,0.453,4.258,0.352,banana,fresh
53955790,53362,92.70,871.25,72.00,0.453,4.258,0.352,banana,fresh
53956802,53363,92.65,871.10,72.00,0.453,4.258,0.352,banana,fresh
53957813,53364,92.65,871.15,72.00,0.453,4.258,0.352,banana,fresh
53958823,53365,92.90,871.25,72.00,0.454,4.258,0.352,banana,fresh
53959835,53366,92.65,871.30,72.00,0.453,4.259,0.352,banana,fresh
53960846,53367,92.85,871.00,72.00,0.454,4.257,0.352,banana,fresh
53961858,53368,92.80,871.25,72.05,0.454,4.258,0.352,banana,fresh
53962868,53369,92.75,871.15,72.00,0.453,4.258,0.352,banana,fresh
53963880,53370,92.80,871.05,72.00,0.454,4.257,0.352,banana,fresh
53964891,53371,92.70,871.35,72.00,0.453,4.259,0.352,banana,fresh
53965901,53372,92.75,871.10,72.00,0.453,4.258,0.352,banana,fresh
53966913,53373,92.70,871.20,72.00,0.453,4.258,0.352,banana,fresh
53967924,53374,92.75,871.15,72.00,0.453,4.258,0.352,banana,fresh
53968935,53375,92.75,871.05,72.00,0.453,4.257,0.352,banana,fresh
53969946,53376,92.60,871.05,72.00,0.453,4.257,0.352,banana,fresh
53970958,53377,92.65,871.10,72.00,0.453,4.258,0.352,banana,fresh
53971969,53378,92.80,871.15,72.05,0.454,4.258,0.352,banana,fresh
53972979,53379,92.80,871.30,72.00,0.454,4.259,0.352,banana,fresh
53973991,53380,92.65,871.05,72.00,0.453,4.257,0.352,banana,fresh
53975002,53381,92.65,871.15,72.00,0.453,4.258,0.352,banana,fresh
53976013,53382,92.70,871.25,72.00,0.453,4.258,0.352,banana,fresh
53977024,53383,92.90,871.15,72.05,0.454,4.258,0.352,banana,fresh
53978036,53384,92.70,871.25,72.00,0.453,4.258,0.352,banana,fresh
53979046,53385,92.60,871.10,72.00,0.453,4.258,0.352,banana,fresh
53980057,53386,92.70,871.20,72.00,0.453,4.258,0.352,banana,fresh
53981069,53387,92.55,871.00,72.00,0.452,4.257,0.352,banana,fresh
53982080,53388,92.75,871.15,72.00,0.453,4.258,0.352,banana,fresh
53983091,53389,92.70,871.00,72.00,0.453,4.257,0.352,banana,fresh
53984102,53390,92.65,871.15,72.00,0.453,4.258,0.352,banana,fresh
53985114,53391,92.75,871.15,72.00,0.453,4.258,0.352,banana,fresh
53986124,53392,92.70,871.10,72.00,0.453,4.258,0.352,banana,fresh
53987135,53393,92.70,871.15,72.00,0.453,4.258,0.352,banana,fresh
53988147,53394,92.70,871.15,72.00,0.453,4.258,0.352,banana,fresh
53989157,53395,92.75,871.15,72.00,0.453,4.258,0.352,banana,fresh
53990169,53396,92.55,871.10,72.00,0.452,4.258,0.352,banana,fresh
53991180,53397,92.55,871.15,72.00,0.452,4.258,0.352,banana,fresh
53992192,53398,92.85,871.20,72.05,0.454,4.258,0.352,banana,fresh
53993202,53399,92.70,871.15,72.00,0.453,4.258,0.352,banana,fresh
53994214,53400,92.65,871.15,72.00,0.453,4.258,0.352,banana,fresh
53995225,53401,92.80,871.10,72.00,0.454,4.258,0.352,banana,fresh
53996235,53402,92.60,871.10,72.00,0.453,4.258,0.352,banana,fresh
53997247,53403,92.50,871.15,72.00,0.452,4.258,0.352,banana,fresh
53998258,53404,92.60,871.35,72.00,0.453,4.259,0.352,banana,fresh
53999269,53405,92.65,871.20,72.00,0.453,4.258,0.352,banana,fresh
54000280,53406,92.70,871.05,72.00,0.453,4.257,0.352,banana,fresh
54001292,53407,92.70,871.15,72.00,0.453,4.258,0.352,banana,fresh
54002302,53408,92.70,871.20,72.00,0.453,4.258,0.352,banana,fresh
54003313,53409,92.80,871.10,72.00,0.454,4.258,0.352,banana,fresh
54004325,53410,92.60,871.10,72.00,0.453,4.258,0.352,banana,fresh
54005336,53411,92.60,871.20,72.00,0.453,4.258,0.352,banana,fresh
54006347,53412,92.80,871.15,71.95,0.454,4.258,0.352,banana,fresh
54007358,53413,92.60,871.10,71.95,0.453,4.258,0.352,banana,fresh
54008370,53414,92.50,871.05,72.00,0.452,4.257,0.352,banana,fresh
54009380,53415,92.60,871.20,72.00,0.453,4.258,0.352,banana,fresh
54010391,53416,92.75,871.10,72.00,0.453,4.258,0.352,banana,fresh
54011403,53417,92.70,871.15,72.00,0.453,4.258,0.352,banana,fresh
54012413,53418,92.65,871.10,72.00,0.453,4.258,0.352,banana,fresh
54013425,53419,92.60,871.15,72.00,0.453,4.258,0.352,banana,fresh
54014436,53420,92.75,871.10,72.00,0.453,4.258,0.352,banana,fresh
54015448,53421,92.70,871.05,72.00,0.453,4.257,0.352,banana,fresh
54016458,53422,92.70,871.15,72.00,0.453,4.258,0.352,banana,fresh
54017469,53423,92.70,871.10,72.00,0.453,4.258,0.352,banana,fresh
54018481,53424,92.65,871.15,72.00,0.453,4.258,0.352,banana,fresh
54019491,53425,92.65,871.25,72.00,0.453,4.258,0.352,banana,fresh
54020503,53426,92.45,871.10,72.00,0.452,4.258,0.352,banana,fresh
54021514,53427,92.65,871.05,72.00,0.453,4.257,0.352,banana,fresh
54022525,53428,92.60,871.05,72.00,0.453,4.257,0.352,banana,fresh
54023536,53429,92.70,871.05,72.00,0.453,4.257,0.352,banana,fresh
54024547,53430,92.50,871.05,72.00,0.452,4.257,0.352,banana,fresh
54025559,53431,92.60,871.05,72.00,0.453,4.257,0.352,banana,fresh
54026569,53432,92.50,871.10,72.00,0.452,4.258,0.352,banana,fresh
54027581,53433,92.60,871.00,72.00,0.453,4.257,0.352,banana,fresh
54028592,53434,92.60,871.15,72.00,0.453,4.258,0.352,banana,fresh
54029603,53435,92.60,871.10,72.00,0.453,4.258,0.352,banana,fresh
54030614,53436,92.55,871.05,72.00,0.452,4.257,0.352,banana,fresh
54031625,53437,92.65,871.00,72.00,0.453,4.257,0.352,banana,fresh
54032636,53438,92.55,871.10,72.00,0.452,4.258,0.352,banana,fresh
54033647,53439,92.55,871.00,72.00,0.452,4.257,0.352,banana,fresh
54034659,53440,92.65,871.05,72.00,0.453,4.257,0.352,banana,fresh
54035670,53441,92.70,871.10,72.00,0.453,4.258,0.352,banana,fresh
54036680,53442,92.75,871.15,72.00,0.453,4.258,0.352,banana,fresh
54037692,53443,92.55,871.30,72.00,0.452,4.259,0.352,banana,fresh
54038703,53444,92.60,871.00,72.00,0.453,4.257,0.352,banana,fresh
54039714,53445,92.70,871.20,72.00,0.453,4.258,0.352,banana,fresh
54040725,53446,92.45,871.05,72.00,0.452,4.257,0.352,banana,fresh
54041737,53447,92.60,871.10,72.00,0.453,4.258,0.352,banana,fresh
54042747,53448,92.65,871.00,72.00,0.453,4.257,0.352,banana,fresh
54043758,53449,92.55,871.05,72.00,0.452,4.257,0.352,banana,fresh
54044770,53450,92.40,871.05,72.00,0.452,4.257,0.352,banana,fresh
54045780,53451,92.45,871.15,72.00,0.452,4.258,0.352,banana,fresh
54046792,53452,92.50,871.15,72.00,0.452,4.258,0.352,banana,fresh
54047803,53453,92.55,871.05,72.00,0.452,4.257,0.352,banana,fresh
54048815,53454,92.60,871.20,72.00,0.453,4.258,0.352,banana,fresh
54049825,53455,92.70,871.05,72.00,0.453,4.257,0.352,banana,fresh
54050836,53456,92.65,871.05,72.00,0.453,4.257,0.352,banana,fresh
54051848,53457,92.70,871.05,72.00,0.453,4.257,0.352,banana,fresh
54052858,53458,92.60,871.10,72.00,0.453,4.258,0.352,banana,fresh
54053870,53459,92.65,871.20,71.95,0.453,4.258,0.352,banana,fresh
54054881,53460,92.60,871.20,72.00,0.453,4.258,0.352,banana,fresh
54055892,53461,92.55,871.05,72.00,0.452,4.257,0.352,banana,fresh
54056903,53462,92.60,871.05,72.00,0.453,4.257,0.352,banana,fresh
54057914,53463,92.60,871.05,72.05,0.453,4.257,0.352,banana,fresh
54058926,53464,92.35,871.00,71.95,0.451,4.257,0.352,banana,fresh
54059936,53465,92.65,871.15,72.00,0.453,4.258,0.352,banana,fresh
54060948,53466,92.70,871.05,72.00,0.453,4.257,0.352,banana,fresh
54061959,53467,92.65,871.00,72.00,0.453,4.257,0.352,banana,fresh
54062970,53468,92.60,871.15,72.00,0.453,4.258,0.352,banana,fresh
54063981,53469,92.80,871.05,72.00,0.454,4.257,0.352,banana,fresh
54064993,53470,92.60,871.10,72.00,0.453,4.258,0.352,banana,fresh
54066003,53471,92.65,871.05,72.00,0.453,4.257,0.352,banana,fresh
54067014,53472,92.60,871.10,72.00,0.453,4.258,0.352,banana,fresh
54068026,53473,92.45,871.05,72.00,0.452,4.257,0.352,banana,fresh
54069037,53474,92.40,871.15,72.00,0.452,4.258,0.352,banana,fresh
54070048,53475,92.60,871.20,72.00,0.453,4.258,0.352,banana,fresh
54071059,53476,92.60,871.15,72.00,0.453,4.258,0.352,banana,fresh
54072071,53477,92.35,871.00,72.00,0.451,4.257,0.352,banana,fresh
54073081,53478,92.60,871.05,72.00,0.453,4.257,0.352,banana,fresh
54074092,53479,92.60,871.05,72.00,0.453,4.257,0.352,banana,fresh
54075104,53480,92.65,871.05,72.00,0.453,4.257,0.352,banana,fresh
54076114,53481,92.70,871.10,72.00,0.453,4.258,0.352,banana,fresh
54077126,53482,92.50,871.05,72.00,0.452,4.257,0.352,banana,fresh
54078137,53483,92.65,871.15,71.95,0.453,4.258,0.352,banana,fresh
54079149,53484,92.45,871.05,72.00,0.452,4.257,0.352,banana,fresh
54080159,53485,92.55,871.05,72.00,0.452,4.257,0.352,banana,fresh
54081170,53486,92.60,871.00,72.00,0.453,4.257,0.352,banana,fresh
54082182,53487,92.50,871.05,71.95,0.452,4.257,0.352,banana,fresh
54083192,53488,92.50,871.05,72.00,0.452,4.257,0.352,banana,fresh
54084204,53489,92.40,871.00,72.00,0.452,4.257,0.352,banana,fresh
54085215,53490,92.45,871.05,71.95,0.452,4.257,0.352,banana,fresh
54086226,53491,92.55,871.00,72.00,0.452,4.257,0.352,banana,fresh
54087237,53492,92.60,871.00,72.00,0.453,4.257,0.352,banana,fresh
54088248,53493,92.55,871.05,72.00,0.452,4.257,0.352,banana,fresh
54089260,53494,92.35,871.05,72.00,0.451,4.257,0.352,banana,fresh
54090270,53495,92.25,871.00,72.00,0.451,4.257,0.352,banana,fresh
54091282,53496,92.45,871.10,72.00,0.452,4.258,0.352,banana,fresh
54092293,53497,92.55,871.05,72.00,0.452,4.257,0.352,banana,fresh
54093304,53498,92.45,871.10,72.00,0.452,4.258,0.352,banana,fresh
54094315,53499,92.45,871.00,72.00,0.452,4.257,0.352,banana,fresh
54095326,53500,92.45,871.05,72.00,0.452,4.257,0.352,banana,fresh
54096337,53501,92.60,871.05,72.00,0.453,4.257,0.352,banana,fresh
54097348,53502,92.55,871.05,72.00,0.452,4.257,0.352,banana,fresh
54098360,53503,92.40,871.10,72.00,0.452,4.258,0.352,banana,fresh
54099371,53504,92.55,871.10,72.00,0.452,4.258,0.352,banana,fresh
54100382,53505,92.60,871.10,71.95,0.453,4.258,0.352,banana,fresh
54101393,53506,92.50,871.10,72.00,0.452,4.258,0.352,banana,fresh
54102404,53507,92.65,871.05,72.00,0.453,4.257,0.352,banana,fresh
54103415,53508,92.65,871.05,72.00,0.453,4.257,0.352,banana,fresh
54104426,53509,92.45,871.20,72.00,0.452,4.258,0.352,banana,fresh
54105438,53510,92.50,871.00,72.00,0.452,4.257,0.352,banana,fresh
54106448,53511,92.55,871.00,72.00,0.452,4.257,0.352,banana,fresh
54107459,53512,92.35,871.00,71.95,0.451,4.257,0.352,banana,fresh
54108471,53513,92.50,871.20,71.95,0.452,4.258,0.352,banana,fresh
54109481,53514,92.40,871.00,72.00,0.452,4.257,0.352,banana,fresh
54110493,53515,92.55,871.00,72.00,0.452,4.257,0.352,banana,fresh
54111504,53516,92.65,871.05,72.00,0.453,4.257,0.352,banana,fresh
54112516,53517,92.35,871.00,72.00,0.451,4.257,0.352,banana,fresh
54113526,53518,92.60,871.15,72.00,0.453,4.258,0.352,banana,fresh
54114538,53519,92.50,871.05,72.00,0.452,4.257,0.352,banana,fresh
54115549,53520,92.40,871.05,72.00,0.452,4.257,0.352,banana,fresh
54116559,53521,92.55,871.05,72.00,0.452,4.257,0.352,banana,fresh
54117571,53522,92.55,871.00,72.00,0.452,4.257,0.352,banana,fresh
54118582,53523,92.40,871.10,72.05,0.452,4.258,0.352,banana,fresh
54119593,53524,92.45,871.00,72.00,0.452,4.257,0.352,banana,fresh
54120604,53525,92.45,871.05,72.05,0.452,4.257,0.352,banana,fresh
54121615,53526,92.30,871.10,72.00,0.451,4.258,0.352,banana,fresh
54122627,53527,92.50,871.00,72.00,0.452,4.257,0.352,banana,fresh
54123637,53528,92.60,871.00,72.00,0.453,4.257,0.352,banana,fresh
54124649,53529,92.55,871.05,71.95,0.452,4.257,0.352,banana,fresh
54125660,53530,92.45,871.10,72.00,0.452,4.258,0.352,banana,fresh
54126671,53531,92.60,871.00,72.00,0.453,4.257,0.352,banana,fresh
54127682,53532,92.60,871.00,72.00,0.453,4.257,0.352,banana,fresh
54128693,53533,92.60,871.10,72.00,0.453,4.258,0.352,banana,fresh
54129704,53534,92.20,871.05,72.00,0.451,4.257,0.352,banana,fresh
54130715,53535,92.50,871.00,72.00,0.452,4.257,0.352,banana,fresh
54131727,53536,92.35,871.15,71.95,0.451,4.258,0.352,banana,fresh
54132738,53537,92.65,871.00,72.00,0.453,4.257,0.352,banana,fresh
54133749,53538,92.40,871.05,72.00,0.452,4.257,0.352,banana,fresh
54134760,53539,92.70,871.05,72.00,0.453,4.257,0.352,banana,fresh
54135771,53540,92.40,871.00,71.95,0.452,4.257,0.352,banana,fresh
54136782,53541,92.65,871.05,71.95,0.453,4.257,0.352,banana,fresh
54137793,53542,92.55,871.05,72.00,0.452,4.257,0.352,banana,fresh
54138805,53543,92.75,871.00,72.00,0.453,4.257,0.352,banana,fresh
54139815,53544,92.45,871.05,72.00,0.452,4.257,0.352,banana,fresh
54140827,53545,92.55,871.00,72.00,0.452,4.257,0.352,banana,fresh
54141838,53546,92.55,871.00,72.00,0.452,4.257,0.352,banana,fresh
54142849,53547,92.35,871.00,72.00,0.451,4.257,0.352,banana,fresh
54143860,53548,92.55,871.00,72.00,0.452,4.257,0.352,banana,fresh
54144871,53549,92.30,871.05,71.85,0.451,4.257,0.351,banana,fresh
54145883,53550,92.40,871.00,72.00,0.452,4.257,0.352,banana,fresh
54146893,53551,92.50,871.00,72.00,0.452,4.257,0.352,banana,fresh
54147905,53552,92.50,871.05,72.00,0.452,4.257,0.352,banana,fresh
54148916,53553,92.30,871.00,72.00,0.451,4.257,0.352,banana,fresh
54149926,53554,92.55,871.10,72.00,0.452,4.258,0.352,banana,fresh
54150938,53555,92.50,871.00,72.00,0.452,4.257,0.352,banana,fresh
54151949,53556,92.40,871.05,71.95,0.452,4.257,0.352,banana,fresh
54152961,53557,92.35,871.00,72.00,0.451,4.257,0.352,banana,fresh
54153971,53558,92.55,871.00,71.95,0.452,4.257,0.352,banana,fresh
54154982,53559,92.65,871.00,72.00,0.453,4.257,0.352,banana,fresh
54155994,53560,92.40,871.10,72.00,0.452,4.258,0.352,banana,fresh
54157004,53561,92.45,871.05,72.00,0.452,4.257,0.352,banana,fresh
54158016,53562,92.40,871.05,72.00,0.452,4.257,0.352,banana,fresh
54159027,53563,92.60,871.05,72.00,0.453,4.257,0.352,banana,fresh
54160038,53564,92.55,871.05,72.00,0.452,4.257,0.352,banana,fresh
54161049,53565,92.40,871.00,72.00,0.452,4.257,0.352,banana,fresh
54162060,53566,92.50,871.00,72.00,0.452,4.257,0.352,banana,fresh
54163072,53567,92.40,871.05,72.00,0.452,4.257,0.352,banana,fresh
54164082,53568,92.65,871.05,72.00,0.453,4.257,0.352,banana,fresh
54165094,53569,92.65,871.00,72.00,0.453,4.257,0.352,banana,fresh
54166105,53570,92.50,871.00,72.00,0.452,4.257,0.352,banana,fresh
54167116,53571,92.45,871.10,72.00,0.452,4.258,0.352,banana,fresh
54168127,53572,92.50,871.05,72.00,0.452,4.257,0.352,banana,fresh
54169138,53573,92.45,871.10,72.00,0.452,4.258,0.352,banana,fresh
54170149,53574,92.70,871.05,72.00,0.453,4.257,0.352,banana,fresh
54171160,53575,92.70,871.00,72.00,0.453,4.257,0.352,banana,fresh
54172172,53576,92.45,871.05,72.00,0.452,4.257,0.352,banana,fresh
54173182,53577,92.35,871.00,72.00,0.451,4.257,0.352,banana,fresh
54174194,53578,92.60,871.00,72.00,0.453,4.257,0.352,banana,fresh
54175205,53579,92.40,871.10,71.95,0.452,4.258,0.352,banana,fresh
54176216,53580,92.35,871.10,72.00,0.451,4.258,0.352,banana,fresh
54177227,53581,92.55,871.00,72.00,0.452,4.257,0.352,banana,fresh
54178238,53582,92.35,871.00,72.00,0.451,4.257,0.352,banana,fresh
54179250,53583,92.45,871.05,72.00,0.452,4.257,0.352,banana,fresh
54180260,53584,92.65,871.00,72.00,0.453,4.257,0.352,banana,fresh
54181272,53585,92.65,871.10,72.00,0.453,4.258,0.352,banana,fresh
54182283,53586,92.40,871.00,72.00,0.452,4.257,0.352,banana,fresh
54183293,53587,92.40,871.00,72.00,0.452,4.257,0.352,banana,fresh
54184305,53588,92.40,871.05,72.00,0.452,4.257,0.352,banana,fresh
54185316,53589,92.50,871.05,72.00,0.452,4.257,0.352,banana,fresh
54186328,53590,92.40,871.00,72.00,0.452,4.257,0.352,banana,fresh
54187338,53591,92.25,871.10,72.00,0.451,4.258,0.352,banana,fresh
54188350,53592,92.30,871.10,72.00,0.451,4.258,0.352,banana,fresh
54189361,53593,92.65,871.05,72.00,0.453,4.257,0.352,banana,fresh
54190371,53594,92.45,871.10,72.00,0.452,4.258,0.352,banana,fresh
54191383,53595,92.70,871.00,72.00,0.453,4.257,0.352,banana,fresh
54192394,53596,92.50,871.05,72.00,0.452,4.257,0.352,banana,fresh
54193405,53597,92.70,871.00,72.00,0.453,4.257,0.352,banana,fresh
54194416,53598,92.60,871.05,72.00,0.453,4.257,0.352,banana,fresh
54195427,53599,92.50,871.05,72.00,0.452,4.257,0.352,banana,fresh
54196439,53600,92.40,871.05,72.00,0.452,4.257,0.352,banana,fresh
54197449,53601,92.45,871.00,72.00,0.452,4.257,0.352,banana,fresh
54198461,53602,92.65,871.10,72.00,0.453,4.258,0.352,banana,fresh
54199472,53603,92.55,871.05,72.00,0.452,4.257,0.352,banana,fresh
54200483,53604,92.50,871.10,72.00,0.452,4.258,0.352,banana,fresh
54201494,53605,92.50,871.05,72.00,0.452,4.257,0.352,banana,fresh
54202505,53606,92.60,871.05,72.00,0.453,4.257,0.352,banana,fresh
54203516,53607,92.50,871.10,72.00,0.452,4.258,0.352,banana,fresh
54204527,53608,92.55,871.00,72.05,0.452,4.257,0.352,banana,fresh
54205539,53609,92.35,871.00,72.00,0.451,4.257,0.352,banana,fresh
54206550,53610,92.65,871.05,72.00,0.453,4.257,0.352,banana,fresh
54207561,53611,92.45,871.05,72.00,0.452,4.257,0.352,banana,fresh
54208572,53612,92.50,871.05,72.00,0.452,4.257,0.352,banana,fresh
54209583,53613,92.45,871.10,72.00,0.452,4.258,0.352,banana,fresh
54210594,53614,92.60,871.00,72.00,0.453,4.257,0.352,banana,fresh
54211605,53615,92.60,871.10,72.00,0.453,4.258,0.352,banana,fresh
54212617,53616,92.55,871.05,72.00,0.452,4.257,0.352,banana,fresh
54213627,53617,92.50,871.05,72.00,0.452,4.257,0.352,banana,fresh
54214639,53618,92.60,871.00,72.00,0.453,4.257,0.352,banana,fresh
54215650,53619,92.45,871.00,72.00,0.452,4.257,0.352,banana,fresh
54216660,53620,92.40,871.10,72.05,0.452,4.258,0.352,banana,fresh
54217672,53621,92.50,871.15,72.05,0.452,4.258,0.352,banana,fresh
54218683,53622,92.50,871.10,72.00,0.452,4.258,0.352,banana,fresh
54219695,53623,92.40,871.05,72.00,0.452,4.257,0.352,banana,fresh
54220705,53624,92.60,871.15,72.05,0.453,4.258,0.352,banana,fresh
54221717,53625,92.35,871.05,71.95,0.451,4.257,0.352,banana,fresh
54222728,53626,92.60,871.00,72.00,0.453,4.257,0.352,banana,fresh
54223738,53627,92.40,871.10,72.00,0.452,4.258,0.352,banana,fresh
54224750,53628,92.50,871.10,72.00,0.452,4.258,0.352,banana,fresh
54225761,53629,92.55,871.00,72.00,0.452,4.257,0.352,banana,fresh
54226772,53630,92.45,871.15,72.00,0.452,4.258,0.352,banana,fresh
54227783,53631,92.40,871.20,72.00,0.452,4.258,0.352,banana,fresh
54228795,53632,92.50,871.00,72.00,0.452,4.257,0.352,banana,fresh
54229806,53633,92.60,871.10,72.00,0.453,4.258,0.352,banana,fresh
54230816,53634,92.55,871.10,72.00,0.452,4.258,0.352,banana,fresh
54231828,53635,92.50,871.05,72.00,0.452,4.257,0.352,banana,fresh
54232839,53636,92.55,871.05,72.00,0.452,4.257,0.352,banana,fresh
54233850,53637,92.55,871.00,72.00,0.452,4.257,0.352,banana,fresh
54234861,53638,92.50,871.00,72.00,0.452,4.257,0.352,banana,fresh
54235873,53639,92.65,871.10,72.00,0.453,4.258,0.352,banana,fresh
54236883,53640,92.55,871.15,72.00,0.452,4.258,0.352,banana,fresh
54237894,53641,92.60,871.00,72.00,0.453,4.257,0.352,banana,fresh
54238906,53642,92.40,871.00,72.00,0.452,4.257,0.352,banana,fresh
54239917,53643,92.30,871.15,72.00,0.451,4.258,0.352,banana,fresh
54240928,53644,92.40,871.05,72.00,0.452,4.257,0.352,banana,fresh
54241939,53645,92.45,871.05,72.05,0.452,4.257,0.352,banana,fresh
54242951,53646,92.50,871.00,72.00,0.452,4.257,0.352,banana,fresh
54243961,53647,92.40,871.15,72.00,0.452,4.258,0.352,banana,fresh
54244972,53648,92.35,871.00,72.00,0.451,4.257,0.352,banana,fresh
54245984,53649,92.30,871.00,72.00,0.451,4.257,0.352,banana,fresh
54246994,53650,92.45,871.05,72.00,0.452,4.257,0.352,banana,fresh
54248006,53651,92.45,871.05,72.00,0.452,4.257,0.352,banana,fresh
54249017,53652,92.45,871.00,72.00,0.452,4.257,0.352,banana,fresh
54250029,53653,92.35,871.10,72.00,0.451,4.258,0.352,banana,fresh
54251039,53654,92.40,871.15,72.00,0.452,4.258,0.352,banana,fresh
54252050,53655,92.40,871.25,72.00,0.452,4.258,0.352,banana,fresh
54253062,53656,92.45,871.00,72.00,0.452,4.257,0.352,banana,fresh
54254072,53657,92.30,871.05,72.00,0.451,4.257,0.352,banana,fresh
54255084,53658,92.35,871.00,72.00,0.451,4.257,0.352,banana,fresh
54256095,53659,92.45,871.00,72.00,0.452,4.257,0.352,banana,fresh
54257106,53660,92.45,871.00,72.00,0.452,4.257,0.352,banana,fresh
54258117,53661,92.40,871.05,72.00,0.452,4.257,0.352,banana,fresh
54259128,53662,92.55,871.05,72.00,0.452,4.257,0.352,banana,fresh
54260140,53663,92.50,871.05,72.00,0.452,4.257,0.352,banana,fresh
54261150,53664,92.45,871.00,72.00,0.452,4.257,0.352,banana,fresh
54262162,53665,92.60,871.00,72.00,0.453,4.257,0.352,banana,fresh
54263173,53666,92.50,871.10,72.00,0.452,4.258,0.352,banana,fresh
54264184,53667,92.55,871.00,72.00,0.452,4.257,0.352,banana,fresh
54265195,53668,92.60,871.05,72.05,0.453,4.257,0.352,banana,fresh
54266206,53669,92.35,871.00,72.00,0.451,4.257,0.352,banana,fresh
54267217,53670,92.30,871.00,71.95,0.451,4.257,0.352,banana,fresh
54268228,53671,92.50,871.00,72.00,0.452,4.257,0.352,banana,fresh
54269240,53672,92.40,871.00,72.00,0.452,4.257,0.352,banana,fresh
54270251,53673,92.70,871.05,72.00,0.453,4.257,0.352,banana,fresh
54271261,53674,92.60,871.00,72.00,0.453,4.257,0.352,banana,fresh
54272273,53675,92.40,871.00,72.00,0.452,4.257,0.352,banana,fresh
54273284,53676,92.35,871.10,72.00,0.451,4.258,0.352,banana,fresh
54274295,53677,92.25,871.00,72.00,0.451,4.257,0.352,banana,fresh
54275306,53678,92.35,871.00,72.00,0.451,4.257,0.352,banana,fresh
54276318,53679,92.20,871.10,72.00,0.451,4.258,0.352,banana,fresh
54277328,53680,92.55,871.10,71.95,0.452,4.258,0.352,banana,fresh
54278339,53681,92.40,871.00,72.00,0.452,4.257,0.352,banana,fresh
54279351,53682,92.30,871.00,72.00,0.451,4.257,0.352,banana,fresh
54280361,53683,92.60,871.00,72.00,0.453,4.257,0.352,banana,fresh
54281373,53684,92.35,871.00,71.95,0.451,4.257,0.352,banana,fresh
54282384,53685,92.40,871.15,72.00,0.452,4.258,0.352,banana,fresh
54283396,53686,92.45,871.00,72.00,0.452,4.257,0.352,banana,fresh
54284406,53687,92.35,871.05,72.00,0.451,4.257,0.352,banana,fresh
54285417,53688,92.45,871.05,72.00,0.452,4.257,0.352,banana,fresh
54286429,53689,92.35,871.00,72.00,0.451,4.257,0.352,banana,fresh
54287439,53690,92.20,871.00,72.00,0.451,4.257,0.352,banana,fresh
54288451,53691,92.45,871.00,72.00,0.452,4.257,0.352,banana,fresh
54289462,53692,92.45,871.05,72.00,0.452,4.257,0.352,banana,fresh
54290473,53693,92.30,871.00,72.00,0.451,4.257,0.352,banana,fresh
54291484,53694,92.35,871.05,72.00,0.451,4.257,0.352,banana,fresh
54292495,53695,92.25,871.00,72.00,0.451,4.257,0.352,banana,fresh
54293507,53696,92.25,871.00,72.00,0.451,4.257,0.352,banana,fresh
54294517,53697,92.50,871.00,72.00,0.452,4.257,0.352,banana,fresh
54295529,53698,92.45,871.00,72.00,0.452,4.257,0.352,banana,fresh
54296540,53699,92.45,871.00,72.00,0.452,4.257,0.352,banana,fresh
54297551,53700,92.25,871.00,72.00,0.451,4.257,0.352,banana,fresh
54298562,53701,92.45,871.05,72.00,0.452,4.257,0.352,banana,fresh
54299573,53702,92.45,871.05,72.00,0.452,4.257,0.352,banana,fresh
54300584,53703,92.35,871.00,72.00,0.451,4.257,0.352,banana,fresh
54301595,53704,92.30,871.00,72.00,0.451,4.257,0.352,banana,fresh
54302607,53705,92.30,871.00,72.00,0.451,4.257,0.352,banana,fresh
54303618,53706,92.30,871.00,72.00,0.451,4.257,0.352,banana,fresh
54304629,53707,92.25,871.15,72.00,0.451,4.258,0.352,banana,fresh
54305640,53708,92.40,871.00,72.00,0.452,4.257,0.352,banana,fresh
54306651,53709,92.50,871.00,72.00,0.452,4.257,0.352,banana,fresh
54307662,53710,92.35,871.05,72.00,0.451,4.257,0.352,banana,fresh
54308673,53711,92.40,871.00,72.00,0.452,4.257,0.352,banana,fresh
54309685,53712,92.30,871.00,72.00,0.451,4.257,0.352,banana,fresh
54310695,53713,92.45,871.00,72.00,0.452,4.257,0.352,banana,fresh
54311706,53714,92.25,871.00,72.00,0.451,4.257,0.352,banana,fresh
54312718,53715,92.45,871.10,72.00,0.452,4.258,0.352,banana,fresh
54313729,53716,92.45,871.05,71.95,0.452,4.257,0.352,banana,fresh
54314740,53717,92.35,871.10,72.00,0.451,4.258,0.352,banana,fresh
54315751,53718,92.55,871.00,72.00,0.452,4.257,0.352,banana,fresh
54316763,53719,92.60,871.05,72.00,0.453,4.257,0.352,banana,fresh
54317773,53720,92.25,871.05,72.00,0.451,4.257,0.352,banana,fresh
54318784,53721,92.40,871.05,72.00,0.452,4.257,0.352,banana,fresh
54319796,53722,92.35,871.05,72.00,0.451,4.257,0.352,banana,fresh
54320806,53723,92.40,871.00,72.00,0.452,4.257,0.352,banana,fresh
54321818,53724,92.45,871.00,72.00,0.452,4.257,0.352,banana,fresh
54322829,53725,92.35,871.00,72.00,0.451,4.257,0.352,banana,fresh
54323841,53726,92.25,871.05,71.95,0.451,4.257,0.352,banana,fresh
54324851,53727,92.50,871.00,72.00,0.452,4.257,0.352,banana,fresh
54325862,53728,92.15,871.05,72.00,0.450,4.257,0.352,banana,fresh
54326874,53729,92.15,871.00,72.00,0.450,4.257,0.352,banana,fresh
54327884,53730,92.35,871.00,72.00,0.451,4.257,0.352,banana,fresh
54328896,53731,92.50,871.00,71.95,0.452,4.257,0.352,banana,fresh
54329907,53732,92.55,871.00,72.00,0.452,4.257,0.352,banana,fresh
54330918,53733,92.50,871.00,72.00,0.452,4.257,0.352,banana,fresh
54331929,53734,92.30,871.00,72.00,0.451,4.257,0.352,banana,fresh
54332940,53735,92.10,871.00,72.00,0.450,4.257,0.352,banana,fresh
54333952,53736,92.45,871.00,72.00,0.452,4.257,0.352,banana,fresh
54334962,53737,92.50,871.05,71.90,0.452,4.257,0.351,banana,fresh
54335974,53738,92.30,871.05,72.00,0.451,4.257,0.352,banana,fresh
54336985,53739,92.35,871.00,72.00,0.451,4.257,0.352,banana,fresh
54337995,53740,92.25,871.00,72.00,0.451,4.257,0.352,banana,fresh
54339007,53741,92.35,871.00,72.00,0.451,4.257,0.352,banana,fresh
54340018,53742,92.40,871.05,72.00,0.452,4.257,0.352,banana,fresh
54341029,53743,92.40,871.00,72.00,0.452,4.257,0.352,banana,fresh
54342040,53744,92.40,871.00,72.00,0.452,4.257,0.352,banana,fresh
54343052,53745,92.30,871.05,71.95,0.451,4.257,0.352,banana,fresh
54344062,53746,92.25,871.05,72.00,0.451,4.257,0.352,banana,fresh
54345073,53747,92.35,871.00,72.00,0.451,4.257,0.352,banana,fresh
54346085,53748,92.15,871.00,72.00,0.450,4.257,0.352,banana,fresh
54347096,53749,92.20,871.00,72.00,0.451,4.257,0.352,banana,fresh
54348107,53750,92.50,871.00,71.85,0.452,4.257,0.351,banana,fresh
54349118,53751,92.15,871.00,72.00,0.450,4.257,0.352,banana,fresh
54350130,53752,92.20,871.00,72.00,0.451,4.257,0.352,banana,fresh
54351140,53753,92.40,871.00,72.00,0.452,4.257,0.352,banana,fresh
54352151,53754,92.45,870.95,72.00,0.452,4.257,0.352,banana,fresh
54353163,53755,92.45,871.00,71.95,0.452,4.257,0.352,banana,fresh
54354173,53756,92.45,871.00,72.00,0.452,4.257,0.352,banana,fresh
54355185,53757,92.45,871.00,71.95,0.452,4.257,0.352,banana,fresh
54356196,53758,92.40,871.00,72.00,0.452,4.257,0.352,banana,fresh
54357208,53759,92.35,871.05,72.00,0.451,4.257,0.352,banana,fresh
54358218,53760,92.50,871.00,72.00,0.452,4.257,0.352,banana,fresh
54359230,53761,92.20,871.00,72.00,0.451,4.257,0.352,banana,fresh
54360241,53762,92.35,871.00,72.00,0.451,4.257,0.352,banana,fresh
54361251,53763,92.20,871.00,71.90,0.451,4.257,0.351,banana,fresh
54362263,53764,92.45,871.00,72.00,0.452,4.257,0.352,banana,fresh
54363274,53765,92.40,871.00,72.00,0.452,4.257,0.352,banana,fresh
54364285,53766,92.30,871.00,72.00,0.451,4.257,0.352,banana,fresh
54365296,53767,92.35,871.00,72.00,0.451,4.257,0.352,banana,fresh
54366307,53768,92.40,871.00,72.00,0.452,4.257,0.352,banana,fresh
54367319,53769,92.50,871.00,72.00,0.452,4.257,0.352,banana,fresh
54368329,53770,92.35,871.00,72.00,0.451,4.257,0.352,banana,fresh
54369341,53771,92.35,871.00,72.00,0.451,4.257,0.352,banana,fresh
54370352,53772,92.25,871.00,71.95,0.451,4.257,0.352,banana,fresh
54371363,53773,92.25,871.10,72.05,0.451,4.258,0.352,banana,fresh
54372374,53774,92.30,871.05,72.00,0.451,4.257,0.352,banana,fresh
54373385,53775,92.55,871.00,72.00,0.452,4.257,0.352,banana,fresh
54374396,53776,92.30,871.00,72.00,0.451,4.257,0.352,banana,fresh
54375407,53777,92.25,871.00,71.95,0.451,4.257,0.352,banana,fresh
54376419,53778,92.35,871.00,72.00,0.451,4.257,0.352,banana,fresh
54377430,53779,92.15,871.00,72.00,0.450,4.257,0.352,banana,fresh
54378441,53780,92.45,871.00,72.00,0.452,4.257,0.352,banana,fresh
54379452,53781,92.50,871.05,72.00,0.452,4.257,0.352,banana,fresh
54380463,53782,92.15,871.00,72.05,0.450,4.257,0.352,banana,fresh
54381474,53783,92.40,871.00,72.00,0.452,4.257,0.352,banana,fresh
54382485,53784,92.35,871.00,71.95,0.451,4.257,0.352,banana,fresh
54383497,53785,92.25,871.05,71.90,0.451,4.257,0.351,banana,fresh
54384507,53786,92.35,871.00,72.00,0.451,4.257,0.352,banana,fresh
54385519,53787,92.55,871.00,72.00,0.452,4.257,0.352,banana,fresh
54386530,53788,92.30,871.00,72.00,0.451,4.257,0.352,banana,fresh
54387540,53789,92.40,871.05,71.90,0.452,4.257,0.351,banana,fresh
54388552,53790,92.35,871.05,72.00,0.451,4.257,0.352,banana,fresh
54389563,53791,92.20,871.00,72.00,0.451,4.257,0.352,banana,fresh
54390575,53792,92.20,871.00,72.00,0.451,4.257,0.352,banana,fresh
54391585,53793,92.25,871.00,72.00,0.451,4.257,0.352,banana,fresh
54392597,53794,92.35,871.00,72.00,0.451,4.257,0.352,banana,fresh
54393608,53795,92.25,871.00,72.00,0.451,4.257,0.352,banana,fresh
54394618,53796,92.40,871.00,72.00,0.452,4.257,0.352,banana,fresh
54395630,53797,92.15,871.00,72.00,0.450,4.257,0.352,banana,fresh
54396641,53798,92.25,871.00,71.95,0.451,4.257,0.352,banana,fresh
54397652,53799,92.35,871.00,72.00,0.451,4.257,0.352,banana,fresh
54398663,53800,92.20,871.05,71.95,0.451,4.257,0.352,banana,fresh
54399675,53801,92.10,871.00,72.00,0.450,4.257,0.352,banana,fresh
54400686,53802,92.30,871.00,71.90,0.451,4.257,0.351,banana,fresh
54401696,53803,92.45,871.00,72.00,0.452,4.257,0.352,banana,fresh
54402708,53804,92.35,871.00,72.00,0.451,4.257,0.352,banana,fresh
54403719,53805,92.20,871.00,72.00,0.451,4.257,0.352,banana,fresh
54404730,53806,92.30,871.05,72.00,0.451,4.257,0.352,banana,fresh
54405741,53807,92.30,871.00,72.00,0.451,4.257,0.352,banana,fresh
54406753,53808,92.30,871.00,72.00,0.451,4.257,0.352,banana,fresh
54407763,53809,92.30,871.05,72.00,0.451,4.257,0.352,banana,fresh
54408774,53810,92.20,870.95,72.00,0.451,4.257,0.352,banana,fresh
54409786,53811,92.05,871.00,72.00,0.450,4.257,0.352,banana,fresh
54410797,53812,92.15,871.00,72.00,0.450,4.257,0.352,banana,fresh
54411808,53813,92.35,871.05,72.00,0.451,4.257,0.352,banana,fresh
54412819,53814,92.25,871.00,72.00,0.451,4.257,0.352,banana,fresh
54413830,53815,92.30,871.05,72.00,0.451,4.257,0.352,banana,fresh
54414841,53816,92.20,871.00,72.00,0.451,4.257,0.352,banana,fresh
54415852,53817,92.20,871.00,72.00,0.451,4.257,0.352,banana,fresh
54416864,53818,92.05,871.00,72.00,0.450,4.257,0.352,banana,fresh
54417874,53819,92.25,871.00,72.00,0.451,4.257,0.352,banana,fresh
54418886,53820,92.30,871.00,72.00,0.451,4.257,0.352,banana,fresh
54419897,53821,92.35,871.00,72.00,0.451,4.257,0.352,banana,fresh
54420908,53822,92.20,871.00,72.00,0.451,4.257,0.352,banana,fresh
54421919,53823,92.30,871.00,72.00,0.451,4.257,0.352,banana,fresh
54422930,53824,92.30,871.00,72.00,0.451,4.257,0.352,banana,fresh
54423942,53825,92.45,871.00,72.00,0.452,4.257,0.352,banana,fresh
54424952,53826,92.25,871.00,72.00,0.451,4.257,0.352,banana,fresh
54425963,53827,92.50,871.00,72.00,0.452,4.257,0.352,banana,fresh
54426975,53828,92.35,871.05,72.00,0.451,4.257,0.352,banana,fresh
54427985,53829,92.15,871.00,72.00,0.450,4.257,0.352,banana,fresh
54428997,53830,92.30,871.05,72.00,0.451,4.257,0.352,banana,fresh
54430008,53831,92.15,871.00,71.95,0.450,4.257,0.352,banana,fresh
54431020,53832,92.20,871.00,71.95,0.451,4.257,0.352,banana,fresh
54432030,53833,92.25,871.00,72.00,0.451,4.257,0.352,banana,fresh
54433041,53834,92.25,871.05,72.00,0.451,4.257,0.352,banana,fresh
54434053,53835,92.25,871.00,72.00,0.451,4.257,0.352,banana,fresh
54435063,53836,92.15,871.05,71.95,0.450,4.257,0.352,banana,fresh
54436075,53837,92.25,871.00,72.00,0.451,4.257,0.352,banana,fresh
54437086,53838,92.20,871.00,72.00,0.451,4.257,0.352,banana,fresh
54438097,53839,92.40,871.05,72.00,0.452,4.257,0.352,banana,fresh
54439108,53840,92.35,871.00,72.05,0.451,4.257,0.352,banana,fresh
54440119,53841,92.25,871.00,72.00,0.451,4.257,0.352,banana,fresh
54441131,53842,92.30,871.05,72.00,0.451,4.257,0.352,banana,fresh
54442141,53843,92.25,871.05,72.00,0.451,4.257,0.352,banana,fresh
54443153,53844,92.20,871.00,72.00,0.451,4.257,0.352,banana,fresh
54444164,53845,92.35,871.00,72.00,0.451,4.257,0.352,banana,fresh
54445175,53846,92.25,871.00,72.00,0.451,4.257,0.352,banana,fresh
54446186,53847,92.20,871.00,72.00,0.451,4.257,0.352,banana,fresh
54447197,53848,92.40,871.00,72.00,0.452,4.257,0.352,banana,fresh
54448208,53849,92.30,871.00,72.00,0.451,4.257,0.352,banana,fresh
54449219,53850,92.10,871.00,72.00,0.450,4.257,0.352,banana,fresh
54450231,53851,92.30,871.00,72.00,0.451,4.257,0.352,banana,fresh
54451241,53852,92.20,871.05,72.00,0.451,4.257,0.352,banana,fresh
54452252,53853,92.35,871.00,72.00,0.451,4.257,0.352,banana,fresh
54453264,53854,92.25,871.00,72.00,0.451,4.257,0.352,banana,fresh
54454275,53855,92.35,871.00,72.00,0.451,4.257,0.352,banana,fresh
54455286,53856,92.30,871.00,72.00,0.451,4.257,0.352,banana,fresh
54456297,53857,92.20,871.00,72.00,0.451,4.257,0.352,banana,fresh
54457309,53858,92.25,871.00,72.00,0.451,4.257,0.352,banana,fresh
54458319,53859,92.20,871.00,72.00,0.451,4.257,0.352,banana,fresh
54459330,53860,92.20,871.00,72.00,0.451,4.257,0.352,banana,fresh
54460342,53861,92.20,871.00,72.00,0.451,4.257,0.352,banana,fresh
54461352,53862,92.15,871.00,72.00,0.450,4.257,0.352,banana,fresh
54462364,53863,92.20,871.05,72.00,0.451,4.257,0.352,banana,fresh
54463375,53864,92.15,871.05,72.00,0.450,4.257,0.352,banana,fresh
54464387,53865,92.30,871.00,72.00,0.451,4.257,0.352,banana,fresh
54465397,53866,92.25,871.00,72.00,0.451,4.257,0.352,banana,fresh
54466408,53867,92.20,871.00,72.00,0.451,4.257,0.352,banana,fresh
54467420,53868,92.25,871.00,72.00,0.451,4.257,0.352,banana,fresh
54468430,53869,92.35,871.00,72.00,0.451,4.257,0.352,banana,fresh
54469442,53870,92.35,871.00,71.95,0.451,4.257,0.352,banana,fresh
54470453,53871,92.45,871.00,72.00,0.452,4.257,0.352,banana,fresh
54471464,53872,92.25,871.00,72.00,0.451,4.257,0.352,banana,fresh
54472475,53873,92.30,871.00,72.00,0.451,4.257,0.352,banana,fresh
54473486,53874,92.35,871.10,72.00,0.451,4.258,0.352,banana,fresh
54474498,53875,92.30,871.00,72.00,0.451,4.257,0.352,banana,fresh
54475508,53876,92.20,871.00,72.00,0.451,4.257,0.352,banana,fresh
54476520,53877,92.30,871.00,72.00,0.451,4.257,0.352,banana,fresh
54477531,53878,92.15,871.00,72.00,0.450,4.257,0.352,banana,fresh
54478541,53879,92.10,871.00,72.00,0.450,4.257,0.352,banana,fresh
54479553,53880,92.35,871.00,72.00,0.451,4.257,0.352,banana,fresh
54480564,53881,92.15,871.05,72.00,0.450,4.257,0.352,banana,fresh
54481575,53882,92.10,871.00,72.00,0.450,4.257,0.352,banana,fresh
54482586,53883,92.45,871.00,72.00,0.452,4.257,0.352,banana,fresh
54483598,53884,92.20,871.00,72.00,0.451,4.257,0.352,banana,fresh
54484609,53885,92.15,871.00,72.00,0.450,4.257,0.352,banana,fresh
54485619,53886,92.15,871.00,72.00,0.450,4.257,0.352,banana,fresh
54486631,53887,92.10,871.00,72.00,0.450,4.257,0.352,banana,fresh
54487642,53888,92.15,871.00,72.00,0.450,4.257,0.352,banana,fresh
54488653,53889,92.15,871.00,72.00,0.450,4.257,0.352,banana,fresh
54489664,53890,92.20,871.00,72.00,0.451,4.257,0.352,banana,fresh
54490675,53891,92.15,871.00,72.00,0.450,4.257,0.352,banana,fresh
54491686,53892,92.05,871.00,71.95,0.450,4.257,0.352,banana,fresh
54492697,53893,92.25,871.00,72.00,0.451,4.257,0.352,banana,fresh
54493709,53894,92.10,871.00,72.00,0.450,4.257,0.352,banana,fresh
54494720,53895,92.30,871.00,72.00,0.451,4.257,0.352,banana,fresh
54495731,53896,92.25,871.00,72.00,0.451,4.257,0.352,banana,fresh
54496742,53897,92.15,871.00,72.00,0.450,4.257,0.352,banana,fresh
54497753,53898,92.15,871.00,72.00,0.450,4.257,0.352,banana,fresh
54498764,53899,92.30,871.00,72.00,0.451,4.257,0.352,banana,fresh
54499775,53900,92.05,871.00,72.00,0.450,4.257,0.352,banana,fresh
54500787,53901,92.05,871.00,72.00,0.450,4.257,0.352,banana,fresh
54501797,53902,92.25,871.00,72.00,0.451,4.257,0.352,banana,fresh
54502808,53903,92.10,871.00,72.00,0.450,4.257,0.352,banana,fresh
54503820,53904,92.20,871.05,72.00,0.451,4.257,0.352,banana,fresh
54504830,53905,92.20,871.00,72.05,0.451,4.257,0.352,banana,fresh
54505842,53906,92.15,871.00,72.00,0.450,4.257,0.352,banana,fresh
54506853,53907,92.15,871.00,72.00,0.450,4.257,0.352,banana,fresh
54507865,53908,92.25,871.00,72.00,0.451,4.257,0.352,banana,fresh
54508875,53909,92.20,871.00,72.00,0.451,4.257,0.352,banana,fresh
54509886,53910,92.35,871.00,72.00,0.451,4.257,0.352,banana,fresh
54510898,53911,92.25,871.00,72.00,0.451,4.257,0.352,banana,fresh
54511908,53912,92.20,871.00,72.00,0.451,4.257,0.352,banana,fresh
54512920,53913,92.10,871.00,72.00,0.450,4.257,0.352,banana,fresh
54513931,53914,92.10,871.00,72.00,0.450,4.257,0.352,banana,fresh
54514941,53915,92.15,871.00,72.00,0.450,4.257,0.352,banana,fresh
54515953,53916,92.20,871.00,72.00,0.451,4.257,0.352,banana,fresh
54516964,53917,92.10,871.00,72.00,0.450,4.257,0.352,banana,fresh
54517976,53918,92.25,871.00,72.00,0.451,4.257,0.352,banana,fresh
54518986,53919,92.00,871.00,72.00,0.450,4.257,0.352,banana,fresh
54519998,53920,92.20,871.00,72.00,0.451,4.257,0.352,banana,fresh
54521009,53921,92.15,871.00,72.00,0.450,4.257,0.352,banana,fresh
54522019,53922,92.15,871.00,72.00,0.450,4.257,0.352,banana,fresh
54523031,53923,92.05,871.00,72.00,0.450,4.257,0.352,banana,fresh
54524042,53924,92.15,871.00,72.00,0.450,4.257,0.352,banana,fresh
54525053,53925,92.15,871.00,72.00,0.450,4.257,0.352,banana,fresh
54526064,53926,92.10,871.00,72.00,0.450,4.257,0.352,banana,fresh
54527075,53927,92.10,871.00,72.00,0.450,4.257,0.352,banana,fresh
54528087,53928,92.05,871.00,72.10,0.450,4.257,0.352,banana,fresh
54529097,53929,92.10,871.00,72.00,0.450,4.257,0.352,banana,fresh
54530109,53930,92.20,871.00,72.00,0.451,4.257,0.352,banana,fresh
54531120,53931,92.25,871.00,72.00,0.451,4.257,0.352,banana,fresh
54532131,53932,92.25,871.00,72.00,0.451,4.257,0.352,banana,fresh
54533142,53933,92.15,871.00,72.00,0.450,4.257,0.352,banana,fresh
54534153,53934,92.20,871.00,72.00,0.451,4.257,0.352,banana,fresh
54535164,53935,92.10,871.00,72.00,0.450,4.257,0.352,banana,fresh
54536175,53936,92.20,871.00,72.00,0.451,4.257,0.352,banana,fresh
54537187,53937,92.15,871.00,72.00,0.450,4.257,0.352,banana,fresh
54538198,53938,92.15,871.00,72.00,0.450,4.257,0.352,banana,fresh
54539209,53939,92.10,871.00,72.00,0.450,4.257,0.352,banana,fresh
54540220,53940,92.10,871.00,72.00,0.450,4.257,0.352,banana,fresh
54541231,53941,92.10,871.00,72.00,0.450,4.257,0.352,banana,fresh
54542242,53942,92.15,871.00,72.00,0.450,4.257,0.352,banana,fresh
54543253,53943,92.00,871.00,72.00,0.450,4.257,0.352,banana,fresh
54544265,53944,92.15,871.00,72.00,0.450,4.257,0.352,banana,fresh
54545275,53945,92.15,871.00,72.00,0.450,4.257,0.352,banana,fresh
54546286,53946,92.20,871.00,72.00,0.451,4.257,0.352,banana,fresh
54547298,53947,92.20,871.00,72.00,0.451,4.257,0.352,banana,fresh
54548308,53948,92.15,871.00,71.95,0.450,4.257,0.352,banana,fresh
54549320,53949,92.10,871.00,72.00,0.450,4.257,0.352,banana,fresh
54550331,53950,92.10,871.00,72.00,0.450,4.257,0.352,banana,fresh
54551342,53951,92.25,871.00,72.00,0.451,4.257,0.352,banana,fresh
54552353,53952,92.05,871.00,72.00,0.450,4.257,0.352,banana,fresh
54553364,53953,92.10,871.05,72.00,0.450,4.257,0.352,banana,fresh
54554376,53954,92.15,871.00,72.00,0.450,4.257,0.352,banana,fresh
54555386,53955,92.15,871.05,72.00,0.450,4.257,0.352,banana,fresh
54556398,53956,92.10,871.00,72.05,0.450,4.257,0.352,banana,fresh
54557409,53957,92.05,871.00,72.00,0.450,4.257,0.352,banana,fresh
54558419,53958,92.15,870.95,72.00,0.450,4.257,0.352,banana,fresh
54559431,53959,92.20,871.00,72.00,0.451,4.257,0.352,banana,fresh
54560442,53960,92.15,871.00,72.00,0.450,4.257,0.352,banana,fresh
54561454,53961,92.00,871.00,72.00,0.450,4.257,0.352,banana,fresh
54562464,53962,92.15,871.00,72.00,0.450,4.257,0.352,banana,fresh
54563476,53963,92.20,871.00,72.00,0.451,4.257,0.352,banana,fresh
54564487,53964,92.10,871.00,72.00,0.450,4.257,0.352,banana,fresh
54565497,53965,92.00,871.00,72.00,0.450,4.257,0.352,banana,fresh
54566509,53966,92.40,871.00,72.00,0.452,4.257,0.352,banana,fresh
54567520,53967,92.30,871.00,72.00,0.451,4.257,0.352,banana,fresh
54568531,53968,92.15,871.00,72.00,0.450,4.257,0.352,banana,fresh
54569542,53969,92.25,871.00,72.00,0.451,4.257,0.352,banana,fresh
54570553,53970,92.15,871.00,72.00,0.450,4.257,0.352,banana,fresh
54571565,53971,92.15,871.00,72.00,0.450,4.257,0.352,banana,fresh
54572575,53972,92.15,871.00,72.05,0.450,4.257,0.352,banana,fresh
54573587,53973,92.20,871.00,72.00,0.451,4.257,0.352,banana,fresh
54574598,53974,92.20,871.00,72.00,0.451,4.257,0.352,banana,fresh
54575609,53975,92.05,871.00,72.00,0.450,4.257,0.352,banana,fresh
54576620,53976,92.10,871.00,72.00,0.450,4.257,0.352,banana,fresh
54577631,53977,92.05,871.00,72.00,0.450,4.257,0.352,banana,fresh
54578642,53978,92.05,871.00,72.00,0.450,4.257,0.352,banana,fresh
54579653,53979,92.10,871.00,72.00,0.450,4.257,0.352,banana,fresh
54580665,53980,92.10,871.00,72.00,0.450,4.257,0.352,banana,fresh
54581676,53981,92.05,871.00,72.00,0.450,4.257,0.352,banana,fresh
54582687,53982,92.05,871.00,72.00,0.450,4.257,0.352,banana,fresh
54583698,53983,92.10,871.00,72.00,0.450,4.257,0.352,banana,fresh
54584709,53984,92.05,870.95,72.00,0.450,4.257,0.352,banana,fresh
54585720,53985,92.10,871.00,72.00,0.450,4.257,0.352,banana,fresh
54586731,53986,92.15,871.05,72.00,0.450,4.257,0.352,banana,fresh
54587743,53987,92.15,871.00,72.00,0.450,4.257,0.352,banana,fresh
54588753,53988,92.15,871.00,72.00,0.450,4.257,0.352,banana,fresh
54589764,53989,92.05,871.00,72.00,0.450,4.257,0.352,banana,fresh
54590776,53990,92.20,871.00,72.00,0.451,4.257,0.352,banana,fresh
54591787,53991,92.15,871.00,72.00,0.450,4.257,0.352,banana,fresh
54592798,53992,92.10,871.00,72.00,0.450,4.257,0.352,banana,fresh
54593809,53993,92.15,871.00,72.00,0.450,4.257,0.352,banana,fresh
54594820,53994,92.10,871.05,72.00,0.450,4.257,0.352,banana,fresh
54595831,53995,92.00,871.00,72.00,0.450,4.257,0.352,banana,fresh
54596842,53996,92.10,871.00,72.00,0.450,4.257,0.352,banana,fresh
54597854,53997,92.15,871.00,71.95,0.450,4.257,0.352,banana,fresh
54598864,53998,92.20,871.00,72.00,0.451,4.257,0.352,banana,fresh
54599876,53999,92.10,871.00,72.00,0.450,4.257,0.352,banana,fresh
54600887,54000,92.15,871.00,72.00,0.450,4.257,0.352,banana,fresh
54601897,54001,92.10,871.00,72.10,0.450,4.257,0.352,banana,fresh
54602909,54002,92.10,871.00,72.00,0.450,4.257,0.352,banana,fresh
54603920,54003,92.20,870.95,72.00,0.451,4.257,0.352,banana,fresh
54604932,54004,92.05,871.05,72.00,0.450,4.257,0.352,banana,fresh
54605942,54005,92.10,871.00,72.00,0.450,4.257,0.352,banana,fresh
54606954,54006,92.15,871.00,72.00,0.450,4.257,0.352,banana,fresh
54607965,54007,92.15,871.00,72.00,0.450,4.257,0.352,banana,fresh
54608975,54008,92.05,871.00,72.00,0.450,4.257,0.352,banana,fresh
54609987,54009,92.10,871.00,72.00,0.450,4.257,0.352,banana,fresh
54610998,54010,92.10,871.00,72.00,0.450,4.257,0.352,banana,fresh
54612009,54011,92.05,871.00,72.00,0.450,4.257,0.352,banana,fresh
54613020,54012,92.05,871.00,72.00,0.450,4.257,0.352,banana,fresh
54614031,54013,92.10,871.00,72.00,0.450,4.257,0.352,banana,fresh
54615043,54014,92.05,871.00,72.00,0.450,4.257,0.352,banana,fresh
54616053,54015,92.05,871.00,72.05,0.450,4.257,0.352,banana,fresh
54617065,54016,92.05,871.00,71.95,0.450,4.257,0.352,banana,fresh
54618076,54017,92.05,871.00,72.00,0.450,4.257,0.352,banana,fresh
54619087,54018,92.05,871.00,72.00,0.450,4.257,0.352,banana,fresh
54620098,54019,92.25,871.00,71.95,0.451,4.257,0.352,banana,fresh
54621109,54020,92.05,871.00,71.95,0.450,4.257,0.352,banana,fresh
54622120,54021,92.20,871.00,72.00,0.451,4.257,0.352,banana,fresh
54623131,54022,92.25,871.00,72.00,0.451,4.257,0.352,banana,fresh
54624143,54023,92.15,871.00,72.00,0.450,4.257,0.352,banana,fresh
54625154,54024,92.05,871.00,72.05,0.450,4.257,0.352,banana,fresh
54626165,54025,92.15,871.00,72.00,0.450,4.257,0.352,banana,fresh
54627176,54026,92.05,871.00,72.00,0.450,4.257,0.352,banana,fresh
54628187,54027,92.10,871.00,71.95,0.450,4.257,0.352,banana,fresh
54629198,54028,92.10,871.00,72.00,0.450,4.257,0.352,banana,fresh
54630209,54029,92.10,871.00,72.00,0.450,4.257,0.352,banana,fresh
54631221,54030,92.15,870.95,71.95,0.450,4.257,0.352,banana,fresh
54632231,54031,92.00,871.00,72.00,0.450,4.257,0.352,banana,fresh
54633242,54032,92.10,871.00,72.00,0.450,4.257,0.352,banana,fresh
54634254,54033,92.25,871.00,72.00,0.451,4.257,0.352,banana,fresh
54635265,54034,92.10,871.00,72.00,0.450,4.257,0.352,banana,fresh
54636276,54035,92.15,871.00,72.00,0.450,4.257,0.352,banana,fresh
54637287,54036,92.00,871.00,72.00,0.450,4.257,0.352,banana,fresh
54638299,54037,92.10,871.00,72.00,0.450,4.257,0.352,banana,fresh
54639309,54038,92.10,871.00,72.00,0.450,4.257,0.352,banana,fresh
54640320,54039,92.05,871.00,72.00,0.450,4.257,0.352,banana,fresh
54641332,54040,92.10,871.00,72.00,0.450,4.257,0.352,banana,fresh
54642342,54041,92.00,871.00,72.00,0.450,4.257,0.352,banana,fresh
54643354,54042,92.00,871.00,72.00,0.450,4.257,0.352,banana,fresh
54644365,54043,92.10,871.00,72.00,0.450,4.257,0.352,banana,fresh
54645377,54044,92.10,871.00,72.00,0.450,4.257,0.352,banana,fresh
54646387,54045,92.10,871.00,72.00,0.450,4.257,0.352,banana,fresh
54647398,54046,92.05,871.00,72.00,0.450,4.257,0.352,banana,fresh
54648410,54047,92.05,871.00,72.00,0.450,4.257,0.352,banana,fresh
54649420,54048,92.00,871.00,72.00,0.450,4.257,0.352,banana,fresh
54650432,54049,92.10,871.00,71.95,0.450,4.257,0.352,banana,fresh
54651443,54050,92.00,871.00,72.00,0.450,4.257,0.352,banana,fresh
54652453,54051,92.10,871.00,72.00,0.450,4.257,0.352,banana,fresh
54653465,54052,92.05,871.00,72.00,0.450,4.257,0.352,banana,fresh
54654476,54053,92.10,871.00,72.00,0.450,4.257,0.352,banana,fresh
54655488,54054,92.05,871.00,71.95,0.450,4.257,0.352,banana,fresh
54656498,54055,92.00,871.00,72.00,0.450,4.257,0.352,banana,fresh
54657510,54056,92.10,871.00,72.00,0.450,4.257,0.352,banana,fresh
54658521,54057,92.15,871.00,72.00,0.450,4.257,0.352,banana,fresh
54659531,54058,92.00,871.00,72.00,0.450,4.257,0.352,banana,fresh
54660543,54059,92.05,871.00,72.00,0.450,4.257,0.352,banana,fresh
54661554,54060,92.10,871.00,72.00,0.450,4.257,0.352,banana,fresh
54662565,54061,92.10,870.95,72.00,0.450,4.257,0.352,banana,fresh
54663576,54062,92.05,871.00,72.00,0.450,4.257,0.352,banana,fresh
54664587,54063,92.05,871.05,72.00,0.450,4.257,0.352,banana,fresh
54665598,54064,92.05,871.00,72.00,0.450,4.257,0.352,banana,fresh
54666609,54065,92.05,871.00,72.00,0.450,4.257,0.352,banana,fresh
54667621,54066,92.05,871.05,72.00,0.450,4.257,0.352,banana,fresh
54668632,54067,92.05,871.00,72.00,0.450,4.257,0.352,banana,fresh
54669643,54068,92.15,871.00,72.00,0.450,4.257,0.352,banana,fresh
54670654,54069,92.10,871.00,72.00,0.450,4.257,0.352,banana,fresh
54671665,54070,92.00,871.00,72.00,0.450,4.257,0.352,banana,fresh
54672676,54071,92.00,871.00,72.00,0.450,4.257,0.352,banana,fresh
54673687,54072,92.10,871.00,72.00,0.450,4.257,0.352,banana,fresh
54674699,54073,92.05,871.00,72.00,0.450,4.257,0.352,banana,fresh
54675709,54074,92.00,871.00,72.00,0.450,4.257,0.352,banana,fresh
54676721,54075,92.05,871.00,72.00,0.450,4.257,0.352,banana,fresh
54677732,54076,92.05,871.00,72.05,0.450,4.257,0.352,banana,fresh
54678743,54077,92.05,871.00,72.00,0.450,4.257,0.352,banana,fresh
54679754,54078,92.05,871.00,72.00,0.450,4.257,0.352,banana,fresh
54680765,54079,92.00,871.00,72.00,0.450,4.257,0.352,banana,fresh
54681777,54080,92.10,871.00,72.00,0.450,4.257,0.352,banana,fresh
54682787,54081,92.05,871.00,72.00,0.450,4.257,0.352,banana,fresh
54683798,54082,92.05,871.00,72.00,0.450,4.257,0.352,banana,fresh
54684810,54083,92.00,871.00,72.00,0.450,4.257,0.352,banana,fresh
54685820,54084,92.10,871.00,72.00,0.450,4.257,0.352,banana,fresh
54686832,54085,92.05,871.00,72.00,0.450,4.257,0.352,banana,fresh
54687843,54086,92.15,871.00,72.00,0.450,4.257,0.352,banana,fresh
54688855,54087,92.10,871.00,72.00,0.450,4.257,0.352,banana,fresh
54689865,54088,92.05,871.00,72.00,0.450,4.257,0.352,banana,fresh
54690876,54089,92.05,871.00,72.00,0.450,4.257,0.352,banana,fresh
54691888,54090,92.05,871.00,72.00,0.450,4.257,0.352,banana,fresh
54692898,54091,92.05,871.05,72.00,0.450,4.257,0.352,banana,fresh
54693910,54092,92.10,871.00,72.00,0.450,4.257,0.352,banana,fresh
54694921,54093,92.00,871.00,72.00,0.450,4.257,0.352,banana,fresh
54695931,54094,92.10,871.00,72.00,0.450,4.257,0.352,banana,fresh
54696943,54095,92.00,871.00,72.00,0.450,4.257,0.352,banana,fresh
54697954,54096,92.15,871.00,72.00,0.450,4.257,0.352,banana,fresh
54698966,54097,92.25,870.95,72.00,0.451,4.257,0.352,banana,fresh
54699976,54098,92.05,871.00,72.00,0.450,4.257,0.352,banana,fresh
54700988,54099,92.10,871.00,72.00,0.450,4.257,0.352,banana,fresh
54701999,54100,92.00,870.95,72.00,0.450,4.257,0.352,banana,fresh
54703009,54101,92.00,871.00,72.00,0.450,4.257,0.352,banana,fresh
54704021,54102,92.10,870.95,72.00,0.450,4.257,0.352,banana,fresh
54705032,54103,92.10,871.00,72.00,0.450,4.257,0.352,banana,fresh
54706043,54104,92.05,871.00,72.00,0.450,4.257,0.352,banana,fresh
54707054,54105,92.10,871.00,72.00,0.450,4.257,0.352,banana,fresh
54708066,54106,92.05,871.00,72.00,0.450,4.257,0.352,banana,fresh
54709076,54107,92.05,870.95,72.05,0.450,4.257,0.352,banana,fresh
54710087,54108,92.10,871.00,72.00,0.450,4.257,0.352,banana,fresh
54711099,54109,92.05,870.95,72.00,0.450,4.257,0.352,banana,fresh
54712110,54110,92.10,870.95,72.00,0.450,4.257,0.352,banana,fresh
54713121,54111,92.00,871.00,72.00,0.450,4.257,0.352,banana,fresh
54714132,54112,92.05,871.00,72.00,0.450,4.257,0.352,banana,fresh
54715143,54113,92.05,871.00,71.95,0.450,4.257,0.352,banana,fresh
54716154,54114,92.10,871.00,72.00,0.450,4.257,0.352,banana,fresh
54717165,54115,92.05,871.00,72.00,0.450,4.257,0.352,banana,fresh
54718177,54116,92.05,871.00,71.95,0.450,4.257,0.352,banana,fresh
54719187,54117,92.05,871.00,72.00,0.450,4.257,0.352,banana,fresh
54720199,54118,91.95,871.00,72.00,0.449,4.257,0.352,banana,fresh
54721210,54119,92.05,871.00,71.95,0.450,4.257,0.352,banana,fresh
54722221,54120,92.10,871.00,72.00,0.450,4.257,0.352,banana,fresh
54723232,54121,92.20,871.00,72.00,0.451,4.257,0.352,banana,fresh
54724243,54122,92.05,871.00,72.00,0.450,4.257,0.352,banana,fresh
54725255,54123,92.05,871.00,72.00,0.450,4.257,0.352,banana,fresh
54726265,54124,92.05,871.00,71.95,0.450,4.257,0.352,banana,fresh
54727277,54125,92.00,871.00,72.00,0.450,4.257,0.352,banana,fresh
54728288,54126,92.00,871.00,72.00,0.450,4.257,0.352,banana,fresh
54729298,54127,92.00,871.00,72.00,0.450,4.257,0.352,banana,fresh
54730310,54128,92.00,871.00,72.00,0.450,4.257,0.352,banana,fresh
54731321,54129,92.00,871.00,72.00,0.450,4.257,0.352,banana,fresh
54732333,54130,92.05,871.00,72.00,0.450,4.257,0.352,banana,fresh
54733343,54131,92.00,871.00,72.00,0.450,4.257,0.352,banana,fresh
54734354,54132,92.05,871.00,72.00,0.450,4.257,0.352,banana,fresh
54735366,54133,92.00,871.00,72.00,0.450,4.257,0.352,banana,fresh
54736376,54134,92.10,870.95,72.00,0.450,4.257,0.352,banana,fresh
54737388,54135,92.00,871.00,72.00,0.450,4.257,0.352,banana,fresh
54738399,54136,92.05,871.00,71.95,0.450,4.257,0.352,banana,fresh
54739410,54137,92.05,870.95,72.00,0.450,4.257,0.352,banana,fresh
54740421,54138,92.00,871.00,72.00,0.450,4.257,0.352,banana,fresh
54741432,54139,92.00,871.00,72.00,0.450,4.257,0.352,banana,fresh
54742444,54140,92.05,871.00,72.00,0.450,4.257,0.352,banana,fresh
54743454,54141,92.05,871.00,72.00,0.450,4.257,0.352,banana,fresh
54744466,54142,92.00,871.00,72.00,0.450,4.257,0.352,banana,fresh
54745477,54143,92.00,871.00,72.00,0.450,4.257,0.352,banana,fresh
54746487,54144,92.05,871.00,72.00,0.450,4.257,0.352,banana,fresh
54747499,54145,92.15,870.95,72.00,0.450,4.257,0.352,banana,fresh
54748510,54146,92.00,871.00,72.00,0.450,4.257,0.352,banana,fresh
54749521,54147,92.05,870.95,72.00,0.450,4.257,0.352,banana,fresh
54750532,54148,92.00,871.00,71.95,0.450,4.257,0.352,banana,fresh
54751544,54149,92.00,871.00,72.00,0.450,4.257,0.352,banana,fresh
54752555,54150,91.95,870.95,72.00,0.449,4.257,0.352,banana,fresh
54753565,54151,92.10,871.00,72.00,0.450,4.257,0.352,banana,fresh
54754577,54152,92.00,871.00,72.00,0.450,4.257,0.352,banana,fresh
54755588,54153,92.10,871.00,72.00,0.450,4.257,0.352,banana,fresh
54756599,54154,92.10,871.00,72.00,0.450,4.257,0.352,banana,fresh
54757610,54155,92.10,871.00,72.00,0.450,4.257,0.352,banana,fresh
54758621,54156,92.05,871.00,72.00,0.450,4.257,0.352,banana,fresh
54759632,54157,92.10,870.95,72.00,0.450,4.257,0.352,banana,fresh
54760643,54158,92.05,871.00,72.00,0.450,4.257,0.352,banana,fresh
54761655,54159,92.00,871.00,72.00,0.450,4.257,0.352,banana,fresh
54762665,54160,92.00,870.95,72.00,0.450,4.257,0.352,banana,fresh
54763677,54161,92.00,870.95,72.00,0.450,4.257,0.352,banana,fresh
54764688,54162,92.00,871.00,72.00,0.450,4.257,0.352,banana,fresh
54765699,54163,92.05,871.00,72.00,0.450,4.257,0.352,banana,fresh
54766710,54164,92.00,871.00,72.00,0.450,4.257,0.352,banana,fresh
54767721,54165,92.00,871.00,72.00,0.450,4.257,0.352,banana,fresh
54768733,54166,92.00,871.00,72.00,0.450,4.257,0.352,banana,fresh
54769743,54167,92.05,870.95,72.00,0.450,4.257,0.352,banana,fresh
54770754,54168,92.00,871.00,72.00,0.450,4.257,0.352,banana,fresh
54771766,54169,92.00,871.00,72.00,0.450,4.257,0.352,banana,fresh
54772776,54170,92.05,870.95,72.00,0.450,4.257,0.352,banana,fresh
54773788,54171,92.15,871.00,72.00,0.450,4.257,0.352,banana,fresh
54774799,54172,92.05,871.00,72.00,0.450,4.257,0.352,banana,fresh
54775811,54173,92.00,870.95,72.00,0.450,4.257,0.352,banana,fresh
54776821,54174,92.10,871.00,72.00,0.450,4.257,0.352,banana,fresh
54777832,54175,92.00,871.00,72.00,0.450,4.257,0.352,banana,fresh
54778844,54176,92.00,871.00,72.00,0.450,4.257,0.352,banana,fresh
54779854,54177,92.05,871.00,72.00,0.450,4.257,0.352,banana,fresh
54780866,54178,92.00,871.00,72.00,0.450,4.257,0.352,banana,fresh
54781877,54179,92.00,871.00,71.95,0.450,4.257,0.352,banana,fresh
54782887,54180,92.10,871.00,72.00,0.450,4.257,0.352,banana,fresh
54783899,54181,92.00,871.00,72.00,0.450,4.257,0.352,banana,fresh
54784910,54182,92.00,870.95,72.00,0.450,4.257,0.352,banana,fresh
54785922,54183,92.00,870.95,72.00,0.450,4.257,0.352,banana,fresh
54786932,54184,92.10,871.00,72.00,0.450,4.257,0.352,banana,fresh
54787944,54185,92.00,871.00,72.00,0.450,4.257,0.352,banana,fresh
54788955,54186,92.00,871.00,72.00,0.450,4.257,0.352,banana,fresh
54789965,54187,92.00,871.00,71.95,0.450,4.257,0.352,banana,fresh
54790977,54188,92.00,871.00,72.00,0.450,4.257,0.352,banana,fresh
54791988,54189,92.00,871.00,72.05,0.450,4.257,0.352,banana,fresh
54792999,54190,92.00,871.00,72.00,0.450,4.257,0.352,banana,fresh
54794010,54191,92.05,870.95,72.00,0.450,4.257,0.352,banana,fresh
54795021,54192,92.00,871.00,72.00,0.450,4.257,0.352,banana,fresh
54796033,54193,92.15,871.00,72.00,0.450,4.257,0.352,banana,fresh
54797043,54194,92.05,870.95,72.00,0.450,4.257,0.352,banana,fresh
54798055,54195,92.00,871.00,72.00,0.450,4.257,0.352,banana,fresh
54799066,54196,92.00,871.00,72.00,0.450,4.257,0.352,banana,fresh
54800076,54197,92.05,871.00,72.00,0.450,4.257,0.352,banana,fresh
54801088,54198,92.00,870.95,72.00,0.450,4.257,0.352,banana,fresh
54802099,54199,92.00,871.00,72.00,0.450,4.257,0.352,banana,fresh
54803110,54200,92.00,871.00,72.00,0.450,4.257,0.352,banana,fresh
54804121,54201,92.00,871.00,72.00,0.450,4.257,0.352,banana,fresh
54805133,54202,92.00,871.00,72.05,0.450,4.257,0.352,banana,fresh
54806144,54203,92.15,871.00,72.00,0.450,4.257,0.352,banana,fresh
54807154,54204,92.10,870.95,72.00,0.450,4.257,0.352,banana,fresh
54808166,54205,91.95,871.00,72.00,0.449,4.257,0.352,banana,fresh
54809177,54206,92.05,871.00,72.00,0.450,4.257,0.352,banana,fresh
54810188,54207,92.05,870.95,72.00,0.450,4.257,0.352,banana,fresh
54811199,54208,92.00,871.00,72.00,0.450,4.257,0.352,banana,fresh
54812211,54209,92.10,871.00,71.95,0.450,4.257,0.352,banana,fresh
54813221,54210,92.05,870.90,72.00,0.450,4.257,0.352,banana,fresh
54814232,54211,92.05,870.90,72.00,0.450,4.257,0.352,banana,fresh
54815244,54212,92.00,871.00,72.00,0.450,4.257,0.352,banana,fresh
54816254,54213,92.05,871.00,71.95,0.450,4.257,0.352,banana,fresh
54817266,54214,92.00,870.95,72.00,0.450,4.257,0.352,banana,fresh
54818277,54215,92.15,871.00,72.00,0.450,4.257,0.352,banana,fresh
54819288,54216,92.10,871.00,72.00,0.450,4.257,0.352,banana,fresh
54820299,54217,92.00,870.95,72.00,0.450,4.257,0.352,banana,fresh
54821310,54218,92.05,871.00,72.00,0.450,4.257,0.352,banana,fresh
54822322,54219,92.00,870.95,72.05,0.450,4.257,0.352,banana,fresh
54823332,54220,92.05,871.00,72.00,0.450,4.257,0.352,banana,fresh
54824344,54221,92.00,871.00,72.00,0.450,4.257,0.352,banana,fresh
54825355,54222,92.05,870.95,72.00,0.450,4.257,0.352,banana,fresh
54826365,54223,92.05,871.00,72.00,0.450,4.257,0.352,banana,fresh
54827377,54224,92.00,870.90,72.00,0.450,4.257,0.352,banana,fresh
54828388,54225,92.05,871.00,72.00,0.450,4.257,0.352,banana,fresh
54829400,54226,92.00,871.00,72.00,0.450,4.257,0.352,banana,fresh
54830410,54227,92.10,871.00,72.00,0.450,4.257,0.352,banana,fresh
54831421,54228,92.00,870.95,72.00,0.450,4.257,0.352,banana,fresh
54832433,54229,92.00,871.00,72.00,0.450,4.257,0.352,banana,fresh
54833443,54230,92.10,870.95,72.00,0.450,4.257,0.352,banana,fresh
54834455,54231,92.05,870.95,72.00,0.450,4.257,0.352,banana,fresh
54835466,54232,92.00,871.00,72.00,0.450,4.257,0.352,banana,fresh
54836477,54233,92.10,871.00,71.95,0.450,4.257,0.352,banana,fresh
54837488,54234,92.00,871.00,71.95,0.450,4.257,0.352,banana,fresh
54838499,54235,92.05,871.00,72.00,0.450,4.257,0.352,banana,fresh
54839511,54236,92.00,870.90,72.00,0.450,4.257,0.352,banana,fresh
54840521,54237,91.95,871.00,71.95,0.449,4.257,0.352,banana,fresh
54841533,54238,92.00,871.00,72.00,0.450,4.257,0.352,banana,fresh
54842544,54239,92.05,871.00,72.00,0.450,4.257,0.352,banana,fresh
54843554,54240,92.00,870.95,71.95,0.450,4.257,0.352,banana,fresh
54844566,54241,92.05,871.00,72.00,0.450,4.257,0.352,banana,fresh
54845577,54242,92.00,871.00,72.00,0.450,4.257,0.352,banana,fresh
54846588,54243,92.00,870.95,72.00,0.450,4.257,0.352,banana,fresh
54847599,54244,92.05,871.00,72.00,0.450,4.257,0.352,banana,fresh
54848611,54245,92.10,871.00,72.00,0.450,4.257,0.352,banana,fresh
54849622,54246,92.10,870.95,72.00,0.450,4.257,0.352,banana,fresh
54850632,54247,92.05,871.00,72.00,0.450,4.257,0.352,banana,fresh
54851644,54248,92.00,870.95,72.00,0.450,4.257,0.352,banana,fresh
54852655,54249,92.00,871.00,72.00,0.450,4.257,0.352,banana,fresh
54853666,54250,92.10,870.95,72.00,0.450,4.257,0.352,banana,fresh
54854677,54251,92.00,870.95,72.00,0.450,4.257,0.352,banana,fresh
54855689,54252,92.10,871.00,72.00,0.450,4.257,0.352,banana,fresh
54856699,54253,92.10,871.00,72.00,0.450,4.257,0.352,banana,fresh
54857710,54254,92.00,871.00,72.00,0.450,4.257,0.352,banana,fresh
54858722,54255,92.05,871.00,72.00,0.450,4.257,0.352,banana,fresh
54859732,54256,92.00,871.00,72.00,0.450,4.257,0.352,banana,fresh
54860744,54257,92.05,871.00,72.00,0.450,4.257,0.352,banana,fresh
54861755,54258,92.00,871.00,72.00,0.450,4.257,0.352,banana,fresh
54862766,54259,92.00,871.00,72.00,0.450,4.257,0.352,banana,fresh
54863777,54260,91.95,871.00,72.00,0.449,4.257,0.352,banana,fresh
54864788,54261,92.00,871.00,72.00,0.450,4.257,0.352,banana,fresh
54865800,54262,92.00,870.95,72.00,0.450,4.257,0.352,banana,fresh
54866810,54263,92.00,871.00,72.00,0.450,4.257,0.352,banana,fresh
54867822,54264,92.05,871.00,71.95,0.450,4.257,0.352,banana,fresh
54868833,54265,92.05,871.00,72.00,0.450,4.257,0.352,banana,fresh
54869843,54266,92.05,871.00,72.00,0.450,4.257,0.352,banana,fresh
54870855,54267,92.00,870.90,72.00,0.450,4.257,0.352,banana,fresh
54871866,54268,91.95,870.95,72.00,0.449,4.257,0.352,banana,fresh
54872878,54269,92.00,871.00,72.00,0.450,4.257,0.352,banana,fresh
54873888,54270,92.00,871.00,72.00,0.450,4.257,0.352,banana,fresh
54874900,54271,91.95,871.00,71.95,0.449,4.257,0.352,banana,fresh
54875911,54272,92.05,871.00,72.00,0.450,4.257,0.352,banana,fresh
54876921,54273,92.00,870.95,72.00,0.450,4.257,0.352,banana,fresh
54877933,54274,92.00,870.95,72.00,0.450,4.257,0.352,banana,fresh
54878944,54275,92.00,871.00,72.00,0.450,4.257,0.352,banana,fresh
54879955,54276,92.00,871.00,72.00,0.450,4.257,0.352,banana,fresh
54880966,54277,92.00,871.00,72.00,0.450,4.257,0.352,banana,fresh
54881977,54278,92.00,871.00,72.00,0.450,4.257,0.352,banana,fresh
54882989,54279,92.00,871.00,71.95,0.450,4.257,0.352,banana,fresh
54883999,54280,92.00,870.95,72.00,0.450,4.257,0.352,banana,fresh
54885011,54281,91.95,871.00,72.00,0.449,4.257,0.352,banana,fresh
54886022,54282,92.00,871.00,72.00,0.450,4.257,0.352,banana,fresh
54887032,54283,92.00,871.00,72.00,0.450,4.257,0.352,banana,fresh
54888044,54284,92.05,871.00,72.00,0.450,4.257,0.352,banana,fresh
54889055,54285,92.00,871.00,72.00,0.450,4.257,0.352,banana,fresh
54890066,54286,92.00,870.95,72.00,0.450,4.257,0.352,banana,fresh
54891077,54287,92.00,870.95,72.00,0.450,4.257,0.352,banana,fresh
54892089,54288,92.05,871.00,72.00,0.450,4.257,0.352,banana,fresh
54893100,54289,92.05,871.00,72.00,0.450,4.257,0.352,banana,fresh
54894110,54290,92.00,870.95,72.00,0.450,4.257,0.352,banana,fresh
54895122,54291,92.00,870.95,71.95,0.450,4.257,0.352,banana,fresh
54896133,54292,92.05,871.00,72.00,0.450,4.257,0.352,banana,fresh
54897144,54293,92.00,870.95,72.00,0.450,4.257,0.352,banana,fresh
54898155,54294,92.10,871.00,72.00,0.450,4.257,0.352,banana,fresh
54899166,54295,92.00,870.95,72.00,0.450,4.257,0.352,banana,fresh
54900177,54296,92.00,871.00,72.00,0.450,4.257,0.352,banana,fresh
54901188,54297,92.00,870.95,71.95,0.450,4.257,0.352,banana,fresh
54902200,54298,92.00,871.00,72.00,0.450,4.257,0.352,banana,fresh
54903211,54299,92.00,870.95,72.00,0.450,4.257,0.352,banana,fresh
54904222,54300,92.00,871.00,72.00,0.450,4.257,0.352,banana,fresh
54905233,54301,92.00,871.00,72.00,0.450,4.257,0.352,banana,fresh
54906244,54302,92.00,871.00,72.00,0.450,4.257,0.352,banana,fresh
54907255,54303,92.05,871.00,72.00,0.450,4.257,0.352,banana,fresh
54908266,54304,92.00,870.95,72.00,0.450,4.257,0.352,banana,fresh
54909278,54305,92.05,871.00,72.00,0.450,4.257,0.352,banana,fresh
54910288,54306,92.05,870.95,72.00,0.450,4.257,0.352,banana,fresh
54911299,54307,92.00,870.95,72.05,0.450,4.257,0.352,banana,fresh
54912311,54308,92.00,870.95,72.00,0.450,4.257,0.352,banana,fresh
54913321,54309,92.05,870.95,72.00,0.450,4.257,0.352,banana,fresh
54914333,54310,92.00,871.00,72.00,0.450,4.257,0.352,banana,fresh
54915344,54311,92.10,871.00,71.95,0.450,4.257,0.352,banana,fresh
54916356,54312,92.00,871.00,72.00,0.450,4.257,0.352,banana,fresh
54917366,54313,92.10,871.00,72.00,0.450,4.257,0.352,banana,fresh
54918377,54314,92.00,871.00,72.00,0.450,4.257,0.352,banana,fresh
54919389,54315,92.10,870.95,72.00,0.450,4.257,0.352,banana,fresh
54920399,54316,92.00,871.00,72.00,0.450,4.257,0.352,banana,fresh
54921411,54317,92.00,871.00,72.00,0.450,4.257,0.352,banana,fresh
54922422,54318,92.05,870.90,72.00,0.450,4.257,0.352,banana,fresh
54923432,54319,92.00,871.00,72.00,0.450,4.257,0.352,banana,fresh
54924444,54320,92.05,871.00,72.00,0.450,4.257,0.352,banana,fresh
54925455,54321,92.00,871.00,72.00,0.450,4.257,0.352,banana,fresh
54926467,54322,92.00,871.00,72.00,0.450,4.257,0.352,banana,fresh
54927477,54323,92.00,870.95,72.05,0.450,4.257,0.352,banana,fresh
54928489,54324,92.05,870.95,72.00,0.450,4.257,0.352,banana,fresh
54929500,54325,92.00,870.95,72.00,0.450,4.257,0.352,banana,fresh
54930510,54326,92.05,870.95,72.00,0.450,4.257,0.352,banana,fresh
54931522,54327,92.10,870.95,72.00,0.450,4.257,0.352,banana,fresh
54932533,54328,92.00,871.00,72.00,0.450,4.257,0.352,banana,fresh
54933544,54329,92.00,871.00,72.00,0.450,4.257,0.352,banana,fresh
54934555,54330,92.00,870.95,71.95,0.450,4.257,0.352,banana,fresh
54935566,54331,92.00,871.00,72.00,0.450,4.257,0.352,banana,fresh
54936578,54332,92.00,870.95,72.00,0.450,4.257,0.352,banana,fresh
54937588,54333,92.00,871.00,72.00,0.450,4.257,0.352,banana,fresh
54938600,54334,92.05,870.95,72.00,0.450,4.257,0.352,banana,fresh
54939611,54335,92.10,871.00,72.00,0.450,4.257,0.352,banana,fresh
54940621,54336,92.00,871.00,72.00,0.450,4.257,0.352,banana,fresh
54941633,54337,92.00,871.00,72.00,0.450,4.257,0.352,banana,fresh
54942644,54338,92.00,871.00,72.00,0.450,4.257,0.352,banana,fresh
54943655,54339,92.00,871.00,72.00,0.450,4.257,0.352,banana,fresh
54944666,54340,92.00,871.00,72.00,0.450,4.257,0.352,banana,fresh
54945678,54341,92.05,871.00,72.00,0.450,4.257,0.352,banana,fresh
54946689,54342,92.10,871.00,72.00,0.450,4.257,0.352,banana,fresh
54947699,54343,92.05,870.95,72.00,0.450,4.257,0.352,banana,fresh
54948711,54344,92.05,870.95,72.00,0.450,4.257,0.352,banana,fresh
54949722,54345,92.05,870.95,72.05,0.450,4.257,0.352,banana,fresh
54950733,54346,92.05,871.00,72.00,0.450,4.257,0.352,banana,fresh
54951744,54347,92.00,871.00,72.00,0.450,4.257,0.352,banana,fresh
54952755,54348,92.00,871.00,72.00,0.450,4.257,0.352,banana,fresh
54953766,54349,92.10,871.00,72.00,0.450,4.257,0.352,banana,fresh
54954777,54350,92.00,871.00,72.00,0.450,4.257,0.352,banana,fresh
54955789,54351,92.05,871.00,72.00,0.450,4.257,0.352,banana,fresh
54956800,54352,92.00,871.00,72.00,0.450,4.257,0.352,banana,fresh
54957811,54353,92.05,870.95,72.00,0.450,4.257,0.352,banana,fresh
54958822,54354,92.05,871.00,72.00,0.450,4.257,0.352,banana,fresh
54959833,54355,92.00,871.00,72.00,0.450,4.257,0.352,banana,fresh
54960844,54356,92.00,871.00,72.00,0.450,4.257,0.352,banana,fresh
54961855,54357,92.05,871.00,72.00,0.450,4.257,0.352,banana,fresh
54962867,54358,92.00,871.00,72.00,0.450,4.257,0.352,banana,fresh
54963877,54359,92.00,871.00,72.00,0.450,4.257,0.352,banana,fresh
54964889,54360,92.00,871.00,72.00,0.450,4.257,0.352,banana,fresh
54965900,54361,92.05,871.00,72.00,0.450,4.257,0.352,banana,fresh
54966910,54362,92.05,871.00,72.00,0.450,4.257,0.352,banana,fresh
54967922,54363,92.00,871.00,72.05,0.450,4.257,0.352,banana,fresh
54968933,54364,92.10,870.95,72.00,0.450,4.257,0.352,banana,fresh
54969945,54365,92.00,871.00,72.00,0.450,4.257,0.352,banana,fresh
54970955,54366,92.00,871.00,72.00,0.450,4.257,0.352,banana,fresh
54971966,54367,92.05,871.00,72.00,0.450,4.257,0.352,banana,fresh
54972978,54368,92.00,871.00,72.00,0.450,4.257,0.352,banana,fresh
54973988,54369,92.10,871.00,71.95,0.450,4.257,0.352,banana,fresh
54975000,54370,92.00,871.00,72.00,0.450,4.257,0.352,banana,fresh
54976011,54371,92.10,871.00,72.00,0.450,4.257,0.352,banana,fresh
54977022,54372,92.00,870.95,72.05,0.450,4.257,0.352,banana,fresh
54978033,54373,92.00,871.00,72.00,0.450,4.257,0.352,banana,fresh
54979044,54374,92.05,870.95,72.00,0.450,4.257,0.352,banana,fresh
54980056,54375,92.00,870.95,72.00,0.450,4.257,0.352,banana,fresh
54981066,54376,92.00,870.95,72.00,0.450,4.257,0.352,banana,fresh
54982078,54377,92.00,871.00,72.00,0.450,4.257,0.352,banana,fresh
54983089,54378,91.95,871.00,72.00,0.449,4.257,0.352,banana,fresh
54984099,54379,92.00,871.00,72.00,0.450,4.257,0.352,banana,fresh
54985111,54380,92.00,871.00,72.00,0.450,4.257,0.352,banana,fresh
54986122,54381,92.00,871.00,72.00,0.450,4.257,0.352,banana,fresh
54987133,54382,92.05,870.95,72.00,0.450,4.257,0.352,banana,fresh
54988144,54383,92.05,871.00,71.95,0.450,4.257,0.352,banana,fresh
54989156,54384,92.00,870.95,72.00,0.450,4.257,0.352,banana,fresh
54990167,54385,92.00,871.00,72.00,0.450,4.257,0.352,banana,fresh
54991177,54386,92.05,871.00,72.00,0.450,4.257,0.352,banana,fresh
54992189,54387,92.00,871.00,72.00,0.450,4.257,0.352,banana,fresh
54993200,54388,92.00,871.00,72.00,0.450,4.257,0.352,banana,fresh
54994211,54389,92.00,871.00,72.00,0.450,4.257,0.352,banana,fresh
54995222,54390,92.00,871.00,72.00,0.450,4.257,0.352,banana,fresh
54996233,54391,92.00,871.00,72.00,0.450,4.257,0.352,banana,fresh
54997244,54392,92.00,871.00,72.00,0.450,4.257,0.352,banana,fresh
54998255,54393,92.00,870.95,72.00,0.450,4.257,0.352,banana,fresh
54999267,54394,92.00,870.95,72.00,0.450,4.257,0.352,banana,fresh
55000278,54395,92.00,871.00,71.95,0.450,4.257,0.352,banana,fresh
55001289,54396,92.00,871.00,72.00,0.450,4.257,0.352,banana,fresh
55002300,54397,92.00,871.00,72.00,0.450,4.257,0.352,banana,fresh
55003311,54398,92.00,870.95,71.90,0.450,4.257,0.351,banana,fresh
55004322,54399,92.00,870.95,72.00,0.450,4.257,0.352,banana,fresh
55005333,54400,92.10,871.00,72.00,0.450,4.257,0.352,banana,fresh
55006345,54401,92.00,871.00,72.00,0.450,4.257,0.352,banana,fresh
55007355,54402,91.95,871.00,72.00,0.449,4.257,0.352,banana,fresh
55008366,54403,92.00,870.95,72.00,0.450,4.257,0.352,banana,fresh
55009378,54404,92.00,870.95,72.00,0.450,4.257,0.352,banana,fresh
55010388,54405,92.05,871.00,72.00,0.450,4.257,0.352,banana,fresh
55011400,54406,92.00,871.00,72.00,0.450,4.257,0.352,banana,fresh
55012411,54407,92.00,871.00,71.95,0.450,4.257,0.352,banana,fresh
55013422,54408,92.00,871.00,72.00,0.450,4.257,0.352,banana,fresh
55014433,54409,92.00,871.00,72.00,0.450,4.257,0.352,banana,fresh
55015444,54410,92.00,870.95,72.00,0.450,4.257,0.352,banana,fresh
55016456,54411,92.00,871.00,72.00,0.450,4.257,0.352,banana,fresh
55017466,54412,92.00,871.00,72.00,0.450,4.257,0.352,banana,fresh
55018478,54413,92.00,871.00,72.00,0.450,4.257,0.352,banana,fresh
55019489,54414,91.95,871.00,72.00,0.449,4.257,0.352,banana,fresh
55020499,54415,92.00,871.00,72.05,0.450,4.257,0.352,banana,fresh
55021511,54416,92.05,871.00,72.00,0.450,4.257,0.352,banana,fresh
55022522,54417,92.00,871.00,72.00,0.450,4.257,0.352,banana,fresh
55023534,54418,92.00,871.00,72.00,0.450,4.257,0.352,banana,fresh
55024544,54419,92.05,871.00,72.00,0.450,4.257,0.352,banana,fresh
55025555,54420,92.00,871.00,72.00,0.450,4.257,0.352,banana,fresh
55026567,54421,92.00,871.00,72.00,0.450,4.257,0.352,banana,fresh
55027577,54422,92.05,871.00,72.00,0.450,4.257,0.352,banana,fresh
55028589,54423,92.00,870.95,72.00,0.450,4.257,0.352,banana,fresh
55029600,54424,92.00,871.00,72.00,0.450,4.257,0.352,banana,fresh
55030611,54425,92.00,870.95,72.00,0.450,4.257,0.352,banana,fresh
55031622,54426,92.00,871.00,72.05,0.450,4.257,0.352,banana,fresh
55032633,54427,92.05,871.00,71.95,0.450,4.257,0.352,banana,fresh
55033645,54428,92.05,871.00,72.00,0.450,4.257,0.352,banana,fresh
55034655,54429,92.00,871.00,72.00,0.450,4.257,0.352,banana,fresh
55035667,54430,92.05,871.00,72.00,0.450,4.257,0.352,banana,fresh
55036678,54431,92.05,871.00,72.05,0.450,4.257,0.352,banana,fresh
55037689,54432,92.05,871.00,72.00,0.450,4.257,0.352,banana,fresh
55038700,54433,92.00,871.00,72.00,0.450,4.257,0.352,banana,fresh
55039711,54434,92.00,871.00,72.00,0.450,4.257,0.352,banana,fresh
55040722,54435,92.00,870.90,72.00,0.450,4.257,0.352,banana,fresh
55041733,54436,92.00,871.00,72.00,0.450,4.257,0.352,banana,fresh
55042745,54437,92.00,871.00,72.00,0.450,4.257,0.352,banana,fresh
55043756,54438,92.00,871.00,72.00,0.450,4.257,0.352,banana,fresh
55044766,54439,92.10,870.95,72.00,0.450,4.257,0.352,banana,fresh
55045778,54440,92.00,871.00,72.00,0.450,4.257,0.352,banana,fresh
55046789,54441,92.00,871.00,72.00,0.450,4.257,0.352,banana,fresh
55047800,54442,92.00,870.90,72.00,0.450,4.257,0.352,banana,fresh
55048811,54443,92.00,871.00,72.00,0.450,4.257,0.352,banana,fresh
55049822,54444,92.00,871.00,72.00,0.450,4.257,0.352,banana,fresh
55050833,54445,92.00,870.95,72.00,0.450,4.257,0.352,banana,fresh
55051844,54446,92.00,871.00,72.00,0.450,4.257,0.352,banana,fresh
55052856,54447,92.05,870.95,72.00,0.450,4.257,0.352,banana,fresh
55053867,54448,92.00,871.00,72.00,0.450,4.257,0.352,banana,fresh
55054878,54449,92.00,871.00,72.00,0.450,4.257,0.352,banana,fresh
55055889,54450,92.00,871.00,72.00,0.450,4.257,0.352,banana,fresh
55056900,54451,92.00,871.00,72.00,0.450,4.257,0.352,banana,fresh
55057911,54452,92.00,871.00,72.00,0.450,4.257,0.352,banana,fresh
55058922,54453,92.00,870.95,72.00,0.450,4.257,0.352,banana,fresh
55059934,54454,92.00,871.00,72.00,0.450,4.257,0.352,banana,fresh
55060944,54455,92.10,871.00,72.00,0.450,4.257,0.352,banana,fresh
55061955,54456,92.00,871.00,72.00,0.450,4.257,0.352,banana,fresh
55062967,54457,92.00,871.00,72.00,0.450,4.257,0.352,banana,fresh
55063977,54458,92.05,870.95,71.95,0.450,4.257,0.352,banana,fresh
55064989,54459,92.00,871.00,72.00,0.450,4.257,0.352,banana,fresh
55066000,54460,91.95,871.00,71.95,0.449,4.257,0.352,banana,fresh
55067011,54461,92.10,871.00,72.00,0.450,4.257,0.352,banana,fresh
55068022,54462,92.00,871.00,72.00,0.450,4.257,0.352,banana,fresh
55069033,54463,92.00,871.00,72.00,0.450,4.257,0.352,banana,fresh
55070045,54464,92.05,871.00,72.00,0.450,4.257,0.352,banana,fresh
55071055,54465,92.00,870.90,72.00,0.450,4.257,0.352,banana,fresh
55072067,54466,92.00,871.00,72.00,0.450,4.257,0.352,banana,fresh
55073078,54467,92.00,871.00,72.00,0.450,4.257,0.352,banana,fresh
55074088,54468,92.00,871.00,71.95,0.450,4.257,0.352,banana,fresh
55075100,54469,92.05,870.95,72.00,0.450,4.257,0.352,banana,fresh
55076111,54470,92.00,871.00,72.00,0.450,4.257,0.352,banana,fresh
55077123,54471,92.00,870.95,72.00,0.450,4.257,0.352,banana,fresh
55078133,54472,92.00,871.00,72.00,0.450,4.257,0.352,banana,fresh
55079144,54473,92.00,871.00,72.00,0.450,4.257,0.352,banana,fresh
55080156,54474,92.00,871.00,72.00,0.450,4.257,0.352,banana,fresh
55081166,54475,92.00,871.00,72.00,0.450,4.257,0.352,banana,fresh
55082178,54476,92.00,871.00,72.00,0.450,4.257,0.352,banana,fresh
55083189,54477,92.00,871.00,72.00,0.450,4.257,0.352,banana,fresh
55084200,54478,92.05,871.00,72.00,0.450,4.257,0.352,banana,fresh
55085211,54479,92.00,871.00,72.00,0.450,4.257,0.352,banana,fresh
55086222,54480,92.00,871.00,72.00,0.450,4.257,0.352,banana,fresh
55087234,54481,92.00,871.00,72.00,0.450,4.257,0.352,banana,fresh
55088244,54482,92.00,871.00,72.00,0.450,4.257,0.352,banana,fresh
55089256,54483,92.00,871.00,72.00,0.450,4.257,0.352,banana,fresh
55090267,54484,92.00,871.00,72.00,0.450,4.257,0.352,banana,fresh
55091277,54485,92.00,871.00,72.05,0.450,4.257,0.352,banana,fresh
55092289,54486,91.95,870.90,72.00,0.449,4.257,0.352,banana,fresh
55093300,54487,92.10,870.95,72.00,0.450,4.257,0.352,banana,fresh
55094311,54488,92.00,870.95,72.00,0.450,4.257,0.352,banana,fresh
55095322,54489,92.00,871.00,72.00,0.450,4.257,0.352,banana,fresh
55096333,54490,91.95,871.00,71.90,0.449,4.257,0.351,banana,fresh
55097345,54491,92.00,871.00,72.00,0.450,4.257,0.352,banana,fresh
55098355,54492,91.95,870.95,72.00,0.449,4.257,0.352,banana,fresh
55099367,54493,92.00,871.00,72.00,0.450,4.257,0.352,banana,fresh
55100378,54494,91.95,871.00,72.00,0.449,4.257,0.352,banana,fresh
55101389,54495,92.05,870.90,71.95,0.450,4.257,0.352,banana,fresh
55102400,54496,92.00,870.90,72.00,0.450,4.257,0.352,banana,fresh
55103411,54497,91.95,871.00,72.00,0.449,4.257,0.352,banana,fresh
55104422,54498,92.00,871.00,72.00,0.450,4.257,0.352,banana,fresh
55105433,54499,92.05,871.00,72.00,0.450,4.257,0.352,banana,fresh
55106445,54500,92.00,871.00,72.00,0.450,4.257,0.352,banana,fresh
55107456,54501,92.00,871.00,72.00,0.450,4.257,0.352,banana,fresh
55108466,54502,92.00,871.00,72.00,0.450,4.257,0.352,banana,fresh
55109478,54503,92.05,871.00,72.00,0.450,4.257,0.352,banana,fresh
55110489,54504,92.00,871.00,72.00,0.450,4.257,0.352,banana,fresh
55111500,54505,91.95,871.00,72.00,0.449,4.257,0.352,banana,fresh
55112511,54506,91.95,871.00,71.95,0.449,4.257,0.352,banana,fresh
55113523,54507,92.00,871.00,72.00,0.450,4.257,0.352,banana,fresh
55114533,54508,92.00,870.90,72.00,0.450,4.257,0.352,banana,fresh
55115544,54509,92.05,871.00,72.00,0.450,4.257,0.352,banana,fresh
55116556,54510,92.00,871.00,72.05,0.450,4.257,0.352,banana,fresh
55117566,54511,92.00,871.00,72.00,0.450,4.257,0.352,banana,fresh
55118578,54512,92.00,870.95,72.05,0.450,4.257,0.352,banana,fresh
55119589,54513,92.00,871.00,72.00,0.450,4.257,0.352,banana,fresh
55120600,54514,92.10,871.00,71.95,0.450,4.257,0.352,banana,fresh
55121611,54515,92.05,871.00,72.05,0.450,4.257,0.352,banana,fresh
55122622,54516,92.00,871.00,72.00,0.450,4.257,0.352,banana,fresh
55123634,54517,92.00,871.00,72.05,0.450,4.257,0.352,banana,fresh
55124644,54518,92.10,870.95,72.00,0.450,4.257,0.352,banana,fresh
55125656,54519,92.00,871.00,72.00,0.450,4.257,0.352,banana,fresh
55126667,54520,91.95,870.95,72.00,0.449,4.257,0.352,banana,fresh
55127677,54521,92.00,870.95,71.90,0.450,4.257,0.351,banana,fresh
55128689,54522,92.05,871.00,72.00,0.450,4.257,0.352,banana,fresh
55129700,54523,92.00,871.00,72.00,0.450,4.257,0.352,banana,fresh
55130712,54524,92.00,870.90,72.00,0.450,4.257,0.352,banana,fresh
55131722,54525,92.00,870.95,72.00,0.450,4.257,0.352,banana,fresh
55132733,54526,92.05,870.95,72.00,0.450,4.257,0.352,banana,fresh
55133745,54527,92.00,871.00,72.00,0.450,4.257,0.352,banana,fresh
55134755,54528,92.00,871.00,72.00,0.450,4.257,0.352,banana,fresh
55135767,54529,92.05,871.00,72.00,0.450,4.257,0.352,banana,fresh
55136778,54530,91.95,870.95,72.00,0.449,4.257,0.352,banana,fresh
55137789,54531,92.05,871.00,72.00,0.450,4.257,0.352,banana,fresh
55138800,54532,92.00,870.95,72.05,0.450,4.257,0.352,banana,fresh
55139811,54533,91.95,870.95,72.00,0.449,4.257,0.352,banana,fresh
55140823,54534,92.00,870.95,72.00,0.450,4.257,0.352,banana,fresh
55141833,54535,92.00,871.00,72.05,0.450,4.257,0.352,banana,fresh
55142845,54536,92.05,871.00,72.00,0.450,4.257,0.352,banana,fresh
55143856,54537,92.00,871.00,72.00,0.450,4.257,0.352,banana,fresh
55144866,54538,92.10,870.95,72.00,0.450,4.257,0.352,banana,fresh
55145878,54539,92.00,871.00,72.00,0.450,4.257,0.352,banana,fresh
55146889,54540,92.05,871.00,72.00,0.450,4.257,0.352,banana,fresh
55147900,54541,92.05,871.00,72.00,0.450,4.257,0.352,banana,fresh
55148911,54542,92.00,871.00,72.00,0.450,4.257,0.352,banana,fresh
55149923,54543,92.10,871.00,71.95,0.450,4.257,0.352,banana,fresh
55150934,54544,92.00,871.00,72.00,0.450,4.257,0.352,banana,fresh
55151944,54545,92.00,870.95,72.00,0.450,4.257,0.352,banana,fresh
55152956,54546,92.00,871.00,72.00,0.450,4.257,0.352,banana,fresh
55153967,54547,92.00,871.00,72.00,0.450,4.257,0.352,banana,fresh
55154978,54548,92.00,871.00,71.95,0.450,4.257,0.352,banana,fresh
55155989,54549,92.00,871.00,72.00,0.450,4.257,0.352,banana,fresh
55157000,54550,92.10,870.95,72.05,0.450,4.257,0.352,banana,fresh
55158011,54551,92.05,870.95,72.00,0.450,4.257,0.352,banana,fresh
55159022,54552,92.00,871.00,72.00,0.450,4.257,0.352,banana,fresh
55160034,54553,92.00,871.00,72.00,0.450,4.257,0.352,banana,fresh
55161044,54554,92.05,871.00,72.00,0.450,4.257,0.352,banana,fresh
55162056,54555,92.00,871.00,72.00,0.450,4.257,0.352,banana,fresh
55163067,54556,92.05,871.00,72.00,0.450,4.257,0.352,banana,fresh
55164078,54557,92.00,871.00,71.95,0.450,4.257,0.352,banana,fresh
55165089,54558,92.00,871.00,72.00,0.450,4.257,0.352,banana,fresh
55166100,54559,92.00,871.00,72.00,0.450,4.257,0.352,banana,fresh
55167112,54560,92.00,871.00,72.00,0.450,4.257,0.352,banana,fresh
55168122,54561,92.05,871.00,72.00,0.450,4.257,0.352,banana,fresh
55169133,54562,92.00,871.00,72.00,0.450,4.257,0.352,banana,fresh
55170145,54563,92.05,871.00,72.00,0.450,4.257,0.352,banana,fresh
55171155,54564,92.00,871.00,72.00,0.450,4.257,0.352,banana,fresh
55172167,54565,92.00,871.00,72.00,0.450,4.257,0.352,banana,fresh
55173178,54566,92.00,871.00,72.00,0.450,4.257,0.352,banana,fresh
55174190,54567,92.00,871.00,72.00,0.450,4.257,0.352,banana,fresh
55175200,54568,92.00,871.00,72.00,0.450,4.257,0.352,banana,fresh
55176211,54569,92.00,871.00,72.00,0.450,4.257,0.352,banana,fresh
55177223,54570,92.05,871.00,72.00,0.450,4.257,0.352,banana,fresh
55178233,54571,92.00,870.95,72.00,0.450,4.257,0.352,banana,fresh
55179245,54572,92.05,871.00,72.00,0.450,4.257,0.352,banana,fresh
55180256,54573,92.05,871.00,72.00,0.450,4.257,0.352,banana,fresh
55181266,54574,92.00,871.00,72.05,0.450,4.257,0.352,banana,fresh
55182278,54575,92.15,871.00,72.00,0.450,4.257,0.352,banana,fresh
55183289,54576,92.00,871.00,72.00,0.450,4.257,0.352,banana,fresh
55184301,54577,92.10,871.00,72.00,0.450,4.257,0.352,banana,fresh
55185311,54578,91.95,870.95,72.00,0.449,4.257,0.352,banana,fresh
55186322,54579,92.00,871.00,72.00,0.450,4.257,0.352,banana,fresh
55187334,54580,92.00,871.00,72.00,0.450,4.257,0.352,banana,fresh
55188344,54581,92.00,871.00,72.00,0.450,4.257,0.352,banana,fresh
55189356,54582,92.00,871.00,72.00,0.450,4.257,0.352,banana,fresh
55190367,54583,92.10,871.00,72.00,0.450,4.257,0.352,banana,fresh
55191378,54584,92.00,871.00,72.00,0.450,4.257,0.352,banana,fresh
55192389,54585,92.05,871.00,72.00,0.450,4.257,0.352,banana,fresh
55193400,54586,92.00,871.00,72.00,0.450,4.257,0.352,banana,fresh
55194412,54587,91.95,871.00,72.00,0.449,4.257,0.352,banana,fresh
55195422,54588,92.05,871.00,72.00,0.450,4.257,0.352,banana,fresh
55196434,54589,92.05,871.00,71.95,0.450,4.257,0.352,banana,fresh
55197445,54590,92.00,871.00,72.00,0.450,4.257,0.352,banana,fresh
55198456,54591,92.05,871.00,72.00,0.450,4.257,0.352,banana,fresh
55199467,54592,92.00,871.00,72.00,0.450,4.257,0.352,banana,fresh
55200478,54593,92.00,871.00,72.00,0.450,4.257,0.352,banana,fresh
55201489,54594,92.00,871.00,72.00,0.450,4.257,0.352,banana,fresh
55202500,54595,92.00,871.00,72.00,0.450,4.257,0.352,banana,fresh
55203512,54596,92.05,871.00,72.00,0.450,4.257,0.352,banana,fresh
55204523,54597,92.00,871.00,72.00,0.450,4.257,0.352,banana,fresh
55205533,54598,92.00,871.00,72.00,0.450,4.257,0.352,banana,fresh
55206545,54599,92.00,871.00,72.00,0.450,4.257,0.352,banana,fresh
55207556,54600,92.00,871.00,72.05,0.450,4.257,0.352,banana,fresh
55208567,54601,92.00,871.00,72.00,0.450,4.257,0.352,banana,fresh
55209578,54602,92.00,871.00,72.00,0.450,4.257,0.352,banana,fresh
55210589,54603,92.10,870.95,72.00,0.450,4.257,0.352,banana,fresh
55211600,54604,92.05,871.00,72.00,0.450,4.257,0.352,banana,fresh
55212611,54605,92.00,871.00,72.00,0.450,4.257,0.352,banana,fresh
55213623,54606,92.00,871.00,72.00,0.450,4.257,0.352,banana,fresh
55214633,54607,92.00,871.00,72.00,0.450,4.257,0.352,banana,fresh
55215645,54608,92.10,871.00,72.00,0.450,4.257,0.352,banana,fresh
55216656,54609,92.00,871.00,72.00,0.450,4.257,0.352,banana,fresh
55217667,54610,92.00,871.00,72.00,0.450,4.257,0.352,banana,fresh
55218678,54611,92.00,871.00,72.00,0.450,4.257,0.352,banana,fresh
55219689,54612,92.10,871.00,72.00,0.450,4.257,0.352,banana,fresh
55220701,54613,92.05,871.00,72.00,0.450,4.257,0.352,banana,fresh
55221711,54614,92.00,871.00,72.05,0.450,4.257,0.352,banana,fresh
55222722,54615,92.00,871.00,72.00,0.450,4.257,0.352,banana,fresh
55223734,54616,92.05,871.00,72.00,0.450,4.257,0.352,banana,fresh
55224744,54617,92.00,870.90,72.05,0.450,4.257,0.352,banana,fresh
55225756,54618,92.00,870.95,72.00,0.450,4.257,0.352,banana,fresh
55226767,54619,92.00,871.05,72.00,0.450,4.257,0.352,banana,fresh
55227779,54620,92.00,871.00,72.00,0.450,4.257,0.352,banana,fresh
55228789,54621,92.00,871.00,72.00,0.450,4.257,0.352,banana,fresh
55229800,54622,92.00,871.00,72.05,0.450,4.257,0.352,banana,fresh
55230812,54623,91.95,871.00,72.00,0.449,4.257,0.352,banana,fresh
55231822,54624,92.00,871.05,72.10,0.450,4.257,0.352,banana,fresh
55232834,54625,92.00,871.00,72.05,0.450,4.257,0.352,banana,fresh
55233845,54626,92.10,871.00,72.00,0.450,4.257,0.352,banana,fresh
55234855,54627,92.00,871.00,72.00,0.450,4.257,0.352,banana,fresh
55235867,54628,92.05,871.00,72.00,0.450,4.257,0.352,banana,fresh
55236878,54629,92.05,871.00,72.00,0.450,4.257,0.352,banana,fresh
55237890,54630,91.95,871.00,72.10,0.449,4.257,0.352,banana,fresh
55238900,54631,92.10,871.00,72.00,0.450,4.257,0.352,banana,fresh
55239912,54632,92.05,871.00,72.05,0.450,4.257,0.352,banana,fresh
55240923,54633,92.00,871.00,72.00,0.450,4.257,0.352,banana,fresh
55241933,54634,92.05,871.00,72.00,0.450,4.257,0.352,banana,fresh
55242945,54635,91.95,871.00,72.00,0.449,4.257,0.352,banana,fresh
55243956,54636,92.00,871.00,72.00,0.450,4.257,0.352,banana,fresh
55244967,54637,92.00,871.00,72.05,0.450,4.257,0.352,banana,fresh
55245978,54638,92.05,871.00,72.00,0.450,4.257,0.352,banana,fresh
55246989,54639,92.05,871.05,72.00,0.450,4.257,0.352,banana,fresh
55248001,54640,92.00,870.95,72.10,0.450,4.257,0.352,banana,fresh
55249011,54641,92.05,871.00,72.00,0.450,4.257,0.352,banana,fresh
55250023,54642,92.05,871.00,72.00,0.450,4.257,0.352,banana,fresh
55251034,54643,92.00,871.00,72.00,0.450,4.257,0.352,banana,fresh
55252045,54644,92.00,871.00,72.00,0.450,4.257,0.352,banana,fresh
55253056,54645,92.00,871.00,72.00,0.450,4.257,0.352,banana,fresh
55254067,54646,92.00,871.00,72.00,0.450,4.257,0.352,banana,fresh
55255078,54647,92.00,871.00,72.00,0.450,4.257,0.352,banana,fresh
55256089,54648,92.05,871.00,72.00,0.450,4.257,0.352,banana,fresh
55257101,54649,92.00,871.00,72.00,0.450,4.257,0.352,banana,fresh
55258112,54650,92.00,871.00,72.00,0.450,4.257,0.352,banana,fresh
55259122,54651,91.95,871.00,72.05,0.449,4.257,0.352,banana,fresh
55260134,54652,92.05,871.00,72.05,0.450,4.257,0.352,banana,fresh
55261145,54653,92.00,871.00,72.00,0.450,4.257,0.352,banana,fresh
55262156,54654,92.00,871.00,72.00,0.450,4.257,0.352,banana,fresh
55263167,54655,92.05,871.00,72.00,0.450,4.257,0.352,banana,fresh
55264178,54656,92.00,870.95,72.00,0.450,4.257,0.352,banana,fresh
55265189,54657,92.00,871.00,72.00,0.450,4.257,0.352,banana,fresh
55266200,54658,92.10,871.00,72.00,0.450,4.257,0.352,banana,fresh
55267212,54659,92.00,871.00,72.05,0.450,4.257,0.352,banana,fresh
55268222,54660,92.00,871.00,72.00,0.450,4.257,0.352,banana,fresh
55269234,54661,91.95,870.90,72.00,0.449,4.257,0.352,banana,fresh
55270245,54662,92.05,870.95,72.00,0.450,4.257,0.352,banana,fresh
55271256,54663,92.00,871.00,71.95,0.450,4.257,0.352,banana,fresh
55272267,54664,92.00,871.00,72.00,0.450,4.257,0.352,banana,fresh
55273278,54665,92.05,871.00,72.10,0.450,4.257,0.352,banana,fresh
55274290,54666,92.00,870.95,72.00,0.450,4.257,0.352,banana,fresh
55275300,54667,92.00,871.00,72.00,0.450,4.257,0.352,banana,fresh
55276312,54668,92.00,871.00,72.00,0.450,4.257,0.352,banana,fresh
55277323,54669,92.00,871.00,72.00,0.450,4.257,0.352,banana,fresh
55278333,54670,91.95,871.00,72.00,0.449,4.257,0.352,banana,fresh
55279345,54671,92.00,871.00,72.00,0.450,4.257,0.352,banana,fresh
55280356,54672,92.00,871.00,72.00,0.450,4.257,0.352,banana,fresh
55281368,54673,92.00,871.00,72.00,0.450,4.257,0.352,banana,fresh
55282378,54674,92.00,870.95,72.05,0.450,4.257,0.352,banana,fresh
55283389,54675,92.00,871.00,72.00,0.450,4.257,0.352,banana,fresh
55284401,54676,92.00,871.00,72.00,0.450,4.257,0.352,banana,fresh
55285411,54677,92.00,871.00,72.00,0.450,4.257,0.352,banana,fresh
55286423,54678,92.00,871.00,72.00,0.450,4.257,0.352,banana,fresh
55287434,54679,91.95,870.95,72.00,0.449,4.257,0.352,banana,fresh
55288444,54680,92.00,871.00,72.05,0.450,4.257,0.352,banana,fresh
55289456,54681,92.00,871.00,72.00,0.450,4.257,0.352,banana,fresh
55290467,54682,92.00,871.00,72.00,0.450,4.257,0.352,banana,fresh
55291479,54683,92.00,871.00,72.05,0.450,4.257,0.352,banana,fresh
55292489,54684,92.05,870.95,72.05,0.450,4.257,0.352,banana,fresh
55293501,54685,92.00,871.00,72.00,0.450,4.257,0.352,banana,fresh
55294512,54686,92.00,870.90,72.00,0.450,4.257,0.352,banana,fresh
55295522,54687,92.10,871.00,72.00,0.450,4.257,0.352,banana,fresh
55296534,54688,92.00,871.00,72.00,0.450,4.257,0.352,banana,fresh
55297545,54689,91.95,871.00,72.05,0.449,4.257,0.352,banana,fresh
55298556,54690,92.10,871.00,72.00,0.450,4.257,0.352,banana,fresh
55299567,54691,92.05,871.00,72.00,0.450,4.257,0.352,banana,fresh
55300579,54692,92.00,871.00,72.00,0.450,4.257,0.352,banana,fresh
55301590,54693,92.00,870.95,72.05,0.450,4.257,0.352,banana,fresh
55302600,54694,92.10,871.00,72.00,0.450,4.257,0.352,banana,fresh
55303612,54695,92.00,871.00,72.05,0.450,4.257,0.352,banana,fresh
55304623,54696,92.10,871.00,72.10,0.450,4.257,0.352,banana,fresh
55305634,54697,92.15,871.00,72.00,0.450,4.257,0.352,banana,fresh
55306645,54698,92.00,871.00,72.05,0.450,4.257,0.352,banana,fresh
55307656,54699,92.05,871.00,72.00,0.450,4.257,0.352,banana,fresh
55308667,54700,92.05,871.00,72.00,0.450,4.257,0.352,banana,fresh
55309678,54701,92.05,870.95,71.95,0.450,4.257,0.352,banana,fresh
55310690,54702,92.10,871.00,72.05,0.450,4.257,0.352,banana,fresh
55311700,54703,92.00,871.00,72.00,0.450,4.257,0.352,banana,fresh
55312712,54704,92.10,871.00,72.10,0.450,4.257,0.352,banana,fresh
55313723,54705,92.10,871.00,72.00,0.450,4.257,0.352,banana,fresh
55314734,54706,92.15,871.00,72.00,0.450,4.257,0.352,banana,fresh
55315745,54707,92.10,871.00,72.10,0.450,4.257,0.352,banana,fresh
55316756,54708,92.05,871.00,72.00,0.450,4.257,0.352,banana,fresh
55317768,54709,92.10,871.05,72.00,0.450,4.257,0.352,banana,fresh
55318778,54710,92.00,871.00,72.05,0.450,4.257,0.352,banana,fresh
55319789,54711,92.00,871.00,72.00,0.450,4.257,0.352,banana,fresh
55320801,54712,92.10,870.95,72.00,0.450,4.257,0.352,banana,fresh
55321811,54713,92.10,871.00,72.00,0.450,4.257,0.352,banana,fresh
55322823,54714,92.05,871.05,72.00,0.450,4.257,0.352,banana,fresh
55323834,54715,92.05,871.00,72.05,0.450,4.257,0.352,banana,fresh
55324846,54716,92.05,871.00,72.00,0.450,4.257,0.352,banana,fresh
55325856,54717,92.10,870.95,72.05,0.450,4.257,0.352,banana,fresh
55326867,54718,92.05,871.00,72.00,0.450,4.257,0.352,banana,fresh
55327879,54719,92.05,870.90,72.00,0.450,4.257,0.352,banana,fresh
55328889,54720,92.10,870.95,72.00,0.450,4.257,0.352,banana,fresh
55329901,54721,92.05,871.00,72.10,0.450,4.257,0.352,banana,fresh
55330912,54722,92.05,871.00,72.00,0.450,4.257,0.352,banana,fresh
55331922,54723,92.05,871.00,72.00,0.450,4.257,0.352,banana,fresh
55332934,54724,92.00,870.95,72.05,0.450,4.257,0.352,banana,fresh
55333945,54725,92.00,871.00,72.00,0.450,4.257,0.352,banana,fresh
55334957,54726,92.05,871.00,72.10,0.450,4.257,0.352,banana,fresh
55335967,54727,92.05,871.00,72.00,0.450,4.257,0.352,banana,fresh
55336979,54728,92.15,871.00,72.05,0.450,4.257,0.352,banana,fresh
55337990,54729,92.15,871.00,72.00,0.450,4.257,0.352,banana,fresh
55339000,54730,92.00,871.00,72.00,0.450,4.257,0.352,banana,fresh
55340012,54731,92.10,871.00,72.00,0.450,4.257,0.352,banana,fresh
55341023,54732,92.00,870.95,72.00,0.450,4.257,0.352,banana,fresh
55342034,54733,91.95,871.00,72.00,0.449,4.257,0.352,banana,fresh
55343045,54734,92.05,871.00,72.00,0.450,4.257,0.352,banana,fresh
55344056,54735,92.05,871.00,72.05,0.450,4.257,0.352,banana,fresh
55345068,54736,92.05,870.95,72.00,0.450,4.257,0.352,banana,fresh
55346078,54737,92.00,871.00,72.00,0.450,4.257,0.352,banana,fresh
55347090,54738,92.05,871.00,72.00,0.450,4.257,0.352,banana,fresh
55348101,54739,92.15,871.00,72.00,0.450,4.257,0.352,banana,fresh
55349112,54740,92.15,871.00,72.00,0.450,4.257,0.352,banana,fresh
55350123,54741,92.05,871.00,72.05,0.450,4.257,0.352,banana,fresh
55351134,54742,92.00,871.00,72.05,0.450,4.257,0.352,banana,fresh
55352145,54743,92.05,871.00,72.05,0.450,4.257,0.352,banana,fresh
55353156,54744,92.10,871.00,72.00,0.450,4.257,0.352,banana,fresh
55354168,54745,92.00,871.00,72.00,0.450,4.257,0.352,banana,fresh
55355179,54746,92.00,871.00,72.00,0.450,4.257,0.352,banana,fresh
55356190,54747,92.05,871.00,72.00,0.450,4.257,0.352,banana,fresh
55357201,54748,92.05,871.00,72.05,0.450,4.257,0.352,banana,fresh
55358212,54749,92.00,871.00,72.00,0.450,4.257,0.352,banana,fresh
55359223,54750,92.05,871.00,72.00,0.450,4.257,0.352,banana,fresh
55360234,54751,92.00,871.00,72.05,0.450,4.257,0.352,banana,fresh
55361246,54752,92.10,871.00,72.05,0.450,4.257,0.352,banana,fresh
55362256,54753,92.05,871.00,72.00,0.450,4.257,0.352,banana,fresh
55363267,54754,92.15,871.00,72.00,0.450,4.257,0.352,banana,fresh
55364279,54755,92.00,871.00,72.00,0.450,4.257,0.352,banana,fresh
55365289,54756,92.10,871.00,71.95,0.450,4.257,0.352,banana,fresh
55366301,54757,92.05,871.00,72.00,0.450,4.257,0.352,banana,fresh
55367312,54758,92.05,871.05,72.00,0.450,4.257,0.352,banana,fresh
55368324,54759,92.00,871.00,72.00,0.450,4.257,0.352,banana,fresh
55369334,54760,92.05,871.00,72.00,0.450,4.257,0.352,banana,fresh
55370345,54761,92.05,870.85,72.00,0.450,4.256,0.352,banana,fresh
55371357,54762,92.00,871.00,72.05,0.450,4.257,0.352,banana,fresh
55372367,54763,92.05,871.00,72.00,0.450,4.257,0.352,banana,fresh
55373379,54764,92.10,871.00,72.00,0.450,4.257,0.352,banana,fresh
55374390,54765,92.05,871.00,72.00,0.450,4.257,0.352,banana,fresh
55375401,54766,92.00,870.95,72.00,0.450,4.257,0.352,banana,fresh
55376412,54767,92.10,871.00,72.00,0.450,4.257,0.352,banana,fresh
55377423,54768,92.00,870.95,72.00,0.450,4.257,0.352,banana,fresh
55378435,54769,92.05,871.00,72.00,0.450,4.257,0.352,banana,fresh
55379445,54770,92.05,871.00,72.00,0.450,4.257,0.352,banana,fresh
55380457,54771,92.00,871.00,72.00,0.450,4.257,0.352,banana,fresh
55381468,54772,92.10,871.00,72.00,0.450,4.257,0.352,banana,fresh
55382478,54773,92.05,870.90,72.00,0.450,4.257,0.352,banana,fresh
55383490,54774,92.05,871.00,72.00,0.450,4.257,0.352,banana,fresh
55384501,54775,92.10,871.00,72.00,0.450,4.257,0.352,banana,fresh
55385512,54776,92.00,870.95,72.00,0.450,4.257,0.352,banana,fresh
55386523,54777,92.05,871.00,72.00,0.450,4.257,0.352,banana,fresh
55387535,54778,92.00,871.00,72.00,0.450,4.257,0.352,banana,fresh
55388546,54779,92.05,870.95,72.00,0.450,4.257,0.352,banana,fresh
55389556,54780,92.00,870.90,72.00,0.450,4.257,0.352,banana,fresh
55390568,54781,92.10,871.00,72.00,0.450,4.257,0.352,banana,fresh
55391579,54782,92.05,871.00,72.00,0.450,4.257,0.352,banana,fresh
55392590,54783,92.05,871.00,72.05,0.450,4.257,0.352,banana,fresh
55393601,54784,92.00,870.95,72.00,0.450,4.257,0.352,banana,fresh
55394612,54785,92.10,871.00,72.00,0.450,4.257,0.352,banana,fresh
55395623,54786,92.05,871.00,72.05,0.450,4.257,0.352,banana,fresh
55396634,54787,92.05,871.00,72.00,0.450,4.257,0.352,banana,fresh
55397646,54788,92.00,871.00,72.00,0.450,4.257,0.352,banana,fresh
55398657,54789,92.05,870.90,72.00,0.450,4.257,0.352,banana,fresh
55399668,54790,92.10,870.95,72.00,0.450,4.257,0.352,banana,fresh
55400679,54791,92.00,871.00,72.05,0.450,4.257,0.352,banana,fresh
55401690,54792,92.05,871.00,72.00,0.450,4.257,0.352,banana,fresh
55402701,54793,92.05,871.00,72.00,0.450,4.257,0.352,banana,fresh
55403712,54794,92.10,871.00,72.05,0.450,4.257,0.352,banana,fresh
55404724,54795,92.05,871.00,72.00,0.450,4.257,0.352,banana,fresh
55405734,54796,92.10,871.00,72.00,0.450,4.257,0.352,banana,fresh
55406745,54797,92.00,871.00,72.00,0.450,4.257,0.352,banana,fresh
55407757,54798,92.00,871.00,72.00,0.450,4.257,0.352,banana,fresh
55408768,54799,92.05,871.00,72.00,0.450,4.257,0.352,banana,fresh
55409779,54800,92.00,871.00,72.00,0.450,4.257,0.352,banana,fresh
55410790,54801,92.00,871.00,72.00,0.450,4.257,0.352,banana,fresh
55411802,54802,92.05,871.00,72.00,0.450,4.257,0.352,banana,fresh
55412812,54803,92.00,871.00,72.00,0.450,4.257,0.352,banana,fresh
55413823,54804,92.05,871.00,72.00,0.450,4.257,0.352,banana,fresh
55414835,54805,92.00,871.00,72.05,0.450,4.257,0.352,banana,fresh
55415845,54806,92.00,871.00,72.00,0.450,4.257,0.352,banana,fresh
55416857,54807,92.05,871.00,72.00,0.450,4.257,0.352,banana,fresh
55417868,54808,92.05,871.00,72.00,0.450,4.257,0.352,banana,fresh
55418878,54809,92.05,870.95,72.00,0.450,4.257,0.352,banana,fresh
55419890,54810,92.05,871.00,72.00,0.450,4.257,0.352,banana,fresh
55420901,54811,92.05,871.00,72.00,0.450,4.257,0.352,banana,fresh
55421913,54812,92.00,870.95,72.00,0.450,4.257,0.352,banana,fresh
55422923,54813,92.10,870.95,72.00,0.450,4.257,0.352,banana,fresh
55423935,54814,92.05,871.00,72.00,0.450,4.257,0.352,banana,fresh
55424946,54815,92.00,871.00,72.00,0.450,4.257,0.352,banana,fresh
55425956,54816,92.00,871.00,72.00,0.450,4.257,0.352,banana,fresh
55426968,54817,92.00,871.00,72.00,0.450,4.257,0.352,banana,fresh
55427979,54818,92.00,870.90,72.00,0.450,4.257,0.352,banana,fresh
55428990,54819,92.00,871.00,72.00,0.450,4.257,0.352,banana,fresh
55430001,54820,92.05,871.00,72.00,0.450,4.257,0.352,banana,fresh
55431012,54821,92.10,870.95,72.00,0.450,4.257,0.352,banana,fresh
55432024,54822,92.00,871.00,72.00,0.450,4.257,0.352,banana,fresh
55433034,54823,92.00,870.90,72.00,0.450,4.257,0.352,banana,fresh
55434046,54824,92.10,871.00,72.00,0.450,4.257,0.352,banana,fresh
55435057,54825,92.00,871.00,72.00,0.450,4.257,0.352,banana,fresh
55436067,54826,92.05,871.00,72.00,0.450,4.257,0.352,banana,fresh
55437079,54827,92.05,871.00,72.00,0.450,4.257,0.352,banana,fresh
55438090,54828,92.00,870.95,72.00,0.450,4.257,0.352,banana,fresh
55439101,54829,92.15,871.00,72.00,0.450,4.257,0.352,banana,fresh
55440112,54830,92.00,871.00,72.00,0.450,4.257,0.352,banana,fresh
55441124,54831,92.00,870.95,72.00,0.450,4.257,0.352,banana,fresh
55442135,54832,92.15,870.95,72.00,0.450,4.257,0.352,banana,fresh
55443145,54833,92.10,870.95,72.00,0.450,4.257,0.352,banana,fresh
55444157,54834,92.05,871.00,72.00,0.450,4.257,0.352,banana,fresh
55445168,54835,92.00,870.95,72.00,0.450,4.257,0.352,banana,fresh
55446179,54836,92.00,870.95,72.00,0.450,4.257,0.352,banana,fresh
55447190,54837,92.10,871.00,72.00,0.450,4.257,0.352,banana,fresh
55448201,54838,92.05,870.85,72.00,0.450,4.256,0.352,banana,fresh
55449212,54839,92.10,871.00,72.00,0.450,4.257,0.352,banana,fresh
55450223,54840,92.00,871.00,72.00,0.450,4.257,0.352,banana,fresh
55451235,54841,92.00,871.00,72.00,0.450,4.257,0.352,banana,fresh
55452246,54842,91.95,870.90,72.00,0.449,4.257,0.352,banana,fresh
55453257,54843,92.05,870.95,72.00,0.450,4.257,0.352,banana,fresh
55454268,54844,92.05,871.00,72.00,0.450,4.257,0.352,banana,fresh
55455279,54845,92.10,871.00,72.00,0.450,4.257,0.352,banana,fresh
55456290,54846,92.10,871.00,72.00,0.450,4.257,0.352,banana,fresh
55457301,54847,92.05,871.00,72.00,0.450,4.257,0.352,banana,fresh
55458313,54848,92.05,870.95,72.00,0.450,4.257,0.352,banana,fresh
55459323,54849,92.00,870.90,72.00,0.450,4.257,0.352,banana,fresh
55460335,54850,92.05,870.90,72.00,0.450,4.257,0.352,banana,fresh
55461346,54851,92.05,870.95,72.00,0.450,4.257,0.352,banana,fresh
55462356,54852,92.10,871.00,72.00,0.450,4.257,0.352,banana,fresh
55463368,54853,92.00,871.00,72.00,0.450,4.257,0.352,banana,fresh
55464379,54854,92.05,870.95,72.00,0.450,4.257,0.352,banana,fresh
55465391,54855,92.00,871.00,72.00,0.450,4.257,0.352,banana,fresh
55466401,54856,92.05,870.95,72.00,0.450,4.257,0.352,banana,fresh
55467412,54857,92.00,870.95,72.00,0.450,4.257,0.352,banana,fresh
55468424,54858,92.00,871.00,72.00,0.450,4.257,0.352,banana,fresh
55469434,54859,92.00,871.00,72.00,0.450,4.257,0.352,banana,fresh
55470446,54860,92.10,871.00,72.05,0.450,4.257,0.352,banana,fresh
55471457,54861,92.00,870.95,72.00,0.450,4.257,0.352,banana,fresh
55472468,54862,92.05,870.95,72.00,0.450,4.257,0.352,banana,fresh
55473479,54863,92.10,870.90,72.00,0.450,4.257,0.352,banana,fresh
55474490,54864,92.10,871.00,72.00,0.450,4.257,0.352,banana,fresh
55475502,54865,92.05,871.00,72.00,0.450,4.257,0.352,banana,fresh
55476512,54866,92.05,870.95,72.00,0.450,4.257,0.352,banana,fresh
55477524,54867,92.05,871.00,72.00,0.450,4.257,0.352,banana,fresh
55478535,54868,92.00,870.95,72.00,0.450,4.257,0.352,banana,fresh
55479546,54869,92.10,871.00,72.00,0.450,4.257,0.352,banana,fresh
55480557,54870,92.00,870.95,72.00,0.450,4.257,0.352,banana,fresh
55481568,54871,92.15,871.00,72.00,0.450,4.257,0.352,banana,fresh
55482579,54872,92.05,870.90,72.00,0.450,4.257,0.352,banana,fresh
55483590,54873,92.00,870.95,72.00,0.450,4.257,0.352,banana,fresh
55484602,54874,92.10,871.00,72.00,0.450,4.257,0.352,banana,fresh
55485613,54875,92.20,870.95,72.00,0.451,4.257,0.352,banana,fresh
55486623,54876,92.10,870.95,72.00,0.450,4.257,0.352,banana,fresh
55487635,54877,92.10,870.95,72.05,0.450,4.257,0.352,banana,fresh
55488646,54878,92.05,870.95,72.00,0.450,4.257,0.352,banana,fresh
55489657,54879,92.05,871.00,72.00,0.450,4.257,0.352,banana,fresh
55490668,54880,92.10,871.00,72.00,0.450,4.257,0.352,banana,fresh
55491680,54881,92.05,870.95,72.00,0.450,4.257,0.352,banana,fresh
55492690,54882,92.05,870.95,72.00,0.450,4.257,0.352,banana,fresh
55493701,54883,92.00,871.00,72.00,0.450,4.257,0.352,banana,fresh
55494713,54884,92.05,871.00,72.00,0.450,4.257,0.352,banana,fresh
55495724,54885,92.00,870.95,72.00,0.450,4.257,0.352,banana,fresh
55496735,54886,92.00,871.00,72.00,0.450,4.257,0.352,banana,fresh
55497746,54887,92.00,870.95,72.00,0.450,4.257,0.352,banana,fresh
55498758,54888,92.00,870.95,72.00,0.450,4.257,0.352,banana,fresh
55499768,54889,92.05,870.90,72.00,0.450,4.257,0.352,banana,fresh
55500779,54890,92.05,871.00,72.00,0.450,4.257,0.352,banana,fresh
55501791,54891,92.00,870.95,72.00,0.450,4.257,0.352,banana,fresh
55502801,54892,92.10,871.00,72.00,0.450,4.257,0.352,banana,fresh
55503813,54893,92.05,870.95,72.00,0.450,4.257,0.352,banana,fresh
55504824,54894,92.05,871.00,72.00,0.450,4.257,0.352,banana,fresh
55505835,54895,92.05,870.95,72.00,0.450,4.257,0.352,banana,fresh
55506846,54896,92.05,870.85,72.00,0.450,4.256,0.352,banana,fresh
55507857,54897,92.00,871.00,72.00,0.450,4.257,0.352,banana,fresh
55508869,54898,92.05,871.00,72.00,0.450,4.257,0.352,banana,fresh
55509879,54899,92.10,870.85,72.00,0.450,4.256,0.352,banana,fresh
55510891,54900,92.05,870.85,72.00,0.450,4.256,0.352,banana,fresh
55511902,54901,92.10,870.95,72.00,0.450,4.257,0.352,banana,fresh
55512912,54902,92.05,871.00,72.00,0.450,4.257,0.352,banana,fresh
55513924,54903,92.10,871.00,72.00,0.450,4.257,0.352,banana,fresh
55514935,54904,92.00,871.00,72.00,0.450,4.257,0.352,banana,fresh
55515947,54905,92.15,870.90,72.00,0.450,4.257,0.352,banana,fresh
55516957,54906,92.10,870.95,72.00,0.450,4.257,0.352,banana,fresh
55517969,54907,92.00,871.00,72.00,0.450,4.257,0.352,banana,fresh
55518980,54908,92.00,871.00,72.00,0.450,4.257,0.352,banana,fresh
55519990,54909,92.10,870.95,72.00,0.450,4.257,0.352,banana,fresh
55521002,54910,92.05,870.90,72.00,0.450,4.257,0.352,banana,fresh
55522013,54911,92.00,870.95,72.00,0.450,4.257,0.352,banana,fresh
55523024,54912,92.00,870.95,72.00,0.450,4.257,0.352,banana,fresh
55524035,54913,92.05,871.00,71.95,0.450,4.257,0.352,banana,fresh
55525046,54914,92.00,870.95,72.00,0.450,4.257,0.352,banana,fresh
55526057,54915,92.00,870.95,72.00,0.450,4.257,0.352,banana,fresh
55527068,54916,92.10,870.90,71.95,0.450,4.257,0.352,banana,fresh
55528080,54917,92.00,870.80,72.00,0.450,4.256,0.352,banana,fresh
55529091,54918,92.00,870.85,72.00,0.450,4.256,0.352,banana,fresh
55530102,54919,92.05,870.90,72.00,0.450,4.257,0.352,banana,fresh
55531113,54920,92.05,870.95,72.00,0.450,4.257,0.352,banana,fresh
55532124,54921,92.10,870.95,72.00,0.450,4.257,0.352,banana,fresh
55533135,54922,92.10,870.95,72.00,0.450,4.257,0.352,banana,fresh
55534146,54923,92.05,870.95,72.00,0.450,4.257,0.352,banana,fresh
55535158,54924,92.15,870.85,72.00,0.450,4.256,0.352,banana,fresh
55536168,54925,92.05,870.95,72.05,0.450,4.257,0.352,banana,fresh
55537180,54926,92.00,870.95,72.00,0.450,4.257,0.352,banana,fresh
55538191,54927,92.05,870.85,72.00,0.450,4.256,0.352,banana,fresh
55539202,54928,92.00,870.95,72.00,0.450,4.257,0.352,banana,fresh
55540213,54929,92.05,870.95,72.05,0.450,4.257,0.352,banana,fresh
55541224,54930,92.10,871.00,71.95,0.450,4.257,0.352,banana,fresh
55542236,54931,92.00,870.90,72.00,0.450,4.257,0.352,banana,fresh
55543246,54932,92.00,870.95,72.00,0.450,4.257,0.352,banana,fresh
55544257,54933,92.00,870.95,72.00,0.450,4.257,0.352,banana,fresh
55545269,54934,92.00,871.00,72.00,0.450,4.257,0.352,banana,fresh
55546279,54935,92.05,870.95,72.00,0.450,4.257,0.352,banana,fresh
55547291,54936,92.05,870.95,71.90,0.450,4.257,0.351,banana,fresh
55548302,54937,92.05,870.95,72.00,0.450,4.257,0.352,banana,fresh
55549314,54938,92.10,870.95,72.00,0.450,4.257,0.352,banana,fresh
55550324,54939,92.05,871.00,72.00,0.450,4.257,0.352,banana,fresh
55551335,54940,92.05,871.00,72.00,0.450,4.257,0.352,banana,fresh
55552347,54941,92.00,870.90,71.95,0.450,4.257,0.352,banana,fresh
55553357,54942,92.00,870.85,72.00,0.450,4.256,0.352,banana,fresh
55554369,54943,92.05,870.95,72.00,0.450,4.257,0.352,banana,fresh
55555380,54944,92.00,870.95,72.00,0.450,4.257,0.352,banana,fresh
55556391,54945,92.00,870.95,72.00,0.450,4.257,0.352,banana,fresh
55557402,54946,92.10,870.90,72.00,0.450,4.257,0.352,banana,fresh
55558413,54947,92.00,871.00,72.00,0.450,4.257,0.352,banana,fresh
55559425,54948,92.00,871.00,72.00,0.450,4.257,0.352,banana,fresh
55560435,54949,92.00,871.00,72.00,0.450,4.257,0.352,banana,fresh
55561447,54950,92.00,870.95,72.00,0.450,4.257,0.352,banana,fresh
55562458,54951,92.00,870.95,72.00,0.450,4.257,0.352,banana,fresh
55563469,54952,92.00,871.00,72.00,0.450,4.257,0.352,banana,fresh
55564480,54953,92.00,870.95,72.00,0.450,4.257,0.352,banana,fresh
55565491,54954,92.05,871.00,71.95,0.450,4.257,0.352,banana,fresh
55566502,54955,92.00,870.95,71.90,0.450,4.257,0.351,banana,fresh
55567513,54956,92.00,870.85,72.00,0.450,4.256,0.352,banana,fresh
55568525,54957,92.05,870.95,72.00,0.450,4.257,0.352,banana,fresh
55569536,54958,92.05,871.00,72.00,0.450,4.257,0.352,banana,fresh
55570546,54959,92.05,871.00,72.05,0.450,4.257,0.352,banana,fresh
55571558,54960,92.00,871.00,72.00,0.450,4.257,0.352,banana,fresh
55572569,54961,92.05,871.00,72.00,0.450,4.257,0.352,banana,fresh
55573580,54962,92.00,871.00,72.00,0.450,4.257,0.352,banana,fresh
55574591,54963,92.05,871.00,72.00,0.450,4.257,0.352,banana,fresh
55575603,54964,92.00,871.00,72.00,0.450,4.257,0.352,banana,fresh
55576613,54965,92.00,871.00,72.00,0.450,4.257,0.352,banana,fresh
55577624,54966,92.10,871.00,72.00,0.450,4.257,0.352,banana,fresh
55578636,54967,92.00,871.00,72.00,0.450,4.257,0.352,banana,fresh
55579646,54968,92.00,871.00,72.00,0.450,4.257,0.352,banana,fresh
55580658,54969,92.00,871.00,72.00,0.450,4.257,0.352,banana,fresh
55581669,54970,92.00,870.95,72.00,0.450,4.257,0.352,banana,fresh
55582680,54971,92.00,871.00,72.00,0.450,4.257,0.352,banana,fresh
55583691,54972,92.10,871.00,72.00,0.450,4.257,0.352,banana,fresh
55584702,54973,92.00,870.95,72.00,0.450,4.257,0.352,banana,fresh
55585714,54974,92.05,871.00,72.00,0.450,4.257,0.352,banana,fresh
55586724,54975,92.00,870.95,72.00,0.450,4.257,0.352,banana,fresh
55587736,54976,92.10,870.95,72.00,0.450,4.257,0.352,banana,fresh
55588747,54977,92.00,870.95,72.00,0.450,4.257,0.352,banana,fresh
55589757,54978,92.05,870.95,72.00,0.450,4.257,0.352,banana,fresh
55590769,54979,92.00,870.95,72.00,0.450,4.257,0.352,banana,fresh
55591780,54980,92.00,871.00,72.00,0.450,4.257,0.352,banana,fresh
55592792,54981,92.00,871.00,72.00,0.450,4.257,0.352,banana,fresh
55593802,54982,92.00,871.00,72.00,0.450,4.257,0.352,banana,fresh
55594813,54983,92.10,871.00,72.00,0.450,4.257,0.352,banana,fresh
55595825,54984,92.00,871.00,72.00,0.450,4.257,0.352,banana,fresh
55596835,54985,92.00,870.90,72.00,0.450,4.257,0.352,banana,fresh
55597847,54986,92.05,870.90,72.00,0.450,4.257,0.352,banana,fresh
55598858,54987,92.05,871.00,72.00,0.450,4.257,0.352,banana,fresh
55599869,54988,92.00,871.00,72.00,0.450,4.257,0.352,banana,fresh
55600880,54989,92.10,870.95,72.00,0.450,4.257,0.352,banana,fresh
55601891,54990,92.00,870.95,71.95,0.450,4.257,0.352,banana,fresh
55602903,54991,92.00,870.95,71.95,0.450,4.257,0.352,banana,fresh
55603913,54992,92.00,870.95,71.95,0.450,4.257,0.352,banana,fresh
55604925,54993,92.00,870.95,72.00,0.450,4.257,0.352,banana,fresh
55605936,54994,92.05,870.95,72.00,0.450,4.257,0.352,banana,fresh
55606947,54995,92.05,870.90,72.00,0.450,4.257,0.352,banana,fresh
55607958,54996,92.05,870.95,72.00,0.450,4.257,0.352,banana,fresh
55608969,54997,92.05,871.00,72.00,0.450,4.257,0.352,banana,fresh
55609980,54998,92.00,870.95,71.95,0.450,4.257,0.352,banana,fresh
55610991,54999,92.00,870.95,72.00,0.450,4.257,0.352,banana,fresh
55612003,55000,92.00,871.00,72.00,0.450,4.257,0.352,banana,fresh
55613014,55001,92.00,870.95,72.00,0.450,4.257,0.352,banana,fresh
55614024,55002,92.05,871.00,72.00,0.450,4.257,0.352,banana,fresh
55615036,55003,92.00,871.00,72.00,0.450,4.257,0.352,banana,fresh
55616047,55004,92.00,870.90,72.00,0.450,4.257,0.352,banana,fresh
55617058,55005,92.05,870.95,72.00,0.450,4.257,0.352,banana,fresh
55618069,55006,92.10,870.90,72.00,0.450,4.257,0.352,banana,fresh
55619081,55007,92.00,870.95,72.00,0.450,4.257,0.352,banana,fresh
55620091,55008,92.10,870.95,72.00,0.450,4.257,0.352,banana,fresh
55621102,55009,92.00,871.00,72.00,0.450,4.257,0.352,banana,fresh
55622114,55010,92.05,871.00,72.00,0.450,4.257,0.352,banana,fresh
55623124,55011,92.00,871.00,71.95,0.450,4.257,0.352,banana,fresh
55624136,55012,92.05,871.00,71.95,0.450,4.257,0.352,banana,fresh
55625147,55013,92.00,871.00,72.05,0.450,4.257,0.352,banana,fresh
55626159,55014,92.00,870.95,72.00,0.450,4.257,0.352,banana,fresh
55627169,55015,92.00,871.00,72.00,0.450,4.257,0.352,banana,fresh
55628180,55016,92.15,870.95,72.00,0.450,4.257,0.352,banana,fresh
55629192,55017,92.05,870.95,72.00,0.450,4.257,0.352,banana,fresh
55630202,55018,92.05,870.90,72.00,0.450,4.257,0.352,banana,fresh
55631214,55019,92.10,870.90,72.00,0.450,4.257,0.352,banana,fresh
55632225,55020,92.00,871.00,71.90,0.450,4.257,0.351,banana,fresh
55633235,55021,92.05,870.90,72.00,0.450,4.257,0.352,banana,fresh
55634247,55022,92.00,870.95,72.00,0.450,4.257,0.352,banana,fresh
55635258,55023,92.05,871.00,72.00,0.450,4.257,0.352,banana,fresh
55636270,55024,92.05,870.95,72.00,0.450,4.257,0.352,banana,fresh
55637280,55025,92.00,871.00,72.00,0.450,4.257,0.352,banana,fresh
55638292,55026,92.10,870.95,72.00,0.450,4.257,0.352,banana,fresh
55639303,55027,92.10,870.80,71.95,0.450,4.256,0.352,banana,fresh
55640313,55028,92.00,871.00,72.00,0.450,4.257,0.352,banana,fresh
55641325,55029,92.00,870.95,72.00,0.450,4.257,0.352,banana,fresh
55642336,55030,92.05,870.95,72.00,0.450,4.257,0.352,banana,fresh
55643347,55031,92.10,870.95,72.00,0.450,4.257,0.352,banana,fresh
55644358,55032,92.00,870.95,72.00,0.450,4.257,0.352,banana,fresh
55645370,55033,91.95,870.95,72.00,0.449,4.257,0.352,banana,fresh
55646381,55034,92.20,871.00,72.00,0.451,4.257,0.352,banana,fresh
55647391,55035,92.10,870.85,72.00,0.450,4.256,0.352,banana,fresh
55648403,55036,92.00,870.95,72.00,0.450,4.257,0.352,banana,fresh
55649414,55037,92.00,870.95,72.00,0.450,4.257,0.352,banana,fresh
55650425,55038,92.00,870.85,72.00,0.450,4.256,0.352,banana,fresh
55651436,55039,92.05,870.90,72.00,0.450,4.257,0.352,banana,fresh
55652447,55040,92.05,870.90,72.00,0.450,4.257,0.352,banana,fresh
55653458,55041,92.00,870.95,72.00,0.450,4.257,0.352,banana,fresh
55654469,55042,92.00,871.00,72.00,0.450,4.257,0.352,banana,fresh
55655481,55043,92.05,871.00,72.00,0.450,4.257,0.352,banana,fresh
55656492,55044,92.00,870.95,72.00,0.450,4.257,0.352,banana,fresh
55657503,55045,92.05,871.00,71.95,0.450,4.257,0.352,banana,fresh
55658514,55046,92.00,870.95,72.00,0.450,4.257,0.352,banana,fresh
55659525,55047,91.95,870.95,72.00,0.449,4.257,0.352,banana,fresh
55660536,55048,92.05,870.95,71.95,0.450,4.257,0.352,banana,fresh
55661547,55049,92.05,870.95,72.00,0.450,4.257,0.352,banana,fresh
55662559,55050,92.05,870.95,72.00,0.450,4.257,0.352,banana,fresh
55663569,55051,92.05,871.00,71.95,0.450,4.257,0.352,banana,fresh
55664581,55052,92.10,870.90,72.00,0.450,4.257,0.352,banana,fresh
55665592,55053,92.00,870.90,72.00,0.450,4.257,0.352,banana,fresh
55666603,55054,92.05,871.00,71.95,0.450,4.257,0.352,banana,fresh
55667614,55055,92.00,871.00,71.90,0.450,4.257,0.351,banana,fresh
55668625,55056,92.00,871.00,72.00,0.450,4.257,0.352,banana,fresh
55669637,55057,92.05,871.00,72.00,0.450,4.257,0.352,banana,fresh
55670647,55058,92.05,870.95,71.95,0.450,4.257,0.352,banana,fresh
55671659,55059,92.00,870.90,71.95,0.450,4.257,0.352,banana,fresh
55672670,55060,92.00,871.00,72.00,0.450,4.257,0.352,banana,fresh
55673680,55061,92.00,870.90,72.00,0.450,4.257,0.352,banana,fresh
55674692,55062,92.00,871.00,71.95,0.450,4.257,0.352,banana,fresh
55675703,55063,92.00,871.00,72.00,0.450,4.257,0.352,banana,fresh
55676715,55064,92.05,870.90,72.00,0.450,4.257,0.352,banana,fresh
55677725,55065,92.00,871.00,72.00,0.450,4.257,0.352,banana,fresh
55678736,55066,92.05,870.95,72.00,0.450,4.257,0.352,banana,fresh
55679748,55067,92.15,870.90,72.00,0.450,4.257,0.352,banana,fresh
55680758,55068,92.00,870.95,72.00,0.450,4.257,0.352,banana,fresh
55681770,55069,92.00,870.95,72.00,0.450,4.257,0.352,banana,fresh
55682781,55070,92.00,871.00,72.00,0.450,4.257,0.352,banana,fresh
55683792,55071,92.00,870.95,72.00,0.450,4.257,0.352,banana,fresh
55684803,55072,92.00,870.90,72.00,0.450,4.257,0.352,banana,fresh
55685814,55073,92.00,870.95,72.00,0.450,4.257,0.352,banana,fresh
55686825,55074,92.00,871.00,72.00,0.450,4.257,0.352,banana,fresh
55687836,55075,92.15,871.00,72.00,0.450,4.257,0.352,banana,fresh
55688848,55076,92.05,870.95,72.00,0.450,4.257,0.352,banana,fresh
55689859,55077,91.95,871.00,72.00,0.449,4.257,0.352,banana,fresh
55690870,55078,92.10,870.90,72.00,0.450,4.257,0.352,banana,fresh
55691881,55079,92.00,870.95,72.00,0.450,4.257,0.352,banana,fresh
55692892,55080,92.05,871.00,71.95,0.450,4.257,0.352,banana,fresh
55693903,55081,92.00,870.95,72.00,0.450,4.257,0.352,banana,fresh
55694914,55082,91.95,870.95,72.00,0.449,4.257,0.352,banana,fresh
55695926,55083,92.00,870.95,72.00,0.450,4.257,0.352,banana,fresh
55696936,55084,92.00,870.95,72.00,0.450,4.257,0.352,banana,fresh
55697948,55085,92.00,871.00,72.00,0.450,4.257,0.352,banana,fresh
55698959,55086,92.00,870.90,71.95,0.450,4.257,0.352,banana,fresh
55699970,55087,92.05,871.00,72.00,0.450,4.257,0.352,banana,fresh
55700981,55088,92.00,871.00,71.95,0.450,4.257,0.352,banana,fresh
55701992,55089,92.05,871.00,72.00,0.450,4.257,0.352,banana,fresh
55703004,55090,92.00,871.00,72.00,0.450,4.257,0.352,banana,fresh
55704014,55091,91.95,871.00,72.00,0.449,4.257,0.352,banana,fresh
55705025,55092,92.05,871.00,72.00,0.450,4.257,0.352,banana,fresh
55706037,55093,92.00,871.00,72.00,0.450,4.257,0.352,banana,fresh
55707047,55094,92.05,871.00,72.00,0.450,4.257,0.352,banana,fresh
55708059,55095,92.00,871.00,72.00,0.450,4.257,0.352,banana,fresh
55709070,55096,92.00,871.00,71.95,0.450,4.257,0.352,banana,fresh
55710081,55097,92.05,871.00,72.00,0.450,4.257,0.352,banana,fresh
55711092,55098,92.05,870.95,72.00,0.450,4.257,0.352,banana,fresh
55712103,55099,92.05,871.00,72.00,0.450,4.257,0.352,banana,fresh
55713115,55100,92.10,870.95,72.00,0.450,4.257,0.352,banana,fresh
55714125,55101,92.00,871.00,72.00,0.450,4.257,0.352,banana,fresh
55715137,55102,92.05,870.85,72.00,0.450,4.256,0.352,banana,fresh
55716148,55103,91.95,870.90,72.00,0.449,4.257,0.352,banana,fresh
55717158,55104,92.05,870.95,71.95,0.450,4.257,0.352,banana,fresh
55718170,55105,91.95,871.00,72.00,0.449,4.257,0.352,banana,fresh
55719181,55106,92.00,871.00,72.00,0.450,4.257,0.352,banana,fresh
55720193,55107,92.05,870.95,72.00,0.450,4.257,0.352,banana,fresh
55721203,55108,92.05,871.00,72.00,0.450,4.257,0.352,banana,fresh
55722215,55109,92.05,871.00,72.00,0.450,4.257,0.352,banana,fresh
55723226,55110,92.05,870.90,72.00,0.450,4.257,0.352,banana,fresh
55724236,55111,92.05,870.85,71.95,0.450,4.256,0.352,banana,fresh
55725248,55112,92.05,871.00,72.00,0.450,4.257,0.352,banana,fresh
55726259,55113,92.00,870.95,72.00,0.450,4.257,0.352,banana,fresh
55727270,55114,92.00,870.95,72.00,0.450,4.257,0.352,banana,fresh
55728281,55115,92.00,870.95,72.00,0.450,4.257,0.352,banana,fresh
55729292,55116,92.05,870.95,71.95,0.450,4.257,0.352,banana,fresh
55730304,55117,92.00,871.00,72.00,0.450,4.257,0.352,banana,fresh
55731314,55118,92.05,871.00,72.00,0.450,4.257,0.352,banana,fresh
55732326,55119,92.00,871.00,72.00,0.450,4.257,0.352,banana,fresh
55733337,55120,92.00,871.00,72.00,0.450,4.257,0.352,banana,fresh
55734348,55121,92.00,871.05,71.95,0.450,4.257,0.352,banana,fresh
55735359,55122,92.05,870.90,72.00,0.450,4.257,0.352,banana,fresh
55736370,55123,92.15,870.90,72.00,0.450,4.257,0.352,banana,fresh
55737381,55124,92.00,870.95,72.00,0.450,4.257,0.352,banana,fresh
55738392,55125,92.00,871.00,72.00,0.450,4.257,0.352,banana,fresh
55739404,55126,92.10,871.00,72.00,0.450,4.257,0.352,banana,fresh
55740414,55127,92.00,870.90,72.00,0.450,4.257,0.352,banana,fresh
55741426,55128,92.05,870.95,72.00,0.450,4.257,0.352,banana,fresh
55742437,55129,92.05,870.95,71.95,0.450,4.257,0.352,banana,fresh
55743448,55130,92.05,871.00,72.00,0.450,4.257,0.352,banana,fresh
55744459,55131,92.05,871.00,72.00,0.450,4.257,0.352,banana,fresh
55745470,55132,92.00,870.95,72.00,0.450,4.257,0.352,banana,fresh
55746482,55133,91.95,871.00,72.00,0.449,4.257,0.352,banana,fresh
55747492,55134,92.00,870.95,72.00,0.450,4.257,0.352,banana,fresh
55748503,55135,92.05,871.00,72.00,0.450,4.257,0.352,banana,fresh
55749515,55136,92.05,871.00,72.00,0.450,4.257,0.352,banana,fresh
55750525,55137,92.00,871.00,72.00,0.450,4.257,0.352,banana,fresh
55751537,55138,92.00,871.00,72.00,0.450,4.257,0.352,banana,fresh
55752548,55139,92.05,871.00,71.90,0.450,4.257,0.351,banana,fresh
55753560,55140,92.05,870.95,72.00,0.450,4.257,0.352,banana,fresh
55754570,55141,91.95,870.95,72.00,0.449,4.257,0.352,banana,fresh
55755581,55142,92.10,871.00,72.00,0.450,4.257,0.352,banana,fresh
55756593,55143,92.00,871.00,72.00,0.450,4.257,0.352,banana,fresh
55757603,55144,92.00,871.00,72.00,0.450,4.257,0.352,banana,fresh
55758615,55145,92.05,871.00,71.95,0.450,4.257,0.352,banana,fresh
55759626,55146,92.00,871.00,72.00,0.450,4.257,0.352,banana,fresh
55760636,55147,92.15,870.95,72.00,0.450,4.257,0.352,banana,fresh
55761648,55148,92.00,870.95,72.00,0.450,4.257,0.352,banana,fresh
55762659,55149,92.00,871.00,72.00,0.450,4.257,0.352,banana,fresh
55763671,55150,92.00,870.90,72.00,0.450,4.257,0.352,banana,fresh
55764681,55151,92.00,871.00,72.00,0.450,4.257,0.352,banana,fresh
55765693,55152,92.00,871.00,72.00,0.450,4.257,0.352,banana,fresh
55766704,55153,92.05,870.95,72.00,0.450,4.257,0.352,banana,fresh
55767714,55154,92.00,871.00,72.00,0.450,4.257,0.352,banana,fresh
55768726,55155,92.05,871.00,72.00,0.450,4.257,0.352,banana,fresh
55769737,55156,92.00,871.00,72.00,0.450,4.257,0.352,banana,fresh
55770748,55157,92.05,870.85,72.00,0.450,4.256,0.352,banana,fresh
55771759,55158,92.00,871.00,71.90,0.450,4.257,0.351,banana,fresh
55772770,55159,92.00,871.00,72.00,0.450,4.257,0.352,banana,fresh
55773782,55160,91.95,870.85,72.00,0.449,4.256,0.352,banana,fresh
55774792,55161,92.00,870.95,71.90,0.450,4.257,0.351,banana,fresh
55775804,55162,92.15,870.95,72.00,0.450,4.257,0.352,banana,fresh
55776815,55163,92.00,870.95,72.00,0.450,4.257,0.352,banana,fresh
55777826,55164,92.05,870.90,72.00,0.450,4.257,0.352,banana,fresh
55778837,55165,92.05,870.95,72.00,0.450,4.257,0.352,banana,fresh
55779848,55166,92.00,871.00,72.00,0.450,4.257,0.352,banana,fresh
55780859,55167,92.10,870.95,71.95,0.450,4.257,0.352,banana,fresh
55781870,55168,92.05,870.90,71.90,0.450,4.257,0.351,banana,fresh
55782882,55169,92.00,870.85,72.00,0.450,4.256,0.352,banana,fresh
55783892,55170,92.00,871.00,71.95,0.450,4.257,0.352,banana,fresh
55784904,55171,92.25,870.95,71.95,0.451,4.257,0.352,banana,fresh
55785915,55172,92.10,870.95,72.00,0.450,4.257,0.352,banana,fresh
55786926,55173,92.00,870.90,72.00,0.450,4.257,0.352,banana,fresh
55787937,55174,92.10,870.95,72.00,0.450,4.257,0.352,banana,fresh
55788948,55175,92.00,871.00,72.00,0.450,4.257,0.352,banana,fresh
55789960,55176,92.10,871.00,72.00,0.450,4.257,0.352,banana,fresh
55790970,55177,92.00,871.00,72.00,0.450,4.257,0.352,banana,fresh
55791981,55178,92.10,870.85,72.00,0.450,4.256,0.352,banana,fresh
55792993,55179,92.10,870.95,72.00,0.450,4.257,0.352,banana,fresh
55794003,55180,92.05,871.00,72.00,0.450,4.257,0.352,banana,fresh
55795015,55181,92.20,870.90,72.00,0.451,4.257,0.352,banana,fresh
55796026,55182,92.00,870.95,72.00,0.450,4.257,0.352,banana,fresh
55797038,55183,92.00,870.95,71.95,0.450,4.257,0.352,banana,fresh
55798048,55184,92.00,870.95,72.00,0.450,4.257,0.352,banana,fresh
55799059,55185,92.05,871.00,72.00,0.450,4.257,0.352,banana,fresh
55800071,55186,92.10,871.00,72.00,0.450,4.257,0.352,banana,fresh
55801081,55187,92.00,870.90,72.00,0.450,4.257,0.352,banana,fresh
55802093,55188,92.05,871.00,72.00,0.450,4.257,0.352,banana,fresh
55803104,55189,92.00,871.00,71.95,0.450,4.257,0.352,banana,fresh
55804115,55190,92.00,871.00,72.00,0.450,4.257,0.352,banana,fresh
55805126,55191,92.05,870.95,72.00,0.450,4.257,0.352,banana,fresh
55806137,55192,92.00,871.00,72.00,0.450,4.257,0.352,banana,fresh
55807149,55193,92.00,871.00,72.00,0.450,4.257,0.352,banana,fresh
55808159,55194,92.10,870.95,72.00,0.450,4.257,0.352,banana,fresh
55809171,55195,92.00,871.00,72.00,0.450,4.257,0.352,banana,fresh
55810182,55196,92.05,871.00,72.00,0.450,4.257,0.352,banana,fresh
55811192,55197,92.00,870.95,71.95,0.450,4.257,0.352,banana,fresh
55812204,55198,92.10,871.00,71.95,0.450,4.257,0.352,banana,fresh
55813215,55199,92.00,871.00,72.00,0.450,4.257,0.352,banana,fresh
55814226,55200,91.95,870.95,71.95,0.449,4.257,0.352,banana,fresh
55815237,55201,92.05,871.00,71.95,0.450,4.257,0.352,banana,fresh
55816249,55202,92.00,871.00,72.00,0.450,4.257,0.352,banana,fresh
55817260,55203,92.00,871.00,72.00,0.450,4.257,0.352,banana,fresh
55818270,55204,92.05,870.95,72.00,0.450,4.257,0.352,banana,fresh
55819282,55205,92.00,871.00,72.00,0.450,4.257,0.352,banana,fresh
55820293,55206,91.95,870.95,72.00,0.449,4.257,0.352,banana,fresh
55821304,55207,92.10,870.95,71.95,0.450,4.257,0.352,banana,fresh
55822315,55208,92.00,871.00,72.00,0.450,4.257,0.352,banana,fresh
55823327,55209,92.05,871.00,72.00,0.450,4.257,0.352,banana,fresh
55824337,55210,92.05,871.00,72.00,0.450,4.257,0.352,banana,fresh
55825348,55211,92.00,870.95,72.00,0.450,4.257,0.352,banana,fresh
55826360,55212,91.95,870.90,72.00,0.449,4.257,0.352,banana,fresh
55827371,55213,92.05,871.00,72.00,0.450,4.257,0.352,banana,fresh
55828382,55214,92.00,870.95,72.00,0.450,4.257,0.352,banana,fresh
55829393,55215,92.05,870.95,72.00,0.450,4.257,0.352,banana,fresh
55830404,55216,92.05,870.90,72.00,0.450,4.257,0.352,banana,fresh
55831415,55217,92.05,871.05,72.00,0.450,4.257,0.352,banana,fresh
55832426,55218,92.10,870.95,72.00,0.450,4.257,0.352,banana,fresh
55833438,55219,92.10,870.90,72.00,0.450,4.257,0.352,banana,fresh
55834448,55220,92.05,871.00,72.05,0.450,4.257,0.352,banana,fresh
55835460,55221,92.05,871.00,72.00,0.450,4.257,0.352,banana,fresh
55836471,55222,92.10,870.95,71.95,0.450,4.257,0.352,banana,fresh
55837481,55223,92.05,871.00,72.00,0.450,4.257,0.352,banana,fresh
55838493,55224,92.05,871.00,72.05,0.450,4.257,0.352,banana,fresh
55839504,55225,92.05,871.00,72.00,0.450,4.257,0.352,banana,fresh
55840516,55226,92.05,870.95,72.00,0.450,4.257,0.352,banana,fresh
55841526,55227,92.10,871.00,72.00,0.450,4.257,0.352,banana,fresh
55842538,55228,92.05,871.05,71.95,0.450,4.257,0.352,banana,fresh
55843549,55229,92.15,871.00,72.05,0.450,4.257,0.352,banana,fresh
55844559,55230,92.10,871.05,72.00,0.450,4.257,0.352,banana,fresh
55845571,55231,92.10,871.00,72.00,0.450,4.257,0.352,banana,fresh
55846582,55232,92.05,871.05,72.00,0.450,4.257,0.352,banana,fresh
55847593,55233,92.15,871.00,72.00,0.450,4.257,0.352,banana,fresh
55848604,55234,92.10,871.00,72.00,0.450,4.257,0.352,banana,fresh
55849615,55235,92.10,871.05,71.95,0.450,4.257,0.352,banana,fresh
55850627,55236,92.20,871.05,72.00,0.451,4.257,0.352,banana,fresh
55851637,55237,92.10,871.00,72.05,0.450,4.257,0.352,banana,fresh
55852649,55238,92.20,871.00,72.00,0.451,4.257,0.352,banana,fresh
55853660,55239,92.15,871.05,72.00,0.450,4.257,0.352,banana,fresh
55854671,55240,92.10,871.05,72.00,0.450,4.257,0.352,banana,fresh
55855682,55241,92.10,871.00,72.00,0.450,4.257,0.352,banana,fresh
55856693,55242,92.15,871.00,72.00,0.450,4.257,0.352,banana,fresh
55857704,55243,92.15,871.05,72.00,0.450,4.257,0.352,banana,fresh
55858715,55244,92.10,871.05,71.95,0.450,4.257,0.352,banana,fresh
55859727,55245,92.25,871.10,72.05,0.451,4.258,0.352,banana,fresh
55860738,55246,92.00,871.15,72.00,0.450,4.258,0.352,banana,fresh
55861749,55247,92.15,871.05,72.00,0.450,4.257,0.352,banana,fresh
55862760,55248,92.10,871.20,72.00,0.450,4.258,0.352,banana,fresh
55863771,55249,92.00,871.15,72.00,0.450,4.258,0.352,banana,fresh
55864782,55250,92.05,871.10,72.00,0.450,4.258,0.352,banana,fresh
55865793,55251,92.10,871.05,72.00,0.450,4.257,0.352,banana,fresh
55866805,55252,92.15,871.05,72.00,0.450,4.257,0.352,banana,fresh
55867815,55253,92.10,871.10,71.95,0.450,4.258,0.352,banana,fresh
55868827,55254,92.00,871.05,72.05,0.450,4.257,0.352,banana,fresh
55869838,55255,92.05,871.15,72.00,0.450,4.258,0.352,banana,fresh
55870849,55256,92.25,871.10,72.00,0.451,4.258,0.352,banana,fresh
55871860,55257,92.05,871.20,72.00,0.450,4.258,0.352,banana,fresh
55872871,55258,92.30,871.05,72.00,0.451,4.257,0.352,banana,fresh
55873883,55259,92.15,871.10,72.00,0.450,4.258,0.352,banana,fresh
55874893,55260,92.00,871.10,72.00,0.450,4.258,0.352,banana,fresh
55875905,55261,92.05,871.25,72.00,0.450,4.258,0.352,banana,fresh
55876916,55262,92.05,871.15,72.05,0.450,4.258,0.352,banana,fresh
55877926,55263,92.00,871.25,72.00,0.450,4.258,0.352,banana,fresh
55878938,55264,92.05,871.10,72.00,0.450,4.258,0.352,banana,fresh
55879949,55265,92.15,871.25,72.05,0.450,4.258,0.352,banana,fresh
55880961,55266,92.05,871.10,72.00,0.450,4.258,0.352,banana,fresh
55881971,55267,92.20,871.20,72.00,0.451,4.258,0.352,banana,fresh
55882983,55268,92.05,871.15,72.00,0.450,4.258,0.352,banana,fresh
55883994,55269,92.10,871.25,72.00,0.450,4.258,0.352,banana,fresh
55885004,55270,92.10,871.30,71.95,0.450,4.259,0.352,banana,fresh
55886016,55271,92.05,871.20,72.00,0.450,4.258,0.352,banana,fresh
55887027,55272,92.10,871.20,72.05,0.450,4.258,0.352,banana,fresh
55888038,55273,92.10,871.15,72.05,0.450,4.258,0.352,banana,fresh
55889049,55274,92.00,871.10,72.05,0.450,4.258,0.352,banana,fresh
55890061,55275,92.10,871.25,72.00,0.450,4.258,0.352,banana,fresh
55891072,55276,92.10,871.10,72.05,0.450,4.258,0.352,banana,fresh
55892082,55277,92.40,871.30,72.00,0.452,4.259,0.352,banana,fresh
55893094,55278,92.20,871.25,72.05,0.451,4.258,0.352,banana,fresh
55894105,55279,92.20,871.25,72.05,0.451,4.258,0.352,banana,fresh
55895116,55280,92.05,871.30,72.05,0.450,4.259,0.352,banana,fresh
55896127,55281,92.15,871.25,72.00,0.450,4.258,0.352,banana,fresh
55897139,55282,92.25,871.35,72.00,0.451,4.259,0.352,banana,fresh
55898149,55283,92.25,871.25,72.00,0.451,4.258,0.352,banana,fresh
55899160,55284,92.05,871.40,72.00,0.450,4.259,0.352,banana,fresh
55900172,55285,92.20,871.50,72.00,0.451,4.260,0.352,banana,fresh
55901182,55286,92.05,871.45,72.05,0.450,4.259,0.352,banana,fresh
55902194,55287,92.15,871.35,72.00,0.450,4.259,0.352,banana,fresh
55903205,55288,92.25,871.10,72.00,0.451,4.258,0.352,banana,fresh
55904217,55289,92.10,871.45,72.05,0.450,4.259,0.352,banana,fresh
55905227,55290,92.15,871.25,72.00,0.450,4.258,0.352,banana,fresh
55906238,55291,92.30,871.30,72.00,0.451,4.259,0.352,banana,fresh
55907250,55292,92.15,871.35,72.00,0.450,4.259,0.352,banana,fresh
55908260,55293,92.15,871.50,72.00,0.450,4.260,0.352,banana,fresh
55909272,55294,92.30,871.30,72.00,0.451,4.259,0.352,banana,fresh
55910283,55295,92.15,871.40,72.00,0.450,4.259,0.352,banana,fresh
55911294,55296,92.05,871.25,72.05,0.450,4.258,0.352,banana,fresh
55912305,55297,92.10,871.15,72.00,0.450,4.258,0.352,banana,fresh
55913316,55298,92.20,871.40,72.05,0.451,4.259,0.352,banana,fresh
55914328,55299,92.15,871.25,72.00,0.450,4.258,0.352,banana,fresh
55915338,55300,92.20,871.40,72.00,0.451,4.259,0.352,banana,fresh
55916350,55301,92.25,871.30,72.00,0.451,4.259,0.352,banana,fresh
55917361,55302,92.10,871.20,72.00,0.450,4.258,0.352,banana,fresh
55918372,55303,92.10,871.50,72.00,0.450,4.260,0.352,banana,fresh
55919383,55304,92.05,871.35,72.00,0.450,4.259,0.352,banana,fresh
55920394,55305,92.10,871.35,72.00,0.450,4.259,0.352,banana,fresh
55921405,55306,92.25,871.25,72.00,0.451,4.258,0.352,banana,fresh
55922416,55307,92.30,871.40,72.00,0.451,4.259,0.352,banana,fresh
55923428,55308,92.10,871.40,71.95,0.450,4.259,0.352,banana,fresh
55924439,55309,92.20,871.30,72.00,0.451,4.259,0.352,banana,fresh
55925449,55310,92.15,871.60,72.00,0.450,4.260,0.352,banana,fresh
55926461,55311,92.10,871.40,72.00,0.450,4.259,0.352,banana,fresh
55927472,55312,92.30,871.45,72.00,0.451,4.259,0.352,banana,fresh
55928483,55313,92.20,871.30,72.00,0.451,4.259,0.352,banana,fresh
55929494,55314,92.30,871.40,72.00,0.451,4.259,0.352,banana,fresh
55930506,55315,92.15,871.60,72.05,0.450,4.260,0.352,banana,fresh
55931516,55316,92.10,871.45,72.00,0.450,4.259,0.352,banana,fresh
55932527,55317,92.35,871.50,72.00,0.451,4.260,0.352,banana,fresh
55933539,55318,92.05,871.45,72.00,0.450,4.259,0.352,banana,fresh
55934550,55319,92.10,871.55,72.05,0.450,4.260,0.352,banana,fresh
55935561,55320,92.10,871.50,72.05,0.450,4.260,0.352,banana,fresh
55936572,55321,92.20,871.40,72.00,0.451,4.259,0.352,banana,fresh
55937584,55322,92.15,871.30,72.00,0.450,4.259,0.352,banana,fresh
55938594,55323,92.25,871.40,72.00,0.451,4.259,0.352,banana,fresh
55939605,55324,92.25,871.60,72.00,0.451,4.260,0.352,banana,fresh
55940617,55325,92.05,871.65,72.00,0.450,4.260,0.352,banana,fresh
55941627,55326,92.25,871.60,72.05,0.451,4.260,0.352,banana,fresh
55942639,55327,92.15,871.25,72.05,0.450,4.258,0.352,banana,fresh
55943650,55328,92.20,871.40,72.00,0.451,4.259,0.352,banana,fresh
55944662,55329,92.25,871.70,72.05,0.451,4.261,0.352,banana,fresh
55945672,55330,92.20,871.45,72.00,0.451,4.259,0.352,banana,fresh
55946683,55331,92.25,871.45,72.00,0.451,4.259,0.352,banana,fresh
55947695,55332,92.30,871.70,72.00,0.451,4.261,0.352,banana,fresh
55948705,55333,92.25,871.50,72.00,0.451,4.260,0.352,banana,fresh
55949717,55334,92.35,871.50,72.00,0.451,4.260,0.352,banana,fresh
55950728,55335,92.20,871.40,72.00,0.451,4.259,0.352,banana,fresh
55951739,55336,92.20,871.60,72.00,0.451,4.260,0.352,banana,fresh
55952750,55337,92.30,871.40,72.00,0.451,4.259,0.352,banana,fresh
55953762,55338,92.30,871.55,72.00,0.451,4.260,0.352,banana,fresh
55954772,55339,92.45,871.60,72.05,0.452,4.260,0.352,banana,fresh
55955783,55340,92.25,871.75,72.00,0.451,4.261,0.352,banana,fresh
55956795,55341,92.30,871.50,72.05,0.451,4.260,0.352,banana,fresh
55957806,55342,92.20,871.55,72.00,0.451,4.260,0.352,banana,fresh
55958817,55343,92.20,871.55,72.00,0.451,4.260,0.352,banana,fresh
55959828,55344,92.20,871.55,72.00,0.451,4.260,0.352,banana,fresh
55960840,55345,92.15,871.50,72.00,0.450,4.260,0.352,banana,fresh
55961850,55346,92.50,871.50,72.00,0.452,4.260,0.352,banana,fresh
55962861,55347,92.20,871.60,72.05,0.451,4.260,0.352,banana,fresh
55963873,55348,92.10,871.35,72.00,0.450,4.259,0.352,banana,fresh
55964883,55349,92.20,871.60,72.00,0.451,4.260,0.352,banana,fresh
55965895,55350,92.15,871.50,72.00,0.450,4.260,0.352,banana,fresh
55966906,55351,92.20,871.50,72.00,0.451,4.260,0.352,banana,fresh
55967918,55352,92.20,871.70,72.05,0.451,4.261,0.352,banana,fresh
55968928,55353,92.25,871.65,72.00,0.451,4.260,0.352,banana,fresh
55969939,55354,92.40,871.50,72.00,0.452,4.260,0.352,banana,fresh
55970951,55355,92.30,871.55,72.00,0.451,4.260,0.352,banana,fresh
55971961,55356,92.35,871.70,72.00,0.451,4.261,0.352,banana,fresh
55972973,55357,92.20,871.40,72.00,0.451,4.259,0.352,banana,fresh
55973984,55358,92.35,871.65,72.00,0.451,4.260,0.352,banana,fresh
55974995,55359,92.35,871.60,72.00,0.451,4.260,0.352,banana,fresh
55976006,55360,92.30,871.70,72.00,0.451,4.261,0.352,banana,fresh
55977017,55361,92.25,871.60,72.00,0.451,4.260,0.352,banana,fresh
55978029,55362,92.35,871.50,72.00,0.451,4.260,0.352,banana,fresh
55979039,55363,92.30,871.70,72.00,0.451,4.261,0.352,banana,fresh
55980051,55364,92.30,871.65,72.00,0.451,4.260,0.352,banana,fresh
55981062,55365,92.45,871.65,72.00,0.452,4.260,0.352,banana,fresh
55982073,55366,92.35,871.85,72.00,0.451,4.261,0.352,banana,fresh
55983084,55367,92.35,871.55,72.00,0.451,4.260,0.352,banana,fresh
55984095,55368,92.20,871.75,72.00,0.451,4.261,0.352,banana,fresh
55985106,55369,92.40,871.65,72.00,0.452,4.260,0.352,banana,fresh
55986117,55370,92.35,871.75,72.05,0.451,4.261,0.352,banana,fresh
55987129,55371,92.20,871.75,72.00,0.451,4.261,0.352,banana,fresh
55988140,55372,92.35,871.80,72.00,0.451,4.261,0.352,banana,fresh
55989151,55373,92.40,871.70,72.05,0.452,4.261,0.352,banana,fresh
55990162,55374,92.45,871.60,72.00,0.452,4.260,0.352,banana,fresh
55991173,55375,92.35,871.90,72.05,0.451,4.261,0.352,banana,fresh
55992184,55376,92.45,871.65,72.00,0.452,4.260,0.352,banana,fresh
55993195,55377,92.15,871.70,72.00,0.450,4.261,0.352,banana,fresh
55994207,55378,92.35,871.75,72.10,0.451,4.261,0.352,banana,fresh
55995217,55379,92.40,871.75,72.10,0.452,4.261,0.352,banana,fresh
55996229,55380,92.35,871.75,72.00,0.451,4.261,0.352,banana,fresh
55997240,55381,92.30,871.65,72.00,0.451,4.260,0.352,banana,fresh
55998251,55382,92.30,871.75,72.00,0.451,4.261,0.352,banana,fresh
55999262,55383,92.30,871.80,72.05,0.451,4.261,0.352,banana,fresh
56000273,55384,92.45,871.80,72.00,0.452,4.261,0.352,banana,fresh
56001285,55385,92.45,871.70,72.00,0.452,4.261,0.352,banana,fresh
56002295,55386,92.40,871.85,72.00,0.452,4.261,0.352,banana,fresh
56003307,55387,92.50,871.65,72.00,0.452,4.260,0.352,banana,fresh
56004318,55388,92.30,871.80,72.00,0.451,4.261,0.352,banana,fresh
56005329,55389,92.40,871.65,72.05,0.452,4.260,0.352,banana,fresh
56006340,55390,92.40,871.90,72.05,0.452,4.261,0.352,banana,fresh
56007351,55391,92.50,871.85,72.00,0.452,4.261,0.352,banana,fresh
56008363,55392,92.40,871.75,72.00,0.452,4.261,0.352,banana,fresh
56009373,55393,92.40,871.80,72.00,0.452,4.261,0.352,banana,fresh
56010385,55394,92.30,871.85,72.00,0.451,4.261,0.352,banana,fresh
56011396,55395,92.40,871.65,72.00,0.452,4.260,0.352,banana,fresh
56012407,55396,92.15,871.90,72.00,0.450,4.261,0.352,banana,fresh
56013418,55397,92.30,871.85,72.00,0.451,4.261,0.352,banana,fresh
56014429,55398,92.40,871.90,72.00,0.452,4.261,0.352,banana,fresh
56015440,55399,92.30,871.75,72.00,0.451,4.261,0.352,banana,fresh
56016451,55400,92.40,871.80,72.00,0.452,4.261,0.352,banana,fresh
56017463,55401,92.45,871.80,72.05,0.452,4.261,0.352,banana,fresh
56018473,55402,92.30,871.85,72.00,0.451,4.261,0.352,banana,fresh
56019485,55403,92.30,871.95,72.00,0.451,4.262,0.352,banana,fresh
56020496,55404,92.55,871.85,72.00,0.452,4.261,0.352,banana,fresh
56021507,55405,92.50,871.75,72.00,0.452,4.261,0.352,banana,fresh
56022518,55406,92.65,871.80,72.05,0.453,4.261,0.352,banana,fresh
56023529,55407,92.35,871.95,72.00,0.451,4.262,0.352,banana,fresh
56024541,55408,92.45,871.80,71.95,0.452,4.261,0.352,banana,fresh
56025551,55409,92.25,871.95,72.00,0.451,4.262,0.352,banana,fresh
56026563,55410,92.65,871.75,72.00,0.453,4.261,0.352,banana,fresh
56027574,55411,92.55,871.85,71.95,0.452,4.261,0.352,banana,fresh
56028584,55412,92.45,871.95,72.00,0.452,4.262,0.352,banana,fresh
56029596,55413,92.35,871.65,72.00,0.451,4.260,0.352,banana,fresh
56030607,55414,92.40,871.95,72.00,0.452,4.262,0.352,banana,fresh
56031619,55415,92.40,871.85,72.00,0.452,4.261,0.352,banana,fresh
56032629,55416,92.40,871.75,72.00,0.452,4.261,0.352,banana,fresh
56033641,55417,92.40,871.90,72.00,0.452,4.261,0.352,banana,fresh
56034652,55418,92.80,871.90,72.00,0.454,4.261,0.352,banana,fresh
56035662,55419,92.45,871.85,72.00,0.452,4.261,0.352,banana,fresh
56036674,55420,92.30,871.75,72.05,0.451,4.261,0.352,banana,fresh
56037685,55421,92.30,871.85,72.00,0.451,4.261,0.352,banana,fresh
56038696,55422,92.45,871.85,72.00,0.452,4.261,0.352,banana,fresh
56039707,55423,92.45,871.85,72.00,0.452,4.261,0.352,banana,fresh
56040719,55424,92.50,871.85,72.00,0.452,4.261,0.352,banana,fresh
56041730,55425,92.30,871.75,72.00,0.451,4.261,0.352,banana,fresh
56042740,55426,92.35,871.90,72.00,0.451,4.261,0.352,banana,fresh
56043752,55427,92.35,871.85,72.00,0.451,4.261,0.352,banana,fresh
56044763,55428,92.40,871.85,72.00,0.452,4.261,0.352,banana,fresh
56045774,55429,92.25,871.85,72.00,0.451,4.261,0.352,banana,fresh
56046785,55430,92.40,871.75,72.00,0.452,4.261,0.352,banana,fresh
56047797,55431,92.35,871.90,72.00,0.451,4.261,0.352,banana,fresh
56048807,55432,92.35,871.95,72.05,0.451,4.262,0.352,banana,fresh
56049819,55433,92.50,871.75,72.05,0.452,4.261,0.352,banana,fresh
56050830,55434,92.35,871.90,72.00,0.451,4.261,0.352,banana,fresh
56051841,55435,92.35,871.80,72.00,0.451,4.261,0.352,banana,fresh
56052852,55436,92.20,871.85,72.00,0.451,4.261,0.352,banana,fresh
56053863,55437,92.35,871.95,72.05,0.451,4.262,0.352,banana,fresh
56054875,55438,92.50,871.95,72.05,0.452,4.262,0.352,banana,fresh
56055885,55439,92.30,871.90,72.00,0.451,4.261,0.352,banana,fresh
56056897,55440,92.40,871.90,72.00,0.452,4.261,0.352,banana,fresh
56057908,55441,92.65,871.90,72.05,0.453,4.261,0.352,banana,fresh
56058918,55442,92.25,871.90,72.00,0.451,4.261,0.352,banana,fresh
56059930,55443,92.35,871.90,72.00,0.451,4.261,0.352,banana,fresh
56060941,55444,92.15,871.95,72.00,0.450,4.262,0.352,banana,fresh
56061953,55445,92.30,871.95,72.10,0.451,4.262,0.352,banana,fresh
56062963,55446,92.30,871.90,72.00,0.451,4.261,0.352,banana,fresh
56063975,55447,92.65,871.85,72.00,0.453,4.261,0.352,banana,fresh
56064986,55448,92.25,871.95,72.00,0.451,4.262,0.352,banana,fresh
56065996,55449,92.50,871.95,72.00,0.452,4.262,0.352,banana,fresh
56067008,55450,92.35,871.90,72.00,0.451,4.261,0.352,banana,fresh
56068019,55451,92.40,871.90,72.00,0.452,4.261,0.352,banana,fresh
56069030,55452,92.40,871.90,72.05,0.452,4.261,0.352,banana,fresh
56070041,55453,92.50,872.00,72.05,0.452,4.262,0.352,banana,fresh
56071053,55454,92.40,871.90,72.00,0.452,4.261,0.352,banana,fresh
56072064,55455,92.35,871.95,71.95,0.451,4.262,0.352,banana,fresh
56073074,55456,92.30,872.00,72.00,0.451,4.262,0.352,banana,fresh
56074086,55457,92.45,872.00,72.00,0.452,4.262,0.352,banana,fresh
56075097,55458,92.45,871.90,72.00,0.452,4.261,0.352,banana,fresh
56076108,55459,92.50,871.95,72.00,0.452,4.262,0.352,banana,fresh
56077119,55460,92.35,871.90,72.05,0.451,4.261,0.352,banana,fresh
56078131,55461,92.25,871.90,72.00,0.451,4.261,0.352,banana,fresh
56079141,55462,92.35,871.85,72.05,0.451,4.261,0.352,banana,fresh
56080152,55463,92.45,871.95,72.05,0.452,4.262,0.352,banana,fresh
56081164,55464,92.20,871.90,72.00,0.451,4.261,0.352,banana,fresh
56082174,55465,92.40,871.95,72.00,0.452,4.262,0.352,banana,fresh
56083186,55466,92.45,871.90,72.05,0.452,4.261,0.352,banana,fresh
56084197,55467,92.40,871.95,72.00,0.452,4.262,0.352,banana,fresh
56085209,55468,92.30,871.95,72.00,0.451,4.262,0.352,banana,fresh
56086219,55469,92.30,871.90,72.00,0.451,4.261,0.352,banana,fresh
56087231,55470,92.30,872.00,72.00,0.451,4.262,0.352,banana,fresh
56088242,55471,92.45,871.95,72.05,0.452,4.262,0.352,banana,fresh
56089252,55472,92.35,871.90,72.05,0.451,4.261,0.352,banana,fresh
56090264,55473,92.35,871.80,72.00,0.451,4.261,0.352,banana,fresh
56091275,55474,92.25,871.95,72.05,0.451,4.262,0.352,banana,fresh
56092286,55475,92.20,872.00,72.00,0.451,4.262,0.352,banana,fresh
56093297,55476,92.55,871.95,72.10,0.452,4.262,0.352,banana,fresh
56094309,55477,92.30,871.90,72.00,0.451,4.261,0.352,banana,fresh
56095320,55478,92.45,871.90,72.05,0.452,4.261,0.352,banana,fresh
56096330,55479,92.35,871.95,72.00,0.451,4.262,0.352,banana,fresh
56097342,55480,92.15,871.90,72.00,0.450,4.261,0.352,banana,fresh
56098353,55481,92.35,871.95,72.05,0.451,4.262,0.352,banana,fresh
56099364,55482,92.50,872.00,72.00,0.452,4.262,0.352,banana,fresh
56100375,55483,92.50,871.90,72.00,0.452,4.261,0.352,banana,fresh
56101387,55484,92.40,871.80,72.05,0.452,4.261,0.352,banana,fresh
56102397,55485,92.35,872.00,72.00,0.451,4.262,0.352,banana,fresh
56103408,55486,92.25,871.90,72.10,0.451,4.261,0.352,banana,fresh
56104420,55487,92.25,871.95,72.00,0.451,4.262,0.352,banana,fresh
56105431,55488,92.50,872.00,72.10,0.452,4.262,0.352,banana,fresh
56106442,55489,92.20,872.00,72.05,0.451,4.262,0.352,banana,fresh
56107453,55490,92.45,871.95,72.05,0.452,4.262,0.352,banana,fresh
56108465,55491,92.40,871.95,72.05,0.452,4.262,0.352,banana,fresh
56109475,55492,92.45,872.00,72.05,0.452,4.262,0.352,banana,fresh
56110486,55493,92.40,872.00,72.05,0.452,4.262,0.352,banana,fresh
56111498,55494,92.40,872.00,72.10,0.452,4.262,0.352,banana,fresh
56112508,55495,92.50,872.00,72.00,0.452,4.262,0.352,banana,fresh
56113520,55496,92.30,872.00,72.05,0.451,4.262,0.352,banana,fresh
56114531,55497,92.35,872.00,72.00,0.451,4.262,0.352,banana,fresh
56115543,55498,92.65,872.00,72.00,0.453,4.262,0.352,banana,fresh
56116553,55499,92.20,872.00,72.00,0.451,4.262,0.352,banana,fresh
56117564,55500,92.40,871.95,72.00,0.452,4.262,0.352,banana,fresh
56118576,55501,92.20,871.95,72.00,0.451,4.262,0.352,banana,fresh
56119586,55502,92.50,872.00,72.00,0.452,4.262,0.352,banana,fresh
56120598,55503,92.55,872.00,72.05,0.452,4.262,0.352,banana,fresh
56121609,55504,92.45,871.95,72.05,0.452,4.262,0.352,banana,fresh
56122620,55505,92.45,871.95,72.00,0.452,4.262,0.352,banana,fresh
56123631,55506,92.30,872.00,72.05,0.451,4.262,0.352,banana,fresh
56124642,55507,92.45,872.00,72.00,0.452,4.262,0.352,banana,fresh
56125654,55508,92.40,872.00,72.00,0.452,4.262,0.352,banana,fresh
56126664,55509,92.35,871.95,72.00,0.451,4.262,0.352,banana,fresh
56127676,55510,92.15,872.00,72.00,0.450,4.262,0.352,banana,fresh
56128687,55511,92.30,871.95,72.05,0.451,4.262,0.352,banana,fresh
56129698,55512,92.45,872.00,72.00,0.452,4.262,0.352,banana,fresh
56130709,55513,92.30,871.95,72.00,0.451,4.262,0.352,banana,fresh
56131720,55514,92.35,871.95,72.00,0.451,4.262,0.352,banana,fresh
56132731,55515,92.40,872.05,72.05,0.452,4.262,0.352,banana,fresh
56133742,55516,92.55,872.00,72.05,0.452,4.262,0.352,banana,fresh
56134754,55517,92.20,872.00,72.00,0.451,4.262,0.352,banana,fresh
56135764,55518,92.30,872.00,72.00,0.451,4.262,0.352,banana,fresh
56136776,55519,92.40,872.00,72.00,0.452,4.262,0.352,banana,fresh
56137787,55520,92.40,872.00,72.05,0.452,4.262,0.352,banana,fresh
56138798,55521,92.35,872.00,72.05,0.451,4.262,0.352,banana,fresh
56139809,55522,92.15,872.00,72.05,0.450,4.262,0.352,banana,fresh
56140820,55523,92.40,872.00,72.05,0.452,4.262,0.352,banana,fresh
56141832,55524,92.25,872.00,72.00,0.451,4.262,0.352,banana,fresh
56142842,55525,92.35,872.00,72.00,0.451,4.262,0.352,banana,fresh
56143853,55526,92.45,872.00,72.00,0.452,4.262,0.352,banana,fresh
56144865,55527,92.15,872.00,72.05,0.450,4.262,0.352,banana,fresh
56145875,55528,92.35,872.00,72.00,0.451,4.262,0.352,banana,fresh
56146887,55529,92.35,872.00,72.00,0.451,4.262,0.352,banana,fresh
56147898,55530,92.30,872.00,72.00,0.451,4.262,0.352,banana,fresh
56148910,55531,92.35,872.00,72.00,0.451,4.262,0.352,banana,fresh
56149920,55532,92.30,872.00,72.05,0.451,4.262,0.352,banana,fresh
56150931,55533,92.35,872.00,72.00,0.451,4.262,0.352,banana,fresh
56151943,55534,92.35,871.95,72.00,0.451,4.262,0.352,banana,fresh
56152953,55535,92.50,872.00,72.00,0.452,4.262,0.352,banana,fresh
56153965,55536,92.40,872.00,72.00,0.452,4.262,0.352,banana,fresh
56154976,55537,92.35,871.95,72.05,0.451,4.262,0.352,banana,fresh
56155987,55538,92.30,872.00,72.10,0.451,4.262,0.352,banana,fresh
56156998,55539,92.55,872.00,72.00,0.452,4.262,0.352,banana,fresh
56158009,55540,92.40,872.00,72.00,0.452,4.262,0.352,banana,fresh
56159021,55541,92.35,872.00,72.00,0.451,4.262,0.352,banana,fresh
56160031,55542,92.45,872.00,72.00,0.452,4.262,0.352,banana,fresh
56161043,55543,92.45,872.00,72.10,0.452,4.262,0.352,banana,fresh
56162054,55544,92.40,872.00,72.00,0.452,4.262,0.352,banana,fresh
56163065,55545,92.35,872.00,72.00,0.451,4.262,0.352,banana,fresh
56164076,55546,92.10,872.10,72.00,0.450,4.262,0.352,banana,fresh
56165087,55547,92.15,872.00,72.00,0.450,4.262,0.352,banana,fresh
56166098,55548,92.35,872.00,72.05,0.451,4.262,0.352,banana,fresh
56167109,55549,92.40,872.00,72.00,0.452,4.262,0.352,banana,fresh
56168121,55550,92.30,872.00,72.10,0.451,4.262,0.352,banana,fresh
56169132,55551,92.30,872.00,72.00,0.451,4.262,0.352,banana,fresh
56170142,55552,92.35,872.00,72.15,0.451,4.262,0.353,banana,fresh
56171154,55553,92.45,872.05,72.05,0.452,4.262,0.352,banana,fresh
56172165,55554,92.20,872.00,72.00,0.451,4.262,0.352,banana,fresh
56173176,55555,92.45,872.10,72.05,0.452,4.262,0.352,banana,fresh
56174187,55556,92.40,872.05,72.15,0.452,4.262,0.353,banana,fresh
56175199,55557,92.30,872.00,72.15,0.451,4.262,0.353,banana,fresh
56176209,55558,92.35,872.00,72.05,0.451,4.262,0.352,banana,fresh
56177220,55559,92.30,872.00,72.10,0.451,4.262,0.352,banana,fresh
56178232,55560,92.25,872.00,72.00,0.451,4.262,0.352,banana,fresh
56179243,55561,92.25,872.00,72.05,0.451,4.262,0.352,banana,fresh
56180254,55562,92.45,872.00,72.05,0.452,4.262,0.352,banana,fresh
56181265,55563,92.45,872.00,72.05,0.452,4.262,0.352,banana,fresh
56182277,55564,92.20,872.05,72.00,0.451,4.262,0.352,banana,fresh
56183287,55565,92.35,872.00,72.05,0.451,4.262,0.352,banana,fresh
56184298,55566,92.25,872.00,72.10,0.451,4.262,0.352,banana,fresh
56185310,55567,92.20,872.05,72.05,0.451,4.262,0.352,banana,fresh
56186320,55568,92.50,872.00,72.05,0.452,4.262,0.352,banana,fresh
56187332,55569,92.55,872.00,72.05,0.452,4.262,0.352,banana,fresh
56188343,55570,92.35,872.00,72.05,0.451,4.262,0.352,banana,fresh
56189355,55571,92.30,872.00,72.05,0.451,4.262,0.352,banana,fresh
56190365,55572,92.55,872.00,72.05,0.452,4.262,0.352,banana,fresh
56191377,55573,92.35,872.00,72.05,0.451,4.262,0.352,banana,fresh
56192388,55574,92.50,872.00,72.00,0.452,4.262,0.352,banana,fresh
56193398,55575,92.50,872.05,72.05,0.452,4.262,0.352,banana,fresh
56194410,55576,92.40,872.05,72.00,0.452,4.262,0.352,banana,fresh
56195421,55577,92.20,872.00,72.10,0.451,4.262,0.352,banana,fresh
56196432,55578,92.35,872.00,72.05,0.451,4.262,0.352,banana,fresh
56197443,55579,92.25,872.00,72.10,0.451,4.262,0.352,banana,fresh
56198455,55580,92.25,872.00,72.00,0.451,4.262,0.352,banana,fresh
56199465,55581,92.20,872.00,72.00,0.451,4.262,0.352,banana,fresh
56200476,55582,92.20,872.00,72.10,0.451,4.262,0.352,banana,fresh
56201488,55583,92.35,872.05,72.00,0.451,4.262,0.352,banana,fresh
56202499,55584,92.25,872.05,72.00,0.451,4.262,0.352,banana,fresh
56203510,55585,92.35,872.00,72.00,0.451,4.262,0.352,banana,fresh
56204521,55586,92.25,872.05,72.05,0.451,4.262,0.352,banana,fresh
56205533,55587,92.35,872.00,72.15,0.451,4.262,0.353,banana,fresh
56206543,55588,92.40,872.05,72.00,0.452,4.262,0.352,banana,fresh
56207554,55589,92.20,872.00,72.05,0.451,4.262,0.352,banana,fresh
56208566,55590,92.30,872.00,72.05,0.451,4.262,0.352,banana,fresh
56209576,55591,92.25,872.05,72.00,0.451,4.262,0.352,banana,fresh
56210588,55592,92.40,872.05,72.05,0.452,4.262,0.352,banana,fresh
56211599,55593,92.30,872.00,72.05,0.451,4.262,0.352,banana,fresh
56212611,55594,92.30,872.00,72.05,0.451,4.262,0.352,banana,fresh
56213621,55595,92.20,872.00,72.05,0.451,4.262,0.352,banana,fresh
56214632,55596,92.40,872.00,72.00,0.452,4.262,0.352,banana,fresh
56215644,55597,92.25,872.05,72.05,0.451,4.262,0.352,banana,fresh
56216654,55598,92.15,872.10,72.05,0.450,4.262,0.352,banana,fresh
56217666,55599,92.20,872.05,72.05,0.451,4.262,0.352,banana,fresh
56218677,55600,92.20,872.05,72.00,0.451,4.262,0.352,banana,fresh
56219688,55601,92.15,872.00,72.10,0.450,4.262,0.352,banana,fresh
56220699,55602,92.25,872.05,72.10,0.451,4.262,0.352,banana,fresh
56221710,55603,92.25,872.00,72.00,0.451,4.262,0.352,banana,fresh
56222722,55604,92.15,872.05,72.15,0.450,4.262,0.353,banana,fresh
56223732,55605,92.25,872.00,72.15,0.451,4.262,0.353,banana,fresh
56224744,55606,92.15,872.10,72.05,0.450,4.262,0.352,banana,fresh
56225755,55607,92.25,872.05,72.10,0.451,4.262,0.352,banana,fresh
56226766,55608,92.05,872.05,72.15,0.450,4.262,0.353,banana,fresh
56227777,55609,92.20,872.05,72.10,0.451,4.262,0.352,banana,fresh
56228788,55610,92.30,872.20,72.05,0.451,4.263,0.352,banana,fresh
56229799,55611,92.35,872.10,72.00,0.451,4.262,0.352,banana,fresh
56230810,55612,92.25,872.05,72.05,0.451,4.262,0.352,banana,fresh
56231822,55613,92.15,872.20,72.00,0.450,4.263,0.352,banana,fresh
56232833,55614,92.30,872.00,72.15,0.451,4.262,0.353,banana,fresh
56233844,55615,92.35,872.10,72.10,0.451,4.262,0.352,banana,fresh
56234855,55616,92.20,872.00,72.15,0.451,4.262,0.353,banana,fresh
56235866,55617,92.15,872.10,72.10,0.450,4.262,0.352,banana,fresh
56236877,55618,92.25,872.10,72.00,0.451,4.262,0.352,banana,fresh
56237888,55619,92.25,872.00,72.00,0.451,4.262,0.352,banana,fresh
56238900,55620,92.25,872.20,72.05,0.451,4.263,0.352,banana,fresh
56239910,55621,92.20,872.20,72.10,0.451,4.263,0.352,banana,fresh
56240922,55622,92.10,872.10,72.05,0.450,4.262,0.352,banana,fresh
56241933,55623,92.05,872.35,72.05,0.450,4.264,0.352,banana,fresh
56242944,55624,92.15,872.20,72.05,0.450,4.263,0.352,banana,fresh
56243955,55625,92.15,872.20,72.05,0.450,4.263,0.352,banana,fresh
56244966,55626,92.25,872.15,72.10,0.451,4.263,0.352,banana,fresh
56245978,55627,92.20,872.10,72.10,0.451,4.262,0.352,banana,fresh
56246988,55628,92.20,872.25,72.05,0.451,4.263,0.352,banana,fresh
56248000,55629,92.20,872.15,72.15,0.451,4.263,0.353,banana,fresh
56249011,55630,92.05,872.30,72.05,0.450,4.263,0.352,banana,fresh
56250022,55631,92.15,872.25,72.30,0.450,4.263,0.353,banana,fresh
56251033,55632,92.30,872.30,72.10,0.451,4.263,0.352,banana,fresh
56252044,55633,92.15,872.35,72.05,0.450,4.264,0.352,banana,fresh
56253056,55634,92.35,872.25,72.10,0.451,4.263,0.352,banana,fresh
56254066,55635,92.30,872.15,72.15,0.451,4.263,0.353,banana,fresh
56255078,55636,92.25,872.30,72.15,0.451,4.263,0.353,banana,fresh
56256089,55637,92.20,872.25,72.05,0.451,4.263,0.352,banana,fresh
56257100,55638,92.15,872.25,72.10,0.450,4.263,0.352,banana,fresh
56258111,55639,92.15,872.30,72.00,0.450,4.263,0.352,banana,fresh
56259123,55640,92.15,872.40,72.05,0.450,4.264,0.352,banana,fresh
56260133,55641,92.20,872.35,72.05,0.451,4.264,0.352,banana,fresh
56261145,55642,92.30,872.35,72.05,0.451,4.264,0.352,banana,fresh
56262156,55643,92.15,872.35,72.05,0.450,4.264,0.352,banana,fresh
56263166,55644,92.10,872.50,72.00,0.450,4.264,0.352,banana,fresh
56264178,55645,92.20,872.45,72.15,0.451,4.264,0.353,banana,fresh
56265189,55646,92.20,872.35,72.15,0.451,4.264,0.353,banana,fresh
56266201,55647,92.20,872.25,72.05,0.451,4.263,0.352,banana,fresh
56267211,55648,92.25,872.70,72.05,0.451,4.265,0.352,banana,fresh
56268223,55649,92.10,872.30,72.15,0.450,4.263,0.353,banana,fresh
56269234,55650,92.20,872.40,72.05,0.451,4.264,0.352,banana,fresh
56270244,55651,92.15,872.45,72.10,0.450,4.264,0.352,banana,fresh
56271256,55652,92.20,872.30,72.00,0.451,4.263,0.352,banana,fresh
56272267,55653,92.25,872.50,72.05,0.451,4.264,0.352,banana,fresh
56273278,55654,92.30,872.50,72.15,0.451,4.264,0.353,banana,fresh
56274289,55655,92.25,872.40,72.15,0.451,4.264,0.353,banana,fresh
56275301,55656,92.40,872.40,72.10,0.452,4.264,0.352,banana,fresh
56276312,55657,92.20,872.60,72.05,0.451,4.265,0.352,banana,fresh
56277322,55658,92.20,872.45,72.05,0.451,4.264,0.352,banana,fresh
56278334,55659,92.10,872.45,72.20,0.450,4.264,0.353,banana,fresh
56279345,55660,92.10,872.30,72.20,0.450,4.263,0.353,banana,fresh
56280356,55661,92.25,872.40,72.05,0.451,4.264,0.352,banana,fresh
56281367,55662,92.40,872.75,72.20,0.452,4.266,0.353,banana,fresh
56282379,55663,92.15,872.50,72.15,0.450,4.264,0.353,banana,fresh
56283389,55664,92.40,872.45,72.05,0.452,4.264,0.352,banana,fresh
56284401,55665,92.20,872.40,72.10,0.451,4.264,0.352,banana,fresh
56285412,55666,92.20,872.55,72.10,0.451,4.265,0.352,banana,fresh
56286423,55667,92.15,872.65,72.15,0.450,4.265,0.353,banana,fresh
56287434,55668,92.30,872.65,72.10,0.451,4.265,0.352,banana,fresh
56288445,55669,92.25,872.65,72.05,0.451,4.265,0.352,banana,fresh
56289457,55670,92.25,872.80,72.15,0.451,4.266,0.353,banana,fresh
56290467,55671,92.20,872.60,72.00,0.451,4.265,0.352,banana,fresh
56291479,55672,92.30,872.75,72.05,0.451,4.266,0.352,banana,fresh
56292490,55673,92.15,872.75,72.05,0.450,4.266,0.352,banana,fresh
56293500,55674,92.30,872.75,72.00,0.451,4.266,0.352,banana,fresh
56294512,55675,92.05,872.80,72.10,0.450,4.266,0.352,banana,fresh
56295523,55676,92.10,872.80,72.10,0.450,4.266,0.352,banana,fresh
56296535,55677,92.15,872.75,72.15,0.450,4.266,0.353,banana,fresh
56297545,55678,92.10,872.90,72.00,0.450,4.266,0.352,banana,fresh
56298557,55679,92.20,872.70,72.20,0.451,4.265,0.353,banana,fresh
56299568,55680,92.25,872.70,72.00,0.451,4.265,0.352,banana,fresh
56300578,55681,92.35,872.80,72.00,0.451,4.266,0.352,banana,fresh
56301590,55682,92.25,872.90,72.00,0.451,4.266,0.352,banana,fresh
56302601,55683,92.25,872.75,72.10,0.451,4.266,0.352,banana,fresh
56303612,55684,92.20,872.90,72.10,0.451,4.266,0.352,banana,fresh
56304623,55685,92.20,872.85,72.00,0.451,4.266,0.352,banana,fresh
56305635,55686,92.15,872.90,72.15,0.450,4.266,0.353,banana,fresh
56306646,55687,92.10,873.00,72.20,0.450,4.267,0.353,banana,fresh
56307656,55688,92.15,872.80,72.10,0.450,4.266,0.352,banana,fresh
56308668,55689,92.30,872.85,72.05,0.451,4.266,0.352,banana,fresh
56309679,55690,92.20,873.00,72.25,0.451,4.267,0.353,banana,fresh
56310690,55691,92.15,872.85,72.05,0.450,4.266,0.352,banana,fresh
56311701,55692,92.15,873.00,72.10,0.450,4.267,0.352,banana,fresh
56312713,55693,92.05,872.95,72.20,0.450,4.267,0.353,banana,fresh
56313723,55694,92.30,872.90,72.05,0.451,4.266,0.352,banana,fresh
56314735,55695,92.20,873.00,72.10,0.451,4.267,0.352,banana,fresh
56315746,55696,92.15,872.90,72.05,0.450,4.266,0.352,banana,fresh
56316756,55697,92.25,872.90,72.05,0.451,4.266,0.352,banana,fresh
56317768,55698,92.15,873.00,72.15,0.450,4.267,0.353,banana,fresh
56318779,55699,92.25,872.95,72.15,0.451,4.267,0.353,banana,fresh
56319791,55700,92.15,872.95,72.05,0.450,4.267,0.352,banana,fresh
56320801,55701,92.15,872.95,72.15,0.450,4.267,0.353,banana,fresh
56321813,55702,92.25,872.95,72.20,0.451,4.267,0.353,banana,fresh
56322824,55703,92.35,873.00,72.15,0.451,4.267,0.353,banana,fresh
56323835,55704,92.20,873.00,72.25,0.451,4.267,0.353,banana,fresh
56324846,55705,92.15,873.00,72.05,0.450,4.267,0.352,banana,fresh
56325857,55706,92.25,872.95,72.30,0.451,4.267,0.353,banana,fresh
56326868,55707,92.10,873.00,72.00,0.450,4.267,0.352,banana,fresh
56327879,55708,92.15,872.95,72.25,0.450,4.267,0.353,banana,fresh
56328891,55709,92.30,872.95,72.10,0.451,4.267,0.352,banana,fresh
56329902,55710,92.40,872.95,72.15,0.452,4.267,0.353,banana,fresh
56330913,55711,92.25,873.00,72.15,0.451,4.267,0.353,banana,fresh
56331924,55712,92.15,873.00,72.05,0.450,4.267,0.352,banana,fresh
56332935,55713,92.20,873.00,72.20,0.451,4.267,0.353,banana,fresh
56333946,55714,92.40,872.95,72.20,0.452,4.267,0.353,banana,fresh
56334957,55715,92.25,873.00,72.10,0.451,4.267,0.352,banana,fresh
56335969,55716,92.15,873.00,72.10,0.450,4.267,0.352,banana,fresh
56336979,55717,92.25,873.00,72.35,0.451,4.267,0.354,banana,fresh
56337990,55718,92.20,873.00,72.20,0.451,4.267,0.353,banana,fresh
56339002,55719,92.10,873.00,72.25,0.450,4.267,0.353,banana,fresh
56340013,55720,92.10,873.00,72.15,0.450,4.267,0.353,banana,fresh
56341024,55721,92.35,873.00,72.10,0.451,4.267,0.352,banana,fresh
56342035,55722,92.05,873.05,72.00,0.450,4.267,0.352,banana,fresh
56343047,55723,92.35,873.00,72.10,0.451,4.267,0.352,banana,fresh
56344057,55724,92.25,873.05,72.05,0.451,4.267,0.352,banana,fresh
56345068,55725,92.20,873.00,72.20,0.451,4.267,0.353,banana,fresh
56346080,55726,92.25,873.00,72.15,0.451,4.267,0.353,banana,fresh
56347090,55727,92.25,873.00,72.10,0.451,4.267,0.352,banana,fresh
56348102,55728,92.30,873.00,72.15,0.451,4.267,0.353,banana,fresh
56349113,55729,92.40,873.05,72.20,0.452,4.267,0.353,banana,fresh
56350125,55730,92.25,873.00,72.10,0.451,4.267,0.352,banana,fresh
56351135,55731,92.20,873.05,72.05,0.451,4.267,0.352,banana,fresh
56352147,55732,92.15,873.05,72.05,0.450,4.267,0.352,banana,fresh
56353158,55733,92.20,873.00,72.15,0.451,4.267,0.353,banana,fresh
56354168,55734,92.30,873.00,72.10,0.451,4.267,0.352,banana,fresh
56355180,55735,92.15,873.00,72.10,0.450,4.267,0.352,banana,fresh
56356191,55736,92.05,873.00,72.40,0.450,4.267,0.354,banana,fresh
56357202,55737,92.15,873.00,72.30,0.450,4.267,0.353,banana,fresh
56358213,55738,92.15,873.00,72.20,0.450,4.267,0.353,banana,fresh
56359225,55739,92.20,873.00,72.20,0.451,4.267,0.353,banana,fresh
56360236,55740,92.15,873.00,72.15,0.450,4.267,0.353,banana,fresh
56361246,55741,92.25,873.00,72.15,0.451,4.267,0.353,banana,fresh
56362258,55742,92.20,873.00,72.25,0.451,4.267,0.353,banana,fresh
56363269,55743,92.15,873.00,72.20,0.450,4.267,0.353,banana,fresh
56364280,55744,92.20,873.00,72.25,0.451,4.267,0.353,banana,fresh
56365291,55745,92.25,873.05,72.20,0.451,4.267,0.353,banana,fresh
56366303,55746,92.20,873.05,72.45,0.451,4.267,0.354,banana,fresh
56367313,55747,92.25,873.05,72.20,0.451,4.267,0.353,banana,fresh
56368324,55748,92.30,873.05,72.00,0.451,4.267,0.352,banana,fresh
56369336,55749,92.35,873.05,72.15,0.451,4.267,0.353,banana,fresh
56370347,55750,92.35,873.00,72.20,0.451,4.267,0.353,banana,fresh
56371358,55751,92.35,873.05,72.35,0.451,4.267,0.354,banana,fresh
56372369,55752,92.15,873.00,72.15,0.450,4.267,0.353,banana,fresh
56373381,55753,92.15,873.05,72.20,0.450,4.267,0.353,banana,fresh
56374391,55754,92.30,873.10,72.10,0.451,4.267,0.352,banana,fresh
56375403,55755,92.35,873.00,72.25,0.451,4.267,0.353,banana,fresh
56376414,55756,92.20,873.00,72.05,0.451,4.267,0.352,banana,fresh
56377424,55757,92.15,873.00,72.05,0.450,4.267,0.352,banana,fresh
56378436,55758,92.15,873.05,72.15,0.450,4.267,0.353,banana,fresh
56379447,55759,92.30,873.10,72.10,0.451,4.267,0.352,banana,fresh
56380459,55760,92.20,873.10,72.15,0.451,4.267,0.353,banana,fresh
56381469,55761,92.15,873.05,72.05,0.450,4.267,0.352,banana,fresh
56382481,55762,92.25,873.10,72.15,0.451,4.267,0.353,banana,fresh
56383492,55763,92.35,873.05,72.20,0.451,4.267,0.353,banana,fresh
56384502,55764,92.25,873.15,72.20,0.451,4.268,0.353,banana,fresh
56385514,55765,92.30,873.15,72.20,0.451,4.268,0.353,banana,fresh
56386525,55766,92.10,873.30,72.15,0.450,4.268,0.353,banana,fresh
56387536,55767,92.35,873.15,72.05,0.451,4.268,0.352,banana,fresh
56388547,55768,92.30,873.25,72.15,0.451,4.268,0.353,banana,fresh
56389559,55769,92.20,873.40,72.15,0.451,4.269,0.353,banana,fresh
56390569,55770,92.20,873.20,72.20,0.451,4.268,0.353,banana,fresh
56391580,55771,92.25,873.25,72.30,0.451,4.268,0.353,banana,fresh
56392592,55772,92.20,873.30,72.15,0.451,4.268,0.353,banana,fresh
56393603,55773,92.35,873.20,72.05,0.451,4.268,0.352,banana,fresh
56394614,55774,92.45,873.25,72.40,0.452,4.268,0.354,banana,fresh
56395625,55775,92.45,873.30,72.35,0.452,4.268,0.354,banana,fresh
56396637,55776,92.25,873.25,72.35,0.451,4.268,0.354,banana,fresh
56397647,55777,92.50,873.40,72.35,0.452,4.269,0.354,banana,fresh
56398659,55778,92.35,873.25,72.20,0.451,4.268,0.353,banana,fresh
56399670,55779,92.35,873.30,72.05,0.451,4.268,0.352,banana,fresh
56400680,55780,92.40,873.45,72.25,0.452,4.269,0.353,banana,fresh
56401692,55781,92.25,873.45,72.25,0.451,4.269,0.353,banana,fresh
56402703,55782,92.25,873.30,72.45,0.451,4.268,0.354,banana,fresh
56403715,55783,92.40,873.55,72.10,0.452,4.270,0.352,banana,fresh
56404725,55784,92.10,873.45,72.30,0.450,4.269,0.353,banana,fresh
56405737,55785,92.15,873.55,72.25,0.450,4.270,0.353,banana,fresh
56406748,55786,92.30,873.50,72.40,0.451,4.269,0.354,banana,fresh
56407758,55787,92.30,873.55,72.35,0.451,4.270,0.354,banana,fresh
56408770,55788,92.30,873.50,72.25,0.451,4.269,0.353,banana,fresh
56409781,55789,92.30,873.55,72.35,0.451,4.270,0.354,banana,fresh
56410792,55790,92.15,873.45,72.30,0.450,4.269,0.353,banana,fresh
56411803,55791,92.45,873.70,72.25,0.452,4.270,0.353,banana,fresh
56412815,55792,92.50,873.55,72.10,0.452,4.270,0.352,banana,fresh
56413826,55793,92.25,873.70,72.35,0.451,4.270,0.354,banana,fresh
56414837,55794,92.35,873.30,72.25,0.451,4.268,0.353,banana,fresh
56415848,55795,92.30,873.65,72.25,0.451,4.270,0.353,banana,fresh
56416859,55796,92.45,873.70,72.35,0.452,4.270,0.354,banana,fresh
56417870,55797,92.35,873.65,72.40,0.451,4.270,0.354,banana,fresh
56418881,55798,92.25,873.60,72.40,0.451,4.270,0.354,banana,fresh
56419893,55799,92.20,873.65,72.35,0.451,4.270,0.354,banana,fresh
56420903,55800,92.20,873.65,72.25,0.451,4.270,0.353,banana,fresh
56421915,55801,92.50,873.80,72.25,0.452,4.271,0.353,banana,fresh
56422926,55802,92.15,873.80,72.25,0.450,4.271,0.353,banana,fresh
56423938,55803,92.40,873.75,72.40,0.452,4.271,0.354,banana,fresh
56424948,55804,92.65,873.75,72.30,0.453,4.271,0.353,banana,fresh
56425959,55805,92.30,873.75,72.10,0.451,4.271,0.352,banana,fresh
56426971,55806,92.30,873.85,72.20,0.451,4.271,0.353,banana,fresh
56427981,55807,92.50,873.90,72.25,0.452,4.271,0.353,banana,fresh
56428993,55808,92.30,873.85,72.25,0.451,4.271,0.353,banana,fresh
56430004,55809,92.40,873.85,72.35,0.452,4.271,0.354,banana,fresh
56431015,55810,92.30,873.80,72.45,0.451,4.271,0.354,banana,fresh
56432026,55811,92.15,873.90,72.45,0.450,4.271,0.354,banana,fresh
56433037,55812,92.20,873.85,72.45,0.451,4.271,0.354,banana,fresh
56434049,55813,92.25,873.85,72.30,0.451,4.271,0.353,banana,fresh
56435059,55814,92.35,873.75,72.20,0.451,4.271,0.353,banana,fresh
56436071,55815,92.40,873.90,72.30,0.452,4.271,0.353,banana,fresh
56437082,55816,92.35,873.90,72.35,0.451,4.271,0.354,banana,fresh
56438093,55817,92.55,873.85,72.50,0.452,4.271,0.354,banana,fresh
56439104,55818,92.60,874.00,72.20,0.453,4.272,0.353,banana,fresh
56440115,55819,92.40,873.95,72.30,0.452,4.272,0.353,banana,fresh
56441126,55820,92.45,873.95,72.15,0.452,4.272,0.353,banana,fresh
56442137,55821,92.20,873.85,72.35,0.451,4.271,0.354,banana,fresh
56443149,55822,92.40,874.00,72.35,0.452,4.272,0.354,banana,fresh
56444160,55823,92.30,873.85,72.30,0.451,4.271,0.353,banana,fresh
56445171,55824,92.40,873.85,72.30,0.452,4.271,0.353,banana,fresh
56446182,55825,92.45,873.95,72.30,0.452,4.272,0.353,banana,fresh
56447194,55826,92.20,874.00,72.40,0.451,4.272,0.354,banana,fresh
56448204,55827,92.55,874.00,72.35,0.452,4.272,0.354,banana,fresh
56449215,55828,92.45,873.95,72.35,0.452,4.272,0.354,banana,fresh
56450227,55829,92.45,873.90,72.40,0.452,4.271,0.354,banana,fresh
56451237,55830,92.35,874.00,72.30,0.451,4.272,0.353,banana,fresh
56452249,55831,92.50,874.00,72.40,0.452,4.272,0.354,banana,fresh
56453260,55832,92.50,874.00,72.20,0.452,4.272,0.353,banana,fresh
56454272,55833,92.35,873.95,72.35,0.451,4.272,0.354,banana,fresh
56455282,55834,92.45,874.00,72.25,0.452,4.272,0.353,banana,fresh
56456294,55835,92.55,873.95,72.25,0.452,4.272,0.353,banana,fresh
56457305,55836,92.35,873.95,72.35,0.451,4.272,0.354,banana,fresh
56458315,55837,92.50,874.00,72.20,0.452,4.272,0.353,banana,fresh
56459327,55838,92.50,874.00,72.10,0.452,4.272,0.352,banana,fresh
56460338,55839,92.50,873.95,72.25,0.452,4.272,0.353,banana,fresh
56461349,55840,92.55,874.00,72.40,0.452,4.272,0.354,banana,fresh
56462360,55841,92.40,874.00,72.15,0.452,4.272,0.353,banana,fresh
56463372,55842,92.45,874.00,72.40,0.452,4.272,0.354,banana,fresh
56464382,55843,92.35,873.95,72.35,0.451,4.272,0.354,banana,fresh
56465394,55844,92.50,874.00,72.30,0.452,4.272,0.353,banana,fresh
56466405,55845,92.45,874.00,72.20,0.452,4.272,0.353,banana,fresh
56467416,55846,92.50,874.00,72.30,0.452,4.272,0.353,banana,fresh
56468427,55847,92.45,874.00,72.25,0.452,4.272,0.353,banana,fresh
56469438,55848,92.60,874.00,72.35,0.453,4.272,0.354,banana,fresh
56470450,55849,92.40,874.00,72.25,0.452,4.272,0.353,banana,fresh
56471460,55850,92.30,874.00,72.35,0.451,4.272,0.354,banana,fresh
56472472,55851,92.60,874.00,72.20,0.453,4.272,0.353,banana,fresh
56473483,55852,92.35,874.00,72.25,0.451,4.272,0.353,banana,fresh
56474493,55853,92.45,874.00,72.10,0.452,4.272,0.352,banana,fresh
56475505,55854,92.65,874.00,72.35,0.453,4.272,0.354,banana,fresh
56476516,55855,92.40,874.05,72.40,0.452,4.272,0.354,banana,fresh
56477528,55856,92.55,874.00,72.25,0.452,4.272,0.353,banana,fresh
56478538,55857,92.35,874.00,72.35,0.451,4.272,0.354,banana,fresh
56479550,55858,92.50,874.00,72.20,0.452,4.272,0.353,banana,fresh
56480561,55859,92.65,874.00,72.50,0.453,4.272,0.354,banana,fresh
56481571,55860,92.50,874.00,72.30,0.452,4.272,0.353,banana,fresh
56482583,55861,92.45,874.00,72.30,0.452,4.272,0.353,banana,fresh
56483594,55862,92.65,874.05,72.20,0.453,4.272,0.353,banana,fresh
56484605,55863,92.55,874.00,72.30,0.452,4.272,0.353,banana,fresh
56485616,55864,92.60,874.00,72.40,0.453,4.272,0.354,banana,fresh
56486628,55865,92.75,874.00,72.35,0.453,4.272,0.354,banana,fresh
56487639,55866,92.50,874.00,72.35,0.452,4.272,0.354,banana,fresh
56488650,55867,92.45,874.05,72.40,0.452,4.272,0.354,banana,fresh
56489661,55868,92.40,874.00,72.25,0.452,4.272,0.353,banana,fresh
56490672,55869,92.75,874.05,72.25,0.453,4.272,0.353,banana,fresh
56491683,55870,92.55,874.00,72.35,0.452,4.272,0.354,banana,fresh
56492694,55871,92.60,874.00,72.35,0.453,4.272,0.354,banana,fresh
56493706,55872,92.55,874.00,72.35,0.452,4.272,0.354,banana,fresh
56494716,55873,92.70,874.00,72.30,0.453,4.272,0.353,banana,fresh
56495728,55874,92.60,874.05,72.25,0.453,4.272,0.353,banana,fresh
56496739,55875,92.55,874.00,72.30,0.452,4.272,0.353,banana,fresh
56497750,55876,92.50,874.05,72.30,0.452,4.272,0.353,banana,fresh
56498761,55877,92.60,874.00,72.30,0.453,4.272,0.353,banana,fresh
56499772,55878,92.50,874.10,72.40,0.452,4.272,0.354,banana,fresh
56500784,55879,92.55,874.00,72.25,0.452,4.272,0.353,banana,fresh
56501794,55880,92.70,874.00,72.25,0.453,4.272,0.353,banana,fresh
56502806,55881,92.70,874.00,72.35,0.453,4.272,0.354,banana,fresh
56503817,55882,92.65,874.00,72.35,0.453,4.272,0.354,banana,fresh
56504828,55883,92.70,874.10,72.20,0.453,4.272,0.353,banana,fresh
56505839,55884,92.60,874.05,72.30,0.453,4.272,0.353,banana,fresh
56506850,55885,92.50,874.00,72.40,0.452,4.272,0.354,banana,fresh
56507862,55886,92.50,874.05,72.35,0.452,4.272,0.354,banana,fresh
56508872,55887,92.60,874.00,72.35,0.453,4.272,0.354,banana,fresh
56509884,55888,92.60,874.10,72.45,0.453,4.272,0.354,banana,fresh
56510895,55889,92.45,874.00,72.30,0.452,4.272,0.353,banana,fresh
56511906,55890,92.55,874.10,72.30,0.452,4.272,0.353,banana,fresh
56512917,55891,92.75,874.00,72.25,0.453,4.272,0.353,banana,fresh
56513928,55892,92.65,874.05,72.35,0.453,4.272,0.354,banana,fresh
56514939,55893,92.70,874.00,72.25,0.453,4.272,0.353,banana,fresh
56515950,55894,92.75,874.00,72.15,0.453,4.272,0.353,banana,fresh
56516962,55895,92.65,874.15,72.25,0.453,4.272,0.353,banana,fresh
56517972,55896,92.60,874.10,72.30,0.453,4.272,0.353,banana,fresh
56518984,55897,92.50,874.15,72.30,0.452,4.272,0.353,banana,fresh
56519995,55898,92.30,874.15,72.35,0.451,4.272,0.354,banana,fresh
56521007,55899,92.75,874.15,72.45,0.453,4.272,0.354,banana,fresh
56522017,55900,92.65,874.15,72.05,0.453,4.272,0.352,banana,fresh
56523028,55901,92.65,874.00,72.00,0.453,4.272,0.352,banana,fresh
56524040,55902,92.65,874.15,72.35,0.453,4.272,0.354,banana,fresh
56525050,55903,92.75,874.10,72.15,0.453,4.272,0.353,banana,fresh
56526062,55904,92.80,874.00,72.10,0.454,4.272,0.352,banana,fresh
56527073,55905,92.60,874.15,72.25,0.453,4.272,0.353,banana,fresh
56528084,55906,92.55,874.20,72.30,0.452,4.273,0.353,banana,fresh
56529095,55907,92.60,874.10,72.40,0.453,4.272,0.354,banana,fresh
56530106,55908,92.60,874.00,72.25,0.453,4.272,0.353,banana,fresh
56531118,55909,92.55,874.00,72.20,0.452,4.272,0.353,banana,fresh
56532128,55910,92.65,874.10,72.30,0.453,4.272,0.353,banana,fresh
56533140,55911,92.55,874.25,72.30,0.452,4.273,0.353,banana,fresh
56534151,55912,92.55,874.20,72.25,0.452,4.273,0.353,banana,fresh
56535162,55913,92.60,874.25,72.30,0.453,4.273,0.353,banana,fresh
56536173,55914,92.65,874.15,72.20,0.453,4.272,0.353,banana,fresh
56537185,55915,92.85,874.35,72.20,0.454,4.273,0.353,banana,fresh
56538195,55916,92.80,874.20,72.20,0.454,4.273,0.353,banana,fresh
56539206,55917,92.60,874.20,72.15,0.453,4.273,0.353,banana,fresh
56540218,55918,92.70,874.30,72.25,0.453,4.273,0.353,banana,fresh
56541229,55919,92.55,874.20,72.20,0.452,4.273,0.353,banana,fresh
56542240,55920,92.55,874.40,72.15,0.452,4.274,0.353,banana,fresh
56543251,55921,92.65,874.35,72.30,0.453,4.273,0.353,banana,fresh
56544263,55922,92.85,874.20,72.25,0.454,4.273,0.353,banana,fresh
56545273,55923,92.55,874.50,72.25,0.452,4.274,0.353,banana,fresh
56546284,55924,92.65,874.40,72.10,0.453,4.274,0.352,banana,fresh
56547296,55925,92.50,874.20,72.25,0.452,4.273,0.353,banana,fresh
56548306,55926,92.50,874.25,72.10,0.452,4.273,0.352,banana,fresh
56549318,55927,92.70,874.40,72.15,0.453,4.274,0.353,banana,fresh
56550329,55928,92.65,874.20,72.35,0.453,4.273,0.354,banana,fresh
56551341,55929,92.80,874.50,72.15,0.454,4.274,0.353,banana,fresh
56552351,55930,92.90,874.35,72.20,0.454,4.273,0.353,banana,fresh
56553363,55931,92.85,874.55,72.20,0.454,4.274,0.353,banana,fresh
56554374,55932,92.75,874.55,72.25,0.453,4.274,0.353,banana,fresh
56555384,55933,92.70,874.55,72.20,0.453,4.274,0.353,banana,fresh
56556396,55934,92.80,874.65,72.15,0.454,4.275,0.353,banana,fresh
56557407,55935,92.80,874.70,72.25,0.454,4.275,0.353,banana,fresh
56558418,55936,92.65,874.40,72.20,0.453,4.274,0.353,banana,fresh
56559429,55937,92.80,874.65,72.15,0.454,4.275,0.353,banana,fresh
56560441,55938,92.70,874.60,72.10,0.453,4.275,0.352,banana,fresh
56561452,55939,92.80,874.50,72.25,0.454,4.274,0.353,banana,fresh
56562462,55940,92.80,874.70,72.10,0.454,4.275,0.352,banana,fresh
56563474,55941,92.80,874.60,72.25,0.454,4.275,0.353,banana,fresh
56564485,55942,92.75,874.75,72.20,0.453,4.275,0.353,banana,fresh
56565496,55943,92.65,874.65,72.20,0.453,4.275,0.353,banana,fresh
56566507,55944,92.75,874.85,72.05,0.453,4.276,0.352,banana,fresh
56567519,55945,92.70,874.70,72.20,0.453,4.275,0.353,banana,fresh
56568529,55946,92.65,874.75,72.15,0.453,4.275,0.353,banana,fresh
56569541,55947,92.85,874.85,72.15,0.454,4.276,0.353,banana,fresh
56570552,55948,92.70,874.80,72.25,0.453,4.276,0.353,banana,fresh
56571563,55949,92.90,874.70,72.10,0.454,4.275,0.352,banana,fresh
56572574,55950,92.65,874.95,72.10,0.453,4.276,0.352,banana,fresh
56573585,55951,92.85,874.85,72.15,0.454,4.276,0.353,banana,fresh
56574597,55952,93.00,875.00,72.25,0.455,4.277,0.353,banana,fresh
56575607,55953,92.70,874.95,72.15,0.453,4.276,0.353,banana,fresh
56576619,55954,92.70,874.90,72.20,0.453,4.276,0.353,banana,fresh
56577630,55955,92.85,875.00,72.15,0.454,4.277,0.353,banana,fresh
56578640,55956,92.80,874.85,72.10,0.454,4.276,0.352,banana,fresh
56579652,55957,92.85,874.95,72.20,0.454,4.276,0.353,banana,fresh
56580663,55958,92.85,874.95,72.10,0.454,4.276,0.352,banana,fresh
56581675,55959,92.75,874.95,72.10,0.453,4.276,0.352,banana,fresh
56582685,55960,92.80,875.00,72.15,0.454,4.277,0.353,banana,fresh
56583697,55961,92.80,875.00,72.10,0.454,4.277,0.352,banana,fresh
56584708,55962,92.85,875.00,72.15,0.454,4.277,0.353,banana,fresh
56585719,55963,92.90,875.00,72.10,0.454,4.277,0.352,banana,fresh
56586730,55964,93.00,874.95,72.10,0.455,4.276,0.352,banana,fresh
56587741,55965,92.95,875.00,72.15,0.454,4.277,0.353,banana,fresh
56588752,55966,92.85,874.95,72.10,0.454,4.276,0.352,banana,fresh
56589763,55967,92.80,875.00,72.10,0.454,4.277,0.352,banana,fresh
56590775,55968,92.90,875.00,72.05,0.454,4.277,0.352,banana,fresh
56591785,55969,92.85,875.00,72.10,0.454,4.277,0.352,banana,fresh
56592797,55970,92.95,875.00,72.20,0.454,4.277,0.353,banana,fresh
56593808,55971,92.85,875.00,72.15,0.454,4.277,0.353,banana,fresh
56594819,55972,92.85,875.05,72.15,0.454,4.277,0.353,banana,fresh
56595830,55973,92.95,875.00,72.05,0.454,4.277,0.352,banana,fresh
56596841,55974,93.00,875.00,72.10,0.455,4.277,0.352,banana,fresh
56597853,55975,92.95,875.00,72.30,0.454,4.277,0.353,banana,fresh
56598863,55976,92.80,875.05,72.20,0.454,4.277,0.353,banana,fresh
56599875,55977,92.95,875.00,72.05,0.454,4.277,0.352,banana,fresh
56600886,55978,92.95,875.10,72.05,0.454,4.277,0.352,banana,fresh
56601897,55979,92.85,875.05,72.00,0.454,4.277,0.352,banana,fresh
56602908,55980,93.05,875.00,72.10,0.455,4.277,0.352,banana,fresh
56603919,55981,92.95,875.10,72.10,0.454,4.277,0.352,banana,fresh
56604931,55982,92.95,875.10,72.15,0.454,4.277,0.353,banana,fresh
56605941,55983,92.90,875.05,72.05,0.454,4.277,0.352,banana,fresh
56606953,55984,92.90,875.00,72.05,0.454,4.277,0.352,banana,fresh
56607964,55985,92.80,875.00,72.10,0.454,4.277,0.352,banana,fresh
56608975,55986,93.00,875.05,72.15,0.455,4.277,0.353,banana,fresh
56609986,55987,93.00,875.25,72.05,0.455,4.278,0.352,banana,fresh
56610997,55988,93.00,875.05,72.05,0.455,4.277,0.352,banana,fresh
56612008,55989,92.90,875.10,72.05,0.454,4.277,0.352,banana,fresh
56613019,55990,93.00,875.05,72.10,0.455,4.277,0.352,banana,fresh
56614031,55991,93.00,875.10,72.15,0.455,4.277,0.353,banana,fresh
56615042,55992,92.95,875.15,72.10,0.454,4.277,0.352,banana,fresh
56616053,55993,92.95,875.10,72.20,0.454,4.277,0.353,banana,fresh
56617064,55994,93.00,875.15,72.00,0.455,4.277,0.352,banana,fresh
56618075,55995,93.00,875.10,72.00,0.455,4.277,0.352,banana,fresh
56619086,55996,92.95,875.30,72.00,0.454,4.278,0.352,banana,fresh
56620097,55997,92.95,875.25,72.05,0.454,4.278,0.352,banana,fresh
56621109,55998,92.95,875.30,72.05,0.454,4.278,0.352,banana,fresh
56622119,55999,92.90,875.35,72.10,0.454,4.278,0.352,banana,fresh
56623131,56000,93.00,875.35,72.00,0.455,4.278,0.352,banana,fresh
56624142,56001,93.00,875.25,72.05,0.455,4.278,0.352,banana,fresh
56625153,56002,92.95,875.30,72.05,0.454,4.278,0.352,banana,fresh
56626164,56003,92.95,875.15,72.00,0.454,4.277,0.352,banana,fresh
56627175,56004,93.00,875.35,72.15,0.455,4.278,0.353,banana,fresh
56628187,56005,92.95,875.35,72.00,0.454,4.278,0.352,banana,fresh
56629197,56006,92.95,875.45,72.05,0.454,4.279,0.352,banana,fresh
56630209,56007,93.00,875.30,72.05,0.455,4.278,0.352,banana,fresh
56631220,56008,92.95,875.35,72.10,0.454,4.278,0.352,banana,fresh
56632231,56009,93.00,875.50,72.00,0.455,4.279,0.352,banana,fresh
56633242,56010,93.00,875.50,72.05,0.455,4.279,0.352,banana,fresh
56634253,56011,93.00,875.60,72.05,0.455,4.280,0.352,banana,fresh
56635265,56012,93.00,875.50,72.05,0.455,4.279,0.352,banana,fresh
56636275,56013,93.00,875.40,72.05,0.455,4.279,0.352,banana,fresh
56637287,56014,92.95,875.55,72.00,0.454,4.279,0.352,banana,fresh
56638298,56015,93.00,875.55,72.00,0.455,4.279,0.352,banana,fresh
56639309,56016,92.95,875.85,72.00,0.454,4.281,0.352,banana,fresh
56640320,56017,93.00,875.60,72.05,0.455,4.280,0.352,banana,fresh
56641331,56018,93.00,875.50,72.00,0.455,4.279,0.352,banana,fresh
56642342,56019,93.00,875.80,72.05,0.455,4.281,0.352,banana,fresh
56643353,56020,93.00,875.70,72.00,0.455,4.280,0.352,banana,fresh
56644365,56021,93.05,875.50,72.00,0.455,4.279,0.352,banana,fresh
56645376,56022,93.00,875.50,72.00,0.455,4.279,0.352,banana,fresh
56646386,56023,93.00,875.75,72.00,0.455,4.280,0.352,banana,fresh
56647398,56024,93.00,875.60,72.00,0.455,4.280,0.352,banana,fresh
56648409,56025,93.00,875.85,72.00,0.455,4.281,0.352,banana,fresh
56649420,56026,93.10,875.85,72.00,0.455,4.281,0.352,banana,fresh
56650431,56027,93.00,875.85,72.00,0.455,4.281,0.352,banana,fresh
56651443,56028,93.00,875.95,72.00,0.455,4.281,0.352,banana,fresh
56652453,56029,93.00,875.90,72.00,0.455,4.281,0.352,banana,fresh
56653464,56030,93.00,875.90,72.00,0.455,4.281,0.352,banana,fresh
56654476,56031,92.95,875.75,72.00,0.454,4.280,0.352,banana,fresh
56655486,56032,93.05,875.95,72.00,0.455,4.281,0.352,banana,fresh
56656498,56033,93.00,875.85,72.00,0.455,4.281,0.352,banana,fresh
56657509,56034,93.05,875.85,72.05,0.455,4.281,0.352,banana,fresh
56658521,56035,93.00,875.70,71.95,0.455,4.280,0.352,banana,fresh
56659531,56036,93.00,875.95,72.00,0.455,4.281,0.352,banana,fresh
56660542,56037,93.00,875.90,72.00,0.455,4.281,0.352,banana,fresh
56661554,56038,93.00,875.85,72.00,0.455,4.281,0.352,banana,fresh
56662564,56039,93.00,875.85,72.00,0.455,4.281,0.352,banana,fresh
56663576,56040,93.00,876.00,72.00,0.455,4.282,0.352,banana,fresh
56664587,56041,93.05,875.80,72.00,0.455,4.281,0.352,banana,fresh
56665598,56042,93.05,875.85,72.05,0.455,4.281,0.352,banana,fresh
56666609,56043,93.00,875.90,72.00,0.455,4.281,0.352,banana,fresh
56667620,56044,93.05,875.90,72.00,0.455,4.281,0.352,banana,fresh
56668632,56045,93.05,876.00,72.00,0.455,4.282,0.352,banana,fresh
56669642,56046,93.00,875.90,72.00,0.455,4.281,0.352,banana,fresh
56670654,56047,93.00,876.00,71.95,0.455,4.282,0.352,banana,fresh
56671665,56048,93.00,876.00,72.00,0.455,4.282,0.352,banana,fresh
56672675,56049,93.00,875.90,72.00,0.455,4.281,0.352,banana,fresh
56673687,56050,93.00,876.00,72.00,0.455,4.282,0.352,banana,fresh
56674698,56051,93.05,876.00,72.00,0.455,4.282,0.352,banana,fresh
56675709,56052,93.05,875.90,72.00,0.455,4.281,0.352,banana,fresh
56676720,56053,93.00,876.00,72.00,0.455,4.282,0.352,banana,fresh
56677732,56054,93.05,876.00,72.00,0.455,4.282,0.352,banana,fresh
56678743,56055,93.00,875.85,72.00,0.455,4.281,0.352,banana,fresh
56679753,56056,93.00,875.90,72.00,0.455,4.281,0.352,banana,fresh
56680765,56057,93.05,875.90,72.00,0.455,4.281,0.352,banana,fresh
56681776,56058,93.00,876.00,72.00,0.455,4.282,0.352,banana,fresh
56682787,56059,93.00,876.00,72.00,0.455,4.282,0.352,banana,fresh
56683798,56060,93.05,875.90,71.95,0.455,4.281,0.352,banana,fresh
56684810,56061,93.00,876.00,72.00,0.455,4.282,0.352,banana,fresh
56685820,56062,93.05,875.95,72.00,0.455,4.281,0.352,banana,fresh
56686831,56063,93.05,876.00,72.00,0.455,4.282,0.352,banana,fresh
56687843,56064,93.05,876.00,72.00,0.455,4.282,0.352,banana,fresh
56688854,56065,93.05,876.00,72.00,0.455,4.282,0.352,banana,fresh
56689865,56066,93.00,876.05,72.00,0.455,4.282,0.352,banana,fresh
56690876,56067,93.05,875.95,71.95,0.455,4.281,0.352,banana,fresh
56691888,56068,93.00,876.00,71.95,0.455,4.282,0.352,banana,fresh
56692898,56069,93.05,875.95,72.00,0.455,4.281,0.352,banana,fresh
56693909,56070,93.05,875.95,72.00,0.455,4.281,0.352,banana,fresh
56694921,56071,93.00,876.00,72.00,0.455,4.282,0.352,banana,fresh
56695931,56072,93.00,875.95,72.00,0.455,4.281,0.352,banana,fresh
56696943,56073,93.05,875.95,72.00,0.455,4.281,0.352,banana,fresh
56697954,56074,93.05,876.00,72.00,0.455,4.282,0.352,banana,fresh
56698966,56075,93.10,875.95,72.00,0.455,4.281,0.352,banana,fresh
56699976,56076,93.05,876.00,72.00,0.455,4.282,0.352,banana,fresh
56700987,56077,93.10,876.00,72.00,0.455,4.282,0.352,banana,fresh
56701999,56078,93.00,876.00,72.00,0.455,4.282,0.352,banana,fresh
56703009,56079,93.05,876.00,72.00,0.455,4.282,0.352,banana,fresh
56704021,56080,93.10,875.95,72.00,0.455,4.281,0.352,banana,fresh
56705032,56081,93.00,875.95,72.00,0.455,4.281,0.352,banana,fresh
56706042,56082,93.05,876.00,72.00,0.455,4.282,0.352,banana,fresh
56707054,56083,93.10,875.95,72.00,0.455,4.281,0.352,banana,fresh
56708065,56084,93.05,876.00,72.00,0.455,4.282,0.352,banana,fresh
56709076,56085,93.00,876.00,71.95,0.455,4.282,0.352,banana,fresh
56710087,56086,93.00,875.95,72.00,0.455,4.281,0.352,banana,fresh
56711099,56087,93.10,876.00,72.00,0.455,4.282,0.352,banana,fresh
56712110,56088,93.05,876.00,72.00,0.455,4.282,0.352,banana,fresh
56713120,56089,93.05,875.90,71.95,0.455,4.281,0.352,banana,fresh
56714132,56090,93.05,875.90,71.95,0.455,4.281,0.352,banana,fresh
56715143,56091,93.15,876.00,71.80,0.455,4.282,0.351,banana,fresh
56716154,56092,93.05,875.90,71.95,0.455,4.281,0.352,banana,fresh
56717165,56093,93.05,876.00,71.95,0.455,4.282,0.352,banana,fresh
56718177,56094,93.15,876.00,71.90,0.455,4.282,0.351,banana,fresh
56719187,56095,93.15,875.95,71.95,0.455,4.281,0.352,banana,fresh
56720199,56096,93.00,875.90,72.00,0.455,4.281,0.352,banana,fresh
56721210,56097,93.10,876.00,72.00,0.455,4.282,0.352,banana,fresh
56722221,56098,93.15,875.95,72.00,0.455,4.281,0.352,banana,fresh
56723232,56099,93.10,876.00,72.00,0.455,4.282,0.352,banana,fresh
56724243,56100,93.20,876.00,71.85,0.456,4.282,0.351,banana,fresh
56725255,56101,93.05,876.00,71.95,0.455,4.282,0.352,banana,fresh
56726265,56102,93.00,876.00,71.95,0.455,4.282,0.352,banana,fresh
56727277,56103,93.10,875.90,71.95,0.455,4.281,0.352,banana,fresh
56728288,56104,93.05,875.90,71.90,0.455,4.281,0.351,banana,fresh
56729298,56105,93.30,876.00,71.90,0.456,4.282,0.351,banana,fresh
56730310,56106,93.10,875.95,71.90,0.455,4.281,0.351,banana,fresh
56731321,56107,93.10,875.95,71.85,0.455,4.281,0.351,banana,fresh
56732333,56108,93.05,876.00,71.95,0.455,4.282,0.352,banana,fresh
56733343,56109,93.05,875.85,72.00,0.455,4.281,0.352,banana,fresh
56734355,56110,93.10,875.90,71.95,0.455,4.281,0.352,banana,fresh
56735366,56111,93.05,875.95,71.85,0.455,4.281,0.351,banana,fresh
56736377,56112,93.10,875.80,72.00,0.455,4.281,0.352,banana,fresh
56737388,56113,93.15,875.90,71.95,0.455,4.281,0.352,banana,fresh
56738399,56114,93.25,875.95,71.90,0.456,4.281,0.351,banana,fresh
56739410,56115,93.05,876.00,71.95,0.455,4.282,0.352,banana,fresh
56740421,56116,93.10,876.00,71.90,0.455,4.282,0.351,banana,fresh
56741433,56117,93.10,875.95,72.00,0.455,4.281,0.352,banana,fresh
56742444,56118,93.05,875.90,71.95,0.455,4.281,0.352,banana,fresh
56743455,56119,93.05,875.90,71.95,0.455,4.281,0.352,banana,fresh
56744466,56120,93.15,875.95,71.85,0.455,4.281,0.351,banana,fresh
56745477,56121,93.15,875.75,71.95,0.455,4.280,0.352,banana,fresh
56746488,56122,93.15,875.95,71.90,0.455,4.281,0.351,banana,fresh
56747499,56123,93.00,875.95,71.80,0.455,4.281,0.351,banana,fresh
56748511,56124,93.05,875.75,71.95,0.455,4.280,0.352,banana,fresh
56749521,56125,93.05,875.95,71.95,0.455,4.281,0.352,banana,fresh
56750533,56126,93.10,875.90,71.90,0.455,4.281,0.351,banana,fresh
56751544,56127,93.00,875.80,71.75,0.455,4.281,0.351,banana,fresh
56752556,56128,93.20,875.85,71.80,0.456,4.281,0.351,banana,fresh
56753566,56129,93.20,875.70,71.75,0.456,4.280,0.351,banana,fresh
56754577,56130,93.10,875.80,71.75,0.455,4.281,0.351,banana,fresh
56755589,56131,93.05,875.80,71.85,0.455,4.281,0.351,banana,fresh
56756599,56132,93.05,875.90,71.85,0.455,4.281,0.351,banana,fresh
56757611,56133,93.30,875.75,71.90,0.456,4.280,0.351,banana,fresh
56758622,56134,93.15,875.60,71.90,0.455,4.280,0.351,banana,fresh
56759633,56135,93.15,875.85,71.90,0.455,4.281,0.351,banana,fresh
56760644,56136,93.35,875.65,71.80,0.456,4.280,0.351,banana,fresh
56761655,56137,93.05,875.60,71.75,0.455,4.280,0.351,banana,fresh
56762667,56138,93.15,875.75,71.90,0.455,4.280,0.351,banana,fresh
56763677,56139,93.10,875.75,71.90,0.455,4.280,0.351,banana,fresh
56764689,56140,93.05,875.65,71.80,0.455,4.280,0.351,banana,fresh
56765700,56141,93.05,875.50,71.90,0.455,4.279,0.351,banana,fresh
56766711,56142,93.15,875.75,71.85,0.455,4.280,0.351,banana,fresh
56767722,56143,93.05,875.50,71.85,0.455,4.279,0.351,banana,fresh
56768733,56144,93.10,875.65,71.90,0.455,4.280,0.351,banana,fresh
56769744,56145,93.20,875.65,71.90,0.456,4.280,0.351,banana,fresh
56770755,56146,93.15,875.55,71.80,0.455,4.279,0.351,banana,fresh
56771767,56147,93.10,875.60,71.90,0.455,4.280,0.351,banana,fresh
56772777,56148,93.10,875.65,71.75,0.455,4.280,0.351,banana,fresh
56773789,56149,93.05,875.60,71.65,0.455,4.280,0.350,banana,fresh
56774800,56150,93.25,875.65,71.90,0.456,4.280,0.351,banana,fresh
56775812,56151,93.35,875.60,71.80,0.456,4.280,0.351,banana,fresh
56776822,56152,93.40,875.70,71.60,0.457,4.280,0.350,banana,fresh
56777833,56153,93.05,875.80,71.90,0.455,4.281,0.351,banana,fresh
56778845,56154,93.35,875.60,71.80,0.456,4.280,0.351,banana,fresh
56779855,56155,93.20,875.55,71.85,0.456,4.279,0.351,banana,fresh
56780867,56156,93.20,875.40,71.80,0.456,4.279,0.351,banana,fresh
56781878,56157,93.20,875.40,71.90,0.456,4.279,0.351,banana,fresh
56782889,56158,93.15,875.35,71.75,0.455,4.278,0.351,banana,fresh
56783900,56159,93.20,875.50,71.85,0.456,4.279,0.351,banana,fresh
56784911,56160,93.10,875.45,72.00,0.455,4.279,0.352,banana,fresh
56785923,56161,93.25,875.55,71.85,0.456,4.279,0.351,banana,fresh
56786933,56162,93.10,875.65,71.85,0.455,4.280,0.351,banana,fresh
56787945,56163,93.10,875.45,71.90,0.455,4.279,0.351,banana,fresh
56788956,56164,93.25,875.25,71.85,0.456,4.278,0.351,banana,fresh
56789967,56165,93.15,875.50,71.95,0.455,4.279,0.352,banana,fresh
56790978,56166,93.20,875.50,71.90,0.456,4.279,0.351,banana,fresh
56791989,56167,93.15,875.40,71.90,0.455,4.279,0.351,banana,fresh
56793000,56168,93.20,875.50,71.80,0.456,4.279,0.351,banana,fresh
56794011,56169,93.15,875.55,71.80,0.455,4.279,0.351,banana,fresh
56795023,56170,93.25,875.35,71.80,0.456,4.278,0.351,banana,fresh
56796034,56171,93.20,875.40,71.80,0.456,4.279,0.351,banana,fresh
56797045,56172,93.05,875.60,71.85,0.455,4.280,0.351,banana,fresh
56798056,56173,93.20,875.35,71.90,0.456,4.278,0.351,banana,fresh
56799068,56174,93.15,875.45,71.75,0.455,4.279,0.351,banana,fresh
56800078,56175,93.05,875.35,71.90,0.455,4.278,0.351,banana,fresh
56801089,56176,93.15,875.45,71.75,0.455,4.279,0.351,banana,fresh
56802101,56177,93.10,875.35,71.85,0.455,4.278,0.351,banana,fresh
56803111,56178,93.20,875.30,71.90,0.456,4.278,0.351,banana,fresh
56804123,56179,93.10,875.40,71.80,0.455,4.279,0.351,banana,fresh
56805134,56180,93.15,875.35,71.85,0.455,4.278,0.351,banana,fresh
56806146,56181,93.10,875.30,71.85,0.455,4.278,0.351,banana,fresh
56807156,56182,93.10,875.50,71.85,0.455,4.279,0.351,banana,fresh
56808168,56183,93.15,875.45,71.80,0.455,4.279,0.351,banana,fresh
56809179,56184,93.15,875.35,71.70,0.455,4.278,0.350,banana,fresh
56810189,56185,93.15,875.40,71.70,0.455,4.279,0.350,banana,fresh
56811201,56186,93.15,875.40,71.85,0.455,4.279,0.351,banana,fresh
56812212,56187,93.15,875.40,71.80,0.455,4.279,0.351,banana,fresh
56813223,56188,93.05,875.35,71.90,0.455,4.278,0.351,banana,fresh
56814234,56189,93.05,875.45,71.70,0.455,4.279,0.350,banana,fresh
56815246,56190,93.10,875.30,71.90,0.455,4.278,0.351,banana,fresh
56816257,56191,93.20,875.45,71.80,0.456,4.279,0.351,banana,fresh
56817267,56192,93.20,875.25,71.80,0.456,4.278,0.351,banana,fresh
56818279,56193,93.05,875.40,71.80,0.455,4.279,0.351,banana,fresh
56819290,56194,93.25,875.25,71.75,0.456,4.278,0.351,banana,fresh
56820301,56195,93.20,875.30,71.70,0.456,4.278,0.350,banana,fresh
56821312,56196,93.15,875.20,71.80,0.455,4.278,0.351,banana,fresh
56822324,56197,93.15,875.20,71.90,0.455,4.278,0.351,banana,fresh
56823334,56198,93.00,875.15,71.85,0.455,4.277,0.351,banana,fresh
56824346,56199,93.10,875.20,71.80,0.455,4.278,0.351,banana,fresh
56825357,56200,93.20,875.25,71.90,0.456,4.278,0.351,banana,fresh
56826368,56201,93.10,875.10,71.80,0.455,4.277,0.351,banana,fresh
56827379,56202,93.10,875.20,71.90,0.455,4.278,0.351,banana,fresh
56828390,56203,93.20,875.35,71.70,0.456,4.278,0.350,banana,fresh
56829402,56204,93.25,875.25,71.85,0.456,4.278,0.351,banana,fresh
56830412,56205,93.10,875.40,71.90,0.455,4.279,0.351,banana,fresh
56831424,56206,93.30,875.45,71.95,0.456,4.279,0.352,banana,fresh
56832435,56207,93.15,875.40,71.70,0.455,4.279,0.350,banana,fresh
56833445,56208,93.05,875.35,71.75,0.455,4.278,0.351,banana,fresh
56834457,56209,93.20,875.40,71.90,0.456,4.279,0.351,banana,fresh
56835468,56210,93.05,875.15,71.95,0.455,4.277,0.352,banana,fresh
56836480,56211,93.15,875.25,71.75,0.455,4.278,0.351,banana,fresh
56837490,56212,93.10,875.40,71.90,0.455,4.279,0.351,banana,fresh
56838502,56213,93.30,875.05,71.95,0.456,4.277,0.352,banana,fresh
56839513,56214,93.05,875.25,71.90,0.455,4.278,0.351,banana,fresh
56840523,56215,93.10,875.15,71.95,0.455,4.277,0.352,banana,fresh
56841535,56216,93.10,875.50,71.80,0.455,4.279,0.351,banana,fresh
56842546,56217,93.40,875.25,71.85,0.457,4.278,0.351,banana,fresh
56843557,56218,93.40,875.35,71.90,0.457,4.278,0.351,banana,fresh
56844568,56219,93.20,875.35,72.00,0.456,4.278,0.352,banana,fresh
56845580,56220,93.25,875.30,71.85,0.456,4.278,0.351,banana,fresh
56846590,56221,93.10,875.50,71.90,0.455,4.279,0.351,banana,fresh
56847602,56222,93.15,875.20,71.90,0.455,4.278,0.351,banana,fresh
56848613,56223,93.15,875.30,71.85,0.455,4.278,0.351,banana,fresh
56849624,56224,93.20,875.25,71.95,0.456,4.278,0.352,banana,fresh
56850635,56225,93.20,875.10,71.90,0.456,4.277,0.351,banana,fresh
56851646,56226,93.40,875.30,71.85,0.457,4.278,0.351,banana,fresh
56852658,56227,93.15,875.10,71.85,0.455,4.277,0.351,banana,fresh
56853668,56228,93.10,875.20,71.95,0.455,4.278,0.352,banana,fresh
56854680,56229,93.20,875.25,71.90,0.456,4.278,0.351,banana,fresh
56855691,56230,93.15,875.40,72.00,0.455,4.279,0.352,banana,fresh
56856701,56231,93.30,875.05,71.75,0.456,4.277,0.351,banana,fresh
56857713,56232,93.15,875.15,71.95,0.455,4.277,0.352,banana,fresh
56858724,56233,93.35,875.45,71.95,0.456,4.279,0.352,banana,fresh
56859736,56234,93.20,875.35,71.95,0.456,4.278,0.352,banana,fresh
56860746,56235,93.20,875.30,72.00,0.456,4.278,0.352,banana,fresh
56861758,56236,93.25,875.15,72.00,0.456,4.277,0.352,banana,fresh
56862769,56237,93.20,875.20,72.00,0.456,4.278,0.352,banana,fresh
56863780,56238,93.15,875.35,71.95,0.455,4.278,0.352,banana,fresh
56864791,56239,93.15,875.30,71.95,0.455,4.278,0.352,banana,fresh
56865803,56240,93.05,875.20,71.85,0.455,4.278,0.351,banana,fresh
56866813,56241,93.15,875.30,71.85,0.455,4.278,0.351,banana,fresh
56867824,56242,93.15,875.25,72.00,0.455,4.278,0.352,banana,fresh
56868836,56243,93.20,875.15,72.00,0.456,4.277,0.352,banana,fresh
56869847,56244,93.15,875.15,72.00,0.455,4.277,0.352,banana,fresh
56870858,56245,93.35,875.25,71.85,0.456,4.278,0.351,banana,fresh
56871869,56246,93.25,875.20,71.85,0.456,4.278,0.351,banana,fresh
56872881,56247,93.15,875.30,71.90,0.455,4.278,0.351,banana,fresh
56873891,56248,93.15,875.25,71.85,0.455,4.278,0.351,banana,fresh
56874902,56249,93.25,875.35,71.90,0.456,4.278,0.351,banana,fresh
56875914,56250,93.45,875.20,71.85,0.457,4.278,0.351,banana,fresh
56876924,56251,93.35,875.30,72.00,0.456,4.278,0.352,banana,fresh
56877936,56252,93.10,875.15,71.85,0.455,4.277,0.351,banana,fresh
56878947,56253,93.20,875.20,72.00,0.456,4.278,0.352,banana,fresh
56879959,56254,93.05,875.20,71.90,0.455,4.278,0.351,banana,fresh
56880969,56255,93.05,875.20,71.95,0.455,4.278,0.352,banana,fresh
56881981,56256,93.15,875.15,71.90,0.455,4.277,0.351,banana,fresh
56882992,56257,93.15,875.10,71.90,0.455,4.277,0.351,banana,fresh
56884002,56258,93.10,875.25,71.85,0.455,4.278,0.351,banana,fresh
56885014,56259,93.25,875.20,71.85,0.456,4.278,0.351,banana,fresh
56886025,56260,93.20,875.20,71.95,0.456,4.278,0.352,banana,fresh
56887036,56261,93.10,875.25,71.95,0.455,4.278,0.352,banana,fresh
56888047,56262,93.25,875.15,71.95,0.456,4.277,0.352,banana,fresh
56889059,56263,93.05,875.15,71.95,0.455,4.277,0.352,banana,fresh
56890070,56264,93.20,875.15,71.95,0.456,4.277,0.352,banana,fresh
56891081,56265,93.00,875.15,71.95,0.455,4.277,0.352,banana,fresh
56892092,56266,93.15,875.10,71.95,0.455,4.277,0.352,banana,fresh
56893103,56267,93.05,875.10,71.95,0.455,4.277,0.352,banana,fresh
56894114,56268,93.10,875.20,71.90,0.455,4.278,0.351,banana,fresh
56895125,56269,93.15,875.15,71.95,0.455,4.277,0.352,banana,fresh
56896137,56270,93.00,875.10,72.00,0.455,4.277,0.352,banana,fresh
56897147,56271,93.15,875.15,71.90,0.455,4.277,0.351,banana,fresh
56898159,56272,93.05,875.10,71.95,0.455,4.277,0.352,banana,fresh
56899170,56273,93.15,875.25,71.95,0.455,4.278,0.352,banana,fresh
56900180,56274,93.25,875.20,71.85,0.456,4.278,0.351,banana,fresh
56901192,56275,93.15,875.20,71.75,0.455,4.278,0.351,banana,fresh
56902203,56276,93.10,875.30,71.90,0.455,4.278,0.351,banana,fresh
56903215,56277,93.05,875.15,71.95,0.455,4.277,0.352,banana,fresh
56904225,56278,93.20,875.25,71.95,0.456,4.278,0.352,banana,fresh
56905237,56279,93.10,875.10,71.95,0.455,4.277,0.352,banana,fresh
56906248,56280,93.20,875.20,71.90,0.456,4.278,0.351,banana,fresh
56907259,56281,93.10,875.10,71.85,0.455,4.277,0.351,banana,fresh
56908270,56282,93.00,875.10,71.90,0.455,4.277,0.351,banana,fresh
56909281,56283,93.05,875.10,71.95,0.455,4.277,0.352,banana,fresh
56910292,56284,93.05,875.05,71.95,0.455,4.277,0.352,banana,fresh
56911303,56285,93.05,875.15,71.90,0.455,4.277,0.351,banana,fresh
56912315,56286,93.00,875.00,72.00,0.455,4.277,0.352,banana,fresh
56913326,56287,93.00,875.10,71.95,0.455,4.277,0.352,banana,fresh
56914337,56288,93.10,875.05,71.85,0.455,4.277,0.351,banana,fresh
56915348,56289,93.05,875.00,72.00,0.455,4.277,0.352,banana,fresh
56916359,56290,93.05,875.10,71.80,0.455,4.277,0.351,banana,fresh
56917370,56291,93.05,875.25,71.95,0.455,4.278,0.352,banana,fresh
56918381,56292,93.00,875.15,72.00,0.455,4.277,0.352,banana,fresh
56919393,56293,93.10,875.15,71.95,0.455,4.277,0.352,banana,fresh
56920403,56294,93.10,875.15,72.00,0.455,4.277,0.352,banana,fresh
56921415,56295,93.10,875.15,72.00,0.455,4.277,0.352,banana,fresh
56922426,56296,93.10,875.15,71.95,0.455,4.277,0.352,banana,fresh
56923437,56297,93.10,875.25,71.95,0.455,4.278,0.352,banana,fresh
56924448,56298,93.20,875.20,71.95,0.456,4.278,0.352,banana,fresh
56925459,56299,93.10,875.15,71.95,0.455,4.277,0.352,banana,fresh
56926471,56300,93.25,875.35,71.95,0.456,4.278,0.352,banana,fresh
56927481,56301,93.10,875.25,71.90,0.455,4.278,0.351,banana,fresh
56928493,56302,93.20,875.25,72.00,0.456,4.278,0.352,banana,fresh
56929504,56303,93.10,875.20,71.85,0.455,4.278,0.351,banana,fresh
56930514,56304,93.25,875.10,71.85,0.456,4.277,0.351,banana,fresh
56931526,56305,93.10,875.20,72.00,0.455,4.278,0.352,banana,fresh
56932537,56306,93.20,875.20,71.95,0.456,4.278,0.352,banana,fresh
56933549,56307,93.05,875.35,72.00,0.455,4.278,0.352,banana,fresh
56934559,56308,93.15,875.25,72.00,0.455,4.278,0.352,banana,fresh
56935571,56309,93.30,875.05,72.00,0.456,4.277,0.352,banana,fresh
56936582,56310,93.20,875.10,71.90,0.456,4.277,0.351,banana,fresh
56937593,56311,93.25,875.35,72.00,0.456,4.278,0.352,banana,fresh
56938604,56312,93.15,875.25,72.00,0.455,4.278,0.352,banana,fresh
56939615,56313,93.30,875.25,71.90,0.456,4.278,0.351,banana,fresh
56940626,56314,93.15,875.20,71.95,0.455,4.278,0.352,banana,fresh
56941637,56315,93.15,875.30,71.95,0.455,4.278,0.352,banana,fresh
56942649,56316,93.10,875.10,72.00,0.455,4.277,0.352,banana,fresh
56943660,56317,93.20,875.30,71.95,0.456,4.278,0.352,banana,fresh
56944671,56318,93.20,875.15,72.00,0.456,4.277,0.352,banana,fresh
56945682,56319,93.20,875.25,71.95,0.456,4.278,0.352,banana,fresh
56946693,56320,93.25,875.20,72.00,0.456,4.278,0.352,banana,fresh
56947704,56321,93.10,875.10,72.00,0.455,4.277,0.352,banana,fresh
56948715,56322,93.20,875.30,72.00,0.456,4.278,0.352,banana,fresh
56949727,56323,93.15,875.15,72.00,0.455,4.277,0.352,banana,fresh
56950737,56324,93.15,875.15,71.90,0.455,4.277,0.351,banana,fresh
56951749,56325,93.15,875.25,72.00,0.455,4.278,0.352,banana,fresh
56952760,56326,93.35,875.35,72.00,0.456,4.278,0.352,banana,fresh
56953771,56327,93.15,875.35,71.85,0.455,4.278,0.351,banana,fresh
56954782,56328,93.25,875.10,72.00,0.456,4.277,0.352,banana,fresh
56955793,56329,93.20,875.20,71.90,0.456,4.278,0.351,banana,fresh
56956805,56330,93.15,875.15,71.95,0.455,4.277,0.352,banana,fresh
56957815,56331,93.00,875.05,72.00,0.455,4.277,0.352,banana,fresh
56958827,56332,93.15,875.15,72.00,0.455,4.277,0.352,banana,fresh
56959838,56333,93.05,875.10,71.95,0.455,4.277,0.352,banana,fresh
56960849,56334,93.15,875.05,71.90,0.455,4.277,0.351,banana,fresh
56961860,56335,93.00,875.05,72.00,0.455,4.277,0.352,banana,fresh
56962871,56336,93.15,875.10,71.90,0.455,4.277,0.351,banana,fresh
56963883,56337,93.00,875.25,71.95,0.455,4.278,0.352,banana,fresh
56964893,56338,93.05,875.05,72.00,0.455,4.277,0.352,banana,fresh
56965905,56339,93.00,875.10,72.00,0.455,4.277,0.352,banana,fresh
56966916,56340,93.05,875.05,72.00,0.455,4.277,0.352,banana,fresh
56967927,56341,93.05,875.15,71.95,0.455,4.277,0.352,banana,fresh
56968938,56342,93.00,875.10,71.85,0.455,4.277,0.351,banana,fresh
56969949,56343,93.00,875.10,71.90,0.455,4.277,0.351,banana,fresh
56970960,56344,93.05,875.10,71.95,0.455,4.277,0.352,banana,fresh
56971971,56345,93.10,875.00,71.85,0.455,4.277,0.351,banana,fresh
56972983,56346,93.05,875.15,71.90,0.455,4.277,0.351,banana,fresh
56973993,56347,93.00,875.05,71.95,0.455,4.277,0.352,banana,fresh
56975005,56348,93.00,875.10,72.00,0.455,4.277,0.352,banana,fresh
56976016,56349,93.00,875.05,71.90,0.455,4.277,0.351,banana,fresh
56977027,56350,93.10,875.00,71.85,0.455,4.277,0.351,banana,fresh
56978038,56351,93.10,875.10,71.85,0.455,4.277,0.351,banana,fresh
56979049,56352,93.05,875.10,71.90,0.455,4.277,0.351,banana,fresh
56980061,56353,93.05,875.00,71.90,0.455,4.277,0.351,banana,fresh
56981071,56354,93.05,875.00,72.00,0.455,4.277,0.352,banana,fresh
56982083,56355,93.00,875.05,71.95,0.455,4.277,0.352,banana,fresh
56983094,56356,93.05,875.15,71.80,0.455,4.277,0.351,banana,fresh
56984104,56357,93.00,875.00,71.90,0.455,4.277,0.351,banana,fresh
56985116,56358,93.10,875.15,71.95,0.455,4.277,0.352,banana,fresh
56986127,56359,93.00,875.10,71.95,0.455,4.277,0.352,banana,fresh
56987139,56360,93.00,875.00,71.95,0.455,4.277,0.352,banana,fresh
56988149,56361,93.00,875.00,71.80,0.455,4.277,0.351,banana,fresh
56989161,56362,93.00,875.00,71.90,0.455,4.277,0.351,banana,fresh
56990172,56363,93.00,875.05,72.00,0.455,4.277,0.352,banana,fresh
56991182,56364,93.00,875.10,71.75,0.455,4.277,0.351,banana,fresh
56992194,56365,92.95,875.05,71.85,0.454,4.277,0.351,banana,fresh
56993205,56366,93.05,875.05,71.80,0.455,4.277,0.351,banana,fresh
56994216,56367,93.05,875.05,71.85,0.455,4.277,0.351,banana,fresh
56995227,56368,93.00,875.00,71.80,0.455,4.277,0.351,banana,fresh
56996239,56369,93.00,875.00,71.85,0.455,4.277,0.351,banana,fresh
56997250,56370,92.90,875.10,71.90,0.454,4.277,0.351,banana,fresh
56998260,56371,93.00,875.00,71.80,0.455,4.277,0.351,banana,fresh
56999272,56372,93.05,875.00,71.90,0.455,4.277,0.351,banana,fresh
57000283,56373,93.00,875.00,71.85,0.455,4.277,0.351,banana,fresh
57001294,56374,93.00,875.00,71.85,0.455,4.277,0.351,banana,fresh
57002305,56375,93.00,875.00,71.95,0.455,4.277,0.352,banana,fresh
57003317,56376,93.00,875.05,71.75,0.455,4.277,0.351,banana,fresh
57004327,56377,93.00,875.05,71.90,0.455,4.277,0.351,banana,fresh
57005338,56378,93.00,875.05,71.75,0.455,4.277,0.351,banana,fresh
57006350,56379,93.05,875.05,71.75,0.455,4.277,0.351,banana,fresh
57007361,56380,92.95,875.05,71.65,0.454,4.277,0.350,banana,fresh
57008372,56381,93.00,875.00,71.75,0.455,4.277,0.351,banana,fresh
57009383,56382,93.00,875.00,71.80,0.455,4.277,0.351,banana,fresh
57010395,56383,93.00,875.05,71.95,0.455,4.277,0.352,banana,fresh
57011405,56384,93.00,875.05,71.85,0.455,4.277,0.351,banana,fresh
57012416,56385,92.95,875.00,71.90,0.454,4.277,0.351,banana,fresh
57013428,56386,93.00,875.05,71.95,0.455,4.277,0.352,banana,fresh
57014438,56387,93.00,875.00,71.95,0.455,4.277,0.352,banana,fresh
57015450,56388,93.00,875.00,71.90,0.455,4.277,0.351,banana,fresh
57016461,56389,92.95,875.00,71.75,0.454,4.277,0.351,banana,fresh
57017473,56390,93.00,875.00,71.85,0.455,4.277,0.351,banana,fresh
57018483,56391,93.00,875.10,71.85,0.455,4.277,0.351,banana,fresh
57019494,56392,93.00,875.00,71.85,0.455,4.277,0.351,banana,fresh
57020506,56393,93.00,875.00,71.90,0.455,4.277,0.351,banana,fresh
57021516,56394,93.05,875.00,71.80,0.455,4.277,0.351,banana,fresh
57022528,56395,93.05,875.00,71.90,0.455,4.277,0.351,banana,fresh
57023539,56396,92.95,875.05,71.80,0.454,4.277,0.351,banana,fresh
57024550,56397,93.00,875.05,71.70,0.455,4.277,0.350,banana,fresh
57025561,56398,93.00,875.05,71.85,0.455,4.277,0.351,banana,fresh
57026572,56399,93.00,875.10,71.85,0.455,4.277,0.351,banana,fresh
57027584,56400,93.00,875.05,71.85,0.455,4.277,0.351,banana,fresh
57028594,56401,92.95,875.10,71.90,0.454,4.277,0.351,banana,fresh
57029606,56402,93.00,875.00,71.80,0.455,4.277,0.351,banana,fresh
57030617,56403,93.00,875.00,71.90,0.455,4.277,0.351,banana,fresh
57031628,56404,93.00,875.10,71.90,0.455,4.277,0.351,banana,fresh
57032639,56405,92.95,875.05,71.70,0.454,4.277,0.350,banana,fresh
57033650,56406,92.95,875.00,71.90,0.454,4.277,0.351,banana,fresh
57034661,56407,93.00,875.00,71.85,0.455,4.277,0.351,banana,fresh
57035672,56408,93.00,875.05,71.85,0.455,4.277,0.351,banana,fresh
57036684,56409,93.00,875.00,71.70,0.455,4.277,0.350,banana,fresh
57037694,56410,93.00,875.00,71.80,0.455,4.277,0.351,banana,fresh
57038706,56411,92.95,875.00,71.70,0.454,4.277,0.350,banana,fresh
57039717,56412,92.95,875.00,71.75,0.454,4.277,0.351,banana,fresh
57040728,56413,92.85,875.05,71.85,0.454,4.277,0.351,banana,fresh
57041739,56414,93.00,875.05,71.75,0.455,4.277,0.351,banana,fresh
57042750,56415,93.00,875.00,71.75,0.455,4.277,0.351,banana,fresh
57043762,56416,92.95,875.00,71.75,0.454,4.277,0.351,banana,fresh
57044772,56417,93.00,875.00,71.65,0.455,4.277,0.350,banana,fresh
57045784,56418,92.90,875.00,71.85,0.454,4.277,0.351,banana,fresh
57046795,56419,93.00,875.00,71.65,0.455,4.277,0.350,banana,fresh
57047805,56420,92.95,875.05,71.70,0.454,4.277,0.350,banana,fresh
57048817,56421,92.90,875.05,71.75,0.454,4.277,0.351,banana,fresh
57049828,56422,93.00,875.00,71.65,0.455,4.277,0.350,banana,fresh
57050840,56423,93.00,875.00,71.90,0.455,4.277,0.351,banana,fresh
57051850,56424,92.95,875.00,71.70,0.454,4.277,0.350,banana,fresh
57052862,56425,92.90,875.00,71.70,0.454,4.277,0.350,banana,fresh
57053873,56426,93.00,875.05,71.65,0.455,4.277,0.350,banana,fresh
57054883,56427,92.95,875.00,71.65,0.454,4.277,0.350,banana,fresh
57055895,56428,92.85,875.00,71.65,0.454,4.277,0.350,banana,fresh
57056906,56429,92.95,875.00,71.80,0.454,4.277,0.351,banana,fresh
57057917,56430,92.90,875.00,71.75,0.454,4.277,0.351,banana,fresh
57058928,56431,92.90,875.00,71.55,0.454,4.277,0.350,banana,fresh
57059940,56432,92.95,875.00,71.75,0.454,4.277,0.351,banana,fresh
57060951,56433,92.90,875.10,71.75,0.454,4.277,0.351,banana,fresh
57061961,56434,92.95,875.00,71.60,0.454,4.277,0.350,banana,fresh
57062973,56435,92.95,875.00,71.65,0.454,4.277,0.350,banana,fresh
57063984,56436,93.00,875.05,71.75,0.455,4.277,0.351,banana,fresh
57064995,56437,92.95,875.05,71.75,0.454,4.277,0.351,banana,fresh
57066006,56438,92.85,875.00,71.65,0.454,4.277,0.350,banana,fresh
57067018,56439,93.00,875.00,71.55,0.455,4.277,0.350,banana,fresh
57068028,56440,92.95,875.00,71.75,0.454,4.277,0.351,banana,fresh
57069039,56441,92.90,875.00,71.75,0.454,4.277,0.351,banana,fresh
57070051,56442,92.95,875.05,71.75,0.454,4.277,0.351,banana,fresh
57071062,56443,92.95,875.00,71.50,0.454,4.277,0.349,banana,fresh
57072073,56444,92.85,875.00,71.65,0.454,4.277,0.350,banana,fresh
57073084,56445,92.85,875.00,71.65,0.454,4.277,0.350,banana,fresh
57074096,56446,92.80,875.00,71.70,0.454,4.277,0.350,banana,fresh
57075106,56447,92.95,875.00,71.60,0.454,4.277,0.350,banana,fresh
57076118,56448,92.90,875.00,71.75,0.454,4.277,0.351,banana,fresh
57077129,56449,92.90,875.00,71.70,0.454,4.277,0.350,banana,fresh
57078139,56450,92.85,875.00,71.70,0.454,4.277,0.350,banana,fresh
57079151,56451,92.90,875.00,71.75,0.454,4.277,0.351,banana,fresh
57080162,56452,92.90,875.00,71.75,0.454,4.277,0.351,banana,fresh
57081174,56453,92.80,875.00,71.75,0.454,4.277,0.351,banana,fresh
57082184,56454,92.90,874.95,71.60,0.454,4.276,0.350,banana,fresh
57083196,56455,92.85,875.00,71.70,0.454,4.277,0.350,banana,fresh
57084207,56456,92.80,875.00,71.45,0.454,4.277,0.349,banana,fresh
57085217,56457,92.95,875.00,71.70,0.454,4.277,0.350,banana,fresh
57086229,56458,93.00,875.05,71.80,0.455,4.277,0.351,banana,fresh
57087240,56459,93.00,875.00,71.60,0.455,4.277,0.350,banana,fresh
57088251,56460,92.90,875.00,71.70,0.454,4.277,0.350,banana,fresh
57089262,56461,92.80,875.00,71.60,0.454,4.277,0.350,banana,fresh
57090274,56462,92.85,875.00,71.75,0.454,4.277,0.351,banana,fresh
57091284,56463,92.90,875.00,71.70,0.454,4.277,0.350,banana,fresh
57092295,56464,92.85,875.00,71.75,0.454,4.277,0.351,banana,fresh
57093307,56465,92.90,875.00,71.70,0.454,4.277,0.350,banana,fresh
57094318,56466,92.85,875.00,71.60,0.454,4.277,0.350,banana,fresh
57095329,56467,92.95,875.00,71.70,0.454,4.277,0.350,banana,fresh
57096340,56468,92.85,875.05,71.75,0.454,4.277,0.351,banana,fresh
57097352,56469,92.75,875.00,71.55,0.453,4.277,0.350,banana,fresh
57098362,56470,92.85,875.00,71.55,0.454,4.277,0.350,banana,fresh
57099373,56471,92.75,875.00,71.55,0.453,4.277,0.350,banana,fresh
57100385,56472,92.65,875.00,71.60,0.453,4.277,0.350,banana,fresh
57101395,56473,92.85,875.00,71.65,0.454,4.277,0.350,banana,fresh
57102407,56474,92.80,875.00,71.60,0.454,4.277,0.350,banana,fresh
57103418,56475,93.00,875.00,71.80,0.455,4.277,0.351,banana,fresh
57104430,56476,93.00,875.00,71.65,0.455,4.277,0.350,banana,fresh
57105440,56477,92.85,875.00,71.60,0.454,4.277,0.350,banana,fresh
57106451,56478,92.90,875.00,71.60,0.454,4.277,0.350,banana,fresh
57107463,56479,92.95,875.00,71.70,0.454,4.277,0.350,banana,fresh
57108473,56480,92.95,875.00,71.65,0.454,4.277,0.350,banana,fresh
57109485,56481,92.70,875.00,71.55,0.453,4.277,0.350,banana,fresh
57110496,56482,92.70,875.00,71.55,0.453,4.277,0.350,banana,fresh
57111507,56483,93.00,875.00,71.55,0.455,4.277,0.350,banana,fresh
57112518,56484,92.60,875.05,71.50,0.453,4.277,0.349,banana,fresh
57113529,56485,93.00,875.05,71.65,0.455,4.277,0.350,banana,fresh
57114541,56486,92.80,875.00,71.60,0.454,4.277,0.350,banana,fresh
57115551,56487,92.80,875.00,71.70,0.454,4.277,0.350,banana,fresh
57116563,56488,92.95,875.00,71.60,0.454,4.277,0.350,banana,fresh
57117574,56489,92.95,875.00,71.60,0.454,4.277,0.350,banana,fresh
57118585,56490,92.75,875.05,71.65,0.453,4.277,0.350,banana,fresh
57119596,56491,92.70,875.00,71.55,0.453,4.277,0.350,banana,fresh
57120607,56492,92.80,875.00,71.45,0.454,4.277,0.349,banana,fresh
57121618,56493,92.70,875.00,71.60,0.453,4.277,0.350,banana,fresh
57122629,56494,92.90,875.00,71.75,0.454,4.277,0.351,banana,fresh
57123641,56495,92.75,875.00,71.40,0.453,4.277,0.349,banana,fresh
57124652,56496,92.70,875.00,71.55,0.453,4.277,0.350,banana,fresh
57125663,56497,92.75,875.00,71.60,0.453,4.277,0.350,banana,fresh
57126674,56498,92.75,875.00,71.70,0.453,4.277,0.350,banana,fresh
57127685,56499,92.80,875.00,71.55,0.454,4.277,0.350,banana,fresh
57128696,56500,93.00,874.95,71.50,0.455,4.276,0.349,banana,fresh
57129707,56501,92.75,875.00,71.50,0.453,4.277,0.349,banana,fresh
57130719,56502,92.85,874.95,71.40,0.454,4.276,0.349,banana,fresh
57131729,56503,92.60,875.00,71.55,0.453,4.277,0.350,banana,fresh
57132741,56504,92.60,875.00,71.60,0.453,4.277,0.350,banana,fresh
57133752,56505,92.85,875.00,71.65,0.454,4.277,0.350,banana,fresh
57134763,56506,92.80,875.00,71.40,0.454,4.277,0.349,banana,fresh
57135774,56507,92.80,875.00,71.80,0.454,4.277,0.351,banana,fresh
57136785,56508,92.80,875.00,71.75,0.454,4.277,0.351,banana,fresh
57137797,56509,92.80,875.00,71.60,0.454,4.277,0.350,banana,fresh
57138807,56510,92.75,875.00,71.45,0.453,4.277,0.349,banana,fresh
57139819,56511,92.75,875.00,71.60,0.453,4.277,0.350,banana,fresh
57140830,56512,92.95,875.00,71.50,0.454,4.277,0.349,banana,fresh
57141840,56513,93.00,875.00,71.75,0.455,4.277,0.351,banana,fresh
57142852,56514,92.80,875.00,71.50,0.454,4.277,0.349,banana,fresh
57143863,56515,92.80,874.95,71.60,0.454,4.276,0.350,banana,fresh
57144875,56516,92.90,874.95,71.60,0.454,4.276,0.350,banana,fresh
57145885,56517,92.60,875.00,71.75,0.453,4.277,0.351,banana,fresh
57146897,56518,92.85,875.00,71.65,0.454,4.277,0.350,banana,fresh
57147908,56519,92.90,875.00,71.70,0.454,4.277,0.350,banana,fresh
57148918,56520,92.85,875.00,71.70,0.454,4.277,0.350,banana,fresh
57149930,56521,92.60,875.00,71.80,0.453,4.277,0.351,banana,fresh
57150941,56522,92.75,875.00,71.65,0.453,4.277,0.350,banana,fresh
57151952,56523,92.75,875.00,71.60,0.453,4.277,0.350,banana,fresh
57152963,56524,92.65,875.00,71.60,0.453,4.277,0.350,banana,fresh
57153975,56525,92.75,875.00,71.65,0.453,4.277,0.350,banana,fresh
57154985,56526,92.85,875.00,71.70,0.454,4.277,0.350,banana,fresh
57155996,56527,92.85,875.00,71.70,0.454,4.277,0.350,banana,fresh
57157008,56528,92.85,875.00,71.65,0.454,4.277,0.350,banana,fresh
57158019,56529,92.85,874.95,71.70,0.454,4.276,0.350,banana,fresh
57159030,56530,92.80,874.95,71.70,0.454,4.276,0.350,banana,fresh
57160041,56531,92.65,875.00,71.55,0.453,4.277,0.350,banana,fresh
57161053,56532,92.85,875.00,71.65,0.454,4.277,0.350,banana,fresh
57162063,56533,92.75,875.00,71.35,0.453,4.277,0.349,banana,fresh
57163074,56534,92.60,875.00,71.70,0.453,4.277,0.350,banana,fresh
57164086,56535,92.70,875.00,71.60,0.453,4.277,0.350,banana,fresh
57165096,56536,92.75,875.00,71.70,0.453,4.277,0.350,banana,fresh
57166108,56537,92.80,874.95,71.65,0.454,4.276,0.350,banana,fresh
57167119,56538,92.85,875.00,71.55,0.454,4.277,0.350,banana,fresh
57168131,56539,92.90,875.00,71.50,0.454,4.277,0.349,banana,fresh
57169141,56540,92.75,874.95,71.90,0.453,4.276,0.351,banana,fresh
57170153,56541,92.90,875.00,71.65,0.454,4.277,0.350,banana,fresh
57171164,56542,92.70,875.00,71.50,0.453,4.277,0.349,banana,fresh
57172174,56543,92.95,874.95,71.55,0.454,4.276,0.350,banana,fresh
57173186,56544,92.75,874.95,71.55,0.453,4.276,0.350,banana,fresh
57174197,56545,92.75,875.00,71.65,0.453,4.277,0.350,banana,fresh
57175208,56546,92.85,874.90,71.65,0.454,4.276,0.350,banana,fresh
57176219,56547,92.75,875.00,71.70,0.453,4.277,0.350,banana,fresh
57177231,56548,92.90,874.95,71.65,0.454,4.276,0.350,banana,fresh
57178242,56549,92.65,875.00,71.70,0.453,4.277,0.350,banana,fresh
57179252,56550,92.75,875.05,71.65,0.453,4.277,0.350,banana,fresh
57180264,56551,92.70,875.00,71.60,0.453,4.277,0.350,banana,fresh
57181275,56552,92.80,875.00,71.55,0.454,4.277,0.350,banana,fresh
57182286,56553,92.70,875.00,71.80,0.453,4.277,0.351,banana,fresh
57183297,56554,92.90,875.00,71.55,0.454,4.277,0.350,banana,fresh
57184309,56555,92.70,874.95,71.50,0.453,4.276,0.349,banana,fresh
57185319,56556,92.80,874.90,71.65,0.454,4.276,0.350,banana,fresh
57186330,56557,92.85,875.00,71.55,0.454,4.277,0.350,banana,fresh
57187342,56558,92.80,875.00,71.60,0.454,4.277,0.350,banana,fresh
57188353,56559,92.70,874.90,71.50,0.453,4.276,0.349,banana,fresh
57189364,56560,92.65,875.00,71.65,0.453,4.277,0.350,banana,fresh
57190375,56561,92.50,874.95,71.55,0.452,4.276,0.350,banana,fresh
57191387,56562,92.60,875.00,71.70,0.453,4.277,0.350,banana,fresh
57192397,56563,92.65,874.95,71.55,0.453,4.276,0.350,banana,fresh
57193408,56564,92.60,875.00,71.60,0.453,4.277,0.350,banana,fresh
57194420,56565,92.80,874.95,71.55,0.454,4.276,0.350,banana,fresh
57195430,56566,92.65,875.00,71.50,0.453,4.277,0.349,banana,fresh
57196442,56567,92.75,874.95,71.65,0.453,4.276,0.350,banana,fresh
57197453,56568,92.70,874.95,71.55,0.453,4.276,0.350,banana,fresh
57198465,56569,92.65,875.00,71.55,0.453,4.277,0.350,banana,fresh
57199475,56570,92.55,874.95,71.45,0.452,4.276,0.349,banana,fresh
57200487,56571,92.65,875.00,71.50,0.453,4.277,0.349,banana,fresh
57201498,56572,92.55,874.90,71.45,0.452,4.276,0.349,banana,fresh
57202508,56573,92.60,875.00,71.50,0.453,4.277,0.349,banana,fresh
57203520,56574,92.55,875.00,71.60,0.452,4.277,0.350,banana,fresh
57204531,56575,92.55,874.95,71.65,0.452,4.276,0.350,banana,fresh
57205542,56576,92.80,875.00,71.70,0.454,4.277,0.350,banana,fresh
57206553,56577,92.75,874.95,71.55,0.453,4.276,0.350,banana,fresh
57207565,56578,92.75,875.00,71.80,0.453,4.277,0.351,banana,fresh
57208576,56579,92.65,874.90,71.50,0.453,4.276,0.349,banana,fresh
57209586,56580,92.65,875.00,71.45,0.453,4.277,0.349,banana,fresh
57210598,56581,92.60,874.90,71.55,0.453,4.276,0.350,banana,fresh
57211609,56582,92.70,875.00,71.65,0.453,4.277,0.350,banana,fresh
57212620,56583,92.60,874.95,71.70,0.453,4.276,0.350,banana,fresh
57213631,56584,92.60,875.00,71.70,0.453,4.277,0.350,banana,fresh
57214643,56585,92.70,874.95,71.30,0.453,4.276,0.348,banana,fresh
57215653,56586,92.45,874.95,71.75,0.452,4.276,0.351,banana,fresh
57216665,56587,92.85,875.00,71.55,0.454,4.277,0.350,banana,fresh
57217676,56588,92.80,875.00,71.50,0.454,4.277,0.349,banana,fresh
57218686,56589,92.70,874.95,71.40,0.453,4.276,0.349,banana,fresh
57219698,56590,92.45,874.95,71.50,0.452,4.276,0.349,banana,fresh
57220709,56591,92.75,875.00,71.45,0.453,4.277,0.349,banana,fresh
57221721,56592,92.65,874.95,71.60,0.453,4.276,0.350,banana,fresh
57222731,56593,92.80,875.00,71.55,0.454,4.277,0.350,banana,fresh
57223743,56594,92.60,874.90,71.60,0.453,4.276,0.350,banana,fresh
57224754,56595,92.75,874.90,71.65,0.453,4.276,0.350,banana,fresh
57225764,56596,92.55,874.95,71.55,0.452,4.276,0.350,banana,fresh
57226776,56597,92.55,874.95,71.50,0.452,4.276,0.349,banana,fresh
57227787,56598,92.80,874.95,71.50,0.454,4.276,0.349,banana,fresh
57228798,56599,92.65,875.00,71.70,0.453,4.277,0.350,banana,fresh
57229809,56600,92.40,875.00,71.40,0.452,4.277,0.349,banana,fresh
57230821,56601,92.70,874.90,71.35,0.453,4.276,0.349,banana,fresh
57231832,56602,92.65,875.00,71.65,0.453,4.277,0.350,banana,fresh
57232842,56603,92.50,874.95,71.60,0.452,4.276,0.350,banana,fresh
57233854,56604,92.70,874.95,71.60,0.453,4.276,0.350,banana,fresh
57234865,56605,92.85,875.00,71.50,0.454,4.277,0.349,banana,fresh
57235876,56606,92.75,874.85,71.40,0.453,4.276,0.349,banana,fresh
57236887,56607,92.35,874.95,71.75,0.451,4.276,0.351,banana,fresh
57237899,56608,92.60,874.85,71.40,0.453,4.276,0.349,banana,fresh
57238909,56609,92.65,874.95,71.55,0.453,4.276,0.350,banana,fresh
57239921,56610,92.85,874.85,71.25,0.454,4.276,0.348,banana,fresh
57240932,56611,92.60,875.00,71.50,0.453,4.277,0.349,banana,fresh
57241943,56612,92.55,874.95,71.40,0.452,4.276,0.349,banana,fresh
57242954,56613,92.80,875.00,71.35,0.454,4.277,0.349,banana,fresh
57243965,56614,92.70,875.00,71.55,0.453,4.277,0.350,banana,fresh
57244977,56615,92.65,874.90,71.45,0.453,4.276,0.349,banana,fresh
57245987,56616,92.50,875.00,71.50,0.452,4.277,0.349,banana,fresh
57246998,56617,92.60,875.00,71.55,0.453,4.277,0.350,banana,fresh
57248010,56618,92.65,874.90,71.45,0.453,4.276,0.349,banana,fresh
57249020,56619,92.65,874.95,71.45,0.453,4.276,0.349,banana,fresh
57250032,56620,92.55,874.80,71.35,0.452,4.276,0.349,banana,fresh
57251043,56621,92.30,874.95,71.50,0.451,4.276,0.349,banana,fresh
57252055,56622,92.65,874.95,71.45,0.453,4.276,0.349,banana,fresh
57253065,56623,92.50,875.00,71.50,0.452,4.277,0.349,banana,fresh
57254077,56624,92.60,874.95,71.55,0.453,4.276,0.350,banana,fresh
57255088,56625,92.45,874.95,71.50,0.452,4.276,0.349,banana,fresh
57256098,56626,92.60,874.85,71.60,0.453,4.276,0.350,banana,fresh
57257110,56627,92.60,874.95,71.55,0.453,4.276,0.350,banana,fresh
57258121,56628,92.45,874.95,71.45,0.452,4.276,0.349,banana,fresh
57259132,56629,92.40,875.00,71.50,0.452,4.277,0.349,banana,fresh
57260143,56630,92.65,874.95,71.35,0.453,4.276,0.349,banana,fresh
57261155,56631,92.65,874.85,71.40,0.453,4.276,0.349,banana,fresh
57262166,56632,92.55,875.00,71.45,0.452,4.277,0.349,banana,fresh
57263177,56633,92.50,874.95,71.50,0.452,4.276,0.349,banana,fresh
57264188,56634,92.55,874.85,71.60,0.452,4.276,0.350,banana,fresh
57265199,56635,92.40,874.65,71.25,0.452,4.275,0.348,banana,fresh
57266210,56636,92.45,875.00,71.30,0.452,4.277,0.348,banana,fresh
57267221,56637,92.35,874.95,71.45,0.451,4.276,0.349,banana,fresh
57268233,56638,92.30,875.00,71.45,0.451,4.277,0.349,banana,fresh
57269243,56639,92.55,874.90,71.35,0.452,4.276,0.349,banana,fresh
57270255,56640,92.40,874.95,71.40,0.452,4.276,0.349,banana,fresh
57271266,56641,92.65,874.95,71.35,0.453,4.276,0.349,banana,fresh
57272276,56642,92.40,874.85,71.50,0.452,4.276,0.349,banana,fresh
57273288,56643,92.55,874.90,71.50,0.452,4.276,0.349,banana,fresh
57274299,56644,92.45,874.80,71.35,0.452,4.276,0.349,banana,fresh
57275311,56645,92.55,874.85,71.45,0.452,4.276,0.349,banana,fresh
57276321,56646,92.50,874.80,71.50,0.452,4.276,0.349,banana,fresh
57277333,56647,92.35,874.75,71.30,0.451,4.275,0.348,banana,fresh
57278344,56648,92.40,874.95,71.50,0.452,4.276,0.349,banana,fresh
57279354,56649,92.30,874.95,71.45,0.451,4.276,0.349,banana,fresh
57280366,56650,92.60,874.90,71.45,0.453,4.276,0.349,banana,fresh
57281377,56651,92.45,874.90,71.60,0.452,4.276,0.350,banana,fresh
57282388,56652,92.50,874.95,71.60,0.452,4.276,0.350,banana,fresh
57283399,56653,92.55,874.90,71.55,0.452,4.276,0.350,banana,fresh
57284411,56654,92.50,874.95,71.60,0.452,4.276,0.350,banana,fresh
57285422,56655,92.50,874.80,71.50,0.452,4.276,0.349,banana,fresh
57286433,56656,92.55,875.00,71.45,0.452,4.277,0.349,banana,fresh
57287444,56657,92.45,875.00,71.35,0.452,4.277,0.349,banana,fresh
57288455,56658,92.60,874.80,71.40,0.453,4.276,0.349,banana,fresh
57289466,56659,92.60,874.95,71.30,0.453,4.276,0.348,banana,fresh
57290477,56660,92.15,874.95,71.45,0.450,4.276,0.349,banana,fresh
57291489,56661,92.55,874.95,71.65,0.452,4.276,0.350,banana,fresh
57292499,56662,92.50,874.95,71.25,0.452,4.276,0.348,banana,fresh
57293511,56663,92.35,874.90,71.50,0.451,4.276,0.349,banana,fresh
57294522,56664,92.50,874.90,71.60,0.452,4.276,0.350,banana,fresh
57295533,56665,92.50,874.95,71.50,0.452,4.276,0.349,banana,fresh
57296544,56666,92.30,874.85,71.40,0.451,4.276,0.349,banana,fresh
57297555,56667,92.60,874.95,71.70,0.453,4.276,0.350,banana,fresh
57298567,56668,92.25,874.90,71.35,0.451,4.276,0.349,banana,fresh
57299577,56669,92.30,874.85,71.30,0.451,4.276,0.348,banana,fresh
57300589,56670,92.45,874.85,71.45,0.452,4.276,0.349,banana,fresh
57301600,56671,92.40,874.85,71.45,0.452,4.276,0.349,banana,fresh
57302611,56672,92.45,874.95,71.50,0.452,4.276,0.349,banana,fresh
57303622,56673,92.60,874.85,71.55,0.453,4.276,0.350,banana,fresh
57304633,56674,92.40,874.75,71.50,0.452,4.275,0.349,banana,fresh
57305645,56675,92.40,874.95,71.45,0.452,4.276,0.349,banana,fresh
57306655,56676,92.40,874.80,71.25,0.452,4.276,0.348,banana,fresh
57307667,56677,92.45,874.90,71.50,0.452,4.276,0.349,banana,fresh
57308678,56678,92.45,875.00,71.35,0.452,4.277,0.349,banana,fresh
57309689,56679,92.45,874.85,71.45,0.452,4.276,0.349,banana,fresh
57310700,56680,92.20,874.90,71.40,0.451,4.276,0.349,banana,fresh
57311711,56681,92.50,874.90,71.15,0.452,4.276,0.348,banana,fresh
57312722,56682,92.40,874.90,71.50,0.452,4.276,0.349,banana,fresh
57313733,56683,92.50,874.80,71.35,0.452,4.276,0.349,banana,fresh
57314745,56684,92.25,875.00,71.40,0.451,4.277,0.349,banana,fresh
57315756,56685,92.65,874.80,71.35,0.453,4.276,0.349,banana,fresh
57316767,56686,92.50,874.80,71.40,0.452,4.276,0.349,banana,fresh
57317778,56687,92.30,874.95,71.40,0.451,4.276,0.349,banana,fresh
57318789,56688,92.30,874.85,71.30,0.451,4.276,0.348,banana,fresh
57319800,56689,92.45,874.85,71.50,0.452,4.276,0.349,banana,fresh
57320811,56690,92.40,874.80,71.20,0.452,4.276,0.348,banana,fresh
57321823,56691,92.45,874.90,71.40,0.452,4.276,0.349,banana,fresh
57322833,56692,92.35,874.80,71.30,0.451,4.276,0.348,banana,fresh
57323845,56693,92.40,874.75,71.25,0.452,4.275,0.348,banana,fresh
57324856,56694,92.45,874.75,71.25,0.452,4.275,0.348,banana,fresh
57325868,56695,92.30,874.75,71.55,0.451,4.275,0.350,banana,fresh
57326878,56696,92.10,874.85,71.45,0.450,4.276,0.349,banana,fresh
57327889,56697,92.30,874.90,71.25,0.451,4.276,0.348,banana,fresh
57328901,56698,92.50,874.80,71.30,0.452,4.276,0.348,banana,fresh
57329911,56699,92.25,874.75,71.35,0.451,4.275,0.349,banana,fresh
57330923,56700,92.40,874.65,71.30,0.452,4.275,0.348,banana,fresh
57331934,56701,92.55,874.80,71.30,0.452,4.276,0.348,banana,fresh
57332945,56702,92.30,874.85,71.30,0.451,4.276,0.348,banana,fresh
57333956,56703,92.40,874.75,71.25,0.452,4.275,0.348,banana,fresh
57334967,56704,92.20,874.85,71.30,0.451,4.276,0.348,banana,fresh
57335979,56705,92.25,874.90,71.45,0.451,4.276,0.349,banana,fresh
57336989,56706,92.40,874.95,71.35,0.452,4.276,0.349,banana,fresh
57338001,56707,92.30,874.85,71.20,0.451,4.276,0.348,banana,fresh
57339012,56708,92.25,874.95,71.55,0.451,4.276,0.350,banana,fresh
57340023,56709,92.40,874.75,71.40,0.452,4.275,0.349,banana,fresh
57341034,56710,92.15,874.80,71.35,0.450,4.276,0.349,banana,fresh
57342045,56711,92.25,874.50,71.10,0.451,4.274,0.348,banana,fresh
57343056,56712,92.25,874.95,71.25,0.451,4.276,0.348,banana,fresh
57344067,56713,92.30,874.75,71.25,0.451,4.275,0.348,banana,fresh
57345079,56714,92.25,874.80,71.45,0.451,4.276,0.349,banana,fresh
57346089,56715,92.30,874.70,71.25,0.451,4.275,0.348,banana,fresh
57347101,56716,92.25,874.75,71.30,0.451,4.275,0.348,banana,fresh
57348112,56717,92.25,874.80,71.25,0.451,4.276,0.348,banana,fresh
57349124,56718,92.20,874.85,71.20,0.451,4.276,0.348,banana,fresh
57350134,56719,92.25,874.80,71.25,0.451,4.276,0.348,banana,fresh
57351145,56720,92.20,874.85,71.10,0.451,4.276,0.348,banana,fresh
57352157,56721,92.05,874.75,71.30,0.450,4.275,0.348,banana,fresh
57353167,56722,92.05,874.70,71.25,0.450,4.275,0.348,banana,fresh
57354179,56723,92.20,874.95,71.20,0.451,4.276,0.348,banana,fresh
57355190,56724,92.10,874.85,71.25,0.450,4.276,0.348,banana,fresh
57356201,56725,92.30,874.90,71.30,0.451,4.276,0.348,banana,fresh
57357212,56726,92.10,874.80,71.25,0.450,4.276,0.348,banana,fresh
57358223,56727,92.35,874.80,71.15,0.451,4.276,0.348,banana,fresh
57359235,56728,92.35,874.80,71.20,0.451,4.276,0.348,banana,fresh
57360245,56729,92.15,874.70,71.15,0.450,4.275,0.348,banana,fresh
57361257,56730,92.15,874.70,71.20,0.450,4.275,0.348,banana,fresh
57362268,56731,92.25,874.70,71.25,0.451,4.275,0.348,banana,fresh
57363279,56732,92.25,874.85,71.05,0.451,4.276,0.347,banana,fresh
57364290,56733,92.40,874.70,71.05,0.452,4.275,0.347,banana,fresh
57365302,56734,92.25,874.75,71.05,0.451,4.275,0.347,banana,fresh
57366312,56735,92.20,874.65,71.25,0.451,4.275,0.348,banana,fresh
57367323,56736,92.25,874.75,71.20,0.451,4.275,0.348,banana,fresh
57368335,56737,92.20,874.70,71.25,0.451,4.275,0.348,banana,fresh
57369346,56738,92.15,874.70,71.15,0.450,4.275,0.348,banana,fresh
57370357,56739,92.15,874.55,71.25,0.450,4.274,0.348,banana,fresh
57371368,56740,92.20,874.60,71.10,0.451,4.275,0.348,banana,fresh
57372380,56741,92.25,874.75,71.30,0.451,4.275,0.348,banana,fresh
57373390,56742,92.15,874.70,71.20,0.450,4.275,0.348,banana,fresh
57374401,56743,92.05,874.70,71.25,0.450,4.275,0.348,banana,fresh
57375413,56744,92.10,874.60,71.15,0.450,4.275,0.348,banana,fresh
57376423,56745,92.10,874.70,71.20,0.450,4.275,0.348,banana,fresh
57377435,56746,92.20,874.75,71.05,0.451,4.275,0.347,banana,fresh
57378446,56747,92.35,874.75,71.25,0.451,4.275,0.348,banana,fresh
57379458,56748,92.15,874.65,71.25,0.450,4.275,0.348,banana,fresh
57380468,56749,92.30,874.65,71.10,0.451,4.275,0.348,banana,fresh
57381480,56750,92.20,874.75,71.25,0.451,4.275,0.348,banana,fresh
57382491,56751,92.50,874.70,71.20,0.452,4.275,0.348,banana,fresh
57383501,56752,92.10,874.80,71.30,0.450,4.276,0.348,banana,fresh
57384513,56753,92.30,874.60,71.25,0.451,4.275,0.348,banana,fresh
57385524,56754,92.35,874.50,71.25,0.451,4.274,0.348,banana,fresh
57386535,56755,92.30,874.65,71.25,0.451,4.275,0.348,banana,fresh
57387546,56756,92.25,874.60,71.10,0.451,4.275,0.348,banana,fresh
57388558,56757,92.10,874.70,71.20,0.450,4.275,0.348,banana,fresh
57389569,56758,92.10,874.50,71.25,0.450,4.274,0.348,banana,fresh
57390579,56759,92.05,874.80,71.40,0.450,4.276,0.349,banana,fresh
57391591,56760,92.05,874.65,71.05,0.450,4.275,0.347,banana,fresh
57392602,56761,92.20,874.80,71.15,0.451,4.276,0.348,banana,fresh
57393613,56762,92.05,874.50,71.30,0.450,4.274,0.348,banana,fresh
57394624,56763,92.10,874.70,71.20,0.450,4.275,0.348,banana,fresh
57395636,56764,92.40,874.60,71.05,0.452,4.275,0.347,banana,fresh
57396646,56765,92.25,874.55,71.20,0.451,4.274,0.348,banana,fresh
57397657,56766,92.15,874.50,71.15,0.450,4.274,0.348,banana,fresh
57398669,56767,92.15,874.55,71.25,0.450,4.274,0.348,banana,fresh
57399680,56768,92.30,874.70,71.10,0.451,4.275,0.348,banana,fresh
57400691,56769,92.05,874.60,71.25,0.450,4.275,0.348,banana,fresh
57401702,56770,92.30,874.45,71.05,0.451,4.274,0.347,banana,fresh
57402714,56771,92.15,874.70,71.05,0.450,4.275,0.347,banana,fresh
57403724,56772,92.05,874.65,71.10,0.450,4.275,0.348,banana,fresh
57404735,56773,92.10,874.55,71.15,0.450,4.274,0.348,banana,fresh
57405747,56774,92.20,874.65,71.35,0.451,4.275,0.349,banana,fresh
57406757,56775,92.25,874.60,71.15,0.451,4.275,0.348,banana,fresh
57407769,56776,92.25,874.55,71.30,0.451,4.274,0.348,banana,fresh
57408780,56777,92.10,874.55,71.10,0.450,4.274,0.348,banana,fresh
57409792,56778,92.15,874.70,71.30,0.450,4.275,0.348,banana,fresh
57410802,56779,92.00,874.60,71.20,0.450,4.275,0.348,banana,fresh
57411814,56780,92.20,874.70,71.30,0.451,4.275,0.348,banana,fresh
57412825,56781,92.05,874.50,71.10,0.450,4.274,0.348,banana,fresh
57413835,56782,92.10,874.65,71.15,0.450,4.275,0.348,banana,fresh
57414847,56783,92.20,874.65,71.25,0.451,4.275,0.348,banana,fresh
57415858,56784,92.20,874.75,71.10,0.451,4.275,0.348,banana,fresh
57416869,56785,92.10,874.60,71.20,0.450,4.275,0.348,banana,fresh
57417880,56786,92.10,874.55,71.25,0.450,4.274,0.348,banana,fresh
57418892,56787,92.25,874.60,71.20,0.451,4.275,0.348,banana,fresh
57419902,56788,92.10,874.55,71.20,0.450,4.274,0.348,banana,fresh
57420913,56789,92.25,874.65,71.05,0.451,4.275,0.347,banana,fresh
57421925,56790,92.15,874.45,71.15,0.450,4.274,0.348,banana,fresh
57422936,56791,92.10,874.45,71.05,0.450,4.274,0.347,banana,fresh
57423947,56792,92.10,874.45,71.15,0.450,4.274,0.348,banana,fresh
57424958,56793,92.15,874.55,71.10,0.450,4.274,0.348,banana,fresh
57425970,56794,92.10,874.65,71.10,0.450,4.275,0.348,banana,fresh
57426980,56795,92.00,874.70,71.20,0.450,4.275,0.348,banana,fresh
57427991,56796,92.15,874.55,71.05,0.450,4.274,0.347,banana,fresh
57429003,56797,92.15,874.70,71.15,0.450,4.275,0.348,banana,fresh
57430013,56798,92.15,874.55,71.00,0.450,4.274,0.347,banana,fresh
57431025,56799,92.05,874.55,71.10,0.450,4.274,0.348,banana,fresh
57432036,56800,92.10,874.55,71.05,0.450,4.274,0.347,banana,fresh
57433048,56801,92.15,874.45,71.10,0.450,4.274,0.348,banana,fresh
57434058,56802,92.05,874.60,71.15,0.450,4.275,0.348,banana,fresh
57435069,56803,92.05,874.75,71.15,0.450,4.275,0.348,banana,fresh
57436081,56804,92.05,874.45,71.00,0.450,4.274,0.347,banana,fresh
57437091,56805,92.15,874.50,71.00,0.450,4.274,0.347,banana,fresh
57438103,56806,92.15,874.55,71.10,0.450,4.274,0.348,banana,fresh
57439114,56807,92.10,874.55,71.10,0.450,4.274,0.348,banana,fresh
57440125,56808,92.05,874.30,71.05,0.450,4.273,0.347,banana,fresh
57441136,56809,92.05,874.65,71.20,0.450,4.275,0.348,banana,fresh
57442147,56810,92.10,874.60,71.05,0.450,4.275,0.347,banana,fresh
57443159,56811,92.10,874.70,71.00,0.450,4.275,0.347,banana,fresh
57444169,56812,92.05,874.45,71.05,0.450,4.274,0.347,banana,fresh
57445181,56813,92.05,874.50,71.15,0.450,4.274,0.348,banana,fresh
57446192,56814,92.05,874.50,71.15,0.450,4.274,0.348,banana,fresh
57447203,56815,92.05,874.70,71.00,0.450,4.275,0.347,banana,fresh
57448214,56816,92.05,874.60,71.10,0.450,4.275,0.348,banana,fresh
57449225,56817,92.10,874.50,71.00,0.450,4.274,0.347,banana,fresh
57450236,56818,92.15,874.70,71.05,0.450,4.275,0.347,banana,fresh
57451247,56819,92.10,874.55,71.10,0.450,4.274,0.348,banana,fresh
57452259,56820,92.05,874.55,71.10,0.450,4.274,0.348,banana,fresh
57453270,56821,92.10,874.50,71.10,0.450,4.274,0.348,banana,fresh
57454281,56822,92.05,874.45,71.10,0.450,4.274,0.348,banana,fresh
57455292,56823,92.10,874.45,71.20,0.450,4.274,0.348,banana,fresh
57456303,56824,92.05,874.50,71.10,0.450,4.274,0.348,banana,fresh
57457314,56825,92.10,874.55,71.20,0.450,4.274,0.348,banana,fresh
57458325,56826,92.15,874.45,71.00,0.450,4.274,0.347,banana,fresh
57459337,56827,92.05,874.50,71.15,0.450,4.274,0.348,banana,fresh
57460347,56828,92.10,874.70,71.20,0.450,4.275,0.348,banana,fresh
57461359,56829,92.05,874.40,71.20,0.450,4.274,0.348,banana,fresh
57462370,56830,92.15,874.55,71.05,0.450,4.274,0.347,banana,fresh
57463382,56831,92.15,874.40,71.00,0.450,4.274,0.347,banana,fresh
57464392,56832,92.05,874.55,71.05,0.450,4.274,0.347,banana,fresh
57465403,56833,92.05,874.35,71.05,0.450,4.273,0.347,banana,fresh
57466415,56834,92.20,874.40,71.00,0.451,4.274,0.347,banana,fresh
57467425,56835,92.05,874.45,71.10,0.450,4.274,0.348,banana,fresh
57468437,56836,92.05,874.50,71.10,0.450,4.274,0.348,banana,fresh
57469448,56837,92.00,874.55,71.10,0.450,4.274,0.348,banana,fresh
57470459,56838,92.00,874.40,71.10,0.450,4.274,0.348,banana,fresh
57471470,56839,92.05,874.55,71.10,0.450,4.274,0.348,banana,fresh
57472481,56840,92.05,874.45,71.05,0.450,4.274,0.347,banana,fresh
57473492,56841,92.10,874.35,71.10,0.450,4.273,0.348,banana,fresh
57474503,56842,92.00,874.50,71.15,0.450,4.274,0.348,banana,fresh
57475515,56843,92.10,874.35,71.10,0.450,4.273,0.348,banana,fresh
57476526,56844,92.00,874.30,71.10,0.450,4.273,0.348,banana,fresh
57477537,56845,92.10,874.45,71.05,0.450,4.274,0.347,banana,fresh
57478548,56846,92.05,874.35,71.05,0.450,4.273,0.347,banana,fresh
57479559,56847,92.10,874.40,71.10,0.450,4.274,0.348,banana,fresh
57480570,56848,92.10,874.45,71.05,0.450,4.274,0.347,banana,fresh
57481581,56849,92.05,874.40,71.00,0.450,4.274,0.347,banana,fresh
57482593,56850,92.10,874.65,71.15,0.450,4.275,0.348,banana,fresh
57483603,56851,92.15,874.50,71.20,0.450,4.274,0.348,banana,fresh
57484615,56852,92.10,874.35,71.05,0.450,4.273,0.347,banana,fresh
57485626,56853,92.05,874.30,71.10,0.450,4.273,0.348,banana,fresh
57486637,56854,92.00,874.35,71.00,0.450,4.273,0.347,banana,fresh
57487648,56855,92.05,874.45,71.05,0.450,4.274,0.347,banana,fresh
57488659,56856,92.10,874.25,71.05,0.450,4.273,0.347,banana,fresh
57489671,56857,92.00,874.45,71.15,0.450,4.274,0.348,banana,fresh
57490681,56858,92.00,874.50,71.05,0.450,4.274,0.347,banana,fresh
57491693,56859,92.05,874.25,71.05,0.450,4.273,0.347,banana,fresh
57492704,56860,92.05,874.30,71.05,0.450,4.273,0.347,banana,fresh
57493714,56861,92.05,874.30,71.05,0.450,4.273,0.347,banana,fresh
57494726,56862,92.00,874.35,71.20,0.450,4.273,0.348,banana,fresh
57495737,56863,92.05,874.25,71.10,0.450,4.273,0.348,banana,fresh
57496749,56864,92.00,874.45,71.05,0.450,4.274,0.347,banana,fresh
57497759,56865,92.05,874.45,71.25,0.450,4.274,0.348,banana,fresh
57498771,56866,92.00,874.45,71.10,0.450,4.274,0.348,banana,fresh
57499782,56867,92.00,874.55,71.10,0.450,4.274,0.348,banana,fresh
57500792,56868,92.05,874.45,71.15,0.450,4.274,0.348,banana,fresh
57501804,56869,92.05,874.55,71.15,0.450,4.274,0.348,banana,fresh
57502815,56870,92.05,874.20,71.15,0.450,4.273,0.348,banana,fresh
57503826,56871,92.00,874.60,71.15,0.450,4.275,0.348,banana,fresh
57504837,56872,92.00,874.40,71.10,0.450,4.274,0.348,banana,fresh
57505849,56873,92.00,874.45,71.15,0.450,4.274,0.348,banana,fresh
57506860,56874,92.00,874.20,71.15,0.450,4.273,0.348,banana,fresh
57507870,56875,92.00,874.60,71.10,0.450,4.275,0.348,banana,fresh
57508882,56876,92.05,874.40,71.05,0.450,4.274,0.347,banana,fresh
57509893,56877,92.10,874.45,71.00,0.450,4.274,0.347,banana,fresh
57510904,56878,92.05,874.30,71.00,0.450,4.273,0.347,banana,fresh
57511915,56879,92.00,874.40,71.10,0.450,4.274,0.348,banana,fresh
57512927,56880,92.00,874.50,71.10,0.450,4.274,0.348,banana,fresh
57513937,56881,92.00,874.55,71.00,0.450,4.274,0.347,banana,fresh
57514948,56882,92.05,874.40,71.25,0.450,4.274,0.348,banana,fresh
57515960,56883,92.00,874.30,71.00,0.450,4.273,0.347,banana,fresh
57516971,56884,92.00,874.15,71.05,0.450,4.272,0.347,banana,fresh
57517982,56885,92.00,874.40,71.10,0.450,4.274,0.348,banana,fresh
57518993,56886,92.05,874.50,71.05,0.450,4.274,0.347,banana,fresh
57520005,56887,92.00,874.45,71.05,0.450,4.274,0.347,banana,fresh
57521015,56888,92.05,874.25,71.10,0.450,4.273,0.348,banana,fresh
57522026,56889,92.05,874.35,71.10,0.450,4.273,0.348,banana,fresh
57523038,56890,92.00,874.60,71.15,0.450,4.275,0.348,banana,fresh
57524048,56891,92.00,874.60,71.05,0.450,4.275,0.347,banana,fresh
57525060,56892,92.00,874.50,71.15,0.450,4.274,0.348,banana,fresh
57526071,56893,92.05,874.15,71.15,0.450,4.272,0.348,banana,fresh
57527083,56894,92.00,874.35,71.15,0.450,4.273,0.348,banana,fresh
57528093,56895,92.00,874.25,71.00,0.450,4.273,0.347,banana,fresh
57529104,56896,92.00,874.50,71.05,0.450,4.274,0.347,banana,fresh
57530116,56897,92.00,874.35,71.10,0.450,4.273,0.348,banana,fresh
57531126,56898,92.05,874.35,71.10,0.450,4.273,0.348,banana,fresh
57532138,56899,92.05,874.20,71.00,0.450,4.273,0.347,banana,fresh
57533149,56900,92.05,874.50,71.15,0.450,4.274,0.348,banana,fresh
57534159,56901,92.00,874.30,71.15,0.450,4.273,0.348,banana,fresh
57535171,56902,92.05,874.25,71.00,0.450,4.273,0.347,banana,fresh
57536182,56903,92.05,874.25,71.00,0.450,4.273,0.347,banana,fresh
57537193,56904,92.00,874.30,71.00,0.450,4.273,0.347,banana,fresh
57538204,56905,92.00,874.35,71.00,0.450,4.273,0.347,banana,fresh
57539216,56906,92.05,874.30,71.00,0.450,4.273,0.347,banana,fresh
57540227,56907,92.05,874.35,71.00,0.450,4.273,0.347,banana,fresh
57541237,56908,92.00,874.40,71.10,0.450,4.274,0.348,banana,fresh
57542249,56909,92.00,874.45,71.05,0.450,4.274,0.347,banana,fresh
57543260,56910,92.00,874.45,71.05,0.450,4.274,0.347,banana,fresh
57544271,56911,92.00,874.20,71.10,0.450,4.273,0.348,banana,fresh
57545282,56912,92.00,874.30,71.05,0.450,4.273,0.347,banana,fresh
57546294,56913,92.05,874.50,71.05,0.450,4.274,0.347,banana,fresh
57547304,56914,92.00,874.30,71.10,0.450,4.273,0.348,banana,fresh
57548315,56915,92.00,874.30,71.10,0.450,4.273,0.348,banana,fresh
57549327,56916,92.00,874.30,71.05,0.450,4.273,0.347,banana,fresh
57550338,56917,92.05,874.15,71.00,0.450,4.272,0.347,banana,fresh
57551349,56918,92.05,874.25,71.00,0.450,4.273,0.347,banana,fresh
57552360,56919,92.00,874.15,71.00,0.450,4.272,0.347,banana,fresh
57553372,56920,92.05,874.35,71.00,0.450,4.273,0.347,banana,fresh
57554382,56921,92.00,874.25,71.05,0.450,4.273,0.347,banana,fresh
57555393,56922,92.00,874.45,71.00,0.450,4.274,0.347,banana,fresh
57556405,56923,92.00,874.15,71.00,0.450,4.272,0.347,banana,fresh
57557415,56924,92.05,874.45,71.10,0.450,4.274,0.348,banana,fresh
57558427,56925,92.00,874.15,71.05,0.450,4.272,0.347,banana,fresh
57559438,56926,92.10,874.15,71.00,0.450,4.272,0.347,banana,fresh
57560450,56927,92.00,874.05,71.05,0.450,4.272,0.347,banana,fresh
57561460,56928,92.10,874.25,71.20,0.450,4.273,0.348,banana,fresh
57562471,56929,92.00,874.20,71.05,0.450,4.273,0.347,banana,fresh
57563483,56930,91.95,874.30,71.10,0.449,4.273,0.348,banana,fresh
57564493,56931,92.00,874.10,71.05,0.450,4.272,0.347,banana,fresh
57565505,56932,92.00,874.20,71.05,0.450,4.273,0.347,banana,fresh
57566516,56933,92.05,874.05,71.05,0.450,4.272,0.347,banana,fresh
57567527,56934,92.05,874.35,71.15,0.450,4.273,0.348,banana,fresh
57568538,56935,92.00,874.30,71.00,0.450,4.273,0.347,banana,fresh
57569549,56936,92.05,874.25,71.30,0.450,4.273,0.348,banana,fresh
57570561,56937,92.00,874.15,71.15,0.450,4.272,0.348,banana,fresh
57571571,56938,92.00,874.20,71.05,0.450,4.273,0.347,banana,fresh
57572583,56939,92.00,874.20,71.15,0.450,4.273,0.348,banana,fresh
57573594,56940,92.00,874.25,71.05,0.450,4.273,0.347,banana,fresh
57574605,56941,92.05,874.30,71.05,0.450,4.273,0.347,banana,fresh
57575616,56942,92.05,874.15,71.05,0.450,4.272,0.347,banana,fresh
57576627,56943,92.00,874.30,71.05,0.450,4.273,0.347,banana,fresh
57577638,56944,91.95,874.15,71.05,0.449,4.272,0.347,banana,fresh
57578649,56945,92.00,874.35,71.00,0.450,4.273,0.347,banana,fresh
57579661,56946,92.00,874.20,71.00,0.450,4.273,0.347,banana,fresh
57580672,56947,91.95,874.20,71.15,0.449,4.273,0.348,banana,fresh
57581683,56948,92.00,874.10,71.05,0.450,4.272,0.347,banana,fresh
57582694,56949,92.00,874.00,71.05,0.450,4.272,0.347,banana,fresh
57583705,56950,92.05,874.20,71.00,0.450,4.273,0.347,banana,fresh
57584716,56951,92.00,874.00,71.00,0.450,4.272,0.347,banana,fresh
57585727,56952,92.00,874.25,71.10,0.450,4.273,0.348,banana,fresh
57586739,56953,92.00,874.35,71.05,0.450,4.273,0.347,banana,fresh
57587749,56954,92.00,874.25,71.00,0.450,4.273,0.347,banana,fresh
57588760,56955,92.05,874.30,71.00,0.450,4.273,0.347,banana,fresh
57589772,56956,92.05,874.15,71.10,0.450,4.272,0.348,banana,fresh
57590782,56957,92.00,874.35,71.05,0.450,4.273,0.347,banana,fresh
57591794,56958,92.00,874.10,71.05,0.450,4.272,0.347,banana,fresh
57592805,56959,92.00,874.05,71.05,0.450,4.272,0.347,banana,fresh
57593817,56960,92.00,874.20,71.10,0.450,4.273,0.348,banana,fresh
57594827,56961,92.05,874.05,71.05,0.450,4.272,0.347,banana,fresh
57595838,56962,92.00,874.30,71.10,0.450,4.273,0.348,banana,fresh
57596850,56963,92.00,874.40,71.00,0.450,4.274,0.347,banana,fresh
57597860,56964,92.00,874.20,71.00,0.450,4.273,0.347,banana,fresh
57598872,56965,92.00,874.05,71.10,0.450,4.272,0.348,banana,fresh
57599883,56966,92.00,874.10,71.00,0.450,4.272,0.347,banana,fresh
57600894,56967,92.00,874.10,71.00,0.450,4.272,0.347,banana,fresh
57601905,56968,92.00,874.15,71.00,0.450,4.272,0.347,banana,fresh
57602916,56969,92.00,874.20,71.10,0.450,4.273,0.348,banana,fresh
57603928,56970,92.00,874.25,71.05,0.450,4.273,0.347,banana,fresh
57604938,56971,92.00,874.20,71.00,0.450,4.273,0.347,banana,fresh
57605950,56972,92.00,874.10,71.10,0.450,4.272,0.348,banana,fresh
57606961,56973,92.05,874.05,71.00,0.450,4.272,0.347,banana,fresh
57607972,56974,92.05,874.25,71.00,0.450,4.273,0.347,banana,fresh
57608983,56975,92.00,874.30,71.15,0.450,4.273,0.348,banana,fresh
57609994,56976,92.00,874.40,71.05,0.450,4.274,0.347,banana,fresh
57611005,56977,92.05,874.20,71.05,0.450,4.273,0.347,banana,fresh
57612016,56978,92.00,874.35,71.15,0.450,4.273,0.348,banana,fresh
57613028,56979,92.00,874.25,71.05,0.450,4.273,0.347,banana,fresh
57614039,56980,92.00,874.25,71.10,0.450,4.273,0.348,banana,fresh
57615050,56981,92.05,874.20,71.05,0.450,4.273,0.347,banana,fresh
57616061,56982,92.05,874.50,71.20,0.450,4.274,0.348,banana,fresh
57617072,56983,92.00,874.35,71.10,0.450,4.273,0.348,banana,fresh
57618083,56984,92.00,874.30,71.05,0.450,4.273,0.347,banana,fresh
57619094,56985,92.00,874.05,71.05,0.450,4.272,0.347,banana,fresh
57620106,56986,92.00,874.30,71.00,0.450,4.273,0.347,banana,fresh
57621116,56987,92.00,874.10,71.00,0.450,4.272,0.347,banana,fresh
57622127,56988,92.05,874.25,71.05,0.450,4.273,0.347,banana,fresh
57623139,56989,92.00,874.30,71.00,0.450,4.273,0.347,banana,fresh
57624150,56990,92.05,874.35,71.00,0.450,4.273,0.347,banana,fresh
57625161,56991,92.00,874.25,71.15,0.450,4.273,0.348,banana,fresh
57626172,56992,92.00,874.30,71.05,0.450,4.273,0.347,banana,fresh
57627184,56993,92.00,874.15,71.10,0.450,4.272,0.348,banana,fresh
57628194,56994,91.95,874.30,71.15,0.449,4.273,0.348,banana,fresh
57629205,56995,92.00,874.30,71.00,0.450,4.273,0.347,banana,fresh
57630217,56996,92.05,874.20,71.05,0.450,4.273,0.347,banana,fresh
57631227,56997,92.00,874.10,71.10,0.450,4.272,0.348,banana,fresh
57632239,56998,92.00,874.05,71.00,0.450,4.272,0.347,banana,fresh
57633250,56999,92.00,874.15,71.00,0.450,4.272,0.347,banana,fresh
57634262,57000,91.95,874.20,71.00,0.449,4.273,0.347,banana,fresh
57635272,57001,92.00,874.15,71.00,0.450,4.272,0.347,banana,fresh
57636283,57002,92.00,874.15,71.00,0.450,4.272,0.347,banana,fresh
57637295,57003,92.00,874.10,71.00,0.450,4.272,0.347,banana,fresh
57638305,57004,92.00,874.20,71.00,0.450,4.273,0.347,banana,fresh
57639317,57005,92.00,874.35,71.10,0.450,4.273,0.348,banana,fresh
57640328,57006,92.00,874.15,71.05,0.450,4.272,0.347,banana,fresh
57641339,57007,92.05,874.15,71.00,0.450,4.272,0.347,banana,fresh
57642350,57008,92.00,874.30,71.05,0.450,4.273,0.347,banana,fresh
57643361,57009,92.00,874.15,71.05,0.450,4.272,0.347,banana,fresh
57644372,57010,92.00,874.20,71.00,0.450,4.273,0.347,banana,fresh
57645383,57011,92.00,874.50,71.10,0.450,4.274,0.348,banana,fresh
57646395,57012,92.05,874.25,71.05,0.450,4.273,0.347,banana,fresh
57647406,57013,92.05,874.25,71.00,0.450,4.273,0.347,banana,fresh
57648417,57014,91.95,874.10,71.05,0.449,4.272,0.347,banana,fresh
57649428,57015,92.05,874.10,71.10,0.450,4.272,0.348,banana,fresh
57650439,57016,92.00,874.15,71.10,0.450,4.272,0.348,banana,fresh
57651450,57017,92.05,874.15,71.05,0.450,4.272,0.347,banana,fresh
57652461,57018,92.00,874.05,71.15,0.450,4.272,0.348,banana,fresh
57653473,57019,92.05,874.20,71.20,0.450,4.273,0.348,banana,fresh
57654483,57020,92.00,874.10,71.00,0.450,4.272,0.347,banana,fresh
57655495,57021,92.00,874.00,71.05,0.450,4.272,0.347,banana,fresh
57656506,57022,91.95,874.10,71.00,0.449,4.272,0.347,banana,fresh
57657517,57023,92.00,874.15,71.00,0.450,4.272,0.347,banana,fresh
57658528,57024,92.05,874.20,71.00,0.450,4.273,0.347,banana,fresh
57659539,57025,92.00,874.20,71.05,0.450,4.273,0.347,banana,fresh
57660551,57026,92.00,874.10,71.00,0.450,4.272,0.347,banana,fresh
57661561,57027,92.00,874.15,71.05,0.450,4.272,0.347,banana,fresh
57662572,57028,92.00,874.05,71.05,0.450,4.272,0.347,banana,fresh
57663584,57029,92.00,874.00,71.00,0.450,4.272,0.347,banana,fresh
57664594,57030,92.00,874.10,71.00,0.450,4.272,0.347,banana,fresh
57665606,57031,92.05,874.10,71.00,0.450,4.272,0.347,banana,fresh
57666617,57032,92.10,874.20,71.10,0.450,4.273,0.348,banana,fresh
57667629,57033,92.00,874.25,71.10,0.450,4.273,0.348,banana,fresh
57668639,57034,92.00,874.25,71.05,0.450,4.273,0.347,banana,fresh
57669650,57035,92.00,874.05,71.05,0.450,4.272,0.347,banana,fresh
57670662,57036,91.95,874.10,71.05,0.449,4.272,0.347,banana,fresh
57671672,57037,92.00,874.10,71.00,0.450,4.272,0.347,banana,fresh
57672684,57038,92.00,874.10,71.00,0.450,4.272,0.347,banana,fresh
57673695,57039,91.95,874.15,71.00,0.449,4.272,0.347,banana,fresh
57674706,57040,92.00,874.10,71.05,0.450,4.272,0.347,banana,fresh
57675717,57041,92.00,874.10,71.00,0.450,4.272,0.347,banana,fresh
57676728,57042,91.95,874.10,71.00,0.449,4.272,0.347,banana,fresh
57677740,57043,92.00,874.15,71.05,0.450,4.272,0.347,banana,fresh
57678750,57044,92.00,874.15,71.00,0.450,4.272,0.347,banana,fresh
57679762,57045,92.05,874.20,71.05,0.450,4.273,0.347,banana,fresh
57680773,57046,92.05,874.15,71.00,0.450,4.272,0.347,banana,fresh
57681783,57047,92.00,874.15,71.05,0.450,4.272,0.347,banana,fresh
57682795,57048,92.00,874.10,71.05,0.450,4.272,0.347,banana,fresh
57683806,57049,92.00,874.20,71.15,0.450,4.273,0.348,banana,fresh
57684817,57050,92.00,874.05,71.00,0.450,4.272,0.347,banana,fresh
57685828,57051,91.95,874.15,71.00,0.449,4.272,0.347,banana,fresh
57686840,57052,92.00,874.20,71.10,0.450,4.273,0.348,banana,fresh
57687851,57053,92.00,874.05,71.05,0.450,4.272,0.347,banana,fresh
57688861,57054,92.05,874.05,71.05,0.450,4.272,0.347,banana,fresh
57689873,57055,92.00,874.10,71.05,0.450,4.272,0.347,banana,fresh
57690884,57056,92.00,874.15,71.00,0.450,4.272,0.347,banana,fresh
57691895,57057,92.00,874.20,71.00,0.450,4.273,0.347,banana,fresh
57692906,57058,92.00,874.10,71.00,0.450,4.272,0.347,banana,fresh
57693918,57059,92.05,874.15,71.05,0.450,4.272,0.347,banana,fresh
57694928,57060,92.00,874.05,71.05,0.450,4.272,0.347,banana,fresh
57695939,57061,92.00,874.10,71.00,0.450,4.272,0.347,banana,fresh
57696951,57062,91.90,874.10,71.05,0.449,4.272,0.347,banana,fresh
57697961,57063,92.00,874.10,71.00,0.450,4.272,0.347,banana,fresh
57698973,57064,92.05,874.10,71.00,0.450,4.272,0.347,banana,fresh
57699984,57065,92.00,874.25,71.05,0.450,4.273,0.347,banana,fresh
57700996,57066,92.00,874.15,71.00,0.450,4.272,0.347,banana,fresh
57702006,57067,92.00,874.15,71.00,0.450,4.272,0.347,banana,fresh
57703017,57068,92.00,874.25,71.00,0.450,4.273,0.347,banana,fresh
57704029,57069,92.05,874.20,71.05,0.450,4.273,0.347,banana,fresh
57705039,57070,92.00,874.10,71.05,0.450,4.272,0.347,banana,fresh
57706051,57071,92.00,874.15,71.05,0.450,4.272,0.347,banana,fresh
57707062,57072,92.00,874.20,71.15,0.450,4.273,0.348,banana,fresh
57708072,57073,92.00,874.05,71.00,0.450,4.272,0.347,banana,fresh
57709084,57074,92.00,874.10,71.05,0.450,4.272,0.347,banana,fresh
57710095,57075,91.90,874.00,71.15,0.449,4.272,0.348,banana,fresh
57711107,57076,92.00,874.15,71.05,0.450,4.272,0.347,banana,fresh
57712117,57077,92.00,874.15,71.05,0.450,4.272,0.347,banana,fresh
57713129,57078,92.10,874.00,71.00,0.450,4.272,0.347,banana,fresh
57714140,57079,92.00,874.05,71.00,0.450,4.272,0.347,banana,fresh
57715150,57080,92.00,874.05,71.00,0.450,4.272,0.347,banana,fresh
57716162,57081,91.95,874.05,71.00,0.449,4.272,0.347,banana,fresh
57717173,57082,92.00,874.10,71.05,0.450,4.272,0.347,banana,fresh
57718184,57083,92.00,874.10,71.05,0.450,4.272,0.347,banana,fresh
57719195,57084,91.95,874.10,71.05,0.449,4.272,0.347,banana,fresh
57720207,57085,92.00,874.15,71.00,0.450,4.272,0.347,banana,fresh
57721218,57086,92.00,874.05,71.00,0.450,4.272,0.347,banana,fresh
57722228,57087,91.95,874.10,71.00,0.449,4.272,0.347,banana,fresh
57723240,57088,92.00,874.00,71.00,0.450,4.272,0.347,banana,fresh
57724251,57089,92.00,874.10,71.05,0.450,4.272,0.347,banana,fresh
57725262,57090,92.00,874.05,71.00,0.450,4.272,0.347,banana,fresh
57726273,57091,92.00,874.00,71.00,0.450,4.272,0.347,banana,fresh
57727284,57092,92.05,874.10,71.00,0.450,4.272,0.347,banana,fresh
57728295,57093,91.95,874.05,71.00,0.449,4.272,0.347,banana,fresh
57729306,57094,91.95,874.10,71.00,0.449,4.272,0.347,banana,fresh
57730318,57095,91.95,874.05,71.05,0.449,4.272,0.347,banana,fresh
57731329,57096,92.00,874.05,71.05,0.450,4.272,0.347,banana,fresh
57732340,57097,92.00,874.05,71.05,0.450,4.272,0.347,banana,fresh
57733351,57098,91.95,874.05,71.00,0.449,4.272,0.347,banana,fresh
57734362,57099,92.00,874.05,71.00,0.450,4.272,0.347,banana,fresh
57735373,57100,92.00,874.10,71.00,0.450,4.272,0.347,banana,fresh
57736384,57101,91.90,874.10,71.00,0.449,4.272,0.347,banana,fresh
57737396,57102,91.95,874.00,71.00,0.449,4.272,0.347,banana,fresh
57738406,57103,91.95,874.00,71.10,0.449,4.272,0.348,banana,fresh
57739417,57104,92.00,874.05,71.05,0.450,4.272,0.347,banana,fresh
57740429,57105,92.00,874.10,71.05,0.450,4.272,0.347,banana,fresh
57741440,57106,91.95,874.00,71.00,0.449,4.272,0.347,banana,fresh
57742451,57107,92.00,874.05,71.05,0.450,4.272,0.347,banana,fresh
57743462,57108,92.00,874.00,71.00,0.450,4.272,0.347,banana,fresh
57744474,57109,92.00,874.05,71.00,0.450,4.272,0.347,banana,fresh
57745484,57110,91.95,874.05,71.00,0.449,4.272,0.347,banana,fresh
57746495,57111,92.00,874.00,71.00,0.450,4.272,0.347,banana,fresh
57747507,57112,91.95,874.05,71.00,0.449,4.272,0.347,banana,fresh
57748517,57113,91.90,874.00,71.05,0.449,4.272,0.347,banana,fresh
57749529,57114,92.00,874.10,71.05,0.450,4.272,0.347,banana,fresh
57750540,57115,92.00,874.10,71.00,0.450,4.272,0.347,banana,fresh
57751552,57116,92.00,874.00,71.05,0.450,4.272,0.347,banana,fresh
57752562,57117,91.90,874.00,71.05,0.449,4.272,0.347,banana,fresh
57753573,57118,92.00,874.10,71.05,0.450,4.272,0.347,banana,fresh
57754585,57119,91.95,874.00,71.10,0.449,4.272,0.348,banana,fresh
57755595,57120,92.00,874.10,71.05,0.450,4.272,0.347,banana,fresh
57756607,57121,92.00,874.00,71.00,0.450,4.272,0.347,banana,fresh
57757618,57122,91.85,874.00,71.05,0.449,4.272,0.347,banana,fresh
57758629,57123,91.95,874.00,71.00,0.449,4.272,0.347,banana,fresh
57759640,57124,92.00,874.10,71.00,0.450,4.272,0.347,banana,fresh
57760651,57125,91.95,874.00,71.00,0.449,4.272,0.347,banana,fresh
57761662,57126,91.90,874.00,71.00,0.449,4.272,0.347,banana,fresh
57762673,57127,91.95,874.00,71.00,0.449,4.272,0.347,banana,fresh
57763685,57128,91.95,874.10,71.00,0.449,4.272,0.347,banana,fresh
57764696,57129,92.00,874.00,71.00,0.450,4.272,0.347,banana,fresh
57765706,57130,91.95,874.05,71.00,0.449,4.272,0.347,banana,fresh
57766718,57131,91.95,874.00,71.00,0.449,4.272,0.347,banana,fresh
57767729,57132,91.95,874.00,71.00,0.449,4.272,0.347,banana,fresh
57768740,57133,91.85,874.00,71.00,0.449,4.272,0.347,banana,fresh
57769751,57134,91.95,874.00,71.00,0.449,4.272,0.347,banana,fresh
57770763,57135,91.95,874.05,71.00,0.449,4.272,0.347,banana,fresh
57771773,57136,91.95,874.00,71.00,0.449,4.272,0.347,banana,fresh
57772784,57137,92.00,874.00,71.00,0.450,4.272,0.347,banana,fresh
57773796,57138,92.00,874.00,71.00,0.450,4.272,0.347,banana,fresh
57774807,57139,91.90,874.05,71.05,0.449,4.272,0.347,banana,fresh
57775818,57140,92.00,874.00,71.05,0.450,4.272,0.347,banana,fresh
57776829,57141,92.00,874.05,71.00,0.450,4.272,0.347,banana,fresh
57777841,57142,91.95,874.00,71.00,0.449,4.272,0.347,banana,fresh
57778851,57143,91.95,874.00,71.00,0.449,4.272,0.347,banana,fresh
57779862,57144,91.95,874.00,71.00,0.449,4.272,0.347,banana,fresh
57780874,57145,91.90,874.00,71.00,0.449,4.272,0.347,banana,fresh
57781884,57146,91.95,874.05,71.00,0.449,4.272,0.347,banana,fresh
57782896,57147,91.90,874.00,71.00,0.449,4.272,0.347,banana,fresh
57783907,57148,92.00,874.10,71.00,0.450,4.272,0.347,banana,fresh
57784918,57149,92.00,874.05,70.95,0.450,4.272,0.347,banana,fresh
57785929,57150,92.00,874.05,71.00,0.450,4.272,0.347,banana,fresh
57786940,57151,91.95,874.05,71.05,0.449,4.272,0.347,banana,fresh
57787952,57152,92.00,874.10,71.00,0.450,4.272,0.347,banana,fresh
57788962,57153,91.95,874.05,71.00,0.449,4.272,0.347,banana,fresh
57789974,57154,92.00,874.00,71.00,0.450,4.272,0.347,banana,fresh
57790985,57155,91.85,874.00,71.00,0.449,4.272,0.347,banana,fresh
57791995,57156,91.95,874.00,71.00,0.449,4.272,0.347,banana,fresh
57793007,57157,91.95,874.00,71.05,0.449,4.272,0.347,banana,fresh
57794018,57158,91.95,874.00,71.00,0.449,4.272,0.347,banana,fresh
57795030,57159,91.90,874.00,70.95,0.449,4.272,0.347,banana,fresh
57796040,57160,92.00,874.05,71.00,0.450,4.272,0.347,banana,fresh
57797052,57161,91.95,874.00,71.00,0.449,4.272,0.347,banana,fresh
57798063,57162,91.85,874.05,71.00,0.449,4.272,0.347,banana,fresh
57799073,57163,91.85,874.00,70.95,0.449,4.272,0.347,banana,fresh
57800085,57164,92.00,874.00,70.95,0.450,4.272,0.347,banana,fresh
57801096,57165,91.95,874.05,71.00,0.449,4.272,0.347,banana,fresh
57802107,57166,91.95,874.00,71.00,0.449,4.272,0.347,banana,fresh
57803118,57167,92.00,874.00,71.00,0.450,4.272,0.347,banana,fresh
57804130,57168,91.95,874.00,71.00,0.449,4.272,0.347,banana,fresh
57805140,57169,92.00,874.00,70.95,0.450,4.272,0.347,banana,fresh
57806151,57170,92.00,874.05,71.00,0.450,4.272,0.347,banana,fresh
57807163,57171,91.90,874.20,71.00,0.449,4.273,0.347,banana,fresh
57808174,57172,91.95,874.00,71.05,0.449,4.272,0.347,banana,fresh
57809185,57173,91.95,874.10,71.05,0.449,4.272,0.347,banana,fresh
57810196,57174,91.90,874.10,71.00,0.449,4.272,0.347,banana,fresh
57811208,57175,92.00,874.00,71.05,0.450,4.272,0.347,banana,fresh
57812218,57176,91.95,874.00,71.00,0.449,4.272,0.347,banana,fresh
57813229,57177,92.00,874.05,71.00,0.450,4.272,0.347,banana,fresh
57814241,57178,92.00,874.10,71.00,0.450,4.272,0.347,banana,fresh
57815251,57179,91.90,874.00,71.05,0.449,4.272,0.347,banana,fresh
57816263,57180,92.00,874.05,71.10,0.450,4.272,0.348,banana,fresh
57817274,57181,91.95,874.00,71.05,0.449,4.272,0.347,banana,fresh
57818285,57182,92.00,874.00,71.00,0.450,4.272,0.347,banana,fresh
57819296,57183,92.00,874.00,71.05,0.450,4.272,0.347,banana,fresh
57820307,57184,91.95,874.10,71.00,0.449,4.272,0.347,banana,fresh
57821319,57185,92.00,874.00,71.10,0.450,4.272,0.348,banana,fresh
57822329,57186,92.00,874.05,71.15,0.450,4.272,0.348,banana,fresh
57823341,57187,92.00,874.05,71.00,0.450,4.272,0.347,banana,fresh
57824352,57188,92.00,874.15,71.05,0.450,4.272,0.347,banana,fresh
57825362,57189,92.05,874.05,71.00,0.450,4.272,0.347,banana,fresh
57826374,57190,92.00,874.10,71.00,0.450,4.272,0.347,banana,fresh
57827385,57191,91.95,874.10,71.10,0.449,4.272,0.348,banana,fresh
57828397,57192,92.00,874.05,71.05,0.450,4.272,0.347,banana,fresh
57829407,57193,92.00,874.10,71.00,0.450,4.272,0.347,banana,fresh
57830418,57194,92.00,874.15,71.00,0.450,4.272,0.347,banana,fresh
57831430,57195,92.00,874.10,71.00,0.450,4.272,0.347,banana,fresh
57832440,57196,91.95,874.00,71.00,0.449,4.272,0.347,banana,fresh
57833452,57197,92.00,874.05,71.00,0.450,4.272,0.347,banana,fresh
57834463,57198,92.05,874.10,71.00,0.450,4.272,0.347,banana,fresh
57835474,57199,92.05,874.00,71.00,0.450,4.272,0.347,banana,fresh
57836485,57200,91.95,874.00,71.10,0.449,4.272,0.348,banana,fresh
57837496,57201,92.10,874.05,71.15,0.450,4.272,0.348,banana,fresh
57838508,57202,92.00,874.00,71.15,0.450,4.272,0.348,banana,fresh
57839518,57203,92.00,874.05,71.05,0.450,4.272,0.347,banana,fresh
57840530,57204,92.00,874.05,71.10,0.450,4.272,0.348,banana,fresh
57841541,57205,92.00,874.10,71.10,0.450,4.272,0.348,banana,fresh
57842552,57206,92.00,874.05,71.05,0.450,4.272,0.347,banana,fresh
57843563,57207,92.00,874.05,71.00,0.450,4.272,0.347,banana,fresh
57844574,57208,92.00,874.00,71.10,0.450,4.272,0.348,banana,fresh
57845585,57209,92.05,874.00,71.00,0.450,4.272,0.347,banana,fresh
57846596,57210,92.10,874.15,71.05,0.450,4.272,0.347,banana,fresh
57847608,57211,92.05,874.15,71.05,0.450,4.272,0.347,banana,fresh
57848619,57212,92.00,874.05,71.00,0.450,4.272,0.347,banana,fresh
57849629,57213,92.00,874.05,71.00,0.450,4.272,0.347,banana,fresh
57850641,57214,92.05,874.05,71.10,0.450,4.272,0.348,banana,fresh
57851652,57215,92.00,874.00,71.10,0.450,4.272,0.348,banana,fresh
57852663,57216,92.05,874.00,71.00,0.450,4.272,0.347,banana,fresh
57853674,57217,92.00,874.05,71.05,0.450,4.272,0.347,banana,fresh
57854686,57218,92.05,874.10,71.00,0.450,4.272,0.347,banana,fresh
57855696,57219,92.00,874.00,71.00,0.450,4.272,0.347,banana,fresh
57856707,57220,92.00,874.05,71.00,0.450,4.272,0.347,banana,fresh
57857719,57221,91.95,874.05,71.15,0.449,4.272,0.348,banana,fresh
57858729,57222,92.05,874.00,71.00,0.450,4.272,0.347,banana,fresh
57859741,57223,92.05,874.10,71.00,0.450,4.272,0.347,banana,fresh
57860752,57224,92.00,874.10,71.10,0.450,4.272,0.348,banana,fresh
57861763,57225,92.00,874.05,71.05,0.450,4.272,0.347,banana,fresh
57862774,57226,92.00,874.05,71.05,0.450,4.272,0.347,banana,fresh
57863785,57227,92.00,874.00,71.00,0.450,4.272,0.347,banana,fresh
57864797,57228,92.10,874.05,71.05,0.450,4.272,0.347,banana,fresh
57865807,57229,92.00,874.10,71.00,0.450,4.272,0.347,banana,fresh
57866819,57230,92.00,874.10,71.05,0.450,4.272,0.347,banana,fresh
57867830,57231,92.00,874.10,71.05,0.450,4.272,0.347,banana,fresh
57868840,57232,92.00,874.00,71.05,0.450,4.272,0.347,banana,fresh
57869852,57233,92.00,874.00,71.10,0.450,4.272,0.348,banana,fresh
57870863,57234,92.00,874.00,71.15,0.450,4.272,0.348,banana,fresh
57871875,57235,92.15,874.15,71.00,0.450,4.272,0.347,banana,fresh
57872885,57236,92.00,874.10,71.10,0.450,4.272,0.348,banana,fresh
57873897,57237,92.05,874.05,71.00,0.450,4.272,0.347,banana,fresh
57874908,57238,92.05,874.00,71.00,0.450,4.272,0.347,banana,fresh
57875918,57239,92.05,874.00,71.00,0.450,4.272,0.347,banana,fresh
57876930,57240,92.00,874.00,71.00,0.450,4.272,0.347,banana,fresh
57877941,57241,92.00,874.00,71.05,0.450,4.272,0.347,banana,fresh
57878952,57242,92.05,874.00,70.95,0.450,4.272,0.347,banana,fresh
57879963,57243,91.95,874.10,71.05,0.449,4.272,0.347,banana,fresh
57880974,57244,92.05,874.00,71.00,0.450,4.272,0.347,banana,fresh
57881986,57245,91.95,874.05,71.15,0.449,4.272,0.348,banana,fresh
57882996,57246,92.00,874.05,71.05,0.450,4.272,0.347,banana,fresh
57884008,57247,92.05,874.00,71.00,0.450,4.272,0.347,banana,fresh
57885019,57248,92.00,874.05,71.05,0.450,4.272,0.347,banana,fresh
57886030,57249,92.00,874.05,71.05,0.450,4.272,0.347,banana,fresh
57887041,57250,92.05,874.00,71.05,0.450,4.272,0.347,banana,fresh
57888052,57251,91.95,874.00,71.00,0.449,4.272,0.347,banana,fresh
57889063,57252,92.00,874.00,71.05,0.450,4.272,0.347,banana,fresh
57890074,57253,92.00,874.00,71.00,0.450,4.272,0.347,banana,fresh
57891086,57254,92.00,874.10,71.00,0.450,4.272,0.347,banana,fresh
57892097,57255,92.05,874.05,71.05,0.450,4.272,0.347,banana,fresh
57893108,57256,92.00,874.00,71.05,0.450,4.272,0.347,banana,fresh
57894119,57257,92.00,874.05,71.00,0.450,4.272,0.347,banana,fresh
57895130,57258,92.00,874.00,71.05,0.450,4.272,0.347,banana,fresh
57896141,57259,92.05,874.10,71.05,0.450,4.272,0.347,banana,fresh
57897152,57260,92.00,874.00,71.00,0.450,4.272,0.347,banana,fresh
57898164,57261,92.00,874.10,71.00,0.450,4.272,0.347,banana,fresh
57899174,57262,92.00,874.00,71.05,0.450,4.272,0.347,banana,fresh
57900185,57263,92.00,874.00,71.05,0.450,4.272,0.347,banana,fresh
57901197,57264,91.95,874.00,71.00,0.449,4.272,0.347,banana,fresh
57902208,57265,92.05,874.05,71.00,0.450,4.272,0.347,banana,fresh
57903219,57266,92.00,874.00,71.00,0.450,4.272,0.347,banana,fresh
57904230,57267,92.00,874.00,71.05,0.450,4.272,0.347,banana,fresh
57905242,57268,92.05,874.00,71.00,0.450,4.272,0.347,banana,fresh
57906252,57269,92.00,874.00,71.00,0.450,4.272,0.347,banana,fresh
57907263,57270,92.00,874.00,71.00,0.450,4.272,0.347,banana,fresh
57908275,57271,92.00,874.00,71.00,0.450,4.272,0.347,banana,fresh
57909285,57272,92.00,874.05,71.00,0.450,4.272,0.347,banana,fresh
57910297,57273,92.00,874.00,71.00,0.450,4.272,0.347,banana,fresh
57911308,57274,92.00,874.05,71.05,0.450,4.272,0.347,banana,fresh
57912318,57275,92.00,874.00,71.05,0.450,4.272,0.347,banana,fresh
57913330,57276,92.00,874.05,71.00,0.450,4.272,0.347,banana,fresh
57914341,57277,92.00,874.00,71.00,0.450,4.272,0.347,banana,fresh
57915353,57278,91.95,874.10,71.00,0.449,4.272,0.347,banana,fresh
57916363,57279,92.00,874.10,71.00,0.450,4.272,0.347,banana,fresh
57917375,57280,92.05,874.00,71.00,0.450,4.272,0.347,banana,fresh
57918386,57281,91.95,874.00,71.00,0.449,4.272,0.347,banana,fresh
57919396,57282,92.05,874.00,71.05,0.450,4.272,0.347,banana,fresh
57920408,57283,92.00,874.05,71.00,0.450,4.272,0.347,banana,fresh
57921419,57284,92.00,874.00,71.00,0.450,4.272,0.347,banana,fresh
57922430,57285,92.00,874.00,71.00,0.450,4.272,0.347,banana,fresh
57923441,57286,92.00,874.10,71.00,0.450,4.272,0.347,banana,fresh
57924452,57287,92.00,874.00,71.00,0.450,4.272,0.347,banana,fresh
57925464,57288,92.00,874.00,71.00,0.450,4.272,0.347,banana,fresh
57926474,57289,91.95,874.00,71.00,0.449,4.272,0.347,banana,fresh
57927486,57290,92.00,874.15,71.00,0.450,4.272,0.347,banana,fresh
57928497,57291,92.05,874.00,71.10,0.450,4.272,0.348,banana,fresh
57929508,57292,92.00,874.00,71.00,0.450,4.272,0.347,banana,fresh
57930519,57293,91.95,874.00,71.00,0.449,4.272,0.347,banana,fresh
57931530,57294,92.00,874.00,71.05,0.450,4.272,0.347,banana,fresh
57932541,57295,92.05,874.05,71.00,0.450,4.272,0.347,banana,fresh
57933552,57296,92.00,874.00,71.00,0.450,4.272,0.347,banana,fresh
57934564,57297,92.00,874.00,71.05,0.450,4.272,0.347,banana,fresh
57935575,57298,92.00,874.00,71.00,0.450,4.272,0.347,banana,fresh
57936585,57299,92.00,874.00,71.00,0.450,4.272,0.347,banana,fresh
57937597,57300,91.95,874.00,71.00,0.449,4.272,0.347,banana,fresh
57938608,57301,92.00,874.00,71.05,0.450,4.272,0.347,banana,fresh
57939619,57302,92.00,874.05,71.00,0.450,4.272,0.347,banana,fresh
57940630,57303,92.00,874.00,71.05,0.450,4.272,0.347,banana,fresh
57941642,57304,92.00,874.00,71.00,0.450,4.272,0.347,banana,fresh
57942652,57305,92.00,874.05,71.00,0.450,4.272,0.347,banana,fresh
57943663,57306,92.00,874.00,71.00,0.450,4.272,0.347,banana,fresh
57944675,57307,92.00,874.05,71.00,0.450,4.272,0.347,banana,fresh
57945686,57308,92.05,874.00,71.00,0.450,4.272,0.347,banana,fresh
57946697,57309,91.95,874.00,71.00,0.449,4.272,0.347,banana,fresh
57947708,57310,91.95,874.00,71.05,0.449,4.272,0.347,banana,fresh
57948719,57311,92.00,874.00,71.00,0.450,4.272,0.347,banana,fresh
57949730,57312,92.00,874.05,71.00,0.450,4.272,0.347,banana,fresh
57950741,57313,92.00,874.00,71.00,0.450,4.272,0.347,banana,fresh
57951753,57314,92.00,874.00,71.00,0.450,4.272,0.347,banana,fresh
57952763,57315,92.00,874.00,71.00,0.450,4.272,0.347,banana,fresh
57953775,57316,92.00,874.00,71.00,0.450,4.272,0.347,banana,fresh
57954786,57317,92.00,874.00,71.05,0.450,4.272,0.347,banana,fresh
57955796,57318,92.00,874.00,71.00,0.450,4.272,0.347,banana,fresh
57956808,57319,92.00,874.00,71.00,0.450,4.272,0.347,banana,fresh
57957819,57320,92.00,874.00,71.00,0.450,4.272,0.347,banana,fresh
57958831,57321,92.00,874.00,71.00,0.450,4.272,0.347,banana,fresh
57959841,57322,92.00,874.00,71.00,0.450,4.272,0.347,banana,fresh
57960852,57323,92.00,874.00,71.00,0.450,4.272,0.347,banana,fresh
57961864,57324,91.95,874.00,71.00,0.449,4.272,0.347,banana,fresh
57962874,57325,92.00,874.05,70.95,0.450,4.272,0.347,banana,fresh
57963886,57326,92.00,874.00,71.00,0.450,4.272,0.347,banana,fresh
57964897,57327,91.95,874.00,71.00,0.449,4.272,0.347,banana,fresh
57965907,57328,92.00,874.00,71.00,0.450,4.272,0.347,banana,fresh
57966919,57329,92.00,874.00,71.00,0.450,4.272,0.347,banana,fresh
57967930,57330,92.00,874.05,71.00,0.450,4.272,0.347,banana,fresh
57968942,57331,92.00,874.00,71.00,0.450,4.272,0.347,banana,fresh
57969952,57332,92.00,874.00,71.05,0.450,4.272,0.347,banana,fresh
57970964,57333,92.00,874.00,71.00,0.450,4.272,0.347,banana,fresh
57971975,57334,91.95,874.00,71.05,0.449,4.272,0.347,banana,fresh
57972985,57335,92.05,873.95,71.00,0.450,4.272,0.347,banana,fresh
57973997,57336,92.00,874.05,71.00,0.450,4.272,0.347,banana,fresh
57975008,57337,92.00,874.00,71.00,0.450,4.272,0.347,banana,fresh
57976019,57338,92.00,874.00,71.00,0.450,4.272,0.347,banana,fresh
57977030,57339,92.00,873.95,71.00,0.450,4.272,0.347,banana,fresh
57978041,57340,92.00,874.00,71.05,0.450,4.272,0.347,banana,fresh
57979053,57341,92.05,874.00,71.00,0.450,4.272,0.347,banana,fresh
57980063,57342,92.05,874.00,71.00,0.450,4.272,0.347,banana,fresh
57981075,57343,92.00,874.00,71.00,0.450,4.272,0.347,banana,fresh
57982086,57344,92.00,874.00,70.95,0.450,4.272,0.347,banana,fresh
57983097,57345,92.00,874.00,71.00,0.450,4.272,0.347,banana,fresh
57984108,57346,91.95,873.95,71.00,0.449,4.272,0.347,banana,fresh
57985119,57347,92.00,874.00,71.00,0.450,4.272,0.347,banana,fresh
57986130,57348,92.00,874.00,71.00,0.450,4.272,0.347,banana,fresh
57987141,57349,92.00,874.00,71.00,0.450,4.272,0.347,banana,fresh
57988153,57350,92.00,873.95,71.00,0.450,4.272,0.347,banana,fresh
57989164,57351,92.00,874.00,71.00,0.450,4.272,0.347,banana,fresh
57990174,57352,91.95,874.00,71.05,0.449,4.272,0.347,banana,fresh
57991186,57353,92.00,874.00,71.00,0.450,4.272,0.347,banana,fresh
57992197,57354,92.00,874.00,71.00,0.450,4.272,0.347,banana,fresh
57993208,57355,92.00,874.00,71.00,0.450,4.272,0.347,banana,fresh
57994219,57356,92.00,874.00,71.00,0.450,4.272,0.347,banana,fresh
57995230,57357,92.00,873.95,71.00,0.450,4.272,0.347,banana,fresh
57996241,57358,92.00,874.00,71.00,0.450,4.272,0.347,banana,fresh
57997252,57359,92.00,874.05,70.95,0.450,4.272,0.347,banana,fresh
57998264,57360,92.00,874.00,71.00,0.450,4.272,0.347,banana,fresh
57999275,57361,91.95,874.00,71.00,0.449,4.272,0.347,banana,fresh
58000286,57362,92.00,874.00,71.00,0.450,4.272,0.347,banana,fresh
58001297,57363,92.00,874.00,71.00,0.450,4.272,0.347,banana,fresh
58002308,57364,92.00,874.00,71.00,0.450,4.272,0.347,banana,fresh
58003319,57365,91.85,874.00,71.00,0.449,4.272,0.347,banana,fresh
58004330,57366,92.00,873.95,70.95,0.450,4.272,0.347,banana,fresh
58005342,57367,91.95,874.05,71.00,0.449,4.272,0.347,banana,fresh
58006352,57368,91.95,874.00,70.95,0.449,4.272,0.347,banana,fresh
58007363,57369,91.85,874.00,71.00,0.449,4.272,0.347,banana,fresh
58008375,57370,92.00,874.00,71.00,0.450,4.272,0.347,banana,fresh
58009385,57371,91.90,874.05,71.00,0.449,4.272,0.347,banana,fresh
58010397,57372,92.00,874.00,71.00,0.450,4.272,0.347,banana,fresh
58011408,57373,91.95,874.00,71.00,0.449,4.272,0.347,banana,fresh
58012420,57374,91.95,874.00,70.95,0.449,4.272,0.347,banana,fresh
58013430,57375,92.00,874.00,71.00,0.450,4.272,0.347,banana,fresh
58014441,57376,92.00,874.00,71.00,0.450,4.272,0.347,banana,fresh
58015453,57377,92.00,874.00,71.00,0.450,4.272,0.347,banana,fresh
58016463,57378,91.95,873.95,71.00,0.449,4.272,0.347,banana,fresh
58017475,57379,92.00,874.00,71.00,0.450,4.272,0.347,banana,fresh
58018486,57380,92.00,873.95,70.95,0.450,4.272,0.347,banana,fresh
58019496,57381,91.95,873.95,71.00,0.449,4.272,0.347,banana,fresh
58020508,57382,91.95,874.00,71.00,0.449,4.272,0.347,banana,fresh
58021519,57383,92.00,874.00,71.00,0.450,4.272,0.347,banana,fresh
58022531,57384,91.95,874.00,71.00,0.449,4.272,0.347,banana,fresh
58023541,57385,92.00,874.00,70.95,0.450,4.272,0.347,banana,fresh
58024553,57386,91.95,874.00,71.00,0.449,4.272,0.347,banana,fresh
58025564,57387,92.00,874.00,71.00,0.450,4.272,0.347,banana,fresh
58026574,57388,91.95,874.00,71.00,0.449,4.272,0.347,banana,fresh
58027586,57389,91.90,874.00,71.00,0.449,4.272,0.347,banana,fresh
58028597,57390,91.90,874.00,71.00,0.449,4.272,0.347,banana,fresh
58029608,57391,91.95,873.95,71.00,0.449,4.272,0.347,banana,fresh
58030619,57392,91.95,874.00,71.00,0.449,4.272,0.347,banana,fresh
58031631,57393,91.95,873.95,71.00,0.449,4.272,0.347,banana,fresh
58032642,57394,91.90,874.00,71.00,0.449,4.272,0.347,banana,fresh
58033652,57395,91.90,873.95,70.95,0.449,4.272,0.347,banana,fresh
58034664,57396,91.95,874.00,71.00,0.449,4.272,0.347,banana,fresh
58035675,57397,91.95,874.00,71.00,0.449,4.272,0.347,banana,fresh
58036686,57398,91.95,874.00,71.00,0.449,4.272,0.347,banana,fresh
58037697,57399,91.95,874.00,71.00,0.449,4.272,0.347,banana,fresh
58038709,57400,91.95,874.00,70.95,0.449,4.272,0.347,banana,fresh
58039719,57401,91.95,874.00,70.95,0.449,4.272,0.347,banana,fresh
58040730,57402,92.00,874.00,70.95,0.450,4.272,0.347,banana,fresh
58041742,57403,91.90,874.00,71.00,0.449,4.272,0.347,banana,fresh
58042753,57404,91.95,873.95,71.00,0.449,4.272,0.347,banana,fresh
58043764,57405,91.95,873.95,70.95,0.449,4.272,0.347,banana,fresh
58044775,57406,91.90,873.95,70.95,0.449,4.272,0.347,banana,fresh
58045787,57407,91.90,873.95,71.00,0.449,4.272,0.347,banana,fresh
58046797,57408,92.00,874.00,71.00,0.450,4.272,0.347,banana,fresh
58047808,57409,91.95,874.00,71.00,0.449,4.272,0.347,banana,fresh
58048820,57410,92.00,873.95,70.95,0.450,4.272,0.347,banana,fresh
58049830,57411,91.95,873.95,71.00,0.449,4.272,0.347,banana,fresh
58050842,57412,91.90,873.95,71.00,0.449,4.272,0.347,banana,fresh
58051853,57413,91.95,874.00,70.95,0.449,4.272,0.347,banana,fresh
58052865,57414,91.90,874.00,71.00,0.449,4.272,0.347,banana,fresh
58053875,57415,91.90,873.90,71.00,0.449,4.271,0.347,banana,fresh
58054886,57416,91.95,874.00,70.95,0.449,4.272,0.347,banana,fresh
58055898,57417,91.90,874.00,71.00,0.449,4.272,0.347,banana,fresh
58056908,57418,91.90,873.95,71.00,0.449,4.272,0.347,banana,fresh
58057920,57419,91.85,873.95,71.00,0.449,4.272,0.347,banana,fresh
58058931,57420,91.95,873.95,71.00,0.449,4.272,0.347,banana,fresh
58059942,57421,91.90,873.95,71.00,0.449,4.272,0.347,banana,fresh
58060953,57422,91.85,874.00,71.00,0.449,4.272,0.347,banana,fresh
58061964,57423,92.00,874.00,71.00,0.450,4.272,0.347,banana,fresh
58062976,57424,91.95,873.95,71.00,0.449,4.272,0.347,banana,fresh
58063986,57425,91.85,874.00,71.00,0.449,4.272,0.347,banana,fresh
58064998,57426,91.95,874.00,70.95,0.449,4.272,0.347,banana,fresh
58066009,57427,92.00,873.95,70.95,0.450,4.272,0.347,banana,fresh
58067020,57428,92.00,873.95,70.95,0.450,4.272,0.347,banana,fresh
58068031,57429,91.90,874.00,71.00,0.449,4.272,0.347,banana,fresh
58069042,57430,91.90,874.00,70.95,0.449,4.272,0.347,banana,fresh
58070053,57431,91.95,873.90,70.95,0.449,4.271,0.347,banana,fresh
58071064,57432,91.90,873.85,71.00,0.449,4.271,0.347,banana,fresh
58072076,57433,91.90,873.90,71.00,0.449,4.271,0.347,banana,fresh
58073086,57434,91.85,873.90,70.95,0.449,4.271,0.347,banana,fresh
58074098,57435,92.00,873.90,71.00,0.450,4.271,0.347,banana,fresh
58075109,57436,91.80,874.00,71.00,0.449,4.272,0.347,banana,fresh
58076120,57437,91.95,873.90,70.95,0.449,4.271,0.347,banana,fresh
58077131,57438,91.95,873.95,70.85,0.449,4.272,0.346,banana,fresh
58078142,57439,91.90,874.00,70.95,0.449,4.272,0.347,banana,fresh
58079154,57440,91.95,873.90,70.90,0.449,4.271,0.347,banana,fresh
58080164,57441,91.85,873.95,71.00,0.449,4.272,0.347,banana,fresh
58081176,57442,91.95,873.95,71.00,0.449,4.272,0.347,banana,fresh
58082187,57443,91.85,874.00,71.00,0.449,4.272,0.347,banana,fresh
58083197,57444,91.80,873.90,71.00,0.449,4.271,0.347,banana,fresh
58084209,57445,91.90,874.00,71.00,0.449,4.272,0.347,banana,fresh
58085220,57446,91.85,874.00,71.00,0.449,4.272,0.347,banana,fresh
58086232,57447,91.90,873.90,70.95,0.449,4.271,0.347,banana,fresh
58087242,57448,91.85,873.95,70.90,0.449,4.272,0.347,banana,fresh
58088254,57449,91.70,873.95,70.95,0.448,4.272,0.347,banana,fresh
58089265,57450,91.80,874.00,70.90,0.449,4.272,0.347,banana,fresh
58090275,57451,91.85,873.95,70.95,0.449,4.272,0.347,banana,fresh
58091287,57452,91.95,874.00,70.95,0.449,4.272,0.347,banana,fresh
58092298,57453,91.95,873.90,71.00,0.449,4.271,0.347,banana,fresh
58093309,57454,91.95,874.00,71.00,0.449,4.272,0.347,banana,fresh
58094320,57455,91.80,873.85,71.00,0.449,4.271,0.347,banana,fresh
58095332,57456,92.00,873.95,70.95,0.450,4.272,0.347,banana,fresh
58096343,57457,91.85,873.90,71.00,0.449,4.271,0.347,banana,fresh
58097353,57458,91.80,873.85,71.00,0.449,4.271,0.347,banana,fresh
58098365,57459,91.85,873.95,70.95,0.449,4.272,0.347,banana,fresh
58099376,57460,91.95,873.95,70.95,0.449,4.272,0.347,banana,fresh
58100387,57461,91.90,873.90,70.95,0.449,4.271,0.347,banana,fresh
58101398,57462,91.90,873.90,70.95,0.449,4.271,0.347,banana,fresh
58102410,57463,91.90,873.85,70.95,0.449,4.271,0.347,banana,fresh
58103420,57464,91.95,873.85,71.00,0.449,4.271,0.347,banana,fresh
58104431,57465,91.90,873.95,70.95,0.449,4.272,0.347,banana,fresh
58105443,57466,91.90,874.00,71.00,0.449,4.272,0.347,banana,fresh
58106454,57467,91.90,873.90,71.00,0.449,4.271,0.347,banana,fresh
58107465,57468,91.90,874.00,71.00,0.449,4.272,0.347,banana,fresh
58108476,57469,91.95,873.90,71.00,0.449,4.271,0.347,banana,fresh
58109488,57470,91.70,873.75,70.95,0.448,4.271,0.347,banana,fresh
58110498,57471,91.80,873.95,70.95,0.449,4.272,0.347,banana,fresh
58111510,57472,91.75,874.00,70.90,0.448,4.272,0.347,banana,fresh
58112521,57473,91.85,873.85,70.90,0.449,4.271,0.347,banana,fresh
58113531,57474,91.90,873.80,71.00,0.449,4.271,0.347,banana,fresh
58114543,57475,91.90,873.95,70.85,0.449,4.272,0.346,banana,fresh
58115554,57476,91.85,873.85,70.95,0.449,4.271,0.347,banana,fresh
58116566,57477,91.95,873.90,70.95,0.449,4.271,0.347,banana,fresh
58117576,57478,91.95,873.85,70.95,0.449,4.271,0.347,banana,fresh
58118588,57479,91.85,873.85,70.95,0.449,4.271,0.347,banana,fresh
58119599,57480,91.90,873.80,70.95,0.449,4.271,0.347,banana,fresh
58120609,57481,91.80,873.80,70.95,0.449,4.271,0.347,banana,fresh
58121621,57482,91.80,873.85,71.00,0.449,4.271,0.347,banana,fresh
58122632,57483,91.75,873.95,70.95,0.448,4.272,0.347,banana,fresh
58123643,57484,91.95,874.00,70.90,0.449,4.272,0.347,banana,fresh
58124654,57485,91.95,873.80,70.80,0.449,4.271,0.346,banana,fresh
58125666,57486,91.95,873.90,70.95,0.449,4.271,0.347,banana,fresh
58126676,57487,91.65,873.80,70.95,0.448,4.271,0.347,banana,fresh
58127687,57488,91.90,873.75,70.95,0.449,4.271,0.347,banana,fresh
58128699,57489,91.80,873.70,71.00,0.449,4.270,0.347,banana,fresh
58129710,57490,91.80,873.80,70.90,0.449,4.271,0.347,banana,fresh
58130721,57491,91.85,873.85,70.95,0.449,4.271,0.347,banana,fresh
58131732,57492,91.85,873.85,71.00,0.449,4.271,0.347,banana,fresh
58132744,57493,91.80,873.90,70.90,0.449,4.271,0.347,banana,fresh
58133754,57494,91.90,873.75,70.95,0.449,4.271,0.347,banana,fresh
58134765,57495,91.90,873.85,71.00,0.449,4.271,0.347,banana,fresh
58135777,57496,91.85,873.75,70.95,0.449,4.271,0.347,banana,fresh
58136787,57497,91.85,873.90,70.85,0.449,4.271,0.346,banana,fresh
58137799,57498,91.85,873.80,70.85,0.449,4.271,0.346,banana,fresh
58138810,57499,91.75,873.80,70.95,0.448,4.271,0.347,banana,fresh
58139822,57500,91.95,873.65,70.85,0.449,4.270,0.346,banana,fresh
58140832,57501,91.85,873.70,70.90,0.449,4.270,0.347,banana,fresh
58141843,57502,91.75,873.85,70.85,0.448,4.271,0.346,banana,fresh
58142855,57503,91.75,873.75,71.00,0.448,4.271,0.347,banana,fresh
58143865,57504,91.70,873.80,71.00,0.448,4.271,0.347,banana,fresh
58144877,57505,91.60,873.85,71.00,0.448,4.271,0.347,banana,fresh
58145888,57506,91.75,873.85,70.90,0.448,4.271,0.347,banana,fresh
58146899,57507,91.80,873.85,70.90,0.449,4.271,0.347,banana,fresh
58147910,57508,91.70,873.75,71.00,0.448,4.271,0.347,banana,fresh
58148922,57509,91.80,873.95,70.95,0.449,4.272,0.347,banana,fresh
58149933,57510,91.85,873.85,70.90,0.449,4.271,0.347,banana,fresh
58150943,57511,91.85,873.85,70.95,0.449,4.271,0.347,banana,fresh
58151955,57512,91.90,873.70,70.95,0.449,4.270,0.347,banana,fresh
58152966,57513,91.85,873.70,70.90,0.449,4.270,0.347,banana,fresh
58153977,57514,91.85,873.80,70.95,0.449,4.271,0.347,banana,fresh
58154988,57515,91.75,873.85,70.90,0.448,4.271,0.347,banana,fresh
58156000,57516,91.70,873.70,70.95,0.448,4.270,0.347,banana,fresh
58157010,57517,91.80,873.55,70.85,0.449,4.270,0.346,banana,fresh
58158022,57518,91.90,873.80,70.95,0.449,4.271,0.347,banana,fresh
58159033,57519,91.75,873.75,70.85,0.448,4.271,0.346,banana,fresh
58160044,57520,91.80,873.65,70.90,0.449,4.270,0.347,banana,fresh
58161055,57521,91.90,873.75,70.85,0.449,4.271,0.346,banana,fresh
58162066,57522,91.75,873.65,70.75,0.448,4.270,0.346,banana,fresh
58163078,57523,91.65,873.65,70.85,0.448,4.270,0.346,banana,fresh
58164088,57524,91.60,873.65,71.00,0.448,4.270,0.347,banana,fresh
58165100,57525,91.70,873.75,70.80,0.448,4.271,0.346,banana,fresh
58166111,57526,91.85,873.45,70.90,0.449,4.269,0.347,banana,fresh
58167122,57527,91.90,873.65,70.80,0.449,4.270,0.346,banana,fresh
58168133,57528,91.80,873.55,70.85,0.449,4.270,0.346,banana,fresh
58169144,57529,91.70,873.80,70.85,0.448,4.271,0.346,banana,fresh
58170156,57530,91.75,873.55,70.80,0.448,4.270,0.346,banana,fresh
58171166,57531,91.65,873.70,70.90,0.448,4.270,0.347,banana,fresh
58172178,57532,91.70,873.70,70.80,0.448,4.270,0.346,banana,fresh
58173189,57533,91.80,873.70,70.90,0.449,4.270,0.347,banana,fresh
58174200,57534,91.65,873.75,70.95,0.448,4.271,0.347,banana,fresh
58175211,57535,91.55,873.75,70.90,0.447,4.271,0.347,banana,fresh
58176222,57536,91.80,873.85,70.85,0.449,4.271,0.346,banana,fresh
58177233,57537,91.70,873.65,70.85,0.448,4.270,0.346,banana,fresh
58178244,57538,91.55,873.70,71.00,0.447,4.270,0.347,banana,fresh
58179256,57539,91.70,873.55,70.95,0.448,4.270,0.347,banana,fresh
58180267,57540,91.65,873.85,70.90,0.448,4.271,0.347,banana,fresh
58181278,57541,91.80,873.60,70.80,0.449,4.270,0.346,banana,fresh
58182289,57542,91.60,873.60,70.90,0.448,4.270,0.347,banana,fresh
58183300,57543,91.70,873.70,70.90,0.448,4.270,0.347,banana,fresh
58184311,57544,91.65,873.55,70.85,0.448,4.270,0.346,banana,fresh
58185322,57545,91.85,873.70,70.95,0.449,4.270,0.347,banana,fresh
58186334,57546,91.70,873.55,70.85,0.448,4.270,0.346,banana,fresh
58187344,57547,91.75,873.55,70.90,0.448,4.270,0.347,banana,fresh
58188356,57548,91.70,873.65,70.85,0.448,4.270,0.346,banana,fresh
58189367,57549,91.80,873.90,70.90,0.449,4.271,0.347,banana,fresh
58190379,57550,91.80,873.85,70.90,0.449,4.271,0.347,banana,fresh
58191389,57551,91.75,873.70,70.95,0.448,4.270,0.347,banana,fresh
58192400,57552,91.80,873.60,70.90,0.449,4.270,0.347,banana,fresh
58193412,57553,91.75,873.70,70.95,0.448,4.270,0.347,banana,fresh
58194422,57554,91.70,873.75,70.90,0.448,4.271,0.347,banana,fresh
58195434,57555,91.55,873.80,70.95,0.447,4.271,0.347,banana,fresh
58196445,57556,91.60,873.70,70.95,0.448,4.270,0.347,banana,fresh
58197456,57557,91.70,873.80,70.90,0.448,4.271,0.347,banana,fresh
58198467,57558,91.65,873.50,70.95,0.448,4.269,0.347,banana,fresh
58199478,57559,91.70,873.65,70.85,0.448,4.270,0.346,banana,fresh
58200489,57560,91.65,873.75,70.90,0.448,4.271,0.347,banana,fresh
58201500,57561,91.70,873.60,70.90,0.448,4.270,0.347,banana,fresh
58202512,57562,91.70,873.70,71.00,0.448,4.270,0.347,banana,fresh
58203523,57563,91.70,873.60,70.90,0.448,4.270,0.347,banana,fresh
58204534,57564,91.80,873.60,70.85,0.449,4.270,0.346,banana,fresh
58205545,57565,91.70,873.90,70.95,0.448,4.271,0.347,banana,fresh
58206556,57566,91.95,873.70,70.90,0.449,4.270,0.347,banana,fresh
58207567,57567,91.55,873.65,70.90,0.447,4.270,0.347,banana,fresh
58208578,57568,91.60,873.75,70.90,0.448,4.271,0.347,banana,fresh
58209590,57569,91.70,873.80,70.80,0.448,4.271,0.346,banana,fresh
58210600,57570,91.80,873.85,70.95,0.449,4.271,0.347,banana,fresh
58211612,57571,91.75,873.70,70.85,0.448,4.270,0.346,banana,fresh
58212623,57572,91.80,873.55,70.90,0.449,4.270,0.347,banana,fresh
58213635,57573,91.85,873.80,70.90,0.449,4.271,0.347,banana,fresh
58214645,57574,91.75,873.70,70.75,0.448,4.270,0.346,banana,fresh
58215656,57575,91.60,873.85,70.85,0.448,4.271,0.346,banana,fresh
58216668,57576,91.75,873.75,70.95,0.448,4.271,0.347,banana,fresh
58217678,57577,91.70,873.75,71.00,0.448,4.271,0.347,banana,fresh
58218690,57578,91.65,873.80,70.95,0.448,4.271,0.347,banana,fresh
58219701,57579,91.75,873.75,70.95,0.448,4.271,0.347,banana,fresh
58220712,57580,91.75,873.70,70.80,0.448,4.270,0.346,banana,fresh
58221723,57581,91.75,873.80,70.85,0.448,4.271,0.346,banana,fresh
58222735,57582,91.75,873.65,70.85,0.448,4.270,0.346,banana,fresh
58223746,57583,91.65,873.75,70.85,0.448,4.271,0.346,banana,fresh
58224756,57584,91.75,873.70,70.85,0.448,4.270,0.346,banana,fresh
58225768,57585,91.75,873.80,71.00,0.448,4.271,0.347,banana,fresh
58226779,57586,91.55,873.65,70.85,0.447,4.270,0.346,banana,fresh
58227790,57587,91.65,873.70,70.80,0.448,4.270,0.346,banana,fresh
58228801,57588,91.55,873.60,70.90,0.447,4.270,0.347,banana,fresh
58229813,57589,91.55,873.85,70.85,0.447,4.271,0.346,banana,fresh
58230823,57590,91.50,873.65,70.95,0.447,4.270,0.347,banana,fresh
58231834,57591,91.70,873.70,71.00,0.448,4.270,0.347,banana,fresh
58232846,57592,91.60,874.00,70.80,0.448,4.272,0.346,banana,fresh
58233857,57593,91.45,873.65,70.80,0.447,4.270,0.346,banana,fresh
58234868,57594,91.65,873.80,71.00,0.448,4.271,0.347,banana,fresh
58235879,57595,91.50,873.70,70.95,0.447,4.270,0.347,banana,fresh
58236891,57596,91.55,873.75,70.85,0.447,4.271,0.346,banana,fresh
58237901,57597,91.65,873.65,70.80,0.448,4.270,0.346,banana,fresh
58238912,57598,91.45,873.75,70.85,0.447,4.271,0.346,banana,fresh
58239924,57599,91.60,873.85,70.85,0.448,4.271,0.346,banana,fresh
58240934,57600,91.60,873.70,70.95,0.448,4.270,0.347,banana,fresh
58241946,57601,91.65,873.75,70.90,0.448,4.271,0.347,banana,fresh
58242957,57602,91.50,873.65,70.75,0.447,4.270,0.346,banana,fresh
58243969,57603,91.55,873.75,70.95,0.447,4.271,0.347,banana,fresh
58244979,57604,91.55,873.80,70.90,0.447,4.271,0.347,banana,fresh
58245991,57605,91.55,873.65,71.00,0.447,4.270,0.347,banana,fresh
58247002,57606,91.45,873.85,70.95,0.447,4.271,0.347,banana,fresh
58248012,57607,91.70,873.65,70.80,0.448,4.270,0.346,banana,fresh
58249024,57608,91.55,873.60,70.80,0.447,4.270,0.346,banana,fresh
58250035,57609,91.65,873.65,70.90,0.448,4.270,0.347,banana,fresh
58251046,57610,91.50,873.75,70.85,0.447,4.271,0.346,banana,fresh
58252057,57611,91.75,873.75,70.95,0.448,4.271,0.347,banana,fresh
58253069,57612,91.60,873.65,70.70,0.448,4.270,0.346,banana,fresh
58254080,57613,91.80,873.70,70.95,0.449,4.270,0.347,banana,fresh
58255090,57614,91.50,873.75,70.80,0.447,4.271,0.346,banana,fresh
58256102,57615,91.55,873.80,70.85,0.447,4.271,0.346,banana,fresh
58257113,57616,91.75,873.60,70.90,0.448,4.270,0.347,banana,fresh
58258124,57617,91.50,873.70,70.80,0.447,4.270,0.346,banana,fresh
58259135,57618,91.55,873.60,70.80,0.447,4.270,0.346,banana,fresh
58260147,57619,91.55,873.75,70.90,0.447,4.271,0.347,banana,fresh
58261157,57620,91.50,873.75,70.85,0.447,4.271,0.346,banana,fresh
58262169,57621,91.60,873.70,70.70,0.448,4.270,0.346,banana,fresh
58263180,57622,91.55,873.55,70.85,0.447,4.270,0.346,banana,fresh
58264190,57623,91.60,873.75,70.90,0.448,4.271,0.347,banana,fresh
58265202,57624,91.70,873.80,70.90,0.448,4.271,0.347,banana,fresh
58266213,57625,91.45,873.70,70.80,0.447,4.270,0.346,banana,fresh
58267225,57626,91.50,873.75,70.85,0.447,4.271,0.346,banana,fresh
58268235,57627,91.45,873.70,70.85,0.447,4.270,0.346,banana,fresh
58269247,57628,91.60,873.80,70.90,0.448,4.271,0.347,banana,fresh
58270258,57629,91.50,873.65,70.85,0.447,4.270,0.346,banana,fresh
58271268,57630,91.45,873.60,71.00,0.447,4.270,0.347,banana,fresh
58272280,57631,91.60,873.70,71.00,0.448,4.270,0.347,banana,fresh
58273291,57632,91.60,873.70,70.75,0.448,4.270,0.346,banana,fresh
58274302,57633,91.50,873.70,70.80,0.447,4.270,0.346,banana,fresh
58275313,57634,91.65,873.80,70.80,0.448,4.271,0.346,banana,fresh
58276325,57635,91.40,873.55,70.85,0.447,4.270,0.346,banana,fresh
58277336,57636,91.35,873.65,70.90,0.446,4.270,0.347,banana,fresh
58278346,57637,91.45,873.65,70.85,0.447,4.270,0.346,banana,fresh
58279358,57638,91.45,873.55,70.80,0.447,4.270,0.346,banana,fresh
58280369,57639,91.55,873.75,70.90,0.447,4.271,0.347,banana,fresh
58281380,57640,91.55,873.80,71.00,0.447,4.271,0.347,banana,fresh
58282391,57641,91.45,873.50,70.75,0.447,4.269,0.346,banana,fresh
58283403,57642,91.60,873.50,70.85,0.448,4.269,0.346,banana,fresh
58284413,57643,91.45,873.50,70.95,0.447,4.269,0.347,banana,fresh
58285424,57644,91.50,873.70,70.75,0.447,4.270,0.346,banana,fresh
58286436,57645,91.50,873.65,71.00,0.447,4.270,0.347,banana,fresh
58287447,57646,91.35,873.70,70.90,0.446,4.270,0.347,banana,fresh
58288458,57647,91.55,873.70,70.90,0.447,4.270,0.347,banana,fresh
58289469,57648,91.35,873.75,70.90,0.446,4.271,0.347,banana,fresh
58290481,57649,91.50,873.65,70.85,0.447,4.270,0.346,banana,fresh
58291491,57650,91.50,873.55,70.85,0.447,4.270,0.346,banana,fresh
58292502,57651,91.35,873.50,70.80,0.446,4.269,0.346,banana,fresh
58293514,57652,91.40,873.30,70.75,0.447,4.268,0.346,banana,fresh
58294524,57653,91.35,873.60,70.90,0.446,4.270,0.347,banana,fresh
58295536,57654,91.45,873.70,70.95,0.447,4.270,0.347,banana,fresh
58296547,57655,91.45,873.60,70.75,0.447,4.270,0.346,banana,fresh
58297559,57656,91.45,873.55,70.80,0.447,4.270,0.346,banana,fresh
58298569,57657,91.45,873.75,70.80,0.447,4.271,0.346,banana,fresh
58299581,57658,91.40,873.80,70.80,0.447,4.271,0.346,banana,fresh
58300592,57659,91.35,873.60,70.95,0.446,4.270,0.347,banana,fresh
58301602,57660,91.35,873.70,70.90,0.446,4.270,0.347,banana,fresh
58302614,57661,91.50,873.65,70.85,0.447,4.270,0.346,banana,fresh
58303625,57662,91.30,873.75,70.85,0.446,4.271,0.346,banana,fresh
58304636,57663,91.60,873.60,70.85,0.448,4.270,0.346,banana,fresh
58305647,57664,91.55,873.65,70.85,0.447,4.270,0.346,banana,fresh
58306659,57665,91.35,873.50,70.95,0.446,4.269,0.347,banana,fresh
58307670,57666,91.40,873.75,70.75,0.447,4.271,0.346,banana,fresh
58308680,57667,91.40,873.75,70.80,0.447,4.271,0.346,banana,fresh
58309692,57668,91.45,873.70,70.95,0.447,4.270,0.347,banana,fresh
58310703,57669,91.40,873.50,70.75,0.447,4.269,0.346,banana,fresh
58311714,57670,91.55,873.70,70.90,0.447,4.270,0.347,banana,fresh
58312725,57671,91.30,873.45,70.90,0.446,4.269,0.347,banana,fresh
58313737,57672,91.55,873.60,70.85,0.447,4.270,0.346,banana,fresh
58314747,57673,91.35,873.75,70.85,0.446,4.271,0.346,banana,fresh
58315759,57674,91.45,873.65,70.90,0.447,4.270,0.347,banana,fresh
58316770,57675,91.30,873.55,70.85,0.446,4.270,0.346,banana,fresh
58317780,57676,91.40,873.70,70.70,0.447,4.270,0.346,banana,fresh
58318792,57677,91.50,873.75,70.90,0.447,4.271,0.347,banana,fresh
58319803,57678,91.55,873.60,70.85,0.447,4.270,0.346,banana,fresh
58320815,57679,91.45,873.70,70.75,0.447,4.270,0.346,banana,fresh
58321825,57680,91.40,873.70,70.85,0.447,4.270,0.346,banana,fresh
58322837,57681,91.25,873.55,70.80,0.446,4.270,0.346,banana,fresh
58323848,57682,91.35,873.65,70.65,0.446,4.270,0.345,banana,fresh
58324858,57683,91.40,873.55,70.80,0.447,4.270,0.346,banana,fresh
58325870,57684,91.55,873.55,70.80,0.447,4.270,0.346,banana,fresh
58326881,57685,91.45,873.60,70.75,0.447,4.270,0.346,banana,fresh
58327892,57686,91.35,873.65,70.95,0.446,4.270,0.347,banana,fresh
58328903,57687,91.40,873.50,70.75,0.447,4.269,0.346,banana,fresh
58329915,57688,91.30,873.65,70.75,0.446,4.270,0.346,banana,fresh
58330926,57689,91.35,873.55,70.90,0.446,4.270,0.347,banana,fresh
58331936,57690,91.40,873.60,70.90,0.447,4.270,0.347,banana,fresh
58332948,57691,91.25,873.55,70.75,0.446,4.270,0.346,banana,fresh
58333959,57692,91.45,873.55,70.85,0.447,4.270,0.346,banana,fresh
58334970,57693,91.35,873.70,70.95,0.446,4.270,0.347,banana,fresh
58335981,57694,91.20,873.50,71.00,0.446,4.269,0.347,banana,fresh
58336993,57695,91.40,873.50,70.80,0.447,4.269,0.346,banana,fresh
58338003,57696,91.45,873.60,70.85,0.447,4.270,0.346,banana,fresh
58339014,57697,91.20,873.55,70.65,0.446,4.270,0.345,banana,fresh
58340026,57698,91.10,873.60,70.80,0.445,4.270,0.346,banana,fresh
58341037,57699,91.25,873.50,70.85,0.446,4.269,0.346,banana,fresh
58342048,57700,91.40,873.35,70.85,0.447,4.269,0.346,banana,fresh
58343059,57701,91.25,873.50,70.90,0.446,4.269,0.347,banana,fresh
58344071,57702,91.25,873.40,70.95,0.446,4.269,0.347,banana,fresh
58345081,57703,91.35,873.80,70.65,0.446,4.271,0.345,banana,fresh
58346093,57704,91.40,873.70,70.95,0.447,4.270,0.347,banana,fresh
58347104,57705,91.25,873.70,70.80,0.446,4.270,0.346,banana,fresh
58348114,57706,91.45,873.60,70.75,0.447,4.270,0.346,banana,fresh
58349126,57707,91.35,873.50,70.75,0.446,4.269,0.346,banana,fresh
58350137,57708,91.15,873.55,70.75,0.446,4.270,0.346,banana,fresh
58351149,57709,91.30,873.40,70.90,0.446,4.269,0.347,banana,fresh
58352159,57710,91.10,873.60,70.85,0.445,4.270,0.346,banana,fresh
58353171,57711,91.20,873.45,70.75,0.446,4.269,0.346,banana,fresh
58354182,57712,91.20,873.60,70.80,0.446,4.270,0.346,banana,fresh
58355192,57713,91.20,873.55,70.75,0.446,4.270,0.346,banana,fresh
58356204,57714,91.25,873.60,70.75,0.446,4.270,0.346,banana,fresh
58357215,57715,91.35,873.50,70.70,0.446,4.269,0.346,banana,fresh
58358226,57716,91.30,873.45,70.80,0.446,4.269,0.346,banana,fresh
58359237,57717,91.35,873.55,70.75,0.446,4.270,0.346,banana,fresh
58360249,57718,91.20,873.50,70.80,0.446,4.269,0.346,banana,fresh
58361260,57719,91.35,873.60,70.85,0.446,4.270,0.346,banana,fresh
58362270,57720,91.25,873.40,70.90,0.446,4.269,0.347,banana,fresh
58363282,57721,91.30,873.60,70.85,0.446,4.270,0.346,banana,fresh
58364293,57722,91.35,873.55,70.80,0.446,4.270,0.346,banana,fresh
58365304,57723,91.30,873.50,70.80,0.446,4.269,0.346,banana,fresh
58366315,57724,91.30,873.40,70.85,0.446,4.269,0.346,banana,fresh
58367327,57725,91.15,873.55,70.70,0.446,4.270,0.346,banana,fresh
58368337,57726,91.20,873.50,70.95,0.446,4.269,0.347,banana,fresh
58369348,57727,91.10,873.45,70.65,0.445,4.269,0.345,banana,fresh
58370360,57728,91.30,873.50,70.80,0.446,4.269,0.346,banana,fresh
58371371,57729,91.10,873.55,70.95,0.445,4.270,0.347,banana,fresh
58372382,57730,91.35,873.55,70.95,0.446,4.270,0.347,banana,fresh
58373393,57731,91.20,873.40,70.65,0.446,4.269,0.345,banana,fresh
58374405,57732,91.20,873.35,70.75,0.446,4.269,0.346,banana,fresh
58375415,57733,91.00,873.40,70.85,0.445,4.269,0.346,banana,fresh
58376427,57734,91.25,873.30,70.65,0.446,4.268,0.345,banana,fresh
58377438,57735,91.00,873.25,70.50,0.445,4.268,0.345,banana,fresh
58378448,57736,91.05,873.60,70.80,0.445,4.270,0.346,banana,fresh
58379460,57737,91.00,873.45,70.85,0.445,4.269,0.346,banana,fresh
58380471,57738,91.20,873.70,70.85,0.446,4.270,0.346,banana,fresh
58381483,57739,91.25,873.35,70.80,0.446,4.269,0.346,banana,fresh
58382493,57740,91.05,873.35,70.65,0.445,4.269,0.345,banana,fresh
58383505,57741,91.05,873.40,70.70,0.445,4.269,0.346,banana,fresh
58384516,57742,91.15,873.40,70.85,0.446,4.269,0.346,banana,fresh
58385527,57743,91.25,873.65,70.75,0.446,4.270,0.346,banana,fresh
58386538,57744,91.15,873.30,70.70,0.446,4.268,0.346,banana,fresh
58387549,57745,91.05,873.55,70.80,0.445,4.270,0.346,banana,fresh
58388560,57746,91.10,873.55,70.85,0.445,4.270,0.346,banana,fresh
58389571,57747,91.10,873.45,70.60,0.445,4.269,0.345,banana,fresh
58390583,57748,91.15,873.30,70.75,0.446,4.268,0.346,banana,fresh
58391593,57749,91.05,873.50,70.80,0.445,4.269,0.346,banana,fresh
58392605,57750,91.05,873.50,70.70,0.445,4.269,0.346,banana,fresh
58393616,57751,91.05,873.55,70.70,0.445,4.270,0.346,banana,fresh
58394627,57752,91.05,873.30,70.80,0.445,4.268,0.346,banana,fresh
58395638,57753,91.25,873.40,70.80,0.446,4.269,0.346,banana,fresh
58396649,57754,91.05,873.55,70.90,0.445,4.270,0.347,banana,fresh
58397661,57755,91.05,873.35,70.70,0.445,4.269,0.346,banana,fresh
58398671,57756,91.20,873.45,70.60,0.446,4.269,0.345,banana,fresh
58399683,57757,91.05,873.35,70.70,0.445,4.269,0.346,banana,fresh
58400694,57758,91.10,873.45,70.70,0.445,4.269,0.346,banana,fresh
58401704,57759,91.15,873.20,70.90,0.446,4.268,0.347,banana,fresh
58402716,57760,91.15,873.35,70.65,0.446,4.269,0.345,banana,fresh
58403727,57761,91.15,873.45,70.75,0.446,4.269,0.346,banana,fresh
58404739,57762,91.10,873.15,70.75,0.445,4.268,0.346,banana,fresh
58405749,57763,91.20,873.40,70.60,0.446,4.269,0.345,banana,fresh
58406761,57764,91.10,873.35,70.80,0.445,4.269,0.346,banana,fresh
58407772,57765,91.10,873.45,70.70,0.445,4.269,0.346,banana,fresh
58408783,57766,91.10,873.40,70.75,0.445,4.269,0.346,banana,fresh
58409794,57767,91.10,873.30,70.65,0.445,4.268,0.345,banana,fresh
58410805,57768,91.10,873.35,70.70,0.445,4.269,0.346,banana,fresh
58411816,57769,91.00,873.25,70.60,0.445,4.268,0.345,banana,fresh
58412827,57770,91.05,873.20,70.85,0.445,4.268,0.346,banana,fresh
58413839,57771,91.05,873.30,70.70,0.445,4.268,0.346,banana,fresh
58414850,57772,91.10,873.60,70.75,0.445,4.270,0.346,banana,fresh
58415861,57773,91.10,873.30,70.90,0.445,4.268,0.347,banana,fresh
58416872,57774,91.00,873.40,70.55,0.445,4.269,0.345,banana,fresh
58417883,57775,91.15,873.40,70.70,0.446,4.269,0.346,banana,fresh
58418894,57776,91.15,873.35,70.70,0.446,4.269,0.346,banana,fresh
58419905,57777,91.10,873.25,70.90,0.445,4.268,0.347,banana,fresh
58420917,57778,91.15,873.20,70.70,0.446,4.268,0.346,banana,fresh
58421927,57779,91.20,873.25,70.55,0.446,4.268,0.345,banana,fresh
58422939,57780,91.10,873.40,70.70,0.445,4.269,0.346,banana,fresh
58423950,57781,91.15,873.45,70.55,0.446,4.269,0.345,banana,fresh
58424961,57782,91.00,873.20,70.50,0.445,4.268,0.345,banana,fresh
58425972,57783,91.05,873.20,70.80,0.445,4.268,0.346,banana,fresh
58426983,57784,91.10,873.25,70.70,0.445,4.268,0.346,banana,fresh
58427995,57785,91.05,873.40,70.55,0.445,4.269,0.345,banana,fresh
58429005,57786,91.05,873.10,70.75,0.445,4.267,0.346,banana,fresh
58430017,57787,91.05,873.15,70.65,0.445,4.268,0.345,banana,fresh
58431028,57788,91.05,873.20,70.45,0.445,4.268,0.344,banana,fresh
58432038,57789,91.15,873.10,70.45,0.446,4.267,0.344,banana,fresh
58433050,57790,91.05,873.20,70.70,0.445,4.268,0.346,banana,fresh
58434061,57791,91.00,873.20,70.60,0.445,4.268,0.345,banana,fresh
58435073,57792,91.10,873.20,70.60,0.445,4.268,0.345,banana,fresh
58436083,57793,91.10,873.30,70.70,0.445,4.268,0.346,banana,fresh
58437095,57794,91.10,873.15,70.55,0.445,4.268,0.345,banana,fresh
58438106,57795,91.05,873.45,70.80,0.445,4.269,0.346,banana,fresh
58439117,57796,91.00,873.40,70.80,0.445,4.269,0.346,banana,fresh
58440128,57797,91.20,873.35,70.75,0.446,4.269,0.346,banana,fresh
58441139,57798,91.05,873.30,70.75,0.445,4.268,0.346,banana,fresh
58442150,57799,91.05,873.15,70.75,0.445,4.268,0.346,banana,fresh
58443161,57800,91.00,873.05,70.60,0.445,4.267,0.345,banana,fresh
58444173,57801,91.05,873.40,70.75,0.445,4.269,0.346,banana,fresh
58445184,57802,91.00,873.20,70.65,0.445,4.268,0.345,banana,fresh
58446195,57803,91.10,873.00,70.65,0.445,4.267,0.345,banana,fresh
58447206,57804,91.05,873.10,70.50,0.445,4.267,0.345,banana,fresh
58448217,57805,91.00,873.20,70.70,0.445,4.268,0.346,banana,fresh
58449228,57806,90.95,873.10,70.70,0.445,4.267,0.346,banana,fresh
58450239,57807,91.00,873.10,70.60,0.445,4.267,0.345,banana,fresh
58451251,57808,91.20,873.10,70.55,0.446,4.267,0.345,banana,fresh
58452261,57809,91.20,873.15,70.55,0.446,4.268,0.345,banana,fresh
58453273,57810,91.10,873.15,70.75,0.445,4.268,0.346,banana,fresh
58454284,57811,91.00,873.30,70.75,0.445,4.268,0.346,banana,fresh
58455296,57812,91.00,873.25,70.75,0.445,4.268,0.346,banana,fresh
58456306,57813,91.00,873.10,70.60,0.445,4.267,0.345,banana,fresh
58457317,57814,91.00,873.15,70.60,0.445,4.268,0.345,banana,fresh
58458329,57815,91.05,873.25,70.55,0.445,4.268,0.345,banana,fresh
58459339,57816,91.05,873.20,70.65,0.445,4.268,0.345,banana,fresh
58460351,57817,91.00,873.15,70.70,0.445,4.268,0.346,banana,fresh
58461362,57818,91.05,873.35,70.75,0.445,4.269,0.346,banana,fresh
58462373,57819,91.05,873.25,70.55,0.445,4.268,0.345,banana,fresh
58463384,57820,91.00,873.20,70.65,0.445,4.268,0.345,banana,fresh
58464395,57821,91.00,873.35,70.70,0.445,4.269,0.346,banana,fresh
58465406,57822,91.00,873.20,70.70,0.445,4.268,0.346,banana,fresh
58466417,57823,91.00,873.10,70.65,0.445,4.267,0.345,banana,fresh
58467429,57824,91.00,873.30,70.65,0.445,4.268,0.345,banana,fresh
58468440,57825,91.05,873.15,70.75,0.445,4.268,0.346,banana,fresh
58469451,57826,91.00,873.20,70.65,0.445,4.268,0.345,banana,fresh
58470462,57827,91.00,873.30,70.55,0.445,4.268,0.345,banana,fresh
58471473,57828,91.00,873.15,70.80,0.445,4.268,0.346,banana,fresh
58472484,57829,91.10,873.25,70.70,0.445,4.268,0.346,banana,fresh
58473495,57830,91.00,873.15,70.70,0.445,4.268,0.346,banana,fresh
58474507,57831,91.05,873.20,70.75,0.445,4.268,0.346,banana,fresh
58475517,57832,91.00,873.20,70.80,0.445,4.268,0.346,banana,fresh
58476529,57833,91.00,873.05,70.65,0.445,4.267,0.345,banana,fresh
58477540,57834,91.05,873.10,70.55,0.445,4.267,0.345,banana,fresh
58478551,57835,91.00,873.15,70.50,0.445,4.268,0.345,banana,fresh
58479562,57836,91.00,873.15,70.80,0.445,4.268,0.346,banana,fresh
58480573,57837,91.00,873.15,70.65,0.445,4.268,0.345,banana,fresh
58481585,57838,91.00,873.15,70.70,0.445,4.268,0.346,banana,fresh
58482595,57839,90.95,873.25,70.60,0.445,4.268,0.345,banana,fresh
58483607,57840,91.00,873.25,70.75,0.445,4.268,0.346,banana,fresh
58484618,57841,91.10,873.20,70.55,0.445,4.268,0.345,banana,fresh
58485628,57842,91.00,873.15,70.30,0.445,4.268,0.344,banana,fresh
58486640,57843,91.00,873.25,70.55,0.445,4.268,0.345,banana,fresh
58487651,57844,91.00,873.10,70.45,0.445,4.267,0.344,banana,fresh
58488663,57845,91.00,873.15,70.55,0.445,4.268,0.345,banana,fresh
58489673,57846,91.00,873.15,70.65,0.445,4.268,0.345,banana,fresh
58490685,57847,91.00,873.15,70.70,0.445,4.268,0.346,banana,fresh
58491696,57848,91.00,873.15,70.65,0.445,4.268,0.345,banana,fresh
58492707,57849,90.95,873.00,70.55,0.445,4.267,0.345,banana,fresh
58493718,57850,91.00,873.05,70.60,0.445,4.267,0.345,banana,fresh
58494729,57851,91.05,873.30,70.55,0.445,4.268,0.345,banana,fresh
58495740,57852,91.00,873.05,70.40,0.445,4.267,0.344,banana,fresh
58496751,57853,91.05,873.15,70.65,0.445,4.268,0.345,banana,fresh
58497763,57854,91.05,873.00,70.65,0.445,4.267,0.345,banana,fresh
58498774,57855,91.00,873.20,70.75,0.445,4.268,0.346,banana,fresh
58499785,57856,91.00,873.20,70.60,0.445,4.268,0.345,banana,fresh
58500796,57857,91.00,873.10,70.65,0.445,4.267,0.345,banana,fresh
58501807,57858,91.00,873.25,70.50,0.445,4.268,0.345,banana,fresh
58502818,57859,91.00,873.15,70.50,0.445,4.268,0.345,banana,fresh
58503829,57860,91.00,873.05,70.70,0.445,4.267,0.346,banana,fresh
58504841,57861,91.00,873.10,70.75,0.445,4.267,0.346,banana,fresh
58505851,57862,91.00,873.20,70.50,0.445,4.268,0.345,banana,fresh
58506863,57863,91.10,873.10,70.60,0.445,4.267,0.345,banana,fresh
58507874,57864,91.00,873.10,70.55,0.445,4.267,0.345,banana,fresh
58508886,57865,91.00,873.10,70.45,0.445,4.267,0.344,banana,fresh
58509896,57866,91.00,873.00,70.55,0.445,4.267,0.345,banana,fresh
58510907,57867,91.00,873.10,70.60,0.445,4.267,0.345,banana,fresh
58511919,57868,91.05,873.15,70.40,0.445,4.268,0.344,banana,fresh
58512929,57869,90.95,873.20,70.60,0.445,4.268,0.345,banana,fresh
58513941,57870,91.00,873.15,70.60,0.445,4.268,0.345,banana,fresh
58514952,57871,91.00,873.15,70.25,0.445,4.268,0.343,banana,fresh
58515963,57872,91.00,873.05,70.55,0.445,4.267,0.345,banana,fresh
58516974,57873,91.00,873.15,70.40,0.445,4.268,0.344,banana,fresh
58517985,57874,91.00,873.05,70.55,0.445,4.267,0.345,banana,fresh
58518996,57875,91.00,873.00,70.70,0.445,4.267,0.346,banana,fresh
58520007,57876,91.00,873.05,70.60,0.445,4.267,0.345,banana,fresh
58521019,57877,91.00,873.10,70.55,0.445,4.267,0.345,banana,fresh
58522030,57878,91.00,873.25,70.50,0.445,4.268,0.345,banana,fresh
58523041,57879,91.05,873.20,70.50,0.445,4.268,0.345,banana,fresh
58524052,57880,91.00,873.10,70.40,0.445,4.267,0.344,banana,fresh
58525063,57881,91.00,873.10,70.45,0.445,4.267,0.344,banana,fresh
58526074,57882,91.00,873.15,70.35,0.445,4.268,0.344,banana,fresh
58527085,57883,91.00,873.05,70.45,0.445,4.267,0.344,banana,fresh
58528097,57884,91.00,873.05,70.55,0.445,4.267,0.345,banana,fresh
58529107,57885,90.95,873.10,70.50,0.445,4.267,0.345,banana,fresh
58530119,57886,91.00,873.05,70.60,0.445,4.267,0.345,banana,fresh
58531130,57887,90.95,873.00,70.60,0.445,4.267,0.345,banana,fresh
58532141,57888,91.00,873.05,70.50,0.445,4.267,0.345,banana,fresh
58533152,57889,91.00,873.05,70.25,0.445,4.267,0.343,banana,fresh
58534163,57890,90.95,873.00,70.40,0.445,4.267,0.344,banana,fresh
58535175,57891,91.00,873.15,70.45,0.445,4.268,0.344,banana,fresh
58536185,57892,90.95,873.25,70.40,0.445,4.268,0.344,banana,fresh
58537197,57893,91.00,873.00,70.45,0.445,4.267,0.344,banana,fresh
58538208,57894,90.95,873.10,70.60,0.445,4.267,0.345,banana,fresh
58539218,57895,91.00,873.00,70.20,0.445,4.267,0.343,banana,fresh
58540230,57896,90.90,873.00,70.35,0.444,4.267,0.344,banana,fresh
58541241,57897,91.05,873.10,70.45,0.445,4.267,0.344,banana,fresh
58542253,57898,91.05,873.10,70.35,0.445,4.267,0.344,banana,fresh
58543263,57899,91.00,873.05,70.50,0.445,4.267,0.345,banana,fresh
58544275,57900,91.00,873.10,70.25,0.445,4.267,0.343,banana,fresh
58545286,57901,91.00,873.05,70.35,0.445,4.267,0.344,banana,fresh
58546296,57902,91.00,873.00,70.30,0.445,4.267,0.344,banana,fresh
58547308,57903,91.00,873.05,70.50,0.445,4.267,0.345,banana,fresh
58548319,57904,90.95,873.05,70.35,0.445,4.267,0.344,banana,fresh
58549330,57905,91.00,873.05,70.35,0.445,4.267,0.344,banana,fresh
58550341,57906,90.95,873.00,70.20,0.445,4.267,0.343,banana,fresh
58551353,57907,91.05,873.10,70.50,0.445,4.267,0.345,banana,fresh
58552364,57908,90.95,873.05,70.25,0.445,4.267,0.343,banana,fresh
58553375,57909,91.05,873.05,70.35,0.445,4.267,0.344,banana,fresh
58554386,57910,90.95,873.05,70.30,0.445,4.267,0.344,banana,fresh
58555397,57911,91.00,873.10,70.20,0.445,4.267,0.343,banana,fresh
58556408,57912,91.05,873.05,70.20,0.445,4.267,0.343,banana,fresh
58557419,57913,91.05,873.05,70.60,0.445,4.267,0.345,banana,fresh
58558431,57914,91.00,873.00,70.35,0.445,4.267,0.344,banana,fresh
58559441,57915,90.95,873.00,70.40,0.445,4.267,0.344,banana,fresh
58560453,57916,91.00,873.00,70.45,0.445,4.267,0.344,banana,fresh
58561464,57917,90.95,873.05,70.40,0.445,4.267,0.344,banana,fresh
58562475,57918,91.00,873.05,70.20,0.445,4.267,0.343,banana,fresh
58563486,57919,91.00,873.05,70.50,0.445,4.267,0.345,banana,fresh
58564497,57920,91.00,873.00,70.25,0.445,4.267,0.343,banana,fresh
58565509,57921,90.95,873.00,70.25,0.445,4.267,0.343,banana,fresh
58566519,57922,90.95,873.00,70.40,0.445,4.267,0.344,banana,fresh
58567531,57923,90.95,873.00,70.25,0.445,4.267,0.343,banana,fresh
58568542,57924,91.00,873.00,70.40,0.445,4.267,0.344,banana,fresh
58569552,57925,90.95,873.00,70.40,0.445,4.267,0.344,banana,fresh
58570564,57926,91.00,873.00,70.30,0.445,4.267,0.344,banana,fresh
58571575,57927,90.95,873.10,70.45,0.445,4.267,0.344,banana,fresh
58572587,57928,91.00,873.00,70.45,0.445,4.267,0.344,banana,fresh
58573597,57929,91.00,873.10,70.35,0.445,4.267,0.344,banana,fresh
58574609,57930,90.90,873.00,70.40,0.444,4.267,0.344,banana,fresh
58575620,57931,90.95,873.00,70.25,0.445,4.267,0.343,banana,fresh
58576630,57932,91.00,873.00,70.20,0.445,4.267,0.343,banana,fresh
58577642,57933,91.00,873.05,70.35,0.445,4.267,0.344,banana,fresh
58578653,57934,91.00,873.00,70.35,0.445,4.267,0.344,banana,fresh
58579664,57935,91.00,873.10,70.40,0.445,4.267,0.344,banana,fresh
58580675,57936,90.95,873.05,70.45,0.445,4.267,0.344,banana,fresh
58581687,57937,90.95,873.00,70.30,0.445,4.267,0.344,banana,fresh
58582697,57938,91.00,873.00,70.20,0.445,4.267,0.343,banana,fresh
58583708,57939,91.00,873.05,70.20,0.445,4.267,0.343,banana,fresh
58584720,57940,90.90,873.05,70.15,0.444,4.267,0.343,banana,fresh
58585731,57941,90.90,873.05,70.30,0.444,4.267,0.344,banana,fresh
58586742,57942,90.90,873.05,70.45,0.444,4.267,0.344,banana,fresh
58587753,57943,90.95,873.00,70.40,0.445,4.267,0.344,banana,fresh
58588765,57944,91.05,873.05,70.20,0.445,4.267,0.343,banana,fresh
58589775,57945,91.00,873.00,70.25,0.445,4.267,0.343,banana,fresh
58590786,57946,91.00,873.10,70.35,0.445,4.267,0.344,banana,fresh
58591798,57947,90.90,873.00,70.60,0.444,4.267,0.345,banana,fresh
58592808,57948,91.00,873.00,70.40,0.445,4.267,0.344,banana,fresh
58593820,57949,90.90,873.00,70.30,0.444,4.267,0.344,banana,fresh
58594831,57950,90.90,873.00,70.35,0.444,4.267,0.344,banana,fresh
58595843,57951,90.85,873.05,70.30,0.444,4.267,0.344,banana,fresh
58596853,57952,90.90,873.00,70.25,0.444,4.267,0.343,banana,fresh
58597864,57953,91.00,873.00,70.20,0.445,4.267,0.343,banana,fresh
58598876,57954,90.95,873.00,70.35,0.445,4.267,0.344,banana,fresh
58599886,57955,91.00,873.05,70.40,0.445,4.267,0.344,banana,fresh
58600898,57956,90.95,873.00,70.30,0.445,4.267,0.344,banana,fresh
58601909,57957,90.85,873.10,70.45,0.444,4.267,0.344,banana,fresh
58602920,57958,90.85,873.00,70.25,0.444,4.267,0.343,banana,fresh
58603931,57959,91.00,873.10,70.25,0.445,4.267,0.343,banana,fresh
58604943,57960,90.95,873.00,70.25,0.445,4.267,0.343,banana,fresh
58605954,57961,90.90,873.00,70.15,0.444,4.267,0.343,banana,fresh
58606964,57962,91.00,873.05,70.35,0.445,4.267,0.344,banana,fresh
58607976,57963,90.90,873.00,70.25,0.444,4.267,0.343,banana,fresh
58608987,57964,91.00,873.00,70.20,0.445,4.267,0.343,banana,fresh
58609998,57965,90.85,873.00,70.20,0.444,4.267,0.343,banana,fresh
58611009,57966,90.90,873.10,70.25,0.444,4.267,0.343,banana,fresh
58612021,57967,90.85,873.05,70.25,0.444,4.267,0.343,banana,fresh
58613031,57968,90.85,873.00,70.45,0.444,4.267,0.344,banana,fresh
58614042,57969,90.95,873.00,70.30,0.445,4.267,0.344,banana,fresh
58615054,57970,91.00,873.00,70.20,0.445,4.267,0.343,banana,fresh
58616065,57971,90.80,873.05,70.25,0.444,4.267,0.343,banana,fresh
58617076,57972,90.90,873.05,70.30,0.444,4.267,0.344,banana,fresh
58618087,57973,91.00,873.00,70.30,0.445,4.267,0.344,banana,fresh
58619099,57974,90.80,873.00,70.15,0.444,4.267,0.343,banana,fresh
58620109,57975,90.95,873.00,70.25,0.445,4.267,0.343,banana,fresh
58621120,57976,90.95,873.00,70.30,0.445,4.267,0.344,banana,fresh
58622132,57977,91.00,873.00,70.15,0.445,4.267,0.343,banana,fresh
58623142,57978,91.00,873.00,70.30,0.445,4.267,0.344,banana,fresh
58624154,57979,90.95,873.05,70.25,0.445,4.267,0.343,banana,fresh
58625165,57980,90.85,873.00,70.30,0.444,4.267,0.344,banana,fresh
58626177,57981,90.95,873.00,70.25,0.445,4.267,0.343,banana,fresh
58627187,57982,90.95,873.00,70.20,0.445,4.267,0.343,banana,fresh
58628198,57983,91.00,873.00,70.05,0.445,4.267,0.342,banana,fresh
58629210,57984,90.90,873.00,70.10,0.444,4.267,0.343,banana,fresh
58630220,57985,91.00,873.05,70.25,0.445,4.267,0.343,banana,fresh
58631232,57986,90.90,873.00,70.20,0.444,4.267,0.343,banana,fresh
58632243,57987,91.00,873.00,70.30,0.445,4.267,0.344,banana,fresh
58633254,57988,90.90,873.00,70.15,0.444,4.267,0.343,banana,fresh
58634265,57989,90.85,873.00,70.30,0.444,4.267,0.344,banana,fresh
58635276,57990,90.95,873.00,70.10,0.445,4.267,0.343,banana,fresh
58636288,57991,90.85,872.95,70.25,0.444,4.267,0.343,banana,fresh
58637298,57992,90.95,873.00,70.25,0.445,4.267,0.343,banana,fresh
58638310,57993,90.80,873.00,70.10,0.444,4.267,0.343,banana,fresh
58639321,57994,90.90,873.05,70.20,0.444,4.267,0.343,banana,fresh
58640332,57995,90.90,873.00,70.35,0.444,4.267,0.344,banana,fresh
58641343,57996,90.80,873.00,70.30,0.444,4.267,0.344,banana,fresh
58642355,57997,90.90,873.00,70.30,0.444,4.267,0.344,banana,fresh
58643365,57998,90.75,873.00,70.35,0.444,4.267,0.344,banana,fresh
58644376,57999,90.95,873.00,70.10,0.445,4.267,0.343,banana,fresh
58645388,58000,90.95,873.00,70.20,0.445,4.267,0.343,banana,fresh
58646398,58001,90.80,873.00,70.15,0.444,4.267,0.343,banana,fresh
58647410,58002,90.85,873.00,70.05,0.444,4.267,0.342,banana,fresh
58648421,58003,90.90,873.00,70.05,0.444,4.267,0.342,banana,fresh
58649433,58004,90.80,873.00,70.25,0.444,4.267,0.343,banana,fresh
58650443,58005,90.90,873.00,70.20,0.444,4.267,0.343,banana,fresh
58651454,58006,90.90,873.00,70.10,0.444,4.267,0.343,banana,fresh
58652466,58007,90.85,873.00,70.15,0.444,4.267,0.343,banana,fresh
58653476,58008,90.95,872.95,70.20,0.445,4.267,0.343,banana,fresh
58654488,58009,90.80,873.00,70.20,0.444,4.267,0.343,banana,fresh
58655499,58010,90.85,872.95,70.05,0.444,4.267,0.342,banana,fresh
58656510,58011,90.85,873.00,70.15,0.444,4.267,0.343,banana,fresh
58657521,58012,90.80,873.00,70.10,0.444,4.267,0.343,banana,fresh
58658532,58013,90.80,873.00,70.15,0.444,4.267,0.343,banana,fresh
58659544,58014,90.65,872.95,70.30,0.443,4.267,0.344,banana,fresh
58660554,58015,90.90,872.95,70.20,0.444,4.267,0.343,banana,fresh
58661566,58016,90.85,873.00,70.15,0.444,4.267,0.343,banana,fresh
58662577,58017,90.85,873.00,70.00,0.444,4.267,0.342,banana,fresh
58663588,58018,90.80,873.00,70.25,0.444,4.267,0.343,banana,fresh
58664599,58019,90.75,873.00,70.30,0.444,4.267,0.344,banana,fresh
58665610,58020,90.75,873.00,70.05,0.444,4.267,0.342,banana,fresh
58666621,58021,90.65,873.00,70.20,0.443,4.267,0.343,banana,fresh
58667632,58022,90.80,873.00,70.20,0.444,4.267,0.343,banana,fresh
58668644,58023,90.90,873.00,70.35,0.444,4.267,0.344,banana,fresh
58669655,58024,90.90,873.00,70.15,0.444,4.267,0.343,banana,fresh
58670666,58025,90.75,873.05,70.05,0.444,4.267,0.342,banana,fresh
58671677,58026,90.70,872.95,70.30,0.443,4.267,0.344,banana,fresh
58672688,58027,90.70,873.00,70.15,0.443,4.267,0.343,banana,fresh
58673699,58028,90.75,873.00,70.20,0.444,4.267,0.343,banana,fresh
58674710,58029,90.80,873.00,70.25,0.444,4.267,0.343,banana,fresh
58675722,58030,90.80,873.00,70.15,0.444,4.267,0.343,banana,fresh
58676732,58031,90.80,872.95,70.10,0.444,4.267,0.343,banana,fresh
58677744,58032,90.85,873.00,70.15,0.444,4.267,0.343,banana,fresh
58678755,58033,90.70,873.00,70.25,0.443,4.267,0.343,banana,fresh
58679766,58034,90.90,873.00,70.15,0.444,4.267,0.343,banana,fresh
58680777,58035,90.60,873.00,70.10,0.443,4.267,0.343,banana,fresh
58681788,58036,90.65,873.00,70.15,0.443,4.267,0.343,banana,fresh
58682800,58037,90.80,873.00,70.05,0.444,4.267,0.342,banana,fresh
58683810,58038,90.85,873.00,70.15,0.444,4.267,0.343,banana,fresh
58684822,58039,90.75,872.95,70.20,0.444,4.267,0.343,banana,fresh
58685833,58040,90.65,872.95,70.30,0.443,4.267,0.344,banana,fresh
58686844,58041,90.95,872.95,70.10,0.445,4.267,0.343,banana,fresh
58687855,58042,90.75,873.00,70.10,0.444,4.267,0.343,banana,fresh
58688866,58043,90.80,872.95,70.05,0.444,4.267,0.342,banana,fresh
58689878,58044,90.75,872.95,70.10,0.444,4.267,0.343,banana,fresh
58690888,58045,90.80,873.00,70.15,0.444,4.267,0.343,banana,fresh
58691900,58046,90.75,873.00,70.10,0.444,4.267,0.343,banana,fresh
58692911,58047,90.80,873.00,70.10,0.444,4.267,0.343,banana,fresh
58693922,58048,90.70,873.00,70.15,0.443,4.267,0.343,banana,fresh
58694933,58049,90.70,873.00,70.05,0.443,4.267,0.342,banana,fresh
58695944,58050,90.70,873.00,70.15,0.443,4.267,0.343,banana,fresh
58696955,58051,90.80,872.90,70.05,0.444,4.266,0.342,banana,fresh
58697966,58052,90.75,872.95,70.20,0.444,4.267,0.343,banana,fresh
58698978,58053,90.75,873.00,70.15,0.444,4.267,0.343,banana,fresh
58699988,58054,90.75,872.95,70.05,0.444,4.267,0.342,banana,fresh
58701000,58055,90.60,873.00,70.10,0.443,4.267,0.343,banana,fresh
58702011,58056,90.75,873.00,70.15,0.444,4.267,0.343,banana,fresh
58703022,58057,90.75,872.90,70.00,0.444,4.266,0.342,banana,fresh
58704033,58058,90.80,872.95,70.00,0.444,4.267,0.342,banana,fresh
58705044,58059,90.60,873.00,70.10,0.443,4.267,0.343,banana,fresh
58706056,58060,90.70,872.95,70.10,0.443,4.267,0.343,banana,fresh
58707066,58061,90.65,873.00,70.10,0.443,4.267,0.343,banana,fresh
58708078,58062,90.75,873.00,70.05,0.444,4.267,0.342,banana,fresh
58709089,58063,90.65,872.95,70.15,0.443,4.267,0.343,banana,fresh
58710099,58064,90.75,872.95,70.05,0.444,4.267,0.342,banana,fresh
58711111,58065,90.60,873.00,70.15,0.443,4.267,0.343,banana,fresh
58712122,58066,90.65,873.00,70.10,0.443,4.267,0.343,banana,fresh
58713134,58067,90.60,872.95,70.25,0.443,4.267,0.343,banana,fresh
58714144,58068,90.70,873.00,70.00,0.443,4.267,0.342,banana,fresh
58715156,58069,90.80,872.85,70.00,0.444,4.266,0.342,banana,fresh
58716167,58070,90.45,873.00,70.15,0.442,4.267,0.343,banana,fresh
58717177,58071,90.60,872.95,70.10,0.443,4.267,0.343,banana,fresh
58718189,58072,90.65,872.90,70.10,0.443,4.266,0.343,banana,fresh
58719200,58073,90.90,872.95,70.15,0.444,4.267,0.343,banana,fresh
58720211,58074,90.50,872.95,70.00,0.442,4.267,0.342,banana,fresh
58721222,58075,90.70,872.80,70.10,0.443,4.266,0.343,banana,fresh
58722234,58076,90.70,873.00,70.05,0.443,4.267,0.342,banana,fresh
58723245,58077,90.70,873.00,70.10,0.443,4.267,0.343,banana,fresh
58724255,58078,90.60,872.95,70.05,0.443,4.267,0.342,banana,fresh
58725267,58079,90.60,872.90,70.10,0.443,4.266,0.343,banana,fresh
58726278,58080,90.65,873.00,70.20,0.443,4.267,0.343,banana,fresh
58727289,58081,90.85,872.95,70.05,0.444,4.267,0.342,banana,fresh
58728300,58082,90.70,872.95,70.10,0.443,4.267,0.343,banana,fresh
58729312,58083,90.65,872.95,70.05,0.443,4.267,0.342,banana,fresh
58730322,58084,90.60,873.00,70.05,0.443,4.267,0.342,banana,fresh
58731334,58085,90.85,873.00,70.25,0.444,4.267,0.343,banana,fresh
58732345,58086,90.60,872.95,70.15,0.443,4.267,0.343,banana,fresh
58733356,58087,90.65,873.00,70.05,0.443,4.267,0.342,banana,fresh
58734367,58088,90.65,872.85,70.05,0.443,4.266,0.342,banana,fresh
58735378,58089,90.75,872.95,70.10,0.444,4.267,0.343,banana,fresh
58736390,58090,90.60,872.95,70.10,0.443,4.267,0.343,banana,fresh
58737400,58091,90.60,873.00,70.05,0.443,4.267,0.342,banana,fresh
58738412,58092,90.75,872.85,70.00,0.444,4.266,0.342,banana,fresh
58739423,58093,90.70,872.90,70.10,0.443,4.266,0.343,banana,fresh
58740433,58094,90.55,872.90,70.10,0.443,4.266,0.343,banana,fresh
58741445,58095,90.70,872.90,70.15,0.443,4.266,0.343,banana,fresh
58742456,58096,90.70,872.90,70.10,0.443,4.266,0.343,banana,fresh
58743468,58097,90.55,872.85,70.05,0.443,4.266,0.342,banana,fresh
58744478,58098,90.70,872.85,70.05,0.443,4.266,0.342,banana,fresh
58745490,58099,90.70,873.00,70.00,0.443,4.267,0.342,banana,fresh
58746501,58100,90.80,872.85,70.00,0.444,4.266,0.342,banana,fresh
58747512,58101,90.55,872.95,70.00,0.443,4.267,0.342,banana,fresh
58748523,58102,90.70,872.85,70.10,0.443,4.266,0.343,banana,fresh
58749534,58103,90.65,872.95,70.10,0.443,4.267,0.343,banana,fresh
58750545,58104,90.60,872.90,70.00,0.443,4.266,0.342,banana,fresh
58751556,58105,90.50,872.95,70.05,0.442,4.267,0.342,banana,fresh
58752568,58106,90.75,872.90,70.05,0.444,4.266,0.342,banana,fresh
58753579,58107,90.55,872.95,70.10,0.443,4.267,0.343,banana,fresh
58754590,58108,90.55,872.85,70.15,0.443,4.266,0.343,banana,fresh
58755601,58109,90.70,872.85,70.05,0.443,4.266,0.342,banana,fresh
58756612,58110,90.40,872.85,70.00,0.442,4.266,0.342,banana,fresh
58757623,58111,90.55,872.90,70.10,0.443,4.266,0.343,banana,fresh
58758634,58112,90.50,872.90,70.00,0.442,4.266,0.342,banana,fresh
58759646,58113,90.40,872.90,70.05,0.442,4.266,0.342,banana,fresh
58760656,58114,90.50,872.95,70.05,0.442,4.267,0.342,banana,fresh
58761668,58115,90.55,872.80,70.10,0.443,4.266,0.343,banana,fresh
58762679,58116,90.45,873.00,70.10,0.442,4.267,0.343,banana,fresh
58763689,58117,90.55,872.75,70.05,0.443,4.266,0.342,banana,fresh
58764701,58118,90.55,872.85,70.05,0.443,4.266,0.342,banana,fresh
58765712,58119,90.65,872.95,70.05,0.443,4.267,0.342,banana,fresh
58766724,58120,90.40,872.85,70.05,0.442,4.266,0.342,banana,fresh
58767734,58121,90.45,873.00,70.15,0.442,4.267,0.343,banana,fresh
58768746,58122,90.45,872.90,70.10,0.442,4.266,0.343,banana,fresh
58769757,58123,90.60,872.85,70.05,0.443,4.266,0.342,banana,fresh
58770768,58124,90.50,872.80,70.05,0.442,4.266,0.342,banana,fresh
58771779,58125,90.60,872.85,70.05,0.443,4.266,0.342,banana,fresh
58772790,58126,90.65,872.85,70.05,0.443,4.266,0.342,banana,fresh
58773801,58127,90.60,872.90,70.05,0.443,4.266,0.342,banana,fresh
58774812,58128,90.35,872.75,70.05,0.442,4.266,0.342,banana,fresh
58775824,58129,90.70,872.80,70.10,0.443,4.266,0.343,banana,fresh
58776835,58130,90.40,872.85,70.10,0.442,4.266,0.343,banana,fresh
58777846,58131,90.50,872.85,70.00,0.442,4.266,0.342,banana,fresh
58778857,58132,90.70,872.80,70.05,0.443,4.266,0.342,banana,fresh
58779868,58133,90.60,872.85,70.00,0.443,4.266,0.342,banana,fresh
58780879,58134,90.20,872.55,70.10,0.441,4.265,0.343,banana,fresh
58781890,58135,90.30,872.75,70.00,0.441,4.266,0.342,banana,fresh
58782902,58136,90.45,872.85,70.05,0.442,4.266,0.342,banana,fresh
58783912,58137,90.45,872.90,70.00,0.442,4.266,0.342,banana,fresh
58784924,58138,90.40,872.65,70.00,0.442,4.265,0.342,banana,fresh
58785935,58139,90.35,872.80,70.05,0.442,4.266,0.342,banana,fresh
58786947,58140,90.65,872.85,70.00,0.443,4.266,0.342,banana,fresh
58787957,58141,90.60,872.80,70.05,0.443,4.266,0.342,banana,fresh
58788968,58142,90.35,872.80,70.15,0.442,4.266,0.343,banana,fresh
58789980,58143,90.60,872.75,70.00,0.443,4.266,0.342,banana,fresh
58790990,58144,90.45,872.75,70.05,0.442,4.266,0.342,banana,fresh
58792002,58145,90.55,872.70,70.10,0.443,4.265,0.343,banana,fresh
58793013,58146,90.60,872.85,70.00,0.443,4.266,0.342,banana,fresh
58794024,58147,90.50,872.80,70.00,0.442,4.266,0.342,banana,fresh
58795035,58148,90.30,872.65,70.20,0.441,4.265,0.343,banana,fresh
58796046,58149,90.50,872.75,70.00,0.442,4.266,0.342,banana,fresh
58797058,58150,90.45,872.85,70.00,0.442,4.266,0.342,banana,fresh
58798068,58151,90.50,872.75,70.00,0.442,4.266,0.342,banana,fresh
58799080,58152,90.45,872.75,70.00,0.442,4.266,0.342,banana,fresh
58800091,58153,90.40,872.90,70.00,0.442,4.266,0.342,banana,fresh
58801102,58154,90.40,872.60,70.10,0.442,4.265,0.343,banana,fresh
58802113,58155,90.45,872.55,70.15,0.442,4.265,0.343,banana,fresh
58803124,58156,90.40,872.75,70.05,0.442,4.266,0.342,banana,fresh
58804135,58157,90.45,872.80,70.05,0.442,4.266,0.342,banana,fresh
58805146,58158,90.40,872.70,70.05,0.442,4.265,0.342,banana,fresh
58806158,58159,90.30,872.80,70.05,0.441,4.266,0.342,banana,fresh
58807169,58160,90.40,872.85,70.05,0.442,4.266,0.342,banana,fresh
58808180,58161,90.40,872.75,70.05,0.442,4.266,0.342,banana,fresh
58809191,58162,90.30,872.90,70.05,0.441,4.266,0.342,banana,fresh
58810202,58163,90.50,872.85,70.00,0.442,4.266,0.342,banana,fresh
58811213,58164,90.40,872.75,70.15,0.442,4.266,0.343,banana,fresh
58812224,58165,90.35,872.70,70.05,0.442,4.265,0.342,banana,fresh
58813236,58166,90.45,872.75,70.00,0.442,4.266,0.342,banana,fresh
58814246,58167,90.35,872.55,70.00,0.442,4.265,0.342,banana,fresh
58815258,58168,90.55,872.80,70.00,0.443,4.266,0.342,banana,fresh
58816269,58169,90.35,872.70,70.05,0.442,4.265,0.342,banana,fresh
58817281,58170,90.35,872.75,70.15,0.442,4.266,0.343,banana,fresh
58818291,58171,90.40,872.75,70.00,0.442,4.266,0.342,banana,fresh
58819302,58172,90.30,872.80,70.00,0.441,4.266,0.342,banana,fresh
58820314,58173,90.50,872.55,70.05,0.442,4.265,0.342,banana,fresh
58821324,58174,90.50,872.65,70.00,0.442,4.265,0.342,banana,fresh
58822336,58175,90.30,872.75,70.05,0.441,4.266,0.342,banana,fresh
58823347,58176,90.30,872.50,70.05,0.441,4.264,0.342,banana,fresh
58824358,58177,90.55,872.70,70.00,0.443,4.265,0.342,banana,fresh
58825369,58178,90.20,872.40,70.05,0.441,4.264,0.342,banana,fresh
58826380,58179,90.20,872.50,70.05,0.441,4.264,0.342,banana,fresh
58827392,58180,90.55,872.60,70.00,0.443,4.265,0.342,banana,fresh
58828402,58181,90.35,872.60,70.00,0.442,4.265,0.342,banana,fresh
58829414,58182,90.35,872.70,70.10,0.442,4.265,0.343,banana,fresh
58830425,58183,90.45,872.60,70.05,0.442,4.265,0.342,banana,fresh
58831436,58184,90.35,872.65,70.05,0.442,4.265,0.342,banana,fresh
58832447,58185,90.40,872.70,70.00,0.442,4.265,0.342,banana,fresh
58833459,58186,90.30,872.60,70.10,0.441,4.265,0.343,banana,fresh
58834469,58187,90.30,872.65,70.00,0.441,4.265,0.342,banana,fresh
58835480,58188,90.20,872.75,70.00,0.441,4.266,0.342,banana,fresh
58836492,58189,90.35,872.60,70.00,0.442,4.265,0.342,banana,fresh
58837502,58190,90.45,872.55,70.00,0.442,4.265,0.342,banana,fresh
58838514,58191,90.50,872.70,70.00,0.442,4.265,0.342,banana,fresh
58839525,58192,90.30,872.50,70.05,0.441,4.264,0.342,banana,fresh
58840537,58193,90.30,872.50,70.00,0.441,4.264,0.342,banana,fresh
58841547,58194,90.40,872.60,70.05,0.442,4.265,0.342,banana,fresh
58842558,58195,90.35,872.65,70.05,0.442,4.265,0.342,banana,fresh
58843570,58196,90.35,872.45,70.00,0.442,4.264,0.342,banana,fresh
58844580,58197,90.30,872.65,70.00,0.441,4.265,0.342,banana,fresh
58845592,58198,90.35,872.60,70.00,0.442,4.265,0.342,banana,fresh
58846603,58199,90.25,872.60,70.00,0.441,4.265,0.342,banana,fresh
58847614,58200,90.20,872.40,70.00,0.441,4.264,0.342,banana,fresh
58848625,58201,90.15,872.30,70.05,0.441,4.263,0.342,banana,fresh
58849636,58202,90.50,872.40,70.05,0.442,4.264,0.342,banana,fresh
58850648,58203,90.45,872.50,70.00,0.442,4.264,0.342,banana,fresh
58851658,58204,90.45,872.45,69.95,0.442,4.264,0.342,banana,fresh
58852670,58205,90.30,872.40,70.00,0.441,4.264,0.342,banana,fresh
58853681,58206,90.30,872.60,70.00,0.441,4.265,0.342,banana,fresh
58854692,58207,90.45,872.45,70.00,0.442,4.264,0.342,banana,fresh
58855703,58208,90.45,872.60,70.00,0.442,4.265,0.342,banana,fresh
58856714,58209,90.40,872.60,70.00,0.442,4.265,0.342,banana,fresh
58857725,58210,90.35,872.65,70.00,0.442,4.265,0.342,banana,fresh
58858736,58211,90.40,872.50,70.05,0.442,4.264,0.342,banana,fresh
58859748,58212,90.45,872.65,70.05,0.442,4.265,0.342,banana,fresh
58860759,58213,90.25,872.45,70.00,0.441,4.264,0.342,banana,fresh
58861770,58214,90.35,872.55,70.00,0.442,4.265,0.342,banana,fresh
58862781,58215,90.20,872.50,70.00,0.441,4.264,0.342,banana,fresh
58863793,58216,90.35,872.50,70.05,0.442,4.264,0.342,banana,fresh
58864803,58217,90.40,872.40,69.95,0.442,4.264,0.342,banana,fresh
58865814,58218,90.25,872.45,70.10,0.441,4.264,0.343,banana,fresh
58866826,58219,90.25,872.25,70.05,0.441,4.263,0.342,banana,fresh
58867836,58220,90.35,872.45,70.00,0.442,4.264,0.342,banana,fresh
58868848,58221,90.30,872.50,70.00,0.441,4.264,0.342,banana,fresh
58869859,58222,90.25,872.35,69.95,0.441,4.264,0.342,banana,fresh
58870871,58223,90.25,872.35,70.00,0.441,4.264,0.342,banana,fresh
58871881,58224,90.45,872.35,70.00,0.442,4.264,0.342,banana,fresh
58872893,58225,90.15,872.40,70.05,0.441,4.264,0.342,banana,fresh
58873904,58226,90.25,872.35,70.00,0.441,4.264,0.342,banana,fresh
58874914,58227,90.20,872.40,70.00,0.441,4.264,0.342,banana,fresh
58875926,58228,90.20,872.40,70.00,0.441,4.264,0.342,banana,fresh
58876937,58229,90.30,872.40,70.00,0.441,4.264,0.342,banana,fresh
58877948,58230,90.20,872.60,70.00,0.441,4.265,0.342,banana,fresh
58878959,58231,90.30,872.40,69.95,0.441,4.264,0.342,banana,fresh
58879971,58232,90.40,872.45,70.00,0.442,4.264,0.342,banana,fresh
58880982,58233,90.30,872.50,70.00,0.441,4.264,0.342,banana,fresh
58881992,58234,90.30,872.35,70.00,0.441,4.264,0.342,banana,fresh
58883004,58235,90.20,872.30,69.95,0.441,4.263,0.342,banana,fresh
58884015,58236,90.15,872.40,70.00,0.441,4.264,0.342,banana,fresh
58885026,58237,90.25,872.30,70.00,0.441,4.263,0.342,banana,fresh
58886037,58238,90.25,872.40,70.00,0.441,4.264,0.342,banana,fresh
58887049,58239,90.30,872.50,70.00,0.441,4.264,0.342,banana,fresh
58888059,58240,90.15,872.45,70.00,0.441,4.264,0.342,banana,fresh
58889070,58241,90.20,872.20,70.05,0.441,4.263,0.342,banana,fresh
58890082,58242,90.40,872.40,70.00,0.442,4.264,0.342,banana,fresh
58891092,58243,90.30,872.35,70.00,0.441,4.264,0.342,banana,fresh
58892104,58244,90.10,872.30,70.00,0.440,4.263,0.342,banana,fresh
58893115,58245,90.35,872.20,70.00,0.442,4.263,0.342,banana,fresh
58894127,58246,90.15,872.40,70.00,0.441,4.264,0.342,banana,fresh
58895137,58247,90.15,872.55,70.00,0.441,4.265,0.342,banana,fresh
58896148,58248,90.35,872.50,70.00,0.442,4.264,0.342,banana,fresh
58897160,58249,90.25,872.30,70.00,0.441,4.263,0.342,banana,fresh
58898170,58250,90.10,872.25,70.00,0.440,4.263,0.342,banana,fresh
58899182,58251,90.40,872.20,70.00,0.442,4.263,0.342,banana,fresh
58900193,58252,90.25,872.30,69.95,0.441,4.263,0.342,banana,fresh
58901204,58253,90.20,872.30,70.00,0.441,4.263,0.342,banana,fresh
58902215,58254,90.30,872.35,70.00,0.441,4.264,0.342,banana,fresh
58903226,58255,90.30,872.40,70.00,0.441,4.264,0.342,banana,fresh
58904238,58256,90.25,872.15,70.00,0.441,4.263,0.342,banana,fresh
58905248,58257,90.20,872.25,69.95,0.441,4.263,0.342,banana,fresh
58906260,58258,90.20,872.30,69.95,0.441,4.263,0.342,banana,fresh
58907271,58259,90.20,872.35,70.00,0.441,4.264,0.342,banana,fresh
58908282,58260,90.25,872.45,70.00,0.441,4.264,0.342,banana,fresh
58909293,58261,90.25,872.20,70.00,0.441,4.263,0.342,banana,fresh
58910305,58262,90.35,872.10,70.00,0.442,4.262,0.342,banana,fresh
58911315,58263,90.20,872.25,70.05,0.441,4.263,0.342,banana,fresh
58912326,58264,90.40,872.25,70.00,0.442,4.263,0.342,banana,fresh
58913338,58265,90.25,872.10,70.00,0.441,4.262,0.342,banana,fresh
58914349,58266,90.30,872.25,70.00,0.441,4.263,0.342,banana,fresh
58915360,58267,90.25,872.30,70.00,0.441,4.263,0.342,banana,fresh
58916371,58268,90.15,872.15,70.00,0.441,4.263,0.342,banana,fresh
58917383,58269,90.20,872.15,70.05,0.441,4.263,0.342,banana,fresh
58918393,58270,90.30,872.40,69.95,0.441,4.264,0.342,banana,fresh
58919404,58271,90.45,872.35,70.00,0.442,4.264,0.342,banana,fresh
58920416,58272,90.20,872.20,70.00,0.441,4.263,0.342,banana,fresh
58921426,58273,90.20,872.20,70.00,0.441,4.263,0.342,banana,fresh
58922438,58274,90.20,872.30,70.00,0.441,4.263,0.342,banana,fresh
58923449,58275,90.20,872.10,70.00,0.441,4.262,0.342,banana,fresh
58924461,58276,90.35,872.15,69.95,0.442,4.263,0.342,banana,fresh
58925471,58277,90.30,872.30,70.00,0.441,4.263,0.342,banana,fresh
58926483,58278,90.35,872.25,70.00,0.442,4.263,0.342,banana,fresh
58927494,58279,90.40,872.40,70.00,0.442,4.264,0.342,banana,fresh
58928504,58280,90.15,872.30,70.00,0.441,4.263,0.342,banana,fresh
58929516,58281,90.20,872.35,70.00,0.441,4.264,0.342,banana,fresh
58930527,58282,90.25,872.35,70.00,0.441,4.264,0.342,banana,fresh
58931538,58283,90.20,872.40,70.00,0.441,4.264,0.342,banana,fresh
58932549,58284,90.20,872.25,69.90,0.441,4.263,0.342,banana,fresh
58933561,58285,90.15,872.25,70.05,0.441,4.263,0.342,banana,fresh
58934572,58286,90.20,872.40,70.00,0.441,4.264,0.342,banana,fresh
58935582,58287,90.20,872.25,70.00,0.441,4.263,0.342,banana,fresh
58936594,58288,90.20,872.05,70.00,0.441,4.262,0.342,banana,fresh
58937605,58289,90.30,872.20,70.00,0.441,4.263,0.342,banana,fresh
58938616,58290,90.05,872.15,70.00,0.440,4.263,0.342,banana,fresh
58939627,58291,90.25,872.20,69.95,0.441,4.263,0.342,banana,fresh
58940639,58292,90.30,872.10,69.95,0.441,4.262,0.342,banana,fresh
58941649,58293,90.30,872.05,70.00,0.441,4.262,0.342,banana,fresh
58942660,58294,90.20,872.15,69.95,0.441,4.263,0.342,banana,fresh
58943672,58295,90.25,872.05,70.00,0.441,4.262,0.342,banana,fresh
58944683,58296,90.20,872.20,70.00,0.441,4.263,0.342,banana,fresh
58945694,58297,90.10,872.20,69.95,0.440,4.263,0.342,banana,fresh
58946705,58298,90.25,872.25,69.95,0.441,4.263,0.342,banana,fresh
58947717,58299,90.10,872.30,70.00,0.440,4.263,0.342,banana,fresh
58948727,58300,90.25,872.20,70.00,0.441,4.263,0.342,banana,fresh
58949738,58301,90.40,872.20,70.00,0.442,4.263,0.342,banana,fresh
58950750,58302,90.05,872.10,70.00,0.440,4.262,0.342,banana,fresh
58951760,58303,90.20,872.30,70.00,0.441,4.263,0.342,banana,fresh
58952772,58304,90.10,872.15,70.00,0.440,4.263,0.342,banana,fresh
58953783,58305,90.25,872.10,69.95,0.441,4.262,0.342,banana,fresh
58954795,58306,90.25,872.15,70.00,0.441,4.263,0.342,banana,fresh
58955805,58307,90.25,872.30,70.00,0.441,4.263,0.342,banana,fresh
58956816,58308,90.25,872.25,69.95,0.441,4.263,0.342,banana,fresh
58957828,58309,90.20,872.30,69.90,0.441,4.263,0.342,banana,fresh
58958838,58310,90.20,872.25,70.00,0.441,4.263,0.342,banana,fresh
58959850,58311,90.15,872.30,70.00,0.441,4.263,0.342,banana,fresh
58960861,58312,90.10,872.10,70.00,0.440,4.262,0.342,banana,fresh
58961872,58313,90.15,872.15,70.00,0.441,4.263,0.342,banana,fresh
58962883,58314,90.35,872.20,70.00,0.442,4.263,0.342,banana,fresh
58963895,58315,90.20,872.10,70.00,0.441,4.262,0.342,banana,fresh
58964905,58316,90.20,872.25,69.95,0.441,4.263,0.342,banana,fresh
58965916,58317,90.35,872.35,70.05,0.442,4.264,0.342,banana,fresh
58966928,58318,90.40,872.05,69.95,0.442,4.262,0.342,banana,fresh
58967939,58319,90.10,872.20,70.00,0.440,4.263,0.342,banana,fresh
58968950,58320,90.20,872.10,69.95,0.441,4.262,0.342,banana,fresh
58969961,58321,90.05,872.00,70.00,0.440,4.262,0.342,banana,fresh
58970973,58322,90.20,872.15,70.00,0.441,4.263,0.342,banana,fresh
58971983,58323,90.05,872.15,69.95,0.440,4.263,0.342,banana,fresh
58972994,58324,90.20,872.15,69.90,0.441,4.263,0.342,banana,fresh
58974006,58325,90.15,872.20,70.00,0.441,4.263,0.342,banana,fresh
58975016,58326,90.10,872.15,70.00,0.440,4.263,0.342,banana,fresh
58976028,58327,90.10,872.10,69.90,0.440,4.262,0.342,banana,fresh
58977039,58328,90.05,872.10,70.00,0.440,4.262,0.342,banana,fresh
58978051,58329,90.20,872.10,70.00,0.441,4.262,0.342,banana,fresh
58979061,58330,90.10,872.15,69.95,0.440,4.263,0.342,banana,fresh
58980072,58331,90.05,872.30,70.00,0.440,4.263,0.342,banana,fresh
58981084,58332,90.10,872.25,70.00,0.440,4.263,0.342,banana,fresh
58982094,58333,90.15,872.10,70.00,0.441,4.262,0.342,banana,fresh
58983106,58334,90.20,872.20,70.00,0.441,4.263,0.342,banana,fresh
58984117,58335,90.15,872.10,70.00,0.441,4.262,0.342,banana,fresh
58985128,58336,90.15,872.25,70.00,0.441,4.263,0.342,banana,fresh
58986139,58337,90.20,872.10,69.90,0.441,4.262,0.342,banana,fresh
58987150,58338,90.30,872.25,70.00,0.441,4.263,0.342,banana,fresh
58988162,58339,90.20,872.05,70.00,0.441,4.262,0.342,banana,fresh
58989172,58340,90.10,872.05,70.00,0.440,4.262,0.342,banana,fresh
58990184,58341,90.05,872.10,70.00,0.440,4.262,0.342,banana,fresh
58991195,58342,90.10,872.15,70.00,0.440,4.263,0.342,banana,fresh
58992206,58343,90.10,872.15,70.00,0.440,4.263,0.342,banana,fresh
58993217,58344,90.20,872.10,70.00,0.441,4.262,0.342,banana,fresh
58994228,58345,90.05,872.05,70.00,0.440,4.262,0.342,banana,fresh
58995239,58346,90.10,872.00,69.95,0.440,4.262,0.342,banana,fresh
58996250,58347,90.15,872.05,70.00,0.441,4.262,0.342,banana,fresh
58997262,58348,90.10,872.05,70.00,0.440,4.262,0.342,banana,fresh
58998273,58349,90.00,872.00,70.00,0.440,4.262,0.342,banana,fresh
58999284,58350,90.05,872.15,70.00,0.440,4.263,0.342,banana,fresh
59000295,58351,90.10,872.10,70.00,0.440,4.262,0.342,banana,fresh
59001306,58352,90.10,872.15,70.05,0.440,4.263,0.342,banana,fresh
59002317,58353,90.00,872.05,70.00,0.440,4.262,0.342,banana,fresh
59003328,58354,90.15,872.10,70.00,0.441,4.262,0.342,banana,fresh
59004340,58355,90.05,872.00,70.00,0.440,4.262,0.342,banana,fresh
59005350,58356,90.05,872.10,70.05,0.440,4.262,0.342,banana,fresh
59006361,58357,90.05,872.05,70.00,0.440,4.262,0.342,banana,fresh
59007373,58358,90.05,872.00,70.00,0.440,4.262,0.342,banana,fresh
59008384,58359,90.10,872.10,70.00,0.440,4.262,0.342,banana,fresh
59009395,58360,90.10,872.05,70.00,0.440,4.262,0.342,banana,fresh
59010406,58361,90.10,872.05,70.00,0.440,4.262,0.342,banana,fresh
59011418,58362,90.00,872.00,70.00,0.440,4.262,0.342,banana,fresh
59012428,58363,90.15,872.15,70.00,0.441,4.263,0.342,banana,fresh
59013439,58364,90.10,872.00,69.95,0.440,4.262,0.342,banana,fresh
59014451,58365,90.10,872.20,70.05,0.440,4.263,0.342,banana,fresh
59015461,58366,90.10,872.05,70.00,0.440,4.262,0.342,banana,fresh
59016473,58367,90.05,872.05,70.00,0.440,4.262,0.342,banana,fresh
59017484,58368,90.05,872.05,69.95,0.440,4.262,0.342,banana,fresh
59018494,58369,90.10,872.05,70.00,0.440,4.262,0.342,banana,fresh
59019506,58370,90.15,872.10,69.95,0.441,4.262,0.342,banana,fresh
59020517,58371,90.20,872.10,70.00,0.441,4.262,0.342,banana,fresh
59021529,58372,90.20,872.10,70.00,0.441,4.262,0.342,banana,fresh
59022539,58373,90.00,872.00,70.00,0.440,4.262,0.342,banana,fresh
59023551,58374,90.25,872.05,69.95,0.441,4.262,0.342,banana,fresh
59024562,58375,90.15,872.00,70.00,0.441,4.262,0.342,banana,fresh
59025573,58376,90.15,872.05,70.00,0.441,4.262,0.342,banana,fresh
59026584,58377,90.15,872.10,70.00,0.441,4.262,0.342,banana,fresh
59027595,58378,90.15,872.05,70.00,0.441,4.262,0.342,banana,fresh
59028606,58379,90.05,872.00,70.00,0.440,4.262,0.342,banana,fresh
59029617,58380,90.00,872.00,70.00,0.440,4.262,0.342,banana,fresh
59030629,58381,90.05,872.05,70.00,0.440,4.262,0.342,banana,fresh
59031640,58382,90.05,872.00,70.00,0.440,4.262,0.342,banana,fresh
59032650,58383,90.10,872.05,70.00,0.440,4.262,0.342,banana,fresh
59033662,58384,90.00,872.15,70.00,0.440,4.263,0.342,banana,fresh
59034673,58385,90.10,872.05,70.00,0.440,4.262,0.342,banana,fresh
59035684,58386,90.00,872.00,70.00,0.440,4.262,0.342,banana,fresh
59036695,58387,90.10,872.05,70.00,0.440,4.262,0.342,banana,fresh
59037707,58388,90.00,872.00,70.00,0.440,4.262,0.342,banana,fresh
59038717,58389,90.05,872.10,69.95,0.440,4.262,0.342,banana,fresh
59039728,58390,90.05,872.05,70.00,0.440,4.262,0.342,banana,fresh
59040740,58391,90.10,872.15,70.00,0.440,4.263,0.342,banana,fresh
59041751,58392,90.05,872.15,69.95,0.440,4.263,0.342,banana,fresh
59042762,58393,90.15,872.00,70.00,0.441,4.262,0.342,banana,fresh
59043773,58394,90.00,872.00,70.00,0.440,4.262,0.342,banana,fresh
59044785,58395,90.00,872.05,70.00,0.440,4.262,0.342,banana,fresh
59045795,58396,90.05,872.05,70.00,0.440,4.262,0.342,banana,fresh
59046806,58397,90.15,872.00,70.00,0.441,4.262,0.342,banana,fresh
59047818,58398,90.10,872.00,70.00,0.440,4.262,0.342,banana,fresh
59048828,58399,90.15,872.15,70.00,0.441,4.263,0.342,banana,fresh
59049840,58400,90.05,872.00,69.95,0.440,4.262,0.342,banana,fresh
59050851,58401,90.00,872.00,70.00,0.440,4.262,0.342,banana,fresh
59051862,58402,90.15,872.10,69.95,0.441,4.262,0.342,banana,fresh
59052873,58403,90.00,872.00,70.00,0.440,4.262,0.342,banana,fresh
59053884,58404,90.00,872.05,70.00,0.440,4.262,0.342,banana,fresh
59054896,58405,90.05,872.05,69.95,0.440,4.262,0.342,banana,fresh
59055906,58406,90.05,872.00,70.00,0.440,4.262,0.342,banana,fresh
59056918,58407,90.05,872.00,70.00,0.440,4.262,0.342,banana,fresh
59057929,58408,90.05,872.05,70.00,0.440,4.262,0.342,banana,fresh
59058939,58409,90.00,872.05,69.90,0.440,4.262,0.342,banana,fresh
59059951,58410,90.00,872.00,69.95,0.440,4.262,0.342,banana,fresh
59060962,58411,89.95,872.00,69.95,0.440,4.262,0.342,banana,fresh
59061974,58412,90.15,872.00,70.00,0.441,4.262,0.342,banana,fresh
59062984,58413,90.15,872.05,70.00,0.441,4.262,0.342,banana,fresh
59063996,58414,90.05,872.00,70.00,0.440,4.262,0.342,banana,fresh
59065007,58415,90.00,872.00,69.95,0.440,4.262,0.342,banana,fresh
59066017,58416,90.00,872.05,70.00,0.440,4.262,0.342,banana,fresh
59067029,58417,90.10,872.05,70.00,0.440,4.262,0.342,banana,fresh
59068040,58418,90.05,872.00,69.95,0.440,4.262,0.342,banana,fresh
59069051,58419,90.05,872.10,70.00,0.440,4.262,0.342,banana,fresh
59070062,58420,90.10,872.05,69.95,0.440,4.262,0.342,banana,fresh
59071074,58421,90.05,872.00,70.00,0.440,4.262,0.342,banana,fresh
59072084,58422,90.00,872.00,70.00,0.440,4.262,0.342,banana,fresh
59073095,58423,90.05,872.00,70.00,0.440,4.262,0.342,banana,fresh
59074107,58424,90.00,872.05,70.00,0.440,4.262,0.342,banana,fresh
59075118,58425,90.00,872.10,70.00,0.440,4.262,0.342,banana,fresh
59076129,58426,90.00,872.05,69.95,0.440,4.262,0.342,banana,fresh
59077140,58427,90.10,872.05,69.95,0.440,4.262,0.342,banana,fresh
59078151,58428,90.05,872.00,70.00,0.440,4.262,0.342,banana,fresh
59079162,58429,90.00,872.00,70.00,0.440,4.262,0.342,banana,fresh
59080173,58430,90.05,872.00,69.95,0.440,4.262,0.342,banana,fresh
59081185,58431,90.05,872.00,70.00,0.440,4.262,0.342,banana,fresh
59082195,58432,90.00,872.10,69.90,0.440,4.262,0.342,banana,fresh
59083207,58433,90.05,872.05,70.00,0.440,4.262,0.342,banana,fresh
59084218,58434,90.00,872.00,70.00,0.440,4.262,0.342,banana,fresh
59085229,58435,90.10,872.05,70.00,0.440,4.262,0.342,banana,fresh
59086240,58436,90.05,872.05,69.95,0.440,4.262,0.342,banana,fresh
59087251,58437,90.00,872.00,70.00,0.440,4.262,0.342,banana,fresh
59088263,58438,90.00,872.00,69.95,0.440,4.262,0.342,banana,fresh
59089273,58439,90.00,872.05,70.00,0.440,4.262,0.342,banana,fresh
59090284,58440,90.05,872.00,69.90,0.440,4.262,0.342,banana,fresh
59091296,58441,90.00,872.00,69.95,0.440,4.262,0.342,banana,fresh
59092306,58442,90.00,872.00,69.95,0.440,4.262,0.342,banana,fresh
59093318,58443,90.00,872.00,69.95,0.440,4.262,0.342,banana,fresh
59094329,58444,90.00,872.00,70.00,0.440,4.262,0.342,banana,fresh
59095341,58445,90.00,872.05,69.95,0.440,4.262,0.342,banana,fresh
59096351,58446,90.00,872.00,70.00,0.440,4.262,0.342,banana,fresh
59097362,58447,90.05,872.00,69.95,0.440,4.262,0.342,banana,fresh
59098374,58448,90.00,872.00,69.95,0.440,4.262,0.342,banana,fresh
59099384,58449,90.05,872.00,69.90,0.440,4.262,0.342,banana,fresh
59100396,58450,90.05,872.00,70.00,0.440,4.262,0.342,banana,fresh
59101407,58451,90.05,872.00,69.95,0.440,4.262,0.342,banana,fresh
59102417,58452,90.15,872.00,69.80,0.441,4.262,0.341,banana,fresh
59103429,58453,90.05,872.00,69.95,0.440,4.262,0.342,banana,fresh
59104440,58454,90.00,872.00,70.00,0.440,4.262,0.342,banana,fresh
59105452,58455,90.00,872.00,70.00,0.440,4.262,0.342,banana,fresh
59106462,58456,90.00,872.00,69.90,0.440,4.262,0.342,banana,fresh
59107474,58457,90.05,872.00,69.85,0.440,4.262,0.341,banana,fresh
59108485,58458,90.00,872.00,69.95,0.440,4.262,0.342,banana,fresh
59109495,58459,90.00,872.00,69.95,0.440,4.262,0.342,banana,fresh
59110507,58460,90.05,872.00,69.95,0.440,4.262,0.342,banana,fresh
59111518,58461,90.00,872.05,69.90,0.440,4.262,0.342,banana,fresh
59112529,58462,90.00,872.00,69.90,0.440,4.262,0.342,banana,fresh
59113540,58463,90.05,872.00,69.95,0.440,4.262,0.342,banana,fresh
59114552,58464,90.00,872.00,69.95,0.440,4.262,0.342,banana,fresh
59115563,58465,90.10,872.00,70.00,0.440,4.262,0.342,banana,fresh
59116573,58466,90.05,872.00,69.85,0.440,4.262,0.341,banana,fresh
59117585,58467,90.00,872.00,69.90,0.440,4.262,0.342,banana,fresh
59118596,58468,90.05,872.00,69.85,0.440,4.262,0.341,banana,fresh
59119607,58469,90.10,871.95,70.00,0.440,4.262,0.342,banana,fresh
59120618,58470,90.00,872.00,69.85,0.440,4.262,0.341,banana,fresh
59121629,58471,90.00,872.00,69.85,0.440,4.262,0.341,banana,fresh
59122640,58472,90.05,872.00,69.95,0.440,4.262,0.342,banana,fresh
59123651,58473,90.00,871.95,69.95,0.440,4.262,0.342,banana,fresh
59124663,58474,90.00,872.00,69.95,0.440,4.262,0.342,banana,fresh
59125673,58475,90.05,871.95,70.00,0.440,4.262,0.342,banana,fresh
59126685,58476,90.05,871.95,69.85,0.440,4.262,0.341,banana,fresh
59127696,58477,90.00,871.95,69.95,0.440,4.262,0.342,banana,fresh
59128707,58478,90.00,872.00,69.75,0.440,4.262,0.341,banana,fresh
59129718,58479,90.00,872.00,69.85,0.440,4.262,0.341,banana,fresh
59130729,58480,90.05,871.95,69.75,0.440,4.262,0.341,banana,fresh
59131741,58481,90.00,871.95,69.90,0.440,4.262,0.342,banana,fresh
59132751,58482,90.00,872.00,69.95,0.440,4.262,0.342,banana,fresh
59133763,58483,90.00,872.00,69.90,0.440,4.262,0.342,banana,fresh
59134774,58484,90.00,871.95,69.90,0.440,4.262,0.342,banana,fresh
59135784,58485,90.00,871.95,69.75,0.440,4.262,0.341,banana,fresh
59136796,58486,90.00,872.00,69.85,0.440,4.262,0.341,banana,fresh
59137807,58487,90.00,872.00,69.85,0.440,4.262,0.341,banana,fresh
59138819,58488,90.00,872.00,69.90,0.440,4.262,0.342,banana,fresh
59139829,58489,90.00,872.00,69.85,0.440,4.262,0.341,banana,fresh
59140841,58490,90.00,872.00,69.75,0.440,4.262,0.341,banana,fresh
59141852,58491,90.00,871.90,69.70,0.440,4.261,0.341,banana,fresh
59142862,58492,90.00,871.95,69.80,0.440,4.262,0.341,banana,fresh
59143874,58493,90.00,872.00,69.90,0.440,4.262,0.342,banana,fresh
59144885,58494,90.05,872.00,69.95,0.440,4.262,0.342,banana,fresh
59145896,58495,90.00,871.95,69.90,0.440,4.262,0.342,banana,fresh
59146907,58496,90.00,872.00,69.85,0.440,4.262,0.341,banana,fresh
59147919,58497,90.00,872.00,69.80,0.440,4.262,0.341,banana,fresh
59148930,58498,90.00,872.00,69.80,0.440,4.262,0.341,banana,fresh
59149940,58499,90.00,871.95,69.95,0.440,4.262,0.342,banana,fresh
59150952,58500,90.05,872.00,69.90,0.440,4.262,0.342,banana,fresh
59151963,58501,90.00,872.00,69.85,0.440,4.262,0.341,banana,fresh
59152974,58502,90.00,871.90,69.90,0.440,4.261,0.342,banana,fresh
59153985,58503,90.00,872.00,69.95,0.440,4.262,0.342,banana,fresh
59154996,58504,90.00,872.00,69.95,0.440,4.262,0.342,banana,fresh
59156007,58505,89.95,872.00,69.85,0.440,4.262,0.341,banana,fresh
59157018,58506,89.95,872.00,69.90,0.440,4.262,0.342,banana,fresh
59158030,58507,90.00,871.95,69.85,0.440,4.262,0.341,banana,fresh
59159041,58508,90.00,872.00,69.85,0.440,4.262,0.341,banana,fresh
59160052,58509,90.00,872.05,69.75,0.440,4.262,0.341,banana,fresh
59161063,58510,90.00,872.00,69.95,0.440,4.262,0.342,banana,fresh
59162074,58511,90.00,872.00,69.75,0.440,4.262,0.341,banana,fresh
59163085,58512,90.00,871.90,69.80,0.440,4.261,0.341,banana,fresh
59164096,58513,90.00,872.00,69.95,0.440,4.262,0.342,banana,fresh
59165108,58514,90.05,871.95,70.00,0.440,4.262,0.342,banana,fresh
59166118,58515,90.00,872.00,69.80,0.440,4.262,0.341,banana,fresh
59167130,58516,89.95,871.90,69.85,0.440,4.261,0.341,banana,fresh
59168141,58517,90.00,871.95,69.90,0.440,4.262,0.342,banana,fresh
59169152,58518,90.00,872.00,69.85,0.440,4.262,0.341,banana,fresh
59170163,58519,89.95,871.90,69.95,0.440,4.261,0.342,banana,fresh
59171174,58520,90.00,871.90,69.75,0.440,4.261,0.341,banana,fresh
59172186,58521,90.00,871.95,69.85,0.440,4.262,0.341,banana,fresh
59173196,58522,90.05,871.95,69.95,0.440,4.262,0.342,banana,fresh
59174208,58523,90.05,871.90,69.95,0.440,4.261,0.342,banana,fresh
59175219,58524,89.95,872.00,69.75,0.440,4.262,0.341,banana,fresh
59176229,58525,90.00,872.00,69.90,0.440,4.262,0.342,banana,fresh
59177241,58526,90.00,872.00,69.95,0.440,4.262,0.342,banana,fresh
59178252,58527,90.00,871.95,69.85,0.440,4.262,0.341,banana,fresh
59179264,58528,90.05,871.95,69.90,0.440,4.262,0.342,banana,fresh
59180274,58529,90.05,871.85,69.90,0.440,4.261,0.342,banana,fresh
59181286,58530,89.95,871.95,69.90,0.440,4.262,0.342,banana,fresh
59182297,58531,89.95,871.95,69.75,0.440,4.262,0.341,banana,fresh
59183307,58532,89.95,872.00,69.80,0.440,4.262,0.341,banana,fresh
59184319,58533,90.05,871.95,69.95,0.440,4.262,0.342,banana,fresh
59185330,58534,90.00,871.95,69.90,0.440,4.262,0.342,banana,fresh
59186341,58535,90.00,871.95,69.70,0.440,4.262,0.341,banana,fresh
59187352,58536,90.00,871.90,69.85,0.440,4.261,0.341,banana,fresh
59188364,58537,90.00,872.00,69.80,0.440,4.262,0.341,banana,fresh
59189374,58538,90.00,872.00,69.80,0.440,4.262,0.341,banana,fresh
59190385,58539,89.90,871.95,69.95,0.439,4.262,0.342,banana,fresh
59191397,58540,90.00,871.95,69.80,0.440,4.262,0.341,banana,fresh
59192408,58541,89.95,871.90,69.95,0.440,4.261,0.342,banana,fresh
59193419,58542,89.95,872.00,69.70,0.440,4.262,0.341,banana,fresh
59194430,58543,90.00,871.95,69.95,0.440,4.262,0.342,banana,fresh
59195442,58544,89.95,871.95,69.60,0.440,4.262,0.340,banana,fresh
59196452,58545,90.00,871.95,69.75,0.440,4.262,0.341,banana,fresh
59197463,58546,90.00,871.95,69.85,0.440,4.262,0.341,banana,fresh
59198475,58547,89.95,871.90,69.85,0.440,4.261,0.341,banana,fresh
59199485,58548,90.00,871.95,69.75,0.440,4.262,0.341,banana,fresh
59200497,58549,90.05,871.90,69.70,0.440,4.261,0.341,banana,fresh
59201508,58550,90.00,871.95,69.85,0.440,4.262,0.341,banana,fresh
59202520,58551,90.00,872.00,69.75,0.440,4.262,0.341,banana,fresh
59203530,58552,90.00,871.95,69.85,0.440,4.262,0.341,banana,fresh
59204541,58553,90.00,872.00,69.80,0.440,4.262,0.341,banana,fresh
59205553,58554,89.95,871.90,69.95,0.440,4.261,0.342,banana,fresh
59206563,58555,89.95,871.95,69.95,0.440,4.262,0.342,banana,fresh
59207575,58556,90.05,871.90,69.85,0.440,4.261,0.341,banana,fresh
59208586,58557,89.85,872.00,69.70,0.439,4.262,0.341,banana,fresh
59209596,58558,89.95,871.95,69.80,0.440,4.262,0.341,banana,fresh
59210608,58559,89.95,872.00,69.85,0.440,4.262,0.341,banana,fresh
59211619,58560,89.95,871.95,69.90,0.440,4.262,0.342,banana,fresh
59212631,58561,90.00,872.00,69.85,0.440,4.262,0.341,banana,fresh
59213641,58562,90.00,871.95,69.85,0.440,4.262,0.341,banana,fresh
59214653,58563,90.00,872.00,69.70,0.440,4.262,0.341,banana,fresh
59215664,58564,90.00,871.95,69.85,0.440,4.262,0.341,banana,fresh
59216675,58565,90.00,871.95,69.95,0.440,4.262,0.342,banana,fresh
59217686,58566,90.00,871.95,69.95,0.440,4.262,0.342,banana,fresh
59218697,58567,90.00,871.85,69.95,0.440,4.261,0.342,banana,fresh
59219708,58568,89.95,871.95,69.80,0.440,4.262,0.341,banana,fresh
59220719,58569,89.95,871.95,69.85,0.440,4.262,0.341,banana,fresh
59221731,58570,90.00,871.90,69.90,0.440,4.261,0.342,banana,fresh
59222742,58571,89.90,871.90,69.70,0.439,4.261,0.341,banana,fresh
59223753,58572,90.00,872.00,69.85,0.440,4.262,0.341,banana,fresh
59224764,58573,90.00,871.85,69.85,0.440,4.261,0.341,banana,fresh
59225775,58574,90.00,872.00,69.70,0.440,4.262,0.341,banana,fresh
59226786,58575,90.00,871.85,69.85,0.440,4.261,0.341,banana,fresh
59227797,58576,89.95,871.95,69.90,0.440,4.262,0.342,banana,fresh
59228809,58577,90.00,871.90,69.75,0.440,4.261,0.341,banana,fresh
59229819,58578,90.05,871.75,69.90,0.440,4.261,0.342,banana,fresh
59230831,58579,90.05,872.00,69.90,0.440,4.262,0.342,banana,fresh
59231842,58580,90.00,871.90,69.85,0.440,4.261,0.341,banana,fresh
59232852,58581,89.90,871.90,69.75,0.439,4.261,0.341,banana,fresh
59233864,58582,90.00,871.95,69.90,0.440,4.262,0.342,banana,fresh
59234875,58583,90.00,871.85,69.80,0.440,4.261,0.341,banana,fresh
59235887,58584,89.95,871.90,69.80,0.440,4.261,0.341,banana,fresh
59236897,58585,90.00,872.00,69.80,0.440,4.262,0.341,banana,fresh
59237908,58586,89.95,871.85,69.80,0.440,4.261,0.341,banana,fresh
59238920,58587,89.95,871.85,69.85,0.440,4.261,0.341,banana,fresh
59239930,58588,89.95,871.90,69.90,0.440,4.261,0.342,banana,fresh
59240942,58589,90.00,872.00,69.85,0.440,4.262,0.341,banana,fresh
59241953,58590,90.00,871.95,69.80,0.440,4.262,0.341,banana,fresh
59242964,58591,90.00,871.80,69.75,0.440,4.261,0.341,banana,fresh
59243975,58592,89.95,871.95,69.85,0.440,4.262,0.341,banana,fresh
59244986,58593,90.00,871.85,69.70,0.440,4.261,0.341,banana,fresh
59245998,58594,90.00,871.90,69.85,0.440,4.261,0.341,banana,fresh
59247008,58595,90.00,871.90,69.80,0.440,4.261,0.341,banana,fresh
59248020,58596,90.00,871.85,69.95,0.440,4.261,0.342,banana,fresh
59249031,58597,90.00,871.80,69.80,0.440,4.261,0.341,banana,fresh
59250042,58598,90.00,871.95,69.75,0.440,4.262,0.341,banana,fresh
59251053,58599,90.00,872.00,69.95,0.440,4.262,0.342,banana,fresh
59252064,58600,89.90,871.95,69.85,0.439,4.262,0.341,banana,fresh
59253075,58601,89.95,871.95,69.85,0.440,4.262,0.341,banana,fresh
59254086,58602,90.00,871.90,69.95,0.440,4.261,0.342,banana,fresh
59255098,58603,90.00,871.95,69.85,0.440,4.262,0.341,banana,fresh
59256109,58604,89.95,871.90,69.90,0.440,4.261,0.342,banana,fresh
59257120,58605,90.00,871.80,69.80,0.440,4.261,0.341,banana,fresh
59258131,58606,89.90,871.80,69.95,0.439,4.261,0.342,banana,fresh
59259142,58607,90.00,871.90,69.85,0.440,4.261,0.341,banana,fresh
59260153,58608,89.90,871.80,69.80,0.439,4.261,0.341,banana,fresh
59261164,58609,89.95,871.95,69.85,0.440,4.262,0.341,banana,fresh
59262176,58610,90.00,872.00,69.90,0.440,4.262,0.342,banana,fresh
59263186,58611,90.00,871.70,69.70,0.440,4.261,0.341,banana,fresh
59264198,58612,90.00,871.85,69.70,0.440,4.261,0.341,banana,fresh
59265209,58613,89.90,871.75,69.70,0.439,4.261,0.341,banana,fresh
59266220,58614,90.00,871.85,69.75,0.440,4.261,0.341,banana,fresh
59267231,58615,89.90,871.70,69.85,0.439,4.261,0.341,banana,fresh
59268242,58616,90.00,871.90,69.70,0.440,4.261,0.341,banana,fresh
59269254,58617,90.00,871.95,69.80,0.440,4.262,0.341,banana,fresh
59270264,58618,90.00,871.85,69.80,0.440,4.261,0.341,banana,fresh
59271276,58619,90.00,871.90,69.85,0.440,4.261,0.341,banana,fresh
59272287,58620,89.95,871.90,69.60,0.440,4.261,0.340,banana,fresh
59273297,58621,90.00,871.90,69.60,0.440,4.261,0.340,banana,fresh
59274309,58622,89.95,871.80,69.80,0.440,4.261,0.341,banana,fresh
59275320,58623,90.00,871.85,69.75,0.440,4.261,0.341,banana,fresh
59276332,58624,89.90,871.95,69.60,0.439,4.262,0.340,banana,fresh
59277342,58625,90.00,871.75,69.75,0.440,4.261,0.341,banana,fresh
59278354,58626,90.00,871.75,69.75,0.440,4.261,0.341,banana,fresh
59279365,58627,90.00,871.90,69.75,0.440,4.261,0.341,banana,fresh
59280375,58628,89.90,871.90,69.65,0.439,4.261,0.340,banana,fresh
59281387,58629,90.00,871.95,69.80,0.440,4.262,0.341,banana,fresh
59282398,58630,90.00,871.65,69.65,0.440,4.260,0.340,banana,fresh
59283409,58631,89.95,871.85,69.85,0.440,4.261,0.341,banana,fresh
59284420,58632,90.00,871.65,69.80,0.440,4.260,0.341,banana,fresh
59285432,58633,89.95,871.90,69.70,0.440,4.261,0.341,banana,fresh
59286443,58634,90.00,871.90,69.85,0.440,4.261,0.341,banana,fresh
59287453,58635,90.00,871.75,69.90,0.440,4.261,0.342,banana,fresh
59288465,58636,90.00,871.90,69.75,0.440,4.261,0.341,banana,fresh
59289476,58637,90.00,871.80,69.70,0.440,4.261,0.341,banana,fresh
59290487,58638,89.95,871.75,69.65,0.440,4.261,0.340,banana,fresh
59291498,58639,89.90,871.90,69.70,0.439,4.261,0.341,banana,fresh
59292510,58640,89.95,871.80,69.55,0.440,4.261,0.340,banana,fresh
59293520,58641,89.95,871.65,69.70,0.440,4.260,0.341,banana,fresh
59294531,58642,89.95,871.80,69.75,0.440,4.261,0.341,banana,fresh
59295543,58643,89.95,871.80,69.85,0.440,4.261,0.341,banana,fresh
59296553,58644,90.05,871.60,69.85,0.440,4.260,0.341,banana,fresh
59297565,58645,90.00,871.65,69.65,0.440,4.260,0.340,banana,fresh
59298576,58646,89.90,871.75,69.70,0.439,4.261,0.341,banana,fresh
59299588,58647,90.00,871.65,69.65,0.440,4.260,0.340,banana,fresh
59300598,58648,90.00,871.90,69.65,0.440,4.261,0.340,banana,fresh
59301609,58649,89.95,871.80,69.55,0.440,4.261,0.340,banana,fresh
59302621,58650,89.95,871.80,69.60,0.440,4.261,0.340,banana,fresh
59303631,58651,90.00,871.75,69.75,0.440,4.261,0.341,banana,fresh
59304643,58652,90.00,871.65,69.60,0.440,4.260,0.340,banana,fresh
59305654,58653,89.95,871.80,69.85,0.440,4.261,0.341,banana,fresh
59306665,58654,90.00,871.75,69.65,0.440,4.261,0.340,banana,fresh
59307676,58655,89.95,871.75,69.75,0.440,4.261,0.341,banana,fresh
59308688,58656,89.95,871.70,69.75,0.440,4.261,0.341,banana,fresh
59309699,58657,89.95,871.70,69.65,0.440,4.261,0.340,banana,fresh
59310709,58658,90.00,871.90,69.75,0.440,4.261,0.341,banana,fresh
59311721,58659,90.00,871.70,69.65,0.440,4.261,0.340,banana,fresh
59312732,58660,89.95,871.60,69.55,0.440,4.260,0.340,banana,fresh
59313743,58661,90.00,871.70,69.70,0.440,4.261,0.341,banana,fresh
59314754,58662,89.90,871.75,69.70,0.439,4.261,0.341,banana,fresh
59315766,58663,89.95,871.70,69.55,0.440,4.261,0.340,banana,fresh
59316776,58664,89.95,871.70,69.70,0.440,4.261,0.341,banana,fresh
59317787,58665,89.95,871.70,69.55,0.440,4.261,0.340,banana,fresh
59318799,58666,89.85,871.60,69.60,0.439,4.260,0.340,banana,fresh
59319810,58667,89.95,871.65,69.65,0.440,4.260,0.340,banana,fresh
59320821,58668,90.00,871.70,69.65,0.440,4.261,0.340,banana,fresh
59321832,58669,89.95,871.60,69.65,0.440,4.260,0.340,banana,fresh
59322844,58670,89.90,871.80,69.80,0.439,4.261,0.341,banana,fresh
59323854,58671,89.85,871.70,69.60,0.439,4.261,0.340,banana,fresh
59324865,58672,90.00,871.65,69.75,0.440,4.260,0.341,banana,fresh
59325877,58673,89.90,871.60,69.35,0.439,4.260,0.339,banana,fresh
59326887,58674,90.00,871.75,69.55,0.440,4.261,0.340,banana,fresh
59327899,58675,89.95,871.75,69.40,0.440,4.261,0.339,banana,fresh
59328910,58676,89.90,871.75,69.75,0.439,4.261,0.341,banana,fresh
59329922,58677,89.90,871.80,69.80,0.439,4.261,0.341,banana,fresh
59330932,58678,89.95,871.65,69.60,0.440,4.260,0.340,banana,fresh
59331943,58679,89.95,871.60,69.55,0.440,4.260,0.340,banana,fresh
59332955,58680,89.95,871.75,69.60,0.440,4.261,0.340,banana,fresh
59333965,58681,89.90,871.70,69.60,0.439,4.261,0.340,banana,fresh
59334977,58682,89.95,871.70,69.60,0.440,4.261,0.340,banana,fresh
59335988,58683,89.95,871.70,69.60,0.440,4.261,0.340,banana,fresh
59336999,58684,89.95,871.60,69.50,0.440,4.260,0.340,banana,fresh
59338010,58685,90.00,871.65,69.60,0.440,4.260,0.340,banana,fresh
59339021,58686,89.90,871.65,69.65,0.439,4.260,0.340,banana,fresh
59340033,58687,89.95,871.95,69.65,0.440,4.262,0.340,banana,fresh
59341043,58688,89.95,871.60,69.60,0.440,4.260,0.340,banana,fresh
59342055,58689,89.85,871.70,69.70,0.439,4.261,0.341,banana,fresh
59343066,58690,89.95,871.90,69.70,0.440,4.261,0.341,banana,fresh
59344077,58691,89.80,871.75,69.60,0.439,4.261,0.340,banana,fresh
59345088,58692,89.95,871.60,69.75,0.440,4.260,0.341,banana,fresh
59346100,58693,89.85,871.70,69.55,0.439,4.261,0.340,banana,fresh
59347110,58694,89.95,871.65,69.60,0.440,4.260,0.340,banana,fresh
59348121,58695,89.80,871.70,69.45,0.439,4.261,0.339,banana,fresh
59349133,58696,89.90,871.80,69.65,0.439,4.261,0.340,banana,fresh
59350144,58697,89.95,871.75,69.50,0.440,4.261,0.340,banana,fresh
59351155,58698,89.85,871.65,69.65,0.439,4.260,0.340,banana,fresh
59352166,58699,89.90,871.70,69.50,0.439,4.261,0.340,banana,fresh
59353178,58700,89.90,871.70,69.75,0.439,4.261,0.341,banana,fresh
59354188,58701,89.80,871.70,69.60,0.439,4.261,0.340,banana,fresh
59355199,58702,90.00,871.80,69.65,0.440,4.261,0.340,banana,fresh
59356211,58703,89.95,871.50,69.65,0.440,4.260,0.340,banana,fresh
59357221,58704,90.00,871.60,69.45,0.440,4.260,0.339,banana,fresh
59358233,58705,89.95,871.70,69.35,0.440,4.261,0.339,banana,fresh
59359244,58706,89.95,871.60,69.65,0.440,4.260,0.340,banana,fresh
59360256,58707,89.95,871.45,69.75,0.440,4.259,0.341,banana,fresh
59361266,58708,89.85,871.65,69.60,0.439,4.260,0.340,banana,fresh
59362277,58709,89.80,871.65,69.55,0.439,4.260,0.340,banana,fresh
59363289,58710,89.70,871.55,69.55,0.438,4.260,0.340,banana,fresh
59364299,58711,89.80,871.65,69.50,0.439,4.260,0.340,banana,fresh
59365311,58712,89.90,871.65,69.50,0.439,4.260,0.340,banana,fresh
59366322,58713,89.85,871.55,69.70,0.439,4.260,0.341,banana,fresh
59367333,58714,89.90,871.80,69.70,0.439,4.261,0.341,banana,fresh
59368344,58715,89.95,871.65,69.60,0.440,4.260,0.340,banana,fresh
59369356,58716,90.00,871.45,69.60,0.440,4.259,0.340,banana,fresh
59370366,58717,89.85,871.55,69.60,0.439,4.260,0.340,banana,fresh
59371377,58718,89.80,871.60,69.40,0.439,4.260,0.339,banana,fresh
59372389,58719,90.00,871.55,69.60,0.440,4.260,0.340,banana,fresh
59373400,58720,89.75,871.60,69.65,0.439,4.260,0.340,banana,fresh
59374411,58721,89.85,871.70,69.65,0.439,4.261,0.340,banana,fresh
59375422,58722,89.75,871.55,69.80,0.439,4.260,0.341,banana,fresh
59376434,58723,90.00,871.55,69.50,0.440,4.260,0.340,banana,fresh
59377444,58724,89.65,871.45,69.75,0.438,4.259,0.341,banana,fresh
59378455,58725,89.85,871.60,69.70,0.439,4.260,0.341,banana,fresh
59379467,58726,89.85,871.50,69.65,0.439,4.260,0.340,banana,fresh
59380477,58727,89.85,871.55,69.50,0.439,4.260,0.340,banana,fresh
59381489,58728,89.80,871.55,69.65,0.439,4.260,0.340,banana,fresh
59382500,58729,89.85,871.60,69.45,0.439,4.260,0.339,banana,fresh
59383512,58730,89.90,871.75,69.70,0.439,4.261,0.341,banana,fresh
59384522,58731,89.85,871.60,69.55,0.439,4.260,0.340,banana,fresh
59385533,58732,89.85,871.70,69.65,0.439,4.261,0.340,banana,fresh
59386545,58733,89.80,871.60,69.55,0.439,4.260,0.340,banana,fresh
59387555,58734,89.75,871.60,69.55,0.439,4.260,0.340,banana,fresh
59388567,58735,89.70,871.55,69.55,0.438,4.260,0.340,banana,fresh
59389578,58736,89.85,871.50,69.40,0.439,4.260,0.339,banana,fresh
59390589,58737,89.90,871.35,69.60,0.439,4.259,0.340,banana,fresh
59391600,58738,89.95,871.60,69.45,0.440,4.260,0.339,banana,fresh
59392611,58739,89.80,871.65,69.65,0.439,4.260,0.340,banana,fresh
59393623,58740,89.85,871.65,69.65,0.439,4.260,0.340,banana,fresh
59394633,58741,89.90,871.55,69.70,0.439,4.260,0.341,banana,fresh
59395645,58742,89.80,871.45,69.50,0.439,4.259,0.340,banana,fresh
59396656,58743,89.85,871.55,69.45,0.439,4.260,0.339,banana,fresh
59397667,58744,89.90,871.60,69.65,0.439,4.260,0.340,banana,fresh
59398678,58745,89.85,871.65,69.50,0.439,4.260,0.340,banana,fresh
59399689,58746,89.80,871.55,69.55,0.439,4.260,0.340,banana,fresh
59400700,58747,89.75,871.50,69.50,0.439,4.260,0.340,banana,fresh
59401711,58748,89.80,871.60,69.60,0.439,4.260,0.340,banana,fresh
59402723,58749,89.90,871.55,69.60,0.439,4.260,0.340,banana,fresh
59403734,58750,89.90,871.45,69.40,0.439,4.259,0.339,banana,fresh
59404745,58751,89.75,871.55,69.75,0.439,4.260,0.341,banana,fresh
59405756,58752,89.85,871.55,69.50,0.439,4.260,0.340,banana,fresh
59406767,58753,89.85,871.55,69.65,0.439,4.260,0.340,banana,fresh
59407778,58754,89.85,871.50,69.75,0.439,4.260,0.341,banana,fresh
59408789,58755,89.80,871.75,69.60,0.439,4.261,0.340,banana,fresh
59409801,58756,89.80,871.70,69.50,0.439,4.261,0.340,banana,fresh
59410811,58757,89.70,871.60,69.55,0.438,4.260,0.340,banana,fresh
59411823,58758,89.85,871.65,69.60,0.439,4.260,0.340,banana,fresh
59412834,58759,89.70,871.50,69.55,0.438,4.260,0.340,banana,fresh
59413846,58760,89.65,871.50,69.60,0.438,4.260,0.340,banana,fresh
59414856,58761,89.85,871.70,69.45,0.439,4.261,0.339,banana,fresh
59415867,58762,89.85,871.40,69.45,0.439,4.259,0.339,banana,fresh
59416879,58763,89.90,871.60,69.55,0.439,4.260,0.340,banana,fresh
59417889,58764,89.85,871.40,69.40,0.439,4.259,0.339,banana,fresh
59418901,58765,89.70,871.35,69.45,0.438,4.259,0.339,banana,fresh
59419912,58766,89.65,871.60,69.45,0.438,4.260,0.339,banana,fresh
59420923,58767,89.70,871.50,69.50,0.438,4.260,0.340,banana,fresh
59421934,58768,89.90,871.60,69.50,0.439,4.260,0.340,banana,fresh
59422945,58769,89.75,871.45,69.60,0.439,4.259,0.340,banana,fresh
59423956,58770,89.85,871.35,69.70,0.439,4.259,0.341,banana,fresh
59424967,58771,89.75,871.45,69.65,0.439,4.259,0.340,banana,fresh
59425979,58772,89.80,871.40,69.50,0.439,4.259,0.340,banana,fresh
59426990,58773,89.70,871.60,69.55,0.438,4.260,0.340,banana,fresh
59428001,58774,89.90,871.55,69.30,0.439,4.260,0.339,banana,fresh
59429012,58775,89.70,871.45,69.40,0.438,4.259,0.339,banana,fresh
59430023,58776,89.65,871.25,69.60,0.438,4.258,0.340,banana,fresh
59431034,58777,89.80,871.35,69.45,0.439,4.259,0.339,banana,fresh
59432045,58778,89.55,871.25,69.45,0.438,4.258,0.339,banana,fresh
59433057,58779,89.80,871.35,69.70,0.439,4.259,0.341,banana,fresh
59434067,58780,89.70,871.45,69.60,0.438,4.259,0.340,banana,fresh
59435079,58781,89.80,871.40,69.55,0.439,4.259,0.340,banana,fresh
59436090,58782,89.80,871.50,69.45,0.439,4.260,0.339,banana,fresh
59437101,58783,89.65,871.50,69.50,0.438,4.260,0.340,banana,fresh
59438112,58784,89.80,871.25,69.60,0.439,4.258,0.340,banana,fresh
59439123,58785,89.80,871.45,69.40,0.439,4.259,0.339,banana,fresh
59440135,58786,89.85,871.45,69.55,0.439,4.259,0.340,banana,fresh
59441145,58787,89.80,871.35,69.60,0.439,4.259,0.340,banana,fresh
59442157,58788,89.70,871.55,69.65,0.438,4.260,0.340,banana,fresh
59443168,58789,89.70,871.30,69.55,0.438,4.259,0.340,banana,fresh
59444178,58790,89.85,871.40,69.45,0.439,4.259,0.339,banana,fresh
59445190,58791,89.85,871.40,69.50,0.439,4.259,0.340,banana,fresh
59446201,58792,89.50,871.45,69.40,0.437,4.259,0.339,banana,fresh
59447213,58793,89.80,871.30,69.55,0.439,4.259,0.340,banana,fresh
59448223,58794,89.65,871.35,69.40,0.438,4.259,0.339,banana,fresh
59449235,58795,89.80,871.40,69.65,0.439,4.259,0.340,banana,fresh
59450246,58796,89.70,871.50,69.40,0.438,4.260,0.339,banana,fresh
59451256,58797,89.60,871.30,69.50,0.438,4.259,0.340,banana,fresh
59452268,58798,89.90,871.45,69.40,0.439,4.259,0.339,banana,fresh
59453279,58799,89.75,871.40,69.65,0.439,4.259,0.340,banana,fresh
59454290,58800,89.70,871.55,69.50,0.438,4.260,0.340,banana,fresh
59455301,58801,89.75,871.40,69.45,0.439,4.259,0.339,banana,fresh
59456313,58802,89.85,871.30,69.55,0.439,4.259,0.340,banana,fresh
59457324,58803,89.80,871.25,69.45,0.439,4.258,0.339,banana,fresh
59458335,58804,89.65,871.35,69.25,0.438,4.259,0.338,banana,fresh
59459346,58805,89.75,871.40,69.35,0.439,4.259,0.339,banana,fresh
59460357,58806,89.80,871.40,69.50,0.439,4.259,0.340,banana,fresh
59461368,58807,89.65,871.50,69.55,0.438,4.260,0.340,banana,fresh
59462379,58808,89.65,871.35,69.55,0.438,4.259,0.340,banana,fresh
59463391,58809,89.55,871.35,69.35,0.438,4.259,0.339,banana,fresh
59464401,58810,89.65,871.35,69.60,0.438,4.259,0.340,banana,fresh
59465413,58811,89.60,871.35,69.60,0.438,4.259,0.340,banana,fresh
59466424,58812,89.80,871.30,69.50,0.439,4.259,0.340,banana,fresh
59467435,58813,89.70,871.50,69.55,0.438,4.260,0.340,banana,fresh
59468446,58814,89.75,871.35,69.40,0.439,4.259,0.339,banana,fresh
59469457,58815,89.70,871.25,69.20,0.438,4.258,0.338,banana,fresh
59470469,58816,89.65,871.50,69.40,0.438,4.260,0.339,banana,fresh
59471479,58817,89.90,871.60,69.55,0.439,4.260,0.340,banana,fresh
59472491,58818,89.80,871.45,69.35,0.439,4.259,0.339,banana,fresh
59473502,58819,89.80,871.45,69.45,0.439,4.259,0.339,banana,fresh
59474513,58820,89.65,871.50,69.50,0.438,4.260,0.340,banana,fresh
59475524,58821,89.70,871.40,69.50,0.438,4.259,0.340,banana,fresh
59476535,58822,89.75,871.35,69.65,0.439,4.259,0.340,banana,fresh
59477547,58823,89.80,871.60,69.45,0.439,4.260,0.339,banana,fresh
59478557,58824,89.70,871.20,69.30,0.438,4.258,0.339,banana,fresh
59479569,58825,89.70,871.45,69.40,0.438,4.259,0.339,banana,fresh
59480580,58826,89.55,871.40,69.35,0.438,4.259,0.339,banana,fresh
59481591,58827,89.65,871.50,69.50,0.438,4.260,0.340,banana,fresh
59482602,58828,89.85,871.30,69.55,0.439,4.259,0.340,banana,fresh
59483613,58829,89.70,871.25,69.50,0.438,4.258,0.340,banana,fresh
59484624,58830,89.65,871.30,69.60,0.438,4.259,0.340,banana,fresh
59485635,58831,89.50,871.25,69.45,0.437,4.258,0.339,banana,fresh
59486647,58832,89.55,871.30,69.35,0.438,4.259,0.339,banana,fresh
59487657,58833,89.70,871.20,69.50,0.438,4.258,0.340,banana,fresh
59488669,58834,89.75,871.25,69.65,0.439,4.258,0.340,banana,fresh
59489680,58835,89.45,871.35,69.30,0.437,4.259,0.339,banana,fresh
59490691,58836,89.65,871.30,69.45,0.438,4.259,0.339,banana,fresh
59491702,58837,89.75,871.45,69.30,0.439,4.259,0.339,banana,fresh
59492713,58838,89.60,871.15,69.65,0.438,4.258,0.340,banana,fresh
59493725,58839,89.55,871.45,69.65,0.438,4.259,0.340,banana,fresh
59494735,58840,89.50,871.15,69.40,0.437,4.258,0.339,banana,fresh
59495747,58841,89.65,871.25,69.45,0.438,4.258,0.339,banana,fresh
59496758,58842,89.55,871.30,69.40,0.438,4.259,0.339,banana,fresh
59497769,58843,89.60,871.10,69.25,0.438,4.258,0.338,banana,fresh
59498780,58844,89.80,871.20,69.40,0.439,4.258,0.339,banana,fresh
59499791,58845,89.70,871.30,69.55,0.438,4.259,0.340,banana,fresh
59500803,58846,89.60,871.25,69.40,0.438,4.258,0.339,banana,fresh
59501813,58847,89.40,871.15,69.55,0.437,4.258,0.340,banana,fresh
59502825,58848,89.65,871.35,69.50,0.438,4.259,0.340,banana,fresh
59503836,58849,89.45,871.30,69.40,0.437,4.259,0.339,banana,fresh
59504847,58850,89.55,871.10,69.55,0.438,4.258,0.340,banana,fresh
59505858,58851,89.60,871.40,69.45,0.438,4.259,0.339,banana,fresh
59506869,58852,89.55,871.40,69.35,0.438,4.259,0.339,banana,fresh
59507880,58853,89.60,871.20,69.40,0.438,4.258,0.339,banana,fresh
59508891,58854,89.60,871.15,69.55,0.438,4.258,0.340,banana,fresh
59509903,58855,89.45,871.20,69.65,0.437,4.258,0.340,banana,fresh
59510914,58856,89.50,871.25,69.40,0.437,4.258,0.339,banana,fresh
59511925,58857,89.40,871.40,69.55,0.437,4.259,0.340,banana,fresh
59512936,58858,89.65,871.25,69.50,0.438,4.258,0.340,banana,fresh
59513947,58859,89.55,871.20,69.35,0.438,4.258,0.339,banana,fresh
59514958,58860,89.50,871.30,69.50,0.437,4.259,0.340,banana,fresh
59515969,58861,89.70,871.15,69.40,0.438,4.258,0.339,banana,fresh
59516981,58862,89.45,871.40,69.15,0.437,4.259,0.338,banana,fresh
59517991,58863,89.55,871.40,69.40,0.438,4.259,0.339,banana,fresh
59519003,58864,89.60,871.30,69.30,0.438,4.259,0.339,banana,fresh
59520014,58865,89.70,871.30,69.30,0.438,4.259,0.339,banana,fresh
59521026,58866,89.55,871.25,69.35,0.438,4.258,0.339,banana,fresh
59522036,58867,89.60,871.15,69.35,0.438,4.258,0.339,banana,fresh
59523047,58868,89.55,871.15,69.55,0.438,4.258,0.340,banana,fresh
59524059,58869,89.65,871.20,69.60,0.438,4.258,0.340,banana,fresh
59525069,58870,89.60,871.20,69.30,0.438,4.258,0.339,banana,fresh
59526081,58871,89.55,871.25,69.60,0.438,4.258,0.340,banana,fresh
59527092,58872,89.70,871.20,69.45,0.438,4.258,0.339,banana,fresh
59528103,58873,89.45,871.10,69.35,0.437,4.258,0.339,banana,fresh
59529114,58874,89.60,871.25,69.45,0.438,4.258,0.339,banana,fresh
59530126,58875,89.55,871.15,69.45,0.438,4.258,0.339,banana,fresh
59531137,58876,89.80,871.10,69.45,0.439,4.258,0.339,banana,fresh
59532147,58877,89.65,871.10,69.20,0.438,4.258,0.338,banana,fresh
59533159,58878,89.60,871.15,69.50,0.438,4.258,0.340,banana,fresh
59534170,58879,89.55,871.35,69.40,0.438,4.259,0.339,banana,fresh
59535181,58880,89.75,871.20,69.45,0.439,4.258,0.339,banana,fresh
59536192,58881,89.80,871.40,69.40,0.439,4.259,0.339,banana,fresh
59537204,58882,89.50,871.35,69.60,0.437,4.259,0.340,banana,fresh
59538214,58883,89.55,871.20,69.40,0.438,4.258,0.339,banana,fresh
59539225,58884,89.60,871.15,69.50,0.438,4.258,0.340,banana,fresh
59540237,58885,89.45,871.25,69.45,0.437,4.258,0.339,banana,fresh
59541248,58886,89.55,871.30,69.35,0.438,4.259,0.339,banana,fresh
59542259,58887,89.70,871.10,69.50,0.438,4.258,0.340,banana,fresh
59543270,58888,89.60,871.10,69.30,0.438,4.258,0.339,banana,fresh
59544282,58889,89.65,871.30,69.35,0.438,4.259,0.339,banana,fresh
59545292,58890,89.75,871.20,69.40,0.439,4.258,0.339,banana,fresh
59546303,58891,89.55,871.25,69.45,0.438,4.258,0.339,banana,fresh
59547315,58892,89.60,871.15,69.35,0.438,4.258,0.339,banana,fresh
59548325,58893,89.55,871.20,69.40,0.438,4.258,0.339,banana,fresh
59549337,58894,89.70,871.05,69.45,0.438,4.257,0.339,banana,fresh
59550348,58895,89.75,871.15,69.50,0.439,4.258,0.340,banana,fresh
59551360,58896,89.45,871.15,69.30,0.437,4.258,0.339,banana,fresh
59552370,58897,89.50,871.15,69.30,0.437,4.258,0.339,banana,fresh
59553382,58898,89.50,871.15,69.60,0.437,4.258,0.340,banana,fresh
59554393,58899,89.55,871.30,69.35,0.438,4.259,0.339,banana,fresh
59555403,58900,89.65,871.15,69.40,0.438,4.258,0.339,banana,fresh
59556415,58901,89.70,871.20,69.25,0.438,4.258,0.338,banana,fresh
59557426,58902,89.50,871.05,69.20,0.437,4.257,0.338,banana,fresh
59558437,58903,89.55,871.10,69.30,0.438,4.258,0.339,banana,fresh
59559448,58904,89.55,871.20,69.50,0.438,4.258,0.340,banana,fresh
59560460,58905,89.65,871.10,69.20,0.438,4.258,0.338,banana,fresh
59561470,58906,89.45,871.20,69.35,0.437,4.258,0.339,banana,fresh
59562481,58907,89.45,871.10,69.40,0.437,4.258,0.339,banana,fresh
59563493,58908,89.60,871.10,69.35,0.438,4.258,0.339,banana,fresh
59564504,58909,89.60,871.10,69.30,0.438,4.258,0.339,banana,fresh
59565515,58910,89.45,871.15,69.35,0.437,4.258,0.339,banana,fresh
59566526,58911,89.60,871.20,69.30,0.438,4.258,0.339,banana,fresh
59567538,58912,89.40,871.25,69.30,0.437,4.258,0.339,banana,fresh
59568548,58913,89.55,871.05,69.25,0.438,4.257,0.338,banana,fresh
59569560,58914,89.55,871.05,69.35,0.438,4.257,0.339,banana,fresh
59570571,58915,89.50,871.15,69.20,0.437,4.258,0.338,banana,fresh
59571581,58916,89.65,871.15,69.25,0.438,4.258,0.338,banana,fresh
59572593,58917,89.40,871.10,69.40,0.437,4.258,0.339,banana,fresh
59573604,58918,89.40,871.15,69.25,0.437,4.258,0.338,banana,fresh
59574616,58919,89.50,871.20,69.35,0.437,4.258,0.339,banana,fresh
59575626,58920,89.60,871.25,69.40,0.438,4.258,0.339,banana,fresh
59576638,58921,89.50,871.05,69.35,0.437,4.257,0.339,banana,fresh
59577649,58922,89.35,871.10,69.30,0.437,4.258,0.339,banana,fresh
59578659,58923,89.55,871.15,69.35,0.438,4.258,0.339,banana,fresh
59579671,58924,89.35,871.10,69.25,0.437,4.258,0.338,banana,fresh
59580682,58925,89.30,871.00,69.30,0.436,4.257,0.339,banana,fresh
59581693,58926,89.45,871.00,69.40,0.437,4.257,0.339,banana,fresh
59582704,58927,89.60,871.00,69.15,0.438,4.257,0.338,banana,fresh
59583716,58928,89.40,871.10,69.15,0.437,4.258,0.338,banana,fresh
59584727,58929,89.70,871.10,69.35,0.438,4.258,0.339,banana,fresh
59585738,58930,89.50,871.05,69.25,0.437,4.257,0.338,banana,fresh
59586749,58931,89.40,871.00,69.25,0.437,4.257,0.338,banana,fresh
59587760,58932,89.55,871.00,69.30,0.438,4.257,0.339,banana,fresh
59588771,58933,89.45,871.05,69.15,0.437,4.257,0.338,banana,fresh
59589782,58934,89.50,871.00,69.20,0.437,4.257,0.338,banana,fresh
59590794,58935,89.50,871.10,69.25,0.437,4.258,0.338,banana,fresh
59591804,58936,89.55,871.00,69.20,0.438,4.257,0.338,banana,fresh
59592816,58937,89.55,871.00,69.20,0.438,4.257,0.338,banana,fresh
59593827,58938,89.55,871.00,69.25,0.438,4.257,0.338,banana,fresh
59594838,58939,89.55,871.05,69.35,0.438,4.257,0.339,banana,fresh
59595849,58940,89.40,871.05,69.25,0.437,4.257,0.338,banana,fresh
59596860,58941,89.35,871.10,69.10,0.437,4.258,0.338,banana,fresh
59597872,58942,89.60,871.00,69.45,0.438,4.257,0.339,banana,fresh
59598882,58943,89.45,871.05,69.15,0.437,4.257,0.338,banana,fresh
59599894,58944,89.50,871.15,69.30,0.437,4.258,0.339,banana,fresh
59600905,58945,89.40,871.05,69.25,0.437,4.257,0.338,banana,fresh
59601915,58946,89.45,871.00,69.35,0.437,4.257,0.339,banana,fresh
59602927,58947,89.50,871.05,69.05,0.437,4.257,0.337,banana,fresh
59603938,58948,89.35,871.00,69.30,0.437,4.257,0.339,banana,fresh
59604950,58949,89.55,871.10,69.15,0.438,4.258,0.338,banana,fresh
59605960,58950,89.40,871.15,69.05,0.437,4.258,0.337,banana,fresh
59606972,58951,89.40,871.05,69.30,0.437,4.257,0.339,banana,fresh
59607983,58952,89.25,871.05,69.25,0.436,4.257,0.338,banana,fresh
59608994,58953,89.45,871.00,69.25,0.437,4.257,0.338,banana,fresh
59610005,58954,89.60,871.10,69.15,0.438,4.258,0.338,banana,fresh
59611016,58955,89.30,871.05,69.20,0.436,4.257,0.338,banana,fresh
59612027,58956,89.40,871.00,69.25,0.437,4.257,0.338,banana,fresh
59613038,58957,89.50,871.00,69.10,0.437,4.257,0.338,banana,fresh
59614050,58958,89.60,871.05,69.15,0.438,4.257,0.338,banana,fresh
59615060,58959,89.55,871.10,69.15,0.438,4.258,0.338,banana,fresh
59616072,58960,89.35,871.10,69.30,0.437,4.258,0.339,banana,fresh
59617083,58961,89.35,871.00,69.10,0.437,4.257,0.338,banana,fresh
59618094,58962,89.55,871.00,69.25,0.438,4.257,0.338,banana,fresh
59619105,58963,89.35,871.00,69.20,0.437,4.257,0.338,banana,fresh
59620116,58964,89.35,871.00,69.25,0.437,4.257,0.338,banana,fresh
59621128,58965,89.35,871.10,69.05,0.437,4.258,0.337,banana,fresh
59622138,58966,89.35,871.10,69.25,0.437,4.258,0.338,banana,fresh
59623150,58967,89.45,871.05,69.10,0.437,4.257,0.338,banana,fresh
59624161,58968,89.20,871.00,69.20,0.436,4.257,0.338,banana,fresh
59625172,58969,89.25,871.00,69.35,0.436,4.257,0.339,banana,fresh
59626183,58970,89.60,871.00,69.10,0.438,4.257,0.338,banana,fresh
59627194,58971,89.55,871.00,69.25,0.438,4.257,0.338,banana,fresh
59628206,58972,89.45,871.10,69.25,0.437,4.258,0.338,banana,fresh
59629216,58973,89.35,871.10,69.20,0.437,4.258,0.338,banana,fresh
59630228,58974,89.60,871.00,69.10,0.438,4.257,0.338,banana,fresh
59631239,58975,89.30,871.00,69.20,0.436,4.257,0.338,banana,fresh
59632250,58976,89.35,871.00,69.10,0.437,4.257,0.338,banana,fresh
59633261,58977,89.30,871.15,69.10,0.436,4.258,0.338,banana,fresh
59634272,58978,89.35,871.05,69.20,0.437,4.257,0.338,banana,fresh
59635283,58979,89.40,871.00,69.15,0.437,4.257,0.338,banana,fresh
59636294,58980,89.40,871.00,69.10,0.437,4.257,0.338,banana,fresh
59637306,58981,89.55,871.00,69.15,0.438,4.257,0.338,banana,fresh
59638317,58982,89.30,871.05,69.15,0.436,4.257,0.338,banana,fresh
59639328,58983,89.25,871.05,69.20,0.436,4.257,0.338,banana,fresh
59640339,58984,89.40,871.00,69.10,0.437,4.257,0.338,banana,fresh
59641350,58985,89.40,871.05,69.15,0.437,4.257,0.338,banana,fresh
59642361,58986,89.35,871.05,69.25,0.437,4.257,0.338,banana,fresh
59643372,58987,89.50,871.00,69.15,0.437,4.257,0.338,banana,fresh
59644384,58988,89.35,871.05,69.20,0.437,4.257,0.338,banana,fresh
59645394,58989,89.50,871.00,69.10,0.437,4.257,0.338,banana,fresh
59646406,58990,89.50,871.00,69.10,0.437,4.257,0.338,banana,fresh
59647417,58991,89.45,871.00,69.25,0.437,4.257,0.338,banana,fresh
59648429,58992,89.50,871.00,69.15,0.437,4.257,0.338,banana,fresh
59649439,58993,89.40,871.05,69.15,0.437,4.257,0.338,banana,fresh
59650450,58994,89.35,871.00,69.05,0.437,4.257,0.337,banana,fresh
59651462,58995,89.35,871.05,69.40,0.437,4.257,0.339,banana,fresh
59652472,58996,89.40,871.00,69.20,0.437,4.257,0.338,banana,fresh
59653484,58997,89.35,871.00,69.35,0.437,4.257,0.339,banana,fresh
59654495,58998,89.50,871.00,69.05,0.437,4.257,0.337,banana,fresh
59655506,58999,89.35,871.05,69.05,0.437,4.257,0.337,banana,fresh
59656517,59000,89.55,871.05,69.20,0.438,4.257,0.338,banana,fresh
59657528,59001,89.45,871.05,69.15,0.437,4.257,0.338,banana,fresh
59658540,59002,89.25,871.05,69.05,0.436,4.257,0.337,banana,fresh
59659550,59003,89.40,871.00,69.10,0.437,4.257,0.338,banana,fresh
59660562,59004,89.25,871.05,69.20,0.436,4.257,0.338,banana,fresh
59661573,59005,89.25,871.05,69.20,0.436,4.257,0.338,banana,fresh
59662584,59006,89.45,871.00,69.05,0.437,4.257,0.337,banana,fresh
59663595,59007,89.45,871.05,69.10,0.437,4.257,0.338,banana,fresh
59664606,59008,89.40,871.00,69.10,0.437,4.257,0.338,banana,fresh
59665617,59009,89.35,871.00,69.15,0.437,4.257,0.338,banana,fresh
59666628,59010,89.35,871.00,69.20,0.437,4.257,0.338,banana,fresh
59667640,59011,89.30,871.00,69.10,0.436,4.257,0.338,banana,fresh
59668651,59012,89.20,871.05,69.15,0.436,4.257,0.338,banana,fresh
59669662,59013,89.55,871.00,69.05,0.438,4.257,0.337,banana,fresh
59670673,59014,89.40,870.95,69.10,0.437,4.257,0.338,banana,fresh
59671684,59015,89.20,871.05,69.05,0.436,4.257,0.337,banana,fresh
59672695,59016,89.50,871.00,69.20,0.437,4.257,0.338,banana,fresh
59673706,59017,89.40,871.00,69.05,0.437,4.257,0.337,banana,fresh
59674718,59018,89.30,871.00,69.30,0.436,4.257,0.339,banana,fresh
59675728,59019,89.40,871.00,69.05,0.437,4.257,0.337,banana,fresh
59676740,59020,89.35,871.00,69.15,0.437,4.257,0.338,banana,fresh
59677751,59021,89.30,871.00,69.00,0.436,4.257,0.337,banana,fresh
59678763,59022,89.35,871.00,69.15,0.437,4.257,0.338,banana,fresh
59679773,59023,89.55,871.00,69.10,0.438,4.257,0.338,banana,fresh
59680784,59024,89.40,871.00,69.20,0.437,4.257,0.338,banana,fresh
59681796,59025,89.35,871.00,69.00,0.437,4.257,0.337,banana,fresh
59682806,59026,89.20,871.00,69.10,0.436,4.257,0.338,banana,fresh
59683818,59027,89.15,871.00,69.00,0.436,4.257,0.337,banana,fresh
59684829,59028,89.20,871.00,69.05,0.436,4.257,0.337,banana,fresh
59685840,59029,89.25,871.00,69.05,0.436,4.257,0.337,banana,fresh
59686851,59030,89.25,871.00,69.15,0.436,4.257,0.338,banana,fresh
59687862,59031,89.35,871.00,69.20,0.437,4.257,0.338,banana,fresh
59688873,59032,89.35,871.05,69.15,0.437,4.257,0.338,banana,fresh
59689884,59033,89.20,871.00,69.10,0.436,4.257,0.338,banana,fresh
59690896,59034,89.45,871.00,69.05,0.437,4.257,0.337,banana,fresh
59691907,59035,89.40,871.00,69.25,0.437,4.257,0.338,banana,fresh
59692918,59036,89.35,871.00,69.20,0.437,4.257,0.338,banana,fresh
59693929,59037,89.40,871.00,69.25,0.437,4.257,0.338,banana,fresh
59694940,59038,89.25,871.05,69.10,0.436,4.257,0.338,banana,fresh
59695951,59039,89.35,871.00,69.10,0.437,4.257,0.338,banana,fresh
59696962,59040,89.25,871.00,69.05,0.436,4.257,0.337,banana,fresh
59697974,59041,89.45,871.00,69.20,0.437,4.257,0.338,banana,fresh
59698984,59042,89.25,871.00,69.20,0.436,4.257,0.338,banana,fresh
59699996,59043,89.35,871.00,69.15,0.437,4.257,0.338,banana,fresh
59701007,59044,89.25,871.00,69.05,0.436,4.257,0.337,banana,fresh
59702019,59045,89.25,871.00,69.10,0.436,4.257,0.338,banana,fresh
59703029,59046,89.25,871.00,69.05,0.436,4.257,0.337,banana,fresh
59704040,59047,89.10,871.00,69.10,0.435,4.257,0.338,banana,fresh
59705052,59048,89.30,871.00,69.15,0.436,4.257,0.338,banana,fresh
59706062,59049,89.25,871.00,69.00,0.436,4.257,0.337,banana,fresh
59707074,59050,89.35,871.00,69.00,0.437,4.257,0.337,banana,fresh
59708085,59051,89.20,871.05,69.05,0.436,4.257,0.337,banana,fresh
59709096,59052,89.15,871.00,69.15,0.436,4.257,0.338,banana,fresh
59710107,59053,89.30,871.00,69.15,0.436,4.257,0.338,banana,fresh
59711118,59054,89.30,871.00,69.15,0.436,4.257,0.338,banana,fresh
59712130,59055,89.10,871.00,69.05,0.435,4.257,0.337,banana,fresh
59713140,59056,89.25,871.00,69.20,0.436,4.257,0.338,banana,fresh
59714152,59057,89.40,871.05,69.10,0.437,4.257,0.338,banana,fresh
59715163,59058,89.30,871.00,69.05,0.436,4.257,0.337,banana,fresh
59716174,59059,89.25,871.00,69.10,0.436,4.257,0.338,banana,fresh
59717185,59060,89.20,871.00,69.10,0.436,4.257,0.338,banana,fresh
59718196,59061,89.30,870.95,69.00,0.436,4.257,0.337,banana,fresh
59719207,59062,89.35,871.00,69.15,0.437,4.257,0.338,banana,fresh
59720218,59063,89.30,871.00,69.05,0.436,4.257,0.337,banana,fresh
59721230,59064,89.30,871.00,69.10,0.436,4.257,0.338,banana,fresh
59722241,59065,89.25,871.00,69.05,0.436,4.257,0.337,banana,fresh
59723252,59066,89.15,871.00,69.15,0.436,4.257,0.338,banana,fresh
59724263,59067,89.45,870.95,69.15,0.437,4.257,0.338,banana,fresh
59725274,59068,89.30,871.00,69.00,0.436,4.257,0.337,banana,fresh
59726285,59069,89.20,870.95,69.00,0.436,4.257,0.337,banana,fresh
59727296,59070,89.10,871.00,69.10,0.435,4.257,0.338,banana,fresh
59728308,59071,89.15,871.05,69.10,0.436,4.257,0.338,banana,fresh
59729318,59072,89.20,871.00,69.20,0.436,4.257,0.338,banana,fresh
59730330,59073,89.40,871.00,69.10,0.437,4.257,0.338,banana,fresh
59731341,59074,89.25,871.00,69.10,0.436,4.257,0.338,banana,fresh
59732352,59075,89.35,871.00,69.05,0.437,4.257,0.337,banana,fresh
59733363,59076,89.20,871.00,69.20,0.436,4.257,0.338,banana,fresh
59734374,59077,89.35,871.00,69.10,0.437,4.257,0.338,banana,fresh
59735386,59078,89.35,870.95,69.15,0.437,4.257,0.338,banana,fresh
59736396,59079,89.30,871.00,69.15,0.436,4.257,0.338,banana,fresh
59737408,59080,89.30,870.95,69.15,0.436,4.257,0.338,banana,fresh
59738419,59081,89.25,871.00,69.05,0.436,4.257,0.337,banana,fresh
59739430,59082,89.20,871.00,69.10,0.436,4.257,0.338,banana,fresh
59740441,59083,89.20,871.00,69.05,0.436,4.257,0.337,banana,fresh
59741452,59084,89.25,871.00,69.15,0.436,4.257,0.338,banana,fresh
59742464,59085,89.20,870.95,69.00,0.436,4.257,0.337,banana,fresh
59743474,59086,89.15,870.95,69.00,0.436,4.257,0.337,banana,fresh
59744486,59087,89.10,871.00,69.05,0.435,4.257,0.337,banana,fresh
59745497,59088,89.10,870.95,69.10,0.435,4.257,0.338,banana,fresh
59746508,59089,89.20,871.00,69.05,0.436,4.257,0.337,banana,fresh
59747519,59090,89.10,870.95,69.05,0.435,4.257,0.337,banana,fresh
59748530,59091,89.15,871.00,69.00,0.436,4.257,0.337,banana,fresh
59749541,59092,89.10,871.00,69.00,0.435,4.257,0.337,banana,fresh
59750552,59093,89.40,871.00,69.10,0.437,4.257,0.338,banana,fresh
59751564,59094,89.20,871.00,69.10,0.436,4.257,0.338,banana,fresh
59752574,59095,89.15,871.00,69.00,0.436,4.257,0.337,banana,fresh
59753586,59096,89.10,871.00,69.10,0.435,4.257,0.338,banana,fresh
59754597,59097,89.25,871.00,69.20,0.436,4.257,0.338,banana,fresh
59755608,59098,89.35,871.00,69.05,0.437,4.257,0.337,banana,fresh
59756619,59099,89.05,871.00,69.10,0.435,4.257,0.338,banana,fresh
59757630,59100,89.20,871.00,69.05,0.436,4.257,0.337,banana,fresh
59758642,59101,89.30,871.00,69.05,0.436,4.257,0.337,banana,fresh
59759652,59102,89.10,871.00,69.05,0.435,4.257,0.337,banana,fresh
59760664,59103,89.20,871.00,69.20,0.436,4.257,0.338,banana,fresh
59761675,59104,89.15,871.00,69.05,0.436,4.257,0.337,banana,fresh
59762685,59105,89.25,871.00,69.05,0.436,4.257,0.337,banana,fresh
59763697,59106,89.05,871.00,69.00,0.435,4.257,0.337,banana,fresh
59764708,59107,89.25,871.05,69.10,0.436,4.257,0.338,banana,fresh
59765720,59108,89.30,871.00,69.00,0.436,4.257,0.337,banana,fresh
59766730,59109,89.15,871.00,69.00,0.436,4.257,0.337,banana,fresh
59767742,59110,89.15,871.00,69.00,0.436,4.257,0.337,banana,fresh
59768753,59111,89.15,871.00,69.10,0.436,4.257,0.338,banana,fresh
59769763,59112,89.15,870.95,69.00,0.436,4.257,0.337,banana,fresh
59770775,59113,89.30,871.00,69.00,0.436,4.257,0.337,banana,fresh
59771786,59114,89.10,871.00,69.10,0.435,4.257,0.338,banana,fresh
59772797,59115,89.15,871.00,69.00,0.436,4.257,0.337,banana,fresh
59773808,59116,89.05,871.00,69.10,0.435,4.257,0.338,banana,fresh
59774820,59117,89.25,870.90,69.05,0.436,4.257,0.337,banana,fresh
59775831,59118,89.35,871.00,69.05,0.437,4.257,0.337,banana,fresh
59776841,59119,89.15,871.00,69.05,0.436,4.257,0.337,banana,fresh
59777853,59120,89.05,871.00,69.20,0.435,4.257,0.338,banana,fresh
59778864,59121,89.35,871.00,69.15,0.437,4.257,0.338,banana,fresh
59779875,59122,89.30,871.00,69.20,0.436,4.257,0.338,banana,fresh
59780886,59123,89.20,870.95,69.00,0.436,4.257,0.337,banana,fresh
59781898,59124,89.15,871.00,69.05,0.436,4.257,0.337,banana,fresh
59782908,59125,89.10,871.00,69.10,0.435,4.257,0.338,banana,fresh
59783919,59126,89.15,871.00,69.10,0.436,4.257,0.338,banana,fresh
59784931,59127,89.10,870.95,69.00,0.435,4.257,0.337,banana,fresh
59785942,59128,89.15,871.00,69.05,0.436,4.257,0.337,banana,fresh
59786953,59129,89.05,871.00,69.10,0.435,4.257,0.338,banana,fresh
59787964,59130,89.15,871.00,69.00,0.436,4.257,0.337,banana,fresh
59788976,59131,89.20,871.00,69.10,0.436,4.257,0.338,banana,fresh
59789986,59132,89.15,870.90,69.05,0.436,4.257,0.337,banana,fresh
59790997,59133,89.20,871.00,69.00,0.436,4.257,0.337,banana,fresh
59792009,59134,89.20,871.00,69.00,0.436,4.257,0.337,banana,fresh
59793019,59135,89.15,871.00,69.05,0.436,4.257,0.337,banana,fresh
59794031,59136,89.25,871.00,69.05,0.436,4.257,0.337,banana,fresh
59795042,59137,89.05,870.95,69.05,0.435,4.257,0.337,banana,fresh
59796054,59138,89.15,871.00,69.00,0.436,4.257,0.337,banana,fresh
59797064,59139,89.15,871.00,69.15,0.436,4.257,0.338,banana,fresh
59798076,59140,89.20,871.00,69.10,0.436,4.257,0.338,banana,fresh
59799087,59141,89.00,871.00,69.05,0.435,4.257,0.337,banana,fresh
59800097,59142,89.15,870.95,69.05,0.436,4.257,0.337,banana,fresh
59801109,59143,89.15,871.00,69.10,0.436,4.257,0.338,banana,fresh
59802120,59144,89.15,871.00,69.00,0.436,4.257,0.337,banana,fresh
59803131,59145,89.25,870.95,69.00,0.436,4.257,0.337,banana,fresh
59804142,59146,89.15,871.00,69.05,0.436,4.257,0.337,banana,fresh
59805154,59147,89.10,870.95,69.05,0.435,4.257,0.337,banana,fresh
59806164,59148,89.15,870.95,69.05,0.436,4.257,0.337,banana,fresh
59807175,59149,89.30,871.00,69.00,0.436,4.257,0.337,banana,fresh
59808187,59150,89.10,871.00,69.20,0.435,4.257,0.338,banana,fresh
59809198,59151,89.15,871.00,69.10,0.436,4.257,0.338,banana,fresh
59810209,59152,89.00,871.00,69.00,0.435,4.257,0.337,banana,fresh
59811220,59153,89.10,871.00,69.05,0.435,4.257,0.337,banana,fresh
59812232,59154,89.15,871.00,69.05,0.436,4.257,0.337,banana,fresh
59813242,59155,89.05,871.00,69.00,0.435,4.257,0.337,banana,fresh
59814253,59156,89.15,871.00,69.10,0.436,4.257,0.338,banana,fresh
59815265,59157,89.05,871.00,69.00,0.435,4.257,0.337,banana,fresh
59816275,59158,89.10,870.95,69.05,0.435,4.257,0.337,banana,fresh
59817287,59159,89.30,870.95,69.15,0.436,4.257,0.338,banana,fresh
59818298,59160,89.15,871.05,69.00,0.436,4.257,0.337,banana,fresh
59819310,59161,89.25,870.95,69.05,0.436,4.257,0.337,banana,fresh
59820320,59162,89.25,870.95,69.05,0.436,4.257,0.337,banana,fresh
59821331,59163,89.15,871.00,69.10,0.436,4.257,0.338,banana,fresh
59822343,59164,89.05,870.95,69.15,0.435,4.257,0.338,banana,fresh
59823353,59165,89.20,871.00,69.15,0.436,4.257,0.338,banana,fresh
59824365,59166,89.10,871.00,69.05,0.435,4.257,0.337,banana,fresh
59825376,59167,89.05,870.95,69.10,0.435,4.257,0.338,banana,fresh
59826387,59168,89.20,870.95,69.05,0.436,4.257,0.337,banana,fresh
59827398,59169,89.10,870.95,69.10,0.435,4.257,0.338,banana,fresh
59828409,59170,89.30,870.95,69.15,0.436,4.257,0.338,banana,fresh
59829421,59171,89.25,870.90,69.05,0.436,4.257,0.337,banana,fresh
59830431,59172,89.15,871.00,69.10,0.436,4.257,0.338,banana,fresh
59831443,59173,89.10,870.90,69.05,0.435,4.257,0.337,banana,fresh
59832454,59174,89.15,870.95,69.00,0.436,4.257,0.337,banana,fresh
59833465,59175,89.00,870.95,69.10,0.435,4.257,0.338,banana,fresh
59834476,59176,89.10,871.00,69.00,0.435,4.257,0.337,banana,fresh
59835488,59177,89.15,870.95,69.00,0.436,4.257,0.337,banana,fresh
59836498,59178,89.10,871.00,69.00,0.435,4.257,0.337,banana,fresh
59837509,59179,89.10,871.00,69.00,0.435,4.257,0.337,banana,fresh
59838521,59180,89.20,870.90,69.10,0.436,4.257,0.338,banana,fresh
59839532,59181,89.05,870.95,69.00,0.435,4.257,0.337,banana,fresh
59840543,59182,89.20,870.95,69.05,0.436,4.257,0.337,banana,fresh
59841554,59183,89.10,871.00,69.05,0.435,4.257,0.337,banana,fresh
59842566,59184,89.00,870.95,69.05,0.435,4.257,0.337,banana,fresh
59843576,59185,89.05,870.90,69.10,0.435,4.257,0.338,banana,fresh
59844587,59186,89.20,871.00,69.05,0.436,4.257,0.337,banana,fresh
59845599,59187,89.15,871.05,69.05,0.436,4.257,0.337,banana,fresh
59846609,59188,89.05,871.00,69.00,0.435,4.257,0.337,banana,fresh
59847621,59189,89.10,870.90,69.05,0.435,4.257,0.337,banana,fresh
59848632,59190,89.10,870.90,69.00,0.435,4.257,0.337,banana,fresh
59849644,59191,89.05,871.00,69.05,0.435,4.257,0.337,banana,fresh
59850654,59192,89.15,870.95,69.00,0.436,4.257,0.337,banana,fresh
59851665,59193,89.10,870.95,69.00,0.435,4.257,0.337,banana,fresh
59852677,59194,89.10,870.95,69.10,0.435,4.257,0.338,banana,fresh
59853687,59195,89.15,871.00,69.05,0.436,4.257,0.337,banana,fresh
59854699,59196,89.00,870.95,69.05,0.435,4.257,0.337,banana,fresh
59855710,59197,89.10,870.95,69.10,0.435,4.257,0.338,banana,fresh
59856721,59198,89.05,870.85,69.00,0.435,4.256,0.337,banana,fresh
59857732,59199,89.00,870.90,69.00,0.435,4.257,0.337,banana,fresh
59858743,59200,89.15,871.00,69.00,0.436,4.257,0.337,banana,fresh
59859755,59201,89.05,870.85,69.00,0.435,4.256,0.337,banana,fresh
59860765,59202,89.00,870.85,69.00,0.435,4.256,0.337,banana,fresh
59861777,59203,89.10,871.00,69.05,0.435,4.257,0.337,banana,fresh
59862788,59204,89.10,871.00,69.00,0.435,4.257,0.337,banana,fresh
59863799,59205,89.10,870.95,69.05,0.435,4.257,0.337,banana,fresh
59864810,59206,89.10,871.00,69.00,0.435,4.257,0.337,banana,fresh
59865821,59207,89.10,870.85,69.05,0.435,4.256,0.337,banana,fresh
59866832,59208,89.15,871.00,69.00,0.436,4.257,0.337,banana,fresh
59867843,59209,89.05,871.00,69.05,0.435,4.257,0.337,banana,fresh
59868855,59210,89.10,870.95,69.05,0.435,4.257,0.337,banana,fresh
59869865,59211,89.05,870.95,68.90,0.435,4.257,0.337,banana,fresh
59870877,59212,89.15,870.95,69.00,0.436,4.257,0.337,banana,fresh
59871888,59213,89.10,870.95,69.05,0.435,4.257,0.337,banana,fresh
59872899,59214,89.05,871.00,69.00,0.435,4.257,0.337,banana,fresh
59873910,59215,89.10,870.85,69.00,0.435,4.256,0.337,banana,fresh
59874921,59216,89.20,871.00,69.00,0.436,4.257,0.337,banana,fresh
59875933,59217,89.05,870.95,69.05,0.435,4.257,0.337,banana,fresh
59876943,59218,89.10,870.95,69.05,0.435,4.257,0.337,banana,fresh
59877955,59219,89.00,870.95,69.00,0.435,4.257,0.337,banana,fresh
59878966,59220,89.00,870.90,69.05,0.435,4.257,0.337,banana,fresh
59879976,59221,89.15,871.00,69.00,0.436,4.257,0.337,banana,fresh
59880988,59222,89.20,871.00,69.10,0.436,4.257,0.338,banana,fresh
59881999,59223,89.00,870.95,69.05,0.435,4.257,0.337,banana,fresh
59883011,59224,89.05,870.95,69.00,0.435,4.257,0.337,banana,fresh
59884021,59225,89.05,871.00,69.15,0.435,4.257,0.338,banana,fresh
59885033,59226,89.00,870.90,69.05,0.435,4.257,0.337,banana,fresh
59886044,59227,89.20,870.65,69.00,0.436,4.255,0.337,banana,fresh
59887054,59228,89.10,871.00,69.00,0.435,4.257,0.337,banana,fresh
59888066,59229,89.00,870.85,69.00,0.435,4.256,0.337,banana,fresh
59889077,59230,89.05,870.95,69.10,0.435,4.257,0.338,banana,fresh
59890088,59231,89.10,870.90,69.00,0.435,4.257,0.337,banana,fresh
59891099,59232,89.15,871.00,69.00,0.436,4.257,0.337,banana,fresh
59892111,59233,89.05,870.85,69.05,0.435,4.256,0.337,banana,fresh
59893122,59234,89.05,871.00,69.00,0.435,4.257,0.337,banana,fresh
59894132,59235,89.05,870.95,69.00,0.435,4.257,0.337,banana,fresh
59895144,59236,89.00,871.00,69.00,0.435,4.257,0.337,banana,fresh
59896155,59237,89.10,871.00,69.00,0.435,4.257,0.337,banana,fresh
59897166,59238,89.00,870.95,69.05,0.435,4.257,0.337,banana,fresh
59898177,59239,89.05,870.95,69.00,0.435,4.257,0.337,banana,fresh
59899189,59240,89.05,871.00,69.10,0.435,4.257,0.338,banana,fresh
59900199,59241,89.10,870.95,69.05,0.435,4.257,0.337,banana,fresh
59901210,59242,89.00,870.95,69.00,0.435,4.257,0.337,banana,fresh
59902222,59243,89.05,870.85,69.00,0.435,4.256,0.337,banana,fresh
59903233,59244,89.05,870.95,69.00,0.435,4.257,0.337,banana,fresh
59904244,59245,89.05,871.00,69.00,0.435,4.257,0.337,banana,fresh
59905255,59246,89.10,871.00,69.00,0.435,4.257,0.337,banana,fresh
59906267,59247,89.00,870.90,69.05,0.435,4.257,0.337,banana,fresh
59907277,59248,89.05,871.00,69.00,0.435,4.257,0.337,banana,fresh
59908288,59249,89.15,870.95,69.10,0.436,4.257,0.338,banana,fresh
59909300,59250,89.10,870.90,69.00,0.435,4.257,0.337,banana,fresh
59910310,59251,89.00,870.95,69.00,0.435,4.257,0.337,banana,fresh
59911322,59252,89.05,870.85,69.05,0.435,4.256,0.337,banana,fresh
59912333,59253,89.05,870.95,69.05,0.435,4.257,0.337,banana,fresh
59913345,59254,89.10,870.90,69.00,0.435,4.257,0.337,banana,fresh
59914355,59255,89.05,871.00,69.00,0.435,4.257,0.337,banana,fresh
59915366,59256,89.00,870.95,69.00,0.435,4.257,0.337,banana,fresh
59916378,59257,89.05,870.95,69.00,0.435,4.257,0.337,banana,fresh
59917388,59258,89.00,871.00,69.00,0.435,4.257,0.337,banana,fresh
59918400,59259,89.05,870.90,69.00,0.435,4.257,0.337,banana,fresh
59919411,59260,89.15,870.95,69.00,0.436,4.257,0.337,banana,fresh
59920422,59261,89.00,870.90,69.10,0.435,4.257,0.338,banana,fresh
59921433,59262,89.00,870.80,69.10,0.435,4.256,0.338,banana,fresh
59922444,59263,89.05,870.95,69.00,0.435,4.257,0.337,banana,fresh
59923456,59264,89.00,870.85,69.00,0.435,4.256,0.337,banana,fresh
59924466,59265,89.05,870.95,69.00,0.435,4.257,0.337,banana,fresh
59925478,59266,89.00,870.80,69.00,0.435,4.256,0.337,banana,fresh
59926489,59267,89.05,870.95,69.00,0.435,4.257,0.337,banana,fresh
59927500,59268,89.05,871.00,69.00,0.435,4.257,0.337,banana,fresh
59928511,59269,89.10,870.95,69.00,0.435,4.257,0.337,banana,fresh
59929522,59270,89.05,870.95,69.00,0.435,4.257,0.337,banana,fresh
59930533,59271,89.00,870.90,69.00,0.435,4.257,0.337,banana,fresh
59931544,59272,89.05,870.95,69.00,0.435,4.257,0.337,banana,fresh
59932556,59273,89.00,870.90,69.00,0.435,4.257,0.337,banana,fresh
59933566,59274,89.00,870.90,69.05,0.435,4.257,0.337,banana,fresh
59934578,59275,89.00,870.90,69.00,0.435,4.257,0.337,banana,fresh
59935589,59276,89.05,870.95,69.00,0.435,4.257,0.337,banana,fresh
59936600,59277,89.10,870.90,69.00,0.435,4.257,0.337,banana,fresh
59937611,59278,89.15,870.75,69.00,0.436,4.256,0.337,banana,fresh
59938622,59279,89.00,870.95,69.00,0.435,4.257,0.337,banana,fresh
59939634,59280,89.05,870.90,69.05,0.435,4.257,0.337,banana,fresh
59940644,59281,89.00,870.85,69.05,0.435,4.256,0.337,banana,fresh
59941656,59282,89.00,870.95,69.00,0.435,4.257,0.337,banana,fresh
59942667,59283,89.00,870.75,69.00,0.435,4.256,0.337,banana,fresh
59943677,59284,88.95,870.90,69.00,0.435,4.257,0.337,banana,fresh
59944689,59285,89.00,870.95,69.00,0.435,4.257,0.337,banana,fresh
59945700,59286,89.05,870.85,69.00,0.435,4.256,0.337,banana,fresh
59946712,59287,89.05,870.95,69.00,0.435,4.257,0.337,banana,fresh
59947722,59288,89.10,870.85,69.00,0.435,4.256,0.337,banana,fresh
59948734,59289,89.00,870.90,68.95,0.435,4.257,0.337,banana,fresh
59949745,59290,89.00,870.85,69.00,0.435,4.256,0.337,banana,fresh
59950755,59291,89.10,870.75,69.00,0.435,4.256,0.337,banana,fresh
59951767,59292,89.00,870.90,69.00,0.435,4.257,0.337,banana,fresh
59952778,59293,89.00,870.90,69.00,0.435,4.257,0.337,banana,fresh
59953789,59294,89.05,870.95,69.00,0.435,4.257,0.337,banana,fresh
59954800,59295,89.00,870.95,69.00,0.435,4.257,0.337,banana,fresh
59955812,59296,89.10,870.90,69.00,0.435,4.257,0.337,banana,fresh
59956823,59297,89.05,870.95,69.00,0.435,4.257,0.337,banana,fresh
59957833,59298,89.00,871.00,69.05,0.435,4.257,0.337,banana,fresh
59958845,59299,89.00,870.85,69.00,0.435,4.256,0.337,banana,fresh
59959856,59300,89.00,870.80,69.00,0.435,4.256,0.337,banana,fresh
59960867,59301,89.05,870.90,69.00,0.435,4.257,0.337,banana,fresh
59961878,59302,89.00,870.75,69.05,0.435,4.256,0.337,banana,fresh
59962890,59303,89.00,870.85,69.00,0.435,4.256,0.337,banana,fresh
59963900,59304,89.00,870.80,69.00,0.435,4.256,0.337,banana,fresh
59964911,59305,89.00,870.80,69.05,0.435,4.256,0.337,banana,fresh
59965923,59306,89.00,870.90,69.00,0.435,4.257,0.337,banana,fresh
59966934,59307,89.00,870.95,69.00,0.435,4.257,0.337,banana,fresh
59967945,59308,89.05,870.90,69.00,0.435,4.257,0.337,banana,fresh
59968956,59309,89.05,870.85,69.00,0.435,4.256,0.337,banana,fresh
59969968,59310,89.05,870.80,69.00,0.435,4.256,0.337,banana,fresh
59970978,59311,89.00,870.65,69.00,0.435,4.255,0.337,banana,fresh
59971989,59312,89.05,870.75,69.00,0.435,4.256,0.337,banana,fresh
59973001,59313,89.00,870.90,69.00,0.435,4.257,0.337,banana,fresh
59974011,59314,89.05,870.90,69.00,0.435,4.257,0.337,banana,fresh
59975023,59315,89.00,870.95,69.00,0.435,4.257,0.337,banana,fresh
59976034,59316,89.00,870.85,69.00,0.435,4.256,0.337,banana,fresh
59977046,59317,89.05,870.75,69.00,0.435,4.256,0.337,banana,fresh
59978056,59318,89.00,870.95,69.00,0.435,4.257,0.337,banana,fresh
59979067,59319,89.00,870.80,69.00,0.435,4.256,0.337,banana,fresh
59980079,59320,89.10,870.80,69.00,0.435,4.256,0.337,banana,fresh
59981089,59321,89.05,870.90,69.05,0.435,4.257,0.337,banana,fresh
59982101,59322,89.00,870.75,69.00,0.435,4.256,0.337,banana,fresh
59983112,59323,89.00,870.85,69.00,0.435,4.256,0.337,banana,fresh
59984123,59324,89.00,870.75,69.00,0.435,4.256,0.337,banana,fresh
59985134,59325,89.00,870.80,69.00,0.435,4.256,0.337,banana,fresh
59986145,59326,89.00,870.70,69.10,0.435,4.256,0.338,banana,fresh
59987156,59327,89.05,870.75,69.00,0.435,4.256,0.337,banana,fresh
59988167,59328,89.00,870.80,69.00,0.435,4.256,0.337,banana,fresh
59989179,59329,89.05,870.70,69.00,0.435,4.256,0.337,banana,fresh
59990190,59330,89.05,870.60,69.00,0.435,4.255,0.337,banana,fresh
59991201,59331,89.00,870.85,69.05,0.435,4.256,0.337,banana,fresh
59992212,59332,89.00,870.85,69.00,0.435,4.256,0.337,banana,fresh
59993223,59333,89.00,870.90,69.00,0.435,4.257,0.337,banana,fresh
59994234,59334,89.00,870.65,69.00,0.435,4.255,0.337,banana,fresh
59995245,59335,89.05,870.80,69.05,0.435,4.256,0.337,banana,fresh
59996257,59336,89.00,870.85,69.00,0.435,4.256,0.337,banana,fresh
59997267,59337,89.00,870.70,69.00,0.435,4.256,0.337,banana,fresh
59998278,59338,89.00,870.75,69.00,0.435,4.256,0.337,banana,fresh
59999290,59339,89.00,870.90,69.00,0.435,4.257,0.337,banana,fresh
60000301,59340,89.00,870.75,68.95,0.435,4.256,0.337,banana,fresh
60001312,59341,89.00,870.85,69.00,0.435,4.256,0.337,banana,fresh
60002323,59342,89.00,870.95,69.00,0.435,4.257,0.337,banana,fresh
60003335,59343,89.00,870.75,68.95,0.435,4.256,0.337,banana,fresh
60004345,59344,89.00,870.70,69.00,0.435,4.256,0.337,banana,fresh
60005356,59345,89.00,870.65,69.00,0.435,4.255,0.337,banana,fresh
60006368,59346,89.05,870.75,69.00,0.435,4.256,0.337,banana,fresh
60007378,59347,89.05,870.75,69.00,0.435,4.256,0.337,banana,fresh
60008390,59348,89.00,870.60,69.05,0.435,4.255,0.337,banana,fresh
60009401,59349,89.00,870.90,69.00,0.435,4.257,0.337,banana,fresh
60010413,59350,89.00,870.70,69.10,0.435,4.256,0.338,banana,fresh
60011423,59351,89.00,870.80,69.00,0.435,4.256,0.337,banana,fresh
60012434,59352,89.00,870.70,69.00,0.435,4.256,0.337,banana,fresh
60013446,59353,89.00,870.75,69.00,0.435,4.256,0.337,banana,fresh
60014456,59354,89.00,870.85,69.00,0.435,4.256,0.337,banana,fresh
60015468,59355,89.00,870.85,69.00,0.435,4.256,0.337,banana,fresh
60016479,59356,89.00,870.80,69.10,0.435,4.256,0.338,banana,fresh
60017490,59357,89.00,870.60,69.05,0.435,4.255,0.337,banana,fresh
60018501,59358,88.95,870.75,69.00,0.435,4.256,0.337,banana,fresh
60019512,59359,89.00,870.75,69.05,0.435,4.256,0.337,banana,fresh
60020524,59360,89.05,870.65,69.00,0.435,4.255,0.337,banana,fresh
60021534,59361,89.00,870.70,69.00,0.435,4.256,0.337,banana,fresh
60022546,59362,89.10,870.65,69.05,0.435,4.255,0.337,banana,fresh
60023557,59363,89.05,870.75,69.00,0.435,4.256,0.337,banana,fresh
60024568,59364,89.10,870.55,69.00,0.435,4.255,0.337,banana,fresh
60025579,59365,89.00,870.70,69.00,0.435,4.256,0.337,banana,fresh
60026591,59366,89.00,870.75,69.00,0.435,4.256,0.337,banana,fresh
60027601,59367,89.05,870.85,69.00,0.435,4.256,0.337,banana,fresh
60028612,59368,89.00,870.85,69.00,0.435,4.256,0.337,banana,fresh
60029624,59369,89.10,870.55,69.00,0.435,4.255,0.337,banana,fresh
60030635,59370,89.00,870.70,69.00,0.435,4.256,0.337,banana,fresh
60031646,59371,89.00,870.80,69.00,0.435,4.256,0.337,banana,fresh
60032657,59372,89.05,870.65,69.00,0.435,4.255,0.337,banana,fresh
60033669,59373,89.00,870.85,68.95,0.435,4.256,0.337,banana,fresh
60034679,59374,89.00,870.70,69.05,0.435,4.256,0.337,banana,fresh
60035690,59375,88.95,870.75,69.00,0.435,4.256,0.337,banana,fresh
60036702,59376,89.00,870.55,69.00,0.435,4.255,0.337,banana,fresh
60037712,59377,89.00,870.75,69.00,0.435,4.256,0.337,banana,fresh
60038724,59378,89.00,870.65,69.00,0.435,4.255,0.337,banana,fresh
60039735,59379,89.00,870.60,69.00,0.435,4.255,0.337,banana,fresh
60040745,59380,89.00,870.60,69.00,0.435,4.255,0.337,banana,fresh
60041757,59381,89.00,870.45,69.00,0.435,4.254,0.337,banana,fresh
60042768,59382,89.05,870.80,68.95,0.435,4.256,0.337,banana,fresh
60043780,59383,89.00,870.85,68.95,0.435,4.256,0.337,banana,fresh
60044790,59384,89.00,870.90,69.00,0.435,4.257,0.337,banana,fresh
60045802,59385,89.00,870.75,69.00,0.435,4.256,0.337,banana,fresh
60046813,59386,89.00,870.70,69.00,0.435,4.256,0.337,banana,fresh
60047823,59387,88.95,870.65,69.00,0.435,4.255,0.337,banana,fresh
60048835,59388,89.00,870.65,69.00,0.435,4.255,0.337,banana,fresh
60049846,59389,89.10,870.55,68.95,0.435,4.255,0.337,banana,fresh
60050857,59390,89.00,870.75,69.00,0.435,4.256,0.337,banana,fresh
60051868,59391,89.00,870.70,68.95,0.435,4.256,0.337,banana,fresh
60052880,59392,89.05,870.55,68.90,0.435,4.255,0.337,banana,fresh
60053891,59393,88.95,870.75,69.00,0.435,4.256,0.337,banana,fresh
60054901,59394,89.05,870.70,69.00,0.435,4.256,0.337,banana,fresh
60055913,59395,89.00,870.80,69.00,0.435,4.256,0.337,banana,fresh
60056924,59396,88.95,870.65,69.00,0.435,4.255,0.337,banana,fresh
60057935,59397,89.00,870.70,69.00,0.435,4.256,0.337,banana,fresh
60058946,59398,89.00,870.50,69.05,0.435,4.255,0.337,banana,fresh
60059958,59399,89.05,870.60,69.00,0.435,4.255,0.337,banana,fresh
60060968,59400,89.00,870.65,69.00,0.435,4.255,0.337,banana,fresh
60061979,59401,89.05,870.55,69.00,0.435,4.255,0.337,banana,fresh
60062991,59402,89.00,870.60,69.00,0.435,4.255,0.337,banana,fresh
60064002,59403,89.00,870.50,69.00,0.435,4.255,0.337,banana,fresh
60065013,59404,88.95,870.50,68.95,0.435,4.255,0.337,banana,fresh
60066024,59405,89.05,870.95,69.00,0.435,4.257,0.337,banana,fresh
60067036,59406,89.05,870.45,69.00,0.435,4.254,0.337,banana,fresh
60068046,59407,89.00,870.55,69.00,0.435,4.255,0.337,banana,fresh
60069057,59408,89.05,870.70,68.95,0.435,4.256,0.337,banana,fresh
60070069,59409,89.00,870.60,68.95,0.435,4.255,0.337,banana,fresh
60071079,59410,89.00,870.50,69.00,0.435,4.255,0.337,banana,fresh
60072091,59411,89.00,870.60,69.00,0.435,4.255,0.337,banana,fresh
60073102,59412,88.95,870.60,69.00,0.435,4.255,0.337,banana,fresh
60074114,59413,89.00,870.45,69.00,0.435,4.254,0.337,banana,fresh
60075124,59414,89.00,870.65,68.95,0.435,4.255,0.337,banana,fresh
60076135,59415,88.90,870.70,69.00,0.435,4.256,0.337,banana,fresh
60077147,59416,89.00,870.65,69.00,0.435,4.255,0.337,banana,fresh
60078157,59417,89.00,870.80,69.00,0.435,4.256,0.337,banana,fresh
60079169,59418,89.00,870.55,69.00,0.435,4.255,0.337,banana,fresh
60080180,59419,88.95,870.45,69.00,0.435,4.254,0.337,banana,fresh
60081191,59420,89.05,870.55,69.00,0.435,4.255,0.337,banana,fresh
60082202,59421,88.95,870.55,69.00,0.435,4.255,0.337,banana,fresh
60083213,59422,89.00,870.55,68.95,0.435,4.255,0.337,banana,fresh
60084225,59423,89.00,870.80,68.90,0.435,4.256,0.337,banana,fresh
60085235,59424,89.00,870.80,69.00,0.435,4.256,0.337,banana,fresh
60086247,59425,88.90,870.55,69.00,0.435,4.255,0.337,banana,fresh
60087258,59426,89.00,870.60,69.00,0.435,4.255,0.337,banana,fresh
60088269,59427,89.00,870.75,69.00,0.435,4.256,0.337,banana,fresh
60089280,59428,88.95,870.35,69.00,0.435,4.254,0.337,banana,fresh
60090291,59429,89.00,870.40,69.00,0.435,4.254,0.337,banana,fresh
60091302,59430,89.00,870.70,69.00,0.435,4.256,0.337,banana,fresh
60092313,59431,89.00,870.50,69.05,0.435,4.255,0.337,banana,fresh
60093325,59432,89.00,870.70,69.00,0.435,4.256,0.337,banana,fresh
60094336,59433,88.95,870.60,69.00,0.435,4.255,0.337,banana,fresh
60095347,59434,89.00,870.50,69.00,0.435,4.255,0.337,banana,fresh
60096358,59435,89.00,870.60,68.90,0.435,4.255,0.337,banana,fresh
60097369,59436,89.05,870.55,69.00,0.435,4.255,0.337,banana,fresh
60098380,59437,89.00,870.50,69.00,0.435,4.255,0.337,banana,fresh
60099391,59438,89.00,870.45,69.05,0.435,4.254,0.337,banana,fresh
60100403,59439,89.00,870.40,68.95,0.435,4.254,0.337,banana,fresh
60101413,59440,89.05,870.20,69.00,0.435,4.253,0.337,banana,fresh
60102424,59441,89.00,870.20,69.00,0.435,4.253,0.337,banana,fresh
60103436,59442,89.00,870.40,69.00,0.435,4.254,0.337,banana,fresh
60104446,59443,89.00,870.55,68.95,0.435,4.255,0.337,banana,fresh
60105458,59444,89.00,870.40,69.00,0.435,4.254,0.337,banana,fresh
60106469,59445,89.00,870.55,69.00,0.435,4.255,0.337,banana,fresh
60107481,59446,89.05,870.65,68.95,0.435,4.255,0.337,banana,fresh
60108491,59447,89.00,870.45,68.95,0.435,4.254,0.337,banana,fresh
60109503,59448,89.00,870.60,68.95,0.435,4.255,0.337,banana,fresh
60110514,59449,89.00,870.65,69.00,0.435,4.255,0.337,banana,fresh
60111524,59450,89.00,870.55,69.00,0.435,4.255,0.337,banana,fresh
60112536,59451,89.05,870.35,68.95,0.435,4.254,0.337,banana,fresh
60113547,59452,89.05,870.45,69.00,0.435,4.254,0.337,banana,fresh
60114558,59453,89.05,870.40,68.90,0.435,4.254,0.337,banana,fresh
60115569,59454,89.00,870.45,69.00,0.435,4.254,0.337,banana,fresh
60116581,59455,89.00,870.25,68.95,0.435,4.253,0.337,banana,fresh
60117592,59456,88.95,870.30,69.00,0.435,4.254,0.337,banana,fresh
60118602,59457,89.00,870.50,69.00,0.435,4.255,0.337,banana,fresh
60119614,59458,89.00,870.55,69.00,0.435,4.255,0.337,banana,fresh
60120625,59459,89.00,870.45,69.00,0.435,4.254,0.337,banana,fresh
60121636,59460,88.95,870.20,69.00,0.435,4.253,0.337,banana,fresh
60122647,59461,89.05,870.40,69.00,0.435,4.254,0.337,banana,fresh
60123659,59462,89.05,870.40,69.00,0.435,4.254,0.337,banana,fresh
60124669,59463,89.00,870.45,68.95,0.435,4.254,0.337,banana,fresh
60125680,59464,88.95,870.45,68.95,0.435,4.254,0.337,banana,fresh
60126692,59465,89.00,870.50,69.00,0.435,4.255,0.337,banana,fresh
60127703,59466,89.00,870.50,69.00,0.435,4.255,0.337,banana,fresh
60128714,59467,89.00,870.30,68.95,0.435,4.254,0.337,banana,fresh
60129725,59468,89.00,870.45,69.00,0.435,4.254,0.337,banana,fresh
60130737,59469,89.00,870.45,69.00,0.435,4.254,0.337,banana,fresh
60131747,59470,89.05,870.40,69.00,0.435,4.254,0.337,banana,fresh
60132758,59471,88.95,870.40,68.95,0.435,4.254,0.337,banana,fresh
60133770,59472,88.95,870.55,68.95,0.435,4.255,0.337,banana,fresh
60134780,59473,89.05,870.50,69.00,0.435,4.255,0.337,banana,fresh
60135792,59474,88.95,870.45,69.00,0.435,4.254,0.337,banana,fresh
60136803,59475,88.85,870.40,69.00,0.434,4.254,0.337,banana,fresh
60137815,59476,89.05,870.15,68.95,0.435,4.253,0.337,banana,fresh
60138825,59477,89.00,870.40,69.00,0.435,4.254,0.337,banana,fresh
60139836,59478,89.00,870.50,68.90,0.435,4.255,0.337,banana,fresh
60140848,59479,89.00,870.40,69.00,0.435,4.254,0.337,banana,fresh
60141858,59480,88.95,870.50,69.00,0.435,4.255,0.337,banana,fresh
60142870,59481,88.95,870.50,68.95,0.435,4.255,0.337,banana,fresh
60143881,59482,89.00,870.60,68.85,0.435,4.255,0.337,banana,fresh
60144892,59483,89.00,870.40,69.00,0.435,4.254,0.337,banana,fresh
60145903,59484,88.95,870.30,69.00,0.435,4.254,0.337,banana,fresh
60146914,59485,89.00,870.20,69.00,0.435,4.253,0.337,banana,fresh
60147926,59486,88.90,870.50,69.00,0.435,4.255,0.337,banana,fresh
60148936,59487,88.95,870.35,68.95,0.435,4.254,0.337,banana,fresh
60149948,59488,88.90,870.45,69.00,0.435,4.254,0.337,banana,fresh
60150959,59489,89.00,870.20,68.85,0.435,4.253,0.337,banana,fresh
60151970,59490,88.95,870.35,69.00,0.435,4.254,0.337,banana,fresh
60152981,59491,88.90,870.35,69.00,0.435,4.254,0.337,banana,fresh
60153992,59492,88.90,870.35,69.00,0.435,4.254,0.337,banana,fresh
60155003,59493,88.90,870.30,69.00,0.435,4.254,0.337,banana,fresh
60156014,59494,88.90,870.40,68.95,0.435,4.254,0.337,banana,fresh
60157026,59495,88.95,870.30,68.95,0.435,4.254,0.337,banana,fresh
60158036,59496,88.90,870.40,68.90,0.435,4.254,0.337,banana,fresh
60159048,59497,88.90,870.30,69.00,0.435,4.254,0.337,banana,fresh
60160059,59498,89.00,870.35,68.95,0.435,4.254,0.337,banana,fresh
60161071,59499,89.00,870.40,69.00,0.435,4.254,0.337,banana,fresh
60162081,59500,88.85,870.35,69.00,0.434,4.254,0.337,banana,fresh
60163092,59501,88.95,870.35,69.00,0.435,4.254,0.337,banana,fresh
60164104,59502,89.00,870.40,69.00,0.435,4.254,0.337,banana,fresh
60165114,59503,89.00,870.30,69.00,0.435,4.254,0.337,banana,fresh
60166126,59504,88.95,870.35,68.90,0.435,4.254,0.337,banana,fresh
60167137,59505,88.95,870.40,68.90,0.435,4.254,0.337,banana,fresh
60168148,59506,88.90,870.30,68.95,0.435,4.254,0.337,banana,fresh
60169159,59507,89.00,870.45,69.00,0.435,4.254,0.337,banana,fresh
60170170,59508,88.90,870.20,68.95,0.435,4.253,0.337,banana,fresh
60171182,59509,88.95,870.25,68.90,0.435,4.253,0.337,banana,fresh
60172192,59510,88.90,870.20,69.00,0.435,4.253,0.337,banana,fresh
60173204,59511,89.00,870.40,68.95,0.435,4.254,0.337,banana,fresh
60174215,59512,88.90,870.30,69.00,0.435,4.254,0.337,banana,fresh
60175226,59513,89.00,870.45,68.95,0.435,4.254,0.337,banana,fresh
60176237,59514,89.00,870.45,68.95,0.435,4.254,0.337,banana,fresh
60177248,59515,88.95,870.25,68.95,0.435,4.253,0.337,banana,fresh
60178259,59516,89.00,870.25,68.95,0.435,4.253,0.337,banana,fresh
60179270,59517,88.95,870.25,68.95,0.435,4.253,0.337,banana,fresh
60180282,59518,88.90,870.30,68.90,0.435,4.254,0.337,banana,fresh
60181293,59519,89.00,870.50,68.90,0.435,4.255,0.337,banana,fresh
60182304,59520,88.95,870.60,69.00,0.435,4.255,0.337,banana,fresh
60183315,59521,89.00,870.30,69.00,0.435,4.254,0.337,banana,fresh
60184327,59522,89.00,870.35,69.00,0.435,4.254,0.337,banana,fresh
60185337,59523,88.85,870.20,68.95,0.434,4.253,0.337,banana,fresh
60186348,59524,88.95,870.20,69.00,0.435,4.253,0.337,banana,fresh
60187360,59525,88.85,870.30,68.90,0.434,4.254,0.337,banana,fresh
60188370,59526,88.95,870.25,68.95,0.435,4.253,0.337,banana,fresh
60189382,59527,89.00,870.20,69.00,0.435,4.253,0.337,banana,fresh
60190393,59528,88.85,870.25,69.00,0.434,4.253,0.337,banana,fresh
60191405,59529,88.95,870.40,69.00,0.435,4.254,0.337,banana,fresh
60192415,59530,88.80,870.20,69.00,0.434,4.253,0.337,banana,fresh
60193426,59531,89.00,870.15,68.95,0.435,4.253,0.337,banana,fresh
60194438,59532,88.90,870.20,68.95,0.435,4.253,0.337,banana,fresh
60195448,59533,89.00,870.40,68.95,0.435,4.254,0.337,banana,fresh
60196460,59534,88.95,870.35,68.95,0.435,4.254,0.337,banana,fresh
60197471,59535,88.90,870.15,68.90,0.435,4.253,0.337,banana,fresh
60198482,59536,88.90,870.15,69.00,0.435,4.253,0.337,banana,fresh
60199493,59537,89.00,870.30,68.90,0.435,4.254,0.337,banana,fresh
60200504,59538,88.80,870.20,68.95,0.434,4.253,0.337,banana,fresh
60201516,59539,88.85,870.15,68.95,0.434,4.253,0.337,banana,fresh
60202526,59540,88.95,870.25,68.95,0.435,4.253,0.337,banana,fresh
60203538,59541,88.95,870.35,68.85,0.435,4.254,0.337,banana,fresh
60204549,59542,89.00,870.25,69.00,0.435,4.253,0.337,banana,fresh
60205560,59543,88.85,870.30,68.95,0.434,4.254,0.337,banana,fresh
60206571,59544,88.90,870.20,68.95,0.435,4.253,0.337,banana,fresh
60207583,59545,88.90,870.35,68.85,0.435,4.254,0.337,banana,fresh
60208593,59546,88.95,870.10,69.00,0.435,4.253,0.337,banana,fresh
60209604,59547,88.85,870.15,68.95,0.434,4.253,0.337,banana,fresh
60210616,59548,88.90,870.20,68.90,0.435,4.253,0.337,banana,fresh
60211627,59549,88.95,870.30,68.95,0.435,4.254,0.337,banana,fresh
60212638,59550,88.80,870.20,68.90,0.434,4.253,0.337,banana,fresh
60213649,59551,88.95,870.35,68.90,0.435,4.254,0.337,banana,fresh
60214661,59552,88.85,870.05,69.00,0.434,4.252,0.337,banana,fresh
60215671,59553,88.95,870.15,68.85,0.435,4.253,0.337,banana,fresh
60216682,59554,88.95,870.25,68.90,0.435,4.253,0.337,banana,fresh
60217694,59555,88.95,870.15,68.90,0.435,4.253,0.337,banana,fresh
60218704,59556,88.90,870.10,69.00,0.435,4.253,0.337,banana,fresh
60219716,59557,88.80,870.40,68.95,0.434,4.254,0.337,banana,fresh
60220727,59558,88.95,870.40,68.95,0.435,4.254,0.337,banana,fresh
60221739,59559,88.90,870.40,68.80,0.435,4.254,0.336,banana,fresh
60222749,59560,88.95,870.10,69.00,0.435,4.253,0.337,banana,fresh
60223760,59561,88.95,870.20,69.00,0.435,4.253,0.337,banana,fresh
60224772,59562,89.00,870.25,68.95,0.435,4.253,0.337,banana,fresh
60225782,59563,88.85,870.20,68.90,0.434,4.253,0.337,banana,fresh
60226794,59564,88.90,870.45,68.90,0.435,4.254,0.337,banana,fresh
60227805,59565,88.85,870.30,68.90,0.434,4.254,0.337,banana,fresh
60228816,59566,88.90,870.20,68.95,0.435,4.253,0.337,banana,fresh
60229827,59567,88.90,870.30,69.00,0.435,4.254,0.337,banana,fresh
60230839,59568,88.95,870.15,68.95,0.435,4.253,0.337,banana,fresh
60231849,59569,88.95,870.35,69.00,0.435,4.254,0.337,banana,fresh
60232860,59570,88.95,870.20,69.00,0.435,4.253,0.337,banana,fresh
60233872,59571,88.95,870.05,68.95,0.435,4.252,0.337,banana,fresh
60234883,59572,89.00,870.15,69.00,0.435,4.253,0.337,banana,fresh
60235894,59573,88.95,870.20,68.90,0.435,4.253,0.337,banana,fresh
60236905,59574,88.95,870.25,68.85,0.435,4.253,0.337,banana,fresh
60237917,59575,89.00,870.30,69.00,0.435,4.254,0.337,banana,fresh
60238927,59576,88.85,870.10,69.00,0.434,4.253,0.337,banana,fresh
60239938,59577,88.90,870.25,68.85,0.435,4.253,0.337,banana,fresh
60240950,59578,88.90,870.00,69.00,0.435,4.252,0.337,banana,fresh
60241960,59579,88.90,870.30,69.00,0.435,4.254,0.337,banana,fresh
60242972,59580,88.90,870.30,69.00,0.435,4.254,0.337,banana,fresh
60243983,59581,89.00,870.10,68.95,0.435,4.253,0.337,banana,fresh
60244995,59582,89.00,870.35,69.00,0.435,4.254,0.337,banana,fresh
60246005,59583,88.90,870.15,68.95,0.435,4.253,0.337,banana,fresh
60247017,59584,88.90,870.35,68.85,0.435,4.254,0.337,banana,fresh
60248028,59585,88.90,870.35,69.00,0.435,4.254,0.337,banana,fresh
60249038,59586,88.95,870.35,69.00,0.435,4.254,0.337,banana,fresh
60250050,59587,88.90,870.30,68.95,0.435,4.254,0.337,banana,fresh
60251061,59588,88.95,870.20,68.95,0.435,4.253,0.337,banana,fresh
60252072,59589,88.90,870.10,68.95,0.435,4.253,0.337,banana,fresh
60253083,59590,88.90,870.25,69.00,0.435,4.253,0.337,banana,fresh
60254095,59591,88.90,870.30,69.00,0.435,4.254,0.337,banana,fresh
60255106,59592,89.00,870.15,68.95,0.435,4.253,0.337,banana,fresh
60256117,59593,88.85,870.20,68.95,0.434,4.253,0.337,banana,fresh
60257128,59594,89.00,870.20,68.95,0.435,4.253,0.337,banana,fresh
60258139,59595,89.00,870.20,68.95,0.435,4.253,0.337,banana,fresh
60259150,59596,88.95,870.15,69.00,0.435,4.253,0.337,banana,fresh
60260161,59597,88.95,870.20,69.00,0.435,4.253,0.337,banana,fresh
60261173,59598,88.95,870.25,68.95,0.435,4.253,0.337,banana,fresh
60262183,59599,88.95,870.15,68.90,0.435,4.253,0.337,banana,fresh
60263195,59600,88.95,870.15,69.00,0.435,4.253,0.337,banana,fresh
60264206,59601,88.95,870.30,69.00,0.435,4.254,0.337,banana,fresh
60265217,59602,88.95,870.20,69.00,0.435,4.253,0.337,banana,fresh
60266228,59603,88.85,870.35,68.95,0.434,4.254,0.337,banana,fresh
60267239,59604,88.95,870.30,68.90,0.435,4.254,0.337,banana,fresh
60268251,59605,88.95,870.20,68.95,0.435,4.253,0.337,banana,fresh
60269261,59606,89.00,870.25,69.00,0.435,4.253,0.337,banana,fresh
60270273,59607,88.95,870.30,68.95,0.435,4.254,0.337,banana,fresh
60271284,59608,88.85,870.20,68.95,0.434,4.253,0.337,banana,fresh
60272294,59609,88.75,870.25,68.90,0.434,4.253,0.337,banana,fresh
60273306,59610,89.00,870.25,69.00,0.435,4.253,0.337,banana,fresh
60274317,59611,88.90,870.25,68.90,0.435,4.253,0.337,banana,fresh
60275329,59612,88.95,870.30,68.95,0.435,4.254,0.337,banana,fresh
60276339,59613,89.00,870.10,69.00,0.435,4.253,0.337,banana,fresh
60277351,59614,88.90,870.15,68.95,0.435,4.253,0.337,banana,fresh
60278362,59615,88.95,870.15,69.00,0.435,4.253,0.337,banana,fresh
60279373,59616,88.75,870.20,69.00,0.434,4.253,0.337,banana,fresh
60280384,59617,88.75,870.20,68.95,0.434,4.253,0.337,banana,fresh
60281395,59618,88.90,870.10,69.00,0.435,4.253,0.337,banana,fresh
60282406,59619,88.90,870.15,68.95,0.435,4.253,0.337,banana,fresh
60283417,59620,88.95,870.20,68.80,0.435,4.253,0.336,banana,fresh
60284429,59621,89.00,870.25,68.95,0.435,4.253,0.337,banana,fresh
60285440,59622,88.90,870.30,69.00,0.435,4.254,0.337,banana,fresh
60286451,59623,88.85,870.15,68.95,0.434,4.253,0.337,banana,fresh
60287462,59624,88.95,870.20,68.90,0.435,4.253,0.337,banana,fresh
60288474,59625,88.85,870.15,68.95,0.434,4.253,0.337,banana,fresh
60289484,59626,88.85,870.15,69.00,0.434,4.253,0.337,banana,fresh
60290495,59627,88.90,870.10,69.00,0.435,4.253,0.337,banana,fresh
60291507,59628,88.90,870.25,68.90,0.435,4.253,0.337,banana,fresh
60292517,59629,88.90,870.35,68.85,0.435,4.254,0.337,banana,fresh
60293529,59630,89.00,870.20,68.95,0.435,4.253,0.337,banana,fresh
60294540,59631,88.90,870.30,69.00,0.435,4.254,0.337,banana,fresh
60295552,59632,88.85,870.10,68.90,0.434,4.253,0.337,banana,fresh
60296562,59633,88.95,870.00,68.95,0.435,4.252,0.337,banana,fresh
60297573,59634,88.90,870.10,69.00,0.435,4.253,0.337,banana,fresh
60298585,59635,88.95,870.15,69.00,0.435,4.253,0.337,banana,fresh
60299595,59636,88.85,870.10,68.90,0.434,4.253,0.337,banana,fresh
60300607,59637,88.95,870.15,69.00,0.435,4.253,0.337,banana,fresh
60301618,59638,88.80,870.20,68.95,0.434,4.253,0.337,banana,fresh
60302629,59639,88.85,870.35,68.90,0.434,4.254,0.337,banana,fresh
60303640,59640,88.80,870.15,68.95,0.434,4.253,0.337,banana,fresh
60304652,59641,88.90,870.10,69.00,0.435,4.253,0.337,banana,fresh
60305662,59642,88.85,870.20,68.90,0.434,4.253,0.337,banana,fresh
60306673,59643,88.95,870.10,69.00,0.435,4.253,0.337,banana,fresh
60307685,59644,88.90,870.30,68.90,0.435,4.254,0.337,banana,fresh
60308696,59645,88.90,870.30,68.80,0.435,4.254,0.336,banana,fresh
60309707,59646,88.90,870.30,68.95,0.435,4.254,0.337,banana,fresh
60310718,59647,88.90,870.05,68.90,0.435,4.252,0.337,banana,fresh
60311730,59648,88.75,870.15,68.95,0.434,4.253,0.337,banana,fresh
60312740,59649,88.80,870.20,68.90,0.434,4.253,0.337,banana,fresh
60313751,59650,88.80,870.30,68.90,0.434,4.254,0.337,banana,fresh
60314763,59651,88.75,870.20,68.95,0.434,4.253,0.337,banana,fresh
60315773,59652,88.90,870.10,69.00,0.435,4.253,0.337,banana,fresh
60316785,59653,88.95,870.30,68.85,0.435,4.254,0.337,banana,fresh
60317796,59654,88.90,870.20,69.00,0.435,4.253,0.337,banana,fresh
60318808,59655,88.80,870.20,68.90,0.434,4.253,0.337,banana,fresh
60319818,59656,88.90,870.15,68.95,0.435,4.253,0.337,banana,fresh
60320830,59657,88.90,870.15,68.90,0.435,4.253,0.337,banana,fresh
60321841,59658,88.95,870.20,68.95,0.435,4.253,0.337,banana,fresh
60322851,59659,88.85,870.00,68.90,0.434,4.252,0.337,banana,fresh
60323863,59660,88.95,870.20,68.85,0.435,4.253,0.337,banana,fresh
60324874,59661,88.95,870.10,68.95,0.435,4.253,0.337,banana,fresh
60325885,59662,89.00,870.20,68.95,0.435,4.253,0.337,banana,fresh
60326896,59663,88.85,870.05,69.00,0.434,4.252,0.337,banana,fresh
60327908,59664,88.90,870.30,68.90,0.435,4.254,0.337,banana,fresh
60328919,59665,89.00,870.30,68.85,0.435,4.254,0.337,banana,fresh
60329929,59666,88.95,870.05,69.00,0.435,4.252,0.337,banana,fresh
60330941,59667,88.85,870.15,68.95,0.434,4.253,0.337,banana,fresh
60331952,59668,88.85,870.10,68.90,0.434,4.253,0.337,banana,fresh
60332963,59669,88.80,870.20,69.00,0.434,4.253,0.337,banana,fresh
60333974,59670,88.80,870.15,68.95,0.434,4.253,0.337,banana,fresh
60334986,59671,88.85,870.15,68.90,0.434,4.253,0.337,banana,fresh
60335996,59672,88.85,870.05,69.00,0.434,4.252,0.337,banana,fresh
60337007,59673,88.80,870.15,68.90,0.434,4.253,0.337,banana,fresh
60338019,59674,88.75,870.10,68.95,0.434,4.253,0.337,banana,fresh
60339030,59675,88.75,870.15,68.95,0.434,4.253,0.337,banana,fresh
60340041,59676,88.90,870.20,69.00,0.435,4.253,0.337,banana,fresh
60341052,59677,88.85,870.10,69.00,0.434,4.253,0.337,banana,fresh
60342064,59678,88.75,870.20,68.90,0.434,4.253,0.337,banana,fresh
60343074,59679,88.85,870.05,68.95,0.434,4.252,0.337,banana,fresh
60344086,59680,88.85,870.15,68.90,0.434,4.253,0.337,banana,fresh
60345097,59681,88.95,870.30,68.90,0.435,4.254,0.337,banana,fresh
60346107,59682,88.90,870.20,68.95,0.435,4.253,0.337,banana,fresh
60347119,59683,88.80,870.20,68.95,0.434,4.253,0.337,banana,fresh
60348130,59684,88.90,870.05,68.90,0.435,4.252,0.337,banana,fresh
60349142,59685,88.95,870.05,68.95,0.435,4.252,0.337,banana,fresh
60350152,59686,88.90,870.00,68.90,0.435,4.252,0.337,banana,fresh
60351164,59687,88.85,870.05,68.90,0.434,4.252,0.337,banana,fresh
60352175,59688,88.85,870.10,68.95,0.434,4.253,0.337,banana,fresh
60353186,59689,88.85,870.30,68.90,0.434,4.254,0.337,banana,fresh
60354197,59690,88.85,870.10,68.90,0.434,4.253,0.337,banana,fresh
60355208,59691,88.95,870.05,68.95,0.435,4.252,0.337,banana,fresh
60356219,59692,88.95,870.10,68.95,0.435,4.253,0.337,banana,fresh
60357230,59693,88.95,870.15,68.95,0.435,4.253,0.337,banana,fresh
60358242,59694,88.90,870.15,68.90,0.435,4.253,0.337,banana,fresh
60359252,59695,88.95,870.10,68.95,0.435,4.253,0.337,banana,fresh
60360264,59696,88.90,870.15,69.00,0.435,4.253,0.337,banana,fresh
60361275,59697,88.90,870.05,68.95,0.435,4.252,0.337,banana,fresh
60362286,59698,88.75,870.10,68.95,0.434,4.253,0.337,banana,fresh
60363297,59699,88.90,870.05,68.90,0.435,4.252,0.337,banana,fresh
60364308,59700,88.65,870.15,68.90,0.433,4.253,0.337,banana,fresh
60365320,59701,88.95,870.10,68.95,0.435,4.253,0.337,banana,fresh
60366330,59702,88.70,870.05,68.90,0.434,4.252,0.337,banana,fresh
60367342,59703,88.85,870.20,68.85,0.434,4.253,0.337,banana,fresh
60368353,59704,88.75,870.05,68.90,0.434,4.252,0.337,banana,fresh
60369363,59705,88.85,870.15,68.85,0.434,4.253,0.337,banana,fresh
60370375,59706,88.95,870.15,68.95,0.435,4.253,0.337,banana,fresh
60371386,59707,88.80,870.10,68.90,0.434,4.253,0.337,banana,fresh
60372398,59708,88.85,870.10,69.00,0.434,4.253,0.337,banana,fresh
60373408,59709,88.70,870.10,69.00,0.434,4.253,0.337,banana,fresh
60374420,59710,88.80,870.05,68.85,0.434,4.252,0.337,banana,fresh
60375431,59711,88.95,870.20,68.95,0.435,4.253,0.337,banana,fresh
60376442,59712,89.00,870.20,68.95,0.435,4.253,0.337,banana,fresh
60377453,59713,88.95,870.20,68.85,0.435,4.253,0.337,banana,fresh
60378464,59714,88.80,870.25,68.90,0.434,4.253,0.337,banana,fresh
60379475,59715,88.95,870.10,68.90,0.435,4.253,0.337,banana,fresh
60380486,59716,88.90,870.20,69.00,0.435,4.253,0.337,banana,fresh
60381498,59717,88.85,870.15,69.00,0.434,4.253,0.337,banana,fresh
60382509,59718,88.85,870.15,68.95,0.434,4.253,0.337,banana,fresh
60383520,59719,88.80,870.05,68.95,0.434,4.252,0.337,banana,fresh
60384531,59720,88.70,870.15,69.00,0.434,4.253,0.337,banana,fresh
60385542,59721,88.85,870.10,68.80,0.434,4.253,0.336,banana,fresh
60386553,59722,88.80,870.20,68.95,0.434,4.253,0.337,banana,fresh
60387564,59723,88.85,870.05,68.95,0.434,4.252,0.337,banana,fresh
60388576,59724,88.75,870.15,68.95,0.434,4.253,0.337,banana,fresh
60389586,59725,88.90,870.10,68.85,0.435,4.253,0.337,banana,fresh
60390598,59726,88.90,870.05,68.90,0.435,4.252,0.337,banana,fresh
60391609,59727,88.85,870.20,68.95,0.434,4.253,0.337,banana,fresh
60392621,59728,88.85,870.10,68.95,0.434,4.253,0.337,banana,fresh
60393631,59729,88.90,870.00,68.95,0.435,4.252,0.337,banana,fresh
60394642,59730,88.75,870.05,68.95,0.434,4.252,0.337,banana,fresh
60395654,59731,88.80,870.00,68.95,0.434,4.252,0.337,banana,fresh
60396664,59732,88.80,870.15,68.90,0.434,4.253,0.337,banana,fresh
60397676,59733,88.80,870.20,68.85,0.434,4.253,0.337,banana,fresh
60398687,59734,88.95,870.15,68.90,0.435,4.253,0.337,banana,fresh
60399698,59735,88.95,870.00,68.90,0.435,4.252,0.337,banana,fresh
60400709,59736,88.90,870.05,68.90,0.435,4.252,0.337,banana,fresh
60401720,59737,88.80,870.10,68.90,0.434,4.253,0.337,banana,fresh
60402732,59738,88.70,870.15,68.85,0.434,4.253,0.337,banana,fresh
60403742,59739,88.65,870.05,69.00,0.433,4.252,0.337,banana,fresh
60404754,59740,88.80,870.10,69.00,0.434,4.253,0.337,banana,fresh
60405765,59741,88.75,870.10,68.90,0.434,4.253,0.337,banana,fresh
60406776,59742,88.85,870.10,68.95,0.434,4.253,0.337,banana,fresh
60407787,59743,88.80,870.20,68.85,0.434,4.253,0.337,banana,fresh
60408799,59744,88.75,870.15,68.95,0.434,4.253,0.337,banana,fresh
60409809,59745,88.75,870.15,68.95,0.434,4.253,0.337,banana,fresh
60410820,59746,88.75,870.25,68.95,0.434,4.253,0.337,banana,fresh
60411832,59747,88.85,870.10,68.85,0.434,4.253,0.337,banana,fresh
60412843,59748,88.65,870.10,69.00,0.433,4.253,0.337,banana,fresh
60413854,59749,88.75,870.15,68.80,0.434,4.253,0.336,banana,fresh
60414865,59750,88.90,870.05,68.90,0.435,4.252,0.337,banana,fresh
60415877,59751,88.85,870.15,68.95,0.434,4.253,0.337,banana,fresh
60416887,59752,88.85,870.10,68.90,0.434,4.253,0.337,banana,fresh
60417899,59753,88.95,870.05,68.90,0.435,4.252,0.337,banana,fresh
60418910,59754,88.85,870.10,68.95,0.434,4.253,0.337,banana,fresh
60419920,59755,88.90,870.00,68.95,0.435,4.252,0.337,banana,fresh
60420932,59756,88.75,870.10,69.00,0.434,4.253,0.337,banana,fresh
60421943,59757,88.85,870.10,68.85,0.434,4.253,0.337,banana,fresh
60422955,59758,88.85,870.10,68.85,0.434,4.253,0.337,banana,fresh
60423965,59759,88.85,870.20,69.00,0.434,4.253,0.337,banana,fresh
60424977,59760,88.75,870.05,68.95,0.434,4.252,0.337,banana,fresh
60425988,59761,88.80,870.15,68.90,0.434,4.253,0.337,banana,fresh
60426999,59762,88.95,870.15,68.85,0.435,4.253,0.337,banana,fresh
60428010,59763,88.90,870.10,69.00,0.435,4.253,0.337,banana,fresh
60429021,59764,88.95,870.05,68.85,0.435,4.252,0.337,banana,fresh
60430032,59765,88.90,870.05,68.90,0.435,4.252,0.337,banana,fresh
60431043,59766,88.80,870.00,68.95,0.434,4.252,0.337,banana,fresh
60432055,59767,88.75,870.00,68.85,0.434,4.252,0.337,banana,fresh
60433065,59768,88.85,870.00,69.00,0.434,4.252,0.337,banana,fresh
60434077,59769,88.85,870.10,69.00,0.434,4.253,0.337,banana,fresh
60435088,59770,88.95,870.05,68.95,0.435,4.252,0.337,banana,fresh
60436099,59771,88.85,870.15,68.90,0.434,4.253,0.337,banana,fresh
60437110,59772,88.85,870.10,68.85,0.434,4.253,0.337,banana,fresh
60438121,59773,88.85,870.00,68.90,0.434,4.252,0.337,banana,fresh
60439133,59774,88.70,870.05,69.00,0.434,4.252,0.337,banana,fresh
60440143,59775,88.90,870.10,68.95,0.435,4.253,0.337,banana,fresh
60441155,59776,88.70,870.05,68.95,0.434,4.252,0.337,banana,fresh
60442166,59777,88.95,870.10,68.85,0.435,4.253,0.337,banana,fresh
60443176,59778,88.80,870.10,69.00,0.434,4.253,0.337,banana,fresh
60444188,59779,88.95,870.10,68.90,0.435,4.253,0.337,banana,fresh
60445199,59780,88.90,870.05,68.90,0.435,4.252,0.337,banana,fresh
60446211,59781,88.90,870.15,68.60,0.435,4.253,0.335,banana,fresh
60447221,59782,88.70,870.10,68.90,0.434,4.253,0.337,banana,fresh
60448233,59783,88.90,870.10,68.95,0.435,4.253,0.337,banana,fresh
60449244,59784,88.95,870.10,68.80,0.435,4.253,0.336,banana,fresh
60450255,59785,88.85,870.10,68.85,0.434,4.253,0.337,banana,fresh
60451266,59786,88.90,870.00,68.95,0.435,4.252,0.337,banana,fresh
60452277,59787,88.85,870.05,68.95,0.434,4.252,0.337,banana,fresh
60453288,59788,88.95,870.10,68.90,0.435,4.253,0.337,banana,fresh
60454299,59789,88.75,870.00,68.95,0.434,4.252,0.337,banana,fresh
60455311,59790,88.90,870.20,68.90,0.435,4.253,0.337,banana,fresh
60456322,59791,88.95,870.20,68.95,0.435,4.253,0.337,banana,fresh
60457333,59792,89.00,870.20,68.95,0.435,4.253,0.337,banana,fresh
60458344,59793,88.75,870.15,68.90,0.434,4.253,0.337,banana,fresh
60459355,59794,88.80,870.10,68.95,0.434,4.253,0.337,banana,fresh
60460366,59795,88.75,870.10,68.95,0.434,4.253,0.337,banana,fresh
60461377,59796,88.90,870.10,69.00,0.435,4.253,0.337,banana,fresh
60462389,59797,88.80,870.10,68.90,0.434,4.253,0.337,banana,fresh
60463399,59798,88.80,870.15,68.90,0.434,4.253,0.337,banana,fresh
60464411,59799,88.90,870.10,68.80,0.435,4.253,0.336,banana,fresh
60465422,59800,88.75,870.15,68.85,0.434,4.253,0.337,banana,fresh
60466434,59801,88.75,870.10,68.95,0.434,4.253,0.337,banana,fresh
60467444,59802,88.90,870.05,68.95,0.435,4.252,0.337,banana,fresh
60468455,59803,88.95,870.00,68.90,0.435,4.252,0.337,banana,fresh
60469467,59804,88.95,870.05,68.95,0.435,4.252,0.337,banana,fresh
60470477,59805,88.75,870.00,68.95,0.434,4.252,0.337,banana,fresh
60471489,59806,88.80,870.05,68.90,0.434,4.252,0.337,banana,fresh
60472500,59807,88.75,870.05,68.90,0.434,4.252,0.337,banana,fresh
60473511,59808,88.85,870.00,68.95,0.434,4.252,0.337,banana,fresh
60474522,59809,88.85,870.00,68.85,0.434,4.252,0.337,banana,fresh
60475533,59810,88.85,870.15,68.95,0.434,4.253,0.337,banana,fresh
60476545,59811,88.90,870.05,68.95,0.435,4.252,0.337,banana,fresh
60477555,59812,88.90,870.10,69.00,0.435,4.253,0.337,banana,fresh
60478567,59813,88.75,870.05,68.95,0.434,4.252,0.337,banana,fresh
60479578,59814,88.75,870.10,68.80,0.434,4.253,0.336,banana,fresh
60480589,59815,88.85,870.05,68.90,0.434,4.252,0.337,banana,fresh
60481600,59816,88.80,870.15,68.95,0.434,4.253,0.337,banana,fresh
60482612,59817,88.85,870.15,68.85,0.434,4.253,0.337,banana,fresh
60483622,59818,88.85,870.00,68.80,0.434,4.252,0.336,banana,fresh
60484633,59819,88.90,870.00,68.85,0.435,4.252,0.337,banana,fresh
60485645,59820,88.85,870.10,68.80,0.434,4.253,0.336,banana,fresh
60486656,59821,88.90,870.10,68.85,0.435,4.253,0.337,banana,fresh
60487667,59822,88.75,870.10,68.90,0.434,4.253,0.337,banana,fresh
60488678,59823,88.75,870.00,68.95,0.434,4.252,0.337,banana,fresh
60489690,59824,88.95,870.05,69.00,0.435,4.252,0.337,banana,fresh
60490700,59825,88.85,870.00,68.95,0.434,4.252,0.337,banana,fresh
60491711,59826,88.75,870.10,69.00,0.434,4.253,0.337,banana,fresh
60492723,59827,88.60,870.05,68.95,0.433,4.252,0.337,banana,fresh
60493733,59828,88.80,870.00,68.90,0.434,4.252,0.337,banana,fresh
60494745,59829,88.90,870.15,68.90,0.435,4.253,0.337,banana,fresh
60495756,59830,88.90,870.10,68.90,0.435,4.253,0.337,banana,fresh
60496768,59831,88.80,870.05,69.00,0.434,4.252,0.337,banana,fresh
60497778,59832,88.85,870.10,68.90,0.434,4.253,0.337,banana,fresh
60498790,59833,88.85,870.05,68.95,0.434,4.252,0.337,banana,fresh
60499801,59834,88.85,870.00,68.85,0.434,4.252,0.337,banana,fresh
60500811,59835,88.65,870.05,68.95,0.433,4.252,0.337,banana,fresh
60501823,59836,88.95,870.05,68.90,0.435,4.252,0.337,banana,fresh
60502834,59837,88.75,870.05,68.90,0.434,4.252,0.337,banana,fresh
60503845,59838,88.85,870.05,68.95,0.434,4.252,0.337,banana,fresh
60504856,59839,88.85,870.05,68.95,0.434,4.252,0.337,banana,fresh
60505868,59840,88.85,870.00,69.00,0.434,4.252,0.337,banana,fresh
60506878,59841,88.80,870.10,68.90,0.434,4.253,0.337,banana,fresh
60507889,59842,88.80,870.00,68.90,0.434,4.252,0.337,banana,fresh
60508901,59843,88.90,870.15,68.95,0.435,4.253,0.337,banana,fresh
60509912,59844,88.95,870.05,69.00,0.435,4.252,0.337,banana,fresh
60510923,59845,88.75,870.10,68.85,0.434,4.253,0.337,banana,fresh
60511934,59846,88.85,870.00,68.95,0.434,4.252,0.337,banana,fresh
60512946,59847,88.80,870.05,68.95,0.434,4.252,0.337,banana,fresh
60513956,59848,88.65,870.05,68.85,0.433,4.252,0.337,banana,fresh
60514968,59849,88.85,870.05,68.95,0.434,4.252,0.337,banana,fresh
60515979,59850,88.80,870.10,68.90,0.434,4.253,0.337,banana,fresh
60516989,59851,88.90,870.15,68.90,0.435,4.253,0.337,banana,fresh
60518001,59852,88.90,870.00,68.95,0.435,4.252,0.337,banana,fresh
60519012,59853,88.75,870.10,68.95,0.434,4.253,0.337,banana,fresh
60520024,59854,89.00,870.00,69.00,0.435,4.252,0.337,banana,fresh
60521034,59855,88.80,870.05,68.95,0.434,4.252,0.337,banana,fresh
60522046,59856,88.95,870.00,68.90,0.435,4.252,0.337,banana,fresh
60523057,59857,88.80,870.05,68.90,0.434,4.252,0.337,banana,fresh
60524067,59858,88.90,870.05,69.00,0.435,4.252,0.337,banana,fresh
60525079,59859,88.90,870.05,69.00,0.435,4.252,0.337,banana,fresh
60526090,59860,88.80,870.05,69.00,0.434,4.252,0.337,banana,fresh
60527101,59861,88.85,870.00,69.00,0.434,4.252,0.337,banana,fresh
60528112,59862,88.65,870.00,68.85,0.433,4.252,0.337,banana,fresh
60529124,59863,88.80,870.05,68.80,0.434,4.252,0.336,banana,fresh
60530135,59864,88.80,870.10,68.85,0.434,4.253,0.337,banana,fresh
60531146,59865,88.90,870.10,68.80,0.435,4.253,0.336,banana,fresh
60532157,59866,88.95,870.00,68.90,0.435,4.252,0.337,banana,fresh
60533168,59867,88.80,870.05,68.95,0.434,4.252,0.337,banana,fresh
60534179,59868,88.80,870.00,68.90,0.434,4.252,0.337,banana,fresh
60535190,59869,88.80,870.05,69.00,0.434,4.252,0.337,banana,fresh
60536202,59870,88.80,870.10,69.00,0.434,4.253,0.337,banana,fresh
60537212,59871,88.85,870.15,68.90,0.434,4.253,0.337,banana,fresh
60538224,59872,88.85,870.15,68.95,0.434,4.253,0.337,banana,fresh
60539235,59873,89.00,870.10,68.85,0.435,4.253,0.337,banana,fresh
60540246,59874,88.75,870.00,69.00,0.434,4.252,0.337,banana,fresh
60541257,59875,88.80,870.05,68.95,0.434,4.252,0.337,banana,fresh
60542268,59876,88.55,870.05,68.90,0.433,4.252,0.337,banana,fresh
60543280,59877,88.90,870.05,68.90,0.435,4.252,0.337,banana,fresh
60544290,59878,88.70,870.05,68.85,0.434,4.252,0.337,banana,fresh
60545302,59879,88.75,870.05,68.90,0.434,4.252,0.337,banana,fresh
60546313,59880,88.90,870.00,68.75,0.435,4.252,0.336,banana,fresh
60547323,59881,88.90,870.05,68.85,0.435,4.252,0.337,banana,fresh
60548335,59882,88.90,870.00,69.00,0.435,4.252,0.337,banana,fresh
60549346,59883,88.80,870.05,68.90,0.434,4.252,0.337,banana,fresh
60550358,59884,88.90,870.15,69.00,0.435,4.253,0.337,banana,fresh
60551368,59885,88.70,870.00,68.90,0.434,4.252,0.337,banana,fresh
60552380,59886,88.75,870.10,68.85,0.434,4.253,0.337,banana,fresh
60553391,59887,88.85,870.05,68.80,0.434,4.252,0.336,banana,fresh
60554402,59888,88.80,870.00,68.80,0.434,4.252,0.336,banana,fresh
60555413,59889,88.75,870.00,68.80,0.434,4.252,0.336,banana,fresh
60556424,59890,88.95,870.00,68.90,0.435,4.252,0.337,banana,fresh
60557435,59891,88.75,870.05,68.90,0.434,4.252,0.337,banana,fresh
60558446,59892,88.75,870.00,69.00,0.434,4.252,0.337,banana,fresh
60559458,59893,88.90,870.05,68.90,0.435,4.252,0.337,banana,fresh
60560468,59894,88.90,870.00,68.95,0.435,4.252,0.337,banana,fresh
60561480,59895,88.90,870.05,68.85,0.435,4.252,0.337,banana,fresh
60562491,59896,88.70,870.10,68.85,0.434,4.253,0.337,banana,fresh
60563502,59897,88.85,870.05,68.95,0.434,4.252,0.337,banana,fresh
60564513,59898,88.85,870.00,68.85,0.434,4.252,0.337,banana,fresh
60565524,59899,88.95,870.05,68.95,0.435,4.252,0.337,banana,fresh
60566536,59900,88.80,870.00,68.90,0.434,4.252,0.337,banana,fresh
60567546,59901,88.80,870.05,68.95,0.434,4.252,0.337,banana,fresh
60568558,59902,88.80,870.00,68.95,0.434,4.252,0.337,banana,fresh
60569569,59903,88.85,870.00,68.95,0.434,4.252,0.337,banana,fresh
60570579,59904,88.80,870.05,68.95,0.434,4.252,0.337,banana,fresh
60571591,59905,88.85,870.00,68.90,0.434,4.252,0.337,banana,fresh
60572602,59906,88.90,870.05,68.90,0.435,4.252,0.337,banana,fresh
60573614,59907,88.85,870.05,68.95,0.434,4.252,0.337,banana,fresh
60574624,59908,88.75,870.00,68.85,0.434,4.252,0.337,banana,fresh
60575636,59909,88.70,870.05,68.85,0.434,4.252,0.337,banana,fresh
60576647,59910,88.80,870.00,68.95,0.434,4.252,0.337,banana,fresh
60577658,59911,88.60,870.05,68.80,0.433,4.252,0.336,banana,fresh
60578669,59912,88.90,870.05,68.95,0.435,4.252,0.337,banana,fresh
60579680,59913,88.95,870.00,68.85,0.435,4.252,0.337,banana,fresh
60580691,59914,88.55,870.00,69.00,0.433,4.252,0.337,banana,fresh
60581702,59915,88.75,870.00,68.85,0.434,4.252,0.337,banana,fresh
60582714,59916,88.85,870.00,68.95,0.434,4.252,0.337,banana,fresh
60583725,59917,88.85,870.00,68.90,0.434,4.252,0.337,banana,fresh
60584736,59918,88.90,870.00,68.95,0.435,4.252,0.337,banana,fresh
60585747,59919,88.70,870.00,69.00,0.434,4.252,0.337,banana,fresh
60586758,59920,88.80,870.00,68.95,0.434,4.252,0.337,banana,fresh
60587769,59921,88.90,870.00,69.00,0.435,4.252,0.337,banana,fresh
60588780,59922,88.75,870.00,68.85,0.434,4.252,0.337,banana,fresh
60589792,59923,88.85,870.05,68.75,0.434,4.252,0.336,banana,fresh
60590802,59924,88.90,870.05,68.85,0.435,4.252,0.337,banana,fresh
60591814,59925,88.80,870.00,68.80,0.434,4.252,0.336,banana,fresh
60592825,59926,88.80,870.00,68.85,0.434,4.252,0.337,banana,fresh
60593836,59927,88.65,870.00,68.95,0.433,4.252,0.337,banana,fresh
60594847,59928,88.75,870.00,68.85,0.434,4.252,0.337,banana,fresh
60595858,59929,88.75,870.00,68.95,0.434,4.252,0.337,banana,fresh
60596870,59930,88.75,870.00,68.95,0.434,4.252,0.337,banana,fresh
60597880,59931,88.70,870.00,68.85,0.434,4.252,0.337,banana,fresh
60598892,59932,88.70,870.05,68.85,0.434,4.252,0.337,banana,fresh
60599903,59933,88.85,870.00,68.90,0.434,4.252,0.337,banana,fresh
60600914,59934,88.75,870.00,68.95,0.434,4.252,0.337,banana,fresh
60601925,59935,88.90,870.00,68.80,0.435,4.252,0.336,banana,fresh
60602936,59936,88.80,870.05,68.75,0.434,4.252,0.336,banana,fresh
60603948,59937,88.95,870.05,68.80,0.435,4.252,0.336,banana,fresh
60604958,59938,88.80,870.00,68.95,0.434,4.252,0.337,banana,fresh
60605970,59939,88.85,870.05,69.00,0.434,4.252,0.337,banana,fresh
60606981,59940,88.70,870.00,68.90,0.434,4.252,0.337,banana,fresh
60607992,59941,88.90,870.00,68.95,0.435,4.252,0.337,banana,fresh
60609003,59942,88.90,870.00,68.85,0.435,4.252,0.337,banana,fresh
60610014,59943,88.80,870.00,68.90,0.434,4.252,0.337,banana,fresh
60611025,59944,88.80,870.00,68.75,0.434,4.252,0.336,banana,fresh
60612036,59945,88.95,870.10,68.90,0.435,4.253,0.337,banana,fresh
60613048,59946,88.85,870.00,68.90,0.434,4.252,0.337,banana,fresh
60614059,59947,88.70,870.10,69.00,0.434,4.253,0.337,banana,fresh
60615070,59948,88.75,870.00,68.95,0.434,4.252,0.337,banana,fresh
60616081,59949,88.90,870.00,68.90,0.435,4.252,0.337,banana,fresh
60617093,59950,88.70,870.05,68.95,0.434,4.252,0.337,banana,fresh
60618103,59951,88.65,870.00,68.90,0.433,4.252,0.337,banana,fresh
60619114,59952,88.70,870.00,68.90,0.434,4.252,0.337,banana,fresh
60620126,59953,88.80,870.00,68.75,0.434,4.252,0.336,banana,fresh
60621136,59954,88.75,870.05,69.00,0.434,4.252,0.337,banana,fresh
60622148,59955,88.65,870.00,68.90,0.433,4.252,0.337,banana,fresh
60623159,59956,88.70,870.00,68.75,0.434,4.252,0.336,banana,fresh
60624171,59957,88.75,870.00,68.80,0.434,4.252,0.336,banana,fresh
60625181,59958,88.70,870.00,68.80,0.434,4.252,0.336,banana,fresh
60626192,59959,88.90,870.00,68.85,0.435,4.252,0.337,banana,fresh
60627204,59960,88.70,870.05,68.85,0.434,4.252,0.337,banana,fresh
60628214,59961,88.80,870.00,68.90,0.434,4.252,0.337,banana,fresh
60629226,59962,88.85,870.00,68.85,0.434,4.252,0.337,banana,fresh
60630237,59963,88.90,870.00,68.95,0.435,4.252,0.337,banana,fresh
60631248,59964,88.80,870.00,68.90,0.434,4.252,0.337,banana,fresh
60632259,59965,88.90,870.00,68.85,0.435,4.252,0.337,banana,fresh
60633270,59966,88.90,870.00,68.80,0.435,4.252,0.336,banana,fresh
60634281,59967,88.75,870.00,68.85,0.434,4.252,0.337,banana,fresh
60635292,59968,88.90,870.00,68.90,0.435,4.252,0.337,banana,fresh
60636304,59969,88.90,870.00,68.95,0.435,4.252,0.337,banana,fresh
60637315,59970,88.85,870.00,68.90,0.434,4.252,0.337,banana,fresh
60638326,59971,88.75,870.00,68.90,0.434,4.252,0.337,banana,fresh
60639337,59972,88.85,870.00,68.90,0.434,4.252,0.337,banana,fresh
60640348,59973,88.95,870.00,68.85,0.435,4.252,0.337,banana,fresh
60641359,59974,88.85,870.00,68.90,0.434,4.252,0.337,banana,fresh
60642370,59975,88.80,870.00,68.85,0.434,4.252,0.337,banana,fresh
60643382,59976,88.80,870.05,68.75,0.434,4.252,0.336,banana,fresh
60644392,59977,88.80,870.00,68.85,0.434,4.252,0.337,banana,fresh
60645404,59978,88.70,870.05,68.75,0.434,4.252,0.336,banana,fresh
60646415,59979,88.75,870.00,68.85,0.434,4.252,0.337,banana,fresh
60647427,59980,88.85,870.00,68.80,0.434,4.252,0.336,banana,fresh
60648437,59981,88.90,870.05,68.95,0.435,4.252,0.337,banana,fresh
60649448,59982,88.95,870.05,68.95,0.435,4.252,0.337,banana,fresh
60650460,59983,88.75,870.00,68.85,0.434,4.252,0.337,banana,fresh
60651470,59984,88.80,870.05,68.80,0.434,4.252,0.336,banana,fresh
60652482,59985,88.70,870.00,68.80,0.434,4.252,0.336,banana,fresh
60653493,59986,88.75,870.05,68.80,0.434,4.252,0.336,banana,fresh
60654504,59987,88.75,870.00,68.80,0.434,4.252,0.336,banana,fresh
60655515,59988,88.70,870.05,68.85,0.434,4.252,0.337,banana,fresh
60656526,59989,88.80,870.00,68.75,0.434,4.252,0.336,banana,fresh
60657538,59990,88.75,870.00,68.85,0.434,4.252,0.337,banana,fresh
60658548,59991,88.70,870.05,68.80,0.434,4.252,0.336,banana,fresh
60659560,59992,88.90,870.00,68.75,0.435,4.252,0.336,banana,fresh
60660571,59993,88.85,870.00,68.75,0.434,4.252,0.336,banana,fresh
60661582,59994,88.65,870.00,68.80,0.433,4.252,0.336,banana,fresh
60662593,59995,88.80,870.00,68.95,0.434,4.252,0.337,banana,fresh
60663605,59996,88.80,870.00,68.95,0.434,4.252,0.337,banana,fresh
60664615,59997,88.95,870.00,68.90,0.435,4.252,0.337,banana,fresh
60665626,59998,88.65,870.05,68.90,0.433,4.252,0.337,banana,fresh
60666638,59999,88.75,870.00,68.75,0.434,4.252,0.336,banana,fresh
60667649,60000,88.75,870.05,68.90,0.434,4.252,0.337,banana,fresh
60668660,60001,88.75,870.00,68.75,0.434,4.252,0.336,banana,fresh
60669671,60002,88.65,870.00,68.80,0.433,4.252,0.336,banana,fresh
60670683,60003,88.90,870.00,68.85,0.435,4.252,0.337,banana,fresh
60671693,60004,88.90,870.05,68.75,0.435,4.252,0.336,banana,fresh
60672704,60005,88.75,870.00,68.90,0.434,4.252,0.337,banana,fresh
60673716,60006,88.70,870.05,68.85,0.434,4.252,0.337,banana,fresh
60674726,60007,88.75,870.00,68.90,0.434,4.252,0.337,banana,fresh
60675738,60008,88.75,870.00,68.90,0.434,4.252,0.337,banana,fresh
60676749,60009,88.75,870.05,68.70,0.434,4.252,0.336,banana,fresh
60677761,60010,88.80,870.05,68.85,0.434,4.252,0.337,banana,fresh
60678771,60011,88.75,870.10,68.90,0.434,4.253,0.337,banana,fresh
60679783,60012,88.70,870.05,68.80,0.434,4.252,0.336,banana,fresh
60680794,60013,88.90,870.00,68.80,0.435,4.252,0.336,banana,fresh
60681804,60014,88.70,870.00,68.80,0.434,4.252,0.336,banana,fresh
60682816,60015,88.70,870.00,68.85,0.434,4.252,0.337,banana,fresh
60683827,60016,88.70,870.00,68.85,0.434,4.252,0.337,banana,fresh
60684838,60017,88.90,870.00,68.85,0.435,4.252,0.337,banana,fresh
60685849,60018,88.60,870.00,68.75,0.433,4.252,0.336,banana,fresh
60686861,60019,88.80,870.05,68.90,0.434,4.252,0.337,banana,fresh
60687872,60020,88.80,870.00,68.75,0.434,4.252,0.336,banana,fresh
60688882,60021,88.60,870.00,68.85,0.433,4.252,0.337,banana,fresh
60689894,60022,88.70,870.00,68.60,0.434,4.252,0.335,banana,fresh
60690905,60023,88.70,870.00,68.85,0.434,4.252,0.337,banana,fresh
60691916,60024,88.45,870.00,68.95,0.432,4.252,0.337,banana,fresh
60692927,60025,88.80,870.10,68.55,0.434,4.253,0.335,banana,fresh
60693939,60026,88.65,870.00,68.75,0.433,4.252,0.336,banana,fresh
60694949,60027,88.75,870.00,68.85,0.434,4.252,0.337,banana,fresh
60695960,60028,88.65,870.00,68.90,0.433,4.252,0.337,banana,fresh
60696972,60029,88.85,870.00,68.85,0.434,4.252,0.337,banana,fresh
60697982,60030,88.90,870.05,68.90,0.435,4.252,0.337,banana,fresh
60698994,60031,88.60,870.00,68.85,0.433,4.252,0.337,banana,fresh
60700005,60032,88.75,870.00,68.80,0.434,4.252,0.336,banana,fresh
60701017,60033,88.70,870.05,68.85,0.434,4.252,0.337,banana,fresh
60702027,60034,88.65,870.00,68.70,0.433,4.252,0.336,banana,fresh
60703038,60035,88.65,870.00,68.65,0.433,4.252,0.336,banana,fresh
60704050,60036,88.70,870.00,68.70,0.434,4.252,0.336,banana,fresh
60705060,60037,88.70,870.00,68.95,0.434,4.252,0.337,banana,fresh
60706072,60038,88.70,870.00,68.95,0.434,4.252,0.337,banana,fresh
60707083,60039,88.80,870.00,68.70,0.434,4.252,0.336,banana,fresh
60708094,60040,88.70,870.00,68.85,0.434,4.252,0.337,banana,fresh
60709105,60041,88.75,870.05,68.85,0.434,4.252,0.337,banana,fresh
60710117,60042,88.85,870.00,68.85,0.434,4.252,0.337,banana,fresh
60711128,60043,88.80,870.00,68.85,0.434,4.252,0.337,banana,fresh
60712138,60044,88.85,870.00,68.90,0.434,4.252,0.337,banana,fresh
60713150,60045,88.75,870.00,68.80,0.434,4.252,0.336,banana,fresh
60714161,60046,88.75,870.00,68.85,0.434,4.252,0.337,banana,fresh
60715172,60047,88.65,870.00,68.85,0.433,4.252,0.337,banana,fresh
60716183,60048,88.70,870.00,68.85,0.434,4.252,0.337,banana,fresh
60717195,60049,88.75,870.00,68.90,0.434,4.252,0.337,banana,fresh
60718205,60050,88.90,870.05,68.70,0.435,4.252,0.336,banana,fresh
60719216,60051,88.60,870.00,68.85,0.433,4.252,0.337,banana,fresh
60720228,60052,88.70,870.00,68.90,0.434,4.252,0.337,banana,fresh
60721239,60053,88.80,870.00,68.90,0.434,4.252,0.337,banana,fresh
60722250,60054,88.85,870.00,68.85,0.434,4.252,0.337,banana,fresh
60723261,60055,88.65,870.00,68.70,0.433,4.252,0.336,banana,fresh
60724273,60056,88.60,870.00,68.95,0.433,4.252,0.337,banana,fresh
60725283,60057,88.85,870.00,68.80,0.434,4.252,0.336,banana,fresh
60726295,60058,88.75,870.00,68.80,0.434,4.252,0.336,banana,fresh
60727306,60059,88.75,870.00,68.95,0.434,4.252,0.337,banana,fresh
60728316,60060,88.75,870.00,68.90,0.434,4.252,0.337,banana,fresh
60729328,60061,88.80,870.00,68.90,0.434,4.252,0.337,banana,fresh
60730339,60062,88.55,870.00,68.85,0.433,4.252,0.337,banana,fresh
60731351,60063,88.55,870.00,68.85,0.433,4.252,0.337,banana,fresh
60732361,60064,88.85,870.00,68.90,0.434,4.252,0.337,banana,fresh
60733373,60065,88.65,870.00,68.95,0.433,4.252,0.337,banana,fresh
60734384,60066,88.55,870.10,68.85,0.433,4.253,0.337,banana,fresh
60735394,60067,88.75,870.00,68.65,0.434,4.252,0.336,banana,fresh
60736406,60068,88.85,870.00,68.85,0.434,4.252,0.337,banana,fresh
60737417,60069,88.75,870.00,68.75,0.434,4.252,0.336,banana,fresh
60738428,60070,88.70,870.00,68.75,0.434,4.252,0.336,banana,fresh
60739439,60071,88.55,870.00,68.85,0.433,4.252,0.337,banana,fresh
60740451,60072,88.65,870.00,68.85,0.433,4.252,0.337,banana,fresh
60741462,60073,88.75,870.00,68.85,0.434,4.252,0.337,banana,fresh
60742473,60074,88.80,870.00,68.95,0.434,4.252,0.337,banana,fresh
60743484,60075,88.60,870.00,68.85,0.433,4.252,0.337,banana,fresh
60744495,60076,88.70,870.00,68.90,0.434,4.252,0.337,banana,fresh
60745506,60077,88.70,870.00,68.65,0.434,4.252,0.336,banana,fresh
60746517,60078,88.80,870.00,68.80,0.434,4.252,0.336,banana,fresh
60747529,60079,88.80,870.00,68.95,0.434,4.252,0.337,banana,fresh
60748539,60080,88.75,870.00,68.85,0.434,4.252,0.337,banana,fresh
60749551,60081,88.65,869.95,68.80,0.433,4.252,0.336,banana,fresh
60750562,60082,88.75,870.00,68.80,0.434,4.252,0.336,banana,fresh
60751572,60083,88.80,870.00,68.70,0.434,4.252,0.336,banana,fresh
60752584,60084,88.70,870.00,68.80,0.434,4.252,0.336,banana,fresh
60753595,60085,88.85,870.00,68.75,0.434,4.252,0.336,banana,fresh
60754607,60086,88.75,870.00,68.90,0.434,4.252,0.337,banana,fresh
60755617,60087,88.70,870.00,68.70,0.434,4.252,0.336,banana,fresh
60756629,60088,88.55,870.00,68.90,0.433,4.252,0.337,banana,fresh
60757640,60089,88.95,870.00,68.90,0.435,4.252,0.337,banana,fresh
60758650,60090,88.70,870.00,68.80,0.434,4.252,0.336,banana,fresh
60759662,60091,88.75,870.00,68.90,0.434,4.252,0.337,banana,fresh
60760673,60092,88.80,870.00,68.85,0.434,4.252,0.337,banana,fresh
60761684,60093,88.80,870.05,68.75,0.434,4.252,0.336,banana,fresh
60762695,60094,88.80,870.05,68.85,0.434,4.252,0.337,banana,fresh
60763707,60095,88.80,870.00,68.80,0.434,4.252,0.336,banana,fresh
60764718,60096,88.60,870.00,68.75,0.433,4.252,0.336,banana,fresh
60765729,60097,88.65,870.00,68.65,0.433,4.252,0.336,banana,fresh
60766740,60098,88.70,870.00,68.90,0.434,4.252,0.337,banana,fresh
60767751,60099,88.50,870.00,68.90,0.433,4.252,0.337,banana,fresh
60768762,60100,88.50,870.00,68.90,0.433,4.252,0.337,banana,fresh
60769773,60101,88.75,870.00,68.75,0.434,4.252,0.336,banana,fresh
60770785,60102,88.70,870.00,68.90,0.434,4.252,0.337,banana,fresh
60771795,60103,88.60,870.00,68.65,0.433,4.252,0.336,banana,fresh
60772807,60104,88.70,870.05,68.70,0.434,4.252,0.336,banana,fresh
60773818,60105,88.65,870.00,68.90,0.433,4.252,0.337,banana,fresh
60774829,60106,88.75,870.00,68.90,0.434,4.252,0.337,banana,fresh
60775840,60107,88.80,870.00,68.75,0.434,4.252,0.336,banana,fresh
60776851,60108,88.65,870.00,68.85,0.433,4.252,0.337,banana,fresh
60777863,60109,88.60,870.00,68.75,0.433,4.252,0.336,banana,fresh
60778873,60110,88.65,870.00,68.75,0.433,4.252,0.336,banana,fresh
60779885,60111,88.60,870.00,68.70,0.433,4.252,0.336,banana,fresh
60780896,60112,88.65,870.00,68.85,0.433,4.252,0.337,banana,fresh
60781907,60113,88.85,870.00,68.80,0.434,4.252,0.336,banana,fresh
60782918,60114,88.60,870.00,68.80,0.433,4.252,0.336,banana,fresh
60783929,60115,88.60,870.00,68.70,0.433,4.252,0.336,banana,fresh
60784941,60116,88.55,870.00,68.75,0.433,4.252,0.336,banana,fresh
60785951,60117,88.65,870.00,68.85,0.433,4.252,0.337,banana,fresh
60786963,60118,88.85,870.00,68.55,0.434,4.252,0.335,banana,fresh
60787974,60119,88.85,870.00,68.70,0.434,4.252,0.336,banana,fresh
60788985,60120,88.60,870.00,68.85,0.433,4.252,0.337,banana,fresh
60789996,60121,88.55,870.00,68.75,0.433,4.252,0.336,banana,fresh
60791007,60122,88.80,870.00,68.70,0.434,4.252,0.336,banana,fresh
60792018,60123,88.65,870.00,68.90,0.433,4.252,0.337,banana,fresh
60793029,60124,88.95,870.00,68.70,0.435,4.252,0.336,banana,fresh
60794041,60125,88.85,870.00,68.65,0.434,4.252,0.336,banana,fresh
60795052,60126,88.75,870.00,68.85,0.434,4.252,0.337,banana,fresh
60796063,60127,88.65,870.00,68.55,0.433,4.252,0.335,banana,fresh
60797074,60128,88.75,870.00,68.65,0.434,4.252,0.336,banana,fresh
60798085,60129,88.60,870.05,68.65,0.433,4.252,0.336,banana,fresh
60799096,60130,88.55,869.95,68.80,0.433,4.252,0.336,banana,fresh
60800107,60131,88.75,870.00,68.80,0.434,4.252,0.336,banana,fresh
60801119,60132,88.80,870.00,68.75,0.434,4.252,0.336,banana,fresh
60802129,60133,88.70,870.00,68.75,0.434,4.252,0.336,banana,fresh
60803141,60134,88.50,870.00,68.90,0.433,4.252,0.337,banana,fresh
60804152,60135,88.60,870.00,68.75,0.433,4.252,0.336,banana,fresh
60805163,60136,88.80,870.00,68.85,0.434,4.252,0.337,banana,fresh
60806174,60137,88.70,870.00,68.70,0.434,4.252,0.336,banana,fresh
60807185,60138,88.65,869.95,68.85,0.433,4.252,0.337,banana,fresh
60808197,60139,88.60,870.00,68.85,0.433,4.252,0.337,banana,fresh
60809207,60140,88.60,870.00,68.75,0.433,4.252,0.336,banana,fresh
60810219,60141,88.50,870.00,68.70,0.433,4.252,0.336,banana,fresh
60811230,60142,88.65,870.00,68.80,0.433,4.252,0.336,banana,fresh
60812240,60143,88.75,870.00,68.90,0.434,4.252,0.337,banana,fresh
60813252,60144,88.80,870.00,68.70,0.434,4.252,0.336,banana,fresh
60814263,60145,88.60,870.00,68.75,0.433,4.252,0.336,banana,fresh
60815275,60146,88.50,870.00,68.75,0.433,4.252,0.336,banana,fresh
60816285,60147,88.80,870.00,68.75,0.434,4.252,0.336,banana,fresh
60817297,60148,88.45,870.00,68.85,0.432,4.252,0.337,banana,fresh
60818308,60149,88.75,870.05,68.65,0.434,4.252,0.336,banana,fresh
60819319,60150,88.65,870.00,68.55,0.433,4.252,0.335,banana,fresh
60820330,60151,88.65,870.00,68.65,0.433,4.252,0.336,banana,fresh
60821341,60152,88.35,870.00,68.80,0.432,4.252,0.336,banana,fresh
60822352,60153,88.60,870.00,68.65,0.433,4.252,0.336,banana,fresh
60823363,60154,88.65,870.05,68.90,0.433,4.252,0.337,banana,fresh
60824375,60155,88.90,870.00,68.80,0.435,4.252,0.336,banana,fresh
60825385,60156,88.70,870.00,68.70,0.434,4.252,0.336,banana,fresh
60826397,60157,88.65,870.00,68.65,0.433,4.252,0.336,banana,fresh
60827408,60158,88.60,870.00,68.80,0.433,4.252,0.336,banana,fresh
60828419,60159,88.75,869.95,68.75,0.434,4.252,0.336,banana,fresh
60829430,60160,88.70,870.00,68.80,0.434,4.252,0.336,banana,fresh
60830441,60161,88.50,870.00,68.85,0.433,4.252,0.337,banana,fresh
60831453,60162,88.65,870.00,68.85,0.433,4.252,0.337,banana,fresh
60832463,60163,88.60,870.00,68.70,0.433,4.252,0.336,banana,fresh
60833475,60164,88.65,870.00,68.85,0.433,4.252,0.337,banana,fresh
60834486,60165,88.65,870.00,68.75,0.433,4.252,0.336,banana,fresh
60835496,60166,88.65,870.00,68.65,0.433,4.252,0.336,banana,fresh
60836508,60167,88.65,870.05,68.65,0.433,4.252,0.336,banana,fresh
60837519,60168,88.60,869.95,68.75,0.433,4.252,0.336,banana,fresh
60838531,60169,88.65,870.00,68.80,0.433,4.252,0.336,banana,fresh
60839541,60170,88.60,870.00,68.85,0.433,4.252,0.337,banana,fresh
60840553,60171,88.65,870.00,68.85,0.433,4.252,0.337,banana,fresh
60841564,60172,88.75,870.00,68.70,0.434,4.252,0.336,banana,fresh
60842575,60173,88.65,870.00,68.90,0.433,4.252,0.337,banana,fresh
60843586,60174,88.70,870.00,68.75,0.434,4.252,0.336,banana,fresh
60844597,60175,88.70,869.90,68.70,0.434,4.252,0.336,banana,fresh
60845608,60176,88.65,870.00,68.75,0.433,4.252,0.336,banana,fresh
60846619,60177,88.75,870.00,68.65,0.434,4.252,0.336,banana,fresh
60847631,60178,88.50,870.00,68.85,0.433,4.252,0.337,banana,fresh
60848642,60179,88.80,870.00,68.85,0.434,4.252,0.337,banana,fresh
60849653,60180,88.70,870.00,68.65,0.434,4.252,0.336,banana,fresh
60850664,60181,88.60,870.00,68.65,0.433,4.252,0.336,banana,fresh
60851675,60182,88.60,870.00,68.70,0.433,4.252,0.336,banana,fresh
60852686,60183,88.65,870.00,68.60,0.433,4.252,0.335,banana,fresh
60853697,60184,88.60,870.00,68.85,0.433,4.252,0.337,banana,fresh
60854709,60185,88.70,870.00,68.80,0.434,4.252,0.336,banana,fresh
60855719,60186,88.70,870.00,68.85,0.434,4.252,0.337,banana,fresh
60856731,60187,88.65,870.00,68.80,0.433,4.252,0.336,banana,fresh
60857742,60188,88.65,870.00,68.80,0.433,4.252,0.336,banana,fresh
60858754,60189,88.55,870.00,68.65,0.433,4.252,0.336,banana,fresh
60859764,60190,88.70,870.05,68.65,0.434,4.252,0.336,banana,fresh
60860775,60191,88.80,870.00,68.80,0.434,4.252,0.336,banana,fresh
60861787,60192,88.50,870.00,68.80,0.433,4.252,0.336,banana,fresh
60862797,60193,88.60,870.00,68.90,0.433,4.252,0.337,banana,fresh
60863809,60194,88.70,869.95,68.80,0.434,4.252,0.336,banana,fresh
60864820,60195,88.65,870.00,68.75,0.433,4.252,0.336,banana,fresh
60865831,60196,88.65,870.00,68.80,0.433,4.252,0.336,banana,fresh
60866842,60197,88.60,869.95,68.60,0.433,4.252,0.335,banana,fresh
60867853,60198,88.65,870.00,68.70,0.433,4.252,0.336,banana,fresh
60868865,60199,88.70,870.00,68.70,0.434,4.252,0.336,banana,fresh
60869875,60200,88.85,870.00,68.80,0.434,4.252,0.336,banana,fresh
60870887,60201,88.70,869.95,68.80,0.434,4.252,0.336,banana,fresh
60871898,60202,88.65,870.05,68.70,0.433,4.252,0.336,banana,fresh
60872909,60203,88.60,870.00,68.85,0.433,4.252,0.337,banana,fresh
60873920,60204,88.60,869.95,68.85,0.433,4.252,0.337,banana,fresh
60874931,60205,88.75,870.00,68.85,0.434,4.252,0.337,banana,fresh
60875942,60206,88.85,869.95,68.70,0.434,4.252,0.336,banana,fresh
60876953,60207,88.80,869.95,68.85,0.434,4.252,0.337,banana,fresh
60877965,60208,88.65,870.00,68.75,0.433,4.252,0.336,banana,fresh
60878976,60209,88.65,870.00,68.70,0.433,4.252,0.336,banana,fresh
60879987,60210,88.80,870.00,68.80,0.434,4.252,0.336,banana,fresh
60880998,60211,88.75,869.95,68.75,0.434,4.252,0.336,banana,fresh
60882010,60212,88.70,870.00,68.85,0.434,4.252,0.337,banana,fresh
60883020,60213,88.80,869.95,68.65,0.434,4.252,0.336,banana,fresh
60884031,60214,88.70,870.00,68.80,0.434,4.252,0.336,banana,fresh
60885043,60215,88.70,870.00,68.80,0.434,4.252,0.336,banana,fresh
60886053,60216,88.65,870.00,68.65,0.433,4.252,0.336,banana,fresh
60887065,60217,88.50,869.95,68.70,0.433,4.252,0.336,banana,fresh
60888076,60218,88.70,870.00,68.80,0.434,4.252,0.336,banana,fresh
60889088,60219,88.70,870.00,68.90,0.434,4.252,0.337,banana,fresh
60890098,60220,88.70,869.95,68.85,0.434,4.252,0.337,banana,fresh
60891109,60221,88.65,869.95,68.80,0.433,4.252,0.336,banana,fresh
60892121,60222,88.70,870.00,68.75,0.434,4.252,0.336,banana,fresh
60893131,60223,88.70,869.95,68.85,0.434,4.252,0.337,banana,fresh
60894143,60224,88.55,870.00,68.75,0.433,4.252,0.336,banana,fresh
60895154,60225,88.80,870.00,68.80,0.434,4.252,0.336,banana,fresh
60896165,60226,88.70,870.00,68.90,0.434,4.252,0.337,banana,fresh
60897176,60227,88.90,870.00,68.70,0.435,4.252,0.336,banana,fresh
60898187,60228,88.60,870.00,68.90,0.433,4.252,0.337,banana,fresh
60899198,60229,88.60,870.00,68.95,0.433,4.252,0.337,banana,fresh
60900209,60230,88.70,870.00,69.00,0.434,4.252,0.337,banana,fresh
60901221,60231,88.65,870.00,68.80,0.433,4.252,0.336,banana,fresh
60902232,60232,88.75,870.00,68.80,0.434,4.252,0.336,banana,fresh
60903243,60233,88.85,869.85,68.70,0.434,4.251,0.336,banana,fresh
60904254,60234,88.75,870.00,68.80,0.434,4.252,0.336,banana,fresh
60905266,60235,88.55,870.00,68.75,0.433,4.252,0.336,banana,fresh
60906276,60236,88.50,869.95,68.90,0.433,4.252,0.337,banana,fresh
60907287,60237,88.60,870.00,69.00,0.433,4.252,0.337,banana,fresh
60908299,60238,88.70,869.95,68.95,0.434,4.252,0.337,banana,fresh
60909309,60239,88.60,870.00,68.90,0.433,4.252,0.337,banana,fresh
60910321,60240,88.75,870.00,68.75,0.434,4.252,0.336,banana,fresh
60911332,60241,88.65,870.00,68.85,0.433,4.252,0.337,banana,fresh
60912344,60242,88.65,870.00,68.70,0.433,4.252,0.336,banana,fresh
60913354,60243,88.80,870.00,68.65,0.434,4.252,0.336,banana,fresh
60914365,60244,88.60,870.00,68.90,0.433,4.252,0.337,banana,fresh
60915377,60245,88.75,869.95,68.80,0.434,4.252,0.336,banana,fresh
60916387,60246,88.70,870.00,68.75,0.434,4.252,0.336,banana,fresh
